20140102 1.10 1.10 1.11 1.09 126146
20140103 1.10 1.10 1.11 1.10 78676
20140106 1.10 1.09 1.10 1.09 88512
20140107 1.09 1.10 1.10 1.08 98433
20140108 1.09 1.10 1.10 1.09 57790
20140109 1.10 1.10 1.10 1.10 90995
20140110 1.10 1.10 1.10 1.09 112417
20140113 1.09 1.09 1.10 1.08 76068
20140114 1.09 1.09 1.09 1.08 91653
20140115 1.09 1.09 1.09 1.09 76768
20140116 1.09 1.09 1.09 1.09 90761
20140117 1.09 1.09 1.09 1.09 72691
20140120 1.09 1.10 1.10 1.09 112229
20140121 1.10 1.11 1.11 1.10 96412
20140122 1.11 1.13 1.13 1.11 146653
20140123 1.13 1.13 1.13 1.12 81310
20140124 1.12 1.13 1.14 1.12 110363
20140127 1.13 1.13 1.14 1.13 152087
20140128 1.13 1.14 1.14 1.13 129690
20140129 1.14 1.15 1.15 1.14 88021
20140130 1.15 1.15 1.15 1.15 121457
20140207 1.14 1.16 1.16 1.14 90879
20140210 1.16 1.19 1.19 1.16 145673
20140211 1.19 1.19 1.19 1.18 143074
20140212 1.18 1.19 1.19 1.18 126509
20140213 1.18 1.19 1.20 1.18 105363
20140214 1.18 1.19 1.19 1.18 95261
20140217 1.19 1.20 1.20 1.19 140208
20140218 1.20 1.20 1.20 1.19 101218
20140219 1.20 1.20 1.20 1.19 78014
20140220 1.20 1.19 1.20 1.19 131247
20140221 1.19 1.18 1.19 1.17 99997
20140224 1.17 1.18 1.18 1.17 111406
20140225 1.18 1.17 1.19 1.16 116113
20140226 1.17 1.17 1.17 1.15 175100
20140227 1.17 1.17 1.18 1.17 238790
20140228 1.17 1.16 1.17 1.16 325625
20140303 1.16 1.16 1.16 1.15 230409
20140304 1.16 1.16 1.17 1.15 280710
20140305 1.16 1.16 1.16 1.16 211018
20140306 1.15 1.15 1.16 1.14 189195
20140307 1.15 1.16 1.16 1.14 341591
20140310 1.15 1.13 1.15 1.13 194779
20140311 1.13 1.12 1.13 1.11 117210
20140428 1.04 1.02 1.04 1.02 334987
20140429 1.02 1.03 1.03 1.02 151963
20140430 1.03 1.04 1.04 1.03 151668
20140505 1.04 1.04 1.04 1.04 173783
20140506 1.04 1.05 1.05 1.04 201433
20140507 1.05 1.05 1.05 1.05 481787
20140508 1.05 1.04 1.05 1.04 444129
20140509 1.04 1.04 1.05 1.04 649462
