20150605 1.10 1.10 1.10 1.10 10278
20150608 1.21 1.21 1.21 1.18 69990
20150609 1.20 1.16 1.20 1.10 70056
20150610 1.15 1.13 1.15 1.12 54844
20150611 1.13 1.12 1.13 1.10 33032
20150612 1.11 1.11 1.13 1.10 32526
20150615 1.11 1.07 1.11 1.07 33258
20150616 1.07 1.02 1.08 1.00 26857
20150617 1.03 1.02 1.04 1.00 22813
20150618 1.02 0.95 1.02 0.95 22806
20150619 0.95 0.87 0.95 0.87 15451
20150623 0.87 0.92 0.92 0.85 53382
20150624 0.92 0.94 0.95 0.90 52281
20150625 0.96 0.88 0.96 0.86 39088
20150626 0.84 0.79 0.87 0.79 60474
20150629 0.80 0.76 0.83 0.71 73755
20150630 0.77 0.83 0.83 0.76 112451
20150701 0.83 0.80 0.87 0.78 81827
20150702 0.81 0.79 0.83 0.77 62937
20150703 0.81 0.76 0.83 0.72 102980
20150706 0.84 0.84 0.84 0.82 172370
20150707 0.85 0.92 0.92 0.83 143389
20150708 0.85 0.83 0.92 0.83 130935
20150709 0.75 0.87 0.91 0.75 168194
20150710 0.87 0.86 0.94 0.79 171712
20150713 0.81 0.83 0.86 0.79 143090
20150714 0.80 0.75 0.80 0.75 93815
20150715 0.74 0.71 0.74 0.67 101352
20150716 0.69 0.70 0.72 0.65 70279
20150717 0.70 0.74 0.75 0.68 51895
20150720 0.74 0.75 0.75 0.72 44270
20150721 0.70 0.73 0.75 0.69 26395
20150722 0.73 0.73 0.74 0.70 19745
20150723 0.73 0.77 0.78 0.73 83847
20150724 0.78 0.74 0.79 0.74 65753
20150727 0.71 0.67 0.75 0.67 28669
20150728 0.61 0.60 0.67 0.60 35855
20150729 0.60 0.61 0.62 0.57 33503
20150730 0.61 0.57 0.61 0.56 23983
