20140102 0.59 0.59 0.59 0.58 8932
20140103 0.58 0.58 0.58 0.58 11947
20140106 0.58 0.57 0.58 0.57 7828
20140107 0.57 0.56 0.57 0.56 9164
20140108 0.56 0.56 0.57 0.56 4804
20140109 0.56 0.55 0.56 0.55 9082
20140110 0.55 0.56 0.56 0.55 6947
20140113 0.56 0.56 0.56 0.55 4136
20140114 0.55 0.56 0.56 0.55 4161
20140115 0.55 0.55 0.55 0.55 3154
20140116 0.55 0.55 0.56 0.55 9728
20140117 0.55 0.55 0.55 0.55 1629
20140120 0.55 0.54 0.55 0.54 15339
20140121 0.54 0.54 0.55 0.54 4298
20140122 0.54 0.56 0.56 0.54 16086
20140123 0.56 0.55 0.56 0.55 3526
20140124 0.55 0.56 0.57 0.55 17265
20140127 0.56 0.56 0.57 0.55 22876
20140128 0.56 0.56 0.56 0.56 3702
20140129 0.56 0.56 0.56 0.55 2668
20140130 0.55 0.55 0.55 0.55 4551
20140207 0.55 0.55 0.55 0.54 1880
20140210 0.55 0.56 0.56 0.55 25805
20140211 0.56 0.57 0.58 0.56 14547
20140212 0.57 0.57 0.58 0.57 50180
20140213 0.58 0.57 0.58 0.57 55001
20140214 0.58 0.57 0.58 0.57 2656
20140217 0.57 0.58 0.58 0.57 2656
20140218 0.58 0.57 0.58 0.57 11067
20140219 0.57 0.58 0.58 0.57 22662
20140220 0.58 0.59 0.60 0.58 17089
20140221 0.58 0.57 0.58 0.57 7515
20140224 0.57 0.56 0.57 0.56 5967
20140225 0.57 0.55 0.57 0.55 16302
20140226 0.54 0.56 0.58 0.54 11918
20140227 0.57 0.56 0.57 0.55 19721
20140228 0.56 0.56 0.56 0.55 10512
20140303 0.55 0.56 0.56 0.55 3176
20140304 0.56 0.56 0.56 0.55 2869
20140305 0.56 0.55 0.56 0.55 5951
20140306 0.55 0.55 0.56 0.55 8661
20140307 0.56 0.56 0.57 0.55 12070
20140310 0.55 0.54 0.55 0.54 21969
20140311 0.54 0.54 0.54 0.53 2514
20140312 0.53 0.54 0.54 0.53 8336
20140313 0.54 0.54 0.55 0.54 3454
20140314 0.54 0.53 0.54 0.53 2556
20140317 0.53 0.54 0.54 0.53 3024
20140318 0.54 0.54 0.54 0.54 3164
20140319 0.54 0.54 0.54 0.53 1801
20140320 0.54 0.53 0.54 0.53 2628
20140321 0.53 0.54 0.54 0.53 10689
20140324 0.54 0.55 0.55 0.54 7418
20140325 0.55 0.54 0.55 0.54 3861
20140326 0.54 0.55 0.55 0.54 5051
20140327 0.54 0.54 0.54 0.54 4984
20140328 0.54 0.54 0.54 0.53 23146
20140331 0.54 0.54 0.54 0.54 1322
20140401 0.54 0.54 0.54 0.54 1360
20140402 0.54 0.54 0.54 0.54 2761
20140403 0.54 0.54 0.54 0.54 41911
20140404 0.54 0.54 0.54 0.54 53664
20140408 0.54 0.55 0.55 0.54 66822
20140409 0.55 0.55 0.56 0.55 4515
20140410 0.56 0.56 0.56 0.55 16462
20140411 0.56 0.56 0.57 0.55 110115
20140414 0.56 0.56 0.56 0.55 105793
20140415 0.56 0.55 0.56 0.55 2189
20140416 0.55 0.55 0.56 0.55 1864
20140417 0.55 0.55 0.55 0.55 2670
20140418 0.54 0.54 0.55 0.54 684
20140421 0.55 0.54 0.55 0.54 2942
20140422 0.54 0.54 0.54 0.54 2772
20140423 0.54 0.54 0.54 0.54 81521
20140424 0.54 0.54 0.54 0.54 1313
20140425 0.54 0.53 0.54 0.53 3067
20140428 0.53 0.53 0.54 0.53 3493
20140429 0.52 0.53 0.54 0.52 881
20140430 0.54 0.53 0.54 0.53 544
20140505 0.53 0.52 0.53 0.52 24034
20140506 0.52 0.53 0.53 0.52 5101
20140507 0.52 0.52 0.52 0.52 776
20140508 0.52 0.52 0.53 0.52 2590
20140509 0.53 0.53 0.53 0.52 93550
20140512 0.54 0.58 0.58 0.53 183030
20140513 0.57 0.56 0.58 0.55 29599
20140514 0.56 0.55 0.56 0.55 159698
20140515 0.55 0.54 0.55 0.54 5524
20140516 0.54 0.54 0.54 0.54 2113
20140519 0.54 0.54 0.54 0.53 2074
20140520 0.54 0.54 0.54 0.53 63319
20140521 0.54 0.54 0.54 0.52 156754
20140522 0.54 0.54 0.54 0.53 4058
20140523 0.53 0.54 0.54 0.53 2902
20140526 0.54 0.54 0.54 0.53 3562
20140527 0.54 0.54 0.54 0.53 4677
20140528 0.53 0.54 0.54 0.53 2754
20140529 0.54 0.54 0.54 0.53 2895
20140530 0.53 0.54 0.54 0.53 2043
20140603 0.54 0.54 0.54 0.54 56036
20140604 0.53 0.53 0.53 0.53 6286
20140605 0.53 0.53 0.53 0.53 9643
20140606 0.53 0.53 0.53 0.52 22683
20140609 0.53 0.53 0.53 0.53 2189
20140610 0.53 0.53 0.54 0.53 11618
20140611 0.53 0.53 0.53 0.53 3307
20140612 0.53 0.53 0.53 0.53 754
20140613 0.53 0.54 0.54 0.53 66118
20140616 0.53 0.54 0.54 0.53 7752
20140617 0.54 0.54 0.54 0.54 8525
20140618 0.54 0.54 0.54 0.53 17056
20140619 0.54 0.53 0.54 0.53 3540
20140620 0.53 0.53 0.53 0.53 2121
20140623 0.53 0.54 0.54 0.53 13470
20140624 0.54 0.54 0.55 0.53 11374
20140625 0.54 0.54 0.55 0.54 4557
20140626 0.54 0.54 0.55 0.54 3495
20140627 0.54 0.54 0.54 0.54 3330
20140630 0.54 0.54 0.55 0.54 5941
20140701 0.54 0.55 0.55 0.54 5470
20140702 0.55 0.55 0.55 0.54 11787
20140703 0.55 0.55 0.56 0.55 16706
20140704 0.56 0.55 0.56 0.55 3925
20140707 0.55 0.55 0.55 0.55 3539
20140708 0.54 0.55 0.55 0.54 2205
20140709 0.55 0.55 0.55 0.54 5318
20140710 0.54 0.55 0.55 0.54 6296
20140711 0.55 0.55 0.55 0.54 9731
20140714 0.55 0.56 0.56 0.55 29321
20140715 0.56 0.56 0.56 0.55 12591
20140716 0.56 0.55 0.56 0.55 1349
20140717 0.55 0.56 0.56 0.55 2713
20140718 0.55 0.56 0.56 0.55 12441
20140721 0.55 0.55 0.56 0.55 2784
20140722 0.55 0.56 0.56 0.55 17854
20140723 0.56 0.56 0.57 0.56 21040
20140724 0.56 0.58 0.58 0.56 24479
20140725 0.57 0.59 0.59 0.57 19469
20140728 0.59 0.61 0.61 0.59 49300
20140729 0.61 0.61 0.61 0.60 24180
20140730 0.60 0.60 0.61 0.60 23231
20140731 0.60 0.62 0.63 0.60 29881
20140801 0.62 0.61 0.62 0.60 46601
20140804 0.61 0.62 0.63 0.61 28652
20140805 0.62 0.63 0.64 0.62 60102
20140806 0.62 0.63 0.64 0.62 40177
20140807 0.63 0.63 0.64 0.62 31562
20140808 0.62 0.62 0.63 0.62 7832
20140811 0.63 0.63 0.64 0.62 8717
20140812 0.63 0.63 0.64 0.63 5911
20140813 0.63 0.64 0.64 0.63 9789
20140814 0.64 0.63 0.64 0.63 7607
20140815 0.62 0.63 0.63 0.62 2964
20140818 0.63 0.63 0.64 0.63 4041
20140819 0.64 0.64 0.64 0.63 11744
20140820 0.63 0.64 0.64 0.63 15618
20140821 0.63 0.64 0.64 0.63 4050
20140822 0.63 0.63 0.63 0.63 4971
20140825 0.63 0.63 0.64 0.63 12797
20140826 0.63 0.62 0.63 0.61 11216
20140827 0.62 0.62 0.63 0.62 11695
20140828 0.62 0.62 0.63 0.62 5470
20140829 0.62 0.62 0.62 0.62 11629
20140901 0.62 0.63 0.63 0.62 2814
20140902 0.63 0.64 0.64 0.63 14800
20140903 0.64 0.65 0.65 0.64 15345
20140904 0.65 0.65 0.65 0.64 6253
20140905 0.65 0.65 0.65 0.65 14236
20140909 0.65 0.65 0.67 0.65 12607
20140910 0.65 0.65 0.65 0.64 6454
20140911 0.65 0.64 0.66 0.64 1161
20140912 0.64 0.65 0.65 0.64 14043
20140915 0.65 0.66 0.66 0.65 6766
20140916 0.66 0.64 0.66 0.64 10182
20140917 0.64 0.64 0.65 0.64 4095
20140918 0.64 0.65 0.65 0.64 15291
20140919 0.65 0.65 0.66 0.64 12293
20140922 0.64 0.64 0.65 0.64 13428
20140923 0.64 0.64 0.65 0.64 12060
20140924 0.64 0.65 0.66 0.64 22776
20140925 0.66 0.65 0.66 0.65 7247
20140926 0.65 0.66 0.66 0.65 10976
20140929 0.66 0.66 0.66 0.65 7074
20140930 0.66 0.67 0.67 0.66 12279
20141008 0.66 0.66 0.67 0.66 11133
20141009 0.66 0.67 0.67 0.66 22798
20141010 0.67 0.66 0.67 0.66 4985
20141013 0.66 0.67 0.67 0.66 5591
20141014 0.67 0.67 0.67 0.66 12756
20141015 0.66 0.67 0.67 0.66 1571
20141016 0.66 0.66 0.67 0.66 4129
20141017 0.65 0.65 0.65 0.64 3703
20141020 0.65 0.66 0.66 0.65 11704
20141021 0.65 0.65 0.66 0.64 13715
20141022 0.65 0.64 0.65 0.64 2688
20141023 0.64 0.63 0.64 0.62 2678
20141024 0.63 0.63 0.63 0.63 1309
20141027 0.63 0.62 0.63 0.62 4998
20141028 0.62 0.64 0.64 0.62 5589
20141029 0.64 0.65 0.65 0.63 9491
20141030 0.64 0.65 0.65 0.64 18818
20141031 0.66 0.65 0.66 0.64 13191
20141103 0.65 0.66 0.66 0.65 5514
20141104 0.65 0.66 0.66 0.65 11747
20141105 0.66 0.65 0.66 0.65 3752
20141106 0.65 0.65 0.65 0.64 11847
20141107 0.65 0.64 0.65 0.63 5800
20141110 0.64 0.66 0.66 0.64 11971
20141111 0.67 0.65 0.67 0.65 18088
20141112 0.65 0.66 0.66 0.64 3529
20141113 0.66 0.67 0.67 0.65 32156
20141114 0.66 0.66 0.67 0.65 25831
20141117 0.66 0.65 0.66 0.64 11834
20141118 0.65 0.65 0.65 0.64 11414
20141119 0.64 0.65 0.65 0.64 3681
20141120 0.64 0.65 0.65 0.64 1918
20141121 0.65 0.65 0.65 0.64 4554
20141124 0.65 0.67 0.67 0.65 33753
20141125 0.67 0.69 0.69 0.67 35317
20141126 0.69 0.69 0.70 0.68 11259
20141127 0.68 0.69 0.71 0.68 36552
20141128 0.69 0.69 0.69 0.67 23345
20141201 0.68 0.70 0.72 0.68 73204
20141202 0.70 0.71 0.72 0.69 25261
20141203 0.71 0.75 0.76 0.71 137123
20141204 0.75 0.78 0.79 0.75 238219
20141205 0.80 0.76 0.81 0.72 232927
20141208 0.75 0.76 0.77 0.73 159063
20141209 0.76 0.72 0.80 0.72 176872
20141210 0.72 0.75 0.75 0.72 63898
20141211 0.75 0.75 0.76 0.74 47229
20141212 0.75 0.75 0.77 0.75 55557
20141215 0.76 0.75 0.76 0.74 23050
20141216 0.75 0.76 0.76 0.74 71876
20141217 0.76 0.74 0.76 0.74 73878
20141218 0.74 0.75 0.77 0.74 87016
20141219 0.75 0.78 0.78 0.75 103464
20141222 0.79 0.80 0.81 0.78 181526
20141223 0.79 0.75 0.79 0.74 124042
20141224 0.75 0.75 0.76 0.74 38289
20141225 0.74 0.76 0.76 0.74 18608
20141226 0.76 0.77 0.77 0.76 25409
20141229 0.78 0.77 0.79 0.77 81273
20141230 0.77 0.76 0.77 0.76 16614
20141231 0.77 0.77 0.78 0.76 27548
20150105 0.77 0.85 0.85 0.77 190227
20150106 0.85 0.83 0.86 0.82 201014
20150107 0.82 0.84 0.85 0.81 86309
20150108 0.84 0.82 0.84 0.82 185926
20150109 0.82 0.81 0.84 0.81 43861
20150112 0.81 0.79 0.81 0.78 234727
20150113 0.78 0.79 0.81 0.78 126635
20150114 0.79 0.77 0.80 0.77 16868
20150115 0.77 0.79 0.79 0.76 33031
20150116 0.79 0.80 0.84 0.79 53403
20150119 0.76 0.74 0.79 0.74 77914
20150120 0.75 0.76 0.76 0.74 28537
20150121 0.76 0.79 0.79 0.76 66287
20150122 0.79 0.81 0.82 0.78 59815
20150123 0.82 0.80 0.83 0.79 64056
20150126 0.80 0.81 0.81 0.79 87578
20150127 0.81 0.80 0.81 0.79 30373
20150128 0.80 0.79 0.80 0.79 44923
20150129 0.79 0.78 0.79 0.78 9466
20150130 0.78 0.78 0.79 0.77 7506
20150202 0.77 0.76 0.77 0.75 6525
20150203 0.76 0.77 0.77 0.76 22983
20150204 0.78 0.76 0.78 0.76 27559
20150205 0.78 0.75 0.78 0.75 18079
20150206 0.75 0.73 0.75 0.72 14607
20150209 0.74 0.73 0.74 0.73 2766
20150210 0.73 0.73 0.74 0.73 7464
20150211 0.74 0.73 0.74 0.73 9315
20150212 0.73 0.73 0.74 0.73 17808
20150213 0.74 0.75 0.76 0.74 15873
20150216 0.75 0.75 0.76 0.75 8613
20150217 0.75 0.76 0.76 0.75 10025
20150225 0.76 0.75 0.76 0.75 10910
20150226 0.75 0.78 0.78 0.75 25373
20150227 0.77 0.78 0.79 0.77 40846
20150302 0.78 0.79 0.80 0.78 21757
20150303 0.79 0.78 0.80 0.78 39101
20150304 0.79 0.79 0.79 0.77 10530
20150305 0.79 0.78 0.79 0.78 11398
20150306 0.78 0.79 0.80 0.78 30411
20150309 0.77 0.79 0.79 0.77 38802
20150310 0.79 0.80 0.80 0.79 18221
20150311 0.79 0.78 0.80 0.78 5934
20150312 0.79 0.80 0.80 0.79 26282
20150313 0.80 0.80 0.81 0.80 22740
20150316 0.80 0.81 0.82 0.80 28940
20150317 0.82 0.83 0.83 0.81 38397
20150318 0.83 0.85 0.85 0.81 66966
20150319 0.85 0.85 0.87 0.84 292481
20150320 0.85 0.85 0.86 0.84 37761
20150323 0.86 0.87 0.88 0.86 71617
20150324 0.88 0.87 0.89 0.85 194907
20150325 0.87 0.87 0.88 0.86 33780
20150326 0.87 0.88 0.88 0.86 47724
20150327 0.88 0.88 0.89 0.88 19003
20150330 0.88 0.90 0.91 0.87 79057
20150331 0.90 0.89 0.91 0.89 63521
20150401 0.88 0.90 0.90 0.88 26307
20150402 0.90 0.91 0.91 0.89 61553
20150403 0.91 0.92 0.92 0.89 23396
20150407 0.91 0.93 0.95 0.91 25401
20150408 0.93 0.93 0.94 0.91 40653
20150409 0.94 0.91 0.94 0.90 48554
20150410 0.91 0.93 0.93 0.90 24356
20150413 0.93 0.95 0.95 0.93 42129
20150414 0.95 0.94 0.95 0.93 28975
20150415 0.92 0.92 0.94 0.92 23975
20150416 0.93 0.95 0.96 0.92 30883
20150417 0.95 1.00 1.01 0.95 968463
20150420 1.00 1.00 1.05 0.97 8373206
20150421 0.99 1.01 1.02 0.98 1279591
20150422 1.02 1.03 1.04 1.00 1651354
20150423 1.03 1.07 1.08 1.02 1707445
20150424 1.06 1.05 1.08 1.04 1761109
20150427 1.05 1.10 1.11 1.05 872333
20150428 1.10 1.06 1.11 1.04 1705626
20150429 1.06 1.08 1.09 1.05 248494
20150430 1.09 1.06 1.09 1.06 867162
20150504 1.06 1.05 1.06 1.03 794220
20150505 1.05 1.02 1.07 1.00 540014
20150506 1.02 0.98 1.03 0.98 116218
20150507 0.99 0.97 0.99 0.96 742843
20150508 0.96 0.98 0.98 0.96 447170
20150511 0.99 1.01 1.01 0.98 286664
20150512 1.01 1.01 1.02 0.99 182436
20150513 1.00 1.01 1.03 1.00 443288
20150514 1.00 1.04 1.05 1.00 787848
20150515 1.04 1.02 1.05 1.02 735158
20150518 1.01 0.99 1.01 0.96 251775
20150519 0.96 1.01 1.02 0.93 52697
20150520 1.01 1.01 1.04 1.01 93497
20150521 1.01 1.03 1.03 1.01 327838
20150522 1.03 1.07 1.08 1.03 543727
20150525 1.06 1.09 1.10 1.04 631897
20150526 1.09 1.11 1.11 1.08 640996
20150527 1.11 1.14 1.14 1.10 864959
20150528 1.14 1.04 1.15 1.02 788566
20150529 1.03 1.05 1.07 1.00 705722
20150601 1.04 1.11 1.14 1.04 712582
20150602 1.11 1.13 1.14 1.09 725423
20150603 1.13 1.13 1.14 1.10 812024
20150604 1.13 1.16 1.16 1.08 708639
20150605 1.16 1.20 1.21 1.16 844316
20150608 1.20 1.21 1.21 1.17 779114
20150609 1.21 1.23 1.24 1.19 848251
20150610 1.22 1.22 1.24 1.19 840845
20150611 1.22 1.21 1.22 1.20 807892
20150612 1.21 1.23 1.23 1.21 782049
20150615 1.23 1.20 1.23 1.19 776637
20150616 1.20 1.15 1.20 1.14 805285
20150617 1.15 1.18 1.19 1.13 817114
20150618 1.20 1.17 1.20 1.17 799777
20150619 1.13 1.07 1.18 1.06 807214
20150623 1.07 1.08 1.09 1.02 803872
20150624 1.08 1.14 1.14 1.08 843957
20150625 1.14 1.09 1.15 1.09 784814
20150626 1.07 1.05 1.11 1.02 793113
20150629 1.03 1.01 1.09 0.99 802212
20150630 0.99 1.03 1.06 0.93 801477
20150701 1.03 0.97 1.03 0.95 808520
20150702 0.97 0.89 0.97 0.87 816506
20150703 0.86 0.82 0.89 0.81 820224
20150706 0.90 0.83 0.90 0.80 787221
20150707 0.82 0.76 0.82 0.75 754180
20150708 0.70 0.68 0.72 0.68 23072
20150709 0.68 0.75 0.75 0.64 31075
20150710 0.75 0.82 0.82 0.75 21149
20150713 0.82 0.89 0.91 0.82 149147
20150714 0.88 0.85 0.89 0.83 369479
20150715 0.84 0.79 0.84 0.78 363839
20150716 0.79 0.80 0.83 0.76 421675
20150717 0.81 0.84 0.85 0.80 392895
20150720 0.84 0.84 0.85 0.82 401742
20150721 0.83 0.83 0.85 0.82 410835
20150722 0.84 0.85 0.89 0.84 381296
20150723 0.85 0.88 0.88 0.85 416687
20150724 0.88 0.87 0.91 0.87 774397
20150727 0.86 0.79 0.87 0.79 782850
20150728 0.79 0.78 0.81 0.75 793371
20150729 0.79 0.82 0.84 0.77 776388
20150730 0.81 0.78 0.82 0.78 790752
