20150529 4.78 4.86 4.94 4.50 1482538
20150601 4.82 5.13 5.14 4.82 567111
20150602 5.13 5.30 5.31 5.10 279259
20150603 5.30 5.32 5.36 5.17 257514
20150604 5.30 5.33 5.35 5.01 305415
20150605 5.33 5.40 5.44 5.26 222955
20150608 5.36 5.18 5.36 5.16 104649
20150609 5.18 5.25 5.33 5.15 193038
20150610 5.23 5.34 5.47 5.16 168297
20150611 5.33 5.44 5.45 5.33 99460
20150612 5.45 5.54 5.60 5.45 119178
20150615 5.54 5.45 5.58 5.41 67510
20150616 5.45 5.22 5.45 5.10 66360
20150617 5.22 5.32 5.36 5.05 100183
20150618 5.30 5.17 5.38 5.10 56675
20150619 5.17 4.81 5.17 4.80 112956
20150623 4.80 4.80 4.87 4.50 99340
20150624 4.83 4.89 4.94 4.76 172806
20150625 4.90 4.82 4.96 4.80 71205
20150626 4.81 4.35 4.81 4.34 47457
20150629 4.50 4.10 4.56 3.91 60522
20150630 4.10 4.43 4.43 3.76 131719
20150701 4.20 4.00 4.41 3.99 104632
20150702 4.01 3.75 4.13 3.69 101331
20150703 3.82 3.42 3.82 3.37 519445
20150706 3.76 3.52 3.76 3.31 177509
20150707 3.54 3.16 3.54 3.16 144324
20150708 2.85 2.85 3.02 2.85 201271
20150709 2.81 3.14 3.14 2.81 74987
20150710 3.33 3.45 3.45 3.33 57652
20150713 3.79 3.79 3.79 3.59 195340
20150714 3.79 3.79 3.98 3.70 190571
20150715 3.60 3.44 3.85 3.42 131505
20150716 3.40 3.56 3.66 3.15 72681
20150717 3.56 3.79 3.85 3.56 94580
20150720 3.79 3.84 3.93 3.66 251554
20150721 3.60 3.84 3.92 3.60 72879
20150722 3.84 3.87 3.92 3.75 63267
20150723 3.89 4.09 4.09 3.89 103256
20150724 4.15 3.98 4.17 3.93 60242
20150727 3.90 3.66 3.99 3.66 58678
20150728 3.32 3.56 3.84 3.32 55731
20150729 3.61 3.79 3.80 3.45 56291
20150730 3.78 3.66 3.85 3.64 45479
