20140102 0.92 0.92 0.92 0.92 769404
20140103 0.92 0.91 0.92 0.91 89533
20140106 0.91 0.89 0.91 0.89 211435
20140107 0.88 0.89 0.89 0.88 930957
20140108 0.89 0.89 0.90 0.89 30991
20140109 0.89 0.88 0.90 0.88 36054
20140110 0.88 0.88 0.89 0.88 409051
20140113 0.88 0.87 0.88 0.87 349944
20140114 0.87 0.88 0.88 0.87 37851
20140115 0.88 0.88 0.88 0.87 130725
20140116 0.88 0.88 0.88 0.87 130910
20140117 0.88 0.87 0.88 0.87 112978
20140120 0.87 0.86 0.87 0.86 39772
20140121 0.86 0.87 0.87 0.86 25618
20140122 0.87 0.89 0.89 0.87 67001
20140123 0.89 0.89 0.89 0.88 11260
20140124 0.89 0.89 0.90 0.88 20456
20140127 0.89 0.88 0.89 0.88 10769
20140128 0.88 0.88 0.89 0.88 68473
20140129 0.88 0.88 0.89 0.88 12902
20140130 0.88 0.87 0.88 0.87 16663
20140207 0.87 0.88 0.88 0.87 17457
20140210 0.88 0.90 0.90 0.88 259575
20140211 0.90 0.91 0.91 0.90 119235
20140212 0.91 0.91 0.91 0.90 120684
20140213 0.91 0.91 0.91 0.90 252380
20140214 0.91 0.91 0.91 0.90 118942
20140217 0.92 0.92 0.92 0.91 178398
20140218 0.92 0.90 0.92 0.90 708085
20140219 0.90 0.91 0.92 0.90 747002
20140220 0.92 0.91 0.92 0.91 440736
20140221 0.91 0.90 0.91 0.89 310991
20140224 0.89 0.88 0.89 0.87 144179
20140225 0.88 0.86 0.88 0.85 412589
20140226 0.85 0.86 0.86 0.85 403073
20140227 0.86 0.86 0.86 0.86 149182
20140228 0.86 0.86 0.87 0.85 30218
20140303 0.86 0.87 0.87 0.86 50475
20140304 0.86 0.87 0.87 0.86 29688
20140305 0.87 0.86 0.87 0.86 3860
20140306 0.86 0.86 0.86 0.85 326411
20140307 0.86 0.86 0.87 0.86 223631
20140310 0.85 0.83 0.85 0.83 17233
20140311 0.83 0.84 0.84 0.83 4734
20140312 0.84 0.84 0.85 0.83 58319
20140313 0.84 0.85 0.85 0.84 19256
20140314 0.85 0.84 0.85 0.84 10674
20140317 0.84 0.85 0.85 0.84 8291
20140318 0.85 0.85 0.85 0.85 4538
20140319 0.85 0.84 0.85 0.83 82492
20140320 0.84 0.83 0.85 0.83 47157
20140321 0.83 0.86 0.86 0.83 40711
20140324 0.85 0.86 0.87 0.85 57646
20140325 0.86 0.86 0.87 0.86 21480
20140326 0.87 0.86 0.87 0.86 17531
20140327 0.86 0.86 0.87 0.85 25013
20140328 0.85 0.86 0.86 0.85 18376
20140331 0.86 0.85 0.86 0.85 3159
20140401 0.85 0.86 0.86 0.85 9456
20140402 0.86 0.86 0.87 0.86 200932
20140403 0.87 0.86 0.87 0.86 17668
20140404 0.86 0.87 0.87 0.86 5347
20140408 0.87 0.89 0.89 0.87 104193
20140409 0.89 0.89 0.89 0.89 27256
20140410 0.89 0.90 0.91 0.88 142782
20140411 0.90 0.90 0.90 0.90 123078
20140414 0.90 0.90 0.90 0.89 112716
20140415 0.90 0.89 0.90 0.88 68483
20140416 0.89 0.89 0.89 0.88 28564
20140417 0.89 0.88 0.89 0.88 21042
20140418 0.88 0.88 0.89 0.87 67701
20140421 0.88 0.87 0.89 0.87 107890
20140422 0.87 0.87 0.87 0.86 107711
20140423 0.87 0.87 0.87 0.87 73266
20140424 0.87 0.87 0.88 0.87 27833
20140425 0.87 0.86 0.87 0.86 257531
20140428 0.86 0.85 0.86 0.85 12707
20140429 0.85 0.86 0.86 0.85 9461
20140430 0.86 0.86 0.86 0.85 21776
20140505 0.86 0.85 0.86 0.85 17953
20140506 0.85 0.86 0.86 0.85 75470
20140507 0.85 0.85 0.86 0.85 7990
20140508 0.85 0.85 0.86 0.85 36045
20140509 0.85 0.85 0.85 0.85 15920
20140512 0.85 0.87 0.87 0.85 101567
20140513 0.87 0.86 0.87 0.86 11329
20140514 0.86 0.86 0.87 0.86 34351
20140515 0.86 0.85 0.86 0.85 62778
20140516 0.85 0.85 0.86 0.85 7212
20140519 0.85 0.84 0.85 0.84 22598
20140520 0.84 0.84 0.85 0.84 10821
20140521 0.84 0.85 0.85 0.83 75183
20140522 0.85 0.85 0.86 0.85 28849
20140523 0.85 0.86 0.86 0.85 15117
20140526 0.86 0.86 0.86 0.85 24857
20140527 0.86 0.86 0.86 0.86 4354
20140528 0.85 0.86 0.86 0.85 14752
20140529 0.86 0.86 0.87 0.86 11302
20140530 0.86 0.86 0.86 0.86 9292
20140603 0.86 0.86 0.86 0.85 57189
20140604 0.85 0.85 0.85 0.84 6859
20140605 0.85 0.86 0.86 0.85 18252
20140606 0.86 0.85 0.86 0.85 22255
20140609 0.85 0.85 0.86 0.85 129357
20140610 0.85 0.86 0.86 0.85 115851
20140611 0.86 0.86 0.86 0.86 21017
20140612 0.86 0.86 0.86 0.86 8852
20140613 0.86 0.87 0.87 0.86 28296
20140616 0.87 0.87 0.88 0.87 13715
20140617 0.87 0.86 0.87 0.86 2219045
20140618 0.87 0.86 0.87 0.86 8060
20140619 0.86 0.85 0.86 0.85 318986
20140620 0.85 0.85 0.85 0.85 273279
20140623 0.85 0.85 0.86 0.85 45936
20140624 0.85 0.86 0.86 0.85 27890
20140625 0.86 0.86 0.86 0.85 27049
20140626 0.86 0.86 0.86 0.86 38943
20140627 0.86 0.86 0.87 0.86 40676
20140630 0.86 0.87 0.87 0.86 87140
20140701 0.87 0.87 0.87 0.86 201628
20140702 0.87 0.87 0.87 0.86 164288
20140703 0.87 0.88 0.88 0.87 130987
20140704 0.87 0.87 0.88 0.87 120155
20140707 0.87 0.87 0.88 0.87 118754
20140708 0.87 0.87 0.87 0.87 14360
20140709 0.87 0.86 0.87 0.86 219257
20140710 0.86 0.86 0.87 0.86 27632
20140711 0.86 0.86 0.87 0.86 51479
20140714 0.87 0.88 0.88 0.87 118668
20140715 0.88 0.88 0.88 0.87 11635
20140716 0.88 0.87 0.88 0.87 131954
20140717 0.87 0.87 0.87 0.87 6794
20140718 0.87 0.87 0.88 0.87 35311
20140721 0.88 0.88 0.88 0.87 159314
20140722 0.87 0.89 0.89 0.87 303928
20140723 0.89 0.89 0.90 0.89 153353
20140724 0.89 0.91 0.91 0.89 90626
20140725 0.91 0.92 0.92 0.91 134325
20140728 0.92 0.94 0.94 0.92 151963
20140729 0.94 0.95 0.95 0.94 235132
20140730 0.95 0.94 0.95 0.94 28641
20140731 0.94 0.96 0.96 0.94 31876
20140801 0.96 0.94 0.96 0.94 48634
20140804 0.94 0.96 0.96 0.94 2432890
20140805 0.96 0.96 0.96 0.95 268677
20140806 0.96 0.96 0.96 0.94 76916
20140807 0.96 0.94 0.96 0.94 130187
20140808 0.94 0.95 0.95 0.94 25497
20140811 0.95 0.96 0.96 0.95 45714
20140812 0.96 0.96 0.96 0.95 146319
20140813 0.96 0.96 0.96 0.95 52551
20140814 0.96 0.95 0.96 0.94 219087
20140815 0.95 0.96 0.96 0.95 13282
20140818 0.96 0.96 0.96 0.96 385183
20140819 0.96 0.96 0.96 0.95 107968
20140820 0.96 0.96 0.96 0.96 4679
20140821 0.96 0.95 0.96 0.95 91563
20140822 0.95 0.96 0.96 0.95 334152
20140825 0.96 0.95 0.96 0.95 16430
20140826 0.95 0.94 0.95 0.94 74036
20140827 0.94 0.94 0.95 0.94 205751
20140828 0.94 0.94 0.95 0.94 33244
20140829 0.94 0.95 0.95 0.94 13761
20140901 0.95 0.96 0.96 0.95 88684
20140902 0.95 0.97 0.97 0.95 165103
20140903 0.97 0.98 0.98 0.97 190882
20140904 0.98 0.98 0.98 0.97 250275
20140905 0.99 0.99 1.00 0.98 316008
20140909 0.99 0.99 1.00 0.99 23456
20140910 0.99 0.99 0.99 0.98 16600
20140911 0.99 0.98 1.00 0.98 48648
20140912 0.98 0.99 0.99 0.98 346516
20140915 0.99 0.98 0.99 0.98 225238
20140916 0.99 0.97 0.99 0.97 93880
20140917 0.97 0.97 0.97 0.97 236406
20140918 0.97 0.97 0.98 0.97 111415
20140919 0.98 0.99 0.99 0.97 21505
20140922 0.98 0.96 0.98 0.96 251221
20140923 0.96 0.97 0.97 0.96 35530
20140924 0.97 0.99 0.99 0.97 61994
20140925 0.99 0.99 1.00 0.99 15851
20140926 0.99 0.99 0.99 0.98 9099
20140929 0.99 0.99 0.99 0.99 206702
20140930 0.99 1.00 1.00 0.99 27723
20141008 1.00 1.00 1.00 0.99 347848
20141009 1.00 1.00 1.01 1.00 24163
20141010 1.00 1.00 1.00 0.99 301648
20141013 1.00 0.99 1.00 0.98 174864
20141014 0.99 0.99 1.00 0.99 418870
20141015 0.99 1.00 1.00 0.99 8809
20141016 1.00 0.99 1.00 0.99 16962
20141017 0.99 0.99 1.00 0.98 8636
20141020 0.99 0.99 0.99 0.99 206321
20141021 0.99 0.99 1.00 0.99 7416
20141022 0.99 0.98 0.99 0.98 308422
20141023 0.98 0.97 0.98 0.97 67482
20141024 0.97 0.97 0.98 0.97 17169
20141027 0.97 0.96 0.97 0.96 55984
20141028 0.96 0.98 0.98 0.96 14409
20141029 0.98 0.99 1.00 0.98 25080
20141030 0.99 1.00 1.00 0.99 337943
20141031 1.00 1.02 1.02 1.00 262179
20141103 1.02 1.02 1.02 1.01 13948
20141104 1.02 1.02 1.02 1.01 471241
20141105 1.02 1.01 1.02 1.01 33555
20141106 1.02 1.01 1.02 1.01 10461
20141107 1.02 1.02 1.03 1.01 336282
20141110 1.02 1.04 1.04 1.02 57077
20141111 1.04 1.03 1.06 1.03 1147312
20141112 1.03 1.05 1.05 1.03 270727
20141113 1.06 1.05 1.06 1.04 535737
20141114 1.05 1.05 1.05 1.04 414917
20141117 1.05 1.04 1.06 1.04 230048
20141118 1.04 1.03 1.04 1.03 448496
20141119 1.03 1.03 1.03 1.03 207709
20141120 1.03 1.03 1.03 1.02 216632
20141121 1.03 1.05 1.05 1.03 181184
20141124 1.06 1.07 1.08 1.05 167208
20141125 1.07 1.09 1.09 1.07 32913
20141126 1.09 1.10 1.10 1.09 81697
20141127 1.10 1.11 1.12 1.10 317770
20141128 1.11 1.14 1.14 1.11 208954
20141201 1.14 1.14 1.15 1.13 331740
20141202 1.14 1.20 1.23 1.13 40983
20141203 1.20 1.20 1.23 1.18 95480
20141204 1.20 1.31 1.32 1.20 909903
20141205 1.32 1.27 1.35 1.21 250327
20141208 1.27 1.31 1.32 1.24 441980
20141209 1.31 1.25 1.37 1.22 399014
20141210 1.25 1.30 1.31 1.24 140204
20141211 1.30 1.29 1.31 1.28 331211
20141212 1.29 1.29 1.31 1.28 67355
20141215 1.29 1.30 1.31 1.27 530910
20141216 1.30 1.33 1.33 1.30 84047
20141217 1.33 1.36 1.36 1.32 114782
20141218 1.36 1.35 1.37 1.35 81540
20141219 1.36 1.37 1.38 1.33 243077
20141222 1.37 1.38 1.40 1.36 539436
20141223 1.37 1.34 1.39 1.24 824626
20141224 1.34 1.29 1.35 1.28 593809
20141225 1.30 1.35 1.35 1.30 59218
20141226 1.35 1.40 1.40 1.35 614030
20141229 1.44 1.40 1.54 1.39 95887
20141230 1.40 1.40 1.41 1.38 283606
20141231 1.40 1.44 1.44 1.39 131085
20150105 1.44 1.48 1.49 1.44 453266
20150106 1.48 1.47 1.49 1.45 169140
20150107 1.47 1.47 1.48 1.45 583146
20150108 1.47 1.44 1.47 1.43 499884
20150109 1.44 1.44 1.50 1.43 558025
20150112 1.42 1.43 1.46 1.40 1373277
20150113 1.43 1.42 1.44 1.41 603183
20150114 1.42 1.41 1.43 1.40 155851
20150115 1.41 1.46 1.46 1.41 184224
20150116 1.47 1.47 1.48 1.45 467133
20150119 1.36 1.33 1.41 1.32 382642
20150120 1.33 1.37 1.38 1.33 665784
20150121 1.37 1.43 1.43 1.37 1461611
20150122 1.43 1.44 1.44 1.42 215991
20150123 1.44 1.44 1.46 1.43 583646
20150126 1.44 1.45 1.45 1.43 46600
20150127 1.45 1.44 1.46 1.41 448278
20150128 1.44 1.42 1.45 1.42 507061
20150129 1.41 1.40 1.41 1.39 76066
20150130 1.41 1.39 1.42 1.39 1585480
20150202 1.36 1.35 1.38 1.35 877290
20150203 1.36 1.39 1.39 1.36 291488
20150204 1.39 1.37 1.40 1.37 281313
20150205 1.39 1.36 1.41 1.36 97580
20150206 1.36 1.34 1.36 1.33 88889
20150209 1.34 1.35 1.36 1.32 95649
20150210 1.35 1.37 1.37 1.35 164252
20150211 1.38 1.39 1.39 1.37 257832
20150212 1.39 1.39 1.39 1.38 48158
20150213 1.39 1.40 1.42 1.39 349568
20150216 1.40 1.41 1.42 1.40 190582
20150217 1.41 1.42 1.43 1.41 57346
20150225 1.42 1.40 1.42 1.40 136954
20150226 1.40 1.44 1.44 1.39 227835
20150227 1.44 1.44 1.45 1.43 286391
20150302 1.45 1.45 1.45 1.44 407899
20150303 1.45 1.42 1.45 1.41 281460
20150304 1.42 1.42 1.43 1.41 371779
20150305 1.42 1.41 1.42 1.40 94936
20150306 1.41 1.40 1.42 1.40 62746
20150309 1.39 1.43 1.44 1.38 262231
20150310 1.43 1.42 1.43 1.41 35548
20150311 1.42 1.42 1.44 1.42 60583
20150312 1.42 1.45 1.45 1.42 385383
20150313 1.45 1.46 1.46 1.45 354557
20150316 1.46 1.49 1.49 1.46 413418
20150317 1.50 1.51 1.51 1.50 604789
20150318 1.52 1.55 1.55 1.51 945184
20150319 1.55 1.54 1.55 1.54 403356
20150320 1.54 1.57 1.57 1.54 652436
20150323 1.58 1.60 1.60 1.58 582822
20150324 1.60 1.60 1.62 1.56 1003696
20150325 1.59 1.58 1.60 1.57 475499
20150326 1.58 1.59 1.61 1.57 140246
20150327 1.59 1.60 1.61 1.58 340637
20150330 1.61 1.65 1.66 1.61 268353
20150331 1.67 1.64 1.68 1.61 258110
20150401 1.63 1.66 1.67 1.63 66786
20150402 1.67 1.66 1.68 1.64 274601
20150403 1.66 1.68 1.68 1.64 163516
20150407 1.68 1.71 1.71 1.68 262492
20150408 1.71 1.72 1.73 1.69 381851
20150409 1.72 1.71 1.74 1.69 1088072
20150410 1.71 1.75 1.76 1.68 463498
20150413 1.77 1.78 1.79 1.75 281918
20150414 1.77 1.78 1.80 1.77 139643
20150415 1.77 1.76 1.80 1.76 243439
20150416 1.76 1.82 1.82 1.69 229821
20150417 1.82 1.86 2.00 1.82 392485
20150420 1.87 1.82 1.88 1.80 528479
20150421 1.81 1.85 1.85 1.81 268541
20150422 1.84 1.91 1.91 1.84 674378
20150423 1.91 1.90 1.92 1.88 123022
20150424 1.88 1.89 1.90 1.86 79723
20150427 1.89 1.94 1.94 1.89 396908
20150428 1.94 1.91 1.94 1.89 397025
20150429 1.91 1.92 1.93 1.88 267771
20150430 1.94 1.92 1.94 1.91 288775
20150504 1.91 1.93 1.93 1.84 296915
20150505 1.92 1.86 1.92 1.84 222775
20150506 1.86 1.83 1.89 1.80 259387
20150507 1.82 1.80 1.83 1.80 180970
20150508 1.81 1.83 1.84 1.79 265919
20150511 1.84 1.89 1.89 1.83 137348
20150512 1.89 1.91 1.91 1.87 87807
20150513 1.90 1.89 1.91 1.89 43884
20150514 1.89 1.89 1.91 1.88 214364
20150515 1.87 1.86 1.90 1.85 197044
20150518 1.86 1.85 1.86 1.84 93885
20150519 1.83 1.91 1.91 1.83 166954
20150520 1.91 1.92 1.96 1.91 85857
20150521 1.92 1.95 1.96 1.91 42256
20150522 1.96 2.00 2.00 1.96 218256
20150525 1.99 2.06 2.06 1.99 343405
20150526 2.07 2.10 2.10 2.05 237937
20150527 2.10 2.09 2.11 2.07 103995
20150528 2.09 2.00 2.11 1.95 379248
20150529 1.98 1.97 2.06 1.90 378010
20150601 1.95 2.06 2.06 1.95 301937
20150602 2.06 2.09 2.09 2.03 85280
20150603 2.09 2.07 2.09 2.04 37296
20150604 2.06 2.09 2.09 1.95 79459
20150605 2.09 2.12 2.15 2.06 114908
20150608 2.11 2.15 2.18 2.09 308528
20150609 2.17 2.15 2.17 2.12 249249
20150610 2.10 2.14 2.17 2.10 166175
20150611 2.13 2.14 2.15 2.12 125119
20150612 2.14 2.15 2.16 2.13 155110
20150615 2.14 2.11 2.16 2.10 238000
20150616 2.10 2.05 2.10 2.02 158196
20150617 2.04 2.08 2.09 2.00 211441
20150618 2.08 2.00 2.08 1.98 139766
20150619 1.99 1.89 1.99 1.88 86626
20150623 1.89 1.95 1.95 1.80 171016
20150624 1.95 1.99 1.99 1.92 133304
20150625 1.99 1.91 1.99 1.89 36546
20150626 1.90 1.79 1.90 1.73 114525
20150629 1.83 1.73 1.84 1.64 179021
20150630 1.72 1.82 1.82 1.64 151696
20150701 1.82 1.73 1.84 1.71 145287
20150702 1.71 1.66 1.76 1.64 142720
20150703 1.65 1.58 1.70 1.49 228409
20150706 1.74 1.68 1.74 1.56 874090
20150707 1.62 1.52 1.64 1.52 512532
20150708 1.36 1.37 1.51 1.36 679573
20150709 1.36 1.50 1.50 1.33 304361
20150710 1.56 1.65 1.65 1.56 260499
20150713 1.67 1.76 1.77 1.66 285964
20150714 1.72 1.71 1.77 1.69 666149
20150715 1.70 1.58 1.70 1.54 309936
20150716 1.54 1.62 1.66 1.54 134277
20150717 1.65 1.69 1.70 1.62 87311
20150720 1.68 1.68 1.71 1.64 92038
20150721 1.67 1.67 1.71 1.64 51293
20150722 1.66 1.68 1.68 1.66 50088
20150723 1.66 1.72 1.73 1.66 75078
20150724 1.73 1.70 1.75 1.68 67874
20150727 1.68 1.54 1.69 1.53 53449
20150728 1.54 1.53 1.58 1.48 55497
20150729 1.54 1.60 1.62 1.51 48077
20150730 1.57 1.55 1.61 1.54 323586
