20140102 1.00 1.00 1.00 1.00 1762
20140103 0.99 0.98 0.99 0.98 6668
20140106 0.98 0.96 0.98 0.96 8368
20140107 0.96 0.96 0.97 0.96 2248
20140108 0.96 0.96 0.97 0.96 3667
20140109 0.97 0.96 0.97 0.96 11233
20140110 0.96 0.95 0.96 0.95 4463
20140113 0.95 0.95 0.96 0.95 4758
20140114 0.95 0.96 0.96 0.95 1962
20140115 0.95 0.95 0.96 0.95 4477
20140116 0.95 0.95 0.96 0.95 3787
20140117 0.95 0.94 0.95 0.94 5222
20140120 0.95 0.94 0.95 0.94 2148
20140121 0.94 0.95 0.95 0.94 3063
20140122 0.95 0.97 0.97 0.95 7132
20140123 0.96 0.96 0.96 0.96 1249
20140124 0.96 0.96 0.97 0.96 3134
20140127 0.96 0.95 0.96 0.95 4087
20140128 0.95 0.95 0.95 0.95 2292
20140129 0.95 0.96 0.96 0.95 2406
20140130 0.95 0.95 0.95 0.95 11204
20140207 0.94 0.95 0.95 0.94 5537
20140210 0.95 0.97 0.97 0.95 7329
20140211 0.96 0.97 0.98 0.96 9747
20140212 0.97 0.97 0.98 0.97 8083
20140213 0.97 0.97 0.98 0.97 6509
20140214 0.97 0.97 0.97 0.97 12136
20140217 0.97 0.98 0.98 0.97 8651
20140218 0.98 0.96 0.98 0.96 6774
20140219 0.96 0.98 0.98 0.96 21987
20140220 0.98 0.97 0.99 0.97 40245
20140221 0.97 0.96 0.97 0.96 6040
20140224 0.95 0.94 0.95 0.94 6415
20140225 0.94 0.92 0.94 0.92 6256
20140226 0.93 0.93 0.93 0.92 13122
20140227 0.93 0.94 0.94 0.93 8156
20140228 0.94 0.94 0.94 0.93 21240
20140303 0.94 0.94 0.94 0.93 9044
20140304 0.94 0.94 0.94 0.93 8646
20140305 0.94 0.93 0.94 0.93 7786
20140306 0.93 0.93 0.93 0.92 7607
20140307 0.93 0.93 0.94 0.92 6523
20140310 0.93 0.90 0.93 0.90 9367
20140311 0.90 0.90 0.90 0.89 13929
20140312 0.90 0.90 0.91 0.89 8204
20140313 0.91 0.91 0.92 0.90 9393
20140314 0.91 0.91 0.91 0.90 2589
20140317 0.90 0.91 0.91 0.90 8530
20140318 0.90 0.91 0.91 0.90 1939
20140319 0.90 0.90 0.90 0.90 3573
20140320 0.90 0.90 0.91 0.90 13465
20140321 0.89 0.92 0.93 0.89 22156
20140324 0.93 0.93 0.94 0.92 14506
20140325 0.93 0.93 0.94 0.93 6817
20140326 0.93 0.93 0.94 0.93 2823
20140327 0.93 0.93 0.94 0.92 13129
20140328 0.93 0.93 0.93 0.93 26931
20140331 0.93 0.93 0.93 0.92 9261
20140401 0.93 0.93 0.93 0.93 2943
20140402 0.94 0.94 0.94 0.93 3136
20140403 0.95 0.93 0.95 0.93 5955
20140404 0.93 0.94 0.94 0.93 3724
20140408 0.94 0.96 0.96 0.94 16253
20140409 0.96 0.96 0.96 0.96 6411
20140410 0.96 0.98 0.99 0.95 41882
20140411 0.98 0.98 0.99 0.97 8849
20140414 0.98 0.98 0.98 0.97 3981
20140415 0.98 0.96 0.98 0.96 6059
20140416 0.96 0.96 0.96 0.95 24507
20140417 0.96 0.96 0.96 0.95 12251
20140418 0.95 0.95 0.95 0.94 15057
20140421 0.95 0.93 0.95 0.93 9210
20140422 0.93 0.94 0.94 0.93 4816
20140423 0.94 0.94 0.94 0.94 13764
20140424 0.94 0.94 0.95 0.94 3766
20140425 0.94 0.93 0.95 0.93 8746
20140428 0.93 0.92 0.93 0.92 6236
20140429 0.93 0.93 0.93 0.92 3496
20140430 0.93 0.93 0.93 0.93 1615
20140505 0.93 0.93 0.93 0.92 1927
20140506 0.93 0.93 0.93 0.93 4595
20140507 0.93 0.92 0.93 0.92 2669
20140508 0.92 0.92 0.94 0.92 6719
20140509 0.93 0.93 0.93 0.92 3806
20140512 0.93 0.94 0.95 0.93 10348
20140513 0.95 0.94 0.95 0.94 5223
20140514 0.94 0.94 0.95 0.94 9523
20140515 0.94 0.94 0.94 0.94 2895
20140516 0.94 0.94 0.94 0.93 3725
20140519 0.93 0.92 0.93 0.92 3909
20140520 0.92 0.92 0.93 0.92 3104
20140521 0.92 0.93 0.93 0.92 4524
20140522 0.93 0.93 0.94 0.93 16337
20140523 0.93 0.94 0.94 0.93 1458
20140526 0.94 0.94 0.94 0.94 6240
20140527 0.94 0.94 0.94 0.94 36146
20140528 0.94 0.95 0.95 0.94 23412
20140529 0.94 0.94 0.95 0.94 14412
20140530 0.94 0.94 0.94 0.94 7630
20140603 0.94 0.94 0.95 0.94 22937
20140604 0.94 0.93 0.94 0.93 134191
20140605 0.93 0.94 0.94 0.93 102808
20140606 0.95 0.94 0.95 0.93 52602
20140609 0.94 0.94 0.95 0.94 15561
20140610 0.94 0.95 0.95 0.94 31138
20140611 0.95 0.95 0.95 0.94 10385
20140612 0.94 0.95 0.95 0.94 1466
20140613 0.94 0.96 0.96 0.94 53688
20140616 0.96 0.97 0.97 0.96 13557
20140617 0.97 0.96 0.97 0.96 47420
20140618 0.96 0.95 0.96 0.95 23979
20140619 0.95 0.94 0.95 0.94 48979
20140620 0.94 0.95 0.95 0.94 19014
20140623 0.95 0.94 0.95 0.94 16346
20140624 0.94 0.95 0.95 0.94 17522
20140625 0.95 0.95 0.95 0.94 4450
20140626 0.95 0.95 0.95 0.95 22450
20140627 0.95 0.95 0.96 0.95 7805
20140630 0.96 0.96 0.96 0.96 23197
20140701 0.96 0.96 0.96 0.96 26608
20140702 0.96 0.96 0.96 0.96 27959
20140703 0.97 0.97 0.97 0.96 14928
20140704 0.97 0.97 0.97 0.97 26081
20140707 0.97 0.97 0.97 0.97 7868
20140708 0.97 0.97 0.97 0.97 25970
20140709 0.97 0.97 0.97 0.96 3629
20140710 0.97 0.96 0.97 0.96 13553
20140711 0.96 0.97 0.97 0.96 6961
20140714 0.97 0.98 0.98 0.97 23611
20140715 0.98 0.98 0.98 0.98 9597
20140716 0.98 0.98 0.98 0.98 6309
20140717 0.98 0.98 0.98 0.97 7395
20140718 0.97 0.98 0.98 0.97 40420
20140721 0.98 0.98 0.98 0.98 11029
20140722 0.98 0.99 0.99 0.98 42799
20140723 1.00 1.00 1.00 0.99 10416
20140724 1.00 1.02 1.02 1.00 38765
20140725 1.02 1.03 1.03 1.02 30633
20140728 1.03 1.06 1.06 1.03 25107
20140729 1.07 1.06 1.07 1.06 32653
20140730 1.07 1.06 1.07 1.05 226866
20140731 1.06 1.07 1.07 1.05 39485
20140801 1.07 1.06 1.08 1.06 34854
20140804 1.06 1.09 1.09 1.06 77420
20140805 1.09 1.08 1.09 1.07 24438
20140806 1.08 1.07 1.08 1.06 25630
20140807 1.07 1.06 1.08 1.06 26283
20140808 1.06 1.06 1.06 1.05 43471
20140811 1.06 1.08 1.08 1.06 51788
20140812 1.07 1.07 1.07 1.07 26502
20140813 1.07 1.07 1.07 1.06 29764
20140814 1.07 1.06 1.07 1.06 11263
20140815 1.06 1.07 1.07 1.06 38099
20140818 1.07 1.07 1.08 1.07 30585
20140819 1.07 1.07 1.07 1.07 5375
20140820 1.07 1.07 1.07 1.07 8589
20140821 1.07 1.06 1.07 1.05 9463
20140822 1.06 1.07 1.07 1.06 21411
20140825 1.07 1.05 1.07 1.05 21868
20140826 1.06 1.05 1.06 1.05 8784
20140827 1.05 1.05 1.06 1.05 14755
20140828 1.05 1.05 1.06 1.05 22575
20140829 1.05 1.06 1.06 1.05 6354
20140901 1.06 1.07 1.07 1.06 12635
20140902 1.06 1.08 1.08 1.06 16561
20140903 1.08 1.09 1.10 1.08 20620
20140904 1.09 1.10 1.10 1.09 40922
20140905 1.10 1.11 1.12 1.10 28095
20140909 1.12 1.11 1.12 1.11 24238
20140910 1.11 1.10 1.11 1.10 16226
20140911 1.10 1.10 1.12 1.10 12649
20140912 1.10 1.11 1.11 1.10 50552
20140915 1.11 1.11 1.11 1.10 49484
20140916 1.11 1.09 1.12 1.09 94679
20140917 1.09 1.09 1.10 1.09 72161
20140918 1.09 1.09 1.10 1.09 67617
20140919 1.10 1.10 1.11 1.09 61888
20140922 1.10 1.08 1.10 1.08 64173
20140923 1.08 1.09 1.09 1.08 64676
20140924 1.09 1.11 1.11 1.09 51681
20140925 1.11 1.11 1.12 1.11 47011
20140926 1.11 1.11 1.11 1.10 20591
20140929 1.11 1.11 1.12 1.11 41346
20140930 1.11 1.11 1.12 1.11 59737
20141008 1.11 1.12 1.12 1.11 33323
20141009 1.12 1.12 1.13 1.12 78906
20141010 1.12 1.12 1.13 1.12 45912
20141013 1.12 1.12 1.12 1.11 24675
20141014 1.11 1.11 1.12 1.11 64360
20141015 1.11 1.11 1.12 1.10 59880
20141016 1.10 1.11 1.13 1.10 28477
20141017 1.12 1.11 1.12 1.10 25617
20141020 1.11 1.11 1.11 1.11 30777
20141021 1.11 1.10 1.12 1.10 43478
20141022 1.10 1.10 1.11 1.10 19168
20141023 1.10 1.10 1.11 1.10 26835
20141024 1.10 1.09 1.10 1.09 5142
20141027 1.09 1.08 1.09 1.08 88209
20141028 1.08 1.10 1.11 1.08 47106
20141029 1.10 1.12 1.13 1.10 56933
20141030 1.12 1.14 1.14 1.12 87427
20141031 1.14 1.16 1.16 1.14 90517
20141103 1.16 1.15 1.16 1.15 47379
20141104 1.15 1.16 1.16 1.15 99299
20141105 1.16 1.15 1.16 1.15 23989
20141106 1.15 1.15 1.16 1.14 37249
20141107 1.15 1.15 1.17 1.15 69245
20141110 1.15 1.18 1.18 1.15 103097
20141111 1.18 1.19 1.21 1.18 59457
20141112 1.19 1.20 1.20 1.18 65092
20141113 1.20 1.19 1.21 1.19 79653
20141114 1.19 1.19 1.19 1.18 42179
20141117 1.20 1.18 1.21 1.18 54212
20141118 1.18 1.16 1.18 1.16 58087
20141119 1.16 1.16 1.16 1.15 231714
20141120 1.15 1.16 1.16 1.15 37172
20141121 1.16 1.18 1.18 1.15 47915
20141124 1.19 1.22 1.22 1.19 47150
20141125 1.22 1.23 1.23 1.21 23062
20141126 1.23 1.26 1.26 1.23 60020
20141127 1.26 1.28 1.28 1.26 106511
20141128 1.28 1.32 1.34 1.27 333906
20141201 1.32 1.32 1.35 1.31 226963
20141202 1.32 1.38 1.39 1.30 134471
20141203 1.38 1.38 1.42 1.35 385710
20141204 1.38 1.47 1.47 1.37 249922
20141205 1.48 1.49 1.52 1.42 413397
20141208 1.50 1.57 1.58 1.46 353893
20141209 1.57 1.48 1.62 1.47 685091
20141210 1.47 1.53 1.53 1.43 2067905
20141211 1.53 1.50 1.55 1.49 2327320
20141212 1.51 1.51 1.53 1.49 632151
20141215 1.51 1.52 1.52 1.47 401569
20141216 1.52 1.58 1.58 1.52 1399737
20141217 1.59 1.63 1.64 1.58 2539905
20141218 1.63 1.63 1.66 1.60 1947318
20141219 1.63 1.69 1.70 1.61 1835180
20141222 1.71 1.71 1.77 1.69 2340890
20141223 1.68 1.65 1.73 1.64 2158890
20141224 1.65 1.59 1.67 1.56 3064033
20141225 1.60 1.66 1.67 1.58 2816519
20141226 1.67 1.73 1.74 1.65 2811815
20141229 1.76 1.76 1.78 1.72 2614089
20141230 1.75 1.78 1.79 1.73 2304821
20141231 1.78 1.82 1.83 1.77 2111841
20150105 1.84 1.90 1.91 1.83 1472124
20150106 1.89 1.86 1.90 1.84 1727685
20150107 1.85 1.87 1.89 1.83 2289650
20150108 1.88 1.81 1.88 1.81 675532
20150109 1.82 1.81 1.90 1.79 1766789
20150112 1.81 1.78 1.81 1.75 322448
20150113 1.77 1.76 1.79 1.75 234667
20150114 1.76 1.77 1.79 1.75 212242
20150115 1.77 1.85 1.85 1.76 512211
20150116 1.85 1.87 1.89 1.85 694638
20150119 1.80 1.69 1.80 1.69 562055
20150120 1.69 1.71 1.73 1.67 426967
20150121 1.71 1.80 1.81 1.71 932151
20150122 1.79 1.80 1.81 1.78 630822
20150123 1.80 1.81 1.85 1.80 819686
20150126 1.81 1.81 1.82 1.79 237826
20150127 1.80 1.79 1.82 1.75 893206
20150128 1.79 1.76 1.80 1.76 341386
20150129 1.74 1.75 1.76 1.73 783402
20150130 1.75 1.72 1.76 1.71 398466
20150202 1.68 1.65 1.69 1.65 112504
20150203 1.66 1.71 1.71 1.65 605628
20150204 1.71 1.69 1.73 1.69 413465
20150205 1.75 1.67 1.76 1.67 104438
20150206 1.67 1.64 1.67 1.63 274139
20150209 1.63 1.66 1.67 1.62 193006
20150210 1.66 1.68 1.69 1.65 183782
20150211 1.68 1.69 1.70 1.68 77580
20150212 1.69 1.70 1.71 1.67 159253
20150213 1.70 1.71 1.73 1.70 201924
20150216 1.71 1.71 1.72 1.69 107697
20150217 1.71 1.72 1.73 1.71 121326
20150225 1.72 1.70 1.72 1.69 108114
20150226 1.70 1.75 1.76 1.68 447156
20150227 1.76 1.75 1.77 1.75 290752
20150302 1.76 1.76 1.77 1.74 168883
20150303 1.75 1.71 1.75 1.70 339069
20150304 1.71 1.71 1.72 1.69 162780
20150305 1.70 1.68 1.70 1.66 429481
20150306 1.68 1.69 1.70 1.68 277456
20150309 1.69 1.72 1.73 1.65 182945
20150310 1.72 1.70 1.72 1.69 61052
20150311 1.70 1.69 1.72 1.69 132324
20150312 1.69 1.74 1.75 1.69 239000
20150313 1.75 1.74 1.76 1.73 353899
20150316 1.75 1.77 1.77 1.73 156687
20150317 1.77 1.80 1.80 1.77 212423
20150318 1.79 1.85 1.85 1.79 244271
20150319 1.85 1.86 1.87 1.83 438117
20150320 1.87 1.88 1.90 1.84 188908
20150323 1.89 1.92 1.92 1.89 247235
20150324 1.92 1.91 1.93 1.88 156222
20150325 1.90 1.89 1.91 1.87 166464
20150326 1.87 1.92 1.93 1.86 377606
20150327 1.92 1.92 1.94 1.90 435813
20150330 1.92 1.99 1.99 1.92 270842
20150331 2.01 1.96 2.05 1.95 213726
20150401 1.96 1.99 1.99 1.94 448479
20150402 1.99 1.97 2.00 1.95 132031
20150403 1.95 1.98 1.98 1.95 160760
20150407 1.99 2.03 2.03 1.99 326455
20150408 2.04 2.07 2.08 2.02 813535
20150409 2.07 2.06 2.10 2.05 386358
20150410 2.06 2.09 2.09 2.05 138924
20150413 2.11 2.16 2.16 2.11 325324
20150414 2.16 2.19 2.20 2.14 610198
20150415 2.19 2.20 2.26 2.18 729035
20150416 2.19 2.31 2.31 2.18 348060
20150417 2.32 2.39 2.42 2.32 1144343
20150420 2.39 2.33 2.45 2.31 2854294
20150421 2.33 2.31 2.34 2.27 1151618
20150422 2.32 2.38 2.38 2.29 2036629
20150423 2.38 2.37 2.39 2.34 828467
20150424 2.39 2.36 2.39 2.31 1016328
20150427 2.37 2.48 2.48 2.37 1660555
20150428 2.48 2.46 2.52 2.44 2290550
20150429 2.46 2.46 2.47 2.40 1214174
20150430 2.47 2.43 2.47 2.42 1637019
20150504 2.44 2.46 2.46 2.39 1533406
20150505 2.47 2.38 2.48 2.36 2114973
20150506 2.37 2.34 2.42 2.31 977534
20150507 2.33 2.26 2.33 2.26 721061
20150508 2.26 2.29 2.29 2.23 758169
20150511 2.30 2.35 2.35 2.28 451436
20150512 2.35 2.38 2.38 2.33 549379
20150513 2.38 2.34 2.39 2.32 109889
20150514 2.32 2.33 2.36 2.31 367803
20150515 2.31 2.29 2.33 2.28 348825
20150518 2.29 2.25 2.29 2.08 340833
20150519 2.25 2.32 2.33 2.24 1040433
20150520 2.32 2.32 2.36 2.31 774961
20150521 2.32 2.34 2.34 2.30 302242
20150522 2.34 2.41 2.41 2.34 300040
20150525 2.41 2.50 2.50 2.40 611853
20150526 2.50 2.52 2.52 2.46 496385
20150527 2.52 2.49 2.53 2.48 297835
20150528 2.46 2.34 2.50 2.33 387673
20150529 2.34 2.31 2.35 2.25 291526
20150601 2.31 2.43 2.43 2.28 706164
20150602 2.44 2.44 2.45 2.39 528713
20150603 2.44 2.43 2.46 2.41 980358
20150604 2.43 2.49 2.49 2.35 482785
20150605 2.54 2.52 2.56 2.45 771113
20150608 2.54 2.65 2.74 2.53 897220
20150609 2.65 2.60 2.70 2.57 284103
20150610 2.59 2.55 2.59 2.50 589892
20150611 2.55 2.51 2.55 2.49 247278
20150612 2.51 2.52 2.53 2.48 285636
20150615 2.52 2.45 2.53 2.45 538537
20150616 2.44 2.38 2.45 2.36 130138
20150617 2.39 2.42 2.43 2.35 291680
20150618 2.43 2.32 2.43 2.31 69833
20150619 2.31 2.20 2.31 2.20 113763
20150623 2.19 2.30 2.32 2.12 987022
20150624 2.30 2.31 2.32 2.20 939419
20150625 2.32 2.25 2.34 2.23 865749
20150626 2.18 2.05 2.25 2.03 1139375
20150629 2.14 2.05 2.16 1.94 1190570
20150630 2.06 2.18 2.18 1.97 1010515
20150701 2.19 2.07 2.20 2.06 911317
20150702 2.06 2.00 2.12 1.96 1147298
20150703 1.97 1.91 2.04 1.85 839906
20150706 2.11 2.04 2.11 1.94 1305159
20150707 1.99 2.01 2.06 1.90 977744
20150708 1.90 1.81 1.99 1.81 533387
20150709 1.80 1.99 1.99 1.80 560594
20150710 2.04 2.19 2.19 1.99 625516
20150713 2.19 2.15 2.22 2.04 475842
20150714 2.10 2.05 2.13 2.02 460781
20150715 2.05 1.98 2.08 1.92 808327
20150716 1.98 2.02 2.08 1.98 783865
20150717 2.03 2.08 2.12 2.00 779954
20150720 2.08 2.09 2.11 2.07 911932
20150721 2.08 2.09 2.12 2.05 930976
20150722 2.09 2.08 2.10 2.06 77583
20150723 2.09 2.11 2.12 2.06 545407
20150724 2.11 2.11 2.15 2.09 665031
20150727 2.07 1.90 2.10 1.90 395909
20150728 1.82 1.90 1.94 1.82 977990
20150729 1.96 1.94 2.00 1.87 1016214
20150730 1.94 1.91 1.97 1.91 885337
