20140102 0.92 0.92 0.92 0.92 44142
20140103 0.92 0.91 0.92 0.91 23378
20140106 0.90 0.89 0.90 0.89 20405
20140107 0.89 0.88 0.89 0.88 71707
20140108 0.89 0.89 0.89 0.88 52903
20140109 0.89 0.88 0.89 0.88 46039
20140110 0.87 0.86 0.87 0.86 5895
20140113 0.87 0.86 0.87 0.85 41251
20140114 0.86 0.87 0.87 0.86 65079
20140115 0.87 0.87 0.87 0.87 40100
20140116 0.87 0.88 0.88 0.87 47468
20140117 0.88 0.87 0.88 0.87 26060
20140120 0.87 0.86 0.87 0.86 41270
20140121 0.87 0.87 0.87 0.87 40153
20140122 0.87 0.90 0.90 0.87 60812
20140123 0.90 0.90 0.90 0.89 2327
20140124 0.90 0.91 0.91 0.82 25697
20140127 0.91 0.90 0.91 0.90 41020
20140128 0.90 0.90 0.90 0.90 20444
20140129 0.90 0.91 0.91 0.90 20287
20140130 0.91 0.90 0.91 0.90 1753
20140207 0.90 0.92 0.92 0.90 41891
20140210 0.92 0.94 0.94 0.92 3797
20140211 0.94 0.94 0.95 0.94 44678
20140212 0.95 0.96 0.96 0.95 2803
20140213 0.96 0.95 0.96 0.95 22891
20140214 0.95 0.96 0.96 0.95 20741
20140217 0.96 0.98 0.98 0.96 22093
20140218 0.98 0.98 0.98 0.97 49926
20140219 0.98 0.98 0.98 0.97 2776
20140220 0.98 0.97 0.98 0.97 1726
20140221 0.97 0.96 0.97 0.96 795
20140224 0.95 0.95 0.95 0.95 21371
20140225 0.95 0.92 0.96 0.92 8568
20140226 0.87 0.92 0.92 0.87 23139
20140227 0.93 0.92 0.94 0.92 21685
20140228 0.87 0.93 0.93 0.86 62995
20140303 0.93 0.95 0.95 0.93 40797
20140304 0.95 0.94 0.95 0.94 20720
20140305 0.95 0.94 0.95 0.94 35152
20140306 0.93 0.94 0.94 0.93 75395
20140307 0.94 0.94 0.94 0.93 60840
20140310 0.93 0.90 0.93 0.90 891
20140311 0.90 0.90 0.91 0.90 43102
20140312 0.90 0.89 0.91 0.89 21461
20140313 0.91 0.91 0.91 0.91 2644
20140314 0.92 0.91 0.92 0.91 182
20140317 0.92 0.93 0.93 0.92 1079
20140318 0.93 0.93 0.93 0.93 2602
20140319 0.92 0.93 0.94 0.92 33938
20140320 0.93 0.91 0.93 0.91 55293
20140321 0.90 0.93 0.93 0.90 23685
20140324 0.93 0.94 0.94 0.93 61107
20140325 0.94 0.94 0.95 0.94 49283
20140326 0.94 0.94 0.94 0.94 46429
20140327 0.94 0.93 0.94 0.93 63996
20140328 0.93 0.91 0.93 0.91 41111
20140331 0.91 0.91 0.92 0.91 23841
20140401 0.91 0.92 0.92 0.91 20265
20140402 0.92 0.92 0.92 0.92 40101
20140403 0.92 0.92 0.92 0.91 26513
20140404 0.92 0.92 0.92 0.91 32250
20140408 0.92 0.94 0.94 0.92 47514
20140409 0.94 0.94 0.94 0.94 41976
20140410 0.94 0.95 0.95 0.94 41883
20140411 0.96 0.95 0.99 0.94 70539
20140414 0.95 0.95 0.96 0.95 22751
20140415 0.95 0.95 0.95 0.95 61502
20140416 0.95 0.95 0.95 0.94 41352
20140417 0.95 0.95 0.95 0.95 60374
20140418 0.94 0.95 0.95 0.94 40463
20140421 0.95 0.93 0.95 0.93 21265
20140422 0.93 0.92 0.93 0.92 61585
20140423 0.93 0.93 0.93 0.93 40235
20140424 0.92 0.92 0.92 0.92 40725
20140425 0.92 0.90 0.92 0.90 21471
20140428 0.90 0.88 0.90 0.88 16163
20140429 0.88 0.89 0.89 0.88 36760
20140430 0.89 0.90 0.90 0.89 21150
20140505 0.89 0.90 0.90 0.89 20353
20140506 0.91 0.91 0.91 0.90 1626
20140507 0.90 0.89 0.90 0.89 778
20140508 0.89 0.90 0.90 0.89 21475
20140509 0.90 0.89 0.90 0.88 40439
20140512 0.89 0.91 0.91 0.89 21508
20140513 0.91 0.91 0.91 0.91 21397
20140514 0.91 0.91 0.91 0.91 6610
20140515 0.90 0.89 0.90 0.89 7921
20140516 0.89 0.89 0.89 0.88 4440
20140519 0.89 0.88 0.89 0.88 61803
20140520 0.89 0.88 0.89 0.88 20297
20140521 0.88 0.89 0.89 0.85 40325
20140522 0.90 0.89 0.90 0.89 46691
20140523 0.89 0.90 0.90 0.89 1938
20140526 0.90 0.90 0.90 0.90 1099
20140527 0.90 0.90 0.90 0.90 7120
20140528 0.90 0.91 0.91 0.90 134
20140529 0.91 0.90 0.91 0.90 1067
20140530 0.90 0.91 0.91 0.90 427
20140603 0.90 0.90 0.90 0.90 867
20140604 0.90 0.89 0.90 0.89 964
20140605 0.89 0.90 0.90 0.89 528
20140606 0.90 0.90 0.90 0.90 250
20140609 0.90 0.90 0.90 0.90 2713
20140610 0.90 0.90 0.90 0.90 190
20140611 0.90 0.91 0.91 0.90 40903
20140612 0.91 0.91 0.91 0.91 40000
20140613 0.91 0.92 0.92 0.91 132
20140616 0.92 0.92 0.92 0.92 675
20140617 0.92 0.92 0.92 0.92 132
20140618 0.91 0.91 0.91 0.91 3180
20140619 0.91 0.89 0.91 0.89 1368
20140620 0.89 0.90 0.90 0.89 326
20140623 0.90 0.90 0.90 0.90 310
20140624 0.90 0.90 0.90 0.90 170
20140625 0.90 0.90 0.90 0.90 226
20140626 0.90 0.91 0.91 0.90 148040
20140627 0.91 0.92 0.92 0.91 477
20140630 0.92 0.93 0.93 0.92 849
20140701 0.93 0.93 0.93 0.92 1102
20140702 0.93 0.94 0.94 0.93 511
20140703 0.94 0.95 0.95 0.94 596
20140704 0.95 0.94 0.95 0.94 3520
20140707 0.94 0.94 0.94 0.94 1230
20140708 0.94 0.95 0.95 0.94 1223
20140709 0.95 0.93 0.95 0.93 220
20140710 0.93 0.94 0.94 0.93 845
20140711 0.94 0.94 0.94 0.94 1218
20140714 0.94 0.96 0.96 0.94 18031
20140715 0.96 0.96 0.96 0.95 17095
20140716 0.96 0.95 0.96 0.95 16695
20140717 0.92 0.95 0.95 0.92 36548
20140718 0.94 0.95 0.95 0.94 250
20140721 0.95 0.95 0.95 0.94 1005
20140722 0.95 0.96 0.96 0.95 587
20140723 0.96 0.96 0.96 0.96 1542
20140724 0.95 0.95 0.96 0.95 1531
20140725 0.96 0.97 0.97 0.96 1519
20140728 0.97 0.98 0.98 0.97 2144
20140729 0.98 0.99 0.99 0.98 5215
20140730 0.99 0.99 0.99 0.99 3604
20140731 0.99 1.00 1.00 0.99 6582
20140801 1.00 0.99 1.01 0.99 48247
20140804 0.99 1.00 1.01 0.99 20023
20140805 1.00 1.01 1.01 1.00 26198
20140806 1.01 1.01 1.02 0.95 4177
20140807 1.01 1.01 1.02 1.00 2049
20140808 1.00 1.01 1.01 1.00 840
20140811 1.01 1.03 1.03 1.01 11554
20140812 1.03 1.03 1.03 1.02 4680
20140813 1.03 1.03 1.03 1.02 9884
20140814 1.03 1.02 1.03 1.02 7443
20140815 1.02 1.03 1.03 1.02 3388
20140818 1.04 1.04 1.04 1.04 9257
20140819 1.04 1.05 1.05 1.04 12216
20140820 1.05 1.05 1.05 1.05 46733
20140821 1.05 1.05 1.05 1.03 27751
20140822 1.05 1.05 1.05 1.04 50415
20140825 1.05 1.05 1.06 1.05 14581
20140826 1.02 1.03 1.05 1.02 6839
20140827 1.03 1.03 1.03 1.03 4870
20140828 1.03 1.03 1.03 1.02 42816
20140829 1.02 1.03 1.03 1.02 22344
20140901 1.03 1.05 1.05 1.03 4933
20140902 1.05 1.07 1.07 1.05 4465
20140903 1.07 1.07 1.08 1.07 21545
20140904 1.07 1.10 1.11 1.07 21525
20140905 1.10 1.09 1.10 1.08 151812
20140909 1.09 1.10 1.10 1.08 121305
20140910 1.10 1.10 1.10 1.09 48741
20140911 1.10 1.09 1.11 1.09 45615
20140912 1.09 1.11 1.11 1.09 128804
20140915 1.11 1.13 1.13 1.11 94285
20140916 1.13 1.09 1.13 1.09 35849
20140917 1.09 1.10 1.20 1.08 18755
20140918 1.10 1.11 1.11 1.10 7267
20140919 1.11 1.12 1.12 1.11 23879
20140922 1.12 1.10 1.12 1.10 8672
20140923 1.10 1.12 1.12 1.10 35368
20140924 1.12 1.13 1.13 1.12 60696
20140925 1.14 1.13 1.14 1.13 13205
20140926 1.13 1.14 1.14 1.13 35059
20140929 1.14 1.15 1.15 1.14 21533
20140930 1.16 1.16 1.16 1.15 20525
20141008 1.17 1.17 1.17 1.15 20238
20141009 1.17 1.18 1.18 1.16 60401
20141010 1.17 1.17 1.18 1.16 37024
20141013 1.17 1.17 1.17 1.15 42431
20141014 1.17 1.17 1.18 1.16 134644
20141015 1.17 1.18 1.18 1.16 54304
20141016 1.18 1.16 1.19 1.16 67954
20141017 1.16 1.14 1.16 1.13 34855
20141020 1.14 1.16 1.16 1.14 52140
20141021 1.16 1.15 1.16 1.15 36012
20141022 1.15 1.13 1.15 1.13 60742
20141023 1.14 1.11 1.14 1.11 64976
20141024 1.12 1.12 1.13 1.11 32665
20141027 1.08 1.13 1.13 1.08 66054
20141028 1.13 1.16 1.16 1.13 37466
20141029 1.18 1.18 1.18 1.16 18895
20141030 1.18 1.18 1.19 1.13 21377
20141031 1.18 1.19 1.19 1.17 56365
20141103 1.19 1.20 1.20 1.19 16518
20141104 1.19 1.20 1.21 1.19 55240
20141105 1.20 1.19 1.21 1.19 21947
20141106 1.19 1.20 1.20 1.18 142042
20141107 1.21 1.19 1.21 1.19 65449
20141110 1.20 1.21 1.21 1.19 51237
20141111 1.21 1.17 1.33 1.17 68295
20141112 1.17 1.20 1.20 1.17 24017
20141113 1.20 1.19 1.20 1.18 45768
20141114 1.19 1.19 1.19 1.18 49424
20141117 1.21 1.19 1.21 1.18 65046
20141118 1.19 1.20 1.20 1.19 30656
20141119 1.20 1.20 1.21 1.19 45731
20141120 1.19 1.20 1.20 1.19 54545
20141121 1.20 1.21 1.21 1.19 87135
20141124 1.21 1.23 1.23 1.21 53313
20141125 1.23 1.25 1.30 1.23 70633
20141126 1.29 1.25 1.29 1.24 42187
20141127 1.26 1.26 1.27 1.25 52107
20141128 1.26 1.26 1.27 1.25 32618
20141201 1.26 1.26 1.27 1.25 50076
20141202 1.26 1.28 1.29 1.26 53876
20141203 1.28 1.29 1.30 1.27 27243
20141204 1.25 1.32 1.32 1.25 32123
20141205 1.32 1.29 1.32 1.25 54675
20141208 1.29 1.32 1.32 1.28 27952
20141209 1.30 1.27 1.34 1.26 34042
20141210 1.26 1.33 1.34 1.26 65401
20141211 1.32 1.35 1.35 1.32 23920
20141212 1.35 1.35 1.35 1.34 42766
20141215 1.35 1.39 1.39 1.34 60803
20141216 1.39 1.38 1.39 1.36 60706
20141217 1.37 1.36 1.37 1.34 27071
20141218 1.36 1.37 1.38 1.35 46081
20141219 1.37 1.37 1.38 1.34 20393
20141222 1.37 1.33 1.38 1.32 18847
20141223 1.33 1.29 1.33 1.29 13986
20141224 1.30 1.31 1.31 1.29 360738
20141225 1.31 1.34 1.35 1.31 25758
20141226 1.34 1.35 1.35 1.33 60606
20141229 1.36 1.34 1.36 1.33 16293
20141230 1.34 1.32 1.34 1.31 6085
20141231 1.31 1.33 1.33 1.31 12542
20150105 1.32 1.37 1.37 1.32 42988
20150106 1.36 1.38 1.38 1.35 622785
20150107 1.39 1.39 1.43 1.37 57316
20150108 1.39 1.37 1.39 1.37 24658
20150109 1.37 1.37 1.39 1.36 4623
20150112 1.33 1.35 1.37 1.32 26926
20150113 1.34 1.34 1.35 1.33 1568146
20150114 1.34 1.32 1.34 1.32 38377
20150115 1.33 1.35 1.36 1.33 30696
20150116 1.35 1.36 1.36 1.35 32818
20150119 1.36 1.30 1.36 1.23 44040
20150120 1.30 1.34 1.34 1.22 18052
20150121 1.33 1.37 1.37 1.33 19738
20150122 1.37 1.39 1.39 1.37 5504
20150123 1.42 1.38 1.42 1.38 4976
20150126 1.38 1.42 1.42 1.38 17151
20150127 1.42 1.42 1.43 1.40 37113
20150128 1.42 1.42 1.43 1.41 18566
20150129 1.40 1.41 1.42 1.40 4604
20150130 1.40 1.39 1.42 1.39 3835
20150202 1.38 1.37 1.38 1.36 10125
20150203 1.38 1.39 1.39 1.37 7755
20150204 1.39 1.38 1.40 1.38 5577
20150205 1.39 1.37 1.39 1.37 3991
20150206 1.37 1.34 1.37 1.33 6777
20150209 1.34 1.33 1.34 1.33 4743
20150210 1.33 1.34 1.34 1.33 23647
20150211 1.35 1.36 1.36 1.35 21110
20150212 1.36 1.37 1.37 1.36 21054
20150213 1.38 1.39 1.40 1.38 7925
20150216 1.40 1.41 1.41 1.40 3209
20150217 1.42 1.43 1.43 1.42 4215
20150225 1.43 1.43 1.44 1.43 5833
20150226 1.43 1.45 1.45 1.43 10197
20150227 1.45 1.46 1.46 1.45 28125
20150302 1.61 1.49 1.61 1.46 39073
20150303 1.49 1.48 1.51 1.48 21589
20150304 1.49 1.50 1.50 1.48 14066
20150305 1.50 1.50 1.51 1.49 14870
20150306 1.50 1.49 1.51 1.49 5064
20150309 1.48 1.51 1.51 1.48 47321
20150310 1.51 1.52 1.56 1.42 70617
20150311 1.52 1.52 1.53 1.51 12713
20150312 1.52 1.52 1.53 1.51 5009
20150313 1.53 1.54 1.54 1.53 43408
20150316 1.54 1.60 1.61 1.54 74108
20150317 1.60 1.62 1.63 1.60 15977
20150318 1.66 1.65 1.66 1.62 311979
20150319 1.65 1.66 1.66 1.62 32644
20150320 1.66 1.68 1.68 1.66 74176
20150323 1.68 1.71 1.74 1.68 51427
20150324 1.71 1.72 1.77 1.61 356299
20150325 1.72 1.73 1.74 1.70 194508
20150326 1.70 1.72 1.74 1.70 145373
20150327 1.72 1.73 1.74 1.72 30380
20150330 1.74 1.76 1.77 1.74 31817
20150331 1.79 1.75 1.79 1.75 60564
20150401 1.74 1.80 1.80 1.74 21941
20150402 1.79 1.83 1.85 1.79 38030
20150403 1.83 1.86 1.86 1.80 55430
20150407 1.86 1.90 1.90 1.86 29896
20150408 1.89 1.88 1.91 1.85 223965
20150409 1.88 1.86 1.88 1.80 656165
20150410 1.85 1.92 1.92 1.85 343824
20150413 1.92 1.97 2.00 1.92 17061
20150414 1.97 1.98 2.00 1.96 393068
20150415 1.98 1.92 2.05 1.90 282564
20150416 1.83 1.94 1.96 1.83 519054
20150417 1.95 1.96 1.98 1.95 83872
20150420 1.97 1.94 1.99 1.85 1031520
20150421 1.94 1.99 1.99 1.93 400844
20150422 2.00 2.06 2.06 2.00 129852
20150423 2.06 2.07 2.10 2.04 576355
20150424 2.07 2.07 2.15 2.00 975968
20150427 2.07 2.10 2.14 2.05 380817
20150428 2.10 2.05 2.10 2.03 397014
20150429 2.01 2.08 2.08 2.01 494545
20150430 2.08 2.07 2.10 2.07 373654
20150504 2.07 2.09 2.10 2.05 836450
20150505 2.09 2.01 2.10 2.00 981272
20150506 2.01 1.98 2.10 1.97 539292
20150507 1.96 1.91 1.97 1.90 479516
20150508 1.91 1.96 1.96 1.91 1012539
20150511 2.00 2.05 2.05 1.97 455706
20150512 2.05 2.14 2.17 2.05 594377
20150513 2.13 2.12 2.17 2.09 1055460
20150514 2.11 2.09 2.13 2.06 1079465
20150515 2.09 2.08 2.11 2.05 1056494
20150518 2.08 2.12 2.28 2.08 550406
20150519 2.08 2.19 2.28 2.08 373095
20150520 2.20 2.20 2.27 2.19 260111
20150521 2.20 2.28 2.28 2.20 824690
20150522 2.35 2.33 2.35 2.27 698577
20150525 2.33 2.41 2.46 2.22 595014
20150526 2.46 2.52 2.52 2.36 852188
20150527 2.53 2.52 2.75 2.45 802106
20150528 2.52 2.36 2.59 2.35 875073
20150529 2.36 2.38 2.43 2.25 884511
20150601 2.38 2.52 2.52 2.38 892055
20150602 2.52 2.61 2.62 2.52 739419
20150603 2.65 2.61 2.68 2.54 799173
20150604 2.61 2.62 2.67 2.44 798962
20150605 2.68 2.67 2.69 2.61 835163
20150608 2.67 2.67 2.74 2.62 886271
20150609 2.70 2.67 2.73 2.63 964513
20150610 2.67 2.73 2.74 2.60 888165
20150611 2.76 2.75 2.76 2.70 807505
20150612 2.75 2.77 2.83 2.75 948971
20150615 2.78 2.76 2.82 2.72 873043
20150616 2.76 2.62 2.76 2.59 793121
20150617 2.62 2.68 2.69 2.51 890779
20150618 2.66 2.59 2.70 2.59 907948
20150619 2.59 2.44 2.59 2.40 771388
20150623 2.39 2.42 2.43 2.22 887655
20150624 2.41 2.48 2.48 2.40 902189
20150625 2.49 2.39 2.53 2.36 887020
20150626 2.30 2.15 2.32 2.15 797272
20150629 2.16 2.04 2.27 1.94 1093796
20150630 2.04 2.14 2.15 1.88 837678
20150701 2.15 2.01 2.19 2.00 800209
20150702 2.02 1.81 2.06 1.81 899662
20150703 1.81 1.71 1.86 1.69 846395
20150706 1.88 1.62 1.88 1.55 823695
20150707 1.50 1.46 1.61 1.46 828552
20150708 1.31 1.31 1.39 1.31 301003
20150709 1.28 1.44 1.44 1.21 50694
20150710 1.52 1.59 1.59 1.51 212396
20150713 1.72 1.75 1.75 1.71 447610
20150714 1.90 1.89 1.90 1.79 54345
20150715 1.81 1.73 1.88 1.70 802545
20150716 1.60 1.71 1.80 1.57 800845
20150717 1.72 1.84 1.84 1.72 865449
20150720 1.84 1.90 1.93 1.80 766445
20150721 1.86 1.90 1.95 1.83 872455
20150722 1.90 1.94 1.95 1.82 889799
20150723 1.94 2.02 2.02 1.91 700390
20150724 2.02 1.98 2.05 1.96 683875
20150727 1.92 1.81 1.99 1.80 759495
20150728 1.64 1.77 1.82 1.64 795291
20150729 1.78 1.85 1.85 1.71 736107
20150730 1.85 1.80 1.89 1.79 824000
