20150515 1.03 1.01 1.03 1.01 2574034
20150518 1.00 1.02 1.02 1.00 706562
20150519 1.02 1.04 1.04 1.02 576350
20150520 1.04 1.06 1.07 1.04 327975
20150521 1.06 1.09 1.09 1.06 355885
20150522 1.10 1.11 1.12 1.09 471141
20150525 1.11 1.15 1.15 1.10 345100
20150526 1.15 1.18 1.18 1.14 326121
20150527 1.18 1.19 1.20 1.16 404908
20150528 1.19 1.11 1.22 1.09 312572
20150529 1.11 1.13 1.15 1.07 344376
20150601 1.13 1.18 1.18 1.13 186784
20150602 1.18 1.23 1.23 1.18 306193
20150603 1.23 1.22 1.26 1.20 173256
20150604 1.22 1.23 1.23 1.14 172826
20150605 1.24 1.28 1.28 1.24 283947
20150608 1.28 1.26 1.29 1.25 124488
20150609 1.26 1.26 1.27 1.24 185593
20150610 1.26 1.27 1.29 1.21 178775
20150611 1.27 1.30 1.30 1.27 216934
20150612 1.30 1.32 1.32 1.30 129739
20150615 1.32 1.30 1.33 1.30 105898
20150616 1.30 1.25 1.30 1.24 113895
20150617 1.23 1.28 1.29 1.21 172859
20150618 1.28 1.25 1.30 1.25 164484
20150619 1.25 1.15 1.25 1.15 141365
20150623 1.13 1.17 1.19 1.08 160802
20150624 1.17 1.20 1.20 1.16 139533
20150625 1.20 1.17 1.22 1.15 92899
20150626 1.15 1.05 1.15 1.05 125286
20150629 1.06 1.00 1.10 0.94 151910
20150630 1.00 1.06 1.06 0.93 141077
20150701 1.06 1.00 1.08 0.99 100225
20150702 1.02 0.93 1.02 0.92 124156
20150703 0.91 0.87 0.95 0.85 112440
20150706 0.96 0.82 0.96 0.80 83506
20150707 0.82 0.74 0.85 0.74 118565
20150708 0.67 0.67 0.68 0.67 160271
20150709 0.60 0.73 0.73 0.60 60402
20150710 0.77 0.81 0.81 0.77 13895
20150713 0.89 0.89 0.89 0.89 11569
20150714 0.98 0.93 0.98 0.90 81072
20150715 0.93 0.84 0.93 0.84 47317
20150716 0.82 0.87 0.90 0.81 48182
20150717 0.86 0.93 0.93 0.86 62915
20150720 0.93 0.93 0.98 0.91 59258
20150721 0.90 0.93 0.95 0.90 43934
20150722 0.91 0.94 0.95 0.91 60703
20150723 0.94 0.98 0.98 0.94 52197
20150724 0.97 0.95 0.99 0.94 48592
20150727 0.95 0.88 0.96 0.86 40386
20150728 0.81 0.88 0.90 0.81 50570
20150729 0.88 0.92 0.93 0.87 28036
20150730 0.92 0.91 0.93 0.90 44638
