20140102 0.92 0.91 0.92 0.90 79599
20140103 0.91 0.89 0.91 0.89 88900
20140106 0.89 0.88 0.89 0.87 80407
20140107 0.88 0.88 0.88 0.87 66998
20140108 0.88 0.88 0.89 0.88 159671
20140109 0.88 0.88 0.89 0.88 219371
20140110 0.88 0.88 0.88 0.87 141856
20140113 0.88 0.88 0.88 0.87 66022
20140114 0.88 0.88 0.88 0.87 116338
20140115 0.88 0.87 0.88 0.87 61503
20140116 0.87 0.87 0.88 0.87 198489
20140117 0.87 0.86 0.87 0.86 58252
20140120 0.86 0.86 0.86 0.86 28713
20140121 0.86 0.87 0.87 0.86 60221
20140122 0.87 0.88 0.89 0.87 137087
20140123 0.88 0.87 0.88 0.87 46960
20140124 0.87 0.87 0.88 0.87 71313
20140127 0.87 0.86 0.87 0.86 130737
20140128 0.86 0.87 0.87 0.86 156657
20140129 0.87 0.87 0.87 0.87 121180
20140130 0.87 0.86 0.87 0.86 50232
20140207 0.86 0.86 0.86 0.85 40223
20140210 0.86 0.87 0.88 0.86 78707
20140211 0.87 0.89 0.90 0.87 635579
20140212 0.89 0.89 0.90 0.88 335508
20140213 0.89 0.89 0.90 0.88 1101234
20140214 0.89 0.89 0.89 0.89 115916
20140217 0.89 0.89 0.90 0.88 229538
20140218 0.89 0.87 0.89 0.87 41905
20140219 0.87 0.89 0.90 0.87 457402
20140220 0.89 0.88 0.90 0.88 154395
20140221 0.87 0.87 0.88 0.87 57707
20140224 0.87 0.85 0.87 0.84 67691
20140225 0.84 0.83 0.85 0.83 308846
20140226 0.83 0.83 0.84 0.83 147892
20140227 0.83 0.84 0.85 0.83 518373
20140228 0.84 0.84 0.85 0.83 290726
20140303 0.84 0.84 0.84 0.84 42999
20140304 0.84 0.84 0.85 0.83 207199
20140305 0.85 0.83 0.85 0.83 23037
20140306 0.83 0.84 0.85 0.83 188616
20140307 0.85 0.84 0.85 0.83 249004
20140310 0.83 0.81 0.83 0.81 129814
20140311 0.81 0.81 0.82 0.81 182673
20140312 0.81 0.82 0.83 0.81 300174
20140313 0.82 0.83 0.84 0.82 525384
20140314 0.83 0.82 0.83 0.82 58832
20140317 0.83 0.83 0.83 0.82 31741
20140318 0.83 0.82 0.83 0.82 40653
20140319 0.82 0.82 0.82 0.81 314470
20140320 0.82 0.81 0.83 0.81 328986
20140321 0.81 0.85 0.85 0.81 767558
20140324 0.86 0.86 0.87 0.85 235822
20140325 0.86 0.85 0.86 0.85 93221
20140326 0.86 0.85 0.86 0.85 17549
20140327 0.85 0.86 0.87 0.85 923712
20140328 0.86 0.86 0.87 0.85 542552
20140331 0.86 0.86 0.86 0.85 150564
20140401 0.86 0.86 0.86 0.85 244280
20140402 0.86 0.87 0.87 0.86 439250
20140403 0.87 0.86 0.88 0.86 269961
20140404 0.86 0.87 0.87 0.86 307009
20140408 0.87 0.90 0.91 0.87 791932
20140409 0.90 0.89 0.90 0.89 300404
20140410 0.90 0.92 0.93 0.89 553341
20140411 0.92 0.91 0.92 0.90 551784
20140414 0.91 0.91 0.91 0.90 138025
20140415 0.90 0.89 0.90 0.88 98106
20140416 0.89 0.89 0.90 0.88 402944
20140417 0.89 0.89 0.89 0.88 145455
20140418 0.89 0.89 0.89 0.87 325271
20140421 0.88 0.87 0.89 0.87 298271
20140422 0.87 0.88 0.88 0.87 396050
20140423 0.88 0.88 0.88 0.88 200987
20140424 0.88 0.88 0.89 0.88 223469
20140425 0.89 0.88 0.89 0.88 401080
20140428 0.88 0.87 0.89 0.87 329498
20140429 0.87 0.88 0.88 0.87 903253
20140430 0.88 0.87 0.88 0.87 139920
20140505 0.87 0.87 0.88 0.86 208638
20140506 0.87 0.87 0.88 0.87 233012
20140507 0.87 0.87 0.87 0.87 147779
20140508 0.86 0.87 0.88 0.86 383833
20140509 0.87 0.87 0.87 0.86 269752
20140512 0.87 0.88 0.88 0.87 442772
20140513 0.88 0.88 0.88 0.88 121764
20140514 0.88 0.88 0.89 0.88 200844
20140515 0.88 0.87 0.88 0.87 49017
20140516 0.87 0.87 0.88 0.87 108552
20140519 0.87 0.85 0.87 0.85 100136
20140520 0.86 0.86 0.86 0.85 101117
20140521 0.85 0.86 0.86 0.85 164183
20140522 0.86 0.87 0.88 0.86 231032
20140523 0.86 0.87 0.87 0.86 144096
20140526 0.87 0.87 0.88 0.87 67559
20140527 0.87 0.87 0.88 0.87 49775
20140528 0.87 0.88 0.88 0.87 118468
20140529 0.88 0.87 0.88 0.87 167101
20140530 0.87 0.87 0.88 0.87 141664
20140603 0.87 0.87 0.88 0.87 121579
20140604 0.87 0.86 0.87 0.86 47111
20140605 0.86 0.87 0.87 0.86 130973
20140606 0.87 0.87 0.87 0.86 48804
20140609 0.87 0.87 0.88 0.86 151912
20140610 0.87 0.88 0.88 0.87 136727
20140611 0.88 0.88 0.88 0.87 93683
20140612 0.88 0.87 0.88 0.87 57631
20140613 0.87 0.89 0.89 0.87 565983
20140616 0.89 0.90 0.90 0.89 634660
20140617 0.90 0.89 0.90 0.89 212824
20140618 0.89 0.88 0.89 0.88 222014
20140619 0.89 0.88 0.89 0.87 300166
20140620 0.88 0.88 0.88 0.87 137710
20140623 0.88 0.88 0.88 0.88 25806
20140624 0.88 0.88 0.88 0.88 77953
20140625 0.88 0.87 0.88 0.87 44083
20140626 0.88 0.88 0.88 0.88 53956
20140627 0.88 0.88 0.88 0.87 35614
20140630 0.88 0.88 0.88 0.88 111498
20140701 0.88 0.88 0.88 0.88 24144
20140702 0.88 0.88 0.88 0.88 36405
20140703 0.88 0.89 0.89 0.88 50886
20140704 0.89 0.89 0.89 0.89 29121
20140707 0.89 0.89 0.89 0.89 59699
20140708 0.89 0.89 0.89 0.89 126014
20140709 0.89 0.88 0.89 0.88 48370
20140710 0.88 0.88 0.88 0.88 19845
20140711 0.88 0.88 0.88 0.88 24799
20140714 0.88 0.89 0.89 0.88 35218
20140715 0.89 0.89 0.89 0.88 17844
20140716 0.88 0.89 0.89 0.88 37397
20140717 0.88 0.88 0.89 0.88 30613
20140718 0.88 0.89 0.89 0.88 106798
20140721 0.89 0.89 0.89 0.89 26885
20140722 0.89 0.90 0.90 0.89 214280
20140723 0.90 0.90 0.91 0.90 162861
20140724 0.91 0.93 0.93 0.91 870008
20140725 0.93 0.94 0.94 0.93 362791
20140728 0.94 0.98 0.98 0.94 662687
20140729 0.98 0.98 0.98 0.97 601404
20140730 0.98 0.97 0.99 0.97 382456
20140731 0.97 0.99 0.99 0.97 263808
20140801 0.98 0.97 0.99 0.97 574749
20140804 0.98 1.00 1.00 0.97 608195
20140805 0.99 0.99 1.00 0.98 150866
20140806 0.98 0.97 0.98 0.96 196621
20140807 0.97 0.96 0.98 0.96 191773
20140808 0.95 0.96 0.96 0.95 236159
20140811 0.96 0.97 0.98 0.96 403335
20140812 0.97 0.97 0.97 0.96 25475
20140813 0.97 0.97 0.97 0.96 136470
20140814 0.97 0.96 0.97 0.96 128038
20140815 0.95 0.96 0.97 0.95 70059
20140818 0.97 0.97 0.97 0.96 60524
20140819 0.97 0.96 0.97 0.96 42604
20140820 0.96 0.96 0.96 0.96 22830
20140821 0.95 0.95 0.95 0.94 281196
20140822 0.95 0.96 0.96 0.95 86094
20140825 0.96 0.94 0.96 0.94 120711
20140826 0.94 0.94 0.95 0.94 147778
20140827 0.94 0.94 0.95 0.94 19925
20140828 0.94 0.94 0.94 0.94 41928
20140829 0.94 0.95 0.95 0.94 140690
20140901 0.94 0.95 0.95 0.94 60317
20140902 0.95 0.96 0.96 0.94 94987
20140903 0.96 0.97 0.97 0.96 262231
20140904 0.97 0.98 0.98 0.97 130123
20140905 0.98 0.98 0.99 0.98 215006
20140909 0.98 0.97 0.98 0.97 28302
20140910 0.97 0.96 0.97 0.96 176238
20140911 0.96 0.96 0.98 0.96 147989
20140912 0.96 0.96 0.96 0.96 138883
20140915 0.96 0.96 0.96 0.95 52741
20140916 0.96 0.95 0.97 0.95 243573
20140917 0.95 0.95 0.96 0.95 161754
20140918 0.95 0.96 0.96 0.95 485249
20140919 0.96 0.96 0.96 0.95 266764
20140922 0.96 0.94 0.96 0.94 51685
20140923 0.94 0.95 0.95 0.94 72694
20140924 0.95 0.97 0.97 0.94 279981
20140925 0.97 0.96 0.97 0.96 197058
20140926 0.96 0.96 0.96 0.95 48814
20140929 0.96 0.96 0.96 0.95 24645
20140930 0.96 0.96 0.96 0.95 8025
20141008 0.96 0.97 0.97 0.96 25723
20141009 0.97 0.97 0.97 0.96 97600
20141010 0.96 0.96 0.96 0.96 29939
20141013 0.96 0.95 0.96 0.95 48128
20141014 0.94 0.95 0.95 0.94 45570
20141015 0.95 0.95 0.96 0.94 355040
20141016 0.95 0.95 0.97 0.95 659592
20141017 0.95 0.95 0.97 0.95 753802
20141020 0.95 0.96 0.96 0.95 397942
20141021 0.96 0.95 0.96 0.95 73194
20141022 0.95 0.95 0.96 0.95 503324
20141023 0.95 0.95 0.96 0.94 387864
20141024 0.95 0.94 0.95 0.94 61398
20141027 0.94 0.93 0.94 0.92 122388
20141028 0.93 0.94 0.94 0.93 48045
20141029 0.94 0.95 0.96 0.94 92337
20141030 0.95 0.96 0.97 0.95 302622
20141031 0.96 0.99 1.00 0.96 1137491
20141103 0.99 0.99 1.00 0.99 171331
20141104 0.99 0.99 0.99 0.98 54853
20141105 0.99 0.98 0.99 0.98 451950
20141106 0.98 0.98 0.99 0.98 373754
20141107 0.98 0.99 1.01 0.98 1262006
20141110 1.00 1.02 1.02 1.00 664518
20141111 1.02 1.04 1.06 1.02 1795669
20141112 1.04 1.05 1.06 1.03 914222
20141113 1.05 1.05 1.07 1.05 1164391
20141114 1.05 1.05 1.05 1.03 639092
20141117 1.06 1.03 1.06 1.03 480750
20141118 1.03 1.01 1.03 1.01 207543
20141119 1.01 1.01 1.01 1.00 214360
20141120 1.01 1.01 1.02 1.00 614399
20141121 1.01 1.04 1.05 1.01 1771763
20141124 1.04 1.07 1.09 1.04 2176202
20141125 1.07 1.08 1.09 1.07 1247156
20141126 1.08 1.12 1.12 1.08 1615603
20141127 1.13 1.15 1.15 1.12 1245853
20141128 1.15 1.20 1.20 1.14 2569230
20141201 1.22 1.20 1.24 1.20 1795314
20141202 1.19 1.29 1.30 1.19 2498457
20141203 1.29 1.28 1.34 1.26 3486608
20141204 1.28 1.41 1.41 1.27 1932989
20141205 1.40 1.42 1.46 1.30 4243892
20141208 1.40 1.47 1.49 1.37 5163669
20141209 1.46 1.36 1.53 1.35 1905973
20141210 1.37 1.41 1.42 1.32 3059639
20141211 1.40 1.38 1.43 1.37 1699627
20141212 1.38 1.37 1.42 1.36 3450798
20141215 1.36 1.37 1.37 1.33 942180
20141216 1.37 1.46 1.46 1.36 5873882
20141217 1.48 1.54 1.54 1.47 11622507
20141218 1.54 1.49 1.54 1.48 3632938
20141219 1.49 1.50 1.52 1.44 3209398
20141222 1.50 1.54 1.57 1.48 3391798
20141223 1.53 1.51 1.57 1.49 3150598
20141224 1.51 1.43 1.53 1.40 3162752
20141225 1.45 1.50 1.51 1.43 3298483
20141226 1.50 1.59 1.60 1.50 3391129
20141229 1.65 1.59 1.67 1.56 3079888
20141230 1.59 1.64 1.66 1.59 3274989
20141231 1.64 1.68 1.68 1.62 3019511
20150105 1.69 1.70 1.72 1.66 2654535
20150106 1.68 1.67 1.72 1.63 2818659
20150107 1.66 1.67 1.70 1.64 2712120
20150108 1.67 1.61 1.68 1.60 1941261
20150109 1.60 1.63 1.71 1.59 3030611
20150112 1.63 1.61 1.64 1.57 2224083
20150113 1.61 1.59 1.62 1.58 669822
20150114 1.59 1.61 1.63 1.59 1210156
20150115 1.60 1.68 1.68 1.60 1392583
20150116 1.68 1.69 1.71 1.67 1274954
20150119 1.63 1.52 1.63 1.52 498712
20150120 1.49 1.51 1.54 1.47 1266723
20150121 1.51 1.61 1.62 1.51 1830716
20150122 1.61 1.60 1.63 1.58 1310371
20150123 1.61 1.63 1.66 1.61 2027520
20150126 1.63 1.62 1.63 1.60 675349
20150127 1.62 1.59 1.63 1.55 895503
20150128 1.58 1.56 1.60 1.55 1601765
20150129 1.55 1.52 1.55 1.51 1027371
20150130 1.53 1.51 1.55 1.50 1387462
20150202 1.47 1.46 1.49 1.45 756205
20150203 1.47 1.51 1.52 1.46 1177581
20150204 1.52 1.48 1.53 1.48 999372
20150205 1.55 1.48 1.57 1.48 1364953
20150206 1.48 1.47 1.50 1.45 1335553
20150209 1.47 1.50 1.52 1.46 1625671
20150210 1.50 1.53 1.53 1.50 1270067
20150211 1.53 1.53 1.54 1.52 656159
20150212 1.53 1.52 1.53 1.51 361395
20150213 1.52 1.53 1.56 1.52 592134
20150216 1.53 1.52 1.53 1.51 114517
20150217 1.52 1.53 1.55 1.52 171822
20150225 1.53 1.50 1.53 1.49 85157
20150226 1.50 1.56 1.56 1.48 809898
20150227 1.56 1.55 1.57 1.54 487068
20150302 1.60 1.55 1.60 1.54 806266
20150303 1.54 1.49 1.54 1.49 204901
20150304 1.49 1.49 1.50 1.48 188971
20150305 1.49 1.47 1.49 1.45 748203
20150306 1.47 1.46 1.48 1.46 952182
20150309 1.46 1.51 1.52 1.42 1930012
20150310 1.50 1.48 1.50 1.47 1399780
20150311 1.48 1.49 1.52 1.48 1371019
20150312 1.50 1.55 1.58 1.50 2873238
20150313 1.55 1.56 1.59 1.54 1485132
20150316 1.57 1.59 1.59 1.54 1638692
20150317 1.61 1.61 1.62 1.59 1047328
20150318 1.62 1.65 1.65 1.62 1712900
20150319 1.65 1.63 1.65 1.62 615323
20150320 1.63 1.68 1.71 1.62 2253943
20150323 1.69 1.70 1.70 1.68 1822036
20150324 1.70 1.68 1.70 1.66 917361
20150325 1.67 1.64 1.68 1.63 338964
20150326 1.63 1.65 1.68 1.61 1944881
20150327 1.65 1.65 1.67 1.63 1640323
20150330 1.65 1.72 1.72 1.65 3035040
20150331 1.75 1.70 1.78 1.69 948278
20150401 1.69 1.73 1.74 1.69 1797312
20150402 1.74 1.71 1.75 1.69 474154
20150403 1.70 1.74 1.74 1.70 1096215
20150407 1.78 1.78 1.78 1.75 2538901
20150408 1.78 1.83 1.83 1.76 3265278
20150409 1.83 1.81 1.88 1.80 3107059
20150410 1.81 1.84 1.85 1.77 2655153
20150413 1.88 1.87 1.90 1.84 1990357
20150414 1.86 1.86 1.88 1.83 2459222
20150415 1.86 1.86 1.91 1.83 2643535
20150416 1.86 1.92 1.92 1.84 2379152
20150417 1.94 1.92 1.98 1.91 1963186
20150420 1.93 1.84 1.94 1.84 972756
20150421 1.83 1.88 1.89 1.83 1527702
20150422 1.89 1.95 1.95 1.89 1731416
20150423 1.96 1.92 1.97 1.91 1241128
20150424 1.90 1.87 1.90 1.84 263345
20150427 1.88 1.90 1.91 1.88 2020740
20150428 1.90 1.92 1.99 1.89 1884675
20150429 1.91 1.92 1.94 1.90 625485
20150430 1.92 1.89 1.94 1.88 588722
20150504 1.90 1.90 1.90 1.87 688670
20150505 1.90 1.83 1.90 1.81 284507
20150506 1.83 1.85 1.92 1.83 2052370
20150507 1.84 1.84 1.86 1.83 403213
20150508 1.85 1.84 1.90 1.80 266670
20150511 1.85 1.87 1.87 1.82 1071953
20150512 1.85 1.88 1.90 1.85 1198787
20150513 1.88 1.85 1.89 1.84 514365
20150514 1.86 1.84 1.87 1.83 598256
20150515 1.81 1.79 1.84 1.79 245212
20150518 1.77 1.75 1.78 1.75 182554
20150519 1.75 1.83 1.85 1.75 1902226
20150520 1.83 1.83 1.87 1.81 1397010
20150521 1.83 1.83 1.84 1.81 301122
20150522 1.84 1.89 1.90 1.84 1886687
20150525 1.90 1.94 1.95 1.89 1439793
20150526 1.94 1.95 1.96 1.91 757044
20150527 1.95 1.93 1.97 1.92 490008
20150528 1.93 1.80 1.93 1.79 940442
20150529 1.78 1.79 1.82 1.75 379349
20150601 1.78 1.87 1.89 1.77 2092653
20150602 1.86 1.86 1.88 1.84 544870
20150603 1.86 1.86 1.88 1.83 1441113
20150604 1.87 1.93 1.95 1.82 2211119
20150605 1.96 1.92 1.98 1.90 181629
20150608 1.92 2.03 2.04 1.91 2072347
20150609 2.04 2.00 2.05 1.97 618319
20150610 1.95 1.97 2.00 1.94 912720
20150611 1.97 1.96 1.99 1.94 816574
20150612 1.97 1.97 1.99 1.95 867577
20150615 1.97 1.91 1.98 1.91 120928
20150616 1.91 1.89 1.94 1.87 1359276
20150617 1.94 1.90 1.94 1.88 519995
20150618 1.91 1.82 1.91 1.82 170516
20150619 1.81 1.74 1.83 1.72 292282
20150623 1.73 1.79 1.80 1.69 345790
20150624 1.80 1.81 1.81 1.75 517149
20150625 1.83 1.77 1.85 1.74 772824
20150626 1.76 1.64 1.78 1.61 975373
20150629 1.66 1.62 1.71 1.51 1983917
20150630 1.63 1.73 1.73 1.61 2021518
20150701 1.73 1.67 1.73 1.66 280237
20150702 1.68 1.67 1.71 1.60 1530348
20150703 1.67 1.60 1.70 1.53 2029269
20150706 1.76 1.72 1.76 1.65 1293671
20150707 1.70 1.78 1.79 1.61 2051109
20150708 1.70 1.60 1.78 1.60 471507
20150709 1.59 1.74 1.76 1.49 1868126
20150710 1.68 1.78 1.87 1.68 1859278
20150713 1.76 1.73 1.80 1.68 2033971
20150714 1.72 1.68 1.73 1.61 1755818
20150715 1.68 1.69 1.71 1.64 1540495
20150716 1.69 1.67 1.70 1.64 460338
20150717 1.67 1.70 1.74 1.64 803317
20150720 1.69 1.70 1.71 1.67 475919
20150721 1.67 1.67 1.69 1.66 836200
20150722 1.65 1.65 1.68 1.65 550822
20150723 1.65 1.67 1.68 1.64 670525
20150724 1.67 1.65 1.68 1.63 277943
20150727 1.65 1.51 1.65 1.51 46852
20150728 1.51 1.53 1.57 1.43 1242440
20150729 1.50 1.54 1.54 1.49 117396
20150730 1.54 1.51 1.56 1.51 200338
