20140102 3.94 3.93 3.94 3.89 17802
20140103 3.93 3.89 3.93 3.84 23442
20140106 3.87 3.75 3.87 3.75 22914
20140107 3.76 3.79 3.81 3.74 16204
20140108 3.78 3.70 3.80 3.66 31861
20140109 3.71 3.65 3.76 3.65 24005
20140110 3.64 3.58 3.68 3.55 24158
20140113 3.58 3.55 3.60 3.53 19959
20140114 3.52 3.61 3.63 3.52 16291
20140115 3.62 3.58 3.62 3.55 13129
20140116 3.57 3.63 3.63 3.56 20819
20140117 3.59 3.57 3.61 3.56 8204
20140120 3.57 3.50 3.58 3.48 15691
20140121 3.51 3.54 3.55 3.50 13312
20140122 3.53 3.63 3.63 3.53 33769
20140123 3.63 3.61 3.63 3.60 15101
20140124 3.60 3.66 3.69 3.59 30235
20140130 3.88 4.03 4.03 3.78 65903
20140207 4.30 4.09 4.30 4.03 182368
20140210 4.06 4.06 4.10 3.97 101573
20140211 4.04 4.15 4.23 4.01 113991
20140212 4.12 4.11 4.13 4.04 68757
20140213 4.12 4.02 4.13 4.01 52575
20140214 4.03 4.08 4.09 3.99 46662
20140217 4.08 4.12 4.14 4.06 57852
20140218 4.10 4.04 4.11 4.03 43328
20140219 4.05 4.10 4.14 4.03 58530
20140220 4.10 4.12 4.15 4.06 59922
20140221 4.12 4.16 4.27 4.10 99581
20140224 4.12 4.13 4.14 4.04 53766
20140225 4.19 4.04 4.25 4.00 58017
20140226 4.00 4.02 4.04 3.91 48167
20140227 4.00 3.91 4.04 3.89 40551
20140228 3.91 3.96 3.96 3.84 27727
20140303 3.95 3.99 4.02 3.92 28358
20140304 3.96 4.00 4.01 3.93 20807
20140305 4.00 3.97 4.02 3.94 22082
20140306 3.96 3.93 3.97 3.89 28308
20140307 3.92 3.88 3.95 3.87 26401
20140310 3.88 3.75 3.88 3.73 29519
20140311 3.75 3.79 3.82 3.72 20589
20140312 3.76 3.76 3.82 3.72 18223
20140313 3.78 3.91 4.08 3.75 48925
20140314 3.88 3.85 3.88 3.80 26968
20140317 3.83 3.90 3.91 3.82 18566
20140318 3.89 3.91 3.94 3.86 20012
20140319 3.90 3.90 3.92 3.83 19908
20140320 3.90 3.90 3.95 3.86 35397
20140321 3.88 3.98 3.99 3.86 41620
20140324 3.99 4.03 4.04 3.94 43691
20140325 4.15 4.32 4.43 4.15 322455
20140326 4.20 4.15 4.29 4.12 124572
20140327 4.15 4.12 4.26 4.11 60615
20140328 4.12 4.06 4.16 4.03 50076
20140331 4.02 4.03 4.11 4.01 30968
20140401 4.01 4.09 4.12 4.01 44284
20140402 4.09 4.08 4.16 4.05 27324
20140403 4.07 4.11 4.12 4.05 26171
20140404 4.11 4.06 4.13 4.05 32739
20140408 4.06 4.07 4.10 4.03 53848
20140409 4.08 4.14 4.15 4.04 58022
20140410 4.12 4.11 4.14 4.08 36998
20140411 4.10 4.10 4.12 4.07 27187
20140414 4.10 4.15 4.19 4.07 48846
20140415 4.16 4.18 4.29 4.13 96032
20140416 4.16 4.21 4.27 4.12 65229
20140417 4.21 4.21 4.27 4.17 48149
20140418 4.20 4.16 4.21 4.12 40757
20140421 4.14 4.06 4.16 4.05 36220
20140422 4.05 4.08 4.10 4.04 33119
20140423 4.06 4.03 4.11 4.00 28366
20140424 4.05 4.02 4.08 4.02 17670
20140425 4.02 3.91 4.03 3.90 35260
20140428 3.91 3.80 3.92 3.78 24794
20140429 3.80 3.87 3.88 3.80 16248
20140430 3.85 3.88 3.96 3.84 18792
20140505 3.85 3.93 3.94 3.85 12420
20140506 3.91 3.94 3.95 3.87 18989
20140507 3.92 3.87 3.94 3.85 12700
20140508 3.87 3.89 3.91 3.84 11958
20140509 3.89 3.85 3.92 3.85 13242
20140512 3.86 3.96 3.98 3.86 21400
20140513 3.96 3.99 4.02 3.94 18017
20140514 3.99 3.95 4.01 3.94 14358
20140515 3.96 3.87 3.96 3.81 16185
20140516 3.88 3.88 3.89 3.84 9510
20140519 3.85 3.83 3.89 3.82 16019
20140520 3.86 3.83 3.90 3.79 24245
20140521 3.99 3.94 4.10 3.85 29433
20140522 3.91 3.88 3.94 3.87 21620
20140523 3.88 3.90 3.91 3.86 11096
20140526 3.92 3.92 3.93 3.84 19961
20140527 3.92 4.00 4.05 3.90 56535
20140528 3.97 3.99 4.00 3.93 35362
20140529 4.00 4.06 4.13 3.97 92825
20140530 4.07 4.10 4.21 4.05 117665
20140603 4.10 4.07 4.14 4.02 55113
20140604 4.05 3.95 4.06 3.90 51761
20140605 3.94 3.98 4.01 3.90 31098
20140606 3.98 3.93 3.98 3.89 32349
20140609 3.93 3.95 3.98 3.89 22422
20140610 3.94 3.97 3.99 3.92 20005
20140611 3.96 3.96 3.99 3.94 20083
20140612 3.96 3.92 3.96 3.89 29392
20140613 3.91 3.93 3.95 3.90 26661
20140616 3.93 3.94 3.95 3.91 23462
20140617 3.93 3.89 3.93 3.89 23891
20140618 3.91 3.84 3.91 3.84 25387
20140619 3.84 3.75 3.90 3.74 33228
20140620 3.82 3.83 3.83 3.75 20160
20140623 3.85 3.84 3.86 3.81 16391
20140624 3.84 3.87 3.89 3.82 13414
20140625 3.85 3.83 3.87 3.82 11997
20140626 3.83 3.86 3.88 3.82 23875
20140627 3.90 3.90 3.92 3.84 30978
20140630 3.91 3.88 3.91 3.87 21857
20140701 3.88 3.91 3.92 3.88 20739
20140702 3.91 3.92 3.95 3.89 26762
20140703 3.91 3.99 4.02 3.89 61906
20140704 4.00 3.96 4.00 3.94 18288
20140707 3.96 3.93 3.97 3.91 31355
20140708 3.95 3.97 3.97 3.90 23695
20140709 3.95 3.91 3.95 3.91 29014
20140710 3.91 3.90 3.92 3.88 21006
20140711 3.90 3.93 3.95 3.87 17530
20140714 3.91 3.95 3.98 3.86 47818
20140715 3.93 3.98 4.02 3.93 69447
20140716 3.96 4.03 4.04 3.92 74645
20140717 4.00 3.95 4.01 3.92 48573
20140718 3.95 3.96 4.01 3.92 47178
20140721 3.96 3.93 3.98 3.92 20131
20140722 3.93 3.97 3.99 3.91 46924
20140723 3.95 4.00 4.01 3.95 57087
20140724 4.00 4.03 4.03 3.97 55770
20140725 4.02 4.07 4.12 4.01 84023
20140728 4.07 4.12 4.15 4.05 91317
20140729 4.12 4.13 4.13 4.07 66399
20140730 4.12 4.08 4.13 4.07 61818
20140731 4.08 4.13 4.16 4.07 65323
20140801 4.10 4.10 4.15 4.08 68778
20140804 4.10 4.18 4.19 4.08 78372
20140805 4.17 4.20 4.22 4.15 66691
20140806 4.62 4.62 4.62 4.62 65098
20140807 4.85 5.08 5.08 4.76 443461
20140808 5.28 5.41 5.59 5.17 902356
20140811 5.35 5.19 5.35 5.08 606882
20140812 5.15 5.14 5.20 5.03 403756
20140813 5.10 5.05 5.14 4.95 270338
20140814 5.01 5.06 5.14 4.98 263191
20140815 5.03 5.06 5.07 4.97 183860
20140818 5.15 5.08 5.22 5.02 159167
20140819 5.07 5.00 5.08 4.96 185845
20140820 5.04 5.03 5.06 5.00 136043
20140821 5.00 4.91 5.03 4.87 151979
20140822 4.90 4.94 4.99 4.88 96679
20140825 4.94 4.99 5.00 4.92 124445
20140826 5.05 5.06 5.16 5.03 347844
20140827 5.01 4.93 5.04 4.83 166707
20140828 4.90 4.78 4.90 4.77 102143
20140829 4.76 4.82 4.84 4.75 60267
20140901 4.80 4.85 4.87 4.79 73159
20140902 4.86 4.92 4.92 4.85 99819
20140903 4.90 4.97 5.04 4.88 162324
20140904 4.97 4.97 4.98 4.91 116135
20140905 4.98 5.00 5.03 4.96 109722
20140909 5.00 4.99 5.03 4.95 74741
20140910 4.99 5.01 5.04 4.95 114611
20140911 5.02 5.04 5.16 5.00 191328
20140912 5.03 5.06 5.08 4.99 95430
20140915 5.13 5.09 5.13 5.06 101576
20140916 5.09 4.87 5.11 4.86 162405
20140917 4.88 4.86 4.92 4.78 114692
20140918 4.84 4.92 4.93 4.83 75183
20140919 4.94 4.91 4.94 4.84 69374
20140922 4.90 4.82 4.91 4.77 73320
20140923 4.85 4.93 4.96 4.82 77819
20140924 4.94 5.03 5.05 4.92 123228
20140925 5.09 5.01 5.14 5.00 156754
20140926 5.01 5.15 5.16 4.95 177653
20140929 5.16 5.35 5.40 5.13 231291
20140930 5.30 5.34 5.47 5.24 225808
20141008 5.30 5.29 5.33 5.22 117596
20141009 5.31 5.26 5.33 5.15 128296
20141010 5.25 5.19 5.25 5.16 88972
20141013 5.17 5.35 5.37 5.15 163406
20141014 5.33 5.39 5.55 5.29 214534
20141015 5.39 5.36 5.46 5.27 102679
20141016 5.32 5.40 5.54 5.29 168075
20141017 5.46 5.84 5.86 5.36 337993
20141020 5.85 5.78 5.90 5.64 180003
20141021 5.72 5.61 5.97 5.60 175789
20141022 5.59 5.37 5.60 5.31 167658
20141023 5.31 5.21 5.40 5.14 121508
20141024 5.21 5.23 5.34 5.19 67563
20141027 5.22 5.30 5.36 5.07 104008
20141028 5.20 5.35 5.36 5.16 113866
20141029 5.36 5.34 5.41 5.25 103452
20141030 5.33 5.50 5.58 5.33 149672
20141031 5.45 5.40 5.54 5.32 105008
20141103 5.36 5.44 5.49 5.34 81793
20141104 5.41 5.35 5.42 5.30 76599
20141105 5.35 5.20 5.36 5.20 103155
20141106 5.19 5.27 5.29 5.16 74305
20141107 5.25 5.18 5.33 5.15 82543
20141110 5.20 5.25 5.31 5.15 87433
20141111 5.25 5.57 5.59 5.16 299704
20141112 5.50 5.69 5.73 5.40 306638
20141113 5.69 5.56 5.79 5.52 196389
20141114 5.59 5.31 5.62 5.28 158419
20141117 5.33 5.36 5.44 5.25 87753
20141118 5.31 5.35 5.44 5.30 65031
20141119 5.36 5.28 5.36 5.26 79108
20141120 5.28 5.35 5.37 5.24 64666
20141121 5.37 5.50 5.65 5.34 146594
20141124 5.49 5.55 5.56 5.41 143308
20141125 5.51 5.56 5.59 5.46 146239
20141126 5.56 5.63 5.67 5.52 183149
20141127 5.65 5.55 5.67 5.50 152087
20141128 5.56 5.60 5.61 5.49 165912
20141201 5.63 5.67 5.75 5.58 183513
20141202 5.67 5.65 5.70 5.58 119607
20141203 5.66 6.02 6.06 5.63 323689
20141204 5.94 5.97 6.03 5.87 236685
20141205 5.98 5.61 6.01 5.50 246051
20141208 5.57 5.62 5.79 5.51 159264
20141209 5.62 5.47 5.88 5.42 228171
20141210 5.45 5.58 5.60 5.42 104196
20141211 5.53 5.72 5.75 5.50 139337
20141212 5.68 5.89 5.92 5.60 191194
20141215 5.88 5.85 5.88 5.75 121199
20141216 5.83 5.75 5.86 5.70 140210
20141217 5.74 5.63 5.75 5.56 115822
20141218 5.62 5.68 5.76 5.56 116380
20141219 5.69 5.63 5.74 5.52 113981
20141222 5.78 5.82 5.89 5.53 234865
20141223 5.80 5.75 5.83 5.60 125818
20141224 5.76 6.08 6.14 5.75 383241
20141225 6.00 6.08 6.10 5.93 204800
20141226 6.11 6.09 6.22 5.99 189221
20141229 6.08 6.29 6.44 6.02 319284
20141230 6.22 6.00 6.36 5.89 182289
20141231 5.94 5.93 6.02 5.78 156927
20150105 5.94 6.05 6.09 5.93 135261
20150106 6.05 6.03 6.09 5.86 114394
20150107 6.02 5.97 6.04 5.90 85299
20150108 5.96 6.19 6.24 5.91 203014
20150109 6.20 6.03 6.24 6.01 138331
20150112 5.95 5.83 5.98 5.78 106378
20150113 5.75 5.86 5.92 5.75 63476
20150114 5.86 5.74 5.93 5.67 62885
20150115 5.77 5.72 5.77 5.57 105071
20150116 5.72 5.77 5.78 5.70 54507
20150119 5.70 5.36 5.70 5.29 131583
20150120 5.36 5.51 5.51 5.36 80182
20150121 5.51 5.62 5.64 5.49 83671
20150122 5.61 5.69 5.72 5.58 79046
20150123 5.64 5.58 5.69 5.56 66237
20150126 5.58 5.67 5.68 5.53 54081
20150127 5.67 5.77 5.80 5.62 103268
20150128 5.75 5.79 5.85 5.68 80183
20150129 5.75 5.67 5.79 5.66 57132
20150130 5.68 5.61 5.74 5.60 44705
20150202 5.59 5.58 5.65 5.51 46870
20150203 5.58 5.63 5.65 5.56 46938
20150204 5.65 5.65 5.72 5.62 46972
20150205 5.68 5.54 5.71 5.53 52153
20150206 5.55 5.34 5.55 5.34 68259
20150209 5.33 5.39 5.54 5.33 47669
20150210 5.39 5.44 5.53 5.38 39109
20150211 5.44 5.43 5.47 5.40 31415
20150212 5.43 5.50 5.55 5.41 37455
20150213 5.53 5.59 5.63 5.52 48148
20150216 5.61 5.64 5.69 5.60 53853
20150217 5.64 5.63 5.68 5.61 49150
20150225 5.63 5.63 5.69 5.61 54502
20150226 5.63 5.72 5.79 5.60 80743
20150227 5.70 5.75 5.76 5.67 67107
20150302 5.78 5.83 5.87 5.72 101900
20150303 5.82 5.88 5.90 5.77 99559
20150304 5.88 5.93 5.94 5.84 103856
20150305 5.95 6.00 6.01 5.89 120424
20150306 6.01 5.88 6.03 5.87 110687
20150309 5.87 5.98 6.00 5.81 90812
20150310 5.98 6.02 6.09 5.93 104033
20150311 6.02 6.02 6.07 5.96 99655
20150312 6.00 5.91 6.08 5.88 100078
20150313 5.93 5.95 5.96 5.89 63815
20150316 5.97 6.13 6.18 5.96 128078
20150317 6.12 6.28 6.38 6.10 219126
20150318 6.45 6.39 6.46 6.20 224683
20150319 6.34 6.73 6.85 6.28 258381
20150320 6.68 6.71 6.87 6.63 226870
20150323 6.75 6.75 6.85 6.67 155935
20150324 6.75 6.56 6.78 6.33 225500
20150325 6.51 6.75 6.77 6.45 218112
20150326 6.68 7.07 7.36 6.64 351358
20150327 7.00 7.05 7.25 6.92 230530
20150330 7.07 7.25 7.37 7.06 180686
20150331 7.48 7.23 7.58 7.19 249685
20150401 7.18 7.23 7.32 7.10 174078
20150402 7.21 7.31 7.33 7.15 188841
20150403 7.23 7.49 7.54 7.20 218835
20150407 7.56 7.81 7.92 7.48 250361
20150408 7.84 7.63 7.89 7.53 202669
20150409 7.67 7.76 7.81 7.41 230225
20150410 7.77 7.85 7.97 7.71 244959
20150413 7.86 7.88 7.92 7.76 203813
20150414 7.88 7.70 7.88 7.62 191649
20150415 7.70 7.27 7.70 7.25 215200
20150416 7.22 7.36 7.54 7.14 203219
20150417 7.45 7.31 7.49 7.29 185162
20150420 7.28 7.07 7.38 7.07 212497
20150421 7.08 7.47 7.51 7.08 251618
20150422 7.48 7.72 7.80 7.48 287037
20150423 7.71 7.92 8.10 7.59 316972
20150424 7.80 7.67 7.91 7.50 277566
20150427 7.85 7.83 8.04 7.67 281070
20150428 7.83 7.51 7.87 7.40 197683
20150429 7.45 7.64 7.76 7.41 143054
20150430 7.58 7.58 7.83 7.53 162459
20150504 7.59 7.76 7.79 7.58 196882
20150505 7.76 7.31 7.76 7.30 173219
20150506 7.30 7.12 7.44 7.04 136881
20150507 7.10 6.90 7.18 6.84 113094
20150508 7.01 7.08 7.10 6.92 104667
20150511 7.15 7.32 7.33 7.09 136730
20150512 7.33 7.49 7.66 7.30 217044
20150513 7.48 7.46 7.61 7.35 149899
20150514 7.45 7.64 7.65 7.41 179331
20150515 7.66 7.52 7.67 7.38 153209
20150518 7.48 7.80 7.95 7.39 266328
20150519 7.78 8.19 8.31 7.74 366884
20150520 8.23 8.18 8.32 8.09 270679
20150521 8.08 8.18 8.28 8.08 183760
20150522 8.20 8.43 8.50 8.12 314190
20150525 8.42 8.62 8.74 8.30 312796
20150526 8.69 8.77 8.83 8.40 300538
20150527 8.70 9.65 9.65 8.55 570950
20150528 9.65 8.69 9.87 8.69 531912
20150529 8.66 8.52 8.86 7.89 296831
20150601 8.53 9.11 9.28 8.51 299870
20150602 9.05 9.43 9.50 9.03 277378
20150603 9.49 10.07 10.29 9.34 428002
20150604 10.10 10.15 10.38 9.10 346426
20150605 10.42 10.15 10.50 9.81 348053
20150608 10.24 11.17 11.17 10.03 489011
20150609 12.20 11.52 12.20 11.12 759798
20150610 11.17 11.39 11.56 11.00 406924
20150611 11.22 11.76 12.04 11.20 380969
20150612 11.71 12.63 12.80 11.68 425165
20150615 12.60 12.33 12.60 12.10 370465
20150616 12.07 11.40 12.16 11.30 296094
20150617 11.30 11.69 11.88 10.50 268375
20150618 11.65 11.61 12.02 11.33 232600
20150619 11.34 10.45 11.34 10.45 257324
20150623 10.40 10.07 10.66 9.41 249464
20150624 10.22 10.40 10.49 10.03 254128
20150625 10.40 11.44 11.44 10.22 621281
20150626 11.10 11.90 12.24 10.59 987077
20150629 13.00 13.09 13.09 11.95 1139525
20150630 12.88 13.78 14.40 11.78 1091078
20150701 13.03 12.40 13.67 12.40 799871
20150702 11.70 11.16 12.20 11.16 439930
20150703 10.04 10.04 10.95 10.04 348517
20150706 10.73 9.04 10.88 9.04 462623
20150707 8.14 8.14 8.14 8.14 27407
20150713 8.95 8.95 8.95 8.95 23307
20150714 9.85 9.85 9.85 9.38 521179
20150715 10.00 8.87 10.00 8.87 334450
20150716 7.99 8.44 9.05 7.98 452846
20150717 8.40 8.93 9.13 8.31 370224
20150720 8.82 9.57 9.59 8.63 448846
20150721 9.26 9.33 9.65 9.21 350153
20150722 9.35 10.14 10.26 9.21 609592
20150723 10.01 10.25 10.58 9.69 562340
20150724 10.11 9.90 10.46 9.71 482910
20150727 9.60 8.91 9.75 8.91 373699
20150728 8.02 8.24 8.82 8.02 374423
20150729 8.35 8.93 9.05 8.18 280815
20150730 8.95 8.44 9.05 8.31 261974
