20140102 11.22 11.70 11.70 11.10 10172
20140103 11.70 11.75 11.92 11.60 6764
20140106 11.75 11.67 11.82 11.51 6283
20140107 11.60 11.01 11.63 10.95 7040
20140108 11.02 11.29 11.35 11.01 5759
20140109 11.10 11.23 11.49 11.10 5460
20140110 11.20 11.25 11.38 11.09 3647
20140113 11.24 11.20 11.49 11.12 2495
20140114 11.31 11.16 11.31 10.91 8401
20140115 11.15 11.02 11.15 10.90 5742
20140116 11.10 11.17 11.23 11.02 3659
20140117 11.05 11.09 11.27 11.02 2356
20140120 10.95 11.03 11.28 10.89 2002
20140121 11.06 11.02 11.09 11.01 3961
20140122 11.04 11.21 11.21 10.99 6549
20140123 11.23 11.50 11.64 11.18 8579
20140124 11.50 11.90 12.12 11.42 16562
20140127 11.99 11.94 12.18 11.65 8266
20140128 12.05 11.87 12.05 11.86 3959
20140129 11.87 12.32 12.46 11.77 7178
20140130 12.22 12.40 12.57 12.10 5251
20140207 12.19 12.20 12.30 12.00 6961
20140210 12.20 12.31 12.52 12.18 14352
20140211 12.32 12.40 12.55 12.32 10799
20140212 12.21 12.64 12.64 12.19 9607
20140213 12.47 12.41 12.63 12.40 8423
20140214 12.25 12.56 12.58 12.25 7254
20140217 12.40 12.42 12.46 12.28 18128
20140218 12.43 12.30 12.43 12.21 18936
20140219 12.30 12.32 12.35 12.07 13303
20140220 12.25 12.41 12.56 12.13 9616
20140221 12.30 13.19 13.50 12.30 27110
20140224 13.34 13.18 13.34 12.92 19379
20140225 13.16 13.10 13.59 13.10 20006
20140226 12.90 13.56 13.59 12.88 18898
20140227 13.70 13.76 14.28 13.65 30484
20140228 13.76 13.66 14.08 13.13 12084
20140303 13.61 14.01 14.20 13.61 16237
20140304 14.00 14.04 14.33 13.70 15272
20140305 14.04 13.93 14.24 13.76 5752
20140306 13.81 13.51 14.00 13.49 9290
20140307 13.50 13.56 13.90 13.37 7741
20140310 13.13 13.89 13.91 13.13 13691
20140311 13.88 13.68 13.88 13.00 7750
20140312 13.76 13.73 13.80 13.40 5424
20140313 13.73 13.87 14.12 13.61 8737
20140314 13.87 13.92 14.00 13.81 5974
20140317 14.10 13.95 14.18 13.71 8790
20140318 13.84 13.89 14.00 13.80 13574
20140319 13.80 14.35 14.46 13.80 24427
20140320 14.35 13.98 14.37 13.96 13167
20140321 13.92 14.12 14.20 13.90 7896
20140324 14.18 14.24 14.29 14.04 7315
20140325 14.24 14.08 14.35 14.05 7804
20140326 14.00 14.14 14.20 14.00 8437
20140327 14.35 13.95 14.36 13.93 9405
20140328 13.88 13.77 13.97 13.60 9564
20140331 13.77 13.52 13.77 13.52 7958
20140401 13.41 13.84 13.89 13.39 5349
20140402 13.84 13.77 13.87 13.71 3775
20140403 13.77 13.90 13.93 13.56 3890
20140404 14.00 14.09 14.11 13.83 5124
20140408 14.30 14.17 14.30 14.00 4775
20140409 14.01 14.73 15.42 14.01 25508
20140410 14.58 14.07 14.77 14.01 24472
20140411 14.03 13.36 14.03 13.29 34372
20140414 13.40 13.44 13.57 13.23 12799
20140415 13.44 13.63 13.65 13.35 13306
20140416 13.90 14.81 14.99 13.90 55014
20140417 14.70 14.30 14.79 14.30 27151
20140418 14.14 14.40 14.66 14.13 23940
20140421 14.46 14.90 14.92 14.25 33855
20140729 13.41 14.62 14.95 13.41 125430
20140730 14.10 13.96 14.28 13.81 74142
20140731 13.97 13.97 14.03 13.67 34290
20140801 13.90 13.62 13.95 13.55 37069
20140804 13.62 13.49 13.72 13.40 30179
20140805 13.47 13.88 14.00 13.47 42459
20140806 13.83 13.78 13.83 13.70 18032
20140807 13.78 13.99 14.07 13.66 34588
20140808 13.98 14.06 14.12 13.90 21644
20140811 14.09 14.25 14.35 14.02 25165
20140812 14.22 14.15 14.34 13.99 25239
20140813 14.12 14.04 14.12 13.90 17985
20140814 13.88 14.08 14.15 13.71 16307
20140815 14.08 14.08 14.12 13.95 13379
20140818 14.11 14.14 14.24 14.07 20510
20140819 14.23 14.55 14.74 14.09 34060
20140820 14.46 14.35 14.63 14.30 17136
20140821 14.49 14.65 14.74 14.40 21017
20140822 14.66 14.62 14.78 14.52 18784
20140825 14.55 14.64 14.99 14.55 21342
20140826 14.59 14.45 14.78 14.21 17615
20140827 14.59 14.55 14.61 14.30 16339
20140828 14.50 14.14 14.66 14.12 10806
20140829 14.18 14.22 14.26 14.07 10302
20140901 14.15 14.20 14.35 14.14 18679
20140902 14.25 14.45 14.48 14.17 20243
20140903 14.45 14.56 14.66 14.38 19237
20140904 14.55 15.07 15.10 14.55 44128
20140905 15.08 15.66 16.05 14.95 57718
20140909 15.72 15.58 15.86 15.50 35163
20140910 15.61 15.41 15.74 15.19 24346
20140911 15.38 15.41 15.56 15.20 21255
20140912 15.34 16.16 16.50 15.34 33855
20140915 16.00 15.90 16.40 15.80 44659
20140916 15.93 15.16 15.95 15.02 35769
20140917 15.24 15.49 15.52 14.65 34953
20140918 15.43 15.49 15.57 15.26 15874
20140919 15.47 15.44 15.51 15.25 23188
20140922 15.35 15.10 15.47 15.00 18859
20140923 15.25 15.34 15.40 15.10 14292
20140924 15.26 15.49 15.69 15.18 30501
20140925 15.47 15.50 15.72 15.43 28677
20140926 15.76 15.70 15.78 15.47 24955
20140929 15.83 15.78 16.48 15.65 55897
20140930 15.76 16.02 16.19 15.71 31275
20141008 16.00 16.34 16.44 15.90 34771
20141009 16.40 16.11 16.40 15.85 31567
20141010 16.14 16.03 16.34 15.87 27828
20141013 15.86 15.89 16.03 15.63 24588
20141014 15.80 16.37 16.40 15.80 43725
20141015 16.39 16.85 17.20 16.05 47107
20141016 16.70 16.70 17.48 16.57 44381
20141017 16.57 16.21 16.85 15.99 24874
20141020 16.10 16.23 16.37 16.01 22974
20141021 16.22 16.60 16.79 16.06 29437
20141022 16.50 16.76 17.14 16.42 31850
20141023 16.76 16.36 16.95 16.11 26487
20141024 16.35 16.24 16.44 16.10 12161
20141027 16.18 16.54 16.55 16.02 9989
20141028 16.58 17.00 17.30 16.58 22430
20141029 17.09 17.03 17.10 16.83 27616
20141030 17.02 17.68 17.88 16.78 53641
20141031 17.62 17.87 18.15 17.50 46007
20141103 17.99 17.58 17.99 17.31 40306
20141104 17.55 17.30 17.75 17.25 19977
20141105 17.19 17.65 17.75 17.19 19546
20141106 17.52 17.44 17.75 17.23 16649
20141107 17.41 17.08 17.60 16.89 24607
20141110 17.09 17.53 17.58 17.09 19793
20141111 17.45 16.52 17.71 16.50 28797
20141112 16.49 16.83 16.96 16.36 12579
20141113 16.84 16.24 16.91 16.10 16653
20141114 16.29 16.39 16.57 16.02 9689
20141117 16.37 16.69 16.79 16.30 10026
20141118 16.75 16.73 16.85 16.51 8310
20141119 16.73 16.57 16.73 16.38 17832
20141120 16.46 16.41 16.60 16.28 15253
20141121 16.35 16.46 16.50 16.30 10955
20141124 16.52 16.24 16.59 16.12 24649
20141125 16.38 16.47 16.48 16.09 27595
20141126 16.49 17.16 17.17 16.45 37299
20141127 17.07 17.16 17.39 16.93 21041
20141128 16.24 15.96 16.76 15.72 87033
20141201 15.74 15.62 15.94 15.18 44197
20141202 15.62 15.87 16.05 15.40 20808
20141203 15.79 15.80 15.99 15.48 26043
20141204 15.72 15.84 15.93 15.60 19845
20141205 15.78 15.60 15.79 15.35 49441
20141208 15.59 15.52 15.83 15.40 33704
20141209 15.49 15.10 15.49 14.88 44645
20141210 14.94 15.74 15.79 14.93 53200
20141211 15.51 15.74 15.83 15.51 22099
20141212 15.62 15.74 15.75 15.59 24600
20141215 15.00 15.45 15.63 14.80 69114
20141216 15.28 15.03 15.28 15.00 28201
20141217 14.96 15.02 15.06 14.50 35748
20141218 14.83 15.06 15.19 14.63 26391
20141219 14.99 15.00 15.10 14.85 31993
20141222 14.80 15.12 15.31 14.70 42687
20141223 15.00 15.12 15.59 14.80 26679
20141224 14.96 15.25 15.49 14.96 17268
20141225 15.25 15.09 15.31 14.99 24478
20141226 15.09 14.95 15.24 14.70 39406
20141229 14.95 14.83 14.95 14.63 25844
20141230 14.71 14.63 14.83 14.60 14405
20141231 14.65 14.85 14.94 14.65 15279
20150105 14.85 14.94 15.10 14.85 14444
20150106 14.93 15.11 15.19 14.75 17602
20150107 15.05 15.06 15.11 14.92 9420
20150108 15.01 15.09 15.15 14.90 13276
20150109 15.09 15.14 15.26 15.09 26329
20150112 15.15 15.15 15.20 14.92 11566
20150113 15.12 15.51 15.60 15.10 33683
20150114 15.40 15.33 15.59 15.06 23420
20150115 15.10 14.97 15.30 13.80 19997
20150116 14.95 15.24 15.45 14.80 33793
20150119 15.15 15.45 15.46 14.70 49087
20150203 16.10 17.00 17.00 16.00 115467
20150204 18.00 16.98 18.00 16.96 144118
20150205 16.75 16.64 16.90 16.47 61159
20150206 16.35 16.11 16.63 15.60 44425
20150209 16.60 16.96 16.99 16.40 66512
20150210 16.90 16.73 16.92 16.38 60146
20150211 16.42 16.72 17.26 16.42 36605
20150212 16.95 17.44 17.46 16.71 40028
20150213 17.90 17.19 17.90 17.12 29732
20150216 17.19 17.21 17.31 16.83 31565
20150217 17.16 17.29 17.32 16.90 25140
20150225 17.20 17.59 17.88 17.20 64998
20150226 17.57 17.40 17.57 17.22 26491
20150227 17.40 17.23 17.40 17.09 15476
20150302 17.63 17.59 17.83 17.29 49458
20150303 17.41 17.49 17.70 17.30 27873
20150304 17.45 18.30 18.34 17.29 40308
20150305 18.31 18.16 18.31 17.80 33386
20150306 18.09 17.74 18.09 17.51 16816
20150309 17.71 17.90 18.17 17.53 14471
20150310 17.95 18.09 18.25 17.62 45666
20150311 18.09 17.94 18.09 17.65 16558
20150312 17.78 17.72 18.10 17.60 32218
20150313 17.72 18.00 18.03 17.65 20603
20150316 18.00 18.62 18.98 17.81 67288
20150317 18.56 18.45 18.70 18.24 25294
20150318 18.28 18.49 18.71 18.24 23244
20150319 18.49 18.41 18.79 18.21 26012
20150320 18.41 18.36 18.54 18.17 23508
20150323 18.36 18.62 18.68 18.25 32770
20150324 18.62 18.62 18.70 18.11 34230
20150325 18.49 20.12 20.34 18.49 55798
20150326 20.01 19.54 20.04 19.26 27096
20150327 19.54 20.68 21.19 19.51 31027
20150330 19.49 19.51 19.93 18.61 59852
20150331 19.58 19.79 20.08 19.30 30149
20150401 19.80 20.01 20.05 19.46 26014
20150402 19.99 20.07 20.33 19.78 25213
20150403 19.95 20.46 20.70 19.73 34310
20150407 20.50 20.45 20.94 20.02 37750
20150408 20.48 20.46 20.50 19.86 45890
20150409 20.30 20.49 20.50 19.89 51916
20150410 20.55 20.81 21.18 20.49 28373
20150413 22.30 22.89 22.89 21.58 62629
20150414 23.29 22.97 24.55 22.70 57009
20150415 22.38 24.33 24.55 22.27 53932
20150416 24.13 25.21 26.20 21.95 72870
20150417 25.30 25.03 26.30 24.50 38804
20150420 24.88 23.28 24.90 23.00 32142
20150421 23.10 23.99 24.35 22.98 18600
20150422 24.00 24.84 25.20 24.00 26207
20150423 24.84 24.35 25.27 24.13 31799
20150424 24.32 26.61 26.79 23.10 53296
20150427 26.95 25.90 27.50 25.66 55396
20150428 26.07 25.38 26.11 24.88 26986
20150429 25.30 25.29 25.90 24.88 20903
20150430 25.45 25.40 26.05 25.05 14725
20150504 25.44 25.26 25.79 24.99 15575
20150505 25.03 24.50 25.43 24.44 15497
20150506 24.20 24.39 25.38 24.20 15429
20150507 24.80 24.70 24.80 23.46 20547
20150508 24.53 24.89 25.15 24.43 24538
20150511 25.00 25.98 26.52 24.77 36513
20150512 25.97 25.94 26.38 25.67 28127
20150513 25.90 26.09 26.42 25.42 33508
20150514 26.08 25.99 27.40 25.73 41636
20150515 25.71 25.97 26.20 25.30 19967
20150518 25.75 27.31 27.45 25.72 43470
20150519 27.05 28.67 29.90 26.80 49414
20150520 28.53 28.27 29.77 27.85 49508
20150521 28.18 29.25 29.43 27.91 31344
20150522 29.25 29.33 29.58 28.60 22254
20150525 29.10 29.77 30.15 28.51 32432
20150526 29.81 29.87 29.98 29.28 46272
20150527 29.90 32.66 32.86 26.88 86246
20150528 32.00 29.54 33.95 29.49 62856
20150529 29.55 28.83 29.80 27.01 34103
20150601 29.09 30.29 30.98 28.66 32957
20150602 30.20 33.32 33.32 29.80 42869
20150617 29.99 32.50 33.30 29.99 88055
20150618 31.08 33.12 35.20 30.96 69773
20150619 31.29 29.83 32.97 29.81 34687
20150623 29.20 29.54 31.78 27.02 48229
20150624 29.69 30.44 30.98 29.00 34706
20150625 30.80 31.47 32.98 30.20 51978
20150626 29.90 28.32 32.30 28.32 51930
20150629 29.08 26.00 29.54 25.49 52395
20150630 26.00 26.93 27.61 23.40 37122
20150701 26.22 25.66 28.00 25.10 37397
20150702 25.80 23.09 25.80 23.09 27224
20150703 20.99 20.78 23.60 20.78 35277
20150706 22.79 20.33 22.80 18.70 43029
20150707 19.65 18.30 19.65 18.30 7668
20150713 20.13 20.13 20.13 20.13 4814
20150714 22.14 22.14 22.14 21.00 27538
20150715 23.10 21.57 23.40 21.01 61947
20150716 20.20 22.65 22.69 20.00 42114
20150717 22.60 23.80 24.15 22.00 33739
20150720 23.76 24.78 25.01 23.50 35421
20150721 24.62 25.10 25.30 23.61 19289
20150722 25.13 25.50 25.58 24.52 21885
20150723 25.28 26.81 26.99 25.00 43514
20150724 26.79 27.00 27.20 26.42 25717
20150727 26.68 24.30 27.13 24.30 24617
20150728 21.88 24.43 25.50 21.88 41547
20150729 24.89 26.64 26.87 24.27 29533
20150730 26.91 26.42 27.79 24.30 30506
