20140102 13.12 13.24 13.33 13.12 50249
20140103 13.27 12.92 13.27 12.90 77875
20140106 12.86 12.39 12.90 12.33 80273
20140107 12.40 12.54 12.58 12.39 48958
20140108 12.57 12.63 12.78 12.45 72596
20140109 12.64 12.41 12.72 12.35 74719
20140110 12.39 11.91 12.40 11.81 96224
20140113 11.93 11.58 12.06 11.47 69012
20140114 11.60 11.82 11.88 11.52 47031
20140115 11.82 12.10 12.19 11.80 79974
20140116 12.12 12.02 12.18 11.97 45646
20140117 11.98 11.74 11.98 11.69 52708
20140120 11.79 11.78 11.93 11.72 37988
20140121 11.77 11.91 11.97 11.76 39006
20140122 11.98 12.23 12.23 11.95 86563
20140123 12.23 12.20 12.32 12.11 76545
20140124 12.20 12.29 12.33 12.13 65273
20140127 12.38 12.33 12.65 12.33 94577
20140128 12.32 12.18 12.48 12.02 51343
20140129 12.24 12.46 12.50 12.20 73596
20140130 12.47 12.69 12.91 12.30 125813
20140207 12.49 13.14 13.23 12.47 165516
20140210 13.14 13.29 13.39 13.07 184342
20140211 13.33 13.11 13.45 13.03 146402
20140212 13.11 13.18 13.19 12.93 110529
20140213 13.10 12.76 13.12 12.74 103940
20140214 12.75 12.94 12.99 12.72 66331
20140217 13.04 13.34 13.41 12.96 175963
20140218 13.34 13.47 13.54 13.17 181648
20140219 13.35 13.34 13.47 13.20 94063
20140220 13.34 13.07 13.41 12.98 112319
20140221 13.00 13.10 13.25 12.92 77506
20140224 13.05 12.87 13.06 12.78 70119
20140225 12.85 12.20 12.93 12.11 130355
20140226 12.19 12.09 12.19 11.81 86495
20140227 12.10 12.55 13.18 12.01 171814
20140228 12.36 12.66 12.75 12.24 111111
20140303 13.00 13.40 13.59 12.80 288131
20140304 13.30 13.26 13.69 13.05 258814
20140305 13.20 12.96 13.25 12.90 143892
20140306 12.82 12.79 12.95 12.69 89521
20140307 12.79 13.06 13.23 12.79 136907
20140310 12.81 12.26 12.85 12.17 129537
20140311 12.25 12.37 12.47 12.16 69022
20140312 12.45 12.37 12.55 12.01 65512
20140313 12.37 12.54 12.59 12.25 75272
20140314 12.47 12.35 12.47 12.20 60610
20140317 12.38 12.59 12.64 12.33 78394
20140318 12.52 12.52 12.63 12.45 62826
20140319 12.48 12.42 12.53 12.25 56903
20140320 12.35 11.90 12.45 11.88 82159
20140321 11.70 12.14 12.24 11.70 68470
20140324 12.20 12.25 12.37 12.18 44464
20140325 12.29 12.23 12.30 12.18 45535
20140326 12.27 12.18 12.30 12.13 37209
20140327 12.15 11.91 12.17 11.87 56152
20140328 11.95 11.67 12.04 11.61 56190
20140331 11.72 11.94 12.15 11.71 57634
20140401 12.03 12.00 12.06 11.84 49233
20140402 11.94 11.91 12.06 11.88 37645
20140403 11.93 11.94 12.03 11.89 36159
20140404 11.97 12.20 12.21 11.94 71055
20140408 12.20 12.32 12.42 12.10 94966
20140409 12.32 12.31 12.39 12.21 64143
20140410 12.33 12.21 12.33 12.10 81341
20140411 12.19 12.27 12.29 12.12 58017
20140414 12.21 12.26 12.32 12.19 40911
20140415 12.41 12.24 12.49 12.17 98327
20140416 12.16 12.23 12.30 12.13 43745
20140417 12.30 12.16 12.33 12.13 33464
20140418 12.16 12.17 12.20 12.08 32620
20140421 12.10 11.86 12.14 11.84 48894
20140422 11.81 11.83 11.95 11.70 47229
20140423 11.83 12.13 12.17 11.80 68521
20140424 12.15 11.94 12.17 11.89 50441
20140425 11.98 11.68 12.03 11.67 40008
20140428 11.67 11.06 11.77 10.92 66499
20140429 10.99 11.12 11.20 10.62 43464
20140430 11.12 11.21 11.23 11.02 32540
20140505 11.22 11.32 11.40 11.20 35853
20140506 11.29 11.34 11.46 11.27 31136
20140507 11.36 11.34 11.49 11.20 46914
20140508 11.24 11.22 11.41 11.20 32823
20140509 11.28 11.20 11.40 11.15 34101
20140512 11.35 11.43 11.44 11.21 48714
20140513 11.45 11.54 11.64 11.36 61267
20140514 11.50 11.41 11.56 11.39 35297
20140515 11.40 11.55 11.85 11.40 98724
20140516 11.51 11.47 11.64 11.27 52903
20140519 11.65 11.45 11.70 11.43 49784
20140520 11.46 11.31 11.54 11.25 49358
20140521 11.36 11.37 11.40 11.20 38538
20140522 11.37 11.43 11.60 11.32 71633
20140523 11.43 11.44 11.52 11.30 37788
20140526 11.45 11.49 11.53 11.40 46631
20140527 11.51 11.33 11.54 11.30 43987
20140528 11.31 11.44 11.46 11.22 60388
20140529 11.42 11.25 11.45 11.22 44646
20140530 11.31 11.69 11.88 11.25 162248
20140603 11.60 11.64 11.74 11.56 89853
20140604 11.65 11.54 11.69 11.31 85407
20140605 11.44 11.56 11.58 11.35 57783
20140606 11.54 11.39 11.56 11.38 45679
20140609 11.39 11.30 11.47 11.30 40790
20140610 11.30 11.35 11.45 11.25 56313
20140611 11.31 11.59 11.70 11.31 130522
20140612 11.52 11.62 11.75 11.49 100244
20140613 11.62 11.67 11.74 11.54 81039
20140616 11.68 11.87 11.94 11.68 108101
20140617 11.88 11.67 11.88 11.62 68654
20140618 11.68 11.78 11.94 11.68 96824
20140619 11.72 11.29 11.81 11.26 84561
20140620 11.30 11.33 11.41 11.25 36978
20140623 11.33 11.35 11.48 11.30 41487
20140624 11.32 11.74 11.90 11.32 115198
20140625 11.72 11.62 11.86 11.55 64078
20140626 11.62 11.76 11.80 11.60 60995
20140627 11.66 11.74 11.87 11.64 76482
20140630 11.75 12.25 12.51 11.75 262121
20140701 12.30 12.48 12.65 12.21 260748
20140702 12.63 12.72 13.10 12.41 279374
20140703 12.77 12.50 12.77 12.40 161055
20140704 12.51 12.54 12.60 12.38 115102
20140707 12.55 13.79 13.79 12.55 385498
20140708 15.17 15.17 15.17 14.63 1096750
20140709 15.75 16.69 16.69 15.52 786066
20140710 17.49 17.68 18.35 17.26 1366140
20140711 17.63 19.15 19.38 17.30 1238528
20140717 17.24 17.24 18.21 17.24 779129
20140718 17.00 16.10 17.45 15.96 1022637
20140721 16.20 17.71 17.71 16.05 959817
20140722 17.99 18.54 19.07 17.50 1106208
20140723 18.10 19.37 20.30 17.93 1059665
20140724 19.00 18.97 19.93 17.51 918469
20140725 18.67 18.50 19.00 17.99 611985
20140728 18.67 20.35 20.35 18.40 970332
20140729 20.27 22.39 22.39 20.10 1071563
20140730 22.45 22.07 23.92 22.00 1168668
20140731 21.93 23.50 24.10 21.42 1001695
20140801 22.93 22.32 23.92 22.25 832763
20140804 22.00 22.33 22.88 22.00 511695
20140805 22.33 23.71 24.28 21.53 979487
20140806 23.28 23.39 24.09 23.12 607742
20140807 23.40 22.67 23.74 22.50 542570
20140808 22.71 23.39 23.95 22.40 672272
20140811 23.28 23.50 24.24 23.07 577321
20140812 23.43 23.08 23.68 22.82 531564
20140813 22.83 22.70 23.20 22.15 488331
20140814 22.57 22.22 22.79 22.01 374199
20140815 22.49 22.30 22.70 22.10 306169
20140818 22.22 23.24 23.60 22.19 552724
20140819 23.15 23.27 23.79 22.60 564570
20140820 23.00 22.98 23.70 22.82 435150
20140821 22.90 23.08 23.50 22.81 307242
20140822 22.91 22.69 23.13 22.53 284550
20140825 22.69 22.14 22.70 22.11 252012
20140826 22.09 22.00 22.53 21.85 209431
20140827 21.88 22.21 22.80 21.85 219076
20140828 21.97 20.87 22.18 20.80 311556
20140829 20.94 21.20 21.40 20.94 151459
20140901 21.46 22.30 22.56 21.46 259660
20140902 22.50 22.89 23.29 22.03 459140
20140903 22.83 22.87 23.08 22.60 323056
20140904 22.85 24.72 25.10 22.70 846269
20140905 24.47 24.28 24.64 23.91 440712
20140909 24.25 23.91 24.95 23.79 418017
20140910 23.90 23.92 24.30 23.44 245517
20140911 23.70 24.16 24.23 23.43 349715
20140912 24.45 24.53 25.13 24.30 405395
20140915 24.31 24.49 24.96 24.02 345927
20140916 24.60 25.03 26.30 24.36 690118
20140917 24.60 23.98 24.75 23.21 364530
20140918 23.80 23.59 24.19 23.45 202184
20140919 23.59 24.02 24.30 23.55 193611
20140922 24.07 24.09 24.47 23.60 186544
20140923 24.06 24.78 25.39 24.06 377113
20140924 24.80 24.99 25.35 24.60 319655
20140925 25.17 25.23 26.23 24.86 410076
20140926 25.10 24.83 25.46 24.60 224808
20140929 24.80 24.90 25.15 24.60 190901
20140930 24.99 24.80 25.05 24.72 152516
20141008 24.75 25.94 26.35 24.75 360322
20141009 25.70 25.71 26.18 25.16 229818
20141010 25.71 28.28 28.28 25.44 626287
20141013 28.42 29.50 30.44 27.73 577211
20141014 29.35 29.11 30.77 28.92 388610
20141015 28.84 29.24 29.77 27.81 309834
20141016 28.89 28.91 30.28 28.60 300589
20141031 31.00 30.84 31.77 28.90 567307
20141103 30.35 30.11 30.80 29.50 241098
20141104 29.90 29.04 29.93 28.73 230411
20141105 29.05 29.88 31.22 29.02 243353
20141106 29.51 28.90 29.82 28.47 212703
20141107 28.90 28.55 29.32 28.41 154455
20141110 28.60 28.06 28.91 27.40 206582
20141111 27.99 25.96 27.99 25.35 305455
20141112 25.75 26.04 26.40 25.58 155768
20141113 26.10 24.25 26.12 23.80 262989
20141114 24.11 24.71 24.80 23.61 204484
20141117 25.00 25.89 26.40 24.50 256366
20141118 25.81 25.95 26.65 25.60 174920
20141119 26.07 25.85 26.59 25.38 165126
20141120 25.71 25.20 25.73 25.10 107362
20141121 25.08 25.28 25.48 25.05 90795
20141124 25.55 25.75 26.20 25.32 162534
20141125 25.80 26.81 27.16 25.80 255827
20141126 26.82 26.70 27.29 25.98 227841
20141127 26.67 26.80 27.10 26.30 200788
20141128 26.76 26.31 27.30 26.13 198873
20141201 26.31 25.16 26.31 25.00 192041
20141202 25.03 25.28 25.51 25.01 130042
20141203 25.28 26.15 26.20 24.60 278484
20141204 26.16 26.50 26.93 25.90 326055
20141205 26.72 29.04 29.10 24.51 663538
20141208 29.50 30.07 31.38 29.50 639670
20141209 30.43 27.06 30.43 27.06 592455
20141210 26.75 27.37 28.05 25.01 341137
20141211 27.32 27.39 27.99 26.50 206940
20141212 27.39 27.06 27.69 26.82 145217
20141215 25.58 26.72 27.46 25.20 197638
20141216 26.69 27.13 27.79 26.50 227885
20141217 26.86 26.21 27.41 25.90 194692
20141218 26.22 26.95 27.70 26.09 248170
20141219 26.50 25.99 26.60 25.35 233871
20141222 25.97 24.16 25.97 24.11 184907
20141223 24.16 24.08 24.87 24.02 88102
20141224 24.12 24.51 24.68 24.03 93634
20141225 24.50 24.81 24.99 24.43 91349
20141226 24.64 25.82 26.40 24.16 223005
20141229 25.50 25.27 25.98 25.21 159952
20141230 25.25 24.24 25.50 24.18 103894
20141231 24.23 24.47 24.94 24.20 68198
20150105 24.55 24.49 24.92 24.09 90668
20150106 24.46 25.09 25.48 24.15 153474
20150107 25.17 24.76 25.17 24.62 95045
20150108 24.67 24.62 25.02 24.52 88816
20150109 24.15 24.25 24.85 24.15 98546
20150112 24.30 23.00 24.38 22.77 124313
20150113 23.00 23.30 23.53 23.00 68292
20150114 23.30 23.37 23.84 23.00 78272
20150115 23.34 23.40 23.48 23.01 77276
20150116 23.40 24.19 24.72 23.22 150882
20150119 23.15 23.26 24.45 22.95 125815
20150120 23.41 24.45 24.50 23.41 171869
20150121 24.55 24.85 25.10 24.44 147844
20150122 24.86 27.34 27.34 24.78 362520
20150123 28.79 26.75 28.79 26.39 477839
20150126 27.17 26.80 27.37 26.40 251462
20150127 27.10 26.96 27.50 26.57 241673
20150128 26.98 26.35 27.15 26.03 162500
20150129 26.17 26.15 26.69 26.00 92949
20150130 26.24 26.72 27.89 26.10 232196
20150202 26.50 26.63 27.21 26.28 176537
20150203 26.68 26.48 26.89 25.80 176981
20150204 26.40 26.51 27.20 26.30 187242
20150205 26.53 25.56 26.70 25.53 217368
20150206 25.79 24.41 25.88 24.23 136813
20150209 24.78 24.70 25.42 24.32 79834
20150210 24.53 24.76 24.80 24.45 60700
20150211 24.81 24.96 25.20 24.75 77530
20150212 24.97 25.11 25.29 24.70 68900
20150213 25.30 25.40 25.78 25.12 105520
20150216 25.69 25.96 26.09 25.44 113000
20150217 26.09 25.88 26.36 25.83 98792
20150225 25.98 25.95 26.32 25.68 92505
20150226 25.99 26.12 26.20 25.81 87869
20150227 26.35 26.60 27.66 26.35 280088
20150302 26.61 26.82 26.88 26.15 166792
20150303 26.83 27.30 27.66 26.56 304689
20150304 27.40 27.27 27.95 26.99 209774
20150305 27.30 26.65 27.49 26.51 149504
20150306 26.67 26.23 26.90 26.17 106847
20150309 26.19 26.47 26.55 25.70 78115
20150310 26.41 26.88 26.99 26.41 123895
20150311 26.86 26.27 26.99 26.16 114666
20150312 26.20 26.30 26.62 26.02 83842
20150313 26.41 26.37 26.55 26.24 81861
20150316 26.65 27.74 27.78 26.60 323404
20150317 28.00 30.51 30.51 26.88 853085
20150318 30.52 31.04 31.28 29.90 659709
20150319 31.30 31.34 31.68 30.40 385436
20150320 31.40 30.97 33.20 30.86 392673
20150323 30.80 31.04 31.43 30.52 314444
20150324 31.00 31.33 31.97 29.96 356565
20150325 31.41 33.09 34.17 31.41 490965
20150326 32.89 32.66 33.50 31.88 289376
20150327 32.24 33.20 33.97 32.01 231435
20150330 33.45 34.02 35.48 33.45 286800
20150331 34.12 34.13 35.19 33.43 250705
20150401 34.15 34.18 34.77 33.72 190841
20150402 34.60 33.96 34.68 33.63 158958
20150403 33.65 33.98 34.54 33.58 214385
20150407 34.23 33.80 34.33 33.00 200308
20150408 33.85 32.43 33.88 31.49 287970
20150409 32.40 31.04 32.42 29.96 184237
20150410 31.05 31.85 32.30 31.02 167613
20150413 31.85 32.35 32.77 31.68 193388
20150414 32.28 31.99 32.55 31.00 154344
20150415 31.85 30.79 32.37 30.75 127907
20150416 29.90 30.71 31.45 29.00 109670
20150417 31.39 32.78 33.59 30.98 277825
20150420 32.70 32.05 33.91 30.89 278312
20150421 32.00 33.20 34.18 31.90 284593
20150422 33.20 35.02 35.66 33.20 391378
20150423 34.70 34.99 36.44 34.40 296927
20150424 34.90 34.60 36.15 33.90 263452
20150427 35.59 35.06 36.28 34.70 283520
20150428 35.00 32.67 35.03 32.48 337430
20150429 33.88 34.24 34.99 33.08 309917
20150430 34.10 34.33 35.19 34.10 240279
20150504 34.56 37.76 37.76 34.30 435654
20150505 39.37 39.00 41.20 37.00 580326
20150506 38.80 39.55 40.84 38.28 382647
20150507 38.56 37.52 39.50 37.06 238900
20150508 38.38 41.24 41.27 38.38 365160
20150511 42.68 41.56 43.02 41.26 394476
20150512 41.30 45.08 45.72 40.41 540143
20150513 44.69 44.52 47.00 42.97 475499
20150514 45.00 47.16 48.70 45.00 383588
20150515 47.66 51.88 51.88 47.30 344045
20150518 53.00 56.10 56.30 50.30 516297
20150519 53.30 54.39 56.02 53.10 273722
20150520 54.53 54.59 57.60 54.50 283996
20150521 54.00 54.24 56.30 53.00 263689
20150522 54.30 53.88 55.33 52.30 255692
20150525 53.00 57.43 57.99 52.00 350819
20150526 58.00 63.02 63.17 58.00 375229
20150527 62.99 61.68 65.35 59.88 344338
20150528 60.18 55.51 61.57 55.51 300295
20150529 54.55 55.51 56.95 50.00 259538
20150601 55.51 57.90 58.36 54.00 207734
20150602 58.58 59.20 60.76 57.84 183980
20150603 59.20 56.31 59.20 55.40 181331
20150604 55.18 57.27 57.50 51.32 161742
20150605 58.19 57.91 60.00 56.31 196738
20150608 58.10 55.49 58.20 55.01 138681
20150609 54.60 54.82 56.84 53.21 128055
20150610 53.80 55.52 56.40 53.23 130440
20150611 54.84 58.03 58.49 54.83 189166
20150612 58.05 59.80 60.50 57.30 231984
20150615 60.40 57.66 61.90 56.00 212659
20150616 57.00 54.06 57.00 53.40 139439
20150617 53.60 53.97 55.15 50.33 133080
20150618 54.00 52.34 55.48 52.20 92286
20150619 51.59 48.96 54.00 48.50 108184
20150623 48.89 52.33 52.50 45.01 136852
20150624 52.43 53.78 54.99 52.40 144859
20150625 53.05 50.99 54.54 49.00 106620
20150626 48.33 45.89 50.99 45.89 130936
20150629 47.11 41.30 48.48 41.30 219281
20150630 41.30 45.37 45.42 37.17 256330
20150701 45.00 42.75 47.90 41.70 223691
20150702 43.01 38.48 44.00 38.48 171232
20150703 36.50 36.23 40.02 34.63 255504
20150706 39.85 33.89 39.85 32.61 312038
20150707 35.01 30.50 35.01 30.50 114657
20150708 27.45 27.75 30.00 27.45 731207
20150709 27.00 30.53 30.53 27.00 163895
20150710 33.33 33.58 33.58 32.00 56527
20150713 36.94 36.94 36.94 36.94 21791
20150714 40.58 40.58 40.58 38.23 205360
20150715 40.50 38.87 40.55 36.52 244766
20150716 38.87 42.38 42.59 37.01 209195
20150717 43.00 46.62 46.62 42.40 222125
20150720 47.00 48.50 49.95 45.67 277017
20150721 46.50 46.96 48.90 46.38 155626
20150722 46.96 48.94 49.89 46.50 180634
20150723 48.13 49.91 50.88 47.51 160284
20150724 49.90 51.42 53.80 49.21 222273
20150727 51.50 47.38 54.50 46.28 284624
20150728 44.00 47.99 50.50 43.51 221801
20150729 49.50 52.65 52.79 46.00 199859
20150730 51.98 52.18 55.97 51.00 311798
