20140102 4.50 4.48 4.52 4.45 41206
20140103 4.43 4.35 4.45 4.32 69317
20140106 4.35 4.19 4.35 4.19 55327
20140107 4.18 4.20 4.27 4.15 34411
20140108 4.21 4.18 4.27 4.15 33539
20140109 4.18 4.19 4.22 4.10 54278
20140110 4.18 4.13 4.18 4.11 28774
20140113 4.17 4.06 4.17 4.03 26062
20140114 4.06 4.17 4.19 4.06 37217
20140115 4.14 4.16 4.18 4.10 29198
20140116 4.14 4.18 4.22 4.14 35506
20140117 4.19 4.10 4.19 4.08 24137
20140120 4.10 4.05 4.11 4.04 27051
20140121 4.06 4.08 4.10 4.05 22788
20140122 4.15 4.20 4.22 4.12 46991
20140123 4.22 4.37 4.38 4.17 70947
20140130 4.36 4.51 4.68 4.29 146469
20140207 4.46 4.56 4.68 4.42 64922
20140210 4.56 4.61 4.65 4.51 80101
20140211 4.60 4.51 4.60 4.49 80942
20140212 4.52 4.57 4.62 4.52 62304
20140213 4.55 4.45 4.63 4.45 63285
20140214 4.48 4.72 4.83 4.46 159373
20140217 4.72 4.75 4.81 4.69 111874
20140218 4.77 4.82 4.96 4.71 178720
20140219 4.81 4.80 4.86 4.74 96881
20140220 4.82 5.28 5.28 4.82 275500
20140221 5.30 5.21 5.47 5.11 310315
20140224 5.22 5.49 5.72 5.16 336916
20140225 5.51 5.35 5.70 5.22 307614
20140226 5.36 5.61 5.67 5.10 269615
20140227 5.63 5.35 5.67 5.33 225838
20140228 5.41 5.79 5.85 5.35 375790
20140303 5.78 6.09 6.25 5.68 364622
20140304 6.00 6.10 6.13 5.88 226137
20140305 6.05 5.93 6.12 5.82 239962
20140306 5.88 5.79 5.90 5.68 179686
20140307 5.79 5.52 5.87 5.50 175856
20140310 5.52 5.59 5.69 5.41 163453
20140311 5.54 5.44 5.60 5.39 100155
20140312 5.43 5.55 5.58 5.30 116949
20140313 5.56 5.58 5.62 5.49 80078
20140314 5.55 5.44 5.67 5.39 113705
20140317 5.41 5.49 5.50 5.40 72240
20140318 5.50 5.71 5.77 5.50 166064
20140319 5.70 5.65 5.70 5.56 72092
20140320 5.65 5.60 5.88 5.58 137438
20140321 5.54 5.74 5.79 5.50 100345
20140324 5.80 5.67 5.82 5.63 93025
20140325 5.67 5.75 5.90 5.66 112109
20140326 5.80 5.87 5.97 5.78 107055
20140327 5.85 5.77 5.86 5.65 99042
20140328 5.79 5.92 6.10 5.77 221819
20140331 6.15 5.43 6.24 5.33 288284
20140401 5.22 5.30 5.36 5.17 175745
20140402 5.28 5.17 5.34 5.17 94304
20140403 5.20 5.18 5.21 5.04 89135
20140404 5.14 5.26 5.33 5.12 72765
20140408 5.22 5.22 5.27 5.10 72489
20140409 5.22 5.28 5.31 5.22 58145
20140410 5.30 5.33 5.41 5.23 80611
20140411 5.28 5.29 5.35 5.23 59313
20140414 5.29 5.31 5.35 5.24 49292
20140415 5.29 5.20 5.30 5.16 69602
20140416 5.26 5.17 5.27 5.11 71258
20140417 5.09 5.26 5.35 5.08 106602
20140418 5.20 5.21 5.28 5.16 57720
20140421 5.18 5.04 5.25 5.01 81274
20140422 5.01 5.05 5.08 4.98 65245
20140423 5.06 4.89 5.06 4.86 62768
20140424 4.86 4.78 4.89 4.76 61024
20140425 4.80 4.80 4.86 4.76 46484
20140428 4.78 4.46 4.78 4.41 89852
20140429 4.47 4.59 4.60 4.46 40973
20140430 4.60 4.59 4.65 4.55 33193
20140505 4.59 4.62 4.68 4.57 46948
20140506 4.62 4.65 4.69 4.61 28702
20140507 4.64 4.56 4.64 4.50 31861
20140508 4.55 4.59 4.65 4.50 27364
20140509 4.65 4.96 5.05 4.65 232815
20140512 4.89 4.95 4.98 4.80 119180
20140513 4.90 4.89 4.97 4.85 57873
20140514 4.89 4.98 4.99 4.85 69187
20140515 4.98 4.95 5.08 4.85 63675
20140516 4.97 4.94 5.00 4.87 27522
20140519 4.93 4.93 5.05 4.83 58918
20140520 4.99 4.93 5.01 4.91 61176
20140521 4.91 4.92 4.96 4.86 30342
20140522 4.93 4.89 4.97 4.86 37906
20140523 4.86 4.83 4.89 4.79 63506
20140526 4.84 4.97 5.08 4.82 84941
20140527 4.92 4.88 4.97 4.87 34655
20140528 4.87 4.90 4.93 4.85 35990
20140529 4.92 4.92 4.99 4.90 61303
20140530 4.92 4.95 4.96 4.88 40016
20140603 4.98 5.07 5.15 4.93 100244
20140604 5.07 5.10 5.11 5.00 72070
20140605 5.10 5.11 5.15 5.04 51848
20140606 5.13 5.23 5.28 5.06 96790
20140609 5.23 5.20 5.24 5.15 55510
20140610 5.19 5.19 5.23 5.11 48732
20140611 5.20 5.14 5.20 5.10 47425
20140612 5.15 5.21 5.24 5.09 69543
20140613 5.18 5.20 5.24 5.15 53700
20140616 5.19 5.15 5.20 5.11 62089
20140617 5.15 5.12 5.15 5.06 46146
20140618 5.12 5.06 5.13 5.06 33219
20140619 5.06 4.85 5.07 4.77 61040
20140620 4.81 4.87 4.92 4.78 23520
20140623 4.88 4.91 4.92 4.85 17525
20140624 4.89 4.90 4.95 4.86 17542
20140625 4.90 4.86 4.91 4.83 21709
20140626 4.88 5.10 5.28 4.88 96499
20140627 5.15 5.29 5.39 5.11 168402
20140630 5.22 5.31 5.36 5.13 108124
20140701 5.30 5.27 5.32 5.20 54274
20140702 5.26 5.23 5.29 5.15 73911
20140703 5.21 5.50 5.59 5.17 212321
20140704 5.48 5.79 5.90 5.43 274424
20140707 5.89 5.74 5.89 5.65 153819
20140708 5.72 5.78 5.87 5.67 109655
20140709 5.82 5.71 6.18 5.70 185694
20140710 5.60 5.75 5.83 5.60 90402
20140711 5.75 5.95 6.05 5.73 137276
20140714 6.00 6.07 6.15 5.90 104881
20140715 6.08 5.87 6.08 5.80 125643
20140716 5.90 5.77 5.97 5.66 108819
20140717 5.81 5.78 5.95 5.68 100768
20140718 5.72 5.80 5.85 5.65 90762
20140721 5.77 5.65 5.81 5.63 68623
20140722 5.63 5.74 5.79 5.60 62132
20140723 5.74 5.62 5.77 5.55 58183
20140724 5.62 5.53 5.67 5.43 61658
20140725 5.52 5.59 5.61 5.51 47562
20140728 5.59 5.78 5.80 5.59 79477
20140729 5.81 5.79 5.87 5.73 69456
20140730 5.65 5.75 5.79 5.57 151535
20140731 5.72 5.83 5.89 5.70 93947
20140801 5.78 6.16 6.38 5.78 314160
20140804 6.19 6.19 6.22 6.00 181633
20140805 6.16 6.17 6.18 6.07 95102
20140806 6.19 6.23 6.35 6.13 177682
20140807 6.21 6.40 6.47 6.15 163048
20140808 6.37 6.32 6.45 6.30 119627
20140811 6.38 6.28 6.39 6.16 121827
20140812 6.27 6.73 6.79 6.23 244884
20140813 6.66 6.79 6.98 6.62 262730
20140814 6.88 6.56 6.90 6.51 171909
20140815 6.56 6.57 6.69 6.43 106331
20140818 6.66 7.03 7.23 6.66 283230
20140819 7.09 7.08 7.22 6.91 195285
20140820 7.15 7.00 7.17 6.92 113711
20140821 7.00 7.01 7.17 6.80 119815
20140822 7.01 6.98 7.01 6.83 97238
20140825 6.98 6.78 6.99 6.66 111667
20140826 6.77 6.68 6.92 6.63 122296
20140827 6.68 6.73 6.80 6.60 70284
20140828 6.70 6.70 6.75 6.56 85027
20140829 6.66 6.92 6.97 6.63 99695
20140901 6.85 7.01 7.04 6.85 99415
20140902 6.99 7.04 7.08 6.95 100804
20140903 7.05 6.99 7.06 6.94 103265
20140904 7.00 7.04 7.13 6.91 152506
20140905 7.00 6.93 7.07 6.86 114407
20140909 6.90 6.85 6.95 6.79 105902
20140910 6.85 6.89 6.94 6.75 105654
20140911 6.88 6.97 7.07 6.84 113464
20140912 6.98 7.00 7.05 6.92 89385
20140915 6.96 6.98 6.99 6.86 77235
20140916 6.95 7.11 7.50 6.95 263811
20140917 7.13 7.33 7.39 6.95 188079
20140918 7.38 7.27 7.44 7.23 155338
20140919 7.27 7.38 7.46 7.27 117737
20140922 7.38 7.19 7.40 7.10 100578
20140923 7.19 7.22 7.25 7.11 63684
20140924 7.22 7.26 7.27 7.11 81400
20140925 7.27 7.36 7.53 7.27 164544
20140926 7.36 7.58 7.65 7.35 170060
20140929 7.65 7.60 7.98 7.53 200428
20140930 7.60 7.46 7.61 7.40 128560
20141008 7.41 7.73 7.74 7.41 122170
20141009 7.73 7.81 7.82 7.58 135872
20141010 7.81 7.68 7.86 7.66 104490
20141013 7.62 7.73 7.80 7.58 106371
20141014 7.70 7.68 7.83 7.59 82643
20141015 7.63 7.51 7.72 7.45 103048
20141016 7.48 7.14 7.56 7.12 123501
20141017 7.15 6.94 7.21 6.58 193749
20141020 6.96 7.09 7.12 6.90 80722
20141021 7.07 6.94 7.09 6.92 63763
20141022 6.93 6.70 6.98 6.68 77921
20141023 6.66 6.52 6.75 6.50 84446
20141024 6.52 6.62 6.66 6.51 54064
20141027 6.61 6.65 6.69 6.51 64389
20141028 6.62 6.94 6.97 6.61 100626
20141029 6.93 7.01 7.12 6.91 95356
20141030 7.00 6.96 7.09 6.93 66312
20141031 6.93 6.86 7.03 6.82 59090
20141103 6.86 7.00 7.07 6.86 72095
20141104 7.02 7.35 7.39 7.01 182412
20141105 7.35 7.34 7.36 7.17 100777
20141106 7.27 7.27 7.34 7.17 86052
20141107 7.28 7.04 7.29 7.01 137025
20141110 7.00 7.00 7.06 6.88 87358
20141111 6.99 6.70 6.99 6.66 105600
20141112 6.74 6.98 7.28 6.72 138545
20141113 7.01 6.99 7.03 6.88 66964
20141114 6.95 6.99 7.01 6.87 40424
20141117 6.99 7.57 7.69 6.91 354511
20141118 7.68 7.44 7.77 7.40 193308
20141119 7.41 7.85 7.96 7.28 334808
20141120 7.80 8.02 8.34 7.74 463778
20141121 7.98 8.23 8.27 7.91 232602
20141124 8.25 8.13 8.36 8.01 204689
20141125 8.16 8.05 8.28 7.94 194631
20141126 8.02 7.96 8.06 7.88 152094
20141127 7.96 8.00 8.17 7.83 158819
20141128 8.00 7.77 8.00 7.63 175020
20141201 7.77 7.69 7.88 7.55 150457
20141202 7.71 8.13 8.28 7.68 305870
20141203 8.15 8.13 8.15 7.90 168040
20141204 8.14 8.00 8.18 7.83 196834
20141205 7.90 7.66 7.98 7.47 214576
20141208 7.65 7.39 7.65 7.00 256465
20141209 7.28 7.39 7.85 7.15 258596
20141210 7.50 7.74 7.85 7.49 182496
20141211 7.69 7.73 7.84 7.57 97344
20141212 7.89 7.75 7.89 7.62 71034
20141215 7.75 7.73 7.83 7.60 112465
20141216 7.72 7.58 7.72 7.51 102417
20141217 7.57 7.45 7.57 7.40 80958
20141218 7.43 7.53 7.68 7.38 76330
20141219 7.50 7.31 7.56 7.21 75913
20141222 7.31 6.70 7.31 6.68 131949
20141223 6.69 6.69 6.99 6.65 61476
20141224 6.71 6.85 6.86 6.71 40767
20141225 6.85 6.91 6.95 6.80 35928
20141226 6.91 6.86 6.93 6.77 51187
20141229 6.90 7.14 7.15 6.72 113850
20141230 7.13 6.88 7.21 6.80 61962
20141231 6.88 6.89 6.98 6.69 67644
20150105 6.91 6.94 6.95 6.81 92141
20150106 6.95 6.94 6.95 6.76 61267
20150107 6.88 6.95 6.95 6.86 45902
20150108 6.97 7.16 7.24 6.97 124854
20150109 7.18 7.02 7.18 7.01 61842
20150112 6.90 6.82 6.97 6.81 49106
20150113 6.82 6.89 6.98 6.80 39251
20150114 6.82 6.89 6.95 6.82 34105
20150115 6.82 6.90 6.92 6.82 31710
20150116 6.90 6.82 6.91 6.75 72356
20150119 6.66 6.55 6.74 6.21 91805
20150120 6.50 6.61 6.65 6.50 66786
20150121 6.71 6.75 6.76 6.61 59637
20150122 6.75 6.94 6.94 6.70 109000
20150123 6.98 6.96 6.99 6.88 84307
20150126 6.87 7.17 7.23 6.85 142404
20150127 7.25 7.50 7.70 7.25 267406
20150128 7.40 7.33 7.51 7.30 101336
20150129 7.27 7.35 7.50 7.24 68806
20150130 7.25 7.13 7.39 7.06 99805
20150202 7.00 7.05 7.11 6.92 42858
20150203 7.05 7.08 7.15 7.05 54902
20150204 7.10 6.90 7.12 6.89 78317
20150205 6.96 6.79 7.03 6.75 68547
20150206 6.80 6.70 6.92 6.64 68274
20150209 6.70 6.87 6.95 6.70 60134
20150210 6.80 6.93 6.96 6.78 31251
20150211 6.87 6.83 6.96 6.81 43585
20150212 6.83 6.84 6.91 6.82 63152
20150213 6.86 6.86 7.00 6.83 133912
20150216 6.86 6.98 6.98 6.86 97525
20150217 6.97 7.21 7.22 6.93 126002
20150225 7.30 7.09 7.30 7.05 91657
20150226 7.08 7.26 7.28 7.06 83885
20150227 7.28 7.27 7.31 7.20 92969
20150302 7.29 7.38 7.47 7.20 134646
20150303 7.38 7.28 7.38 7.26 110214
20150304 7.28 7.49 7.49 7.28 138021
20150305 7.50 7.49 7.59 7.38 98683
20150306 7.54 7.53 7.80 7.46 231540
20150309 7.48 7.63 7.73 7.28 146851
20150310 7.59 7.75 7.78 7.53 138079
20150311 7.75 7.63 7.76 7.58 91369
20150312 7.63 7.69 7.87 7.63 164315
20150313 7.72 7.80 7.84 7.68 109456
20150316 7.85 8.04 8.13 7.75 215173
20150317 8.00 8.22 8.36 7.98 248215
20150318 8.23 8.32 8.37 8.10 206320
