20140102 25.50 26.22 26.50 25.10 23826
20140103 26.20 25.92 26.69 25.81 27793
20140106 25.90 25.63 25.90 25.00 13090
20140107 25.46 26.70 26.93 25.18 23562
20140108 26.70 26.77 27.58 26.22 23217
20140109 26.45 25.91 26.77 25.30 11800
20140110 25.44 25.76 26.37 25.40 7086
20140113 25.76 26.20 26.65 25.30 11663
20140114 25.91 26.41 26.60 25.91 9772
20140115 26.55 26.44 26.55 26.00 6090
20140116 26.54 27.69 28.49 26.30 18298
20140117 27.78 28.43 28.51 26.90 19558
20140120 28.24 28.83 29.01 27.85 25352
20140121 28.80 28.08 30.38 27.85 37141
20140122 28.40 28.88 28.98 27.53 27098
20140123 29.00 27.68 29.02 27.37 26056
20140124 27.71 28.46 30.00 27.70 32703
20140127 28.10 27.92 28.82 27.70 19651
20140128 27.55 27.48 28.36 27.30 17007
20140129 27.48 28.15 28.60 27.30 11361
20140130 28.15 27.70 28.44 27.52 6021
20140207 27.70 28.10 28.45 27.53 9578
20140210 28.04 29.89 30.23 27.95 37082
20140211 29.59 29.31 30.00 28.48 24975
20140212 29.01 28.95 29.31 28.51 11267
20140213 29.00 28.42 29.17 27.95 18477
20140214 28.30 28.46 28.65 28.05 12975
20140217 28.54 28.74 29.00 28.28 10700
20140218 28.78 28.13 28.80 27.98 12382
20140219 28.01 26.77 28.11 26.72 18438
20140220 26.70 26.66 27.27 25.98 22218
20140221 26.70 26.45 26.78 26.21 6195
20140224 26.38 27.08 27.50 26.38 14890
20140225 27.35 24.85 27.35 24.42 28677
20140226 24.53 25.02 25.57 23.91 8601
20140227 25.37 25.14 26.20 25.00 9072
20140228 25.16 25.68 25.70 24.82 5423
20140303 25.50 25.67 26.15 25.38 11806
20140304 25.45 25.83 26.20 25.40 10873
20140305 25.99 25.22 26.09 25.00 5700
20140306 25.12 25.26 25.50 24.82 6671
20140307 25.26 25.36 25.69 25.05 5958
20140310 25.00 24.00 25.40 23.89 7871
20140311 23.60 24.37 24.90 23.60 9193
20140312 24.37 24.20 24.57 23.92 7614
20140313 24.65 25.39 25.50 24.41 9869
20140314 25.40 25.34 25.85 25.09 5065
20140317 25.34 25.60 25.94 25.34 6424
20140318 25.50 25.06 25.98 24.88 7316
20140319 25.27 24.69 25.27 24.31 6135
20140320 24.47 23.20 24.68 23.16 9401
20140321 23.28 22.53 23.39 21.61 26007
20140324 22.40 22.85 23.20 22.22 9046
20140325 22.85 23.45 23.88 22.60 7165
20140326 23.62 23.55 23.62 23.30 6616
20140327 23.52 22.20 23.52 22.15 10214
20140328 22.22 22.42 22.50 22.03 8709
20140331 22.20 21.97 23.10 21.81 7434
20140401 22.10 22.21 22.36 21.80 9463
20140402 22.20 22.49 22.49 22.00 5382
20140403 22.57 22.62 22.63 22.15 7883
20140404 22.41 22.51 22.60 22.22 5513
20140408 22.95 23.10 23.44 22.50 18858
20140409 24.40 23.94 25.00 23.62 28421
20140410 23.95 24.79 24.98 23.70 24703
20140411 24.67 24.52 24.70 24.30 9216
20140414 24.51 24.74 24.81 24.32 6917
20140415 24.74 24.00 24.74 23.93 10590
20140416 23.97 23.91 24.00 23.45 8709
20140417 23.93 23.93 24.08 23.65 6389
20140418 23.96 24.18 24.20 23.60 4865
20140421 24.06 23.40 24.06 23.27 6579
20140422 23.49 22.83 23.60 22.75 5117
20140423 22.80 22.83 22.97 22.60 3566
20140424 22.76 22.75 22.94 22.60 2497
20140425 22.88 22.08 22.90 22.00 5453
20140428 22.00 22.22 23.00 22.00 14278
20140429 22.11 22.60 22.80 21.95 7832
20140430 22.57 23.06 23.18 22.38 8408
20140505 23.06 23.48 23.55 22.85 7951
20140506 23.47 23.64 23.97 23.23 8607
20140507 23.50 23.31 23.78 23.26 6469
20140508 23.30 22.84 23.47 22.81 5140
20140509 22.81 22.95 22.97 22.60 3379
20140512 23.02 23.32 23.36 22.74 3780
20140513 23.45 23.08 23.50 22.87 5646
20140514 23.24 23.02 23.24 22.71 3853
20140515 22.98 22.66 23.17 22.52 1856
20140516 22.65 22.57 22.82 22.39 1665
20140519 22.61 22.49 22.66 22.01 4976
20140520 22.68 22.47 22.68 22.46 2063
20140521 22.73 22.73 22.77 22.22 4130
20140522 22.72 22.54 22.89 22.50 2828
20140523 22.66 23.39 23.45 22.48 5400
20140526 23.50 24.21 24.99 23.21 20295
20140527 24.30 24.56 25.05 24.03 15973
20140528 24.51 24.45 24.60 24.17 15145
20140529 24.44 23.70 24.59 23.58 9665
20140530 23.68 23.70 24.04 23.40 5548
20140603 23.65 23.62 23.90 23.48 4164
20140604 23.60 23.20 23.61 22.73 5727
20140605 23.12 23.76 24.00 23.02 5644
20140606 23.79 23.25 23.79 22.81 13621
20140609 23.03 23.13 23.30 23.03 2427
20140610 23.11 23.43 23.77 23.01 9581
20140611 23.52 23.92 23.99 23.32 7849
20140612 23.92 23.95 24.00 23.60 6567
20140613 23.95 24.46 24.50 23.82 17466
20140616 24.69 25.42 25.55 24.53 31298
20140617 25.51 25.14 25.77 25.03 17992
20140618 25.10 25.15 25.22 24.95 15657
20140619 25.20 24.24 25.45 23.82 16719
20140620 24.36 24.48 24.68 24.13 13448
20140623 12.37 12.31 12.86 12.25 48414
20140624 12.00 11.67 12.24 11.39 67014
20140625 11.51 11.54 11.72 11.28 30405
20140626 11.45 11.63 11.66 11.45 24506
20140627 11.57 11.64 11.74 11.46 23910
20140630 11.64 11.88 11.95 11.58 21204
20140701 11.88 11.90 11.95 11.78 19326
20140702 11.89 11.81 11.97 11.75 25031
20140703 11.81 11.75 11.83 11.62 23000
20140704 11.78 11.78 11.83 11.67 20432
20140707 11.81 11.87 11.90 11.66 23100
20140708 11.85 11.79 11.85 11.71 15292
20140709 11.78 11.50 11.78 11.48 14628
20140710 11.44 11.32 11.68 11.29 21471
20140711 11.32 11.35 11.42 11.29 23268
20140714 11.39 11.47 11.50 11.30 19109
20140715 11.52 11.30 11.52 11.22 44834
20140716 11.11 10.27 11.19 10.17 182620
20140717 10.13 9.80 10.20 9.50 136134
20140718 9.69 9.73 9.83 9.55 72858
20140721 9.72 9.63 9.72 9.54 48387
20140722 9.64 9.69 9.70 9.57 70563
20140723 9.72 9.59 9.72 9.50 67194
20140724 9.63 9.51 9.63 9.43 60185
20140725 9.52 9.49 9.54 9.38 45025
20140728 9.51 9.68 9.69 9.47 104705
20140729 9.70 9.88 9.88 9.64 112397
20140730 9.88 9.85 9.96 9.78 68002
20140731 10.00 10.39 10.41 9.99 146099
20140801 10.40 10.17 10.45 10.13 105309
20140804 10.18 10.22 10.24 10.09 71884
20140805 10.20 10.22 10.25 10.13 72146
20140806 10.20 10.24 10.27 10.10 81428
20140807 10.24 10.12 10.25 10.11 70895
20140808 10.12 10.13 10.17 10.09 53507
20140811 10.16 11.10 11.12 10.16 254953
20140812 11.20 11.69 12.12 11.20 285307
20140813 11.73 11.61 11.74 11.31 126994
20140814 11.60 11.40 11.60 11.33 115664
20140815 11.39 11.45 11.51 11.27 89655
20140818 11.48 11.52 11.53 11.33 94039
20140819 11.53 11.71 11.78 11.42 109450
20140820 11.69 11.66 11.78 11.55 73803
20140821 11.65 11.39 11.66 11.28 89971
20140822 11.40 11.39 11.46 11.30 54517
20140825 11.41 11.37 11.48 11.32 45991
20140826 11.38 11.08 11.40 11.04 53379
20140827 10.99 10.70 11.07 10.56 130664
20140828 10.67 10.43 10.67 10.39 65168
20140829 10.37 10.58 10.58 10.37 62272
20140901 10.53 10.76 10.83 10.53 94911
20140902 10.81 10.96 10.98 10.71 100976
20140903 10.98 11.05 11.26 10.97 106172
20140904 11.08 11.10 11.14 10.97 82224
20140905 11.10 11.73 11.76 11.08 210911
20140909 11.82 11.63 11.95 11.56 157514
20140910 11.63 11.71 11.74 11.38 126225
20140911 11.69 12.20 12.77 11.64 250150
20140912 12.15 12.26 12.44 12.02 136036
20140915 12.29 12.41 12.56 12.26 110730
20140916 12.44 11.74 12.50 11.71 171066
20140917 11.70 11.64 11.83 11.40 91926
20140918 11.66 11.78 11.79 11.53 79201
20140919 11.78 12.03 12.06 11.71 87284
20140922 12.15 12.13 12.25 12.03 118828
20140923 12.30 12.15 12.41 12.02 98623
20140924 12.16 12.36 12.44 12.05 118012
20140925 12.39 12.16 12.49 12.15 104067
20140926 12.10 12.08 12.11 11.90 63064
20140929 12.02 12.10 12.13 11.98 69952
20140930 12.11 12.26 12.38 12.07 83062
20141008 12.29 12.36 12.37 12.20 76582
20141009 12.34 12.16 12.36 12.09 105983
20141010 12.14 12.23 12.34 12.06 82255
20141013 12.16 12.09 12.22 11.88 61256
20141014 12.07 11.91 12.12 11.87 59812
20141015 11.88 11.83 12.01 11.76 70856
20141016 11.79 11.80 11.94 11.71 51833
20141017 11.73 11.39 11.86 11.20 80519
20141020 11.43 11.53 11.55 11.35 57525
20141021 11.51 11.33 11.54 11.32 35091
20141022 11.30 11.03 11.37 11.03 44100
20141023 11.02 10.73 11.05 10.72 49259
20141024 10.73 11.15 11.28 10.73 54990
20141027 11.21 11.39 11.45 11.05 39924
20141028 11.40 11.51 11.58 11.39 62573
20141029 11.50 11.47 11.58 11.40 79215
20141030 11.49 11.51 11.66 11.41 55333
20141031 11.50 11.37 11.56 11.30 57264
20141103 11.38 11.42 11.54 11.35 41478
20141104 11.40 11.18 11.41 11.08 62038
20141105 11.18 11.41 11.42 11.16 47966
20141106 11.34 11.30 11.37 11.19 36779
20141107 11.30 11.18 11.34 11.13 40291
20141110 11.20 11.25 11.31 11.00 39062
20141111 11.26 10.95 11.34 10.91 55331
20141112 10.92 11.28 11.32 10.74 43811
20141113 11.26 11.30 11.36 11.13 41435
20141114 11.30 11.43 11.47 11.20 48577
20141117 11.48 11.32 11.55 11.26 56548
20141118 11.26 11.17 11.34 11.10 37505
20141119 11.15 11.22 11.26 11.11 21610
20141120 11.18 11.24 11.28 11.11 26897
20141121 11.20 11.24 11.27 11.17 26155
20141124 11.32 11.28 11.34 11.22 50065
20141125 11.43 12.41 12.41 11.43 176734
20141126 12.97 12.40 12.97 12.30 347840
20141127 12.41 12.28 12.66 12.16 177470
20141128 12.30 12.11 12.31 11.96 130974
20141201 12.15 12.54 12.55 11.92 198544
20141202 12.51 12.41 12.58 12.33 116510
20141203 12.41 12.38 12.58 12.16 132769
20141204 12.40 12.40 12.47 12.29 138206
20141205 12.42 11.67 12.48 11.46 173668
20141208 11.59 11.75 11.86 11.44 96139
20141209 11.78 11.24 11.81 11.15 101654
20141210 11.19 11.47 11.48 11.10 72609
20141211 11.50 11.53 11.58 11.32 79164
20141212 11.53 11.62 11.64 11.40 68189
20141215 11.62 12.14 12.15 11.56 132571
20141216 12.17 11.94 12.18 11.90 80521
20141217 11.83 11.63 11.98 11.50 78779
20141218 11.69 11.64 11.74 11.60 45775
20141219 11.64 11.47 11.64 11.22 56690
20141222 11.40 11.10 11.41 11.00 66214
20141223 10.98 11.11 11.29 10.98 35234
20141224 11.10 11.30 11.39 11.10 35558
20141225 11.31 11.35 11.44 11.24 35729
20141226 11.38 11.25 11.38 11.21 43251
20141229 11.25 11.09 11.30 11.04 45899
20141230 11.13 11.21 11.49 11.12 60181
20141231 11.25 11.18 11.34 11.06 42467
20150105 11.20 11.29 11.33 11.07 72563
20150106 11.25 11.64 11.66 11.19 101274
20150107 11.64 11.61 11.69 11.47 70989
20150108 11.60 11.51 11.67 11.48 41263
20150109 11.51 11.35 11.61 11.34 54648
20150112 11.29 11.23 11.34 11.17 37101
20150113 11.17 11.55 11.59 11.11 53429
20150114 11.56 11.48 11.70 11.40 34707
20150115 11.49 11.53 11.70 11.49 62092
20150116 11.55 11.66 11.70 11.53 59381
20150119 11.45 11.25 11.67 11.03 61408
20150120 11.34 11.60 11.64 11.28 69841
20150121 11.69 12.20 12.38 11.63 192395
20150122 12.20 12.20 12.35 12.03 120924
20150123 12.25 11.95 12.30 11.87 96524
20150126 11.87 12.09 12.09 11.84 75280
20150127 12.12 12.28 12.35 12.05 128901
20150128 12.27 12.09 12.28 12.06 74024
20150129 12.00 11.87 12.05 11.85 62844
20150130 11.87 11.97 12.13 11.87 61638
20150202 11.98 12.28 12.33 11.81 96618
20150203 12.28 12.23 12.38 12.15 77049
20150204 12.21 12.00 12.27 12.00 63221
20150205 12.05 12.02 12.15 11.92 51139
20150206 11.96 11.70 12.02 11.64 51924
20150209 11.71 11.72 11.86 11.68 27685
20150210 11.68 11.72 11.80 11.66 29339
20150211 11.71 11.47 11.71 11.38 60232
20150212 11.42 11.58 11.64 11.42 45140
20150213 11.60 11.76 11.88 11.60 61250
20150216 11.60 11.55 11.69 10.95 131363
20150217 11.56 11.88 11.90 11.39 83520
20150225 11.90 12.28 12.67 11.83 170326
20150226 12.25 12.31 12.43 12.17 86620
20150227 12.33 12.30 12.40 12.19 70264
20150302 12.35 12.55 12.55 12.23 120657
20150303 12.57 12.25 12.61 12.24 127483
20150304 12.24 12.42 12.44 12.16 85068
20150305 12.43 13.66 13.66 12.37 324815
20150306 13.96 14.19 14.63 13.72 414912
20150309 14.20 14.53 14.69 13.75 242377
20150310 14.45 14.39 14.68 14.23 154227
20150311 14.36 14.07 14.49 13.90 158989
20150312 14.16 13.84 14.21 13.72 114843
20150313 13.80 14.44 14.48 13.80 140677
20150316 14.75 14.77 15.55 14.75 173017
20150317 14.76 14.98 15.06 14.49 150686
20150318 14.97 15.04 15.31 14.81 130344
20150319 15.05 15.29 15.49 14.84 148137
20150320 15.28 14.98 15.29 14.91 102794
20150323 15.00 15.20 15.23 14.79 124176
20150324 15.21 14.84 15.21 14.40 128489
20150325 14.72 14.50 14.76 14.35 117628
20150326 14.45 14.51 14.83 14.28 95388
20150327 14.64 14.99 15.26 14.52 125714
20150331 15.68 14.70 15.70 14.66 136526
20150401 14.70 14.95 15.10 14.68 101382
20150402 15.07 15.48 15.50 14.87 154115
20150403 15.40 16.38 16.54 15.21 203293
20150407 16.61 16.54 16.82 16.25 167572
20150408 16.70 17.82 17.99 16.60 266220
20150409 17.81 17.15 17.89 16.30 139524
20150410 17.00 17.36 17.83 16.51 127228
20150413 17.40 18.48 18.62 17.20 176910
20150414 18.53 18.20 19.40 18.10 128331
20150415 18.18 17.10 18.18 16.66 139941
20150416 16.98 16.99 17.68 16.61 108349
20150417 17.07 17.13 17.75 16.80 172217
20150420 17.17 16.15 17.17 16.14 179967
20150421 16.15 16.95 16.98 16.15 99193
20150422 17.10 17.52 17.71 17.00 142510
20150423 17.52 17.56 18.17 17.24 167324
20150424 17.57 17.64 17.94 17.26 111962
20150427 17.71 17.63 18.20 17.27 220478
20150428 17.60 17.10 17.68 16.96 120369
20150429 17.01 17.20 17.27 16.50 81084
20150430 17.18 16.84 17.34 16.78 108659
20150504 16.86 16.98 17.08 16.61 75528
20150505 16.98 16.81 17.41 16.38 104083
20150506 16.60 16.30 17.10 16.11 77452
20150507 16.25 15.49 16.50 15.40 85537
20150508 15.56 16.28 16.33 15.56 130561
20150511 16.90 16.91 16.99 16.53 108063
20150512 16.91 17.27 17.31 16.81 114038
20150513 17.31 18.35 18.50 17.20 291344
20150514 18.49 19.55 20.19 18.49 303742
20150515 19.30 20.09 20.80 18.63 213143
20150518 20.13 19.93 21.30 19.81 274188
20150519 19.79 20.11 20.32 19.33 175364
20150520 20.30 21.13 21.25 20.10 209372
20150521 21.15 20.60 21.29 20.35 217154
20150522 20.97 20.55 21.28 20.08 135369
20150525 20.86 22.61 22.61 20.86 227714
20150526 24.00 24.21 24.87 23.00 264141
20150527 24.58 24.40 25.50 23.70 172968
20150528 24.40 23.61 25.30 22.96 189148
20150529 23.53 24.64 25.10 22.63 182813
20150601 24.83 25.55 26.10 24.83 163790
20150602 25.61 25.95 27.00 24.20 260709
20150603 26.00 27.28 27.30 25.70 193235
20150604 27.30 28.99 29.18 26.00 245348
20150605 29.80 28.95 30.20 28.65 197526
20150608 28.95 29.93 30.08 28.05 180098
20150609 30.00 29.91 30.18 29.21 142245
20150610 29.91 29.80 30.26 29.13 122683
20150611 29.42 31.37 31.77 29.42 135373
20150612 31.20 31.23 32.16 30.45 130646
20150615 31.20 29.69 31.71 28.88 159874
20150616 29.08 27.51 29.08 27.27 121392
20150617 27.08 28.61 28.98 25.62 123983
20150618 28.50 27.66 29.00 27.51 115327
20150619 26.00 24.89 27.50 24.89 93722
20150623 24.89 22.54 25.32 22.19 139713
20150624 23.00 24.60 24.62 22.91 111681
20150625 25.10 24.35 26.05 23.48 105933
20150626 23.80 21.92 23.80 21.92 105250
20150629 22.65 19.73 23.01 19.73 135273
20150630 19.30 20.20 20.67 17.76 176274
20150701 20.00 18.18 21.02 18.18 159048
20150702 17.28 16.36 18.16 16.36 207601
20150703 15.80 14.72 17.00 14.72 385232
20150706 16.09 13.25 16.09 13.25 389344
20150707 11.93 11.93 12.30 11.93 182103
20150713 13.12 13.12 13.12 13.12 12374
20150714 14.43 14.43 14.43 14.43 4535
20150715 15.87 14.33 15.87 14.13 668927
20150716 14.00 14.98 15.55 13.10 292897
20150717 15.26 16.48 16.48 15.04 238530
20150720 16.52 18.13 18.13 16.52 405376
20150721 18.10 18.16 18.56 17.20 225821
20150722 18.15 18.28 19.00 17.80 155982
20150723 18.17 18.61 18.90 17.81 176540
20150724 18.62 17.85 18.95 17.42 196397
20150727 17.20 16.07 18.39 16.07 222276
20150728 15.36 14.86 15.99 14.46 266264
20150729 15.28 15.77 15.88 14.35 220887
20150730 15.79 15.14 16.29 14.91 204112
