20140102 7.85 7.92 7.94 7.72 5453
20140103 7.92 7.79 7.92 7.73 5813
20140106 7.79 7.54 7.79 7.51 4647
20140107 7.70 7.61 7.70 7.48 4049
20140108 7.67 7.52 7.67 7.51 7297
20140109 7.47 7.31 7.59 7.30 6533
20140110 7.34 7.12 7.35 7.10 6407
20140113 7.20 7.20 7.36 7.10 4535
20140114 7.16 7.27 7.30 7.12 5637
20140115 7.26 7.22 7.33 7.19 3518
20140116 7.31 7.39 7.48 7.21 10415
20140117 7.38 7.34 7.39 7.26 7058
20140120 7.35 7.22 7.36 7.12 6008
20140121 7.35 7.53 7.54 7.31 11120
20140122 7.47 7.61 7.61 7.45 6709
20140123 7.57 7.58 7.60 7.49 9721
20140124 7.58 7.65 7.69 7.42 11867
20140127 7.62 7.73 7.79 7.60 12525
20140128 7.74 7.86 7.89 7.66 15083
20140129 7.76 7.95 7.98 7.76 16925
20140130 7.94 7.89 7.96 7.82 8172
20140207 7.90 7.95 7.99 7.54 7434
20140210 7.93 8.19 8.45 7.80 36177
20140211 8.20 8.08 8.29 8.02 15231
20140212 8.08 8.18 8.23 8.03 17420
20140213 8.22 7.99 8.23 7.96 10549
20140214 7.99 8.13 8.17 7.95 10971
20140217 8.18 8.20 8.23 8.13 16039
20140218 8.20 8.31 8.38 8.16 22655
20140219 8.33 8.27 8.39 8.22 14541
20140220 8.23 8.24 8.55 8.21 26713
20140221 8.20 8.07 8.20 8.00 13044
20140224 8.05 8.10 8.17 7.91 14582
20140225 8.06 7.86 8.13 7.85 18742
20140226 7.83 8.09 8.30 7.71 60221
20140227 8.00 8.63 8.81 8.00 74619
20140228 8.55 9.28 9.30 8.53 117096
20140303 9.15 9.25 9.27 8.97 95781
20140304 9.27 9.86 9.90 9.10 212900
20140305 9.75 10.43 10.65 9.69 224389
20140306 10.29 10.27 10.66 10.06 191524
20140307 10.27 11.13 11.30 10.10 238405
20140310 11.02 10.96 11.14 10.56 166629
20140311 10.94 11.61 11.90 10.79 222048
20140312 11.40 10.98 11.99 10.45 222542
20140313 10.50 9.88 11.10 9.88 181146
20140314 9.65 9.54 9.69 9.39 128565
20140317 9.44 9.70 9.71 9.32 87499
20140318 9.71 9.65 9.75 9.43 84466
20140319 9.66 9.45 9.72 9.26 68694
20140320 9.39 9.09 9.56 9.07 67136
20140321 9.06 9.29 9.37 8.79 86338
20140324 9.26 9.26 9.30 9.05 59220
20140325 9.19 8.94 9.20 8.88 68047
20140326 8.98 9.14 9.20 8.91 53452
20140327 9.08 8.81 9.20 8.80 46931
20140328 8.76 8.64 8.85 8.60 43973
20140331 8.62 8.77 8.86 8.62 26308
20140401 8.77 8.90 8.92 8.65 29440
20140402 8.92 8.85 8.95 8.78 24757
20140403 8.85 8.75 8.88 8.72 23965
20140404 8.78 8.92 9.00 8.71 30624
20140408 8.90 9.13 9.15 8.85 43384
20140409 9.12 9.02 9.15 8.95 41187
20140410 9.02 9.09 9.14 8.96 36188
20140411 9.07 8.84 9.10 8.75 37879
20140414 8.81 8.94 8.99 8.77 25060
20140415 8.90 9.45 9.50 8.77 110027
20140416 9.33 9.39 9.47 9.22 51490
20140417 9.36 9.18 9.38 9.13 35495
20140418 9.12 9.16 9.34 9.11 30055
20140421 9.04 8.63 9.06 8.62 44153
20140422 8.51 8.42 8.60 8.31 32016
20140423 8.42 8.59 8.64 8.40 21336
20140424 8.53 8.38 8.66 8.34 17958
20140425 8.36 8.16 8.46 8.14 23015
20140428 8.12 7.85 8.12 7.72 21078
20140429 7.75 7.94 8.03 7.75 11274
20140430 8.03 7.96 8.05 7.91 11175
20140505 7.96 8.04 8.06 7.77 16874
20140506 8.05 8.14 8.20 7.98 20683
20140507 8.08 7.91 8.14 7.84 17290
20140508 7.85 8.07 8.35 7.82 21658
20140509 8.07 8.29 8.38 7.99 35563
20140512 8.26 9.12 9.12 8.18 74039
20140513 9.59 8.92 9.85 8.72 139138
20140514 8.89 8.73 8.98 8.58 61520
20140515 8.70 8.39 8.70 8.35 42291
20140516 8.33 8.49 8.54 8.25 25146
20140519 8.43 8.21 8.48 8.14 25208
20140520 8.37 8.04 8.37 8.01 27073
20140521 8.04 8.25 8.38 7.95 25360
20140522 8.22 8.04 8.30 8.01 19604
20140523 8.00 8.08 8.12 7.98 13640
20140526 8.16 8.26 8.27 8.07 15464
20140527 8.25 8.18 8.32 8.14 13342
20140528 8.16 8.25 8.29 8.12 14926
20140529 8.25 8.04 8.25 8.02 18680
20140530 8.07 8.16 8.30 7.96 18517
20140603 8.19 8.25 8.35 8.16 22399
20140604 8.26 8.09 8.26 8.01 17135
20140605 8.09 8.10 8.13 7.99 14421
20140606 8.10 8.02 8.10 8.00 9162
20140609 8.06 7.90 8.09 7.88 11635
20140610 7.90 7.99 8.04 7.85 11104
20140611 7.97 8.10 8.10 7.97 10006
20140612 8.05 8.26 8.48 8.03 29301
20140613 8.23 8.52 8.54 8.21 39099
20140616 8.53 8.47 8.73 8.41 53459
20140617 8.41 8.45 8.56 8.40 18849
20140618 8.41 8.53 8.60 8.23 36732
20140619 8.49 8.01 8.49 7.95 27962
20140620 8.04 7.87 8.04 7.78 25072
20140729 8.66 8.66 8.66 8.66 6136
20140730 9.53 9.53 9.53 9.53 4564
20140731 10.48 10.48 10.48 10.48 16391
20140801 10.70 11.11 11.50 10.70 296446
20140804 10.65 10.89 10.96 10.36 169646
20140805 10.78 10.66 11.18 10.53 146051
20140806 10.42 10.83 10.88 10.20 136542
20140807 10.77 10.39 10.77 10.30 82355
20140808 10.40 10.41 10.48 10.24 42494
20140811 10.41 10.48 10.53 10.32 47914
20140812 10.55 10.38 10.62 10.20 57027
20140813 10.34 10.40 10.56 10.13 88471
20140814 10.32 9.94 10.34 9.93 74507
20140815 9.86 10.01 10.06 9.82 36787
20140818 10.00 10.19 10.30 9.99 44262
20140819 10.19 10.22 10.34 10.07 39323
20140820 10.22 10.10 10.22 10.01 37323
20140821 10.11 10.13 10.27 10.00 39246
20140822 10.17 10.07 10.18 9.95 31144
20140825 10.11 9.87 10.12 9.86 27830
20140826 9.86 9.58 9.96 9.51 35748
20140827 9.60 9.59 9.66 9.50 19040
20140828 9.59 9.62 9.88 9.54 23739
20140829 9.62 9.59 9.65 9.41 20921
20140901 9.59 9.84 9.84 9.58 33059
20140902 9.87 10.01 10.04 9.83 43084
20140903 10.01 10.01 10.14 9.92 52051
20140904 10.03 9.99 10.05 9.93 32031
20140905 10.01 10.10 10.18 10.01 55278
20140909 10.14 10.12 10.32 10.03 39861
20140910 10.12 10.05 10.12 9.95 33114
20140911 10.05 10.30 10.31 9.97 65451
20140912 10.36 10.30 10.49 10.18 57761
20140915 10.15 10.28 10.32 10.10 40726
20140916 10.22 9.86 10.29 9.85 55745
20140917 9.84 10.23 10.25 9.84 53283
20140918 10.26 10.62 10.75 10.19 133962
20140919 10.65 10.60 10.65 10.33 67085
20140922 10.53 11.23 11.59 10.35 205639
20140923 11.17 11.75 12.25 10.93 243665
20140924 11.68 11.63 12.28 11.39 197980
20140925 11.55 11.15 11.89 11.06 149862
20140926 11.05 10.94 11.05 10.71 85261
20140929 10.89 11.01 11.03 10.79 63420
20140930 11.11 10.91 11.16 10.90 63963
20141008 10.85 10.94 10.96 10.65 48815
20141009 10.88 11.14 11.15 10.81 67673
20141010 11.15 10.93 11.26 10.92 60113
20141013 10.80 10.94 10.95 10.64 36432
20141014 10.95 10.82 11.10 10.80 41861
20141015 10.79 10.81 10.90 10.71 28755
20141016 10.90 10.85 11.11 10.83 47270
20141017 10.80 10.40 10.81 10.26 42863
20141020 10.40 10.48 10.52 10.34 18685
20141021 10.46 10.56 10.72 10.43 30908
20141022 10.58 10.39 10.66 10.38 19234
20141023 10.36 9.99 10.36 9.85 24825
20141024 10.00 9.95 10.05 9.88 14163
20141027 9.95 10.10 10.10 9.81 19578
20141028 10.11 10.30 10.30 10.10 20074
20141029 10.37 10.38 10.45 10.23 29096
20141030 10.31 10.37 10.45 10.28 25061
20141031 10.33 10.71 10.81 10.31 52060
20141103 10.72 10.65 10.78 10.55 32007
20141104 10.58 10.95 10.97 10.48 51133
20141105 10.87 10.64 10.87 10.63 30043
20141106 10.64 10.70 10.76 10.40 31867
20141107 10.70 10.43 10.75 10.35 23860
20141110 10.42 10.40 10.45 10.20 33713
20141111 10.41 10.02 10.55 9.98 35163
20141112 10.00 10.30 10.32 9.90 19547
20141113 10.29 10.21 10.38 10.05 19003
20141114 10.11 10.29 10.33 10.05 14237
20141117 10.29 10.21 10.35 10.19 16263
20141118 10.24 10.33 10.34 10.10 14565
20141119 10.30 10.27 10.33 10.20 17967
20141120 10.20 10.17 10.33 10.10 22068
20141121 10.17 10.27 10.28 10.10 20033
20141124 10.40 10.56 10.64 10.30 48099
20141125 10.56 10.79 10.79 10.53 48290
20141126 10.79 10.72 10.79 10.60 41442
20141127 10.72 10.79 11.02 10.71 59363
20141128 10.72 10.78 10.86 10.53 50895
20141201 10.76 11.21 11.30 10.69 103088
20141202 11.20 11.15 11.26 11.00 55135
20141203 11.14 11.22 11.77 11.07 83936
20150318 12.34 12.34 12.34 12.34 2464
20150319 13.57 13.57 13.57 13.57 3480
20150320 14.93 14.93 14.93 14.20 270352
20150323 14.93 15.01 15.29 14.40 205285
20150324 15.00 15.96 16.38 14.61 232641
20150325 15.29 15.52 15.93 15.12 158655
20150326 15.27 14.83 15.31 14.62 116968
20150327 14.55 15.00 15.20 14.53 78237
20150330 15.01 14.92 15.12 14.70 81867
20150331 15.01 15.06 15.65 14.82 155975
20150401 14.90 14.94 14.98 14.45 114748
20150402 14.97 15.11 15.13 14.75 100183
20150403 15.11 15.29 15.30 14.86 116233
20150407 15.29 15.50 15.91 15.20 147350
20150408 15.52 14.91 15.60 14.61 111981
20150409 14.80 14.46 14.98 14.00 66562
20150410 14.40 14.59 14.76 14.32 52765
20150413 14.59 14.76 14.90 14.45 76573
20150414 14.70 15.27 15.37 14.60 116340
20150415 15.12 14.32 15.80 14.25 117234
20150416 14.00 13.88 14.18 13.65 80465
20150417 13.90 14.08 14.16 13.85 70020
20150420 13.94 13.71 14.18 13.59 75918
20150421 13.56 14.07 14.11 13.42 64098
20150422 14.20 14.56 14.70 14.00 84917
20150423 14.46 14.88 15.14 14.28 109150
20150424 14.61 14.70 15.05 14.50 70902
20150427 14.82 14.86 14.96 14.56 72345
20150428 14.86 13.98 14.93 13.96 80057
20150429 13.93 14.48 14.56 13.68 53001
20150430 14.50 14.52 14.92 14.35 48457
20150504 14.58 15.07 15.44 14.42 101846
20150505 15.08 14.23 15.44 14.00 100122
20150506 14.15 13.74 14.36 13.58 57478
20150507 13.60 13.64 13.93 13.51 34920
20150508 13.85 14.23 14.25 13.71 43860
20150511 14.20 14.70 14.72 14.15 70083
20150512 15.00 14.90 15.10 14.50 90857
20150513 14.90 15.62 15.95 14.80 171402
20150514 15.60 15.73 15.76 15.15 104816
20150515 15.80 15.05 16.19 15.00 102093
20150518 14.76 15.29 15.46 14.64 95786
20150519 15.41 16.00 16.11 15.01 137036
20150520 16.01 16.30 16.50 15.47 167923
20150521 16.27 16.54 16.58 15.77 125899
20150522 16.86 16.39 17.14 16.18 117595
20150525 16.40 16.72 16.98 16.14 119096
20150526 16.60 17.39 17.49 16.39 141790
20150527 17.39 17.83 18.00 16.91 132872
20150528 18.00 16.05 18.00 16.05 141678
20150529 15.65 15.49 16.30 15.00 99225
20150601 15.65 16.39 16.58 15.51 85846
20150602 16.40 16.97 17.02 15.92 121266
20150603 16.96 17.67 17.99 16.81 148672
20150604 17.69 18.38 19.40 15.90 170332
20150605 18.41 19.03 19.39 18.03 210447
20150608 18.78 18.37 19.25 18.25 112347
20150609 18.11 19.05 19.16 17.68 131928
20150610 18.56 18.51 18.99 18.16 82101
20150611 18.30 18.89 18.99 18.20 96255
20150612 18.84 19.15 19.62 18.50 120899
20150615 19.20 19.68 20.50 18.71 162051
20150616 19.21 18.01 19.27 17.88 111647
20150617 17.70 18.25 18.60 16.93 83632
20150618 18.25 17.34 18.55 17.12 65471
20150619 17.20 15.61 17.20 15.61 58857
20150623 15.63 15.77 15.99 14.13 58559
20150624 15.87 16.35 16.53 15.70 69884
20150625 16.26 15.00 16.26 14.86 73186
20150626 14.69 13.53 14.80 13.50 86163
20150629 13.90 14.29 14.61 12.22 113165
20150630 14.10 15.72 15.72 13.53 129271
20150701 15.79 14.48 16.26 14.25 113217
20150702 13.99 13.37 14.85 13.05 88466
20150703 12.72 12.03 13.75 12.03 77029
20150706 13.11 10.90 13.21 10.83 80409
20150707 10.40 9.81 10.40 9.81 29399
20150708 8.83 8.83 8.83 8.83 4026
20150710 9.71 9.71 9.71 9.71 9287
20150713 10.68 10.68 10.68 10.38 58518
20150714 11.30 11.73 11.75 10.30 203248
20150715 11.30 10.56 11.40 10.56 85478
20150716 9.58 10.26 10.86 9.50 104483
20150717 10.30 10.99 11.13 10.11 87074
20150720 11.00 11.30 11.40 10.63 108695
20150721 11.05 11.40 11.58 10.78 87790
20150722 11.40 11.99 12.28 11.25 134596
20150723 11.70 13.19 13.19 11.47 196104
20150724 13.00 12.57 13.58 12.31 193798
20150727 12.20 11.31 12.48 11.31 108406
20150728 10.20 10.43 11.31 10.18 101120
20150729 10.71 11.14 11.20 10.20 60634
20150730 11.00 10.75 11.50 10.57 63034
