20140102 23.96 24.11 24.30 23.70 15585
20140103 23.92 24.40 24.66 23.82 28306
20140106 24.20 23.33 24.38 23.23 30147
20140107 23.34 23.30 23.55 23.01 14230
20140108 23.33 23.29 23.68 22.87 29173
20140109 23.01 23.00 23.25 22.20 48542
20140110 22.60 22.62 22.84 22.18 21584
20140113 22.46 22.54 22.79 22.00 26982
20140114 22.21 22.88 23.13 22.20 20853
20140115 23.56 23.25 23.70 23.08 18606
20140116 23.21 23.32 23.55 23.20 17540
20140117 23.22 23.30 23.46 23.02 11970
20140120 23.30 23.01 23.35 22.68 13631
20140121 22.98 23.18 23.35 22.86 14410
20140122 23.30 24.45 24.50 23.25 51843
20140123 24.29 25.67 26.55 24.10 70704
20140124 25.60 26.07 26.36 25.40 75308
20140127 26.07 25.86 26.20 25.65 35647
20140128 25.80 25.86 26.28 25.72 31161
20140129 25.98 26.22 26.65 25.98 34309
20140130 26.22 26.62 26.65 25.61 39003
20140224 29.26 28.48 29.26 27.00 177047
20140225 28.02 28.67 30.50 28.00 98672
20140226 28.72 28.22 29.15 27.50 51741
20140227 28.48 26.66 28.48 26.65 63859
20140228 26.52 26.27 26.77 25.40 48504
20140303 26.23 27.92 28.16 26.07 45138
20140304 27.56 27.93 28.58 27.36 34215
20140305 28.14 26.91 28.14 26.85 28356
20140306 26.95 26.12 26.95 25.71 35546
20140307 26.10 25.52 26.46 25.41 32539
20140310 25.43 24.94 25.49 24.30 38364
20140311 24.80 25.60 25.88 24.67 58821
20140312 25.48 25.07 25.69 24.95 32894
20140313 25.14 25.62 26.11 25.08 40269
20140314 25.50 26.29 26.40 25.38 41044
20140317 26.00 26.69 27.08 25.76 38171
20140318 26.63 27.17 28.03 26.60 67374
20140319 27.66 26.94 27.66 26.50 49795
20140320 26.94 26.30 27.55 26.28 53560
20140321 26.36 27.60 27.64 26.36 42401
20140324 27.90 26.88 28.47 26.86 48815
20140325 26.68 27.08 27.35 26.62 15714
20140326 27.10 26.45 27.38 26.43 25250
20140327 26.43 25.54 26.43 25.39 25826
20140328 25.40 24.94 26.05 24.50 29601
20140331 24.93 24.02 25.26 23.97 29215
20140401 24.20 24.21 24.47 23.86 26852
20140402 24.21 23.93 24.21 23.18 37944
20140403 23.50 23.91 24.00 23.50 24139
20140404 23.90 23.74 23.90 23.41 30592
20140408 23.51 24.37 24.39 23.40 42063
20140409 24.24 24.74 25.13 24.14 52227
20140410 24.90 24.54 24.93 24.47 51895
20140411 24.36 23.75 24.36 23.56 47304
20140414 23.59 24.03 24.05 23.50 34040
20140415 24.03 23.48 24.03 23.28 44300
20140416 23.46 23.18 23.78 22.91 36978
20140417 23.26 23.45 23.65 22.96 43295
20140418 23.39 23.28 23.39 23.06 31478
20140421 23.00 22.92 23.55 22.50 51240
20140422 22.69 22.96 23.20 22.15 46439
20140523 23.63 23.25 24.53 23.20 122270
20140526 23.41 24.09 24.40 23.21 95010
20140527 23.98 23.59 23.98 23.50 46719
20140528 23.75 23.27 23.77 22.94 53707
20140529 23.28 22.88 23.35 22.58 43971
20140530 22.78 22.84 22.96 22.36 42464
20140603 22.78 23.13 23.33 22.71 47470
20140604 23.08 22.88 23.08 22.31 29355
20140605 22.80 22.91 23.08 22.68 21078
20140606 23.18 23.00 23.48 22.95 42424
20140609 23.00 22.93 23.20 22.55 34487
20140610 22.98 23.06 23.50 22.68 33493
20140611 23.08 25.37 25.37 23.02 149988
20140612 25.83 26.00 26.37 25.28 234290
20140613 26.02 25.71 26.02 25.58 107585
20140616 25.87 26.43 26.88 25.71 146082
20140617 26.30 27.35 28.06 26.20 185986
20140618 27.48 27.44 27.67 26.98 85967
20140619 27.81 26.66 28.16 26.42 101257
20140620 26.35 26.40 27.38 26.35 63008
20140623 26.65 28.39 28.80 26.65 126361
20140624 28.16 28.41 28.63 27.90 76405
20140625 28.40 27.92 28.56 27.52 76583
20140626 28.35 28.04 28.47 27.00 92253
20140627 27.80 27.10 27.95 27.00 100200
20140630 27.00 27.75 27.95 26.88 76773
20140701 27.75 28.94 29.20 27.75 128075
20140702 29.20 29.35 30.40 28.70 189563
20140703 29.61 31.70 32.29 29.59 355737
20140704 31.53 31.54 32.54 31.00 232222
20140707 31.70 31.31 31.98 30.65 142630
20140708 31.15 32.70 33.18 30.56 147059
20140709 32.41 32.43 33.65 31.95 150982
20140710 32.10 33.19 34.80 32.10 212619
20140711 32.97 32.58 33.20 32.11 113037
20140714 32.50 32.08 33.36 31.90 121208
20140715 31.99 32.08 32.60 31.82 97547
20140716 31.90 29.61 31.90 29.55 181592
20140717 29.55 29.76 30.12 28.89 80741
20140718 29.73 29.31 29.78 29.13 52591
20140721 29.31 30.38 30.40 29.00 87806
20140722 30.30 30.05 30.31 29.50 86315
20140723 29.92 28.61 30.19 28.02 118201
20140724 28.88 28.76 29.45 27.88 111015
20140725 29.60 29.51 30.81 29.16 104267
20140728 29.20 29.73 30.30 28.75 102938
20140729 29.77 30.01 30.65 29.21 78069
20140730 29.85 31.66 32.00 29.84 126527
20140731 31.64 31.43 32.18 31.00 78738
20140801 31.16 31.46 32.85 31.10 157312
20140804 31.46 31.28 31.82 30.83 87406
20140805 31.29 30.82 31.38 30.38 82190
20140806 31.02 31.19 31.64 30.81 79965
20140807 31.20 30.33 31.20 30.22 67402
20140808 30.45 30.56 30.79 30.11 43353
20140811 30.34 31.09 31.34 30.34 56634
20140812 31.16 31.25 31.43 30.80 55434
20140813 31.25 30.64 31.26 30.19 66037
20140814 30.54 29.96 30.74 29.60 79541
20140815 30.17 30.37 30.50 29.89 50016
20140819 28.90 29.57 29.89 28.55 139216
20140820 29.72 29.53 29.79 29.00 65283
20140821 29.70 30.76 32.10 29.70 145943
20140822 30.78 31.99 32.35 30.70 205759
20140825 31.98 31.61 32.33 31.46 134225
20140826 31.45 31.96 32.59 31.38 91435
20140827 31.52 31.51 32.88 31.30 107049
20140828 31.49 30.93 32.00 30.78 62339
20140829 30.85 31.28 31.37 30.50 49590
20140901 31.38 33.19 33.45 31.38 153049
20140902 33.80 33.57 34.25 33.01 121282
20140903 33.31 33.55 33.87 33.06 88689
20140904 33.35 33.85 33.94 33.13 78903
20140905 33.90 35.20 35.36 33.90 133942
20140909 35.89 34.70 36.01 34.49 113459
20140910 34.51 34.53 35.25 34.35 74197
20140911 34.44 34.02 34.98 33.52 93784
20140912 34.07 34.40 34.47 33.90 48317
20140915 34.40 34.38 34.98 33.62 86178
20140916 34.38 32.53 34.38 32.50 100973
20140917 32.47 32.88 32.97 32.00 73644
20140918 32.74 33.24 33.26 32.51 45168
20140919 33.36 33.90 34.12 33.36 65042
20140922 34.04 32.57 34.22 32.54 82613
20140923 32.97 32.96 33.29 32.58 56285
20140924 32.96 34.00 34.13 32.88 85333
20140925 34.01 34.16 34.84 33.80 95495
20140926 34.80 34.84 35.38 34.35 103482
20140929 34.90 35.22 35.29 34.21 83237
20140930 35.10 35.98 36.11 34.90 108816
20141008 35.79 35.23 36.20 34.86 107637
20141009 35.20 34.82 35.20 34.36 78288
20141010 34.69 35.76 36.08 34.55 117790
20141013 35.88 35.38 36.29 34.83 60025
20141014 35.30 34.80 35.31 34.60 64992
20141015 34.66 35.00 35.15 34.40 56547
20141016 34.80 34.05 35.29 33.39 63575
20141017 33.91 32.67 33.94 31.98 87093
20141020 32.71 32.66 32.85 32.21 69605
20141021 32.70 33.03 33.46 32.50 53279
20141022 33.00 31.46 33.18 31.33 73800
20141023 31.30 30.49 31.39 30.20 68982
20141024 30.32 30.94 31.04 30.20 50156
20141027 31.50 31.80 32.40 31.50 76382
20141028 32.00 32.56 32.65 31.78 55102
20141029 33.50 32.84 33.52 32.52 68931
20141030 32.75 32.85 33.50 32.71 49746
20141031 33.13 32.26 33.14 31.54 61142
20141103 32.22 32.31 32.44 31.79 41085
20141104 32.25 32.02 32.78 31.95 37704
20141105 31.72 31.61 31.99 31.31 36374
20141106 31.60 31.86 32.24 31.60 42446
20141107 31.87 31.26 31.99 31.04 37591
20141110 31.30 31.36 31.58 30.85 41896
20141111 31.37 30.46 31.55 30.30 55055
20141112 30.60 30.83 31.05 30.48 32460
20141113 31.00 30.91 31.18 30.50 42267
20141114 30.84 32.27 32.30 30.32 74024
20141117 32.10 32.59 32.82 31.81 60161
20141118 32.50 32.39 32.74 32.20 32353
20141119 32.30 32.83 33.38 32.27 64219
20141120 32.80 32.24 33.28 32.00 49525
20141121 32.34 32.58 32.79 31.97 35667
20141124 34.20 33.01 34.20 32.79 77015
20141125 32.91 33.49 33.85 32.80 59650
20141126 33.49 34.94 35.02 33.48 138446
20141127 34.91 34.68 35.24 34.45 88841
20141128 34.76 36.60 37.13 34.70 171954
20141201 36.71 36.38 38.09 35.90 140230
20141202 36.50 36.40 37.08 36.30 86679
20141203 36.96 39.51 39.88 35.68 177693
20141211 38.90 40.65 43.00 38.00 174493
20141212 40.75 41.32 42.50 40.49 83877
20141215 42.01 43.63 44.50 40.77 150550
20141216 44.00 47.28 47.90 43.71 209016
20141217 46.31 46.17 47.25 45.08 100053
20141218 45.93 47.33 47.80 45.27 99150
20141219 47.30 47.35 49.20 46.00 113814
20141222 47.53 42.62 47.80 42.62 150753
20141223 44.00 40.98 45.20 40.00 120998
20141224 41.98 43.61 43.90 40.12 99336
20141225 43.96 45.08 45.61 43.81 78111
20141226 44.88 45.44 46.29 44.30 70234
20141229 44.75 41.89 44.75 41.50 110900
20141230 42.00 40.56 42.22 37.80 125051
20141231 40.00 40.51 41.00 39.00 68128
20150105 40.00 40.20 41.00 39.51 59730
20150106 39.50 38.96 39.50 37.10 120017
20150107 39.00 38.66 39.64 38.22 54690
20150108 38.85 37.97 38.90 37.52 74137
20150109 37.97 39.46 40.25 37.90 110305
20150112 38.86 38.97 39.95 38.41 54911
20150113 39.01 42.87 42.87 39.01 128651
20150114 44.36 45.30 46.29 43.38 222989
20150115 44.68 45.38 46.20 44.29 126210
20150116 45.29 48.09 48.58 44.62 190189
20150119 46.17 45.13 49.99 44.17 188852
20150120 46.50 46.89 47.80 44.70 137597
20150121 46.48 45.90 46.89 45.50 104792
20150122 45.81 49.04 49.99 45.55 159458
20150123 48.56 47.05 49.07 46.66 103072
20150126 47.00 47.70 49.18 46.96 76110
20150127 48.00 46.37 49.02 45.52 113966
20150128 46.80 45.87 48.30 45.67 98618
20150129 45.58 44.02 45.58 43.97 93937
20150130 44.10 44.73 44.80 42.87 85652
20150202 44.34 44.05 45.00 43.66 51079
20150203 44.49 43.97 44.60 43.32 75476
20150204 43.98 45.23 45.85 43.83 94188
20150205 45.46 45.32 46.33 44.76 86140
20150206 45.60 43.22 45.95 42.01 103527
20150209 42.98 42.46 42.98 41.88 44098
20150210 43.20 43.88 44.10 42.48 57781
20150211 43.90 44.92 45.30 43.79 85298
20150212 45.00 44.09 45.30 43.82 54040
20150213 44.16 45.89 46.37 43.80 122756
20150216 45.90 46.99 47.40 45.50 95033
20150217 46.95 49.46 50.61 46.90 170128
20150225 49.08 48.61 50.65 48.31 91978
20150226 48.20 47.92 49.22 47.00 61563
20150227 48.90 48.81 51.51 48.60 143270
20150302 48.88 52.45 52.88 48.57 196844
20150303 52.31 53.37 55.69 52.00 201933
20150304 53.30 56.95 58.50 53.30 215795
20150305 57.99 56.17 58.57 55.20 136791
20150306 55.60 53.58 56.70 53.20 128805
20150309 53.03 55.49 56.50 53.00 92676
20150310 55.80 61.04 61.04 55.60 192480
20150311 62.15 60.42 63.56 59.79 155030
20150312 59.80 59.33 60.30 56.80 125464
20150313 59.06 59.98 60.57 58.44 126942
20150316 60.19 59.89 63.56 58.50 320445
20150317 56.58 60.10 61.19 56.58 314392
20150318 59.85 61.28 63.38 59.30 165358
20150319 61.00 60.00 62.09 59.30 105371
20150320 60.00 60.21 60.71 58.80 92509
20150323 60.11 58.66 60.11 58.00 198811
20150324 59.87 59.50 60.20 57.80 163677
20150325 59.50 61.65 62.18 58.62 177174
20150326 61.23 59.47 61.23 58.60 110582
20150327 60.05 62.28 63.38 59.10 136668
20150330 62.22 65.92 66.55 62.22 152907
20150331 68.00 66.03 68.17 64.01 138377
20150401 65.82 68.10 68.58 65.14 122975
20150402 67.96 69.51 69.93 66.57 120159
20150403 68.51 69.97 70.49 68.08 89783
20150407 69.60 68.29 69.91 67.70 139749
20150408 69.31 64.86 69.40 63.66 130167
20150409 64.47 64.38 64.74 61.01 120369
20150410 64.20 66.87 67.78 63.60 76849
20150413 67.01 67.88 68.28 66.01 123016
20150414 68.00 67.52 68.80 66.96 95559
20150415 67.39 64.28 67.39 64.00 74478
20150416 63.50 70.71 70.71 62.30 209769
20150417 70.70 72.99 77.50 70.01 180634
20150420 71.00 69.16 74.35 68.00 131418
20150421 68.22 71.08 71.99 68.10 80789
20150422 71.73 72.19 74.97 71.09 111409
20150423 72.94 74.38 76.13 70.50 152528
20150424 73.00 79.34 79.58 72.28 173897
