20140102 7.33 7.32 7.37 7.23 20795
20140103 7.30 7.10 7.30 7.07 35097
20140106 7.11 6.80 7.11 6.79 32518
20140107 6.80 7.19 7.30 6.76 54649
20140108 7.14 7.23 7.35 7.11 80020
20140109 7.19 7.06 7.24 7.05 43686
20140110 7.01 6.89 7.10 6.82 29611
20140113 6.86 6.97 7.00 6.76 24412
20140114 6.96 7.14 7.16 6.95 51567
20140115 7.06 7.17 7.22 6.97 51505
20140116 7.08 7.07 7.16 7.05 37339
20140117 7.03 6.92 7.05 6.87 18585
20140120 6.92 6.93 7.00 6.88 13298
20140121 6.94 6.97 6.99 6.92 15975
20140122 6.96 7.10 7.11 6.96 29085
20140123 7.10 7.12 7.20 7.08 36759
20140124 7.15 7.20 7.20 7.11 29893
20140127 7.23 7.19 7.25 7.14 28328
20140128 7.19 7.14 7.23 7.02 20338
20140129 7.11 7.18 7.18 7.11 13220
20140130 7.17 7.00 7.19 6.98 21781
20140207 6.95 7.09 7.11 6.92 17493
20140210 7.09 7.30 7.32 7.07 48770
20140211 7.31 7.30 7.35 7.21 45997
20140212 7.32 7.37 7.38 7.24 66585
20140213 7.37 7.29 7.46 7.29 53231
20140214 7.27 7.35 7.38 7.24 38297
20140217 7.38 7.43 7.44 7.33 44398
20140218 7.42 7.32 7.43 7.29 46875
20140219 7.32 7.40 7.41 7.30 41638
20140220 7.40 7.26 7.51 7.25 51133
20140221 7.26 7.20 7.32 7.16 33373
20140224 7.18 7.11 7.19 7.04 24227
20140225 7.10 6.95 7.20 6.91 35594
20140226 6.92 7.00 7.02 6.89 24457
20140227 7.02 6.99 7.08 6.92 39288
20140228 6.96 7.10 7.12 6.95 38060
20140303 7.09 7.19 7.20 7.05 33924
20140304 7.10 7.13 7.19 7.05 31134
20140305 7.17 7.08 7.18 7.02 24653
20140306 7.08 7.10 7.11 6.97 23072
20140307 7.10 7.06 7.16 6.99 30703
20140310 7.06 6.79 7.06 6.78 35675
20140311 6.76 6.82 6.83 6.72 23245
20140312 6.78 6.79 6.84 6.70 15510
20140313 6.83 6.84 6.91 6.79 21977
20140314 6.80 6.82 6.84 6.74 13598
20140317 6.83 6.89 6.89 6.77 18006
20140318 6.89 6.92 7.00 6.87 21987
20140319 6.94 6.96 6.98 6.91 20830
20140320 6.95 6.91 7.06 6.81 30669
20140321 6.85 7.03 7.08 6.80 23756
20140324 7.04 7.08 7.10 7.02 23910
20140325 7.08 7.16 7.22 7.03 36720
20140326 7.16 7.15 7.19 7.08 22895
20140327 7.12 7.04 7.15 7.04 16392
20140328 7.05 7.07 7.12 7.02 20706
20140331 7.78 7.78 7.78 7.75 131921
20140401 7.98 8.28 8.47 7.89 403950
20140402 8.14 8.25 8.38 8.13 216375
20140403 8.22 8.62 8.95 8.16 252542
20140404 8.51 8.59 8.77 8.42 163029
20140408 8.60 8.66 8.76 8.50 154421
20140409 9.30 9.53 9.53 9.08 150076
20140410 10.45 10.48 10.48 10.20 272929
20140411 10.77 10.40 10.98 10.31 487155
20140414 10.55 10.61 10.86 10.41 287776
20140415 10.52 9.94 10.64 9.90 335296
20140416 9.95 9.82 10.08 9.78 210226
20140417 9.80 9.83 9.91 9.77 118584
20140418 9.73 9.88 10.03 9.65 162305
20140421 10.00 10.00 10.36 9.50 202170
20140422 10.00 10.19 10.24 9.81 128221
20140423 10.17 10.24 10.32 10.12 92102
20140424 10.16 9.56 10.29 9.54 143647
20140425 9.50 10.18 10.52 9.49 294400
20140428 9.96 10.30 10.51 9.72 249105
20140429 10.19 10.28 10.39 9.90 176038
20140430 10.20 10.24 10.28 10.01 122624
20140505 10.18 11.14 11.26 10.12 334001
20140506 11.00 11.23 11.35 10.91 216999
20140507 11.06 10.82 11.26 10.80 140994
20140508 10.72 10.65 10.99 10.55 153408
20140509 10.72 10.79 11.06 10.60 137634
20140512 11.02 11.50 11.54 10.89 251177
20140513 11.43 10.91 11.50 10.82 242185
20140514 10.85 11.01 11.07 10.81 119709
20140515 10.98 10.67 11.10 10.58 162090
20140516 5.39 5.55 5.73 5.36 363271
20140519 5.25 5.05 5.25 5.00 470797
20140520 5.06 4.93 5.10 4.86 301755
20140521 4.91 5.09 5.13 4.79 253226
20140522 5.06 4.95 5.12 4.94 233984
20140523 4.95 4.95 4.97 4.87 139028
20140526 4.95 5.02 5.04 4.93 144260
20140527 5.02 4.90 5.02 4.89 156505
20140528 4.90 4.91 4.94 4.84 148116
20140529 4.93 4.78 4.93 4.77 160148
20140530 4.78 4.74 4.80 4.71 111605
20140603 4.76 4.75 4.80 4.73 78730
20140604 4.76 4.65 4.76 4.61 119285
20140605 4.65 4.73 4.76 4.61 106853
20140606 4.71 4.66 4.73 4.63 88517
20140609 4.65 4.66 4.73 4.61 80259
20140610 4.66 4.82 4.83 4.65 198701
20140611 4.80 4.79 4.86 4.77 122515
20140612 4.77 4.68 4.78 4.66 139757
20140613 4.66 4.73 4.74 4.63 105423
20140616 4.74 4.74 4.78 4.69 91479
20140617 4.73 4.66 4.73 4.63 105796
20140618 4.66 4.57 4.66 4.56 99202
20140619 4.57 4.38 4.59 4.31 136708
20140620 4.36 4.39 4.41 4.34 57938
20140623 4.39 4.40 4.46 4.39 60777
20140624 4.41 4.43 4.43 4.35 53369
20140625 4.42 4.40 4.44 4.37 48349
20140626 4.40 4.50 4.52 4.39 97903
20140627 4.52 4.51 4.55 4.45 88294
20140630 4.54 4.56 4.56 4.51 90692
20140701 4.56 4.77 4.84 4.53 244132
20140702 4.72 4.75 4.79 4.68 163813
20140703 4.75 4.83 4.88 4.72 180106
20140704 4.83 4.77 4.85 4.74 132397
20140707 4.77 4.73 4.79 4.68 78225
20140708 4.73 5.00 5.20 4.67 309737
20140709 4.94 4.88 4.99 4.85 212300
20140710 4.86 4.94 5.04 4.85 193942
20140711 4.91 4.97 5.03 4.90 146040
20140714 4.96 4.98 4.98 4.92 110212
20140715 4.98 4.92 4.98 4.88 111623
20140716 4.90 5.08 5.17 4.90 292668
20140717 5.07 5.03 5.07 4.95 139345
20140718 4.98 4.98 5.06 4.96 106955
20141210 5.48 5.48 5.48 5.48 7202
20141211 6.03 6.03 6.03 6.03 6232
20141212 6.63 6.63 6.63 6.63 5443
20141215 7.29 7.29 7.29 7.29 65111
20141216 7.88 7.24 7.88 7.00 1091832
20141217 7.08 7.08 7.24 7.01 416969
20141218 7.01 6.84 7.15 6.81 373844
20141219 6.89 7.02 7.15 6.82 321763
20141222 7.02 6.98 7.38 6.83 330149
20141223 6.90 6.45 6.90 6.35 272594
20141224 6.44 6.52 6.63 6.35 139591
20141225 6.58 6.60 6.61 6.43 129631
20141226 6.76 7.14 7.26 6.75 523939
20141229 7.14 7.00 7.20 6.91 266184
20141230 7.00 6.64 7.05 6.38 216252
20141231 6.56 6.71 6.76 6.53 125159
20150105 6.70 6.94 6.95 6.55 242594
20150106 6.90 6.78 6.90 6.71 156903
20150107 6.73 6.78 6.81 6.66 139776
20150108 6.77 6.56 6.78 6.56 131471
20150109 6.56 6.52 6.75 6.51 157873
20150112 6.49 6.23 6.49 6.21 136793
20150113 6.18 5.99 6.27 5.89 262868
20150114 5.98 5.99 6.09 5.92 95501
20150115 5.98 6.12 6.15 5.98 109991
20150116 6.15 6.08 6.15 6.05 125476
20150119 6.00 5.76 6.03 5.61 174844
20150120 5.78 5.97 6.02 5.78 136792
20150121 6.00 6.18 6.26 5.90 216316
20150122 6.21 6.75 6.80 6.21 447152
20150123 6.67 6.67 6.98 6.60 660016
20150126 6.61 6.68 6.84 6.61 317911
20150127 6.69 6.55 6.72 6.42 451415
20150128 6.57 6.52 6.62 6.50 180041
20150129 6.45 6.50 6.56 6.40 139966
20150130 6.50 6.41 6.58 6.40 123889
20150202 5.77 5.97 6.09 5.77 274055
20150203 5.94 6.05 6.09 5.94 97954
20150204 6.05 5.98 6.11 5.96 112109
20150205 6.07 5.86 6.10 5.85 145564
20150206 5.86 5.65 5.88 5.60 148908
20150209 5.65 5.69 5.74 5.61 64233
20150210 5.75 5.71 5.75 5.65 74712
20150211 5.72 5.71 5.76 5.69 69893
20150212 5.72 5.72 5.75 5.65 95980
20150213 5.74 6.14 6.20 5.74 251844
20150216 6.15 6.14 6.17 6.06 121057
20150217 6.13 6.23 6.27 6.11 127249
20150225 6.23 6.18 6.26 6.10 108351
20150226 6.17 6.29 6.35 6.13 136601
20150227 6.34 6.38 6.45 6.30 177788
20150302 6.43 6.44 6.46 6.30 210035
20150303 6.40 6.45 6.50 6.35 229406
20150304 6.45 6.62 6.69 6.45 296757
20150305 6.62 6.53 6.63 6.49 187435
20150306 6.53 6.37 6.53 6.35 197083
20150309 6.34 6.44 6.45 6.26 148444
20150310 6.41 6.50 6.54 6.41 154944
20150311 6.50 6.43 6.58 6.40 159562
20150312 6.46 6.48 6.50 6.40 134414
20150313 6.49 6.62 6.64 6.49 265888
20150316 6.71 7.01 7.04 6.65 525254
20150317 7.02 7.04 7.08 6.92 450682
20150318 7.04 7.46 7.50 7.00 639878
20150319 7.40 7.45 7.60 7.27 526183
20150320 7.46 7.48 7.58 7.42 327694
20150323 7.53 7.65 7.85 7.53 457002
20150324 7.66 7.43 7.71 7.14 485962
20150325 7.40 7.36 7.42 7.24 302812
20150326 7.34 7.48 7.58 7.24 313757
20150327 7.55 7.68 7.72 7.36 377786
20150330 7.72 8.02 8.10 7.72 568262
20150331 8.05 7.85 8.30 7.80 469534
20150401 7.85 8.00 8.07 7.77 299871
20150402 7.93 8.05 8.05 7.88 411249
20150403 8.05 8.25 8.40 7.96 413990
20150407 8.25 8.45 8.50 8.25 357829
20150408 8.46 8.22 8.56 8.09 447119
20150409 8.17 7.86 8.18 7.66 450838
20150410 7.80 7.95 7.98 7.73 313114
20150413 8.00 8.23 8.34 7.90 431102
20150414 8.24 8.59 8.78 8.06 692451
20150415 8.61 8.16 8.61 8.07 401684
20150416 8.16 8.62 8.63 8.03 569638
20150417 8.80 9.11 9.33 8.56 1062899
20150420 8.89 8.73 9.07 8.72 762904
20150421 8.68 8.84 8.84 8.61 376261
20150422 8.89 9.06 9.13 8.89 586488
20150423 9.10 8.87 9.15 8.78 546287
20150424 8.75 8.74 8.83 8.60 397167
20150427 8.80 8.84 9.05 8.76 435677
20150428 8.80 8.45 8.82 8.33 442625
20150429 8.35 8.51 8.68 8.27 307432
20150430 8.60 8.70 8.89 8.51 619845
20150504 8.77 9.22 9.23 8.70 909469
20150505 9.29 8.58 9.43 8.47 732189
20150506 8.50 8.13 8.63 8.00 424638
20150507 8.13 7.65 8.17 7.61 346970
20150508 7.73 7.94 7.98 7.72 268802
20150511 8.00 8.31 8.33 7.97 270759
20150512 8.35 8.39 8.48 8.15 394337
20150513 8.40 8.44 8.52 8.23 360354
20150514 8.45 8.49 8.55 8.35 291857
20150515 8.47 8.15 8.48 8.08 298764
20150518 8.05 8.14 8.25 7.96 197541
20150519 8.14 8.53 8.57 8.11 311788
20150520 8.50 8.51 8.75 8.45 413635
20150521 8.49 8.83 8.85 8.46 445983
20150522 8.91 9.17 9.34 8.70 672245
20150525 9.17 9.53 9.66 9.03 766915
20150526 9.53 10.35 10.48 9.26 1099843
20150527 10.16 10.07 10.45 9.91 673171
20150528 10.05 9.21 10.43 9.12 710490
20150529 9.10 9.28 9.50 8.72 583069
20150601 9.32 9.86 9.90 9.32 466847
20150602 9.88 10.40 10.48 9.81 662122
20150603 10.38 11.07 11.44 10.12 1163404
20150604 10.95 10.89 11.04 9.96 683923
20150605 10.98 11.20 11.35 10.74 767590
20150608 11.20 11.40 11.56 11.00 748799
20150609 11.35 11.08 11.35 10.82 556002
20150610 10.90 11.15 11.38 10.78 478387
20150611 11.10 11.36 11.45 10.95 507859
20150612 11.36 12.47 12.50 11.26 961802
20150615 13.01 13.47 13.72 12.70 1560836
20150616 13.11 12.35 13.11 12.15 893746
20150617 12.05 13.33 13.51 11.57 854537
20150618 13.30 12.93 13.98 12.80 786436
20150619 12.40 11.75 12.90 11.64 530647
20150623 11.80 12.56 12.60 10.71 559213
20150624 12.75 13.44 13.60 12.75 936172
20150625 13.46 13.63 14.37 13.12 1244907
20150626 13.02 12.27 13.27 12.27 675733
20150629 12.82 12.26 12.99 11.05 853974
20150630 12.05 12.73 12.86 11.10 798924
20150701 12.45 11.46 12.72 11.46 723937
20150702 11.01 10.31 11.24 10.31 442069
20150703 9.28 9.28 10.03 9.28 347368
20150706 10.13 8.35 10.13 8.35 561616
20150707 7.72 7.52 7.75 7.52 140267
20150708 6.77 6.77 6.77 6.77 20029
20150709 6.09 7.45 7.45 6.09 806582
20150710 7.67 8.20 8.20 7.67 561117
20150713 8.49 9.02 9.02 8.20 765034
20150714 9.02 8.82 9.65 8.66 799789
20150715 8.49 7.85 8.60 7.85 414203
20150716 7.20 7.86 8.26 7.10 385674
20150717 7.86 8.39 8.55 7.86 368653
20150720 8.39 8.47 8.78 8.20 403762
20150721 8.30 8.61 8.74 8.20 400249
20150722 8.72 9.09 9.30 8.35 614248
20150723 9.01 9.29 9.40 8.90 609120
20150724 9.37 8.97 9.65 8.80 642743
20150727 8.68 8.07 9.20 8.07 571806
20150728 7.61 8.29 8.30 7.31 544026
20150729 8.37 9.12 9.12 8.23 534121
20150730 9.22 8.90 9.57 8.77 706428
