20140102 3.13 3.18 3.20 3.10 79541
20140103 3.20 3.13 3.20 3.13 52029
20140106 3.13 3.02 3.13 3.01 56167
20140107 3.02 3.04 3.06 2.99 47026
20140108 3.03 2.99 3.05 2.98 45049
20140109 2.99 2.93 3.01 2.92 43538
20140110 2.93 2.86 2.93 2.80 47054
20140113 2.86 2.83 2.89 2.80 35354
20140114 2.81 2.92 2.92 2.81 32380
20140115 2.91 2.90 2.94 2.85 37007
20140116 2.88 2.89 2.93 2.87 33494
20140117 2.88 2.84 2.90 2.84 32609
20140120 2.84 2.85 2.86 2.81 41690
20140121 2.83 2.91 2.93 2.83 43380
20140122 2.90 2.98 2.98 2.86 71122
20140123 2.97 2.96 2.99 2.95 42233
20140124 2.96 2.99 3.02 2.94 52857
20140127 2.99 2.96 3.00 2.93 42757
20140128 2.98 2.98 3.03 2.96 53140
20140129 2.97 2.99 3.00 2.95 33628
20140130 2.99 3.00 3.01 2.95 27973
20140207 2.96 3.05 3.05 2.95 62210
20140210 3.06 3.13 3.14 3.04 96051
20140211 3.13 3.13 3.15 3.10 66203
20140212 3.14 3.17 3.18 3.12 64637
20140213 3.18 3.08 3.18 3.07 79328
20140214 3.07 3.18 3.19 3.07 83980
20140217 3.19 3.32 3.34 3.15 174007
20140218 3.28 3.44 3.60 3.27 305652
20140219 3.45 3.45 3.55 3.38 171049
20140220 3.43 3.53 3.60 3.38 238223
20140221 3.55 3.43 3.56 3.39 117037
20140224 3.39 3.40 3.50 3.36 103338
20140225 3.47 3.27 3.48 3.18 132000
20140226 3.27 3.28 3.31 3.21 64219
20140227 3.28 3.22 3.33 3.21 73134
20140228 3.20 3.35 3.36 3.19 88127
20140303 3.33 3.43 3.50 3.33 92467
20140304 3.40 3.46 3.48 3.36 75361
20140305 3.45 3.42 3.47 3.41 56961
20140306 3.43 3.47 3.49 3.40 80257
20140307 3.47 3.34 3.47 3.28 193509
20140310 3.28 3.12 3.29 3.10 132927
20140311 3.13 3.13 3.18 3.12 62729
20140312 3.13 3.10 3.14 3.05 66114
20140313 3.10 3.16 3.17 3.10 42471
20140314 3.17 3.15 3.18 3.11 33466
20140317 3.15 3.19 3.22 3.14 47196
20140318 3.19 3.21 3.22 3.17 56907
20140319 3.20 3.23 3.25 3.17 59283
20140320 3.22 3.16 3.26 3.16 58531
20140321 3.14 3.23 3.25 3.14 61744
20140324 3.25 3.32 3.36 3.24 89516
20140325 3.34 3.36 3.40 3.31 70583
20140326 3.36 3.34 3.38 3.28 61638
20140327 3.33 3.36 3.44 3.32 112289
20140328 3.36 3.31 3.39 3.30 67310
20140331 3.31 3.22 3.32 3.20 54729
20140401 3.21 3.26 3.28 3.21 37600
20140402 3.28 3.32 3.36 3.25 51841
20140403 3.32 3.28 3.34 3.25 34080
20140404 3.26 3.38 3.39 3.26 58320
20140408 3.35 3.42 3.48 3.35 63949
20140409 3.43 3.43 3.44 3.38 47487
20140410 3.43 3.41 3.43 3.39 58431
20140411 3.41 3.41 3.43 3.37 49571
20140414 3.40 3.43 3.44 3.36 50698
20140415 3.43 3.46 3.52 3.38 107065
20140416 3.44 3.56 3.56 3.43 134615
20140417 3.57 3.49 3.58 3.49 64912
20140418 3.48 3.50 3.55 3.45 58921
20140421 3.49 3.37 3.50 3.36 60091
20140422 3.37 3.38 3.43 3.32 48188
20140423 3.40 3.36 3.40 3.34 29025
20140424 3.34 3.31 3.37 3.30 46294
20140425 3.31 3.24 3.33 3.22 42702
20140428 3.21 3.12 3.22 3.10 47377
20140429 3.12 3.23 3.24 3.11 42562
20140430 3.23 3.25 3.27 3.21 34800
20140505 3.23 3.26 3.27 3.21 24333
20140506 3.24 3.26 3.29 3.23 32317
20140507 3.23 3.23 3.30 3.21 34218
20140508 3.21 3.26 3.31 3.21 31584
20140509 3.29 3.36 3.37 3.26 55979
20140512 3.39 3.46 3.48 3.37 92249
20140513 3.45 3.40 3.50 3.40 60301
20140514 3.40 3.39 3.43 3.38 35751
20140515 3.39 3.33 3.40 3.32 40472
20140516 3.31 3.26 3.35 3.21 44555
20140519 3.26 3.28 3.29 3.24 20792
20140520 3.28 3.32 3.36 3.27 34513
20140521 3.33 3.33 3.34 3.27 20947
20140522 3.35 3.32 3.38 3.30 35992
20140523 3.31 3.35 3.36 3.30 35894
20140526 3.36 3.41 3.44 3.36 43586
20140527 3.40 3.36 3.41 3.35 31320
20140528 3.35 3.45 3.48 3.35 78331
20140529 3.45 3.40 3.45 3.39 47735
20140530 3.42 3.43 3.43 3.35 28161
20140603 3.42 3.44 3.49 3.39 59946
20140604 3.42 3.48 3.49 3.38 63164
20140605 3.49 3.47 3.52 3.46 56964
20140606 3.47 3.52 3.53 3.43 66156
20140609 3.53 3.47 3.54 3.45 47337
20140610 3.46 3.52 3.56 3.46 87388
20140611 3.52 3.50 3.55 3.49 37003
20140912 3.85 3.85 3.85 3.85 2441
20140915 4.24 4.24 4.24 4.24 2720
20140916 4.66 4.66 4.66 4.66 10114
20140917 5.13 5.13 5.13 5.13 16222
20140918 5.64 5.64 5.64 5.64 25117
20140919 6.20 6.20 6.20 6.20 24808
20140922 6.82 6.82 6.82 6.82 88733
20140923 7.50 7.50 7.50 7.50 111165
20140924 8.15 7.73 8.15 7.36 1851247
20140925 7.74 8.50 8.50 7.45 1337454
20140926 8.33 8.23 8.62 8.10 860344
20140929 8.25 8.70 8.96 8.25 871632
20140930 8.50 8.60 8.72 8.35 398942
20141008 8.52 9.36 9.46 8.48 604636
20141009 9.27 9.36 9.54 9.10 351914
20141010 9.27 9.07 9.27 8.73 501646
20141013 8.93 8.77 8.93 8.58 275667
20141014 8.81 8.42 8.86 8.32 277494
20141015 8.50 8.48 8.57 8.17 262557
20141016 8.37 8.66 9.14 8.22 353682
20141017 8.60 8.89 8.95 8.35 298427
20141020 8.85 9.10 9.12 8.68 245945
20141021 9.02 8.98 9.16 8.84 193294
20141022 8.96 9.14 9.58 8.89 329738
20141023 9.00 8.60 9.15 8.51 235155
20141024 8.58 8.78 9.06 8.55 205180
20141027 9.00 9.66 9.66 8.85 492364
20141028 9.75 10.38 10.59 9.69 603503
20141029 10.29 10.57 10.76 10.18 402449
20141030 10.40 10.24 10.77 10.22 227451
20141031 10.11 10.10 10.20 9.75 292690
20141103 9.09 9.43 9.66 9.09 845943
20141104 9.20 8.92 9.56 8.70 616645
20141105 8.80 9.18 9.30 8.75 314957
20141106 9.16 9.60 9.62 9.15 273390
20141107 9.66 10.07 10.42 9.66 328970
20141110 10.04 10.00 10.25 9.81 167893
20141111 10.02 9.78 10.20 9.55 228239
20141112 9.70 10.00 10.20 9.45 177696
20141113 9.90 10.09 10.35 9.64 176456
20141114 9.98 10.76 10.78 9.80 275313
20141117 10.63 11.19 11.54 10.50 235653
20141118 11.00 10.98 11.53 10.88 198808
20141119 11.05 10.97 11.22 10.69 148858
20141120 10.80 10.70 10.92 10.55 181149
20141121 10.70 11.01 11.30 10.62 170240
20141124 11.06 11.00 11.15 10.79 140104
20141125 11.00 10.50 11.04 10.24 277988
20141126 10.50 11.48 11.50 10.50 291181
20141127 11.55 11.32 11.59 11.15 141804
20141128 11.22 11.24 11.88 11.00 194855
20141201 11.08 11.22 11.24 10.61 181558
20141202 11.14 11.00 11.22 10.91 146456
20141203 10.97 10.60 10.97 10.26 282768
20141204 10.63 10.50 10.98 10.30 351507
20141205 10.40 9.96 10.40 9.61 322183
20141208 9.92 10.38 10.48 9.56 325526
20141209 10.18 9.54 10.30 9.50 227692
20141210 9.46 9.85 9.97 9.40 125513
20141211 9.80 10.00 10.38 9.68 150606
20141212 10.04 10.23 10.30 9.97 128266
20141215 10.99 10.79 10.99 10.29 416817
20141216 10.64 10.58 10.85 10.51 134380
20141217 10.60 10.05 10.60 9.99 247867
20141218 10.04 9.90 10.17 9.82 86342
20141219 9.92 9.60 9.98 9.24 123802
20141222 9.60 8.98 9.61 8.78 168356
20141223 8.91 8.91 9.20 8.88 83092
20141224 8.95 9.50 9.55 8.94 123139
20141225 9.58 9.43 9.59 9.30 68777
20141226 9.46 9.48 9.68 9.41 58926
20141229 9.40 8.78 9.40 8.70 172206
20141230 8.76 8.19 8.90 7.93 185683
20141231 8.20 8.20 8.27 7.84 138292
20150105 8.19 8.14 8.19 7.76 101664
20150106 7.96 8.65 8.80 7.80 177812
20150107 8.50 8.59 8.85 8.39 93350
20150108 8.51 9.26 9.30 8.40 191881
20150109 9.20 8.98 9.44 8.96 102095
20150112 9.00 8.98 9.24 8.72 77498
20150113 9.04 9.44 9.80 9.03 157859
20150114 9.44 9.52 9.70 9.24 72290
20150115 9.55 9.30 9.63 9.16 93083
20150116 9.31 9.30 9.41 9.13 73951
20150119 8.41 9.16 9.39 8.41 97032
20150120 9.16 9.94 10.02 9.01 224475
20150121 9.95 10.27 10.66 9.95 231465
20150122 10.20 10.28 10.50 10.08 96266
20150123 10.37 10.02 10.48 9.98 91795
20150126 10.08 10.00 10.15 9.80 78935
20150127 10.00 10.34 10.35 9.90 145850
20150128 10.28 10.08 10.55 10.07 132625
20150129 9.98 9.84 10.26 9.75 114426
20150130 9.80 9.09 10.10 9.01 216954
20150309 8.18 8.18 8.18 8.18 60051
20150310 7.36 8.24 8.80 7.36 2192218
20150311 7.66 7.63 7.87 7.56 1391581
20150312 7.44 7.58 7.73 7.38 730327
20150313 7.56 7.63 7.67 7.53 457208
20150316 7.65 8.04 8.07 7.65 851579
20150317 8.08 8.08 8.12 7.90 804397
20150318 8.08 8.46 8.50 8.01 742977
20150319 8.40 8.48 8.60 8.22 645308
20150320 8.46 8.40 8.55 8.37 543494
20150323 8.39 8.57 8.61 8.35 587826
20150324 8.55 8.49 8.56 8.10 645713
20150325 8.40 8.61 8.85 8.32 687293
20150326 8.57 8.56 8.80 8.43 465493
20150327 8.54 8.56 8.73 8.45 419804
20150330 8.51 8.57 8.79 8.49 474002
20150331 8.60 8.49 8.63 8.46 441180
20150401 8.46 8.56 8.64 8.40 471935
20150402 8.59 8.60 8.62 8.47 450447
20150403 8.59 9.46 9.46 8.52 1275442
20150407 9.61 9.52 9.67 9.30 930512
20150408 9.69 9.37 9.69 9.15 559440
20150409 9.38 9.14 9.50 8.91 470437
20150410 9.15 9.49 9.63 9.15 649399
20150413 9.47 9.51 9.64 9.38 513017
20150414 9.52 9.96 10.26 9.26 741598
20150415 9.80 9.41 9.86 9.37 511993
20150416 9.25 9.30 9.40 8.88 332805
20150417 9.35 9.35 9.50 9.22 409643
20150420 9.20 9.22 9.58 9.08 476075
20150421 9.28 9.58 9.76 9.27 509012
20150422 9.62 9.94 10.20 9.55 692773
20150423 9.82 10.14 10.17 9.66 741137
20150424 10.02 10.13 10.41 9.87 619253
20150427 10.14 9.99 10.38 9.91 474146
20150428 10.04 9.38 10.05 9.30 461386
20150429 9.30 9.57 9.67 9.19 263527
20150430 9.60 9.36 9.65 9.28 270443
20150504 9.33 9.36 9.37 9.13 232178
20150505 9.36 8.78 9.37 8.61 249437
20150506 8.80 8.28 8.94 8.11 271832
20150507 8.27 8.02 8.42 7.99 228404
20150508 8.10 8.39 8.40 8.10 211098
20150511 8.50 9.12 9.23 8.42 339997
20150512 9.15 9.39 9.53 8.98 450708
20150513 9.39 9.74 9.77 9.28 449436
20150514 9.74 9.75 10.05 9.50 400681
20150515 9.70 9.39 9.70 9.28 233510
20150518 9.28 10.33 10.33 9.28 810253
20150519 10.43 10.66 10.89 10.15 711025
20150520 10.67 10.84 11.50 10.59 591542
20150521 11.00 11.92 11.92 11.00 644834
20150522 12.10 12.24 12.92 11.57 695025
