20140102 9.50 9.50 9.51 9.35 65469
20140103 9.44 9.40 9.45 9.30 61610
20140106 9.35 9.44 9.61 9.28 100599
20140107 9.45 9.35 9.66 9.29 78710
20140108 9.34 9.14 9.39 9.11 78881
20140109 9.12 9.02 9.15 8.91 102097
20140110 8.95 8.91 9.09 8.87 47248
20140113 8.92 8.89 8.98 8.86 31890
20140114 8.91 9.10 9.20 8.78 58713
20140115 9.05 9.33 9.57 8.97 136908
20140116 9.29 9.43 9.54 9.25 230287
20140117 9.37 9.49 9.58 9.20 79203
20140120 9.43 9.62 9.69 9.36 202086
20140121 9.62 9.60 9.77 9.49 149200
20140122 9.55 9.71 9.93 9.45 113743
20140123 9.68 9.56 9.78 9.53 251919
20140124 9.54 9.50 9.56 9.41 74720
20140127 9.45 9.56 9.63 9.36 147490
20140128 9.57 9.41 9.67 9.39 138486
20140129 9.43 9.23 9.45 9.22 63278
20140130 9.24 9.21 9.32 9.15 31745
20140207 9.16 9.27 9.28 9.06 33956
20140210 9.28 9.43 9.44 9.26 59051
20140211 9.43 9.55 9.68 9.35 144611
20140212 9.54 9.55 9.62 9.42 101170
20140213 9.49 9.45 9.65 9.43 154335
20140214 9.44 9.53 9.58 9.38 80124
20140217 9.54 9.70 9.76 9.49 183153
20140218 9.64 9.52 9.71 9.49 106095
20140219 9.49 9.54 9.62 9.42 81591
20140220 9.60 9.67 9.85 9.60 214288
20140221 9.66 9.70 9.86 9.61 122354
20140224 9.67 9.34 9.67 9.30 98675
20140225 9.31 9.04 9.47 8.96 110591
20140226 9.02 8.81 9.08 8.69 122106
20140227 8.82 8.72 8.90 8.70 57727
20140228 8.75 8.78 8.82 8.68 51545
20140303 8.80 8.91 8.94 8.75 61226
20140304 8.87 8.83 8.87 8.71 66768
20140305 8.83 8.78 8.92 8.64 62014
20140306 8.75 8.72 8.79 8.66 57417
20140307 8.71 8.77 8.79 8.70 38139
20140310 8.76 8.44 8.81 8.42 64114
20140311 8.44 8.58 8.66 8.39 55402
20140312 8.58 8.51 8.65 8.41 41682
20140313 8.55 8.83 8.91 8.48 126210
20140314 8.78 8.66 8.83 8.60 52364
20140317 8.70 8.73 8.77 8.65 34240
20140318 8.75 8.72 8.92 8.69 66743
20140319 8.68 8.65 8.74 8.58 31504
20140320 8.65 8.34 8.78 8.32 44493
20140321 8.35 8.52 8.60 8.32 50596
20140324 8.49 8.65 8.66 8.48 46952
20140325 8.60 8.61 8.67 8.56 43234
20140326 8.62 8.61 8.68 8.53 40396
20140327 8.60 8.48 8.63 8.47 33909
20140328 8.48 8.34 8.55 8.33 39677
20140331 8.36 8.36 8.44 8.32 27726
20140401 8.40 8.46 8.48 8.35 21973
20140402 8.47 8.51 8.53 8.45 30836
20140403 8.52 8.48 8.56 8.44 27077
20140404 8.48 8.51 8.54 8.44 24231
20140408 8.50 8.63 8.63 8.48 49781
20140409 8.63 8.66 8.74 8.59 59792
20140410 8.64 8.67 8.68 8.60 39731
20140411 8.67 8.72 8.78 8.66 58064
20140414 8.72 8.69 8.73 8.65 29289
20140415 8.69 8.57 8.71 8.56 38437
20140416 8.58 8.51 8.60 8.49 38113
20140417 8.55 8.54 8.57 8.52 20811
20140418 8.53 8.55 8.58 8.49 18529
20140421 8.54 8.39 8.55 8.39 36445
20140422 8.43 8.33 8.44 8.29 41327
20140423 8.33 8.37 8.47 8.33 27691
20140424 8.36 8.31 8.38 8.29 20881
20140425 8.30 8.12 8.32 7.96 76547
20140428 8.10 7.89 8.10 7.88 42463
20140429 7.88 8.01 8.05 7.88 24462
20140430 8.00 8.02 8.06 7.95 22099
20140505 8.01 8.08 8.12 7.96 22502
20140506 8.10 8.10 8.12 8.01 18818
20140507 8.10 8.00 8.10 8.00 20671
20140508 8.00 8.17 8.28 7.98 88288
20140509 8.17 8.04 8.18 8.01 33216
20140512 8.06 8.22 8.24 8.02 47531
20140513 8.14 8.11 8.17 8.09 24175
20140514 8.09 8.05 8.12 8.04 21678
20140515 8.05 7.95 8.05 7.92 23877
20140516 7.97 7.99 8.04 7.91 15029
20140519 7.99 7.89 8.00 7.84 18773
20140520 7.93 7.89 7.95 7.86 13747
20140521 7.88 7.93 7.96 7.85 14359
20140522 7.93 8.27 8.42 7.90 170220
20140523 8.24 8.29 8.39 8.16 125241
20140526 8.31 8.28 8.35 8.26 130081
20140527 8.29 8.14 8.29 8.13 49244
20140528 8.13 8.21 8.22 8.10 34535
20140529 8.14 8.08 8.22 8.06 80563
20140530 8.08 8.00 8.12 7.98 60474
20140603 8.00 7.86 8.05 7.84 100797
20140612 7.30 7.61 7.78 7.30 200412
20140613 7.58 7.67 7.70 7.53 121730
20140616 7.69 7.79 7.87 7.61 191432
20140617 7.79 7.90 7.94 7.71 154236
20140618 7.85 7.79 7.96 7.75 103493
20140619 7.74 7.69 7.82 7.59 88658
20140620 7.61 7.70 7.79 7.58 59255
20140623 7.68 7.76 7.85 7.61 296176
20140624 7.76 7.88 7.91 7.68 282371
20140625 7.82 7.81 7.85 7.71 88902
20140626 7.79 7.89 7.98 7.75 123370
20140627 7.87 7.97 8.08 7.78 316709
20140701 7.83 7.80 7.88 7.64 195023
20140702 7.77 7.80 7.84 7.75 88162
20140703 7.80 7.80 7.83 7.76 77842
20140704 7.78 7.81 7.86 7.75 96395
20140707 7.79 7.79 7.83 7.76 56094
20140708 7.79 7.82 7.84 7.76 55782
20140709 7.80 7.84 7.92 7.69 140149
20140710 7.80 7.78 7.84 7.76 66685
20140711 7.77 7.85 7.86 7.73 67371
20140714 7.89 7.97 8.03 7.83 193145
20140715 8.05 8.12 8.30 8.05 245088
20140716 8.10 8.05 8.20 8.01 112777
20140717 8.08 8.17 8.19 8.03 108472
20140718 8.15 8.23 8.35 8.15 162529
20140721 8.25 8.15 8.29 8.11 88264
20140722 8.15 8.15 8.20 8.10 108912
20140723 8.11 8.07 8.18 7.96 198085
20140724 8.04 8.10 8.12 8.01 148989
20140725 8.09 8.15 8.21 8.06 101985
20140728 8.21 8.29 8.32 8.17 153367
20140729 8.31 8.25 8.38 8.22 138957
20140730 8.25 8.31 8.36 8.21 108288
20140731 8.31 8.40 8.46 8.27 173169
20140801 8.40 8.26 8.45 8.25 122297
20140804 8.25 8.38 8.40 8.23 102917
20140805 8.38 8.36 8.41 8.29 94426
20140806 8.34 8.47 8.48 8.32 130498
20140807 8.55 8.57 8.77 8.53 248051
20140808 8.57 8.63 8.71 8.49 125530
20140811 8.65 8.74 8.77 8.59 152078
20140812 8.72 8.84 8.88 8.71 175262
20140813 8.85 8.87 8.96 8.76 174631
20140814 8.88 8.63 8.89 8.61 170790
20140815 8.60 8.73 8.89 8.59 136324
20140818 8.68 8.74 8.76 8.64 115474
20140819 8.73 8.61 8.73 8.52 174890
20140820 8.60 8.62 8.67 8.57 108441
20140821 8.58 8.59 8.63 8.49 152215
20140822 8.58 8.85 8.87 8.57 222324
20140825 8.85 8.62 8.89 8.61 128853
20140826 8.61 8.36 8.69 8.30 151016
20140827 8.35 8.46 8.49 8.32 66840
20140828 8.45 8.45 8.49 8.32 67158
20140829 8.45 8.46 8.49 8.37 55428
20140901 8.48 8.57 8.61 8.43 90357
20140902 8.58 8.69 8.72 8.56 136593
20140903 8.70 8.79 8.95 8.66 222471
20140904 8.77 8.97 9.17 8.70 365293
20140905 8.95 8.87 9.00 8.84 153405
20140909 8.84 8.79 8.85 8.72 147521
20140910 8.76 8.84 8.89 8.69 133194
20140911 8.82 8.74 8.92 8.69 197714
20140912 8.72 8.77 8.77 8.68 112938
20140915 8.73 8.83 8.85 8.73 129562
20140916 8.81 8.54 8.85 8.53 163185
20140917 8.55 8.57 8.62 8.48 106156
20140918 8.56 8.60 8.62 8.52 68816
20140919 8.60 8.69 8.72 8.58 76970
20140922 8.68 8.46 8.68 8.45 103112
20140923 8.48 8.51 8.53 8.44 68437
20140924 8.50 8.61 8.63 8.48 107122
20140925 8.62 8.65 8.71 8.62 122027
20140926 8.62 8.61 8.64 8.56 71875
20140929 8.65 8.72 8.75 8.63 160290
20140930 8.74 8.75 8.78 8.70 129744
20141008 8.77 8.82 8.84 8.74 153251
20141009 8.83 8.78 8.84 8.68 163380
20141010 8.75 8.79 8.86 8.70 151374
20141013 8.78 8.72 8.78 8.67 97373
20141014 8.73 8.70 8.80 8.64 98204
20141015 8.69 8.82 8.83 8.67 150469
20141016 8.79 8.72 8.93 8.71 235286
20141017 8.69 8.54 8.75 8.49 155101
20141020 8.55 8.57 8.60 8.52 76737
20141021 8.57 8.48 8.63 8.48 80145
20141022 8.47 8.26 8.50 8.25 112648
20141023 8.25 8.11 8.31 8.04 94104
20141024 8.11 8.11 8.16 8.08 59890
20141027 8.12 8.12 8.16 8.08 50755
20141028 8.10 8.26 8.29 8.10 65176
20141029 8.27 8.31 8.34 8.21 102245
20141030 8.30 8.31 8.35 8.27 89246
20141031 8.31 8.40 8.44 8.30 131424
20141103 8.39 8.41 8.48 8.35 99396
20141104 8.40 8.48 8.53 8.34 149013
20141105 8.44 8.36 8.45 8.33 111927
20141106 8.34 8.37 8.38 8.28 95195
20141107 8.36 8.30 8.44 8.26 109853
20141110 8.33 8.54 8.54 8.31 171498
20141111 8.57 8.43 8.67 8.35 251393
20141112 8.36 8.61 8.63 8.35 145323
20141113 8.61 8.54 8.66 8.52 156015
20141114 8.54 8.56 8.65 8.50 166758
20141117 8.62 8.54 8.69 8.49 125176
20141118 8.53 8.43 8.54 8.40 113341
20141119 8.44 8.42 8.46 8.38 75181
20141120 8.38 8.48 8.50 8.35 87107
20141121 8.47 8.50 8.50 8.42 90093
20141124 8.54 8.56 8.62 8.47 244763
20141125 8.56 8.65 8.66 8.54 192828
20141126 8.65 8.70 8.73 8.60 271844
20141127 8.68 8.70 8.75 8.62 191155
20141128 8.69 8.69 8.70 8.57 204284
20141201 8.69 8.86 8.94 8.65 483228
20141202 8.82 8.87 8.94 8.74 325142
20141203 8.87 8.96 9.09 8.82 434271
20141204 8.92 9.08 9.09 8.89 429790
20141205 9.05 8.84 9.18 8.65 426478
20141208 8.80 8.98 9.05 8.70 321085
20141209 8.96 8.79 9.24 8.75 468529
20141210 8.80 9.03 9.06 8.70 266537
20141211 8.98 9.05 9.15 8.89 302779
20141212 9.06 9.36 9.42 9.01 461705
20141215 9.28 9.36 9.36 9.21 297636
20141216 9.33 9.23 9.34 9.17 240261
20141217 9.22 9.06 9.23 8.92 219929
20141218 8.99 9.07 9.12 8.99 143748
20141219 9.06 9.10 9.15 8.99 226578
20141222 9.10 8.78 9.12 8.70 254748
20141223 8.78 8.84 9.03 8.74 188165
20141224 8.84 8.96 9.07 8.84 202392
20141225 9.01 9.05 9.07 8.91 150925
20141226 9.01 9.17 9.22 8.96 258131
20141229 9.20 9.13 9.28 9.06 250447
20141230 9.12 8.85 9.17 8.82 208008
20141231 8.87 8.94 8.95 8.80 124039
20150105 8.95 9.24 9.25 8.91 334345
20150106 9.17 9.23 9.27 9.11 206703
20150107 9.22 9.45 9.54 9.18 448226
20150108 9.42 9.37 9.54 9.24 301030
20150109 9.35 9.23 9.58 9.22 332304
20150112 9.18 8.97 9.24 8.89 215989
20150113 8.94 9.07 9.08 8.91 129068
20150114 9.05 8.95 9.10 8.90 134639
20150115 8.96 9.08 9.08 8.92 93667
20150116 9.06 9.08 9.16 9.04 141237
20150119 8.90 8.56 9.01 8.47 213991
20150120 8.65 8.74 8.75 8.56 126788
20150121 8.74 8.93 8.96 8.73 154072
20150122 8.91 8.96 8.99 8.89 145773
20150123 8.95 8.86 8.97 8.81 175989
20150126 8.86 9.03 9.04 8.82 157940
20150127 9.04 9.06 9.09 8.94 158945
20150128 9.07 9.00 9.07 8.97 105848
20150129 8.90 8.88 8.97 8.85 115775
20150130 8.87 8.85 8.97 8.81 84532
20150202 8.84 8.88 8.95 8.78 74998
20150203 8.89 8.97 8.98 8.87 91768
20150204 8.97 8.89 9.03 8.88 109882
20150205 8.95 8.77 8.97 8.76 103549
20150206 8.78 8.61 8.80 8.57 122022
20150209 8.60 8.68 8.70 8.58 58600
20150210 8.69 8.67 8.73 8.61 70284
20150211 8.67 8.70 8.73 8.66 55723
20150212 8.72 8.74 8.76 8.68 54454
20150213 8.75 8.81 8.88 8.75 116019
20150216 8.83 8.89 8.90 8.82 84907
20150217 8.88 8.85 8.92 8.82 102642
20150225 8.86 8.86 8.91 8.83 80522
20150226 8.85 8.93 8.94 8.83 94772
20150227 8.93 8.97 8.98 8.91 128244
20150302 9.00 9.03 9.04 8.95 167208
20150303 9.01 9.11 9.23 8.96 325421
20150304 9.09 9.34 9.40 9.09 270116
20150305 9.34 9.88 9.91 9.29 647207
20150306 9.89 10.06 10.20 9.79 499861
20150309 10.06 10.31 10.58 10.03 454830
20150310 10.27 10.40 10.47 10.15 277820
20150311 10.52 10.95 11.21 10.52 696956
20150312 10.85 10.78 11.01 10.54 336685
20150313 10.72 10.80 10.94 10.62 202681
20150316 10.85 10.90 11.28 10.76 280370
20150317 10.90 11.25 11.52 10.79 329288
20150318 11.30 11.65 11.71 11.28 269510
20150319 11.64 12.48 12.55 11.35 418906
20150320 12.50 12.43 12.63 12.33 274747
20150323 12.40 12.49 12.87 12.19 353688
20150324 12.39 12.08 12.45 11.63 310411
20150325 12.00 12.23 12.40 11.72 253970
20150326 12.14 11.98 12.23 11.88 161491
20150327 12.02 12.21 12.22 11.85 238609
20150330 12.17 11.90 12.17 11.83 263879
20150331 11.92 11.84 11.92 11.66 222847
20150401 11.88 11.99 12.11 11.75 256599
20150402 11.99 12.35 12.58 11.99 391006
20150403 12.35 12.24 12.40 12.10 245227
20150407 12.28 12.10 12.28 11.90 382087
20150408 12.10 12.16 12.36 11.94 298805
20150409 12.16 12.02 12.39 11.70 266263
20150410 11.97 12.20 12.25 11.86 308035
20150413 12.21 12.66 12.93 12.13 467434
20150414 12.67 12.23 12.67 12.00 399936
20150415 12.22 11.63 12.32 11.60 331987
20150416 11.50 12.00 12.70 11.30 389882
20150417 12.03 11.91 12.21 11.86 292382
20150420 12.04 11.69 12.22 11.61 351008
20150421 11.68 12.25 12.40 11.68 348386
20150422 12.40 12.56 12.70 12.29 473579
20150423 12.59 13.82 13.82 12.41 729199
20150424 13.90 14.20 14.65 13.89 637610
20150427 14.18 14.06 14.88 13.93 463875
20150428 14.01 13.19 14.01 13.00 405854
20150429 13.08 13.19 13.40 13.01 292240
20150430 13.26 13.27 13.58 13.14 228042
20150504 13.26 13.09 13.36 12.95 211175
20150505 13.10 12.31 13.13 12.21 284247
20150506 12.39 12.41 12.85 12.25 246011
20150507 12.45 12.16 12.65 12.03 155880
20150508 12.29 12.54 12.57 12.15 172912
20150511 12.60 12.88 12.89 12.44 269734
20150512 12.90 13.08 13.23 12.81 278030
20150513 13.08 12.86 13.24 12.76 312450
20150514 12.81 12.60 12.93 12.48 309549
20150515 12.59 12.54 12.60 12.05 232436
20150518 12.39 12.54 12.78 12.29 185823
20150519 12.54 12.89 12.99 12.48 264708
20150520 12.94 13.19 14.00 12.94 404366
20150521 13.25 13.47 13.67 13.23 343593
20150522 13.59 13.84 13.85 13.38 491727
20150525 13.96 14.20 14.42 13.71 421193
20150526 14.20 14.59 14.60 13.98 458815
20150527 14.65 14.57 14.98 14.32 409128
20150528 14.56 13.13 14.74 13.11 563173
20150529 13.10 13.31 13.65 12.50 387968
20150601 13.21 14.25 14.28 13.20 449258
20150602 14.18 14.68 14.78 14.07 432728
20150603 14.78 14.37 14.78 13.96 363466
20150604 14.37 14.28 14.50 13.30 323432
20150605 14.40 15.71 15.71 14.28 643697
20150608 16.00 16.88 17.28 15.75 885297
20150609 16.80 16.48 16.80 16.00 487258
20150610 16.48 17.06 17.34 16.08 514802
20150611 17.20 18.15 18.36 17.06 506232
20150612 18.18 19.97 19.97 18.18 519401
20150615 20.38 20.09 21.30 19.00 855296
20150616 20.00 18.36 20.00 18.26 505236
20150617 18.01 18.65 18.97 16.98 457314
20150618 18.50 17.48 18.73 17.38 341454
20150619 17.11 15.98 17.58 15.96 327297
20150623 16.05 16.67 16.85 14.73 363267
20150624 16.60 16.88 17.25 16.35 375732
20150625 16.95 16.34 17.79 16.08 429560
20150626 15.61 14.71 15.91 14.71 398891
20150629 15.00 13.93 15.59 13.24 505667
20150630 13.99 15.32 15.32 13.10 430853
20150701 15.10 14.45 16.06 14.40 429560
20150702 14.88 13.13 15.00 13.08 392083
20150703 12.50 11.82 13.50 11.82 411319
20150706 13.00 10.85 13.00 10.64 619218
20150707 10.62 9.77 10.62 9.77 280016
20150708 8.79 8.79 9.46 8.79 978041
20150709 8.66 9.58 9.58 8.64 323224
20150710 9.90 10.54 10.54 9.80 328784
20150713 11.40 11.59 11.59 11.00 450619
20150714 11.89 11.88 12.66 11.48 547346
20150715 11.47 10.69 11.73 10.69 311921
20150716 10.69 10.95 11.45 10.01 329831
20150717 11.10 11.85 12.00 11.00 279227
20150720 11.86 11.93 12.17 11.56 336468
20150721 11.67 11.96 12.12 11.50 266384
20150722 11.87 11.99 12.10 11.56 256463
20150723 11.96 12.44 12.59 11.80 335745
20150724 12.39 12.00 12.66 11.82 362855
20150727 11.82 10.80 12.29 10.80 373083
20150728 10.38 10.89 11.10 9.80 357130
20150729 11.02 11.44 11.50 10.46 249938
20150730 11.38 10.99 11.59 10.86 233016
