20140102 2.74 2.73 2.75 2.72 96004
20140103 2.72 2.70 2.73 2.67 167492
20140106 2.68 2.62 2.69 2.59 264503
20140107 2.59 2.60 2.64 2.58 185253
20140108 2.61 2.60 2.63 2.58 159264
20140109 2.61 2.58 2.62 2.57 133924
20140110 2.58 2.57 2.59 2.55 163372
20140113 2.58 2.57 2.59 2.55 111734
20140114 2.56 2.59 2.60 2.56 127419
20140115 2.59 2.59 2.60 2.57 121218
20140116 2.58 2.60 2.61 2.57 150866
20140117 2.59 2.56 2.60 2.56 131315
20140120 2.56 2.57 2.58 2.56 86182
20140121 2.58 2.61 2.62 2.57 152721
20140122 2.62 2.66 2.66 2.61 167955
20140123 2.66 2.65 2.67 2.64 145573
20140124 2.65 2.68 2.69 2.64 165827
20140127 2.67 2.66 2.68 2.64 122658
20140128 2.65 2.66 2.68 2.65 88145
20140129 2.67 2.65 2.67 2.64 113083
20140130 2.65 2.63 2.65 2.63 89523
20140207 2.61 2.63 2.63 2.60 141883
20140210 2.63 2.68 2.69 2.63 194395
20140211 2.67 2.70 2.71 2.66 231607
20140212 2.70 2.69 2.71 2.68 154764
20140213 2.69 2.70 2.73 2.68 241275
20140214 2.70 2.72 2.72 2.69 154181
20140217 2.73 2.71 2.74 2.70 174822
20140218 2.71 2.66 2.72 2.64 272639
20140219 2.66 2.72 2.77 2.64 455101
20140220 2.71 2.69 2.74 2.69 302559
20140221 2.70 2.65 2.71 2.65 198525
20140224 2.65 2.61 2.65 2.60 237759
20140225 2.61 2.56 2.62 2.55 265854
20140226 2.55 2.57 2.58 2.54 158269
20140227 2.57 2.58 2.59 2.55 183806
20140228 2.58 2.59 2.60 2.55 163680
20140303 2.58 2.60 2.63 2.56 223491
20140304 2.59 2.60 2.60 2.57 115473
20140305 2.60 2.58 2.60 2.56 148169
20140306 2.58 2.58 2.59 2.55 163992
20140307 2.58 2.58 2.60 2.56 134697
20140310 2.53 2.49 2.55 2.48 394531
20140311 2.48 2.48 2.49 2.46 172752
20140312 2.48 2.49 2.49 2.46 170209
20140313 2.49 2.50 2.52 2.47 122892
20140314 2.50 2.49 2.51 2.49 109186
20140317 2.49 2.53 2.53 2.49 118254
20140318 2.54 2.53 2.54 2.52 109821
20140319 2.51 2.51 2.52 2.49 87140
20140320 2.51 2.49 2.52 2.48 100855
20140321 2.48 2.55 2.56 2.46 192232
20140324 2.56 2.57 2.58 2.53 413948
20140325 2.55 2.56 2.58 2.54 229096
20140326 2.57 2.54 2.57 2.53 88635
20140327 2.54 2.53 2.55 2.51 128519
20140328 2.52 2.51 2.56 2.51 139917
20140331 2.51 2.52 2.54 2.50 109449
20140401 2.51 2.52 2.54 2.50 99434
20140402 2.53 2.54 2.56 2.52 148964
20140403 2.55 2.53 2.56 2.52 91632
20140404 2.52 2.54 2.54 2.51 75736
20140408 2.53 2.56 2.57 2.52 311585
20140409 2.54 2.56 2.57 2.54 157492
20140410 2.56 2.60 2.61 2.54 400220
20140411 2.59 2.57 2.60 2.56 244821
20140414 2.56 2.58 2.58 2.55 155016
20140415 2.57 2.55 2.57 2.54 141171
20140416 2.51 2.52 2.54 2.51 197023
20140417 2.53 2.52 2.53 2.51 92379
20140418 2.51 2.51 2.52 2.50 112422
20140421 2.50 2.49 2.53 2.49 236732
20140422 2.49 2.49 2.50 2.47 107414
20140423 2.49 2.48 2.50 2.46 145933
20140424 2.47 2.46 2.48 2.46 127213
20140425 2.47 2.42 2.47 2.41 195236
20140428 2.43 2.40 2.43 2.39 151314
20140429 2.40 2.41 2.41 2.39 85789
20140430 2.41 2.40 2.41 2.39 107052
20140505 2.40 2.39 2.40 2.37 151652
20140506 2.39 2.40 2.42 2.38 163591
20140507 2.39 2.37 2.40 2.36 146676
20140508 2.38 2.37 2.40 2.36 214079
20140509 2.38 2.36 2.38 2.35 114922
20140512 2.37 2.41 2.43 2.36 310366
20140513 2.41 2.40 2.41 2.39 158653
20140514 2.39 2.39 2.41 2.38 108703
20140515 2.40 2.36 2.40 2.35 166128
20140516 2.36 2.35 2.36 2.32 211313
20140519 2.33 2.32 2.34 2.31 127233
20140520 2.33 2.33 2.34 2.31 123892
20140521 2.32 2.34 2.35 2.31 109629
20140522 2.34 2.34 2.37 2.33 150661
20140523 2.33 2.35 2.35 2.32 111886
20140526 2.35 2.35 2.36 2.34 156299
20140527 2.36 2.34 2.36 2.33 120166
20140528 2.35 2.35 2.36 2.33 106596
20140529 2.36 2.35 2.36 2.34 105987
20140530 2.35 2.34 2.35 2.32 142305
20140603 2.33 2.32 2.34 2.32 161877
20140604 2.32 2.29 2.33 2.28 152197
20140605 2.29 2.30 2.31 2.28 163174
20140606 2.30 2.30 2.32 2.29 125070
20140609 2.30 2.30 2.31 2.29 93066
20140610 2.30 2.33 2.33 2.30 157442
20140611 2.33 2.31 2.33 2.30 161228
20140612 2.31 2.30 2.32 2.29 150518
20140613 2.30 2.33 2.33 2.30 157573
20140616 2.32 2.32 2.33 2.31 135480
20140617 2.32 2.32 2.33 2.30 102675
20140618 2.31 2.29 2.31 2.29 179655
20140619 2.30 2.26 2.30 2.25 185028
20140620 2.26 2.26 2.27 2.25 108875
20140623 2.26 2.26 2.27 2.25 120089
20140624 2.26 2.28 2.29 2.26 107248
20140625 2.28 2.26 2.28 2.26 76115
20140626 2.28 2.29 2.29 2.27 99789
20140627 2.28 2.32 2.34 2.27 193857
20140630 2.31 2.31 2.32 2.30 129814
20140701 2.31 2.32 2.32 2.30 120840
20140702 2.31 2.32 2.34 2.30 208838
20140703 2.33 2.36 2.38 2.32 386864
20140704 2.36 2.35 2.37 2.34 145561
20140707 2.34 2.33 2.35 2.32 121641
20140708 2.33 2.34 2.35 2.31 165504
20140709 2.33 2.31 2.34 2.30 143402
20140710 2.31 2.31 2.32 2.30 108329
20140711 2.31 2.32 2.33 2.31 167712
20140714 2.31 2.33 2.33 2.29 286803
20140715 2.32 2.34 2.37 2.30 272666
20140716 2.34 2.39 2.42 2.33 600457
20140717 2.37 2.35 2.37 2.34 231413
20140718 2.33 2.36 2.37 2.32 261121
20140721 2.36 2.34 2.36 2.33 144892
20140722 2.33 2.37 2.38 2.33 301708
20140723 2.37 2.36 2.38 2.35 202258
20140724 2.36 2.39 2.42 2.35 371634
20140725 2.40 2.42 2.42 2.38 309543
20140728 2.42 2.50 2.52 2.41 752688
20140729 2.48 2.49 2.50 2.46 347111
20140730 2.48 2.51 2.53 2.47 418510
20140731 2.47 2.48 2.49 2.44 257424
20140801 2.48 2.46 2.50 2.45 384587
20140804 2.45 2.50 2.51 2.45 357341
20140805 2.51 2.51 2.54 2.49 385020
20140806 2.51 2.55 2.56 2.47 565805
20140807 2.53 2.53 2.62 2.52 620360
20140808 2.53 2.51 2.55 2.49 286833
20140811 2.53 2.56 2.56 2.51 342904
20140812 2.55 2.53 2.56 2.52 219424
20140813 2.53 2.50 2.53 2.48 398904
20140814 2.51 2.48 2.52 2.46 385855
20140815 2.47 2.50 2.51 2.47 285512
20140818 2.50 2.52 2.52 2.48 324461
20140819 2.52 2.52 2.53 2.49 324263
20140820 2.52 2.53 2.54 2.51 295909
20140821 2.53 2.50 2.53 2.49 270131
20140822 2.50 2.51 2.51 2.49 344087
20140825 2.51 2.60 2.69 2.47 1344433
20140826 2.57 2.51 2.58 2.49 708565
20140827 2.49 2.50 2.51 2.48 259496
20140828 2.50 2.48 2.50 2.47 236148
20140829 2.49 2.50 2.50 2.48 151119
20140901 2.50 2.50 2.50 2.47 352015
20140902 2.49 2.52 2.53 2.49 453373
20140903 2.53 2.55 2.56 2.52 363918
20140904 2.55 2.57 2.59 2.54 412381
20140905 2.57 2.63 2.64 2.57 795575
20140909 2.63 2.65 2.70 2.61 740179
20140910 2.64 2.68 2.71 2.62 598928
20140911 2.69 2.64 2.70 2.63 546871
20140912 2.64 2.73 2.74 2.63 817131
20140915 2.74 2.87 2.88 2.74 1282369
20140916 2.86 2.81 3.03 2.81 1494349
20140917 2.83 2.85 2.87 2.80 505656
20140918 2.87 2.89 2.95 2.84 519795
20140919 2.89 2.92 2.99 2.85 594186
20140922 2.89 2.82 2.89 2.79 583435
20140923 2.80 2.85 2.86 2.80 248902
20140924 2.83 2.89 2.90 2.80 503239
20140925 2.92 2.92 2.98 2.89 700518
20140926 2.92 2.98 2.99 2.89 677908
20140929 2.98 2.99 3.03 2.96 798852
20140930 3.02 2.98 3.07 2.96 905597
20141008 2.99 2.95 3.00 2.90 580285
20141009 2.94 2.93 2.97 2.89 715496
20141010 2.92 2.95 2.98 2.90 807631
20141013 2.93 2.89 2.94 2.86 651901
20141014 2.89 2.87 2.92 2.85 627497
20141015 2.88 3.06 3.14 2.87 1998971
20141016 3.02 3.05 3.16 2.98 1483085
20141017 3.02 2.98 3.04 2.93 628765
20141020 2.97 2.97 3.00 2.92 436108
20141021 2.97 2.97 3.01 2.94 376702
20141022 2.98 2.92 2.99 2.91 306072
20141023 2.92 2.84 2.94 2.83 391644
20141024 2.83 2.81 2.85 2.80 242098
20141027 2.80 2.86 2.89 2.76 400582
20141028 2.84 2.95 2.96 2.84 608098
20141029 2.96 3.08 3.15 2.94 1342087
20141030 3.07 3.19 3.29 3.03 1796367
20141031 3.13 3.16 3.24 3.12 1092816
20141103 3.16 3.37 3.45 3.14 2339098
20141104 3.38 3.46 3.61 3.31 2144019
20141105 3.49 3.46 3.55 3.37 985381
20141106 3.42 3.40 3.45 3.34 802638
20141107 3.42 3.44 3.52 3.38 1195677
20141110 3.45 3.62 3.63 3.40 1222943
20141111 3.65 3.65 3.89 3.50 1935880
20141112 3.60 3.72 3.76 3.53 1046572
20141113 3.72 3.75 3.81 3.65 983481
20141114 3.88 3.64 3.94 3.62 1262033
20141117 3.63 3.51 3.63 3.38 822363
20141118 3.48 3.44 3.50 3.41 498111
20141119 3.44 3.49 3.55 3.44 568961
20141120 3.54 3.47 3.55 3.44 390848
20141121 3.47 3.51 3.53 3.41 582363
20141124 3.55 3.64 3.68 3.52 1283897
20141125 3.65 3.72 3.77 3.59 1218571
20141126 3.75 3.69 3.81 3.62 1078881
20141127 3.70 3.76 3.77 3.62 1234006
20141128 4.07 4.14 4.14 4.02 3558599
20141201 4.45 4.55 4.55 4.40 1967141
20141202 4.45 4.85 4.99 4.23 3998332
20141203 4.90 4.81 5.09 4.64 2974298
20141204 4.82 4.94 4.97 4.67 2673569
20141205 4.94 4.85 5.19 4.70 3263949
20141208 4.85 5.04 5.10 4.80 3210518
20141209 5.30 4.90 5.47 4.75 4051586
20141210 4.83 5.04 5.09 4.65 2359167
20141211 5.29 5.54 5.54 5.20 3916617
20141212 5.85 5.47 5.89 5.39 3400920
20141215 5.57 5.29 5.62 5.23 2527573
20141216 5.49 5.44 5.51 5.31 1982630
20141217 5.48 5.61 5.84 5.30 2920802
20141218 5.49 5.52 5.73 5.38 2264776
20141219 5.57 5.93 6.07 5.52 3742656
20141222 5.77 5.53 5.78 5.45 2754871
20141223 5.60 5.19 5.67 5.16 1557379
20141224 5.08 4.84 5.13 4.78 2459729
20141225 4.89 5.11 5.12 4.86 1613144
20141226 5.18 5.31 5.35 5.02 1901767
20141229 5.31 5.26 5.47 5.16 1932760
20141230 5.32 5.14 5.35 5.05 1442027
20141231 5.02 5.16 5.19 4.97 1392502
20150105 5.18 5.59 5.65 5.18 3322389
20150106 5.90 5.69 5.97 5.62 2808348
20150107 5.85 5.75 5.95 5.65 1947438
20150108 5.70 5.48 5.70 5.40 1531177
20150109 5.40 5.48 5.74 5.38 1609282
20150112 5.49 5.64 5.66 5.38 1109550
20150113 5.85 5.65 5.90 5.53 1534324
20150114 5.64 5.45 5.64 5.38 987860
20150115 5.33 5.47 5.48 5.16 1399940
20150116 5.50 5.42 5.51 5.35 829657
20150119 5.00 4.88 5.17 4.88 1829824
20150120 4.91 5.03 5.05 4.87 1081990
20150121 5.13 5.23 5.23 5.09 1097769
20150122 5.23 5.22 5.30 5.16 746723
20150123 5.26 5.26 5.38 5.20 1157994
20150126 5.34 5.40 5.40 5.23 1079960
20150127 5.39 5.27 5.39 5.18 1094599
20150128 5.19 5.15 5.21 5.12 733129
20150129 5.06 5.10 5.18 5.02 541740
20150130 5.12 4.99 5.15 4.95 743299
20150202 4.85 4.83 4.94 4.81 698863
20150203 4.85 4.89 4.91 4.75 716572
20150204 4.85 4.72 4.86 4.69 825643
20150205 4.86 4.77 4.97 4.73 1024875
20150206 4.75 4.48 4.76 4.38 1072985
20150209 4.40 4.51 4.55 4.38 673986
20150210 4.50 4.64 4.72 4.46 619680
20150211 4.69 4.67 4.73 4.61 363983
20150212 4.67 4.76 4.78 4.61 439006
20150213 4.71 4.73 4.81 4.70 538551
20150216 4.71 4.72 4.75 4.63 439212
20150217 4.73 5.07 5.17 4.72 1402396
20150225 5.09 5.10 5.15 4.98 1001256
20150226 5.08 5.11 5.12 4.96 723065
20150227 5.17 5.19 5.24 5.11 995679
20150302 5.19 5.17 5.20 5.10 710562
20150303 5.14 4.96 5.14 4.95 959352
20150304 4.92 4.96 5.03 4.91 500458
20150305 4.96 4.83 4.96 4.79 526810
20150306 4.82 4.91 5.08 4.79 692497
20150309 4.85 4.98 5.00 4.79 693097
20150310 4.97 5.23 5.34 4.95 2046552
20150311 5.25 5.75 5.75 5.25 3672964
20150312 5.78 5.87 6.10 5.70 3089389
20150313 5.93 6.46 6.46 5.93 2357967
20150316 6.82 7.11 7.11 6.55 3632516
20150317 7.11 7.82 7.82 6.94 3881330
20150318 8.30 8.16 8.60 7.98 7359973
20150319 8.02 8.02 8.13 7.86 4410967
20150320 8.08 7.87 8.13 7.70 3578590
20150323 7.88 7.98 8.12 7.82 3322880
20150324 7.88 8.51 8.63 7.83 5303899
20150325 8.20 8.25 8.43 8.13 2533256
20150326 8.16 8.06 8.37 7.90 2100655
20150327 8.09 7.79 8.09 7.72 2087414
20150330 7.96 8.21 8.34 7.91 2645052
20150331 8.09 7.92 8.15 7.85 1951160
20150401 7.95 8.16 8.36 7.91 2368219
20150402 8.16 8.13 8.16 7.96 1555389
20150403 8.16 8.33 8.60 8.16 2330750
20150407 8.30 9.16 9.16 8.12 2667565
20150408 9.39 9.47 10.07 9.08 4200825
20150409 9.76 9.61 10.08 9.29 3069916
20150410 9.57 9.71 9.90 9.31 1893208
20150413 10.00 9.88 10.15 9.70 2243565
20150414 9.88 9.58 9.99 9.46 2588448
20150415 9.48 9.32 9.60 9.14 1973907
20150416 9.18 9.16 9.46 8.92 2143648
20150417 9.33 9.94 10.08 9.33 4047491
20150420 9.95 10.45 10.92 9.60 4360430
20150421 10.50 10.55 10.75 10.01 2246274
20150422 11.00 10.80 11.25 10.70 2361192
20150423 11.00 10.54 11.03 10.35 2890038
20150424 10.32 10.83 10.96 10.18 3162165
20150427 11.00 11.13 11.65 10.66 3787789
20150428 10.98 10.64 11.41 10.50 3010646
20150429 10.50 10.55 10.86 10.25 1484705
20150430 10.59 10.78 11.25 10.53 2266080
20150504 11.00 10.69 11.02 10.50 1450498
20150505 10.60 9.98 10.63 9.94 2141714
20150506 9.93 9.43 10.17 9.17 1838519
20150507 9.25 8.81 9.31 8.80 1696718
20150508 8.90 9.43 9.50 8.89 1866753
20150511 9.50 9.55 9.66 9.26 1998319
20150512 9.57 9.61 9.72 9.32 1887061
20150513 9.52 9.29 9.59 9.21 1684305
20150514 9.25 9.35 9.41 9.19 1336918
20150515 9.27 8.96 9.27 8.89 1345430
20150518 8.85 8.77 9.03 8.74 1172263
20150519 8.77 9.31 9.43 8.77 1864199
20150520 9.50 9.63 10.07 9.50 2890542
20150521 9.56 9.83 9.99 9.41 1754835
20150522 9.85 9.95 9.98 9.70 2109813
20150525 10.02 10.75 10.85 10.01 3060367
20150526 10.78 10.99 11.09 10.40 2786660
20150527 11.20 11.01 11.75 11.00 3346078
20150528 10.90 9.91 10.90 9.91 3093677
20150529 9.77 9.94 10.23 9.31 1962192
20150601 9.75 10.34 10.38 9.75 2032212
20150602 10.33 10.37 10.45 10.15 1589281
20150603 10.32 10.39 10.58 9.98 2766335
20150604 10.41 10.38 10.52 9.45 1794258
20150605 10.58 10.70 10.90 10.39 2568698
20150608 10.80 11.77 11.77 10.80 2186970
20150609 12.30 12.60 12.90 11.96 4877624
20150610 12.20 12.80 13.80 12.11 3781366
20150611 12.50 12.53 13.15 12.40 2539722
20150612 12.53 12.42 12.74 12.00 2140811
20150615 12.52 12.99 13.48 12.52 2541902
20150616 12.74 13.61 13.98 12.50 3237870
20150617 13.47 13.69 13.95 12.80 2498885
20150618 13.70 14.78 15.06 13.55 2700518
20150619 14.35 13.84 15.40 13.30 3457307
20150623 13.80 15.22 15.22 13.38 3443541
20150624 15.49 15.98 16.74 15.47 4931924
20150625 16.00 15.27 16.30 15.03 3587811
20150626 14.50 13.74 14.99 13.74 3091005
20150629 14.10 14.36 15.00 12.65 4643317
20150630 14.30 14.54 14.82 12.92 4205577
20150701 14.01 13.09 14.23 13.09 3264321
20150702 12.55 11.78 12.80 11.78 2781912
20150703 10.65 10.60 11.78 10.60 2967086
20150706 11.66 10.66 11.66 9.54 4379531
20150707 10.10 9.81 11.10 9.60 4431061
20150708 8.83 8.83 8.83 8.83 1171772
20150709 7.95 9.71 9.71 7.95 4315341
20150710 9.90 10.68 10.68 9.80 3121393
20150713 11.00 11.75 11.75 10.68 3345303
20150714 11.77 11.51 12.57 11.21 3928094
20150715 11.03 10.36 11.45 10.36 2605495
20150716 10.36 11.39 11.40 9.80 3488357
20150717 11.50 11.96 12.28 11.20 3278377
20150720 11.95 12.25 12.54 11.72 3002159
20150721 11.95 13.48 13.48 11.82 3713209
20150722 13.40 13.20 13.85 12.88 3469188
20150723 13.30 14.27 14.52 13.30 3700508
20150724 14.30 13.78 14.40 13.50 3285169
20150727 13.32 12.40 14.38 12.40 3357927
20150728 11.50 12.68 13.21 11.25 3402977
20150729 12.83 13.54 13.75 12.19 3045829
20150730 13.30 12.47 13.54 12.25 2543147
