20140102 20.16 19.93 20.30 19.80 51533
20140103 19.91 19.71 20.16 19.65 38252
20140106 19.67 19.07 19.79 18.93 55215
20140107 18.90 19.02 19.29 18.76 37805
20140108 19.09 18.69 19.24 18.60 41748
20140109 18.74 18.66 19.06 18.63 32331
20140110 18.61 18.72 18.85 18.54 31001
20140113 18.72 17.83 18.88 17.77 50743
20140114 17.72 17.94 17.99 17.24 54950
20140115 17.84 18.05 18.30 17.81 36040
20140116 18.02 18.31 18.43 17.95 35865
20140117 18.29 17.83 18.29 17.81 30472
20140120 17.78 17.96 18.09 17.71 19490
20140121 18.00 18.25 18.35 17.80 29599
20140122 18.26 18.77 18.85 18.20 43115
20140123 19.21 18.99 19.34 18.90 91206
20140124 18.83 18.85 19.19 18.82 48555
20140127 18.84 19.38 19.40 18.76 49899
20140128 19.38 19.10 19.53 19.04 34653
20140129 19.11 19.13 19.36 19.05 28502
20140130 19.03 19.37 19.45 18.74 42789
20140207 19.33 19.80 19.96 19.22 52188
20140210 19.82 19.88 19.97 19.68 69633
20140211 19.83 20.12 20.40 19.80 89279
20140212 20.12 19.97 20.20 19.72 51481
20140213 20.31 19.62 20.63 19.45 77229
20140214 19.50 19.61 19.74 19.36 52511
20140217 19.62 19.90 19.94 19.53 48290
20140218 19.91 19.56 19.91 19.41 59781
20140219 19.49 20.45 20.48 19.27 117693
20140220 21.18 20.40 21.84 20.25 179041
20140221 20.20 19.77 20.45 19.70 103270
20140224 19.79 20.03 20.17 19.50 56220
20140225 20.04 19.46 20.22 19.18 64982
20140226 19.22 19.37 19.54 18.98 44777
20140227 19.38 18.91 19.66 18.90 64708
20140228 18.77 19.27 19.37 18.18 79941
20140303 19.11 19.01 19.49 18.72 68896
20140304 18.90 19.21 19.36 18.88 50784
20140305 19.28 18.96 19.32 18.91 32582
20140306 18.93 18.61 18.93 18.36 41260
20140307 18.59 18.42 18.75 18.31 32931
20140310 18.33 17.64 18.33 17.60 41396
20140311 17.55 17.73 17.94 17.47 31181
20140312 17.58 17.40 17.80 17.19 34323
20140313 17.43 17.52 17.69 17.34 26983
20140314 17.39 17.34 17.59 17.01 27812
20140317 17.31 17.71 17.85 17.31 42518
20140318 17.72 17.83 18.03 17.50 56770
20140319 17.84 18.00 18.07 17.68 45490
20140320 17.99 17.50 18.17 17.48 27707
20140321 17.50 17.64 17.84 16.95 42823
20140324 17.62 17.99 18.18 17.62 42838
20140325 17.96 17.98 18.10 17.80 27209
20140326 17.89 17.77 18.09 17.65 35342
20140327 17.77 17.36 17.77 17.27 29200
20140328 17.48 17.59 17.60 17.11 39386
20140331 17.50 18.02 18.18 17.49 45402
20140401 18.01 18.27 18.50 17.95 41835
20140402 18.25 18.09 18.36 18.08 23970
20140403 18.14 17.81 18.28 17.71 28542
20140404 17.83 17.71 17.86 17.56 34950
20140408 17.60 17.64 17.76 17.38 45772
20140409 17.67 17.80 18.06 17.67 31144
20140410 17.90 17.92 18.06 17.70 28880
20140411 17.94 17.68 17.94 17.50 20958
20140414 17.64 17.68 17.82 17.51 19401
20140415 17.68 17.64 17.71 17.44 20738
20140416 17.58 18.01 18.11 17.48 40959
20140417 18.02 17.94 18.10 17.83 39044
20140418 17.85 18.46 18.49 17.84 57324
20140421 18.40 18.30 18.57 18.25 59015
20140422 18.37 18.72 18.95 18.20 53339
20140423 18.73 18.92 19.08 18.63 57245
20140424 18.91 18.86 19.08 18.65 37621
20140425 18.83 17.61 18.94 17.55 60802
20140428 17.36 15.85 17.36 15.85 90283
20140429 15.49 15.72 15.90 15.32 41243
20140430 15.63 15.90 15.98 15.62 47569
20140505 15.82 14.77 15.83 14.59 88825
20140506 14.70 14.85 15.05 14.70 47268
20140507 14.88 14.19 14.94 14.12 48080
20140508 14.18 14.33 14.49 13.93 73599
20140509 14.20 13.57 14.25 13.35 89994
20140512 13.69 13.79 13.87 13.51 60018
20140513 13.77 13.96 14.15 13.70 67205
20140514 14.10 13.85 14.11 13.79 47320
20140515 13.95 13.24 14.00 13.23 70316
20140516 13.15 13.38 13.44 12.86 84466
20140519 13.38 13.11 13.41 13.00 45030
20140520 13.37 13.20 13.44 13.11 41224
20140521 13.16 13.62 13.68 13.00 57391
20140522 13.60 13.52 13.77 13.51 45924
20140523 13.55 13.74 13.77 13.47 35567
20140526 13.77 13.79 13.85 13.57 39550
20140527 13.74 14.22 14.34 13.68 97680
20140528 14.21 14.33 14.41 14.12 61147
20140529 14.31 14.15 14.40 14.05 48740
20140530 14.09 14.13 14.26 13.93 39116
20140603 14.23 14.23 14.42 14.00 57971
20140604 14.18 14.32 14.35 13.95 66957
20140605 14.22 14.17 14.25 13.95 51314
20140606 14.21 13.90 14.21 13.88 39569
20140609 13.83 13.84 13.95 13.75 34069
20140610 13.95 14.75 14.77 13.88 100459
20140611 14.65 14.56 14.65 14.42 56337
20140612 14.49 14.52 14.57 14.44 32262
20140613 14.49 14.87 15.08 14.49 67336
20140616 14.92 14.77 15.10 14.75 51177
20140617 14.71 14.47 14.76 14.40 44617
20140618 14.49 14.53 14.80 14.48 36740
20140619 14.55 14.17 14.65 13.82 44555
20140620 14.07 14.15 14.27 14.06 32235
20140623 14.28 14.43 14.48 14.20 28770
20140624 14.41 14.52 14.68 14.29 28340
20140625 14.50 14.69 14.80 14.44 35075
20140626 14.71 14.68 14.78 14.64 35259
20140627 14.63 14.89 14.93 14.53 44712
20140630 14.86 15.08 15.15 14.78 54492
20140701 15.18 15.04 15.18 14.96 40237
20140702 15.04 14.78 15.09 14.66 46773
20140703 14.72 15.02 15.04 14.72 46674
20140704 15.35 15.20 15.79 15.18 78628
20140707 15.15 15.38 15.41 15.15 44025
20140708 15.29 15.77 15.94 15.21 66696
20140709 15.76 15.48 15.85 15.44 51648
20140710 15.43 15.55 15.63 15.27 31773
20140711 15.64 15.48 15.64 15.38 24628
20140714 15.50 15.60 15.63 15.38 35143
20140715 15.60 15.66 15.80 15.54 32846
20140716 15.66 15.93 16.21 15.59 57292
20140717 15.90 15.75 15.91 15.58 35322
20140718 15.69 15.36 15.71 15.30 37154
20140721 15.36 15.40 15.45 15.24 26543
20140722 15.40 15.57 15.67 15.38 22743
20140723 15.53 15.12 15.60 15.10 33315
20140724 15.21 15.34 15.47 15.12 37147
20140725 15.26 15.06 15.33 14.96 51046
20140728 15.10 15.32 15.36 15.06 49879
20140729 15.33 15.82 16.05 15.33 63247
20140730 15.86 15.95 16.26 15.80 72245
20140731 15.96 16.05 16.10 15.70 42449
20140801 16.05 15.87 16.10 15.86 40391
20140804 15.89 16.10 16.25 15.89 41122
20140805 16.10 16.05 16.25 15.89 37345
20140806 15.99 15.87 16.00 15.70 42794
20140807 15.87 15.76 15.97 15.73 33425
20140808 15.75 15.85 15.92 15.66 25718
20140811 15.97 16.01 16.04 15.85 36008
20140812 16.01 15.85 16.02 15.73 41616
20140813 15.83 15.82 15.96 15.75 30828
20140814 15.85 15.66 15.95 15.64 49627
20140815 15.64 15.69 15.71 15.51 43381
20140818 15.73 15.84 15.87 15.70 34125
20140819 15.87 16.65 16.80 15.76 151072
20140820 16.50 16.25 16.57 16.09 87216
20140821 16.29 16.17 16.37 16.01 44360
20140822 16.14 16.17 16.29 16.01 53184
20140825 16.23 15.91 16.33 15.86 46203
20140826 15.92 15.51 16.06 15.46 49840
20140827 15.49 15.54 15.68 15.45 31004
20140828 15.53 15.57 15.97 15.40 44934
20140829 15.62 15.75 15.76 15.45 26291
20140901 15.75 15.92 15.93 15.70 41752
20140902 16.06 16.08 16.10 15.85 58760
20140903 16.09 16.77 16.85 16.08 160674
20140904 16.50 16.46 16.65 16.35 111799
20140905 16.42 16.18 16.50 16.12 92557
20140909 16.20 16.25 16.30 16.12 61715
20140910 16.20 16.49 16.60 16.11 92626
20140911 16.44 16.28 16.57 16.17 86936
20140912 16.25 16.42 16.44 16.13 77679
20140915 16.40 16.49 16.54 16.33 75327
20140916 16.49 15.90 16.55 15.83 89929
20140917 15.85 15.89 15.96 15.72 52138
20140918 15.89 15.93 16.08 15.79 47915
20140919 16.01 16.18 16.22 15.95 51642
20140922 16.14 15.79 16.14 15.75 45887
20140923 15.75 15.62 15.90 15.52 65304
20140924 15.61 15.79 15.83 15.54 70254
20140925 15.85 15.72 15.95 15.68 68791
20140926 15.95 16.27 16.53 15.85 174897
20140929 16.34 16.48 16.55 16.26 94649
20140930 16.53 16.26 16.55 16.25 71110
20141008 16.31 17.05 17.15 16.31 181608
20141009 16.96 17.18 17.45 16.96 155778
20141010 17.10 17.69 17.99 16.95 166169
20141013 17.69 17.62 18.39 17.55 192442
20141014 17.59 17.45 17.79 17.13 130790
20141015 17.35 17.98 18.17 17.28 140111
20141016 17.80 17.45 18.34 17.43 134788
20141017 17.35 17.59 17.79 17.15 100752
20141020 17.50 17.36 17.72 17.20 91428
20141021 17.36 17.14 17.49 16.92 84214
20141022 17.10 16.95 17.22 16.87 45976
20141023 17.58 17.48 18.33 17.36 251614
20141024 17.23 16.48 17.36 16.46 158280
20141027 16.48 16.28 16.48 16.02 73082
20141028 16.38 16.64 16.66 16.31 88116
20141029 16.80 17.01 17.01 16.58 98519
20141030 16.80 16.41 16.82 16.35 150851
20141031 16.46 16.63 16.82 16.28 82384
20141103 16.66 16.55 16.86 16.46 72577
20141104 16.55 16.96 17.05 16.50 110086
20141105 17.00 16.86 17.08 16.75 52877
20141106 16.80 16.84 16.93 16.57 56215
20141107 16.82 16.53 16.90 16.46 81508
20141110 16.53 16.20 16.57 16.05 82133
20141111 16.22 15.40 16.36 15.14 136787
20141112 15.40 15.54 15.60 15.30 48080
20141113 15.55 14.78 15.65 14.71 102661
20141114 14.78 14.81 14.94 14.51 44522
20141117 14.82 15.02 15.21 14.52 49612
20141118 14.98 15.05 15.20 14.90 35041
20141119 15.06 15.01 15.17 14.91 29757
20141120 15.00 14.97 15.07 14.87 28047
20141121 15.00 15.19 15.27 14.95 50497
20141124 15.32 15.29 15.40 15.13 71724
20141125 15.30 15.38 15.38 15.18 68262
20141126 15.37 15.49 15.52 15.24 77849
20141127 15.56 15.41 15.68 15.38 64636
20141128 15.37 14.24 15.37 14.19 318778
20141201 14.10 13.88 14.11 13.68 180311
20141202 13.93 14.15 14.18 13.92 110338
20141203 14.13 14.27 14.28 13.80 154323
20141204 14.27 14.65 14.78 14.15 188599
20141205 14.75 14.14 14.75 13.80 143086
20141208 14.07 14.17 14.35 13.94 117860
20141209 14.18 13.53 14.20 13.48 145666
20141210 13.51 13.92 13.97 13.29 86279
20141211 13.80 14.11 14.14 13.70 97153
20141212 14.15 14.20 14.27 14.06 88632
20141215 14.18 14.38 14.47 14.03 92959
20141216 14.40 14.23 14.49 14.19 78758
20141217 14.20 14.01 14.22 13.91 71279
20141218 14.01 14.07 14.42 13.93 78140
20141219 14.04 13.88 14.09 13.51 71563
20141222 13.92 13.11 13.97 13.07 100103
20141223 13.01 12.96 13.24 12.82 60219
20141224 13.04 13.20 13.22 13.04 43141
20141225 13.27 13.23 13.35 13.08 41996
20141226 13.24 13.36 13.38 13.11 50587
20141229 13.40 13.05 13.40 12.99 62950
20141230 13.07 12.75 13.25 12.74 63074
20141231 12.77 12.79 12.96 12.61 45267
20150105 12.80 13.31 13.47 12.70 80646
20150106 13.19 13.32 13.36 13.11 63983
20150107 13.36 13.33 13.47 13.19 57861
20150108 13.34 14.20 14.39 13.25 208103
20150109 14.09 14.02 14.48 13.91 151464
20150112 14.00 14.12 14.20 13.90 84775
20150113 14.12 14.18 14.20 13.98 55660
20150114 14.20 13.83 14.28 13.80 56015
20150115 13.83 13.86 13.96 13.68 50854
20150116 13.82 13.88 13.89 13.52 63218
20150119 13.58 13.84 14.41 13.42 102318
20150120 13.90 14.19 14.29 13.90 79734
20150121 14.20 14.46 14.49 14.08 120808
20150122 14.37 14.92 14.97 14.31 132729
20150123 14.98 15.10 15.65 14.98 186783
20150126 15.14 15.09 15.22 14.80 95245
20150127 15.10 15.02 15.25 14.65 81728
20150128 15.03 14.96 15.20 14.78 70533
20150129 14.81 14.77 14.90 14.71 41139
20150130 14.81 14.61 14.96 14.59 46489
20150202 14.47 14.63 14.83 14.39 57625
20150203 14.66 15.00 15.15 14.66 84011
20150204 15.27 14.95 15.40 14.91 72921
20150205 15.08 14.49 15.18 14.43 92207
20150206 14.56 14.13 14.60 14.08 56471
20150209 14.04 14.08 14.22 14.03 22784
20150210 14.09 14.20 14.24 13.81 40199
20150211 14.30 14.36 14.68 14.30 38736
20150212 14.31 14.30 14.46 14.25 30875
20150213 14.41 14.42 14.53 14.31 72397
20150216 14.57 14.83 14.96 14.45 75870
20150217 14.98 14.79 14.98 14.68 60493
20150225 14.80 14.65 14.94 14.60 52906
20150226 14.67 14.84 14.86 14.55 56159
20150227 14.75 14.96 14.98 14.71 79460
20150302 15.81 16.46 16.46 15.50 372069
20150303 16.95 16.89 17.62 16.75 450046
20150304 16.97 16.86 17.30 16.60 253996
20150305 16.58 16.87 17.33 16.58 213634
20150306 16.93 17.17 17.45 16.75 201871
20150309 17.25 16.94 17.55 16.59 174561
20150310 16.91 16.65 16.93 16.57 159935
20150311 16.50 16.36 16.71 16.25 139402
20150312 16.36 15.90 16.55 15.65 146272
20150313 15.83 16.04 16.19 15.83 87707
20150316 16.30 16.43 16.65 16.30 149884
20150317 16.45 16.52 16.58 16.31 136786
20150318 16.46 16.83 16.94 16.46 149767
20150319 16.90 16.72 16.90 16.55 133453
20150320 16.62 16.66 16.74 16.40 172323
20150323 16.75 17.13 17.19 16.52 250012
20150324 17.16 16.92 17.40 16.57 215204
20150325 16.86 17.05 17.18 16.68 150336
20150326 17.10 17.64 17.88 17.00 283384
20150327 17.64 17.39 17.64 17.23 149225
20150330 17.30 17.28 17.35 17.01 167028
20150331 17.30 17.01 17.35 16.98 169617
20150401 17.05 17.29 17.35 16.87 179837
20150402 17.73 18.33 18.35 17.57 337838
20150403 18.15 18.19 18.34 17.80 223577
20150407 18.18 18.50 18.88 18.05 244476
20150408 18.64 18.16 18.64 17.84 219794
20150409 18.01 17.50 18.16 16.98 190164
20150410 17.42 17.77 17.97 17.26 146706
20150413 17.83 18.23 18.26 17.75 181306
20150414 18.25 17.92 18.25 17.60 157968
20150415 17.95 17.09 17.95 17.05 121638
20150416 16.99 17.73 18.00 15.38 154896
20150417 17.90 18.17 18.49 17.55 240228
20150420 18.06 18.58 19.19 17.68 330561
20150421 18.66 19.42 19.56 18.58 275302
20150422 19.48 19.36 20.25 19.29 297029
20150423 19.24 19.79 20.25 19.09 229743
20150424 19.45 21.19 21.68 19.30 318965
20150427 21.50 22.87 23.31 21.50 316539
20150428 22.05 23.21 23.34 21.60 418712
20150429 23.21 22.72 24.97 22.58 491243
20150430 22.48 21.74 22.70 21.66 297109
20150504 21.93 22.08 22.20 21.30 162662
20150505 22.05 21.60 22.63 21.55 190785
20150506 21.54 20.61 22.00 20.30 162705
20150507 20.46 20.81 21.15 20.20 130157
20150508 21.50 21.27 21.79 20.75 143507
20150511 21.43 21.72 21.79 20.90 153039
20150512 21.80 21.92 22.20 21.61 163054
20150513 21.94 22.90 23.17 21.83 232657
20150514 22.90 22.36 23.10 22.26 153077
20150515 22.29 21.42 22.29 21.30 123951
20150518 21.16 21.53 22.07 20.93 108640
20150519 21.50 22.49 22.50 21.47 137995
20150520 22.52 22.39 22.97 22.17 179777
20150521 22.50 24.56 24.63 22.47 232311
20150522 24.80 24.18 24.97 23.64 216878
20150525 23.75 26.15 26.25 23.65 245538
20150526 27.29 26.46 27.29 26.29 214622
20150527 26.95 26.69 27.90 26.30 239975
20150528 26.70 24.07 27.00 24.05 239119
20150529 23.57 25.78 26.30 23.29 261315
20150601 26.39 28.36 28.36 26.39 201713
20150630 25.52 25.52 25.52 25.52 10137
20150701 22.97 22.97 22.97 22.97 10431
20150702 20.67 20.67 20.67 20.67 7272
20150703 18.60 18.60 18.60 18.60 43648
20150706 18.00 16.74 19.70 16.74 564714
20150707 15.07 15.07 15.49 15.07 69332
20150713 16.58 16.58 16.58 15.85 272350
20150714 17.00 17.10 18.08 16.21 470372
20150715 16.45 15.39 16.74 15.39 198645
20150716 14.14 14.67 15.39 13.85 339002
20150717 14.70 15.53 15.79 14.67 218409
20150720 15.36 16.34 16.38 15.35 265933
20150721 16.17 16.16 16.67 15.82 186122
20150722 16.15 16.59 16.82 15.96 197386
20150723 16.61 17.39 17.62 16.61 250966
20150724 17.58 16.72 17.58 16.67 207348
20150727 16.18 15.05 16.40 15.05 184414
20150728 14.50 14.51 15.01 13.55 233269
20150729 14.67 15.42 15.52 14.40 133389
20150730 15.10 14.53 15.55 14.30 104586
