20140102 6.90 6.92 6.97 6.86 21137
20140103 6.93 6.80 6.93 6.75 19097
20140106 6.80 6.62 6.80 6.60 20742
20140107 6.51 6.57 6.69 6.50 18124
20140108 6.55 6.57 6.68 6.53 16661
20140109 6.58 6.39 6.64 6.39 15984
20140110 6.26 6.16 6.39 6.14 23492
20140113 6.18 6.18 6.29 6.16 18955
20140114 6.25 6.31 6.31 6.17 14608
20140115 6.31 6.35 6.36 6.30 16229
20140116 6.35 6.41 6.42 6.32 11731
20140117 6.40 6.30 6.44 6.29 12672
20140120 6.30 6.32 6.39 6.27 11134
20140121 6.35 6.63 6.63 6.32 36887
20140122 6.60 6.69 6.73 6.55 35125
20140123 6.68 6.74 6.82 6.64 35925
20140124 6.75 6.76 6.79 6.68 35600
20140127 6.72 6.74 6.81 6.63 45511
20140128 6.74 6.63 6.78 6.63 23464
20140129 6.67 6.62 6.69 6.56 26381
20140130 6.62 6.61 6.65 6.57 17171
20140207 6.57 6.69 6.69 6.54 20357
20140210 6.70 6.82 6.83 6.70 48065
20140211 6.77 6.83 6.87 6.75 43515
20140212 6.84 6.87 6.88 6.78 34815
20140213 6.86 6.92 7.11 6.83 90423
20140214 6.90 6.95 6.98 6.80 43905
20140217 6.92 7.00 7.05 6.91 56243
20140218 7.01 6.90 7.03 6.86 46247
20140219 6.90 7.18 7.19 6.85 107463
20140220 7.16 7.03 7.24 7.00 69709
20140221 7.02 6.95 7.13 6.90 41858
20140224 6.89 6.97 6.97 6.82 32105
20140225 6.99 6.74 7.02 6.72 46366
20140226 6.70 6.70 6.74 6.52 33190
20140227 6.71 6.58 6.82 6.55 34761
20140228 6.57 6.67 6.69 6.52 27435
20140303 6.65 6.83 6.84 6.62 32884
20140304 6.81 6.80 6.82 6.71 25804
20140305 6.85 6.88 6.93 6.75 31365
20140306 6.82 6.86 6.87 6.76 24813
20140307 6.88 6.89 6.95 6.83 25700
20140310 6.86 6.51 6.86 6.47 36815
20140311 6.50 6.55 6.59 6.49 20772
20140312 6.55 6.55 6.59 6.46 16940
20140313 6.57 6.72 6.84 6.53 35034
20140314 6.71 6.66 6.71 6.61 20105
20140317 6.63 6.76 6.78 6.60 24016
20140318 6.77 6.82 6.87 6.76 31538
20140319 6.81 6.88 6.91 6.73 29247
20140320 6.87 6.68 6.87 6.63 33233
20140321 6.63 6.93 6.94 6.62 46128
20140324 6.98 7.01 7.12 6.93 73915
20140325 7.03 6.94 7.03 6.88 36916
20140326 6.91 6.93 6.99 6.89 22719
20140327 6.88 6.97 7.09 6.88 40364
20140328 7.04 6.89 7.05 6.88 33692
20140331 6.83 7.11 7.13 6.83 76872
20140401 7.13 7.10 7.13 6.99 58789
20140402 7.09 7.01 7.11 6.99 35980
20140403 6.98 7.06 7.17 6.98 59705
20140404 7.06 7.01 7.06 6.90 40356
20140408 7.00 7.08 7.08 6.95 36629
20140409 7.09 7.13 7.16 7.04 48416
20140410 7.12 7.12 7.18 7.05 65833
20140411 7.10 7.06 7.17 7.05 41363
20140414 7.07 7.26 7.30 7.03 74685
20140415 7.25 7.18 7.35 7.18 90555
20140416 7.14 7.20 7.28 7.09 58732
20140417 7.21 7.13 7.23 7.10 45978
20140418 7.11 7.19 7.23 7.09 38435
20140421 7.15 7.12 7.20 7.01 43881
20140422 7.12 6.98 7.12 6.87 56909
20140423 6.97 6.81 6.98 6.76 44514
20140424 6.81 6.71 6.85 6.69 31887
20140425 6.68 6.68 6.77 6.65 29384
20140428 6.66 6.54 6.72 6.50 31329
20140429 6.50 6.66 6.67 6.50 22499
20140430 6.55 6.65 6.67 6.55 21305
20140505 6.65 6.69 6.75 6.58 31324
20140506 6.69 6.69 6.72 6.64 25974
20140507 6.67 6.52 6.67 6.50 22971
20140508 6.48 6.51 6.60 6.48 20236
20140509 6.50 6.40 6.53 6.31 26001
20140512 6.48 6.51 6.55 6.41 27854
20140513 6.52 6.58 6.61 6.51 25154
20140514 6.58 6.64 6.76 6.53 40136
20140515 6.62 6.50 6.73 6.48 29826
20140516 6.46 6.47 6.53 6.30 22119
20140519 6.45 6.41 6.45 6.33 12606
20140520 6.45 6.39 6.47 6.36 11807
20140521 6.38 6.47 6.48 6.35 25226
20140522 6.46 6.37 6.52 6.35 23385
20140523 6.36 6.50 6.51 6.36 20487
20140526 6.52 6.59 6.61 6.51 24762
20140527 6.60 6.67 6.74 6.57 47580
20140528 6.64 6.66 6.69 6.57 37126
20140529 6.66 6.70 6.81 6.60 62013
20140530 6.70 6.80 6.97 6.70 87019
20140603 6.80 6.67 6.83 6.66 46781
20140604 6.69 6.61 6.71 6.56 25091
20140605 6.62 6.78 6.80 6.61 37582
20140606 6.78 6.90 6.96 6.71 78749
20140609 6.87 6.88 7.04 6.85 63020
20140610 6.89 6.88 6.93 6.81 38505
20140611 6.87 6.87 6.94 6.78 36818
20140612 6.84 6.94 7.05 6.83 66486
20140613 6.90 6.90 6.99 6.82 55313
20140616 6.90 6.86 7.00 6.85 32029
20140617 6.83 6.72 6.85 6.72 31722
20140618 6.70 6.66 6.76 6.64 24105
20140619 6.65 6.49 6.69 6.43 28760
20140620 6.50 6.54 6.55 6.46 13645
20140623 6.54 6.57 6.61 6.54 14454
20140624 6.57 6.63 6.68 6.55 18232
20140625 6.63 6.54 6.64 6.50 15943
20140626 6.52 6.61 6.63 6.52 16128
20140627 6.60 6.65 6.68 6.57 20674
20140630 6.66 6.67 6.69 6.60 22294
20140701 6.62 6.68 6.71 6.62 19543
20140702 6.69 6.73 6.82 6.69 39380
20140703 6.74 6.80 6.85 6.68 52311
20140704 6.75 6.75 6.80 6.74 21055
20140707 6.78 6.80 6.81 6.73 26717
20140708 6.83 6.80 6.90 6.73 33518
20140709 6.77 6.63 6.81 6.62 35449
20140710 6.63 6.58 6.68 6.53 37703
20140711 6.57 6.67 6.68 6.56 23964
20140714 6.67 6.79 6.80 6.67 33941
20140715 6.80 6.84 6.87 6.75 39370
20140716 6.83 6.80 6.91 6.70 45420
20140717 6.89 6.95 7.04 6.87 95867
20140718 6.85 7.13 7.15 6.82 102914
20140721 7.14 7.13 7.17 7.03 70468
20140722 7.12 7.13 7.17 7.06 72352
20140723 7.09 6.97 7.11 6.95 52288
20140724 6.96 7.01 7.06 6.82 78259
20140725 7.03 7.00 7.11 6.89 102056
20140728 6.99 7.17 7.22 6.95 123396
20140729 7.18 7.27 7.32 7.10 108412
20140730 7.19 7.31 7.34 7.15 77496
20140731 7.31 7.30 7.34 7.24 58065
20140801 7.28 7.09 7.30 7.08 59584
20140804 7.10 7.41 7.45 7.10 107124
20140805 7.42 7.44 7.65 7.38 131219
20140806 7.46 7.45 7.51 7.36 66624
20140807 7.45 7.37 7.57 7.35 60949
20140808 7.34 7.41 7.49 7.31 51644
20140811 7.41 7.45 7.59 7.39 67920
20140812 7.46 7.37 7.48 7.31 70502
20140813 7.37 7.31 7.39 7.25 59555
20140814 7.32 7.31 7.38 7.25 50916
20140815 7.33 7.47 7.51 7.27 72706
20140818 7.47 7.60 7.65 7.46 93794
20140819 7.58 7.56 7.65 7.49 51604
20140820 7.55 7.53 7.63 7.51 37807
20140821 7.51 7.58 7.59 7.41 46561
20140822 7.56 7.54 7.59 7.51 46633
20140825 7.55 7.38 7.55 7.35 66825
20140826 7.38 7.24 7.42 7.21 42737
20140827 7.22 7.17 7.29 7.12 63880
20140828 7.20 7.28 7.34 7.10 57261
20140829 7.28 7.30 7.32 7.21 29587
20140901 7.30 7.35 7.36 7.20 37599
20140902 7.32 7.66 7.80 7.30 112011
20140903 7.64 7.63 7.69 7.54 106818
20140904 7.63 8.03 8.26 7.59 202589
20140905 8.08 8.13 8.20 7.90 130111
20150420 8.94 8.94 8.94 8.94 828
20150421 9.83 9.83 9.83 9.83 978
20150422 10.81 10.81 10.81 10.81 1020
20150423 11.89 11.89 11.89 11.89 1249
20150424 13.08 13.08 13.08 13.08 2280
20150427 14.39 14.39 14.39 14.39 2676
20150428 15.83 15.83 15.83 15.83 8149
20150429 17.41 17.41 17.41 17.41 14538
20150430 19.15 19.15 19.15 19.15 13011
20150504 21.07 19.34 21.07 18.58 965422
20150505 18.18 17.41 18.58 17.41 494113
20150506 17.05 16.69 17.67 16.50 338246
20150507 16.52 16.96 17.27 16.52 215376
20150508 17.11 17.92 18.10 16.60 340921
20150511 17.80 18.34 18.52 17.35 405324
20150512 18.18 18.24 18.46 17.81 302444
20150513 18.18 20.06 20.06 17.87 429489
20150514 20.78 22.07 22.07 20.28 613469
20150515 22.20 21.45 22.60 21.05 378345
20150518 21.41 23.59 23.60 21.35 412840
20150519 24.10 23.18 24.79 22.50 393334
20150520 23.21 22.87 23.98 22.50 307405
20150521 22.50 22.73 22.80 22.00 253679
20150522 22.83 22.44 23.13 22.00 224462
20150525 22.10 22.87 23.51 22.01 237886
20150526 22.84 24.73 25.08 22.27 375020
20150527 24.72 24.92 25.20 24.00 313645
20150528 25.40 23.40 27.30 23.30 377458
20150529 23.59 23.05 24.50 21.50 276477
20150601 23.58 24.08 24.45 22.60 243508
20150602 24.15 26.26 26.45 23.90 297497
20150603 26.30 25.00 26.30 24.60 218679
20150604 25.02 24.54 25.25 22.51 200181
20150605 24.55 23.97 25.10 23.30 199319
20150608 23.98 23.23 24.05 22.78 178862
20150609 23.22 23.62 23.90 22.81 131495
20150610 23.20 23.63 24.00 23.01 130631
20150611 23.62 25.52 25.70 23.52 305147
20150612 25.01 26.95 27.50 25.01 338009
20150615 27.40 27.14 29.15 26.60 411371
20150616 26.48 25.92 27.07 24.72 190505
20150617 25.60 26.54 26.68 23.89 198581
20150618 26.74 27.36 29.00 25.93 281162
20150619 27.00 26.95 28.68 25.65 234268
20150623 26.50 24.38 26.75 24.26 264471
20150624 24.70 24.40 24.85 22.98 267089
20150625 24.00 21.96 24.00 21.96 239001
20150626 21.08 19.76 21.08 19.76 142573
20150629 19.87 17.78 20.18 17.78 140816
20150630 16.04 18.89 19.20 16.00 311273
20150701 18.50 17.00 18.98 17.00 210721
20150702 15.40 15.30 16.51 15.30 195238
20150703 13.77 13.77 14.88 13.77 164820
20150706 15.05 12.39 15.05 12.39 190598
20150707 11.15 11.15 11.49 11.15 79308
20150708 10.04 10.04 10.04 10.04 4790
20150713 11.04 11.04 11.04 11.04 16337
20150714 12.14 12.14 12.14 12.14 2242
20150715 13.35 12.23 13.35 11.71 558985
20150716 11.05 12.70 13.13 11.05 252552
20150717 12.72 13.97 13.97 12.41 274194
20150720 14.20 14.71 15.18 14.18 297022
20150721 14.38 15.36 15.42 14.18 300319
20150722 15.39 16.00 16.26 15.20 241675
20150723 16.08 16.60 16.78 15.60 210138
20150724 16.40 16.09 17.29 15.61 227746
20150727 15.50 14.48 16.10 14.48 201906
20150728 13.14 13.21 14.38 13.03 218534
20150729 13.45 14.52 14.53 13.02 232643
20150730 14.52 14.48 15.30 14.16 195651
