20140318 6.20 6.04 6.30 6.00 210001
20140319 5.98 6.00 6.03 5.90 107639
20140320 5.97 5.82 6.04 5.81 74671
20140321 5.82 5.95 5.96 5.77 62106
20140324 5.91 5.97 6.00 5.90 54804
20140325 5.94 5.98 6.02 5.93 48306
20140326 5.98 5.94 6.00 5.90 46427
20140327 5.94 5.81 5.95 5.79 52834
20140328 5.80 5.67 5.82 5.65 39649
20140331 5.66 5.68 5.72 5.63 25599
20140401 5.70 5.93 5.96 5.67 50174
20140402 5.91 5.89 5.98 5.86 34486
20140403 5.96 5.89 5.99 5.85 38619
20140404 5.87 5.92 5.95 5.81 23980
20140408 5.90 5.98 5.99 5.87 29075
20140409 5.98 5.99 6.01 5.96 28572
20140410 5.98 6.02 6.03 5.97 47577
20140411 6.02 5.97 6.02 5.92 25739
20140414 5.95 5.97 6.00 5.93 26885
20140415 5.96 6.01 6.12 5.94 58550
20140416 5.95 6.04 6.07 5.91 63964
20140417 6.03 6.11 6.16 6.02 75958
20140418 6.07 6.10 6.19 6.04 45779
20140421 6.06 5.95 6.15 5.93 44627
20140422 5.95 6.05 6.10 5.90 33308
20140423 6.03 6.08 6.09 5.99 27836
20140424 6.05 6.04 6.08 6.02 18211
20140425 6.03 6.10 6.22 6.02 81918
20140428 6.08 5.96 6.08 5.78 42967
20140429 5.91 5.77 5.97 5.60 42623
20140430 5.76 5.73 5.80 5.64 25842
20140505 5.70 5.68 5.78 5.63 26521
20140506 5.71 5.81 5.89 5.70 30412
20140507 5.77 5.80 5.96 5.76 33249
20140508 5.78 5.81 5.91 5.73 25099
20140509 5.78 5.83 5.88 5.68 25006
20140512 5.88 5.94 5.96 5.84 27989
20140513 5.93 6.02 6.03 5.92 30291
20140514 6.03 6.02 6.04 5.97 21150
20140515 6.01 5.86 6.02 5.80 32488
20140516 5.86 5.85 5.89 5.80 11395
20140519 5.85 5.95 5.96 5.81 9669
20140520 5.95 5.97 6.01 5.91 11655
20140521 5.97 5.97 5.98 5.88 10212
20140522 5.97 5.97 6.03 5.93 18325
20140523 5.98 5.98 5.99 5.90 11539
20140526 5.98 5.99 6.00 5.94 12259
20140527 5.99 6.00 6.02 5.95 20629
20140528 6.00 6.01 6.01 5.93 14971
20140529 6.01 6.06 6.08 6.00 27491
20140530 6.06 6.04 6.07 5.98 16107
20140603 6.04 5.99 6.05 5.97 18205
20140604 5.99 5.92 5.99 5.88 19292
20140605 5.92 6.00 6.01 5.91 15412
20140606 5.99 6.02 6.04 5.98 16048
20140609 6.01 5.98 6.01 5.95 13945
20140610 5.98 6.00 6.01 5.94 13128
20140611 5.99 6.02 6.03 5.98 18657
20140612 6.00 5.99 6.01 5.96 19241
20140613 5.98 6.03 6.04 5.97 29995
20140616 6.04 6.09 6.12 6.01 39241
20140702 6.30 6.70 6.70 6.30 194333
20140703 6.86 6.71 7.19 6.63 286735
20140704 6.64 6.71 6.88 6.60 109092
20140707 6.61 6.77 6.89 6.61 74722
20140708 6.71 6.74 6.86 6.60 60303
20140709 6.77 6.70 6.83 6.65 70644
20140710 6.70 6.70 6.74 6.62 41995
20140711 6.70 6.75 6.88 6.67 45854
20140714 6.78 6.83 6.93 6.76 46522
20140715 6.81 6.72 6.87 6.60 66926
20140716 6.70 6.60 6.70 6.55 36844
20140717 6.55 6.64 6.65 6.55 26762
20140718 6.58 6.69 6.71 6.58 27923
20140721 6.65 6.64 6.72 6.63 16764
20140722 6.62 6.75 6.85 6.60 46270
20140723 6.75 6.64 6.79 6.62 28826
20140724 6.60 6.76 6.83 6.50 37440
20140725 6.69 6.71 6.80 6.66 42292
20140728 6.69 6.82 6.85 6.69 71702
20140729 6.83 7.00 7.00 6.75 59404
20140730 7.02 7.28 7.43 7.00 141756
20140731 7.23 7.30 7.38 7.12 74713
20140801 7.30 7.08 7.42 6.98 86189
20140804 7.11 7.12 7.15 7.00 44439
20140805 7.14 7.14 7.18 7.07 36301
20140806 7.13 7.31 7.43 7.08 66549
20140807 7.26 7.26 7.56 7.25 89790
20140808 7.23 7.36 7.41 7.21 35993
20140811 7.46 7.51 7.56 7.36 52093
20140812 7.48 7.58 7.60 7.40 54839
20140813 7.58 7.75 7.87 7.50 85622
20140814 7.70 7.59 7.83 7.51 49958
20140815 7.56 7.64 7.73 7.52 46759
20140818 7.73 7.83 7.98 7.73 57996
20140819 7.80 7.80 7.85 7.63 65264
20140820 7.80 7.78 7.88 7.64 52983
20140821 7.72 7.58 7.78 7.55 51816
20140822 7.58 7.64 7.67 7.52 41446
20140825 7.65 7.72 7.85 7.50 68303
20140826 7.72 7.62 7.88 7.56 50698
20140827 7.43 7.77 7.82 7.43 66577
20140828 7.77 7.99 8.50 7.77 107939
20140829 7.82 8.10 8.35 7.82 50652
20140901 8.15 8.21 8.36 8.15 40362
20140902 8.21 8.37 8.41 8.19 55132
20140903 8.35 8.30 8.44 8.20 82767
20140904 8.28 9.08 9.13 8.28 157868
20140905 9.08 9.05 9.23 8.90 68554
20140909 9.06 9.09 9.24 9.00 49180
20140910 9.02 9.18 9.29 9.00 56763
20140911 9.22 8.96 9.48 8.79 90846
20140912 8.92 9.13 9.18 8.76 53376
20140915 9.13 9.49 9.55 9.02 67028
20140916 9.49 8.79 9.50 8.75 87129
20140917 8.75 8.71 9.00 8.50 72610
20140918 8.74 8.84 9.05 8.63 45359
20140919 8.84 9.17 9.22 8.80 42819
20140922 9.17 9.13 9.28 9.04 47108
20140923 9.13 9.63 9.90 9.04 111680
20140924 9.73 9.70 9.77 9.40 58296
20140925 9.68 9.79 9.88 9.55 50847
20140926 9.80 9.55 9.80 9.43 43080
20140929 9.52 9.56 9.69 9.31 68089
20140930 9.53 9.50 9.63 9.45 41734
20141008 9.50 9.48 9.52 9.30 57250
20141009 9.50 9.76 9.80 9.37 80340
20141010 9.70 10.07 10.10 9.50 98612
20141013 9.98 10.10 10.28 9.80 78595
20141014 10.12 10.01 10.12 9.77 60372
20141015 9.95 9.95 9.97 9.77 43766
20141016 9.81 9.87 10.04 9.64 68722
20141017 9.73 9.35 9.85 8.88 78420
20141020 9.28 9.31 9.34 9.03 71295
20141021 9.31 9.27 9.42 9.15 40602
20141022 9.20 8.92 9.39 8.83 60521
20141023 8.80 8.66 8.87 8.59 52191
20141024 8.68 8.74 8.93 8.62 34138
20141027 8.83 8.94 8.97 8.76 42085
20141028 8.90 9.19 9.30 8.76 66853
20141029 9.18 9.20 9.35 9.00 65197
20141030 9.11 9.06 9.20 9.01 70687
20141031 9.05 8.91 9.12 8.81 64317
20141103 8.91 9.26 9.32 8.90 78700
20141104 9.29 9.25 9.35 9.14 39533
20141105 9.27 9.07 9.29 8.98 53273
20141106 9.08 9.16 9.24 8.85 42320
20141107 9.15 9.00 9.19 8.92 43695
20141110 9.00 8.87 9.07 8.79 40639
20141111 8.81 8.10 8.89 8.09 104058
20141112 8.12 8.20 8.27 8.00 47003
20141113 8.20 7.99 8.20 7.87 82725
20141114 7.95 8.00 8.05 7.80 37827
20141117 8.02 8.32 8.42 7.98 62025
20141118 8.45 8.24 8.45 8.20 31564
20141119 8.23 8.29 8.36 8.17 22478
20141120 8.26 8.38 8.41 8.22 44196
20141121 8.36 8.37 8.48 8.31 32780
20141124 8.48 8.41 8.50 8.31 55981
20141125 8.42 8.71 8.79 8.33 90918
20141126 8.70 8.77 8.94 8.69 88830
20141127 8.80 9.16 9.21 8.66 101914
20141128 9.10 9.01 9.34 8.88 99187
20141201 8.98 8.62 8.98 8.60 76105
20141202 8.62 8.77 8.96 8.62 67595
20141203 8.77 9.05 9.07 8.72 81985
20141204 9.13 9.18 9.33 9.03 103190
20141205 9.20 8.72 9.21 8.30 90028
20141208 8.60 8.63 8.72 8.42 68064
20141209 8.58 7.88 8.60 7.88 134644
20141210 7.64 8.06 8.13 7.64 57748
20141211 8.07 8.08 8.10 7.94 62061
20141212 8.07 8.20 8.24 8.01 50831
20141215 8.18 8.39 8.40 8.14 40820
20141216 8.40 8.31 8.42 8.19 47289
20141217 8.28 8.07 8.28 8.00 65106
20141218 8.06 8.07 8.13 8.00 39781
20141219 8.08 8.11 8.27 7.98 60352
20141222 8.12 7.38 8.17 7.35 78500
20141223 7.47 7.44 7.55 7.35 34895
20141224 7.47 7.67 7.68 7.47 36673
20141225 7.72 7.85 7.87 7.66 24559
20141226 7.85 7.76 7.85 7.68 30138
20141229 7.74 7.50 7.76 7.41 51001
20141230 7.49 7.34 7.55 7.29 40598
20141231 7.45 7.58 7.63 7.39 42066
20150105 7.57 7.77 7.80 7.39 64993
20150106 7.71 7.74 7.77 7.57 51860
20150107 7.79 7.81 7.83 7.65 53326
20150108 7.78 7.74 7.90 7.68 46272
20150109 7.76 7.65 7.86 7.62 33596
20150112 7.63 7.37 7.63 7.31 32429
20150113 7.41 7.41 7.43 7.32 33995
20150114 7.47 7.33 7.47 7.30 28316
20150115 7.36 7.43 7.45 7.30 33272
20150116 7.44 7.53 7.54 7.39 35992
20150119 7.38 7.43 7.72 7.33 61586
20150120 7.44 7.77 7.78 7.44 61785
20150121 7.77 7.92 7.93 7.72 53491
20150122 7.93 8.12 8.16 7.86 68019
20150123 8.08 8.04 8.16 8.02 53269
20150126 8.01 8.15 8.15 7.93 47707
20150127 8.15 8.19 8.30 8.12 68293
20150128 8.19 8.08 8.25 8.07 36948
20150129 8.06 8.13 8.20 8.00 43905
20150130 8.11 8.16 8.22 8.00 42413
20150202 8.10 8.19 8.21 8.02 28594
20150203 8.19 8.32 8.42 8.19 54136
20150204 8.35 8.21 8.35 8.03 35914
20150205 8.25 8.09 8.30 8.05 37753
20150206 8.06 7.76 8.16 7.75 35662
20150209 7.75 7.81 7.84 7.60 23603
20150210 7.81 7.84 7.89 7.75 17598
20150211 7.86 7.91 7.94 7.84 22819
20150212 7.95 8.22 8.27 7.92 36472
20150213 8.22 8.23 8.37 8.20 39259
20150216 8.23 8.29 8.32 8.20 49320
20150217 8.26 8.30 8.41 8.20 41085
20150225 8.33 8.54 8.70 8.28 91104
20150226 8.50 8.57 8.59 8.42 39173
20150227 8.60 8.63 8.72 8.51 64301
20150302 8.70 8.84 8.96 8.66 80472
20150303 8.85 8.60 8.86 8.55 77640
20150304 8.60 8.99 9.00 8.55 105653
20150305 8.88 9.18 9.55 8.88 196002
20150306 9.20 9.11 9.44 9.05 95776
20150309 9.05 9.19 9.20 8.77 94534
20150310 9.16 9.11 9.29 9.09 78826
20150311 9.00 9.03 9.25 8.78 160107
20150312 8.95 8.82 9.00 8.78 89632
20150313 8.83 8.96 9.02 8.73 90332
20150316 8.95 9.23 9.31 8.93 117097
20150317 9.22 9.47 9.63 9.22 181116
20150318 9.45 9.53 9.58 9.38 128116
20150319 9.49 9.79 9.84 9.40 149976
20150320 9.74 9.67 9.80 9.55 98840
20150323 9.67 9.88 9.94 9.64 130611
20150324 9.90 9.81 10.05 9.42 133009
20150325 10.17 10.09 10.57 10.00 275276
20150326 10.19 10.20 10.57 10.09 194884
20150327 10.20 10.06 10.26 9.86 136135
20150330 10.05 10.45 10.87 10.01 179449
20150331 10.45 10.47 10.80 10.40 131571
20150401 10.47 10.65 10.70 10.41 100485
20150402 10.70 11.67 11.72 10.52 263383
20150403 11.50 11.78 12.00 11.36 151306
20150407 11.76 12.60 12.76 11.65 188402
20150408 12.89 12.20 12.89 12.07 177333
20150409 12.21 11.79 12.30 11.05 148403
20150410 11.95 12.89 12.97 11.90 271852
20150413 13.00 13.00 13.20 12.70 169343
20150414 13.00 12.73 13.00 12.57 114853
20150415 12.68 11.89 12.68 11.88 113488
20150416 11.60 12.08 12.39 11.50 92065
20150417 12.15 11.91 12.31 11.77 114434
20150420 11.70 11.41 11.97 11.40 107748
20150421 11.45 12.48 12.55 11.43 187544
20150422 12.36 12.67 13.19 12.20 245497
20150423 12.59 12.61 12.90 12.52 139313
20150424 12.40 12.99 13.00 12.32 174300
20150427 12.99 12.93 13.60 12.73 166396
20150428 12.98 12.33 12.98 12.25 126230
20150429 12.24 12.59 12.80 12.11 101438
20150430 12.62 12.57 12.97 12.50 101363
20150504 12.57 13.22 13.22 12.25 163156
20150505 13.17 13.43 14.31 13.00 241253
20150506 13.45 13.36 14.02 13.10 178351
20150507 13.05 12.41 13.25 12.28 127906
20150508 12.40 12.71 12.85 12.40 100481
20150511 12.91 13.53 13.66 12.63 151103
20150512 13.55 13.91 13.93 13.00 179572
20150513 13.70 14.49 14.68 13.52 201688
20150514 14.50 14.30 14.66 14.14 130355
20150515 14.21 13.96 14.27 13.58 124854
20150518 14.04 14.15 14.42 13.65 139587
20150519 14.04 14.49 14.63 13.83 167884
20150520 14.54 14.70 15.45 14.53 182759
20150521 14.50 15.03 15.08 14.40 140148
20150522 15.31 16.24 16.53 14.91 245117
20150525 16.11 17.36 17.43 15.98 225231
20150526 17.40 17.58 17.97 16.74 188552
20150527 17.66 17.22 17.85 16.90 141315
20150528 16.90 15.64 17.69 15.56 166286
20150529 15.38 16.02 16.57 14.52 146836
20150601 15.99 16.86 16.94 15.62 119950
20150602 16.87 18.55 18.55 16.86 195966
20150603 18.80 18.48 19.50 17.62 174650
20150604 18.28 18.21 18.33 16.68 131600
20150605 18.85 18.48 18.88 17.77 168721
20150608 18.40 18.98 19.46 18.15 175115
20150609 18.98 18.42 19.39 18.33 118260
20150610 18.33 19.12 19.36 18.01 130140
20150611 19.00 20.27 20.97 18.80 186880
20150612 20.05 20.98 21.45 20.01 140825
20150615 20.92 20.94 22.30 20.41 140693
20150616 20.60 19.44 20.64 19.26 108727
20150617 19.19 20.36 20.55 18.16 127515
20150618 20.40 19.33 20.98 19.25 95741
20150619 18.60 17.40 19.00 17.40 89744
20150623 16.91 16.96 17.85 15.66 124804
20150624 17.12 17.39 17.64 16.50 104184
20150625 17.60 16.47 17.99 16.15 105791
20150626 15.71 14.82 16.01 14.82 82093
20150629 15.40 13.34 15.50 13.34 155359
20150630 13.34 14.53 14.60 12.01 179716
20150701 14.26 13.08 15.08 13.08 124302
20150702 13.09 11.77 13.35 11.77 142405
20150703 10.90 10.59 11.71 10.59 132072
20150706 11.64 9.53 11.64 9.53 142115
20150707 8.62 8.58 8.98 8.58 49708
20150713 9.44 9.44 9.44 9.44 21198
20150714 10.38 10.38 10.38 10.38 5365
20150715 11.00 9.34 11.00 9.34 212168
20150716 8.87 9.41 10.26 8.41 237000
20150717 9.62 10.35 10.35 9.53 248220
20150720 10.55 11.39 11.39 10.33 294325
20150721 11.35 12.37 12.49 10.90 307661
20150722 12.10 12.39 12.68 11.92 236922
20150723 12.31 12.91 12.98 12.10 200662
20150724 12.76 12.52 13.29 12.30 206608
20150727 12.02 11.27 12.66 11.27 164029
20150728 10.18 10.26 11.19 10.14 207600
20150729 10.49 11.29 11.29 9.98 163313
20150730 11.35 11.13 12.01 10.85 182847
