20150320 19.53 19.53 19.53 19.53 932
20150323 21.48 21.48 21.48 21.48 306
20150324 23.63 23.63 23.63 23.63 546
20150325 25.99 25.99 25.99 25.99 2394
20150326 28.59 27.48 28.59 25.80 414158
20150327 26.22 25.95 26.59 25.55 209948
20150330 26.00 25.77 26.00 25.45 125801
20150331 25.62 25.80 25.95 25.60 99089
20150401 25.91 25.92 25.99 25.62 98802
20150402 25.86 26.35 26.62 25.78 127996
20150403 26.10 26.40 26.52 25.89 115912
20150407 26.50 26.88 27.08 26.33 137518
20150408 26.97 26.77 26.97 26.10 127754
20150409 26.73 26.52 26.79 25.80 97798
20150410 26.44 26.79 26.99 26.23 100173
20150413 26.80 27.27 27.44 26.44 135323
20150414 27.27 27.14 28.10 26.92 117294
20150415 27.00 25.99 27.00 25.82 80350
20150416 25.95 26.36 26.44 25.63 52359
20150417 26.58 26.53 26.87 26.50 72557
20150420 26.55 26.03 26.55 25.86 71800
20150421 25.94 26.81 26.82 25.94 75669
20150422 26.85 27.12 27.28 26.66 100506
20150423 27.20 26.85 27.20 26.61 76565
20150424 26.60 26.56 26.79 26.36 65247
20150427 26.70 27.19 27.50 26.70 128336
20150428 27.20 27.39 27.65 26.85 128086
20150429 27.21 28.16 28.46 27.06 152552
20150430 28.00 27.23 28.19 27.18 108144
20150504 27.01 26.88 27.17 26.48 59438
20150505 26.91 26.31 27.26 26.25 68104
20150506 26.40 25.71 26.63 25.20 60073
20150507 25.61 24.69 25.84 24.50 64168
20150508 25.10 25.61 25.63 24.88 52641
20150511 25.88 26.43 26.48 25.62 68287
20150512 26.58 26.94 26.96 26.25 83173
20150513 26.90 27.12 27.48 26.62 94060
20150514 27.16 29.83 29.83 26.94 248344
20150515 30.98 32.81 32.81 30.10 261173
20150518 35.00 36.09 36.09 33.80 248717
20150519 39.00 34.79 39.70 33.50 348519
20150520 34.10 34.89 36.81 34.10 223009
20150521 34.10 35.63 36.20 33.78 199225
20150522 35.70 39.19 39.19 34.68 198553
20150525 40.30 43.11 43.11 40.00 214192
20150526 46.99 47.42 47.42 44.00 183883
20150527 51.47 52.16 52.16 50.00 137250
20150528 57.37 46.96 57.38 46.94 132726
20150529 43.33 48.48 51.47 43.33 310609
20150601 47.00 45.63 49.50 44.00 216712
20150602 45.00 43.52 45.49 41.81 201608
20150603 43.67 44.80 45.99 42.50 150742
20150604 45.00 41.03 45.30 40.32 145652
20150605 42.10 40.72 42.69 38.84 130717
20150608 40.99 39.19 41.28 38.95 115885
20150609 39.25 40.37 40.99 38.68 102965
20150610 39.43 42.10 42.50 39.43 143379
20150611 41.80 44.84 45.60 41.43 177316
20150612 45.00 42.36 45.30 42.18 149819
20150615 42.39 38.23 42.39 38.12 126746
20150616 37.40 37.01 37.94 35.60 86695
20150617 37.05 38.94 38.98 36.65 73410
20150618 39.00 35.82 39.00 35.76 72523
20150619 34.50 32.24 35.08 32.24 71938
20150623 32.50 33.82 33.85 30.31 78946
20150624 34.00 34.22 34.80 33.20 86362
20150625 33.91 31.72 34.10 31.00 73258
20150626 30.70 28.55 30.70 28.55 78414
20150629 29.30 26.94 29.70 25.75 97097
20150630 27.15 29.63 29.63 26.21 112037
20150701 30.49 28.47 31.96 28.30 150053
20150702 28.80 30.09 30.50 26.90 138398
20150703 28.40 29.75 31.99 27.12 146117
20150706 32.72 30.74 32.72 28.50 124132
20150707 29.10 27.67 30.00 27.67 50176
20150713 30.44 30.44 30.44 30.44 7254
20150714 33.48 33.48 33.48 31.80 200223
20150715 32.00 30.13 32.50 30.13 96917
20150716 27.13 28.60 31.07 27.12 103231
20150717 28.60 30.19 30.90 28.21 88698
20150720 30.00 30.14 30.98 29.32 92473
20150721 29.65 31.44 31.80 29.20 109644
20150722 31.43 30.70 31.78 29.75 107632
20150723 30.82 32.77 33.30 30.82 152499
20150724 32.46 31.50 33.92 31.15 156747
20150727 30.67 28.35 31.40 28.35 98995
20150728 26.48 25.75 27.90 25.52 99061
20150729 26.30 28.29 28.33 25.62 85265
20150730 28.26 27.17 29.13 26.99 90916
