20150128 22.04 26.45 26.45 22.04 270
20150129 29.10 29.10 29.10 29.10 97
20150130 32.01 32.01 32.01 32.01 127
20150202 35.21 35.21 35.21 35.21 338
20150203 38.73 38.73 38.73 38.73 614
20150204 42.60 42.60 42.60 42.60 884
20150205 46.86 46.86 46.86 46.86 3712
20150206 51.00 42.17 51.00 42.17 46187
20150209 37.95 37.95 38.30 37.95 20394
20150210 35.00 35.54 35.99 34.37 63825
20150211 35.54 35.69 36.43 35.28 38739
20150212 35.51 35.30 35.89 34.70 31116
20150213 35.55 35.94 36.34 35.51 30731
20150216 35.94 35.86 35.98 35.28 20207
20150217 35.91 35.91 36.00 35.67 16156
20150225 35.98 35.27 35.99 35.13 16618
20150226 35.27 35.73 35.78 35.27 12862
20150227 35.80 36.24 36.35 35.70 18299
20150302 36.28 37.50 37.62 36.00 30753
20150303 37.28 35.99 37.28 35.91 31366
20150304 35.77 36.11 36.24 35.71 17290
20150305 36.01 36.43 36.45 35.92 14439
20150306 36.40 35.64 36.60 35.57 15968
20150309 35.26 35.28 35.45 34.65 13806
20150310 35.21 35.54 35.93 35.13 9912
20150311 35.64 35.57 35.92 35.42 12585
20150312 35.68 35.28 35.69 34.98 14896
20150313 35.46 36.27 36.45 35.42 17995
20150316 36.70 38.60 39.77 36.70 44882
20150317 38.80 38.58 38.87 37.85 31789
20150318 38.60 40.09 40.35 38.25 28732
20150319 40.18 39.66 40.33 39.05 22124
20150320 39.67 39.62 39.88 39.33 16145
20150323 39.61 39.80 39.92 39.39 19101
20150324 43.78 43.78 43.78 43.78 8373
20150325 45.75 48.16 48.16 44.88 63144
20150326 50.50 46.39 50.50 45.55 58088
20150327 44.99 45.66 46.99 44.99 19850
20150330 45.30 44.21 45.65 43.23 32718
20150331 44.00 44.38 44.80 44.00 15051
20150401 44.47 45.30 45.45 44.15 16172
20150402 45.62 45.88 45.90 45.05 21503
20150403 45.80 48.08 49.62 45.50 29932
20150407 48.80 50.68 51.01 48.20 30071
20150408 51.15 52.65 55.00 50.68 35063
20150409 52.00 50.86 52.56 48.03 30232
20150410 50.71 52.07 52.60 50.00 22204
20150413 52.90 55.23 55.77 52.33 26165
20150414 55.13 53.36 55.13 52.95 24144
20150415 52.50 49.26 52.60 48.93 21125
20150416 48.67 49.78 50.44 47.51 13507
20150417 50.60 50.23 51.35 49.50 14955
20150420 50.00 47.09 50.00 47.05 24978
20150421 46.60 49.12 49.15 46.60 11546
20150422 49.40 49.98 50.99 49.15 14487
20150423 50.89 49.48 50.89 49.21 15473
20150424 48.99 48.69 49.14 47.40 15586
20150427 48.75 49.25 49.98 48.75 13306
20150428 49.27 47.87 49.79 47.65 13170
20150429 47.53 49.59 49.88 47.53 13353
20150430 49.90 50.57 51.58 49.88 19061
20150504 50.42 49.61 51.18 49.35 12247
20150505 49.61 51.37 51.93 48.55 25348
20150506 51.41 53.17 55.98 50.82 34815
20150507 52.30 55.38 56.51 51.66 32573
20150508 55.68 58.72 58.88 54.01 34685
20150511 59.29 61.03 61.50 58.11 31916
20150512 61.46 61.31 65.79 59.73 40496
20150513 60.00 61.43 62.30 58.65 25657
20150514 61.58 65.07 66.50 60.03 26284
20150515 64.00 65.45 66.30 61.78 23858
20150518 64.81 68.77 69.96 64.30 20509
20150519 68.79 75.65 75.65 67.30 27765
20150520 75.00 76.51 83.18 74.35 25509
20150521 76.51 78.71 81.00 76.01 21501
20150522 78.50 86.04 86.58 77.47 28299
20150525 85.00 87.62 93.88 81.56 41374
20150526 90.10 96.37 96.38 88.04 34936
20150527 98.30 106.01 106.01 96.30 38568
20150528 111.00 101.36 116.61 98.00 60384
20150529 51.11 55.47 55.47 46.45 63584
20150601 54.66 51.25 57.00 50.01 121135
20150602 49.50 48.75 50.00 47.41 93035
20150603 48.62 50.96 51.10 47.60 70390
20150604 50.99 54.39 55.80 50.00 93593
20150605 54.40 52.08 55.55 51.68 74131
20150608 51.20 47.11 51.20 47.00 70420
20150609 46.51 47.34 48.58 44.01 35733
20150610 46.80 47.85 48.65 45.65 34477
20150611 47.80 48.18 48.20 47.04 35170
20150612 48.47 48.77 49.18 47.59 44346
20150615 48.80 45.63 48.80 44.68 39063
20150616 44.95 41.07 44.95 41.07 39506
20150617 40.60 41.55 41.60 37.85 37189
20150618 41.30 37.40 41.31 37.40 29209
20150619 36.68 33.66 36.68 33.66 32612
20150623 33.21 35.70 35.98 31.50 36474
20150624 35.70 36.52 37.03 35.00 37298
20150625 36.57 33.86 36.60 33.00 25297
20150626 32.96 30.47 32.96 30.47 23351
20150629 31.46 27.42 31.49 27.42 35230
20150630 26.50 29.20 29.21 24.68 46621
20150701 29.00 27.00 30.68 26.90 43157
20150702 26.68 24.83 27.65 24.33 29908
20150703 24.00 24.16 26.01 22.70 36447
20150706 26.58 25.15 26.58 22.50 46021
20150707 24.69 22.64 25.15 22.64 28218
20150713 24.90 24.90 24.90 24.90 1843
20150714 27.39 27.39 27.39 27.39 1720
20150715 30.13 28.61 30.13 26.80 85756
20150716 26.02 28.24 29.69 26.02 51890
20150717 28.24 30.17 30.59 27.80 52215
20150720 30.09 31.26 32.47 29.50 44767
20150721 30.55 30.99 31.66 30.33 34470
20150722 31.01 34.09 34.09 30.78 64089
20150723 34.97 36.20 36.52 33.28 61665
20150724 35.52 36.05 37.97 34.50 52259
20150727 35.00 32.45 37.60 32.45 41066
20150728 30.17 29.72 32.52 29.21 52597
20150729 30.50 32.36 32.69 28.90 34589
20150730 32.20 32.33 33.18 30.43 33935
