20140102 3.91 3.89 3.92 3.86 28632
20140103 3.87 3.84 3.88 3.82 22565
20140106 3.82 3.70 3.84 3.69 33873
20140107 3.67 3.69 3.71 3.65 17036
20140108 3.68 3.63 3.71 3.62 10538
20140109 3.63 3.59 3.67 3.58 13742
20140110 3.59 3.58 3.64 3.55 17890
20140113 3.60 3.66 3.69 3.58 27235
20140114 3.67 3.70 3.70 3.62 19959
20140115 3.70 3.69 3.70 3.64 17772
20140116 3.68 3.69 3.69 3.64 10194
20140117 3.69 3.62 3.69 3.60 15639
20140120 3.62 3.71 3.74 3.62 22830
20140121 3.71 3.72 3.73 3.68 11615
20140122 3.74 3.80 3.81 3.67 21796
20140123 3.76 3.79 3.80 3.74 17398
20140124 3.79 3.93 4.05 3.76 48940
20140127 3.93 3.91 3.94 3.87 14384
20140128 3.94 3.90 3.95 3.88 9128
20140129 3.91 3.90 3.93 3.88 11885
20140130 3.89 3.90 4.03 3.88 7236
20140207 3.89 3.88 3.90 3.84 8362
20140210 3.89 3.92 3.93 3.87 31272
20140211 3.93 3.94 3.94 3.89 26566
20140212 3.95 3.99 4.02 3.93 32190
20140213 3.99 3.96 4.00 3.95 24111
20140214 3.96 3.99 4.00 3.94 16552
20140217 4.01 4.00 4.02 3.98 29203
20140218 3.98 3.95 4.00 3.93 15962
20140219 3.96 4.01 4.03 3.95 25531
20140220 4.01 4.00 4.04 3.98 22386
20140221 3.98 3.95 4.00 3.93 15994
20140224 3.96 3.92 3.96 3.90 16442
20140225 3.94 3.85 3.96 3.83 17934
20140226 3.85 3.88 3.88 3.78 13651
20140227 3.88 3.89 3.93 3.85 13831
20140228 3.88 3.92 3.92 3.85 10693
20140303 3.92 3.95 3.96 3.87 12730
20140304 3.93 3.99 4.01 3.92 15626
20140305 4.00 3.98 4.01 3.95 14089
20140306 3.98 3.97 4.02 3.95 12469
20140307 3.95 3.96 4.00 3.95 8490
20140310 3.96 3.91 3.96 3.83 14597
20140311 3.88 3.86 3.88 3.80 22122
20140312 3.83 3.86 3.86 3.80 11300
20140313 3.85 3.87 3.89 3.83 10562
20140314 3.86 3.83 3.86 3.80 10819
20140317 3.84 3.98 4.01 3.82 32683
20140318 3.99 4.00 4.01 3.94 15805
20140319 3.98 4.02 4.09 3.96 45762
20140320 4.08 3.94 4.08 3.91 21142
20140321 3.93 4.06 4.07 3.91 26313
20140324 4.07 4.10 4.10 4.03 30715
20140325 4.09 4.11 4.13 4.06 25523
20140326 4.13 4.11 4.14 4.08 16868
20140327 4.11 4.08 4.11 4.03 18576
20140328 4.06 4.26 4.44 4.05 79090
20140331 4.24 4.08 4.25 4.05 56902
20140401 4.06 4.10 4.10 4.00 31278
20140402 4.10 4.10 4.12 4.05 15561
20140403 4.11 4.10 4.11 4.02 18135
20140404 4.09 4.13 4.16 4.07 21058
20140408 4.11 4.18 4.18 4.07 19796
20140409 4.17 4.22 4.22 4.16 22372
20140410 4.22 4.28 4.31 4.19 57472
20140411 4.29 4.27 4.31 4.23 35902
20140414 4.25 4.19 4.25 4.15 30460
20140415 4.18 4.16 4.21 4.15 20151
20140416 4.15 4.20 4.21 4.15 18830
20140417 4.21 4.16 4.21 4.16 10498
20140418 4.16 4.18 4.18 4.11 13867
20140421 4.17 4.09 4.18 4.08 23068
20140422 4.09 4.05 4.10 4.03 12260
20140423 4.06 4.10 4.12 4.05 12669
20140424 4.11 4.09 4.14 4.09 6155
20140425 4.09 4.13 4.16 4.09 19889
20140428 4.13 4.11 4.13 4.05 20286
20140429 4.11 4.10 4.11 4.04 13159
20140430 4.10 4.15 4.15 4.09 18159
20140505 4.15 4.24 4.25 4.12 45762
20140506 4.23 4.25 4.25 4.20 23491
20140507 4.24 4.33 4.33 4.21 57316
20140508 4.33 4.36 4.38 4.26 54433
20140509 4.34 4.35 4.37 4.25 39218
20140512 4.33 4.33 4.36 4.27 25245
20140513 4.33 4.32 4.35 4.29 21091
20140514 4.30 4.26 4.32 4.26 12943
20140515 4.26 4.20 4.29 4.20 11485
20140516 4.21 4.24 4.27 4.20 10349
20140519 4.24 4.27 4.27 4.20 10307
20140520 4.33 4.30 4.37 4.28 16935
20140521 4.26 4.31 4.34 4.21 17100
20140522 4.30 4.43 4.43 4.28 51340
20140523 4.40 4.42 4.43 4.36 29000
20140526 4.43 4.46 4.47 4.39 37471
20140527 4.46 4.66 4.76 4.41 117711
20140528 4.65 4.71 4.92 4.46 274402
20140529 4.62 4.50 4.77 4.46 148657
20140530 4.46 4.39 4.50 4.38 71462
20140603 4.41 4.37 4.42 4.35 38842
20140604 4.37 4.35 4.37 4.28 38782
20140605 4.34 4.36 4.37 4.32 23944
20140606 4.36 4.32 4.37 4.29 23940
20140609 4.31 4.27 4.33 4.25 22195
20140610 4.28 4.29 4.30 4.25 20641
20140611 4.28 4.32 4.34 4.27 23136
20140612 4.33 4.34 4.36 4.32 23825
20140613 4.33 4.34 4.36 4.30 23919
20140616 4.33 4.39 4.40 4.32 28501
20140617 4.39 4.38 4.39 4.35 18436
20140618 4.36 4.31 4.38 4.30 19606
20140619 4.31 4.22 4.31 4.17 21939
20140620 4.21 4.27 4.27 4.20 14838
20140623 4.27 4.30 4.31 4.24 14240
20140624 4.29 4.29 4.30 4.26 9330
20140625 4.28 4.31 4.31 4.24 18134
20140626 4.30 4.34 4.35 4.29 13613
20140627 4.33 4.37 4.39 4.32 15124
20140630 4.35 4.38 4.41 4.34 19814
20140701 4.38 4.38 4.42 4.37 20469
20140702 4.37 4.41 4.41 4.35 15023
20140703 4.41 4.41 4.42 4.38 14103
20140704 4.41 4.37 4.43 4.36 15644
20140707 4.39 4.45 4.45 4.39 23355
20140708 4.45 4.48 4.49 4.45 23916
20140709 4.47 4.42 4.48 4.40 18940
20140710 4.38 4.41 4.45 4.38 23107
20140711 4.20 4.18 4.23 4.14 21751
20140714 4.18 4.24 4.25 4.17 23161
20140715 4.25 4.27 4.33 4.22 28224
20140716 4.28 4.26 4.32 4.24 21109
20140717 4.26 4.28 4.32 4.26 20307
20140718 4.27 4.29 4.31 4.27 17263
20140721 4.29 4.26 4.31 4.25 15469
20140722 4.26 4.21 4.29 4.17 52860
20140723 4.21 4.24 4.26 4.19 29305
20140724 4.23 4.27 4.27 4.23 28507
20140725 4.28 4.30 4.30 4.26 27845
20140728 4.32 4.38 4.41 4.30 65796
20140729 4.38 4.38 4.40 4.35 37322
20140730 4.36 4.37 4.39 4.35 28759
20140731 4.37 4.41 4.41 4.33 41430
20140801 4.39 4.36 4.41 4.35 37880
20140804 4.36 4.41 4.41 4.36 39888
20140805 4.41 4.44 4.45 4.39 40118
20140806 4.43 4.44 4.45 4.41 29012
20140807 4.48 4.37 4.48 4.37 36517
20140808 4.35 4.40 4.40 4.35 24103
20140811 4.42 4.46 4.47 4.40 32464
20140812 4.46 4.43 4.46 4.41 24597
20140813 4.42 4.41 4.42 4.37 26345
20140814 4.40 4.41 4.47 4.40 34164
20140815 4.40 4.44 4.44 4.40 19566
20140818 4.44 4.44 4.47 4.43 44511
20140819 4.45 4.45 4.47 4.42 38297
20140820 4.47 4.60 4.68 4.46 105859
20140821 4.56 4.53 4.58 4.49 60230
20140822 4.53 4.53 4.53 4.45 40831
20140825 4.53 4.47 4.53 4.46 34359
20140826 4.46 4.38 4.47 4.36 33501
20140827 4.37 4.38 4.41 4.36 24591
20140828 4.39 4.37 4.42 4.37 22413
20140829 4.37 4.40 4.43 4.37 22273
20140901 4.40 4.47 4.48 4.40 28437
20140902 4.47 4.51 4.52 4.47 49946
20140903 4.51 4.52 4.53 4.49 39308
20140904 4.52 4.56 4.57 4.51 54578
20140905 4.58 4.59 4.59 4.53 55225
20140909 4.59 4.59 4.61 4.54 43996
20140910 4.57 4.60 4.61 4.56 33341
20140911 4.59 4.60 4.69 4.57 81280
20140912 4.58 4.65 4.66 4.54 59299
20140915 4.65 4.71 4.72 4.61 59949
20140916 4.71 4.57 4.82 4.56 84325
20140917 4.58 4.69 4.71 4.54 66631
20140918 4.67 4.73 4.80 4.65 62644
20140919 4.74 4.75 4.77 4.70 36501
20140922 4.75 4.63 4.75 4.61 41940
20140923 4.64 4.63 4.65 4.58 30818
20140924 4.63 4.71 4.71 4.62 42206
20140925 4.70 4.69 4.74 4.66 45117
20140926 4.68 4.69 4.72 4.66 30093
20140929 4.69 4.75 4.77 4.69 44407
20140930 4.75 4.97 5.01 4.74 133056
20141008 4.96 5.17 5.26 4.91 141879
20141009 5.18 5.15 5.19 5.05 86868
20141010 5.12 5.14 5.21 5.05 51261
20141013 5.13 5.10 5.13 5.03 36596
20141014 5.10 5.12 5.23 5.08 54459
20141015 5.12 5.11 5.16 5.04 32517
20141016 5.09 5.07 5.13 5.04 44305
20141017 5.06 5.20 5.24 4.99 97903
20141020 5.21 5.15 5.25 5.12 110850
20141021 5.16 5.06 5.16 5.05 46135
20141022 5.07 5.05 5.08 5.01 49040
20141023 5.05 4.85 5.05 4.83 61702
20141024 4.82 5.05 5.09 4.82 62764
20141027 5.04 5.05 5.07 4.99 30827
20141028 5.04 5.06 5.17 5.04 78907
20141029 5.07 5.14 5.17 5.05 128928
20141030 5.15 5.20 5.40 5.11 155258
20141031 5.24 5.19 5.27 5.13 87198
20141103 5.18 5.30 5.50 5.18 214457
20141104 5.30 5.43 5.47 5.27 201473
20141105 5.42 5.28 5.42 5.26 105290
20141106 5.25 5.27 5.31 5.20 54138
20141107 5.29 5.17 5.32 5.14 70317
20141110 5.20 5.29 5.29 5.16 70117
20141111 5.36 5.16 5.37 5.05 96617
20141112 5.15 5.21 5.21 5.09 41150
20141113 5.21 5.18 5.24 5.10 45932
20141114 5.17 5.32 5.32 5.12 80278
20141117 5.40 5.21 5.40 5.15 95933
20141118 5.19 5.10 5.19 5.07 64608
20141119 5.10 5.10 5.14 5.06 37151
20141120 5.10 5.11 5.13 5.06 26703
20141121 5.12 5.11 5.13 5.06 44798
20141124 5.16 5.19 5.20 5.10 58190
20141125 5.19 5.25 5.26 5.17 54457
20141126 5.26 5.29 5.29 5.21 54765
20141127 5.32 5.37 5.38 5.26 93440
20141128 5.38 5.38 5.46 5.29 94313
20141201 5.39 5.56 5.67 5.39 192118
20141202 5.57 5.53 5.57 5.41 92162
20141203 5.46 5.47 5.58 5.41 124348
20141204 5.47 5.57 5.63 5.45 99529
20141205 5.57 5.36 5.60 5.23 100054
20141208 5.37 5.48 5.48 5.30 102764
20141209 5.48 5.55 5.94 5.35 239905
20141210 5.47 5.81 5.82 5.36 201498
20141211 5.82 5.93 6.00 5.71 190276
20141212 6.15 6.42 6.52 6.13 323651
20141215 6.25 6.29 6.38 6.06 180764
20141216 6.28 6.19 6.28 6.12 100115
20141217 6.18 6.31 6.34 6.07 168475
20141218 6.27 6.18 6.35 6.13 82945
20141219 6.21 6.28 6.35 6.05 122954
20141222 6.31 6.17 6.46 6.09 129217
20141223 6.15 5.94 6.15 5.90 81232
20141224 5.92 5.87 5.99 5.81 49007
20141225 6.20 6.12 6.40 6.02 145934
20141226 6.10 6.31 6.34 6.05 167314
20141229 6.42 6.39 6.49 6.30 175541
20141230 6.39 6.13 6.42 6.08 84471
20141231 6.13 6.18 6.19 6.02 61393
20150105 6.19 6.34 6.35 6.04 132216
20150106 6.51 6.69 6.78 6.51 315823
20150107 6.58 6.49 6.58 6.39 146690
20150108 6.49 6.31 6.50 6.30 100850
20150109 6.30 6.27 6.43 6.22 85598
20150112 6.27 6.06 6.27 6.02 71127
20150113 6.05 6.13 6.16 6.02 48782
20150114 6.13 5.98 6.13 5.95 48141
20150115 5.98 6.07 6.07 5.88 55486
20150116 6.08 6.09 6.12 6.04 46727
20150119 5.88 5.59 5.93 5.56 74489
20150120 5.61 5.74 5.81 5.61 53958
20150121 5.76 6.03 6.06 5.76 80228
20150122 6.02 6.03 6.04 5.96 47353
20150123 6.03 5.96 6.06 5.93 43265
20150126 5.97 6.01 6.02 5.90 48336
20150127 6.00 6.09 6.11 5.90 75034
20150128 6.04 6.01 6.08 5.97 46359
20150129 5.95 5.99 6.08 5.90 41369
20150130 5.99 5.91 6.02 5.90 36143
20150202 5.85 5.80 5.88 5.73 39132
20150203 5.76 5.90 5.91 5.76 26646
20150204 5.92 5.87 5.96 5.86 26382
20150205 5.98 5.75 5.99 5.68 38455
20150206 5.69 5.63 5.80 5.60 40686
20150209 5.63 5.72 5.94 5.54 44857
20150210 5.72 5.82 5.85 5.65 22560
20150211 5.82 5.80 5.88 5.76 25051
20150212 5.80 5.73 5.82 5.72 42427
20150213 5.75 5.85 5.87 5.75 36516
20150216 5.85 5.91 5.92 5.84 26808
20150217 6.05 6.27 6.50 6.05 142585
20150225 6.19 6.23 6.25 6.06 81768
20150226 6.21 6.28 6.36 6.13 125541
20150227 6.18 6.21 6.27 6.18 67735
20150302 6.23 6.20 6.24 6.12 63242
20150303 6.18 6.09 6.18 6.06 66642
20150304 6.10 6.15 6.16 6.09 41353
20150305 6.17 6.25 6.28 6.13 89154
20150306 6.25 6.21 6.35 6.21 63253
20150309 6.18 6.19 6.20 6.07 39585
20150310 6.18 6.19 6.20 6.11 37888
20150311 6.16 6.13 6.18 6.10 51575
20150312 6.13 6.15 6.16 6.05 48808
20150313 6.13 6.19 6.21 6.13 48356
20150316 6.24 6.33 6.38 6.20 108560
20150317 6.34 6.67 6.85 6.33 185988
20150318 6.65 6.93 7.05 6.51 281668
20150319 6.88 6.77 6.88 6.71 180350
20150320 6.77 6.88 6.95 6.75 175378
20150323 6.89 6.93 6.97 6.86 125185
20150324 6.92 6.91 6.93 6.68 153074
20150325 6.90 7.03 7.04 6.82 227667
20150326 7.01 6.92 7.01 6.86 104605
20150327 6.87 6.89 6.91 6.77 92504
20150330 6.94 7.00 7.02 6.88 159228
20150331 7.05 6.86 7.12 6.85 146235
20150401 6.90 7.03 7.08 6.90 135677
20150402 7.03 7.11 7.12 6.97 153030
20150403 7.11 7.42 7.50 7.04 269589
20150407 8.00 8.16 8.16 8.00 174059
20150408 8.48 8.64 8.98 8.43 617319
20150409 8.60 8.23 8.60 7.89 290363
20150410 8.13 8.27 8.37 7.95 171571
20150413 8.27 8.59 8.81 8.12 311844
20150414 8.52 9.13 9.14 8.32 383236
20150415 9.13 9.32 9.97 9.13 419087
20150416 9.01 9.10 9.63 8.39 275269
20150417 9.10 9.01 9.23 8.90 227747
20150420 8.90 8.50 8.90 8.41 299164
20150421 8.40 8.65 8.65 8.32 150307
20150422 8.66 8.88 8.88 8.66 190982
20150423 8.90 8.81 9.00 8.71 203452
20150424 8.73 8.62 8.74 8.50 132126
20150427 8.65 8.97 8.98 8.64 236805
20150428 8.97 8.80 8.97 8.55 182725
20150429 8.80 9.56 9.68 8.80 422355
20150430 9.50 9.51 9.69 9.12 359909
20150504 9.39 9.52 9.62 9.24 185853
20150505 9.45 9.57 9.90 9.29 263013
20150506 9.57 10.10 10.29 9.28 384586
20150507 9.90 9.99 10.20 9.46 243080
20150508 9.99 9.99 10.15 9.70 191936
20150511 10.02 10.99 10.99 9.80 447029
20150512 11.11 11.59 12.00 10.82 428525
20150513 11.36 10.92 11.98 10.77 685222
20150514 10.65 10.90 11.30 10.25 374048
20150515 10.95 10.77 11.10 10.51 232900
20150518 10.63 10.45 10.87 10.44 173473
20150519 10.45 11.40 11.50 10.31 443708
20150520 11.50 11.69 12.33 11.18 344338
20150521 11.80 12.35 12.60 11.46 306079
20150522 12.47 12.95 13.31 12.18 278977
20150525 13.00 13.11 13.50 12.98 370477
20150526 13.16 14.42 14.42 12.61 483303
20150527 14.80 15.11 15.30 14.01 394248
20150528 14.98 15.22 15.49 14.58 317045
20150529 15.59 15.68 16.00 14.57 288121
20150601 15.41 15.76 16.27 15.35 280755
20150602 15.68 15.61 16.09 15.50 206404
20150603 15.71 17.17 17.17 15.71 418358
20150604 17.40 17.48 17.51 16.01 269078
20150605 17.51 17.65 17.93 17.00 274992
20150608 17.51 17.19 17.59 17.00 129906
20150609 17.08 18.36 18.90 16.82 221946
20150610 18.60 18.94 19.38 18.20 274418
20150611 18.76 20.05 20.16 18.46 260557
20150612 19.70 18.20 19.93 18.05 652589
20150615 18.24 17.48 18.96 17.12 437268
20150616 17.34 16.30 17.34 16.02 253675
20150617 16.00 16.85 17.00 15.20 214556
20150618 16.80 16.22 17.36 16.10 167615
20150619 15.60 14.60 15.92 14.60 144233
20150623 14.50 13.95 14.89 13.14 169787
20150624 14.01 15.05 15.30 13.71 205481
20150625 14.98 14.56 15.50 14.33 187242
20150626 13.88 13.10 14.26 13.10 111934
20150629 13.49 11.80 13.49 11.79 193528
20150630 11.75 12.98 12.98 10.62 240272
20150701 12.98 13.25 13.97 12.51 270058
20150702 13.48 12.37 13.70 11.97 204502
20150703 11.80 11.77 13.50 11.13 299489
20150706 12.95 11.64 12.95 10.73 184351
20150707 11.00 10.48 11.49 10.48 114899
20150708 9.43 9.43 9.43 9.43 6169
20150709 8.49 10.37 10.37 8.49 324644
20150710 10.37 11.41 11.41 10.25 286031
20150713 11.90 12.54 12.55 11.27 453608
20150714 12.14 11.94 12.98 11.53 334723
20150715 11.40 10.75 11.60 10.75 164844
20150716 9.70 10.95 11.83 9.70 192892
20150717 10.81 12.05 12.05 10.81 365921
20150720 11.83 12.02 12.15 11.50 231368
20150721 11.83 13.22 13.22 11.66 824481
20150722 13.25 12.65 13.48 12.26 667398
20150723 12.30 12.70 12.95 12.00 404730
20150724 12.74 12.14 13.00 12.00 303598
20150727 11.70 10.93 12.10 10.93 197476
20150728 9.85 9.84 10.88 9.84 284201
20150729 10.06 10.28 10.35 9.35 246432
20150730 10.24 9.94 10.58 9.78 217136
