20140102 94.11 99.64 100.00 94.11 14727
20140103 98.64 99.36 99.98 98.00 6642
20140106 99.35 97.50 99.36 96.60 7930
20140107 95.12 98.43 98.60 95.07 5523
20140108 98.99 97.68 98.99 97.00 5127
20140109 97.08 98.60 100.87 97.08 6864
20140110 98.97 97.60 98.97 97.08 4267
20140113 98.50 94.36 98.50 93.70 9151
20140114 94.25 94.26 95.10 92.80 5501
20140115 94.27 93.15 94.47 92.88 8496
20140116 93.17 93.36 94.34 93.08 4228
20140117 93.40 89.82 93.66 88.81 13146
20140120 89.03 84.69 89.04 83.33 23593
20140121 83.21 84.93 85.60 83.21 6743
20140122 84.98 86.65 86.75 83.60 13356
20140123 86.71 88.42 90.33 86.70 12795
20140124 88.01 90.75 91.90 88.01 11074
20140127 90.55 88.46 90.55 87.78 8007
20140128 87.98 87.91 89.20 87.50 6334
20140129 88.50 85.90 88.50 85.41 10091
20140130 86.00 86.71 87.25 85.10 6250
20140207 86.03 85.26 86.03 84.91 12072
20140210 85.27 90.94 91.02 85.27 17180
20140211 90.88 92.94 94.39 90.00 21353
20140212 93.00 92.45 94.28 91.55 10443
20140213 93.29 90.84 93.29 90.05 14133
20140214 90.84 91.69 91.89 90.10 7657
20140217 92.00 92.08 92.68 90.90 9278
20140218 92.15 90.20 92.35 90.17 8877
20140219 90.76 91.79 92.28 90.00 8685
20140220 92.01 94.90 96.50 92.01 25146
20140221 94.50 96.50 97.89 93.50 17439
20140224 96.30 92.78 96.30 92.69 15282
20140225 92.70 89.50 94.20 89.48 15365
20140226 89.40 87.17 89.40 85.89 12602
20140227 86.50 85.19 88.30 84.78 12031
20140228 85.19 86.44 86.50 84.78 10417
20140303 86.44 87.75 90.23 85.43 11662
20140304 87.94 86.63 87.94 86.20 7518
20140305 86.88 85.86 87.50 85.76 6069
20140306 85.68 84.15 86.35 82.80 13010
20140307 83.20 90.00 90.55 83.20 22896
20140310 89.00 86.25 89.00 85.80 14345
20140311 86.25 88.26 89.00 84.51 11555
20140312 88.26 86.33 89.10 86.11 14458
20140313 86.50 89.11 89.15 86.00 12901
20140314 88.58 87.55 88.79 86.86 8943
20140317 88.00 87.50 88.68 86.59 9203
20140318 87.95 86.05 87.98 86.00 17147
20140319 85.80 84.04 85.80 83.00 22376
20140320 83.97 81.04 84.59 80.80 19505
20140321 81.30 80.83 81.30 77.31 27165
20140324 80.40 80.71 81.16 79.50 12594
20140325 80.55 79.64 81.29 79.00 13027
20140326 79.65 80.09 81.23 79.65 12300
20140327 80.09 77.98 80.40 77.90 14489
20140328 78.01 76.39 78.80 76.00 14201
20140331 76.40 74.99 77.48 74.36 17461
20140401 75.00 76.47 76.86 74.51 11416
20140402 76.80 76.17 77.40 75.75 6903
20140403 76.18 77.44 77.77 76.00 11191
20140404 77.30 76.92 78.05 76.00 21557
20140408 77.00 78.53 78.59 76.52 15811
20140409 78.85 78.23 78.94 77.85 15880
20140410 78.23 77.63 78.25 76.60 16542
20140411 78.00 85.39 85.39 77.77 46461
20140414 87.10 84.38 87.10 83.93 35390
20140415 84.38 82.62 84.48 82.30 24176
20140416 82.50 83.27 83.45 81.17 19871
20140417 82.87 81.98 83.50 81.85 10479
20140418 81.77 82.03 82.60 81.20 8172
20140421 81.30 82.82 85.90 81.20 21777
20140422 82.91 84.70 85.24 82.91 19785
20140423 83.10 81.22 83.66 80.10 19504
20140424 80.68 80.61 80.96 80.06 8091
20140425 81.05 76.94 81.15 76.50 15878
20140428 76.58 75.67 77.20 75.12 8547
20140429 75.79 75.83 76.47 74.80 9229
20140430 76.20 77.49 78.60 76.20 9830
20140505 76.42 77.23 77.49 76.11 8211
20140506 76.83 77.36 78.26 76.83 12052
20140507 77.00 77.47 78.58 76.76 10281
20140508 77.67 77.30 77.97 76.80 6709
20140509 77.00 76.09 77.68 75.83 7987
20140512 76.07 78.52 79.12 76.07 15612
20140513 78.29 78.07 78.70 77.77 6092
20140514 77.90 77.78 78.43 77.33 4735
20140515 77.88 76.69 77.91 76.67 4748
20140516 77.45 76.99 77.45 76.09 4663
20140519 76.50 75.11 76.89 74.87 7119
20140520 75.50 75.42 76.20 75.17 4772
20140521 75.03 75.86 76.00 74.82 4398
20140522 76.26 75.97 77.15 75.89 5774
20140523 76.03 76.49 76.50 75.92 4168
20140526 77.00 77.76 78.20 76.40 9623
20140527 77.76 77.17 77.90 77.10 5370
20140528 77.00 77.70 77.80 76.70 6821
20140529 77.83 77.49 78.47 77.38 6522
20140530 77.50 77.14 77.69 76.71 5039
20140603 77.25 76.79 77.83 76.61 3512
20140604 76.58 74.68 76.60 73.99 18682
20140605 74.54 75.04 75.10 73.60 9087
20140606 75.04 74.22 75.09 74.03 5552
20140609 74.46 74.24 74.90 74.01 4482
20140610 74.21 74.87 74.88 74.13 6675
20140611 74.96 74.94 74.96 74.50 6345
20140612 74.93 74.58 75.20 74.55 6551
20140613 74.60 75.33 75.35 74.50 8243
20140616 75.32 76.47 76.48 75.10 11216
20140617 76.40 76.92 77.49 75.68 13869
20140618 76.69 75.41 76.85 75.00 8617
20140619 75.00 74.15 75.40 73.95 8520
20140620 74.15 75.06 75.48 74.15 5617
20140623 75.45 75.32 75.49 75.02 3816
20140624 75.33 76.16 76.26 75.03 6609
20140625 75.99 75.79 76.50 75.40 5841
20140626 74.02 75.26 75.99 74.01 12493
20140627 75.05 75.85 76.10 74.66 15241
20140630 75.51 77.53 78.38 75.51 17836
20140701 77.98 77.82 78.20 77.26 7871
20140702 77.71 77.61 78.12 76.84 9012
20140703 77.62 79.69 80.06 77.62 18678
20140704 79.74 79.76 80.06 78.86 9300
20140707 79.46 78.26 79.75 77.50 13934
20140708 77.62 77.54 78.00 77.19 9079
20140709 77.61 77.01 77.79 76.68 10208
20140710 76.67 76.85 77.76 76.63 5908
20140711 76.71 76.98 77.53 76.58 5922
20140714 77.12 77.50 77.55 75.73 9873
20140715 77.49 80.27 80.99 77.01 27359
20140716 80.22 79.69 80.25 78.64 13934
20140717 79.39 79.08 79.39 78.26 7700
20140718 79.08 80.98 81.68 78.56 22128
20140721 81.11 86.12 88.50 81.11 48347
20140722 85.17 86.10 86.70 85.02 23715
20140723 86.29 86.26 87.50 85.73 17052
20140724 86.26 88.12 89.87 86.03 30693
20140725 89.12 88.20 89.12 87.03 14292
20140728 89.00 87.95 89.60 87.33 30990
20140729 87.83 86.60 87.83 85.81 28141
20140730 85.99 88.45 88.90 85.90 28470
20140731 88.20 87.94 88.76 87.01 16105
20140801 87.50 87.26 89.49 87.21 26867
20140804 87.08 87.30 88.00 86.47 16858
20140805 87.52 87.22 88.44 86.60 15359
20140806 87.00 86.08 87.00 85.95 18881
20140807 86.07 85.83 86.64 85.74 12594
20140808 85.00 82.90 85.10 82.67 36246
20140811 83.19 83.95 84.50 82.60 20813
20140812 84.00 83.73 84.28 83.40 11293
20140813 83.73 83.65 85.30 83.55 19374
20140814 83.71 82.91 84.15 82.67 17023
20140815 82.93 84.25 84.79 82.91 17031
20140818 84.95 84.68 85.50 84.11 15009
20140819 84.77 85.66 85.67 84.20 22674
20140820 85.63 85.11 85.63 84.90 14915
20140821 85.04 84.25 85.04 83.60 15213
20140822 84.00 83.99 84.42 83.53 11249
20140825 83.99 82.92 84.15 82.90 12220
20140826 82.79 81.98 83.30 81.83 11454
20140827 81.95 82.17 82.44 81.90 4885
20140828 82.47 81.07 82.47 80.87 13139
20140829 81.13 81.80 81.85 80.96 6264
20140901 81.75 82.47 82.49 81.75 7626
20140902 82.52 83.02 83.03 82.08 15019
20140903 83.15 83.53 84.00 83.01 12604
20140904 83.40 85.31 85.35 83.39 25406
20140905 85.30 85.35 85.70 84.83 17301
20140909 85.39 84.55 85.65 84.33 12457
20140910 84.28 84.18 84.40 84.00 10042
20140911 84.30 83.92 84.80 83.89 13272
20140912 83.88 84.05 84.30 83.40 9514
20140915 84.05 84.71 84.72 83.51 12276
20140916 84.98 82.67 85.39 82.62 18615
20140917 82.70 82.93 83.38 82.56 10188
20140918 82.60 82.72 83.19 82.13 10819
20140919 82.57 83.14 83.33 82.33 7283
20140922 83.12 81.49 83.12 81.30 9849
20140923 82.00 82.22 82.48 81.46 7430
20140924 82.15 83.11 83.20 81.82 10605
20140925 83.20 82.91 83.90 82.74 11985
20140926 82.80 82.72 83.14 82.21 6675
20140929 83.47 82.99 83.50 82.50 10183
20140930 82.99 82.80 83.35 82.64 8923
20141008 83.02 88.73 88.80 83.02 58378
20141009 88.23 86.71 88.30 86.01 34975
20141010 86.24 86.82 87.14 85.70 20258
20141013 86.82 88.97 89.23 85.80 34353
20141014 89.00 88.95 90.81 88.00 42720
20141015 90.38 93.72 97.00 88.00 64509
20141016 93.72 92.71 97.50 92.60 62925
20141017 92.70 94.16 94.79 92.10 29949
20141020 94.40 95.33 98.20 94.39 37270
20141021 94.18 91.53 94.25 91.23 29981
20141022 91.60 88.98 92.18 88.88 21116
20141023 89.50 89.40 90.00 88.02 15298
20141024 88.50 87.57 88.50 86.51 24310
20141027 86.78 88.26 88.88 86.54 13041
20141028 88.00 89.44 89.57 87.70 18577
20141029 89.44 89.29 89.75 88.66 16802
20141030 89.29 87.92 90.00 87.63 19203
20141031 87.96 88.39 88.40 86.90 16156
20141103 88.40 88.22 88.98 88.11 14505
20141104 88.00 86.16 88.00 86.03 21044
20141105 86.05 84.41 86.90 83.13 30146
20141106 84.80 83.38 84.80 82.99 34369
20141107 83.80 84.80 85.40 83.80 27168
20141110 86.94 87.76 88.11 86.40 31686
20141111 88.30 86.91 89.44 86.61 33037
20141112 87.00 87.90 88.10 86.90 17605
20141113 88.01 86.26 88.01 85.90 18540
20141114 86.40 90.85 93.10 86.40 57309
20141117 92.58 89.54 92.98 88.68 31617
20141118 89.00 87.42 89.40 87.02 27647
20141119 87.30 87.02 87.30 86.10 15678
20141120 86.81 86.68 87.38 86.15 10477
20141121 87.07 87.09 87.11 86.21 11853
20141124 87.09 86.91 87.50 85.50 29155
20141125 86.51 87.32 87.48 86.15 21224
20141126 87.20 89.44 89.58 87.18 30633
20141127 90.05 88.85 90.56 88.45 26801
20141128 88.85 88.44 88.86 87.50 24960
20141201 88.32 89.97 90.10 87.00 32276
20141202 89.82 89.23 89.82 88.50 31151
20141203 89.57 90.40 91.50 89.33 44284
20141204 90.65 91.53 92.48 90.65 39846
20141205 91.50 89.04 92.70 87.30 39718
20141208 89.05 89.44 89.89 87.50 29808
20141209 89.44 89.16 91.17 88.80 46121
20141210 88.50 91.20 91.86 88.01 33561
20141211 91.14 91.18 91.98 90.21 25891
20141212 91.10 90.12 91.66 89.30 24756
20141215 89.91 90.03 90.75 89.30 26358
20141216 90.03 89.00 90.35 88.18 33956
20141217 88.99 87.30 88.99 86.89 27551
20141218 87.52 86.99 88.40 86.80 19528
20141219 87.11 86.15 87.78 85.50 17886
20141222 86.00 84.62 86.49 83.93 18316
20141223 84.60 85.76 86.40 84.60 14819
20141224 85.10 85.91 86.26 85.10 13581
20141225 86.38 85.90 86.46 85.50 10956
20141226 85.76 85.41 86.20 85.20 17759
20141229 85.40 84.93 85.99 84.68 21089
20141230 85.30 86.50 87.46 84.80 28634
20141231 86.29 87.68 88.19 85.43 31270
20150105 87.70 88.45 89.33 86.23 27298
20150106 88.34 91.97 93.93 87.62 63001
20150107 91.38 90.00 91.45 89.80 28103
20150108 89.57 89.84 91.65 89.57 21850
20150109 89.89 88.47 90.58 88.40 19635
20150112 88.00 88.77 89.09 87.20 14606
20150113 88.77 90.00 90.56 88.62 18065
20150114 89.94 88.79 89.94 88.70 13309
20150115 88.86 88.25 89.20 87.71 12324
20150116 88.01 88.75 88.98 87.73 15310
20150119 87.78 90.02 91.84 86.26 49013
20150120 89.60 91.87 92.36 89.60 31584
20150121 92.01 91.59 92.60 91.27 25127
20150122 91.90 95.28 95.80 91.90 46250
20150123 95.45 94.83 95.79 94.74 26713
20150126 94.78 98.81 99.50 94.78 38538
20150127 98.42 100.40 102.30 98.18 30550
20150128 100.00 99.53 102.09 98.81 16998
20150129 99.48 96.86 100.88 96.81 17132
20150130 97.98 97.87 101.00 96.31 19092
20150202 97.00 103.47 104.15 97.00 37773
20150203 103.50 103.92 107.49 102.25 27371
20150204 104.50 101.02 104.55 99.06 30643
20150205 100.69 99.03 102.32 99.00 14309
20150206 98.79 99.75 100.95 98.00 13005
20150209 99.77 102.97 104.89 99.01 15522
20150210 103.00 101.74 103.25 100.50 12038
20150211 101.60 102.65 103.55 100.91 10972
20150212 102.64 100.87 102.98 98.69 17909
20150213 100.48 100.43 102.55 99.92 13464
20150216 100.00 100.12 102.30 99.39 12548
20150217 100.95 101.43 102.06 100.30 14770
20150225 101.56 99.12 101.98 98.88 13081
20150226 99.54 99.87 99.99 98.78 10592
20150227 99.87 100.16 101.10 99.00 10097
20150302 100.90 99.01 100.90 98.27 19815
20150303 98.50 97.90 99.50 97.86 13866
20150304 98.59 101.92 101.98 98.00 20307
20150305 101.90 100.77 103.39 99.99 14985
20150306 100.78 99.68 101.00 98.80 11958
20150309 99.51 101.08 101.50 97.42 19472
20150310 100.28 100.77 101.25 99.90 10664
20150311 100.77 102.50 102.50 100.11 16006
20150312 103.00 112.75 112.75 103.00 50771
20150313 113.69 112.92 114.69 108.00 26270
20150316 112.79 119.30 123.88 112.79 34675
20150317 120.16 121.23 125.00 116.37 20996
20150318 120.00 120.42 120.96 117.89 14013
20150319 118.00 116.97 119.90 116.50 23245
20150320 117.00 115.69 117.78 115.00 22269
20150323 116.11 116.81 117.48 116.00 18710
20150324 116.80 121.01 122.98 115.01 30177
20150325 118.80 117.67 119.88 117.44 18311
20150326 117.27 115.90 117.27 114.80 20561
20150327 114.00 115.59 116.25 113.88 10053
20150330 116.59 115.96 116.60 114.50 16214
20150331 114.80 116.50 119.50 114.79 21437
20150401 116.49 119.50 122.00 116.20 27643
20150402 119.58 123.98 124.59 118.00 42709
20150403 123.00 125.38 126.49 121.53 25070
20150407 125.50 125.19 126.20 123.50 19712
20150408 125.03 122.91 125.03 122.19 21664
20150409 122.03 119.96 122.99 117.90 21527
20150410 119.80 127.88 128.00 119.01 29211
20150413 128.41 136.43 138.88 128.41 39294
20150414 135.80 143.44 144.39 135.00 33887
20150415 144.00 137.45 146.88 133.63 35984
20150416 139.50 151.19 151.20 137.00 50731
20150417 151.10 144.99 158.75 140.46 118613
20150420 140.84 134.59 141.00 134.00 56383
20150421 135.05 138.40 138.66 135.00 34299
20150422 140.00 141.95 142.73 137.50 35768
20150423 141.90 138.76 141.90 138.20 30070
20150424 137.05 136.51 138.20 135.30 28547
20150427 137.00 137.87 142.00 137.00 29821
20150428 139.00 138.26 141.00 137.00 26194
20150429 137.04 139.82 140.50 136.31 25846
20150430 140.10 140.16 141.94 139.99 23954
20150504 140.19 139.87 141.10 138.56 16687
20150505 138.88 136.49 140.28 136.33 20738
20150506 138.60 138.97 143.03 138.20 30232
20150507 139.00 140.31 140.88 138.10 20452
20150508 141.50 151.99 152.33 141.50 47256
20150511 153.52 154.17 156.70 150.00 45211
20150512 155.10 154.97 156.98 152.00 30342
20150513 155.00 159.40 167.30 151.70 40022
20150514 159.50 156.19 161.78 156.01 23622
20150515 156.00 151.62 156.00 149.90 26105
20150518 150.80 152.86 155.80 149.50 23224
20150519 153.95 155.96 157.44 153.56 22453
20150520 156.08 160.47 162.97 156.08 24879
20150521 161.68 163.91 167.89 161.00 24437
20150522 165.51 163.73 166.99 161.00 28699
20150525 163.80 178.06 178.15 163.80 44358
20150526 176.10 180.87 182.58 173.20 28981
20150527 180.80 189.03 192.30 175.00 34805
20150528 190.36 182.41 201.00 180.13 42739
20150529 181.00 200.65 200.65 178.09 62600
20150601 211.00 220.72 220.72 205.83 54199
20150602 231.00 228.06 234.55 215.31 71746
20150603 227.77 224.89 229.00 216.88 51421
20150604 89.60 98.56 98.56 88.30 123965
20150605 92.00 92.18 98.17 90.00 207369
20150608 91.04 83.60 91.40 83.00 187369
20150609 82.90 80.93 83.50 77.20 118248
20150610 79.85 82.87 84.57 78.00 100077
20150611 82.80 81.18 82.80 80.25 93869
20150612 81.16 79.87 81.18 79.31 106515
20150615 80.20 77.87 80.69 77.50 95339
20150616 77.47 73.18 77.47 72.10 100595
20150617 73.25 74.99 75.19 69.97 99355
20150618 74.80 69.93 74.80 69.89 72900
20150619 66.70 65.03 68.72 64.00 86145
20150623 65.03 71.26 71.46 63.28 108268
20150624 71.29 74.79 75.39 70.66 148131
20150626 70.00 67.31 72.66 67.31 87330
20150629 69.70 60.61 70.50 60.58 130527
20150630 60.69 66.67 66.67 57.51 144634
20150701 66.80 64.87 70.97 64.00 140524
20150702 66.00 63.03 67.25 61.08 105069
20150703 60.89 62.30 66.18 56.95 110069
20150706 68.53 64.10 68.53 60.00 122854
20150707 62.00 57.69 63.50 57.69 116137
20150715 63.46 63.46 63.46 63.46 17311
20150716 62.00 63.19 66.89 57.11 136988
20150717 63.19 66.72 67.64 61.60 116191
20150720 66.72 70.58 73.00 65.80 138637
20150721 69.30 71.16 72.82 68.48 110986
20150722 71.00 69.86 71.98 68.78 93679
20150723 69.39 70.23 70.87 69.39 94070
20150724 70.11 68.20 70.77 67.50 94448
20150727 67.10 61.38 68.98 61.38 100566
20150728 60.05 62.62 63.50 58.00 121044
20150729 62.99 64.54 64.99 61.10 61670
20150730 64.54 62.20 65.02 61.00 55040
