20150701 11.13 11.13 11.13 11.13 121
20150702 12.24 12.24 12.24 12.24 172
20150703 13.46 13.46 13.46 13.46 734
20150706 14.81 14.81 14.81 14.81 597
20150707 16.29 16.29 16.29 16.29 5721
20150708 16.50 17.27 17.87 14.66 212674
20150709 15.54 19.00 19.00 15.54 127971
20150710 20.90 20.90 20.90 20.90 8765
20150713 22.99 22.99 22.99 22.99 6625
20150714 25.29 25.29 25.29 25.29 1076
20150715 27.82 27.82 27.82 25.38 215577
20150716 25.04 25.43 30.00 25.04 175611
20150717 24.41 26.63 27.70 23.53 148984
20150720 25.66 24.62 26.38 24.32 116701
20150721 23.50 26.16 26.50 23.00 106787
20150722 25.76 25.15 25.96 24.56 78987
20150723 25.11 27.67 27.67 24.81 80944
20150724 29.50 30.44 30.44 28.80 207512
20150727 29.00 31.35 33.48 28.01 206347
20150728 28.22 34.49 34.49 28.22 178883
20150729 35.10 37.94 37.94 35.10 150382
20150730 41.70 41.73 41.73 38.30 85535
