20140102 15.38 15.69 15.75 15.28 102382
20140103 15.55 15.68 15.74 15.38 98765
20140106 15.63 14.98 15.63 14.97 82947
20140107 14.90 14.97 15.18 14.82 61808
20140108 15.01 14.95 15.24 14.92 67245
20140109 14.92 14.87 15.15 14.86 88526
20140110 14.85 14.30 14.85 14.24 91872
20140113 14.30 13.85 14.46 13.68 86565
20140114 13.93 14.17 14.18 13.68 66825
20140115 14.16 14.07 14.18 13.88 64770
20140116 14.14 14.27 14.39 14.06 89844
20140117 14.38 14.30 14.80 14.28 121507
20140120 14.30 13.99 14.30 13.90 64207
20140121 13.96 14.21 14.25 13.96 79254
20140122 14.19 14.60 14.61 14.17 135504
20140123 14.91 14.63 15.00 14.60 129413
20140124 14.49 14.74 14.85 14.48 96090
20140127 14.60 14.62 14.78 14.38 89924
20140128 14.73 14.82 14.89 14.57 89272
20140129 14.85 14.80 14.92 14.70 72131
20140130 14.77 14.52 14.77 14.50 68387
20140207 14.38 14.80 14.80 14.22 84660
20140210 14.88 15.43 15.45 14.88 188961
20140211 15.44 15.52 15.66 15.26 181458
20140212 15.54 15.55 15.71 15.40 125830
20140213 15.41 15.03 15.61 15.02 149446
20140214 15.03 15.31 15.37 15.03 92663
20140217 15.33 16.21 16.24 15.33 300235
20140218 16.22 16.07 16.30 15.80 185533
20140219 16.02 15.98 16.17 15.82 149660
20140220 16.00 15.67 16.16 15.51 127611
20140221 15.58 15.61 15.82 15.48 85583
20140224 15.49 15.25 15.50 15.00 103913
20140225 15.26 14.55 15.45 14.50 157107
20140226 14.40 14.61 14.64 14.26 96812
20140227 14.62 14.23 14.69 14.21 93277
20140228 14.50 14.47 14.67 14.18 92168
20140303 14.46 14.61 14.85 14.33 107415
20140304 14.50 14.65 14.78 14.36 95598
20140305 14.66 14.66 14.86 14.61 92420
20140306 14.73 15.01 15.03 14.63 126366
20140307 15.05 14.67 15.08 14.61 96543
20140310 14.48 13.86 14.48 13.68 173437
20140311 13.75 13.80 13.94 13.71 66256
20140312 13.84 13.70 13.93 13.51 71680
20140313 13.70 13.77 13.80 13.64 77746
20140314 13.69 13.57 13.74 13.50 72387
20140317 13.60 13.81 13.85 13.57 69497
20140318 13.91 13.72 13.96 13.70 89688
20140319 13.73 13.84 13.92 13.66 77396
20140320 13.84 13.44 13.84 13.41 84690
20140321 13.42 13.63 13.66 13.00 131448
20140324 13.59 13.53 13.63 13.41 80154
20140325 13.51 13.64 13.65 13.36 81939
20140326 13.64 13.60 13.75 13.57 52717
20140327 13.61 13.22 13.62 13.20 84072
20140328 13.20 13.19 13.42 13.15 69210
20140331 13.20 13.21 13.38 13.09 43312
20140401 13.20 13.44 13.46 13.10 62870
20140402 13.48 13.36 13.48 13.28 53563
20140403 13.36 13.30 13.45 13.28 58544
20140404 13.29 13.37 13.38 13.18 47299
20140408 13.31 13.65 13.65 13.26 91853
20140409 13.66 13.74 13.83 13.61 98234
20140410 13.80 13.75 13.82 13.67 87173
20140411 13.74 13.73 13.79 13.54 76003
20140414 13.75 13.98 14.05 13.65 106516
20140415 14.00 13.75 14.06 13.64 88707
20140416 13.74 13.71 13.88 13.67 53262
20140417 13.65 13.63 13.81 13.58 50666
20140418 13.60 13.73 13.78 13.52 65758
20140421 13.30 12.97 13.30 12.94 200180
20140422 12.91 12.88 13.12 12.75 91247
20140423 12.87 12.47 12.90 12.38 109041
20140424 12.46 12.25 12.47 12.21 93749
20140425 12.28 11.65 12.32 11.61 176326
20140428 11.55 11.19 11.55 11.03 99238
20140429 11.15 11.38 11.39 11.12 67983
20140430 11.39 11.33 11.44 11.20 49062
20140505 11.31 11.44 11.45 11.28 40139
20140506 11.46 11.77 11.83 11.46 104477
20140507 11.75 11.54 11.75 11.53 46966
20140508 11.51 11.68 11.85 11.40 65891
20140509 11.79 11.84 11.87 11.57 68017
20140512 11.88 12.06 12.09 11.88 86652
20140513 12.17 12.04 12.17 11.95 58992
20140514 12.04 12.07 12.23 11.88 64271
20140515 12.06 11.66 12.07 11.60 61696
20140516 11.60 11.68 11.75 11.51 34503
20140519 11.62 11.50 11.62 11.40 33061
20140520 11.54 11.51 11.63 11.46 39265
20140521 11.51 11.58 11.60 11.37 35264
20140522 11.48 11.58 11.69 11.41 57957
20140523 11.56 11.96 11.98 11.53 91621
20140526 11.96 11.93 12.07 11.85 56513
20140527 11.94 11.81 11.94 11.79 39052
20140528 11.81 12.20 12.28 11.72 152003
20140529 12.12 12.00 12.22 11.98 83222
20140530 12.01 12.04 12.12 11.91 52832
20140603 12.00 11.94 12.12 11.92 47052
20140604 11.92 11.74 11.99 11.65 53518
20140605 11.70 11.87 11.88 11.70 46415
20140606 11.92 11.75 11.93 11.66 47385
20140609 11.77 11.59 11.78 11.56 41249
20140610 11.57 11.76 11.84 11.44 62157
20140611 11.77 11.90 11.95 11.74 48923
20140612 11.88 11.92 11.98 11.79 60109
20140613 11.83 11.99 12.03 11.74 97572
20140616 12.00 12.04 12.15 11.96 83337
20140617 12.04 11.84 12.04 11.84 56874
20140618 11.87 11.69 11.88 11.67 47765
20140619 11.67 11.40 11.78 11.35 64864
20140620 11.41 11.47 11.53 11.39 32787
20140623 11.52 11.51 11.54 11.41 46292
20140624 11.48 11.49 11.51 11.41 46863
20140625 11.48 11.41 11.49 11.36 34858
20140626 11.40 11.54 11.58 11.40 44420
20140627 11.63 11.91 12.09 11.58 147446
20140707 12.10 12.77 12.99 12.08 312699
20140708 12.72 12.60 12.73 12.42 138351
20140709 12.58 12.65 13.08 12.56 207631
20140710 12.57 12.72 12.83 12.52 90472
20140711 12.60 12.67 12.90 12.60 87708
20140714 12.76 12.81 13.00 12.70 96309
20140715 12.81 13.09 13.17 12.81 206170
20140716 13.15 12.91 13.15 12.83 123863
20140717 12.90 12.87 13.13 12.78 92070
20140718 12.76 12.62 12.82 12.38 130300
20140721 12.52 12.49 12.63 12.38 69124
20140722 12.52 12.66 12.68 12.39 91153
20140723 12.60 12.48 12.71 12.42 65611
20140724 12.41 12.46 12.60 12.39 66253
20140725 12.43 12.59 12.64 12.41 62823
20140728 12.62 12.99 13.07 12.62 145439
20140729 13.05 13.14 13.46 13.05 165155
20140730 13.05 13.10 13.23 12.96 103555
20140731 13.05 13.23 13.26 13.01 86834
20140801 13.19 12.92 13.30 12.90 112589
20140804 12.91 13.11 13.12 12.91 69992
20140805 13.14 13.49 13.52 13.14 204703
20140806 13.51 13.39 13.55 13.28 121366
20140807 13.33 13.17 13.44 13.16 109880
20140808 13.18 13.23 13.30 13.10 70557
20140811 13.25 13.34 13.46 13.24 112221
20140812 13.35 13.76 13.84 13.22 260267
20140813 13.70 13.76 13.79 13.41 135851
20140814 13.76 13.69 13.97 13.60 167623
20140815 13.70 13.70 13.81 13.62 107585
20140818 13.83 13.87 14.05 13.76 142687
20140819 13.87 14.21 14.26 13.80 237270
20140820 14.21 14.07 14.24 14.06 127249
20140821 14.10 13.93 14.19 13.78 125744
20140822 13.91 14.02 14.08 13.85 86593
20140825 14.00 13.72 14.02 13.66 109795
20140826 13.70 13.27 13.71 13.00 128214
20140827 13.24 13.32 13.45 13.19 66642
20140828 13.34 13.16 13.40 13.08 55789
20140829 13.17 13.45 13.46 13.17 60019
20140901 13.45 13.70 13.75 13.43 72075
20140902 13.73 13.85 13.86 13.63 111143
20140903 13.93 13.88 14.03 13.84 135653
20140904 13.88 13.96 14.04 13.80 121716
20140905 13.98 13.87 14.06 13.77 105709
20140909 13.91 14.16 14.19 13.80 198254
20140910 14.17 14.16 14.20 13.98 181713
20140911 14.20 13.90 14.23 13.89 202955
20140912 13.89 13.93 14.01 13.85 95522
20140915 13.91 13.96 14.05 13.84 113991
20140916 13.97 13.39 14.03 13.32 160659
20140917 13.38 13.46 13.56 13.30 100115
20140918 13.43 13.57 13.65 13.36 73599
20140919 13.58 13.68 13.72 13.53 69774
20140922 13.68 13.40 13.74 13.39 79485
20140923 13.33 13.92 13.99 13.32 157579
20140924 13.86 14.16 14.18 13.79 192910
20140925 14.17 14.02 14.21 13.99 166934
20140926 14.00 15.42 15.42 13.95 428965
20140929 15.99 15.59 15.99 15.18 542581
20140930 15.42 15.80 16.49 15.42 349748
20141114 17.38 16.42 17.38 16.10 615604
20141117 17.49 16.72 17.49 16.45 303661
20141118 16.41 15.99 16.50 15.78 264838
20141119 15.90 16.40 16.66 15.85 268204
20141120 16.22 16.04 16.31 15.80 177911
20141121 15.93 16.30 16.36 15.85 149115
20141124 16.30 16.57 16.64 16.02 212827
20141125 16.46 16.80 16.93 16.43 183747
20141126 16.85 16.48 16.91 16.23 152126
20141127 16.49 16.15 16.53 16.04 167444
20141128 16.14 16.17 16.39 16.03 149932
20141201 16.19 15.93 16.26 15.78 127582
20141202 15.98 16.16 16.30 15.92 124069
20141203 16.18 16.33 16.41 15.91 167449
20141204 16.40 17.07 17.25 16.40 299747
20141205 16.80 16.37 17.11 16.01 247452
20141208 16.49 16.56 16.96 16.13 183062
20141209 16.60 15.44 16.60 15.30 244266
20141210 15.15 15.89 15.99 15.11 131650
20141211 15.85 15.76 15.99 15.60 107686
20141212 15.77 16.23 16.39 15.77 171056
20141215 16.23 16.45 16.58 16.12 145313
20141216 16.30 16.25 16.56 16.07 102273
20141217 16.25 16.45 16.90 16.21 203450
20141218 16.48 16.20 16.57 16.18 107750
20141219 16.19 15.81 16.22 15.68 117584
20141222 15.80 15.08 15.81 14.97 146379
20141223 15.25 14.64 15.35 14.48 147057
20141224 14.80 15.10 15.16 14.76 83525
20141225 15.26 15.49 15.65 15.02 89445
20141226 15.70 15.83 15.90 15.61 130186
20141229 15.84 15.32 16.05 15.16 129966
20141230 15.33 15.22 15.55 15.15 66498
20141231 15.20 15.42 15.53 15.20 61422
20150105 15.40 15.87 16.00 15.32 159424
20150106 15.77 16.10 16.20 15.58 157372
20150107 16.10 15.94 16.22 15.78 100347
20150108 15.94 16.52 16.84 15.85 276918
20150109 16.40 16.21 17.00 16.20 194441
20150112 16.10 16.42 16.46 15.86 120094
20150113 16.30 17.18 17.48 16.29 339802
20150114 17.30 17.03 17.66 16.80 232378
20150115 16.99 16.94 17.25 16.70 132988
20150116 16.90 17.27 17.28 16.60 205970
20150119 16.70 15.94 16.96 15.80 207805
20150120 16.21 17.24 17.29 16.04 255710
20150121 17.49 17.64 17.76 17.00 261976
20150122 17.57 18.40 19.00 17.41 344922
20150123 18.64 17.96 18.79 17.85 238848
20150126 18.35 18.33 18.90 18.20 234996
20150127 18.30 18.05 18.48 17.62 210946
20150128 18.00 17.99 18.20 17.77 145904
20150129 17.70 17.45 17.95 17.23 142111
20150130 17.60 17.43 18.13 17.40 182221
20150202 17.20 17.59 17.70 17.01 120318
20150203 17.66 18.04 18.07 17.38 220802
20150204 18.20 17.50 18.20 17.48 178397
20150205 17.71 17.17 17.95 17.16 179988
20150206 17.03 16.75 17.26 16.57 121188
20150209 16.74 16.83 17.09 16.65 109613
20150210 16.83 17.18 17.25 16.76 89646
20150211 17.18 17.64 17.85 17.17 120468
20150212 17.64 17.79 17.98 17.46 131194
20150213 17.83 17.77 17.98 17.66 142643
20150216 17.79 18.30 18.40 17.77 189316
20150217 18.35 18.00 18.40 17.82 135689
20150225 18.01 17.68 18.16 17.62 88794
20150226 17.68 17.85 17.86 17.58 96960
20150227 17.90 18.98 19.20 17.90 371732
20150302 18.98 19.29 19.36 18.80 277002
20150303 19.25 19.39 19.95 18.90 279526
20150304 19.28 19.50 19.95 19.28 171923
20150305 19.47 19.97 20.15 19.39 229051
20150306 19.88 18.98 20.05 18.83 222453
20150309 18.90 18.98 19.18 18.56 167974
20150310 18.98 19.28 19.68 18.95 229195
20150311 19.39 19.80 20.09 19.39 254685
20150312 19.96 19.39 20.17 19.30 149589
20150313 19.40 19.48 19.72 19.11 116295
20150316 19.65 20.67 20.78 19.65 295131
20150317 20.58 20.68 21.05 20.30 204732
20150318 20.80 20.81 20.90 20.40 213406
20150319 20.80 21.93 22.02 20.68 356594
20150320 22.13 22.34 23.12 21.66 360039
20150323 22.80 24.57 24.57 22.53 606284
20150324 25.00 25.07 25.41 23.65 482328
20150325 25.07 24.41 25.18 23.76 405160
20150326 24.10 22.98 24.10 22.51 367652
20150327 23.00 23.69 23.88 22.90 230116
20150407 26.06 26.06 26.06 26.06 30996
20150408 28.67 27.50 28.67 26.81 681929
20150409 27.70 27.95 28.28 25.51 469023
20150410 27.84 27.74 28.60 27.30 296331
20150413 28.05 27.93 28.25 27.20 313542
20150414 28.25 27.16 28.50 27.00 273194
20150415 27.19 25.10 27.46 25.00 288784
20150416 24.99 25.73 26.26 24.45 203367
20150417 26.22 25.35 26.24 24.85 296848
20150420 25.00 25.70 27.15 24.63 346198
20150421 25.65 27.55 27.92 25.60 362335
20150422 27.90 28.34 29.80 27.90 371993
20150423 29.00 28.50 29.00 27.69 278953
20150424 28.13 29.55 29.88 27.86 344836
20150427 30.00 29.10 30.80 28.61 300277
20150428 29.10 27.65 29.27 27.26 244124
20150429 27.70 30.05 30.30 27.70 298530
20150430 30.00 29.40 30.00 29.13 211694
20150504 29.14 28.58 29.20 28.17 181700
20150505 28.40 26.80 28.40 26.48 223926
20150506 27.30 26.91 27.92 26.76 176747
20150507 26.25 27.39 27.50 26.21 123673
20150508 27.51 28.82 29.04 27.51 219010
20150511 29.43 30.70 30.93 28.85 437642
20150512 30.70 30.52 31.15 29.70 347599
20150513 30.54 32.63 33.17 30.18 469736
20150514 33.90 32.15 35.00 31.80 539456
20150515 31.90 31.13 32.02 30.10 292041
20150518 30.70 33.10 33.69 30.60 346070
20150519 33.12 33.80 33.99 32.40 266845
20150520 33.88 34.09 35.58 33.45 305614
20150521 34.46 34.85 35.54 34.30 296519
20150522 34.90 34.12 35.40 32.61 292843
20150525 34.45 34.75 35.20 32.90 274684
20150526 35.20 37.74 38.20 34.32 387688
20150527 37.80 37.88 38.50 36.01 311243
20150528 37.07 33.87 37.85 33.87 297791
20150529 33.60 34.51 35.78 31.80 282780
20150601 34.16 35.90 36.41 34.15 255326
20150602 36.20 37.49 38.16 35.92 298649
20150603 38.00 39.58 39.60 36.59 350147
20150604 38.95 40.68 40.78 36.52 341130
20150605 40.70 39.96 42.24 39.76 338950
20150608 39.30 37.45 39.38 36.39 316745
20150609 37.55 36.56 38.43 35.60 267957
20150610 36.60 37.47 37.60 35.68 242065
20150611 37.10 36.99 37.66 36.01 215903
20150612 37.00 38.57 38.60 36.50 286531
20150615 38.61 36.50 39.00 36.29 263103
20150616 35.30 33.97 35.50 33.38 246667
20150617 33.85 34.70 35.17 31.70 240855
20150618 34.55 33.97 36.00 33.50 253872
20150619 32.90 31.37 33.96 31.00 176595
20150623 31.55 31.98 32.32 28.69 187915
20150624 32.50 32.61 33.13 31.31 213158
20150625 32.61 30.17 32.71 29.70 160849
20150626 28.75 27.15 29.00 27.15 218148
20150629 27.25 24.44 27.79 24.44 297284
20150630 22.50 26.46 26.66 22.00 352725
20150701 26.36 23.81 27.71 23.81 301657
20150702 24.22 21.43 24.22 21.43 291703
20150703 20.40 19.45 22.29 19.29 294724
20150706 21.40 21.40 21.40 19.29 653647
20150707 20.70 19.26 22.28 19.26 727126
20150713 21.19 21.19 21.19 21.19 13898
20150714 23.31 23.31 23.31 23.31 12635
20150715 25.64 23.39 25.64 23.00 1020805
20150716 23.39 24.76 25.35 21.39 479423
20150717 24.99 26.96 27.24 24.77 497255
20150720 26.98 27.81 28.78 26.52 539282
20150721 27.24 27.42 28.30 26.96 301172
20150722 27.56 28.30 28.88 27.30 305160
20150723 28.48 29.38 29.65 28.05 328217
20150724 29.38 28.07 29.55 27.68 312592
20150727 27.00 25.26 28.07 25.26 284536
20150728 24.70 23.52 25.50 22.73 351197
20150729 23.87 25.35 25.49 23.27 322388
20150730 25.28 24.41 26.13 24.01 253373
