20140102 5.78 5.58 5.78 5.54 80728
20140103 5.53 5.56 5.56 5.50 26479
20140106 5.58 5.34 5.59 5.33 32359
20140107 5.29 5.24 5.35 5.19 30261
20140108 5.24 5.14 5.30 5.12 30698
20140109 5.13 5.05 5.18 5.04 31809
20140110 5.04 5.00 5.04 4.93 36288
20140113 4.99 5.02 5.06 4.96 17707
20140114 5.01 5.04 5.08 4.90 30560
20140115 5.04 4.96 5.04 4.92 27088
20140116 4.97 5.01 5.10 4.92 31903
20140117 5.01 4.90 5.01 4.88 29470
20140120 4.89 4.86 4.90 4.82 21010
20140121 4.87 4.92 4.96 4.86 18628
20140122 4.92 5.04 5.06 4.91 33673
20140123 5.05 5.01 5.07 5.00 18690
20140124 5.01 5.05 5.11 4.98 25327
20140127 5.00 5.02 5.08 4.99 29636
20140128 5.03 4.98 5.04 4.96 17574
20140129 4.81 4.85 4.95 4.81 34825
20140130 4.85 4.79 4.86 4.77 17559
20140207 4.80 4.76 4.80 4.70 18859
20140210 4.78 4.86 4.87 4.78 32516
20140211 4.83 5.02 5.08 4.82 73775
20140212 5.01 4.96 5.01 4.90 53024
20140213 4.94 4.96 5.05 4.92 46772
20140214 4.96 4.96 5.01 4.91 38250
20140217 4.98 5.03 5.05 4.94 57928
20140218 5.02 4.96 5.02 4.94 47207
20140219 4.94 4.98 4.99 4.91 40748
20140220 4.96 4.98 5.07 4.95 81860
20140221 4.98 4.88 4.98 4.87 47630
20140224 4.84 4.69 4.84 4.68 45482
20140225 4.68 4.54 4.71 4.52 48890
20140226 4.51 4.57 4.58 4.49 36647
20140227 4.59 4.44 4.59 4.42 40855
20140228 4.44 4.44 4.48 4.37 37856
20140303 4.44 4.47 4.49 4.39 31941
20140304 4.46 4.46 4.47 4.35 44159
20140305 4.46 4.49 4.62 4.42 51912
20140306 4.49 4.42 4.49 4.39 40190
20140307 4.41 4.40 4.46 4.39 22728
20140310 4.38 4.18 4.38 4.12 52220
20140311 4.18 4.23 4.36 4.13 42428
20140312 4.20 4.26 4.33 4.17 38793
20140313 4.25 4.33 4.40 4.21 54142
20140314 4.30 4.26 4.32 4.25 30147
20140317 4.26 4.32 4.38 4.19 44516
20140318 4.32 4.28 4.34 4.25 28638
20140319 4.26 4.30 4.31 4.20 28907
20140320 4.28 4.28 4.37 4.26 44467
20140321 4.23 4.47 4.50 4.23 104105
20140324 4.45 4.47 4.54 4.37 76455
20140325 4.43 4.47 4.52 4.41 54767
20140326 4.46 4.44 4.48 4.42 26633
20140327 4.43 4.39 4.47 4.38 29780
20140328 4.39 4.33 4.43 4.31 33911
20140331 4.31 4.29 4.36 4.25 22158
20140401 4.29 4.33 4.35 4.29 18281
20140402 4.32 4.42 4.49 4.32 57280
20140403 4.42 4.37 4.42 4.34 25385
20140404 4.33 4.38 4.42 4.33 17108
20140408 4.36 4.44 4.48 4.35 54068
20140409 4.47 4.43 4.48 4.42 31726
20140410 4.44 4.66 4.87 4.43 173320
20140411 4.60 4.57 4.73 4.52 121706
20140414 4.56 4.55 4.61 4.50 53449
20140415 4.55 4.46 4.55 4.42 42349
20140416 4.44 4.46 4.50 4.44 21534
20140417 4.49 4.42 4.50 4.40 35685
20140418 4.38 4.41 4.44 4.33 34205
20140421 4.37 4.31 4.41 4.28 31843
20140422 4.30 4.30 4.33 4.26 23195
20140423 4.31 4.28 4.34 4.27 20695
20140424 4.27 4.29 4.34 4.27 25489
20140425 4.31 4.19 4.31 4.17 32846
20140428 4.20 4.09 4.23 4.08 37245
20140429 4.26 4.50 4.50 4.25 64887
20140430 4.95 4.79 4.95 4.77 462805
20140505 4.72 5.04 5.06 4.58 310274
20140507 4.90 4.83 5.00 4.80 270713
20140508 4.84 5.31 5.31 4.72 410047
20140509 5.29 5.64 5.80 5.15 634693
20140512 5.56 6.20 6.20 5.43 433551
20140513 6.55 6.29 6.79 6.04 764297
20140514 6.08 6.21 6.41 6.08 388454
20140515 6.08 5.74 6.21 5.69 413548
20140516 5.77 5.91 5.95 5.73 338141
20140519 5.83 5.89 5.95 5.62 242477
20140520 5.94 5.64 5.97 5.59 266963
20140521 5.67 6.20 6.20 5.59 700082
20140522 6.11 6.12 6.26 6.05 443946
20140523 6.07 5.94 6.16 5.70 357593
20140526 5.85 5.92 5.97 5.80 200886
20140527 5.88 5.82 5.91 5.76 156075
20140528 5.88 6.02 6.25 5.82 405509
20140529 5.98 5.92 6.00 5.83 229902
20140530 5.80 5.98 6.15 5.74 344133
20140603 5.92 6.17 6.42 5.90 469222
20140604 6.17 6.39 6.50 6.11 451535
20140605 6.30 6.33 6.36 6.09 271680
20140606 6.28 6.17 6.29 6.10 204973
20140609 6.11 5.92 6.17 5.89 232547
20140610 5.89 6.02 6.07 5.78 246804
20140611 5.95 6.00 6.05 5.85 223746
20140612 5.96 5.92 6.15 5.87 261914
20140613 5.88 5.95 6.08 5.86 278905
20140616 5.92 5.97 6.02 5.90 174109
20140617 5.98 6.00 6.09 5.93 198660
20140618 6.00 5.88 6.00 5.74 288014
20140619 5.83 5.47 5.86 5.40 222191
20140620 5.46 5.44 5.52 5.36 119986
20140623 5.48 5.54 5.63 5.32 227339
20140624 5.48 5.52 5.62 5.42 143352
20140625 5.52 5.56 5.71 5.42 209327
20140626 5.51 5.54 5.59 5.46 145534
20140627 5.53 5.50 5.57 5.45 152814
20140630 5.48 5.47 5.52 5.42 152984
20140701 5.47 5.56 5.65 5.43 211124
20140702 5.54 5.79 5.87 5.49 333159
20140703 5.70 5.74 5.82 5.67 189470
20140704 5.70 5.54 5.72 5.48 376559
20140707 5.52 5.46 5.55 5.34 279986
20140708 5.46 5.42 5.48 5.36 184169
20140709 5.41 5.23 5.43 5.21 199246
20140710 5.22 5.22 5.34 5.20 157944
20140711 5.22 5.24 5.29 5.20 147502
20140714 5.25 5.36 5.36 5.23 168201
20140715 5.37 5.39 5.45 5.30 228376
20140716 5.34 5.33 5.40 5.31 134342
20140717 5.36 5.29 5.40 5.26 129951
20140718 5.30 5.34 5.44 5.28 151263
20140721 5.32 5.28 5.41 5.26 150943
20140722 5.24 5.39 5.42 5.24 259054
20140723 5.37 5.50 5.60 5.36 386964
20140724 5.49 5.75 5.86 5.46 593418
20140725 5.70 5.82 5.92 5.62 504858
20140728 5.82 6.16 6.35 5.77 667869
20140729 6.16 6.10 6.18 6.01 389287
20140730 6.05 6.10 6.31 6.02 418592
20140731 6.06 6.17 6.19 6.03 285899
20140801 6.11 6.29 6.60 6.06 654868
20140804 6.23 6.51 6.60 6.21 553841
20140805 6.56 6.45 6.78 6.36 610020
20140806 6.36 6.36 6.46 6.24 340488
20140807 6.38 6.24 6.44 6.23 244209
20140808 6.22 6.20 6.30 6.16 186796
20140811 6.21 6.29 6.31 6.21 207240
20140812 6.31 6.25 6.32 6.18 156039
20140813 6.26 6.50 6.57 6.17 463589
20140814 6.49 6.23 6.50 6.22 305098
20140815 6.24 6.30 6.38 6.19 172953
20140818 6.30 6.32 6.37 6.25 165748
20140819 6.32 6.41 6.52 6.26 335367
20140820 6.38 6.33 6.41 6.30 165045
20140821 6.34 6.27 6.38 6.22 156492
20140822 6.28 6.22 6.30 6.17 180806
20140825 6.22 6.10 6.22 6.06 163398
20140826 6.08 6.06 6.19 6.03 129303
20140827 6.06 6.12 6.13 6.04 108088
20140828 6.12 6.04 6.21 6.03 144814
20140829 6.05 6.01 6.06 5.88 120953
20140901 6.00 6.05 6.07 5.95 94062
20140902 6.01 6.20 6.20 6.01 197653
20140903 6.20 6.34 6.45 6.18 343330
20140904 6.35 6.35 6.37 6.26 166618
20140905 6.36 6.42 6.48 6.33 293572
20140909 6.40 6.47 6.52 6.32 284289
20140910 6.44 6.34 6.44 6.30 200557
20140911 6.35 6.27 6.44 6.26 211774
20140912 6.27 6.35 6.38 6.24 155821
20140915 6.39 6.66 6.80 6.38 472565
20140916 6.72 6.40 6.72 6.38 366980
20140917 6.40 6.40 6.44 6.28 140053
20140918 6.40 6.53 6.66 6.32 283498
20140919 6.48 6.86 6.93 6.47 501269
20140922 6.85 6.71 6.85 6.63 325683
20140923 6.67 6.76 6.80 6.66 197917
20140924 6.73 6.99 7.05 6.65 411559
20140925 7.05 6.90 7.10 6.85 341021
20140926 6.88 6.92 7.05 6.84 239640
20140929 6.96 7.11 7.17 6.93 323360
20140930 7.24 7.36 7.75 7.23 537879
20141008 7.36 7.39 7.46 7.21 284549
20141009 7.37 7.50 7.58 7.20 337679
20141010 7.63 7.75 8.12 7.63 560230
20141013 7.69 8.53 8.53 7.61 815638
20141014 8.53 8.97 9.13 8.30 867502
20141015 8.95 8.71 8.95 8.61 506418
20141016 8.60 8.19 8.80 8.15 550675
20141017 8.18 8.08 8.30 7.95 415140
20141020 8.13 8.27 8.35 8.08 333747
20141021 8.28 7.83 8.29 7.81 364790
20141022 7.88 7.77 8.03 7.70 290014
20141023 7.75 7.84 7.91 7.63 250929
20141024 7.83 7.71 7.88 7.66 173711
20141027 7.63 7.51 7.63 7.43 189959
20141028 7.55 7.91 7.96 7.51 304825
20141029 7.89 8.10 8.20 7.83 408561
20141030 8.03 8.16 8.30 7.91 405888
20141031 8.14 8.28 8.51 7.94 470773
20141103 8.30 8.17 8.32 8.11 315630
20141104 8.11 8.14 8.36 7.95 393982
20141105 8.11 7.83 8.11 7.81 277185
20141106 7.81 7.77 7.88 7.67 206953
20141107 7.78 7.73 7.97 7.65 220734
20141110 7.72 7.87 7.90 7.62 191280
20141111 7.90 8.01 8.28 7.80 468630
20141112 8.02 8.20 8.25 7.90 339064
20141113 8.24 8.17 8.31 8.03 333964
20141114 8.11 8.14 8.25 8.04 249596
20141117 8.18 7.84 8.19 7.82 259399
20141118 7.82 7.65 7.82 7.55 259156
20141119 7.62 7.69 7.71 7.53 136258
20141120 7.69 7.73 7.79 7.65 122913
20141121 7.73 7.70 7.73 7.56 172210
20141124 7.75 7.95 8.07 7.70 390380
20141125 7.96 8.24 8.25 7.91 502750
20141126 8.25 8.30 8.37 8.11 489972
20141127 8.32 8.54 8.79 8.32 633876
20141128 8.77 8.59 8.88 8.23 645222
20141201 8.48 8.88 9.24 8.35 768991
20141202 8.90 8.92 9.10 8.62 580564
20141203 8.93 9.10 9.42 8.83 788241
20141204 9.07 9.99 10.00 9.03 999788
20141205 10.10 9.32 10.10 9.00 921608
20141208 9.00 9.34 9.55 8.89 664646
20141209 9.19 8.57 9.64 8.43 799491
20141210 8.47 8.74 8.87 8.21 416975
20141211 8.61 8.79 8.85 8.52 324600
20141212 8.80 8.77 9.00 8.66 318720
20141215 8.75 8.69 8.75 8.49 243602
20141216 8.73 9.26 9.30 8.72 617006
20141217 9.20 9.03 9.28 8.82 423111
20141218 9.00 8.98 9.33 8.92 335445
20141219 8.90 9.18 9.27 8.75 495254
20141222 9.19 9.52 9.85 9.15 815601
20141223 9.45 8.86 9.45 8.70 375209
20141224 8.80 8.57 8.95 8.41 264732
20141225 8.74 8.78 8.80 8.57 193799
20141226 8.79 8.90 8.94 8.70 274067
20141229 8.85 8.77 9.10 8.69 292482
20141230 8.77 8.53 8.79 8.48 227338
20141231 8.53 8.67 8.71 8.40 184598
20150105 8.67 9.54 9.54 8.67 748374
20150106 9.90 9.43 10.16 9.36 1063817
20150107 9.23 9.36 9.58 9.11 462831
20150108 9.32 9.16 9.58 9.04 353314
20150109 9.10 9.03 9.28 9.02 255837
20150112 8.94 8.68 8.94 8.62 235937
20150113 8.67 8.72 8.77 8.61 120554
20150114 8.73 8.56 8.85 8.50 164809
20150115 8.57 8.81 8.83 8.43 170412
20150116 8.78 8.79 8.96 8.70 180186
20150119 8.44 7.91 8.44 7.91 316377
20150120 7.80 8.03 8.08 7.80 193552
20150121 8.09 8.32 8.34 8.01 237612
20150122 8.27 8.39 8.55 8.21 246919
20150123 8.49 8.35 8.55 8.31 172339
20150126 8.33 8.42 8.44 8.20 183358
20150127 8.44 8.28 8.47 8.17 216380
20150128 8.28 8.15 8.29 8.14 126100
20150129 8.09 8.17 8.29 8.03 120005
20150130 8.19 8.08 8.28 8.07 96295
20150202 8.01 7.91 8.04 7.90 90405
20150203 7.99 8.09 8.09 7.96 97990
20150204 8.16 8.06 8.19 8.02 126863
20150205 8.16 7.85 8.21 7.83 130434
20150206 7.80 7.52 7.89 7.46 152320
20150209 7.50 7.50 7.60 7.25 114927
20150210 7.50 7.59 7.60 7.49 78534
20150211 7.61 7.57 7.68 7.55 70892
20150212 7.58 7.55 7.60 7.42 76804
20150213 7.65 7.76 7.86 7.63 134307
20150216 7.80 7.81 7.84 7.75 83956
20150217 7.86 7.80 7.86 7.77 82593
20150225 7.81 7.77 7.83 7.73 73535
20150226 7.75 8.02 8.03 7.75 128878
20150227 8.02 8.01 8.07 7.96 110860
20150302 8.06 8.21 8.25 7.97 196755
20150303 8.17 8.05 8.23 8.03 149499
20150304 8.03 8.02 8.09 7.91 144168
20150305 8.02 7.82 8.03 7.77 138670
20150306 7.82 7.92 8.05 7.78 125462
20150309 7.90 7.94 7.95 7.70 121593
20150310 7.95 7.97 8.05 7.90 112034
20150311 7.97 8.03 8.08 7.91 118251
20150312 8.04 8.16 8.18 7.99 203252
20150313 8.20 8.44 8.82 8.17 498060
20150316 8.43 8.54 8.55 8.30 316424
20150317 8.55 8.60 8.65 8.47 335516
20150318 8.62 8.76 8.79 8.60 353864
20150319 8.77 8.84 8.95 8.64 407969
20150320 8.80 8.70 8.80 8.65 318793
20150323 8.70 8.88 8.96 8.70 440512
20150324 8.91 8.78 8.94 8.46 375398
20150325 8.70 8.64 8.75 8.59 253044
20150326 8.60 8.74 8.83 8.51 417259
20150327 8.79 8.95 9.01 8.79 514836
20150330 8.96 9.18 9.19 8.92 536275
20150331 9.24 8.93 9.30 8.91 455265
20150401 8.91 9.05 9.08 8.87 312558
20150402 9.08 9.16 9.22 9.00 372431
20150403 9.09 9.14 9.22 8.98 448067
20150407 9.18 9.44 9.49 9.16 627317
20150408 9.44 9.28 9.45 9.06 449132
20150409 9.20 9.66 9.79 9.00 898209
20150410 9.52 9.72 9.79 9.41 683971
20150413 9.71 9.77 9.89 9.59 572876
20150414 9.84 9.78 10.14 9.71 669657
20150415 9.76 9.24 9.77 9.23 457964
20150416 9.20 9.38 9.45 9.05 361298
20150417 9.43 9.62 9.74 9.39 529756
20150420 9.51 9.37 9.97 9.16 753429
20150421 9.23 9.67 9.69 9.22 493326
20150422 9.69 10.04 10.23 9.65 886148
20150423 10.06 10.77 11.04 9.91 1342277
20150424 10.56 10.45 10.87 10.32 846303
20150427 10.46 10.63 10.72 10.40 667624
20150428 10.64 10.10 10.76 9.94 641150
20150429 10.07 10.44 10.52 9.88 480610
20150430 10.29 10.01 10.40 10.00 516262
20150504 9.98 9.86 9.99 9.70 380578
20150505 9.86 9.30 10.11 9.25 428635
20150506 9.30 8.98 9.42 8.86 342089
20150507 8.94 8.90 9.08 8.81 276272
20150508 8.99 9.13 9.14 8.87 257221
20150511 9.15 9.34 9.35 9.07 383219
20150512 9.34 9.24 9.34 9.14 394559
20150513 9.24 9.16 9.28 9.07 358098
20150514 9.14 9.15 9.17 9.00 284834
20150515 9.13 8.83 9.14 8.81 315570
20150518 8.77 8.88 8.96 8.61 303720
20150519 8.86 9.08 9.09 8.84 267884
20150520 9.08 9.02 9.17 8.95 404557
20150521 8.98 9.18 9.19 8.83 461064
20150522 9.20 9.39 9.40 9.17 613324
20150525 9.38 9.63 9.65 9.28 670053
20150526 9.68 10.01 10.10 9.51 837009
20150527 9.90 11.01 11.01 9.81 1234396
20150528 11.20 10.11 11.48 10.02 1619239
20150529 10.20 10.51 10.89 9.59 1475877
20150601 10.55 11.56 11.56 10.49 1018256
20150602 11.95 12.18 12.69 11.62 2144034
20150603 11.96 11.80 12.31 11.48 1166539
20150604 11.69 12.16 12.30 10.89 1180535
20150605 12.20 12.03 12.68 11.80 1321620
20150608 11.79 11.88 12.10 11.58 736917
20150609 11.88 12.17 12.59 11.51 992098
20150610 11.88 11.87 12.17 11.67 580669
20150611 11.71 11.60 11.86 11.30 622833
20150612 11.60 11.71 11.99 11.48 560362
20150615 11.89 11.60 11.89 11.45 500513
20150616 11.45 11.14 11.66 11.05 483374
20150617 11.12 11.32 11.40 10.80 427258
20150618 11.30 10.93 11.46 10.89 415011
20150619 10.60 9.89 10.86 9.85 392847
20150623 9.91 10.10 10.10 9.18 410023
20150624 10.11 10.60 10.66 10.07 488572
20150625 10.58 9.99 10.62 9.91 429479
20150626 9.60 8.99 9.86 8.99 407277
20150629 9.30 8.74 9.32 8.09 490696
20150630 8.75 9.24 9.26 7.91 412638
20150701 9.00 8.45 9.28 8.41 362645
20150702 8.45 7.62 8.55 7.61 394879
20150703 7.36 6.86 7.54 6.86 421989
20150706 7.50 6.61 7.50 6.17 596873
20150707 6.35 5.95 6.35 5.95 425071
20150708 5.36 5.77 6.00 5.36 1000182
20150709 5.77 6.35 6.35 5.77 295539
20150710 6.57 6.99 6.99 6.40 384100
20150713 7.20 7.69 7.69 7.00 612684
20150714 7.50 7.18 7.79 7.09 525686
20150715 6.96 6.46 7.05 6.46 285880
20150716 6.46 6.60 6.90 6.26 270461
20150717 6.65 6.98 7.06 6.61 261274
20150720 6.90 7.29 7.37 6.90 392293
20150721 7.10 7.19 7.35 7.00 333214
20150722 7.12 7.21 7.25 6.93 279867
20150723 7.20 7.39 7.47 7.12 407725
20150724 7.39 8.12 8.13 7.32 1226864
20150727 7.83 7.31 8.14 7.31 724752
20150728 6.79 6.63 7.08 6.58 658848
20150729 6.83 6.98 6.99 6.36 363642
20150730 6.85 6.71 7.14 6.64 382101
