20140102 2.74 2.76 2.77 2.72 36373
20140103 2.75 2.71 2.75 2.70 34160
20140106 2.71 2.62 2.71 2.61 45100
20140107 2.61 2.62 2.64 2.60 24967
20140108 2.62 2.63 2.65 2.61 26603
20140109 2.62 2.58 2.64 2.55 31068
20140110 2.58 2.53 2.58 2.53 22453
20140113 2.53 2.53 2.57 2.51 23035
20140114 2.54 2.59 2.60 2.53 23849
20140115 2.59 2.59 2.59 2.54 20430
20140116 2.58 2.57 2.59 2.56 18679
20140117 2.57 2.54 2.58 2.54 25760
20140120 2.54 2.54 2.54 2.52 13356
20140121 2.54 2.57 2.57 2.54 22905
20140122 2.57 2.61 2.62 2.57 32611
20140123 2.61 2.61 2.64 2.59 23569
20140124 2.61 2.64 2.64 2.59 26866
20140127 2.63 2.62 2.63 2.60 21845
20140128 2.62 2.61 2.63 2.60 14361
20140129 2.61 2.61 2.63 2.60 23957
20140130 2.61 2.55 2.61 2.54 34225
20140207 2.54 2.57 2.58 2.52 23334
20140210 2.57 2.65 2.65 2.57 55981
20140211 2.64 2.65 2.67 2.63 65484
20140212 2.65 2.68 2.69 2.63 68463
20140213 2.68 2.66 2.68 2.65 52990
20140214 2.65 2.70 2.71 2.65 77166
20140217 2.71 2.72 2.72 2.69 54692
20140218 2.72 2.68 2.73 2.68 52637
20140219 2.68 2.71 2.73 2.67 54759
20140220 2.70 2.80 2.88 2.69 169304
20140221 2.77 2.72 2.82 2.70 84597
20140224 2.70 2.69 2.70 2.66 53043
20140225 2.68 2.61 2.70 2.59 58012
20140226 2.60 2.66 2.66 2.58 36507
20140227 2.66 2.62 2.68 2.59 59974
20140228 2.62 2.62 2.63 2.58 39452
20140303 2.61 2.77 2.83 2.60 96149
20140304 2.76 2.72 2.76 2.69 78017
20140305 2.72 2.70 2.74 2.69 37693
20140306 2.69 2.73 2.75 2.68 50118
20140307 2.72 2.72 2.76 2.69 42948
20140310 2.70 2.62 2.71 2.60 46490
20140311 2.60 2.66 2.67 2.60 31851
20140312 2.65 2.70 2.73 2.63 37547
20140313 2.69 2.74 2.76 2.69 69534
20140314 2.71 2.73 2.76 2.70 38840
20140317 2.74 2.90 2.94 2.73 276515
20140318 2.89 2.85 2.89 2.80 182773
20140319 2.86 2.94 2.96 2.82 264362
20140320 2.91 2.87 2.93 2.84 135103
20140321 2.88 2.95 2.97 2.86 210569
20140324 2.95 2.95 2.98 2.89 138649
20140325 2.94 2.91 2.95 2.88 117093
20140326 2.90 2.85 2.92 2.81 111769
20140327 2.85 2.85 2.88 2.82 59161
20140328 2.83 2.77 2.84 2.76 102052
20140331 2.78 2.75 2.80 2.73 42310
20140401 2.76 2.77 2.80 2.74 40780
20140402 2.77 2.80 2.81 2.77 73387
20140403 2.79 2.78 2.82 2.77 52301
20140404 2.79 2.81 2.82 2.77 32738
20140408 2.82 2.85 2.93 2.81 87316
20140409 2.85 2.87 2.91 2.85 68601
20140410 2.86 2.87 2.88 2.83 53588
20140411 2.86 2.84 2.87 2.83 41303
20140414 2.84 2.84 2.86 2.82 34256
20140415 2.84 2.78 2.84 2.76 46636
20140416 2.78 2.77 2.79 2.75 37468
20140417 2.77 2.77 2.80 2.76 33180
20140418 2.75 2.79 2.79 2.75 25163
20140421 2.75 2.75 2.78 2.74 34441
20140422 2.75 2.73 2.76 2.70 40955
20140423 2.74 2.77 2.79 2.72 42288
20140424 2.76 2.76 2.77 2.73 21341
20140425 2.75 2.72 2.76 2.69 50657
20140428 2.70 2.64 2.72 2.63 46463
20140429 2.64 2.68 2.69 2.58 29887
20140430 2.68 2.66 2.68 2.64 18665
20140505 2.67 2.69 2.69 2.64 14348
20140506 2.68 2.69 2.70 2.65 15068
20140507 2.68 2.61 2.68 2.61 18356
20140508 2.61 2.64 2.65 2.60 21377
20140509 2.64 2.64 2.66 2.61 24374
20140512 2.64 2.70 2.71 2.64 31517
20140513 2.70 2.69 2.72 2.66 26289
20140514 2.69 2.72 2.73 2.68 29766
20140515 2.73 2.67 2.73 2.67 22453
20140516 2.66 2.67 2.69 2.64 12578
20140519 2.67 2.65 2.67 2.63 16695
20140520 2.65 2.65 2.68 2.64 12652
20140521 2.65 2.67 2.68 2.59 23476
20140522 2.68 2.66 2.69 2.65 16685
20140523 2.66 2.67 2.67 2.65 10631
20140526 2.67 2.68 2.69 2.66 20246
20140527 2.68 2.67 2.69 2.66 18086
20140528 2.68 2.68 2.69 2.66 23433
20140529 2.68 2.67 2.72 2.66 46418
20140530 2.66 2.67 2.69 2.66 18941
20140603 2.67 2.68 2.69 2.65 19267
20140604 2.68 2.71 2.73 2.68 85228
20140605 2.71 2.84 2.85 2.71 224724
20141222 3.12 3.12 3.12 3.12 8642
20141223 3.43 3.43 3.43 3.43 4587
20141224 3.77 3.77 3.77 3.77 6771
20141225 4.15 4.15 4.15 4.15 25580
20141226 4.57 4.57 4.57 4.57 26374
20141229 5.03 5.03 5.03 4.71 979346
20141230 5.31 5.53 5.53 5.20 682625
20141231 5.84 6.08 6.08 5.84 264005
20150105 6.67 6.69 6.69 6.60 292808
20150106 7.35 6.29 7.36 6.10 1850292
20150107 6.00 5.86 6.05 5.81 1008728
20150108 5.75 5.69 5.79 5.57 851854
20150109 5.68 5.62 5.87 5.60 588089
20150112 5.62 5.26 5.62 5.18 576078
20150113 5.30 5.34 5.38 5.22 309920
20150114 5.34 5.18 5.34 5.11 350541
20150115 5.17 5.25 5.26 5.15 291198
20150116 5.26 5.78 5.78 5.23 754120
20150119 5.80 6.00 6.30 5.45 1529014
20150120 5.88 6.06 6.24 5.71 877211
20150121 6.06 6.03 6.08 5.85 696866
20150122 5.98 6.08 6.18 5.87 646281
20150123 6.06 5.91 6.08 5.90 402456
20150126 5.90 5.89 5.94 5.75 312641
20150127 5.87 6.04 6.25 5.83 651675
20150128 5.90 5.81 5.93 5.76 404862
20150129 5.75 5.61 5.75 5.50 392010
20150130 5.60 5.61 5.68 5.45 281676
20150202 5.52 5.55 5.66 5.46 180212
20150203 5.60 5.64 5.66 5.55 176355
20150204 5.64 5.54 5.70 5.48 177599
20150205 5.56 5.39 5.60 5.38 206588
20150206 5.38 5.14 5.39 5.10 227152
20150209 5.06 5.18 5.28 5.06 129417
20150210 5.19 5.16 5.21 5.12 111697
20150211 5.17 5.28 5.30 5.17 128960
20150212 5.28 5.24 5.32 5.19 133852
20150213 5.26 5.28 5.35 5.24 157307
20150216 5.30 5.37 5.41 5.24 165897
20150217 5.37 5.33 5.38 5.27 137653
20150225 5.36 5.41 5.49 5.30 183137
20150226 5.42 5.49 5.53 5.40 148623
20150227 5.49 5.50 5.57 5.40 208505
20150302 5.51 5.64 5.66 5.48 255981
20150303 5.65 5.90 6.19 5.55 642576
20150304 5.88 6.12 6.15 5.82 539780
20150305 6.08 5.97 6.09 5.91 365036
20150306 5.97 6.00 6.19 5.88 331182
20150309 6.00 5.91 6.00 5.81 243009
20150310 5.90 6.06 6.08 5.82 285444
20150311 6.06 5.96 6.15 5.92 250158
20150312 5.98 5.87 5.99 5.82 214806
20150313 5.83 5.91 5.99 5.83 160830
20150316 5.91 6.05 6.13 5.91 379899
20150317 6.04 6.10 6.14 6.01 471708
20150318 6.15 6.71 6.71 6.12 959888
20150319 6.98 6.73 7.24 6.70 1131057
20150320 6.85 6.68 6.85 6.50 543803
20150323 6.67 6.75 6.84 6.64 545715
20150324 6.77 6.64 6.78 6.36 509584
20150325 6.58 6.89 6.95 6.46 754508
20150326 6.83 6.73 6.92 6.60 399488
20150327 6.60 6.64 6.70 6.53 351257
20150330 6.61 6.66 6.70 6.46 398612
20150331 6.66 6.74 6.85 6.54 610385
20150401 6.70 6.96 7.13 6.66 660944
20150402 6.96 7.36 7.38 6.86 816233
20150403 7.33 7.37 7.56 7.18 783108
20150407 7.39 7.38 7.46 7.30 504692
20150408 7.38 7.19 7.44 7.03 497681
20150409 7.15 7.91 7.91 7.02 792919
20150410 8.20 8.70 8.70 8.00 789312
20150413 9.53 9.57 9.57 9.21 632477
20150414 10.36 9.35 10.53 9.30 2289705
20150415 8.80 8.49 9.13 8.48 1292938
20150416 8.16 8.69 8.77 7.91 794520
20150417 8.60 8.53 8.81 8.50 643826
20150420 8.46 8.13 8.46 8.10 687652
20150421 8.09 8.79 8.94 8.02 760544
20150422 8.72 9.14 9.49 8.68 775785
20150423 9.05 9.09 9.32 9.01 573533
20150424 8.97 8.85 8.97 8.61 511547
20150427 8.85 8.87 9.05 8.66 504722
20150428 8.87 8.44 8.89 8.40 421735
20150429 8.40 8.74 8.84 8.24 378375
20150430 8.75 8.67 8.87 8.60 320313
20150504 8.67 9.08 9.15 8.52 592953
20150505 9.08 9.50 9.92 8.93 1083070
20150506 9.36 9.44 9.90 9.18 850119
20150507 9.32 8.50 9.35 8.50 560795
20150508 8.50 8.66 8.80 8.28 430101
20150511 8.78 9.41 9.45 8.58 639793
20150512 9.43 9.32 9.50 9.18 532156
20150513 9.30 9.61 9.80 9.12 730502
20150514 9.50 10.57 10.57 9.43 1215369
20150515 10.72 10.01 10.72 9.95 916060
20150518 9.94 10.02 10.45 9.70 651050
20150519 10.03 10.13 10.28 9.71 559517
20150520 10.35 10.30 10.79 10.22 741715
20150521 10.30 10.39 10.73 10.23 603259
20150522 10.30 10.42 10.59 10.20 707664
20150525 10.37 11.17 11.45 10.19 949966
20150526 11.16 11.51 11.74 11.02 843288
20150527 11.53 12.23 12.58 11.31 887964
20150528 12.23 11.01 12.50 11.01 926059
20150529 10.87 11.02 11.49 10.07 772863
20150601 11.09 11.72 11.78 11.05 584951
20150602 11.78 12.30 12.50 11.78 704583
20150603 12.31 12.06 12.42 11.56 604851
20150604 12.06 11.79 12.06 10.85 545901
20150605 12.00 12.00 12.25 11.67 647144
20150608 12.02 11.57 12.15 11.35 669306
20150609 11.21 11.63 11.77 11.21 401888
20150610 11.50 11.70 11.97 11.30 458258
20150611 11.60 12.54 12.55 11.55 880793
20150612 12.56 12.79 12.87 12.29 810341
20150615 12.79 13.39 13.85 12.58 872537
20150616 13.01 12.47 13.33 12.31 661166
20150617 12.44 13.72 13.72 12.01 813784
20150618 14.21 13.86 14.93 13.77 1035969
20150619 13.60 13.27 14.46 13.05 903425
20150623 13.19 14.50 14.54 11.98 1023536
20150624 14.60 15.40 15.70 14.57 1187332
20150625 15.40 14.60 15.53 14.04 910174
20150626 14.04 13.14 14.19 13.14 716179
20150629 13.61 11.83 13.80 11.83 983677
20150630 10.65 11.68 12.30 10.65 980083
20150701 11.50 10.51 11.50 10.51 943003
20150702 9.46 9.46 10.18 9.46 587739
20150703 8.51 8.51 8.96 8.51 504162
20150706 9.17 7.66 9.17 7.66 776771
20150707 6.89 6.89 6.89 6.89 29463
20150708 6.20 6.20 6.20 6.20 15889
20150709 5.58 6.82 6.82 5.58 1415382
20150710 7.00 7.50 7.50 7.00 854281
20150713 7.77 8.25 8.25 7.53 1308269
20150714 8.15 7.87 8.73 7.70 1304161
20150715 7.50 7.08 7.75 7.08 524562
20150716 6.37 6.80 7.30 6.37 739701
20150717 6.80 7.23 7.35 6.79 597151
20150720 7.23 7.26 7.55 7.03 587779
20150721 7.25 7.99 7.99 7.00 871509
20150722 8.05 8.07 8.33 7.66 1148859
20150723 8.00 8.26 8.45 7.85 813611
20150724 8.32 8.20 8.75 8.00 928371
20150727 7.97 7.38 8.18 7.38 614900
20150728 6.69 6.66 7.34 6.64 768641
20150729 6.80 7.20 7.24 6.40 488440
20150730 7.24 6.96 7.41 6.81 520306
