20140102 5.67 5.81 5.82 5.63 76452
20140103 5.82 5.73 5.82 5.69 45103
20140106 5.70 5.55 5.71 5.49 55593
20140107 5.53 5.64 5.65 5.49 42151
20140108 5.68 5.67 5.72 5.56 46859
20140109 5.85 5.69 6.08 5.64 189050
20140110 5.66 5.52 5.75 5.45 101712
20140113 5.51 5.34 5.55 5.28 84395
20140114 5.34 5.56 5.59 5.28 88092
20140115 5.50 5.50 5.58 5.45 59115
20140116 5.48 5.51 5.59 5.42 67551
20140117 5.48 5.33 5.48 5.30 62442
20140120 5.30 5.36 5.37 5.28 35541
20140121 5.36 5.40 5.44 5.35 37400
20140122 5.39 5.51 5.53 5.39 60847
20140123 5.53 5.52 5.58 5.50 55773
20140124 5.51 5.59 5.62 5.50 68051
20140127 5.60 5.48 5.61 5.48 66713
20140128 5.48 5.43 5.55 5.38 67479
20140129 5.45 5.52 5.56 5.43 48740
20140130 5.52 5.48 5.59 5.47 53262
20140207 5.42 5.74 5.75 5.42 142075
20140210 5.78 6.31 6.31 5.78 288839
20140211 6.72 6.41 6.72 6.30 675942
20140212 6.36 6.42 6.57 6.22 337648
20140213 6.38 6.88 7.06 6.33 980751
20140214 6.74 6.88 6.91 6.66 528762
20140217 6.85 6.90 7.08 6.79 413321
20140218 6.92 6.97 7.16 6.81 549884
20140219 6.99 6.86 7.15 6.84 391415
20140220 6.94 6.53 6.94 6.45 351761
20140221 6.53 6.47 6.59 6.39 194715
20140224 6.43 6.58 6.66 6.38 232436
20140225 6.59 6.53 7.02 6.41 370825
20140226 6.48 6.92 6.93 6.37 388805
20140227 7.01 6.72 7.15 6.66 508022
20140228 6.79 7.23 7.38 6.51 553702
20140303 7.18 7.33 7.37 7.11 542243
20140304 7.29 7.46 7.70 7.17 665343
20140305 8.21 8.21 8.21 8.21 209220
20140306 9.03 8.70 9.03 8.37 1589042
20140307 8.65 9.57 9.57 8.42 1345174
20140310 9.41 9.54 10.35 9.20 1777543
20140311 9.69 8.98 10.14 8.59 1426940
20140312 8.20 8.08 8.40 8.08 1191889
20140313 7.98 8.05 8.16 7.86 681354
20140314 8.15 8.05 8.33 7.90 845809
20140317 7.61 8.06 8.13 7.60 643874
20140318 7.98 8.41 8.75 7.96 917436
20140319 8.20 8.18 8.44 7.88 631624
20140320 8.06 7.78 8.21 7.72 478852
20140321 7.63 8.00 8.07 7.60 430023
20140324 8.00 8.06 8.16 7.92 347331
20140325 8.00 8.14 8.28 7.81 472427
20140326 8.56 8.95 8.95 8.40 1336490
20140327 8.42 8.59 8.79 8.37 962302
20140328 8.52 8.77 9.15 8.41 944333
20140331 8.61 8.15 8.78 7.89 670956
20140401 8.10 8.26 8.43 7.96 389255
20140402 8.22 8.19 8.46 8.10 369440
20140403 8.12 8.00 8.24 7.93 364948
20140404 7.97 8.25 8.36 7.84 519034
20140408 8.10 8.34 8.45 8.02 515904
20140409 8.30 8.33 8.40 8.26 424639
20140410 8.28 8.42 8.64 8.28 556954
20140411 8.28 8.12 8.36 8.11 448177
20140414 8.06 8.19 8.25 8.06 208880
20140415 8.12 8.14 8.24 8.06 220737
20140416 8.05 8.12 8.24 8.05 243809
20140417 8.09 8.23 8.30 7.90 475211
20140418 8.23 8.49 8.50 8.18 603801
20140421 8.37 8.14 8.48 8.10 380000
20140422 8.07 7.98 8.16 7.81 312954
20140423 7.97 7.82 8.00 7.76 174615
20140424 7.81 7.43 7.85 7.41 235796
20140425 7.36 7.01 7.44 6.91 334665
20140428 7.00 6.89 7.08 6.87 188158
20140429 6.87 7.03 7.04 6.83 143596
20140430 7.02 7.06 7.09 6.99 124033
20140505 7.05 7.16 7.18 7.00 139076
20140506 7.15 7.12 7.22 7.08 126876
20140507 7.09 6.76 7.09 6.75 192038
20140508 6.70 6.85 7.07 6.65 213177
20140509 6.79 6.63 6.85 6.60 160735
20140512 6.75 6.92 6.96 6.71 177850
20140513 6.94 6.87 6.98 6.81 120075
20140514 6.88 6.98 6.99 6.87 147342
20140515 6.93 6.72 6.95 6.67 150068
20140516 6.70 6.66 6.74 6.55 104991
20140519 6.61 6.65 6.71 6.58 68326
20140520 6.75 6.72 6.85 6.69 99020
20140521 6.70 6.94 7.01 6.62 203623
20140522 6.90 6.83 7.01 6.80 163998
20140523 6.81 6.98 6.99 6.79 126417
20140526 7.07 7.05 7.24 7.02 227916
20140527 7.05 6.96 7.06 6.95 115241
20140528 6.98 7.09 7.12 6.90 175380
20140529 7.10 6.93 7.12 6.91 142733
20140530 6.91 6.82 6.95 6.76 125921
20140603 6.86 7.05 7.07 6.83 178831
20140604 7.07 6.88 7.07 6.80 152432
20140605 6.85 7.11 7.12 6.82 214601
20140606 7.07 6.99 7.10 6.93 137985
20140609 6.96 6.93 7.08 6.90 116934
20140610 6.91 7.06 7.07 6.84 163182
20140611 7.03 7.07 7.09 6.99 134264
20140612 7.05 7.19 7.27 7.00 313211
20140613 7.16 7.41 7.50 7.12 469559
20140616 7.40 7.32 7.44 7.28 257289
20140617 7.30 7.49 7.70 7.26 438247
20140618 7.50 7.71 7.78 7.39 376162
20140619 7.89 7.45 8.35 7.40 550439
20140620 7.30 7.66 7.76 7.20 332063
20140623 7.59 7.60 7.78 7.52 253713
20140624 7.57 7.54 7.69 7.48 204587
20140625 7.45 7.34 7.46 7.27 204166
20140626 7.35 7.42 7.49 7.33 151494
20140627 7.42 7.67 8.07 7.40 450979
20140630 7.70 7.85 7.89 7.67 295790
20140701 7.87 7.92 7.96 7.75 327313
20140702 7.90 7.90 7.94 7.79 212228
20140703 7.88 8.14 8.19 7.80 460564
20140704 8.08 7.87 8.10 7.80 328323
20140707 7.84 7.88 7.94 7.80 144525
20140708 7.88 7.96 7.97 7.69 217125
20140709 7.91 7.71 8.04 7.69 241471
20140710 7.71 7.53 7.83 7.46 195579
20140711 7.51 7.65 7.68 7.50 128025
20140714 7.65 8.14 8.25 7.65 517373
20140715 8.37 8.95 8.95 8.21 769419
20140716 9.08 8.70 9.28 8.63 1004748
20140717 8.51 8.76 8.78 8.34 464381
20140718 8.61 8.50 8.94 8.48 479047
20140721 8.49 8.91 9.26 8.48 684169
20140722 8.98 9.42 9.70 8.89 883069
20140723 9.20 9.10 9.31 9.02 574442
20140724 9.02 8.80 9.17 8.51 496396
20140725 8.79 8.78 8.93 8.63 295596
20140728 8.87 9.16 9.18 8.71 458877
20140729 9.06 9.08 9.37 9.04 525908
20140730 9.10 8.96 9.18 8.88 343291
20140731 8.93 9.20 9.38 8.93 455585
20140801 9.10 8.81 9.19 8.79 386395
20140804 8.77 8.96 8.98 8.77 222254
20140805 8.94 8.93 8.95 8.80 187752
20140806 8.88 9.23 9.24 8.80 450846
20140807 9.17 9.00 9.25 8.97 296844
20140808 8.92 8.97 9.06 8.91 177124
20140811 9.00 9.10 9.21 8.98 306758
20140812 9.10 9.64 9.65 9.06 711961
20140813 9.58 9.59 9.69 9.23 575040
20140814 9.50 9.43 9.75 9.36 499374
20140815 9.41 9.54 9.73 9.41 386791
20140818 9.53 9.51 9.60 9.39 352228
20140819 9.53 9.43 9.57 9.36 339987
20140820 9.45 9.19 9.47 9.15 380126
20140821 9.32 9.29 9.38 9.19 295671
20140822 9.26 9.49 9.54 9.20 407677
20140825 9.47 9.19 9.47 9.15 276374
20140826 9.13 8.67 9.14 8.62 393073
20140827 8.65 8.79 8.89 8.65 156958
20140828 8.74 8.55 8.76 8.53 159015
20140829 8.59 8.71 8.73 8.57 99747
20140901 8.71 8.83 8.85 8.70 142766
20140902 8.86 9.08 9.11 8.83 280776
20140903 9.10 9.04 9.11 8.95 251397
20140904 9.08 9.18 9.26 8.96 317495
20140905 9.20 9.12 9.20 9.06 184612
20140909 9.15 9.05 9.17 9.03 201725
20140910 9.03 9.17 9.21 8.93 242197
20140911 9.28 9.10 9.34 9.09 420180
20140912 9.05 9.15 9.22 8.99 222491
20140915 9.12 9.31 9.32 9.08 308320
20140916 9.28 8.88 9.38 8.87 359891
20140917 8.86 8.96 9.07 8.77 175487
20140918 8.91 8.93 9.06 8.86 134034
20140919 8.89 8.93 8.96 8.83 142423
20140922 8.87 9.19 9.35 8.69 450493
20140923 9.11 9.24 9.32 9.10 437274
20140924 9.21 9.28 9.34 9.18 312784
20140925 9.29 9.23 9.34 9.17 278830
20140926 9.24 9.40 9.51 9.20 513888
20140929 9.39 9.37 9.43 9.32 257493
20140930 9.39 9.24 9.40 9.19 265079
20141008 9.26 9.45 9.47 9.22 322731
20141009 9.48 9.33 9.49 9.20 281386
20141010 9.27 9.14 9.32 9.08 288072
20141013 9.12 9.05 9.13 8.94 173653
20141014 9.04 8.98 9.14 8.93 166488
20141015 8.97 9.03 9.05 8.93 118034
20141016 9.00 8.80 9.05 8.78 210361
20141017 8.74 8.59 8.83 8.45 168872
20141020 8.63 8.70 8.71 8.60 78864
20141021 8.70 8.59 8.76 8.57 115580
20141022 8.60 8.41 8.65 8.39 121683
20141023 8.39 8.29 8.46 8.25 120718
20141024 8.32 8.31 8.37 8.28 72728
20141027 8.31 8.41 8.44 8.26 73145
20141028 8.40 8.63 8.65 8.40 124902
20141029 8.67 8.94 9.03 8.57 342787
20141030 8.89 8.79 8.96 8.77 247735
20141031 8.79 8.78 8.83 8.66 153738
20141103 8.77 8.81 8.88 8.77 118459
20141104 8.84 8.71 8.86 8.68 117506
20141105 8.72 8.70 8.81 8.65 97955
20141106 8.70 8.75 8.75 8.65 96732
20141107 8.75 8.51 8.78 8.50 143430
20141110 8.53 8.59 8.60 8.50 84729
20141111 8.60 8.29 8.65 8.26 159335
20141112 8.32 8.46 8.52 8.26 92175
20141113 8.54 8.73 8.81 8.38 272606
20141114 8.62 8.63 8.75 8.56 130168
20141117 8.60 8.91 9.05 8.60 369702
20141118 8.91 8.79 8.98 8.75 217171
20141119 8.80 8.97 9.05 8.71 316544
20141120 8.91 8.83 8.93 8.80 166892
20141121 8.82 8.83 8.88 8.75 135093
20141124 8.92 8.88 8.96 8.82 230670
20141125 8.85 9.29 9.30 8.85 563786
20141126 9.72 9.48 10.13 9.36 888080
20141127 9.51 10.43 10.43 9.44 1623002
20141128 10.48 10.56 11.08 10.23 1653803
20141201 10.58 10.16 10.82 10.12 821511
20141202 10.12 10.58 11.10 10.07 975966
20141203 10.41 10.72 10.94 10.36 763574
20141204 10.75 10.60 10.83 10.44 642487
20141205 10.48 9.90 10.58 9.71 710654
20141208 9.80 9.99 10.35 9.70 448793
20141209 9.86 9.34 9.95 9.30 517380
20141210 9.36 9.85 9.88 9.34 334948
20141211 9.76 9.90 10.07 9.70 383045
20141212 9.88 10.02 10.15 9.83 305942
20141215 9.98 10.23 10.34 9.90 376297
20141216 10.31 10.23 10.38 10.06 386363
20141217 10.12 10.37 10.52 9.81 605593
20141218 10.16 10.00 10.25 9.99 309576
20141219 9.94 9.66 9.94 9.48 312431
20141222 9.66 8.98 9.69 8.98 308249
20141223 9.00 8.99 9.25 8.89 151731
20141224 9.05 9.11 9.15 9.01 113449
20141225 9.14 9.15 9.18 9.04 143679
20141226 9.14 9.21 9.22 9.01 185466
20141229 9.19 8.98 9.19 8.94 181451
20141230 8.92 8.56 9.03 8.50 192286
20141231 8.55 8.65 8.68 8.52 115148
20150105 8.63 8.77 8.80 8.58 155882
20150106 8.70 9.04 9.12 8.66 239567
20150107 9.07 8.93 9.12 8.85 178068
20150108 8.89 8.96 9.11 8.86 179205
20150109 8.93 8.76 8.97 8.75 141000
20150112 8.70 8.50 8.70 8.45 119679
20150113 8.48 8.90 8.94 8.48 253016
20150114 8.92 9.07 9.13 8.82 315588
20150115 9.03 9.04 9.09 8.96 172712
20150116 9.00 9.05 9.08 8.98 159601
20150119 8.80 8.53 8.97 8.36 177515
20150120 8.60 8.91 8.95 8.60 144387
20150121 8.91 9.39 9.41 8.86 506526
20150122 9.30 9.37 9.42 9.29 281403
20150123 9.36 9.24 9.53 9.23 274703
20150126 9.23 9.51 9.57 9.23 383876
20150127 9.50 9.39 9.50 9.26 256649
20150128 9.34 9.31 9.45 9.28 159128
20150129 9.23 9.23 9.34 9.18 131049
20150130 9.25 9.08 9.30 9.06 122385
20150202 8.99 8.87 9.00 8.82 123474
20150203 8.95 9.10 9.16 8.91 128620
20150204 9.09 9.10 9.25 9.04 131446
20150205 9.15 9.10 9.33 9.05 184088
20150206 9.12 8.77 9.15 8.71 134475
20150209 8.77 8.69 8.83 8.67 66796
20150210 8.69 8.82 8.82 8.66 63869
20150211 8.80 8.83 8.95 8.80 79935
20150212 8.93 9.14 9.15 8.92 167378
20150213 9.28 9.14 9.35 9.13 189299
20150216 9.14 9.55 9.69 9.12 369872
20150217 9.52 9.45 9.68 9.44 292352
20150225 9.50 9.47 9.67 9.42 230829
20150226 9.44 9.63 9.70 9.40 264669
20150227 9.64 9.74 9.88 9.62 346923
20150302 9.79 10.07 10.18 9.79 505333
20150303 9.96 9.83 10.20 9.80 366705
20150304 9.83 9.91 9.97 9.73 228452
20150305 9.92 10.20 10.30 9.90 441303
20150306 10.10 9.86 10.23 9.84 268022
20150309 9.81 10.36 10.40 9.80 448790
20150310 10.37 10.31 10.46 10.22 251453
20150311 10.35 10.12 10.37 10.02 254406
20150312 10.15 9.97 10.32 9.89 293886
20150313 9.98 10.37 10.40 9.96 362451
20150316 10.41 10.74 10.88 10.34 510874
20150317 10.75 10.66 10.77 10.47 456639
20150318 10.68 10.92 11.05 10.57 491294
20150319 10.96 10.93 11.20 10.75 474379
20150320 10.92 10.97 11.02 10.80 380925
20150323 11.00 11.00 11.09 10.86 395928
20150324 11.04 11.39 11.49 10.69 703075
20150325 11.37 11.39 11.58 11.16 531455
20150326 11.46 11.07 11.50 10.96 421803
20150327 11.02 11.05 11.12 10.90 259332
20150330 11.12 11.34 11.45 11.10 397462
20150331 11.36 11.21 11.45 11.17 379663
20150401 11.30 11.62 11.69 11.20 555718
20150402 11.64 11.75 11.85 11.40 478359
20150403 11.65 11.99 12.10 11.61 541585
20150407 12.00 12.69 12.85 11.92 621966
20150408 12.61 12.81 13.59 12.56 660752
20150409 12.80 12.76 12.98 11.88 573910
20150410 12.70 12.99 13.32 12.65 432143
20150413 13.07 13.37 13.58 12.84 463917
20150414 13.55 13.34 14.06 13.15 483760
20150415 13.09 12.50 13.18 12.49 391851
20150416 12.35 12.67 12.80 12.01 310450
20150417 12.80 12.53 12.88 12.40 365348
20150420 12.38 11.99 12.45 11.94 408385
20150421 11.96 12.60 12.65 11.96 304466
20150422 12.79 12.94 13.06 12.70 403827
20150423 13.04 13.03 13.26 12.81 412028
20150424 12.72 13.39 13.40 12.62 532993
20150427 13.46 13.15 13.59 12.95 480025
20150428 13.15 12.54 13.40 12.45 363132
20150429 12.50 13.45 13.58 12.45 539419
20150430 13.61 13.29 13.77 13.26 561618
20150504 13.19 13.07 13.20 12.85 296587
20150505 12.98 12.72 13.33 12.65 331603
20150506 12.77 12.99 13.47 12.72 440899
20150507 12.77 12.17 12.85 12.06 301470
20150508 12.34 13.09 13.20 12.20 367035
20150511 13.25 14.40 14.40 13.03 431345
20150512 14.90 15.06 15.38 14.29 1103058
20150513 14.68 15.59 15.61 14.50 858406
20150514 15.26 15.05 15.57 15.02 457519
20150515 14.88 14.77 15.00 14.13 535396
20150518 14.58 14.71 15.03 14.50 367117
20150519 14.75 15.07 15.15 14.43 449680
20150520 15.35 15.27 16.30 15.12 723734
20150521 15.10 15.69 15.77 15.10 486052
20150522 15.88 15.75 16.01 15.17 579300
20150525 15.72 16.42 16.56 15.60 571013
20150526 16.78 17.06 17.93 16.44 673044
20150527 17.06 16.97 17.25 16.60 530387
20150528 16.90 15.27 17.28 15.27 571300
20150529 15.22 15.10 15.53 14.50 389736
20150601 15.12 15.99 16.01 15.12 356291
20150602 16.05 16.94 16.95 15.97 467236
20150603 17.06 16.62 17.20 16.30 385765
20150604 16.88 17.16 17.34 15.56 495229
20150605 17.30 17.74 18.19 17.20 667998
20150608 17.80 17.58 17.97 16.90 499082
20150609 17.50 17.06 17.50 16.80 353319
20150610 16.80 17.36 17.59 16.71 337915
20150611 17.36 18.19 18.42 17.29 533183
20150612 18.15 18.57 18.96 17.84 566128
20150615 18.60 17.85 18.74 17.80 414485
20150616 17.51 17.06 17.71 16.85 347388
20150617 17.25 17.69 17.83 16.61 321207
20150618 17.65 17.15 18.20 17.01 325562
20150619 16.80 15.44 16.98 15.44 322712
20150623 15.15 15.23 15.66 13.90 285776
20150624 15.48 15.58 15.65 14.87 290556
20150625 15.60 14.41 15.60 14.08 301929
20150626 14.02 12.97 14.05 12.97 330971
20150629 13.31 11.81 13.40 11.67 410083
20150630 11.89 12.39 12.45 10.72 400837
20150701 12.23 11.15 12.59 11.15 337814
20150702 11.35 10.15 11.48 10.04 359400
20150703 9.80 9.14 10.29 9.14 356209
20150706 10.05 8.24 10.05 8.23 474544
20150707 8.00 7.42 8.00 7.42 289027
20150708 6.68 6.68 7.05 6.68 510344
20150713 7.35 7.35 7.35 7.35 4702
20150714 8.09 8.09 8.09 8.09 7297
20150715 8.90 8.48 8.90 8.45 1421718
20150716 7.88 8.94 9.17 7.71 845121
20150717 8.90 9.83 9.83 8.76 651153
20150720 10.01 10.08 10.41 9.78 796505
20150721 9.88 10.24 10.36 9.70 496641
20150722 10.15 10.33 10.37 9.86 529729
20150723 10.36 10.77 10.92 10.24 620037
20150724 10.77 10.24 10.83 10.00 657991
20150727 9.98 9.22 10.36 9.22 482714
20150728 8.57 8.82 9.45 8.31 435293
20150729 9.00 9.50 9.53 8.55 382738
20150730 9.51 9.31 9.85 9.22 415592
