20140102 7.55 7.49 7.55 7.43 32599
20140103 7.46 7.17 7.48 7.13 80009
20140106 7.15 6.76 7.15 6.65 87487
20140107 6.72 6.79 7.00 6.58 61748
20140108 6.83 6.72 6.87 6.68 41770
20140109 6.73 6.72 6.89 6.68 67250
20140110 6.65 6.65 6.71 6.54 37523
20140113 6.68 6.48 6.71 6.43 35457
20140114 6.48 6.62 6.63 6.46 32008
20140115 6.62 6.72 6.75 6.56 45656
20140116 6.70 6.73 6.84 6.63 43777
20140117 6.73 6.56 6.75 6.55 37809
20140120 6.59 6.60 6.68 6.55 32838
20140121 6.60 6.74 6.78 6.60 38473
20140122 6.80 7.11 7.13 6.77 97319
20140123 7.08 7.03 7.16 7.00 65766
20140124 7.02 7.14 7.26 6.99 76971
20140127 7.14 7.07 7.22 7.06 58165
20140128 7.05 7.12 7.25 7.03 48441
20140129 7.18 7.05 7.20 7.01 40664
20140130 7.09 6.95 7.10 6.94 38734
20140207 6.84 6.93 6.95 6.81 37587
20140210 6.95 7.20 7.22 6.95 80572
20140211 7.20 7.35 7.36 7.16 81813
20140212 7.30 7.53 7.67 7.21 129999
20140213 7.53 7.38 7.58 7.35 80071
20140214 7.40 7.44 7.48 7.30 63865
20140217 7.46 7.73 7.74 7.40 135016
20140218 7.74 8.13 8.29 7.70 280321
20140219 8.00 8.25 8.29 7.96 179994
20140220 8.21 8.07 8.44 8.05 145818
20140221 8.09 8.06 8.32 8.03 131481
20140224 7.99 7.25 7.99 7.25 209857
20140225 7.20 7.07 7.35 6.95 178323
20140226 7.04 7.18 7.23 6.85 100008
20140227 7.18 6.86 7.22 6.80 98305
20140228 6.82 6.95 6.97 6.75 56652
20140303 6.95 7.19 7.26 6.88 90382
20140304 7.14 7.23 7.25 7.08 71796
20140305 7.25 7.13 7.31 7.11 74589
20140306 7.10 7.33 7.45 6.98 119848
20140307 7.34 7.12 7.35 7.08 77017
20140310 7.04 6.82 7.04 6.81 54818
20140311 6.79 6.89 6.97 6.79 43815
20140312 6.88 6.96 7.04 6.80 51983
20140313 6.96 6.98 7.08 6.93 42916
20140314 6.92 6.84 6.98 6.75 44611
20140317 6.89 6.94 6.98 6.86 39049
20140318 7.05 7.06 7.28 7.03 92588
20140319 7.01 6.99 7.04 6.90 50221
20140320 7.01 6.93 7.15 6.90 69454
20140321 6.91 7.20 7.25 6.81 131756
20140324 7.24 7.40 7.50 7.21 143103
20140325 7.40 7.84 8.07 7.33 252200
20140326 7.75 7.61 7.82 7.54 111685
20140327 7.60 7.63 7.80 7.53 109687
20140328 7.58 7.46 7.85 7.45 119015
20140331 7.50 7.22 7.56 7.12 72265
20140401 7.22 7.29 7.32 7.13 53812
20140402 7.28 7.59 7.60 7.25 122162
20140403 7.62 7.41 7.66 7.30 76919
20140404 7.37 7.44 7.48 7.29 67615
20140408 7.42 7.50 7.53 7.33 65487
20140409 7.50 7.49 7.56 7.43 62390
20140410 7.48 7.42 7.54 7.37 86950
20140411 7.38 7.33 7.45 7.29 68246
20140414 7.36 7.31 7.37 7.25 49003
20140415 7.32 7.33 7.37 7.28 51988
20140416 7.27 7.28 7.33 7.20 47083
20140417 7.28 7.34 7.43 7.22 66421
20140418 7.31 7.28 7.34 7.22 38643
20140421 7.33 7.29 7.48 7.25 79143
20140422 7.26 7.63 7.70 7.25 153309
20140423 7.58 7.47 7.62 7.42 89852
20140424 7.42 7.42 7.61 7.41 93742
20140425 7.43 6.87 7.49 6.70 134299
20140428 6.79 6.52 6.79 6.47 92810
20140429 6.80 7.17 7.17 6.73 186725
20140430 7.08 7.12 7.19 7.02 115499
20140505 7.12 7.03 7.12 6.82 71096
20140506 7.00 7.07 7.16 6.99 67100
20140507 7.05 7.03 7.07 6.94 54997
20140508 6.98 7.03 7.14 6.95 58231
20140509 7.02 6.94 7.05 6.80 44434
20140512 6.97 7.11 7.13 6.91 56765
20140513 7.13 7.23 7.30 7.06 89664
20140514 7.32 7.33 7.55 7.26 125743
20140515 7.28 7.07 7.28 7.06 73122
20140516 7.05 7.09 7.12 6.99 36857
20140519 7.13 6.98 7.13 6.94 28796
20140520 7.04 6.99 7.09 6.98 22838
20140521 7.00 7.04 7.05 6.91 29658
20140522 7.02 7.09 7.18 7.00 83655
20140523 7.09 7.20 7.23 7.05 71576
20140526 7.20 7.19 7.28 7.15 54024
20140527 7.18 7.17 7.23 7.14 33313
20140528 7.17 7.23 7.26 7.14 50317
20140529 7.23 7.30 7.38 7.20 106739
20140530 7.31 7.25 7.31 7.18 48476
20140603 7.25 7.11 7.26 7.09 51947
20140604 7.12 6.99 7.16 6.93 45336
20140605 6.96 7.06 7.07 6.96 24874
20140606 7.07 6.99 7.09 6.95 28655
20140609 7.01 7.00 7.08 6.96 37195
20140610 7.01 7.07 7.08 6.95 35608
20140611 7.06 7.04 7.06 7.00 26849
20140612 7.06 6.96 7.06 6.95 40858
20140613 6.96 6.99 7.02 6.91 33992
20140616 7.01 7.00 7.02 6.96 35167
20140617 7.00 6.97 7.01 6.93 32627
20140618 6.96 6.87 6.98 6.86 41936
20140619 6.88 6.72 6.88 6.68 39085
20140620 6.70 6.74 6.76 6.68 19060
20140623 6.76 6.99 7.00 6.76 53253
20140624 7.07 7.10 7.11 6.98 85175
20140625 7.09 7.57 7.60 7.01 159590
20140626 7.45 7.49 7.84 7.39 272454
20140627 7.31 7.41 7.55 7.28 104953
20140630 7.42 7.43 7.66 7.42 108816
20140701 7.45 7.59 7.66 7.42 95867
20140702 7.56 7.64 7.65 7.50 97139
20140703 7.64 7.60 7.79 7.56 117101
20140704 7.60 7.70 7.73 7.57 88784
20140707 7.65 7.94 8.20 7.64 155089
20140708 8.01 7.89 8.06 7.73 84222
20140709 7.87 7.55 7.95 7.52 96264
20140710 7.55 7.49 7.65 7.45 61911
20140711 7.50 7.57 7.63 7.50 43299
20140714 7.57 7.71 7.75 7.57 64684
20140715 7.68 7.71 7.79 7.63 51407
20140716 7.73 7.58 7.75 7.56 69185
20140717 7.56 7.47 7.58 7.41 55304
20140718 7.48 7.64 7.68 7.40 79663
20140721 7.66 7.74 7.77 7.61 80558
20140722 7.68 7.71 7.81 7.65 87693
20140723 7.70 7.62 7.78 7.61 70354
20140724 7.62 7.97 8.27 7.61 244349
20140725 7.97 8.03 8.08 7.86 155642
20140728 8.11 8.16 8.23 8.01 158110
20140729 8.21 8.13 8.43 8.08 192766
20140730 8.14 8.00 8.17 7.93 112748
20140731 7.98 8.12 8.13 7.93 93076
20140801 8.10 7.97 8.14 7.90 84853
20140804 7.91 8.16 8.18 7.91 89990
20140805 8.17 8.22 8.22 8.05 99729
20140806 8.30 8.17 8.38 8.10 138520
20140807 8.15 8.05 8.19 8.03 81757
20140808 8.03 8.02 8.08 7.98 49332
20140811 8.03 8.17 8.26 8.03 106561
20140812 8.19 8.20 8.25 8.11 82116
20140813 8.19 8.22 8.25 8.12 79037
20140814 8.22 8.08 8.23 8.06 101716
20140815 8.06 8.09 8.13 8.02 84720
20140818 8.11 8.16 8.21 8.11 101117
20140819 8.20 8.33 8.34 8.13 163046
20140820 8.31 8.29 8.38 8.25 106215
20140821 8.42 8.42 8.49 8.31 134690
20140822 8.42 8.60 8.68 8.40 167512
20140825 8.63 8.38 8.64 8.35 102089
20140826 8.35 8.08 8.40 8.07 90535
20140827 8.09 8.14 8.15 8.01 60663
20140828 8.15 7.97 8.19 7.95 72419
20140829 7.94 8.01 8.07 7.92 48463
20140901 7.99 8.10 8.11 7.99 71687
20140902 8.13 8.17 8.18 8.06 113787
20140903 8.17 8.23 8.25 8.13 102805
20140904 8.27 8.30 8.32 8.23 95567
20140905 8.31 8.31 8.38 8.24 102049
20140909 8.31 8.34 8.36 8.23 89927
20140910 8.33 8.44 8.55 8.25 120094
20140911 8.45 8.40 8.64 8.35 151675
20140912 8.36 8.53 8.54 8.32 119230
20140915 8.56 8.51 8.57 8.43 104945
20140916 8.57 8.47 8.91 8.46 290972
20140917 8.47 8.80 8.85 8.47 216341
20140918 8.80 8.72 8.83 8.61 108206
20140919 8.70 8.72 8.79 8.57 127412
20140922 8.66 8.37 8.68 8.30 130022
20140923 8.40 8.52 8.63 8.40 118402
20140924 8.55 8.64 8.66 8.51 93205
20140925 8.65 8.49 8.70 8.48 101383
20140926 8.50 8.57 8.68 8.41 125623
20140929 8.59 8.63 8.67 8.50 153924
20140930 8.67 8.61 8.70 8.54 127054
20141008 8.75 8.76 8.84 8.69 213984
20141009 8.76 8.82 8.86 8.70 154840
20141010 8.81 8.79 8.83 8.70 128280
20141013 8.75 8.95 8.96 8.68 147279
20141014 8.92 8.81 8.97 8.75 114781
20141015 8.84 8.80 8.88 8.68 75404
20141016 8.73 8.52 8.78 8.49 120427
20141017 8.52 8.93 9.16 8.36 265375
20141020 8.98 8.90 9.00 8.77 193889
20141021 8.85 8.70 8.86 8.65 119889
20141022 8.68 8.48 8.71 8.45 108552
20141023 8.46 8.24 8.53 8.12 89656
20141024 8.28 8.28 8.37 8.21 44667
20141027 8.24 8.25 8.27 8.10 49852
20141028 8.34 8.46 8.48 8.28 64871
20141029 8.50 8.71 8.80 8.42 153414
20141030 8.71 8.70 8.82 8.61 116955
20141031 8.72 8.79 8.85 8.66 138870
20141103 8.83 8.84 8.95 8.75 139746
20141104 8.88 8.74 8.89 8.67 105227
20141105 8.73 8.80 8.87 8.66 94882
20141106 8.78 8.82 8.87 8.72 81196
20141107 8.86 8.61 8.87 8.60 141335
20141110 8.62 8.77 8.77 8.53 103102
20141111 8.75 8.50 8.88 8.42 153764
20141112 8.45 8.93 9.02 8.40 236449
20141113 8.98 8.79 9.19 8.78 258156
20141114 8.80 9.62 9.67 8.72 707132
20141117 9.37 9.45 9.55 9.25 418696
20141118 9.36 9.44 9.58 9.32 226387
20141119 9.45 9.55 9.86 9.45 351701
20141120 9.43 9.34 9.44 9.21 150626
20141121 9.56 9.50 9.85 9.45 221908
20141124 10.00 10.45 10.45 9.77 740579
20141125 10.45 10.80 11.19 10.33 627868
20141126 10.75 10.83 11.09 10.55 337959
20141127 10.89 10.79 10.96 10.59 268958
20141128 10.74 11.39 11.51 10.61 455855
20141201 11.30 10.84 11.47 10.80 337793
20141202 10.76 10.97 11.15 10.60 249768
20141203 10.93 11.12 11.75 10.83 352996
20141204 11.20 11.35 11.49 10.93 338912
20141205 11.37 10.78 11.37 10.41 328432
20141208 10.80 11.24 11.45 10.66 338324
20141209 11.18 11.80 12.36 11.03 696393
20141210 11.80 12.39 12.41 11.38 421104
20141211 12.24 12.15 12.78 11.95 298527
20141212 12.15 12.07 12.36 11.92 182148
20141215 11.98 12.15 12.18 11.80 157090
20141216 12.06 12.20 12.22 11.90 144870
20141217 12.24 12.01 12.29 11.73 197219
20141218 12.14 12.01 12.22 11.90 147482
20141219 11.86 11.66 12.08 11.63 202570
20141222 11.73 11.02 11.85 10.86 241117
20141223 10.86 10.74 11.25 10.59 181638
20141224 10.76 10.87 10.96 10.60 108770
20141225 10.91 11.15 11.17 10.90 99589
20141226 11.17 11.41 11.53 11.10 154626
20141229 11.62 11.86 12.45 11.39 348203
20141230 11.86 11.71 12.11 11.61 182428
20141231 11.62 12.71 12.79 11.51 346744
20150105 12.75 13.21 13.67 12.50 585488
20150106 13.00 12.69 13.16 12.35 262083
20150107 12.60 12.79 13.12 12.50 186405
20150108 12.88 12.21 12.88 12.15 156920
20150109 12.10 12.06 12.45 12.03 156328
20150112 11.97 11.37 12.13 11.21 209604
20150113 11.34 11.30 11.59 11.20 116555
20150114 11.32 11.13 11.49 11.03 123340
20150115 11.15 11.51 11.58 11.13 151721
20150116 11.63 11.60 11.63 11.33 154064
20150119 10.90 10.51 11.25 10.44 175756
20150120 10.50 10.82 10.84 10.50 133553
20150121 11.13 11.68 11.69 11.13 241228
20150122 11.68 11.76 12.15 11.51 228850
20150123 11.77 11.98 12.08 11.51 241115
20150126 11.91 12.39 12.68 11.67 270487
20150127 12.51 12.25 12.57 11.88 221048
20150128 12.12 11.96 12.19 11.90 126651
20150129 11.74 11.85 11.95 11.70 105325
20150130 11.90 11.95 12.29 11.70 164110
20150202 11.75 11.52 11.98 11.50 110632
20150203 11.55 11.59 11.70 11.28 134609
20150204 11.60 11.57 11.73 11.46 91421
20150205 11.99 11.55 12.20 11.53 148922
20150206 11.52 11.17 11.73 11.05 104438
20150209 11.13 10.92 11.15 10.80 81109
20150210 10.91 11.20 11.23 10.88 65059
20150211 11.21 11.20 11.27 11.05 46189
20150212 11.25 11.44 11.55 11.19 70542
20150213 11.62 11.77 12.00 11.48 157672
20150216 11.77 11.84 11.92 11.65 103093
20150217 11.88 12.01 12.17 11.85 137505
20150225 12.02 11.82 12.07 11.75 84420
20150226 11.83 12.36 12.39 11.80 190301
20150227 12.30 12.32 12.36 12.15 146256
20150302 12.61 12.93 12.98 12.23 403002
20150303 12.75 12.40 12.83 12.37 258814
20150304 12.36 12.43 12.49 12.15 156912
20150305 12.31 12.18 12.40 12.05 168109
20150306 12.18 12.13 12.35 12.05 146617
20150309 12.11 12.48 12.55 11.81 157427
20150310 12.45 12.49 12.80 12.36 166642
20150311 12.51 12.37 12.75 12.34 118904
20150312 12.40 13.11 13.29 12.20 358825
20150313 13.10 13.28 13.43 12.80 290300
20150316 13.48 14.00 14.48 13.48 436757
20150317 14.09 14.96 15.37 14.00 448752
20150318 14.97 15.12 15.23 14.62 323967
20150429 16.63 16.63 16.63 16.63 6822
20150430 18.29 18.29 18.29 17.61 343607
20150504 18.40 16.76 18.40 16.57 602259
20150505 16.31 16.21 17.10 15.67 362491
20150506 16.02 15.52 16.47 15.37 255482
20150507 15.60 14.38 15.66 14.28 248470
20150508 14.62 14.92 14.98 14.43 222146
20150511 15.30 15.60 15.79 15.00 258810
20150512 15.92 15.82 16.50 15.70 330859
20150513 15.61 16.15 16.19 14.99 263490
20150514 15.99 15.76 16.14 15.68 166178
20150515 15.68 15.10 15.68 14.98 188842
20150518 15.22 15.26 15.46 15.10 154019
20150519 15.18 15.78 15.97 15.12 215310
20150520 15.91 16.21 16.52 15.63 308230
20150521 16.32 16.65 16.77 16.07 288505
20150522 16.74 16.78 16.92 16.30 273759
20150525 17.00 17.51 17.94 17.00 309952
20150526 17.51 17.55 17.90 17.11 350179
20150527 17.61 17.24 17.75 16.97 381760
20150528 17.23 17.11 18.60 16.88 552198
20150529 17.40 18.82 18.82 16.70 640914
20150601 18.60 19.60 20.35 18.60 569859
20150602 19.44 19.89 20.20 19.00 387630
20150603 19.85 19.40 20.16 19.20 253811
20150604 19.25 20.20 20.22 17.50 372955
20150605 20.55 20.67 21.20 20.10 379236
20150608 20.68 19.84 21.00 19.61 313836
20150609 19.99 21.48 21.80 19.88 436140
20150610 20.90 21.70 22.26 20.67 360201
20150611 21.50 21.53 21.90 21.20 229965
20150612 21.90 21.58 22.22 21.43 240500
20150615 21.80 22.16 22.89 21.76 277778
20150616 22.13 21.54 22.69 21.00 217984
20150617 21.50 21.16 21.98 19.88 241295
20150618 21.05 20.28 21.48 20.14 165386
20150619 19.90 18.25 20.50 18.25 160601
20150623 18.20 17.78 18.20 16.43 204055
20150624 17.91 18.25 18.53 17.55 193783
20150625 18.26 16.95 18.29 16.43 214563
20150626 16.59 15.26 16.59 15.26 241032
20150629 16.00 14.53 16.07 13.75 268698
20150630 14.57 15.65 15.73 13.10 239246
20150701 15.65 14.25 16.00 14.09 215489
20150702 14.56 12.83 14.70 12.83 231133
20150703 12.66 11.55 13.19 11.55 248622
20150706 12.71 11.49 12.71 10.40 384055
20150707 10.55 10.34 11.32 10.34 189343
20150708 9.31 9.56 10.12 9.31 641381
20150709 9.21 10.52 10.52 9.21 152990
20150710 11.02 11.57 11.57 11.02 80977
20150713 12.57 12.73 12.73 12.03 287735
20150714 12.90 13.09 13.89 12.50 367298
20150715 12.36 11.78 12.90 11.78 216576
20150716 11.78 12.11 12.55 10.85 171048
20150717 12.20 12.92 13.13 12.12 190816
20150720 12.90 12.96 13.28 12.39 190299
20150721 12.66 12.87 13.14 12.51 142335
20150722 12.99 13.26 13.35 12.77 175882
20150723 13.28 14.05 14.46 13.27 200237
20150724 13.90 13.54 14.16 13.30 208444
20150727 13.16 12.19 13.67 12.19 187554
20150728 11.94 11.79 12.50 11.11 207929
20150729 12.00 12.65 12.68 11.49 106206
20150730 12.39 12.30 13.08 12.10 111837
