20140102 10.84 10.73 10.86 10.67 532564
20140103 10.65 10.51 10.68 10.40 585298
20140106 10.50 10.46 10.52 10.32 653970
20140107 10.33 10.52 10.54 10.28 542563
20140108 10.52 10.63 10.69 10.46 492937
20140109 10.61 10.70 10.76 10.61 482233
20140110 10.69 10.80 10.82 10.61 629140
20140113 10.82 10.88 10.98 10.73 779716
20140114 10.85 10.75 10.92 10.65 448678
20140115 10.72 10.59 10.75 10.53 355733
20140116 10.59 10.55 10.63 10.52 275924
20140117 10.53 10.57 10.58 10.41 518745
20140120 10.51 10.47 10.60 10.42 275378
20140121 10.54 10.53 10.68 10.48 251592
20140122 10.56 10.70 10.78 10.48 501236
20140123 10.67 10.52 10.71 10.49 386341
20140124 10.48 10.43 10.56 10.39 522641
20140127 10.40 10.33 10.43 10.28 470787
20140128 10.35 10.44 10.47 10.34 397578
20140129 10.48 10.51 10.56 10.44 285381
20140130 10.49 10.36 10.49 10.32 265392
20140207 10.30 10.33 10.37 10.24 320835
20140210 10.37 10.43 10.44 10.35 542959
20140211 10.40 10.57 10.74 10.33 1084733
20140212 10.57 10.51 10.65 10.48 538027
20140213 10.47 10.53 10.75 10.43 971381
20140214 10.53 10.52 10.58 10.45 422660
20140217 10.60 10.51 10.64 10.47 619647
20140218 10.51 10.32 10.51 10.30 719371
20140219 10.32 10.51 10.59 10.28 1095953
20140220 10.51 10.35 10.61 10.34 666546
20140221 10.35 10.32 10.45 10.26 514326
20140224 10.27 10.08 10.27 10.05 844298
20140225 10.10 9.94 10.14 9.88 843107
20140226 9.90 10.02 10.08 9.89 423550
20140227 10.04 10.02 10.06 9.88 641572
20140228 10.00 9.93 10.06 9.83 627759
20140303 9.86 9.82 9.89 9.77 783099
20140304 9.80 9.75 9.80 9.66 748678
20140305 9.77 9.63 9.77 9.62 579111
20140306 9.62 9.73 9.78 9.60 549303
20140307 9.73 9.68 9.84 9.65 548203
20140310 9.61 9.47 9.63 9.45 709131
20140311 9.47 9.49 9.53 9.41 413460
20140312 9.46 9.61 9.67 9.42 586955
20140313 9.64 9.67 9.86 9.58 700617
20140314 9.64 9.56 9.64 9.50 577446
20140317 9.63 9.59 9.66 9.52 352786
20140318 9.58 9.59 9.68 9.56 448027
20140319 9.56 9.55 9.56 9.49 305359
20140320 9.55 9.46 9.63 9.45 363313
20140321 9.46 9.84 9.90 9.44 1143719
20140324 9.85 9.84 9.88 9.74 798450
20140325 9.84 9.79 9.90 9.76 419015
20140326 9.82 9.80 9.85 9.77 336327
20140327 9.80 9.79 9.93 9.67 728401
20140328 9.79 9.86 9.92 9.77 675623
20140331 9.85 9.82 9.90 9.72 539220
20140401 9.81 9.88 9.93 9.78 405535
20140402 9.88 9.97 10.01 9.86 469731
20140403 10.00 9.88 10.05 9.85 376115
20140404 9.84 9.95 9.96 9.80 289837
20140408 9.95 10.24 10.39 9.95 1256475
20140409 10.23 10.18 10.29 10.16 495461
20140410 10.20 10.41 10.58 10.13 1257410
20140411 10.40 10.39 10.45 10.30 837004
20140414 10.39 10.31 10.48 10.22 445360
20140415 10.25 10.06 10.27 10.01 558988
20140416 10.05 10.11 10.17 10.02 323000
20140417 10.15 10.09 10.19 10.07 249855
20140418 10.03 10.01 10.10 9.93 449418
20140421 9.96 9.84 10.06 9.82 452250
20140422 9.84 9.94 9.98 9.82 397713
20140423 9.93 9.94 10.03 9.91 384279
20140424 9.97 9.99 10.11 9.92 415197
20140425 10.08 10.07 10.24 9.99 728270
20140428 10.14 10.06 10.17 9.98 577432
20140429 10.08 10.11 10.15 9.99 559273
20140430 10.12 10.03 10.14 10.02 384652
20140505 10.00 9.94 10.02 9.79 560112
20140506 9.92 9.87 10.00 9.85 249921
20140507 9.87 9.86 9.92 9.85 331782
20140508 9.86 9.89 10.04 9.83 347424
20140509 9.93 9.91 9.98 9.89 289613
20140512 9.96 10.03 10.08 9.92 465850
20140513 10.03 9.99 10.04 9.96 240246
20140514 10.00 9.99 10.06 9.97 284904
20140515 9.99 9.98 10.04 9.96 263203
20140516 10.03 10.03 10.07 9.98 380200
20140519 10.00 9.86 10.02 9.79 509744
20140520 9.87 9.88 9.93 9.83 254929
20140521 9.81 9.95 9.97 9.81 206924
20140522 9.95 9.96 10.10 9.93 345990
20140523 9.99 10.07 10.08 9.96 253655
20140526 10.15 10.08 10.16 10.04 360808
20140527 10.08 10.11 10.17 10.05 408484
20140528 10.11 10.20 10.21 10.09 451230
20140529 10.22 10.15 10.25 10.15 395608
20140530 10.15 10.15 10.24 10.13 220714
20140603 10.14 10.18 10.27 10.07 362995
20140604 10.19 10.10 10.20 10.06 274626
20140605 10.12 10.16 10.18 10.03 399444
20140606 10.16 10.00 10.16 9.94 575421
20140609 9.96 10.00 10.14 9.96 424593
20140610 10.06 10.15 10.16 9.99 694025
20140611 10.12 10.12 10.19 10.07 372119
20140612 10.10 10.07 10.12 10.04 338853
20140613 10.06 10.22 10.27 10.05 712121
20140616 10.23 10.39 10.46 10.17 907402
20140617 10.38 10.32 10.38 10.27 502604
20140618 10.32 10.25 10.37 10.24 427681
20140619 10.30 10.19 10.32 10.15 448412
20140620 10.20 10.21 10.24 10.15 452401
20140623 10.21 10.10 10.22 10.09 413421
20140624 10.10 10.18 10.19 10.09 318114
20140625 10.18 10.14 10.19 10.11 306744
20140626 10.17 10.24 10.28 10.15 371089
20140627 10.21 10.18 10.26 10.16 407411
20140630 10.18 10.24 10.26 10.18 390666
20140701 10.25 10.23 10.28 10.20 338596
20140702 10.23 10.26 10.28 10.22 382684
20140703 10.27 10.34 10.35 10.25 551895
20140704 10.33 10.34 10.37 10.31 329355
20140707 10.34 10.32 10.36 10.30 321830
20140708 10.32 10.37 10.39 10.30 366791
20140709 10.36 10.24 10.37 10.22 504461
20140710 10.25 10.26 10.32 10.25 425212
20140711 9.65 9.69 9.74 9.63 488737
20140714 9.69 9.75 9.75 9.64 464433
20140715 9.75 9.78 9.79 9.71 449031
20140716 9.78 9.79 9.84 9.74 456930
20140717 9.79 9.74 9.79 9.71 299212
20140718 9.74 9.79 9.83 9.72 458729
20140721 9.79 9.81 9.82 9.75 306667
20140722 9.82 9.98 10.06 9.79 909242
20140723 9.97 10.07 10.13 9.96 787754
20140724 10.07 10.34 10.40 10.07 1416128
20140725 10.38 10.49 10.50 10.37 775555
20140728 10.58 10.97 11.03 10.58 1780572
20140729 10.98 11.03 11.14 10.91 1061171
20140730 11.03 10.99 11.17 10.92 888114
20140731 10.93 11.07 11.08 10.89 698959
20140801 11.03 11.02 11.32 10.99 968192
20140804 11.02 11.25 11.25 11.00 811925
20140805 11.24 11.18 11.25 11.11 632376
20140806 11.10 10.98 11.10 10.90 854254
20140807 10.93 10.74 11.07 10.72 756617
20140808 10.79 10.83 10.85 10.69 588700
20140811 10.86 11.08 11.12 10.84 614892
20140812 10.98 10.91 11.03 10.87 560070
20140813 10.91 10.83 11.00 10.80 629019
20140814 10.83 10.74 10.93 10.67 905361
20140815 10.73 10.79 10.86 10.67 574984
20140818 10.80 10.80 10.88 10.76 482833
20140819 10.80 10.78 10.82 10.70 420857
20140820 10.74 10.72 10.78 10.68 350769
20140821 10.72 10.60 10.72 10.51 549423
20140822 10.56 10.71 10.73 10.53 402055
20140825 10.72 10.58 10.74 10.53 400540
20140826 10.58 10.60 10.64 10.53 376545
20140827 10.56 10.57 10.63 10.51 372057
20140828 10.57 10.47 10.57 10.43 532492
20140829 10.53 10.56 10.57 10.45 311516
20140901 10.59 10.54 10.61 10.50 446646
20140902 10.56 10.69 10.72 10.47 850663
20140903 10.68 10.78 10.84 10.66 821786
20140904 10.79 10.83 10.87 10.72 581841
20140905 10.86 10.93 10.95 10.85 711097
20140909 10.93 10.80 10.97 10.79 526756
20140910 10.70 10.71 10.79 10.66 470452
20140911 10.70 10.63 10.81 10.62 770928
20140912 10.61 10.69 10.70 10.58 372888
20140915 10.61 10.62 10.66 10.56 582191
20140916 10.63 10.58 10.75 10.56 831012
20140917 10.65 10.58 10.66 10.52 615920
20140918 10.53 10.57 10.66 10.49 772945
20140919 10.56 10.62 10.64 10.53 596316
20140922 10.56 10.36 10.57 10.32 786710
20140923 10.35 10.39 10.43 10.31 517968
20140924 10.34 10.57 10.60 10.33 859530
20140925 10.65 10.50 10.66 10.46 736184
20140926 10.47 10.45 10.51 10.40 426162
20140929 10.45 10.40 10.48 10.36 748088
20140930 10.41 10.39 10.44 10.36 539375
20141008 10.41 10.45 10.46 10.35 808766
20141009 10.45 10.45 10.54 10.40 812066
20141010 10.41 10.47 10.52 10.39 730453
20141013 10.41 10.42 10.47 10.35 651393
20141014 10.39 10.36 10.44 10.34 542721
20141015 10.34 10.42 10.42 10.31 524514
20141016 10.37 10.39 10.52 10.34 860607
20141017 10.39 10.37 10.45 10.32 579617
20141020 10.42 10.39 10.43 10.35 451237
20141021 10.39 10.37 10.42 10.36 517767
20141022 10.37 10.36 10.43 10.35 690877
20141023 10.36 10.39 10.44 10.35 734758
20141024 10.40 10.36 10.45 10.35 658307
20141027 10.33 10.16 10.34 10.13 897505
20141028 10.19 10.28 10.29 10.16 841953
20141029 10.29 10.38 10.45 10.27 948177
20141030 10.39 10.47 10.52 10.36 984867
20141031 10.51 10.80 10.92 10.50 2309662
20141103 10.85 10.69 10.87 10.66 1075853
20141104 10.67 10.60 10.67 10.57 810870
20141105 10.58 10.51 10.62 10.50 580824
20141106 10.59 10.55 10.59 10.51 501132
20141107 10.55 10.57 10.79 10.51 1426038
20141110 10.74 10.76 10.80 10.60 1393278
20141111 10.79 11.02 11.24 10.77 3737211
20141112 10.91 10.99 11.00 10.81 1385872
20141113 11.02 10.97 11.16 10.91 1546529
20141114 10.93 10.92 10.98 10.78 885592
20141117 11.02 10.80 11.08 10.80 985932
20141118 10.81 10.63 10.84 10.57 1110287
20141119 10.61 10.64 10.68 10.60 617485
20141120 10.60 10.59 10.69 10.55 870999
20141121 10.62 10.80 10.85 10.56 1227197
20141124 10.67 10.86 10.95 10.63 1979351
20141125 10.85 11.11 11.21 10.81 2219522
20141126 11.12 11.33 11.36 11.09 2786578
20141127 11.40 11.40 11.56 11.24 2565696
20141128 11.39 12.15 12.30 11.25 5052034
20141201 12.16 12.11 12.55 11.91 3657728
20141202 11.97 12.70 13.00 11.93 3861348
20141203 12.76 12.65 13.13 12.39 4230860
20141204 12.85 13.64 13.88 12.70 4876202
20141205 13.90 13.95 14.50 13.30 6397785
20141208 13.80 13.96 14.25 13.42 7204279
20141209 13.70 13.04 14.60 12.70 7594923
20141210 13.16 14.12 14.20 12.55 5472089
20141211 14.29 14.24 14.96 13.92 5959062
20141212 14.04 13.91 14.44 13.62 3769473
20141215 13.71 13.62 13.71 13.31 2354855
20141216 13.59 14.20 14.21 13.48 3827980
20141217 14.25 15.10 15.47 13.98 8431933
20141218 15.12 14.73 15.20 14.60 4161166
20141219 14.75 14.92 15.16 14.46 3494293
20141222 15.00 15.37 16.00 14.93 5664355
20141223 15.10 15.03 15.66 14.63 4348084
20141224 15.00 14.30 15.01 14.00 3990704
20141225 14.51 14.76 14.97 14.34 3680294
20141226 14.88 15.34 15.38 14.71 4229379
20141229 15.89 15.29 16.23 15.01 5290367
20141230 15.39 15.68 15.84 15.31 3911958
20141231 15.64 16.59 16.62 15.46 6671289
20150105 16.56 16.68 17.07 16.25 5001871
20150106 16.40 16.42 17.20 16.29 4268772
20150107 16.20 16.16 16.56 15.94 2961696
20150108 16.25 15.57 16.34 15.53 2929211
20150109 15.56 15.71 16.56 15.36 4613634
20150112 15.70 15.60 15.90 15.20 2870027
20150113 15.52 15.43 15.78 15.35 1702516
20150114 15.57 15.71 15.90 15.50 2271408
20150115 15.71 16.18 16.19 15.60 2646841
20150116 16.27 16.24 16.50 16.07 3125507
20150119 14.62 14.63 15.40 14.62 4990406
20150120 14.75 14.64 14.98 14.34 3044808
20150121 14.80 15.30 15.47 14.59 3470440
20150122 15.30 15.13 15.31 14.96 2156662
20150123 15.23 15.17 15.50 15.11 2494226
20150126 15.19 15.03 15.24 14.87 1780964
20150127 15.05 14.71 15.10 14.45 2569419
20150128 14.60 14.53 14.84 14.41 1741448
20150129 14.31 14.37 14.43 14.15 1775306
20150130 14.43 14.34 14.62 14.20 1818087
20150202 13.98 14.09 14.30 13.86 1557868
20150203 14.35 14.57 14.60 14.20 1748843
20150204 14.60 14.30 14.72 14.28 1296214
20150205 15.00 14.32 15.05 14.30 3370617
20150206 14.28 14.25 14.58 14.15 1638355
20150209 14.25 14.41 14.54 14.00 1719246
20150210 14.47 14.66 14.75 14.33 1535259
20150211 14.69 14.64 14.79 14.56 935841
20150212 14.69 14.57 14.70 14.38 807480
20150213 14.62 14.63 14.85 14.51 1504714
20150216 14.40 14.46 14.49 14.30 1333875
20150217 14.45 14.52 14.61 14.41 923713
20150225 14.50 14.30 14.54 14.18 1267476
20150226 14.29 14.67 14.73 14.19 1559566
20150227 14.70 14.70 15.00 14.65 1456164
20150302 14.78 14.57 14.83 14.41 2192373
20150303 14.48 14.17 14.51 14.15 1744176
20150304 14.33 14.21 14.33 14.10 1259207
20150305 14.04 13.91 14.11 13.81 1735485
20150306 13.92 14.05 14.09 13.91 1021773
20150309 14.06 14.68 14.87 13.80 3161251
20150310 14.49 14.29 14.59 14.23 1862956
20150311 14.35 14.45 14.73 14.31 1681848
20150312 14.75 15.13 15.43 14.59 3830028
20150313 15.17 15.10 15.55 15.03 2813042
20150316 15.27 15.36 15.46 15.04 2218602
20150317 15.41 15.41 15.50 15.25 2394924
20150318 15.41 15.74 15.77 15.35 2460585
20150319 15.74 15.68 15.90 15.47 2345900
20150320 15.67 15.69 15.96 15.33 3149957
20150323 15.82 15.79 15.89 15.63 2462740
20150324 15.78 15.56 15.80 15.54 2637191
20150325 15.42 15.16 15.52 15.06 2167538
20150326 15.08 15.22 15.42 14.98 1807993
20150327 15.22 15.26 15.43 15.10 1542871
20150330 15.42 15.74 15.83 15.30 3044764
20150331 15.95 15.57 16.41 15.45 4025621
20150401 15.59 15.73 15.91 15.55 2439661
20150402 15.90 15.66 15.98 15.45 2389555
20150413 17.23 17.23 17.23 17.23 553073
20150414 17.97 17.48 17.97 17.37 6585476
20150415 17.43 17.87 18.29 17.36 4374860
20150416 17.87 18.81 18.84 17.76 4049866
20150417 18.96 18.32 19.45 18.28 5436755
20150420 18.70 17.81 18.70 17.60 5308511
20150421 17.96 18.17 18.18 17.82 2635424
20150422 18.47 18.41 18.50 18.06 3408396
20150423 18.50 18.17 18.67 18.07 2737717
20150424 17.88 17.70 18.10 17.41 2917599
20150427 17.80 18.44 18.60 17.80 4072635
20150428 18.42 18.36 19.23 18.10 5094257
20150429 18.60 18.48 18.86 18.41 3738079
20150430 18.50 18.22 18.80 18.19 2664573
20150504 18.23 18.16 18.35 18.02 2134037
20150505 18.05 17.45 18.10 17.21 2683454
20150506 17.60 17.54 18.00 17.30 2612905
20150507 17.51 17.69 17.94 17.41 2213697
20150508 17.78 17.70 18.10 17.40 2186832
20150511 17.51 17.91 17.95 17.34 2772080
20150512 17.82 17.77 17.94 17.56 2239252
20150513 17.87 17.54 17.98 17.43 2262093
20150514 17.55 17.49 17.80 17.40 1844438
20150515 17.42 17.16 17.66 16.90 2147432
20150518 17.01 16.85 17.18 16.84 1599457
20150519 16.85 17.63 17.69 16.79 2492327
20150520 17.63 18.04 18.60 17.61 3540802
20150521 18.24 18.16 18.49 17.91 1971715
20150522 18.33 18.70 18.71 18.21 3119853
20150525 19.00 19.22 19.36 19.00 3289330
20150526 19.24 19.20 19.39 18.92 2828929
20150527 19.21 19.07 19.52 18.82 2411683
20150528 19.06 17.92 19.13 17.85 2929423
20150529 17.97 18.07 18.20 17.45 2615510
20150601 17.92 18.83 18.99 17.62 2809272
20150602 18.82 18.95 19.14 18.53 2540376
20150603 19.00 19.45 19.60 18.55 3585090
20150604 19.44 20.44 20.65 18.92 4959790
20150605 20.99 19.99 21.21 19.51 3777124
20150608 20.04 21.13 21.20 19.61 5159641
20150609 21.15 20.83 21.70 20.61 3661244
20150610 20.51 20.47 21.17 20.36 2529208
20150611 20.57 20.36 20.80 20.07 2271115
20150612 20.58 20.31 20.77 20.10 2451794
20150615 20.48 19.50 20.73 19.33 3212209
20150616 19.50 19.29 19.80 19.00 2444647
20150617 19.62 19.43 19.77 19.28 2527393
20150618 19.20 18.79 19.35 18.73 2114489
20150619 19.00 18.00 19.09 17.90 2500307
20150623 18.06 18.87 19.00 17.72 2879322
20150624 18.65 18.93 19.08 18.20 2731337
20150625 19.49 18.44 19.59 18.31 3273068
20150626 18.16 17.40 18.68 16.86 3935682
20150629 17.70 17.43 18.29 16.13 4720206
20150630 17.60 18.72 19.00 17.60 4910956
20150701 18.33 18.21 18.66 18.06 2936742
20150702 18.81 18.65 19.18 17.95 5247746
20150703 17.98 17.61 18.34 16.90 4073227
20150706 19.00 18.82 19.00 18.19 8146897
20150707 18.60 20.21 20.50 18.00 8739488
20150708 19.00 18.41 20.80 18.19 9432931
20150709 17.50 19.00 19.95 16.85 5886268
20150710 18.57 18.99 20.25 18.30 7072022
20150713 18.51 18.31 18.88 18.04 3892684
20150714 18.02 17.87 18.18 17.51 3558347
20150715 17.78 18.48 18.51 17.71 3707645
20150716 18.48 18.15 18.49 17.80 2277382
20150717 18.35 18.36 18.43 18.01 1841949
20150720 18.26 18.44 18.49 18.05 1913055
20150721 18.27 18.08 18.50 18.01 1417100
20150722 17.91 17.85 18.00 17.73 1471002
20150723 17.76 17.94 18.04 17.56 1549408
20150724 18.00 17.90 18.19 17.82 1686398
20150727 17.75 16.70 17.88 16.67 2072405
20150728 16.57 17.04 17.35 16.44 2930593
20150729 17.04 17.16 17.27 16.90 1518162
20150730 17.15 16.98 17.33 16.98 1105413
