20140102 8.31 8.39 8.44 8.28 56371
20140103 8.39 8.25 8.43 8.00 52665
20140106 8.20 7.70 8.20 7.69 97705
20140107 7.65 7.71 7.95 7.56 31081
20140108 7.72 7.49 7.92 7.45 48901
20140109 7.47 7.30 7.71 7.28 85832
20140110 7.28 7.32 7.52 7.25 76693
20140113 7.36 7.49 7.60 7.31 51010
20140114 7.49 7.62 7.65 7.41 66163
20140115 7.60 7.54 7.62 7.48 37703
20140116 7.55 7.69 7.75 7.47 49899
20140117 7.65 7.55 7.65 7.41 45004
20140120 7.49 7.50 7.60 7.41 19369
20140121 7.53 7.89 7.96 7.49 73702
20140122 7.93 8.68 8.68 7.93 165070
20140123 8.85 8.75 9.08 8.50 173790
20140124 8.58 8.94 9.50 8.32 251779
20140127 8.85 8.87 9.00 8.71 72858
20140128 8.85 8.80 9.00 8.65 43837
20140129 8.72 9.08 9.17 8.70 77517
20140130 9.00 8.84 9.00 8.73 51098
20140207 8.74 8.96 8.97 8.35 133123
20140210 9.00 9.86 9.86 8.95 202495
20140211 9.76 9.93 10.09 9.60 134165
20140212 9.92 10.29 10.90 9.81 179693
20140213 10.23 10.39 10.77 9.99 144610
20140214 10.49 10.72 10.87 10.00 130162
20140217 10.72 10.82 10.85 10.46 109906
20140218 10.80 10.57 10.80 10.05 147852
20140219 10.44 10.86 11.05 10.20 169709
20140220 11.20 10.20 11.38 10.11 232153
20140221 10.22 9.87 10.49 9.58 172220
20140224 9.71 8.88 9.71 8.88 287769
20140225 8.92 9.01 9.34 8.63 222491
20140226 8.90 8.83 8.95 8.54 94852
20140227 8.95 8.47 9.06 8.45 108753
20140228 8.48 8.72 8.75 8.23 76204
20140303 8.67 8.90 8.94 8.43 99360
20140304 8.85 8.58 8.94 8.57 104400
20140305 8.60 8.59 8.72 8.53 61931
20140306 8.59 8.88 9.08 8.37 131423
20140307 8.93 8.54 8.94 8.50 108996
20140310 8.40 7.87 8.42 7.85 100036
20140311 7.80 8.11 8.30 7.80 123810
20140312 8.04 8.17 8.42 7.97 82435
20140313 8.17 8.14 8.35 8.08 51180
20140314 8.12 8.03 8.18 7.90 62597
20140317 8.08 8.60 8.66 8.01 111379
20140318 8.68 8.67 8.81 8.41 79355
20140319 8.60 9.10 9.45 8.40 155908
20140320 9.10 8.95 9.70 8.91 174112
20140321 8.80 9.27 9.38 8.71 136194
20140324 9.35 9.40 9.59 9.22 129874
20140325 9.40 9.20 9.50 9.16 66205
20140326 9.20 9.06 9.30 9.00 84728
20140327 9.00 9.37 9.53 8.92 124507
20140328 9.21 9.59 9.75 9.21 156898
20140331 9.63 9.30 9.75 9.20 91811
20140401 9.24 9.35 9.58 9.12 66596
20140402 9.24 9.79 9.98 9.24 171762
20140403 9.78 9.54 9.78 9.46 66878
20140404 9.52 9.44 9.59 9.30 49576
20140408 9.38 9.52 9.54 9.35 49507
20140409 9.55 9.36 9.60 9.28 64304
20140410 9.39 9.30 9.43 9.21 50630
20140411 9.30 9.08 9.30 9.04 50403
20140414 9.08 9.17 9.22 9.07 32575
20140415 9.19 9.24 9.45 9.13 54470
20140416 9.25 9.54 9.55 9.21 71928
20140417 9.57 9.41 9.63 9.36 42155
20140418 9.37 9.18 9.37 9.10 56180
20140421 9.10 8.98 9.21 8.95 40996
20140422 9.00 8.90 9.07 8.64 49856
20140423 8.86 8.77 8.91 8.68 28468
20140424 8.75 8.93 9.19 8.70 60577
20140425 8.90 8.61 9.01 8.48 39218
20140428 8.60 8.48 8.95 8.48 59034
20140429 8.44 8.50 8.66 8.33 37542
20140430 8.58 8.72 8.76 8.53 42098
20140505 8.65 8.81 8.85 8.56 22651
20140506 8.82 9.01 9.02 8.77 29574
20140507 8.93 9.05 9.19 8.80 66187
20140508 8.99 9.10 9.18 8.98 27997
20140509 9.09 8.83 9.09 8.78 25494
20140512 8.83 8.84 8.97 8.67 48003
20140513 8.81 9.17 9.18 8.78 55101
20140514 9.30 9.29 9.49 9.21 67709
20140515 9.19 9.29 9.41 9.15 47128
20140516 9.27 9.30 9.37 9.20 24964
20140519 9.27 8.85 9.27 8.78 51726
20140520 8.85 8.83 8.94 8.75 30317
20140521 8.75 8.86 8.86 8.55 19604
20140522 8.77 8.74 8.99 8.74 22638
20140523 8.79 8.95 9.03 8.74 32362
20140526 8.93 8.94 9.05 8.89 22777
20140527 8.91 8.83 8.98 8.82 18075
20140528 8.83 9.01 9.03 8.74 30718
20140529 9.00 8.84 9.12 8.81 23038
20140530 8.81 8.74 8.87 8.61 27818
20140603 8.74 8.57 8.74 8.52 38124
20140604 8.57 8.26 8.57 8.23 46915
20140605 8.28 8.30 8.37 8.24 53483
20140606 8.34 8.19 8.36 8.13 20176
20140609 8.16 8.16 8.33 8.13 28411
20140610 8.19 8.27 8.30 8.03 34365
20140611 8.27 8.25 8.27 8.16 14437
20140612 8.27 8.10 8.27 8.07 19299
20140613 8.11 8.20 8.20 8.10 14763
20140616 8.22 8.26 8.31 8.21 29435
20140617 8.26 8.31 8.35 8.22 28697
20140618 8.38 8.15 8.38 8.11 36382
20140619 8.13 7.94 8.15 7.89 39757
20140620 7.92 7.89 7.98 7.81 45897
20140623 7.90 7.88 7.97 7.82 18715
20140624 7.92 7.88 7.94 7.84 21947
20140625 7.89 7.86 7.97 7.84 26676
20140626 7.87 7.94 7.97 7.86 23975
20140627 7.98 8.12 8.14 7.88 42709
20140630 8.18 8.38 8.59 8.15 60082
20140701 8.30 8.23 8.43 8.10 27673
20140702 8.20 8.27 8.30 8.11 19739
20140703 8.28 8.23 8.29 8.12 29084
20140704 8.21 8.17 8.28 8.09 35595
20140707 8.16 8.15 8.29 8.03 32088
20140708 8.13 8.26 8.31 8.10 53423
20140709 8.29 8.07 8.33 8.07 41741
20140710 8.02 8.08 8.15 8.02 21736
20140711 8.09 8.27 8.34 8.09 44780
20140714 8.28 8.32 8.39 8.10 30199
20140715 8.29 8.25 8.32 8.16 23190
20140716 8.27 8.66 8.74 8.27 120611
20140717 8.67 8.65 8.76 8.56 60482
20140718 8.58 9.11 9.35 8.55 141562
20140721 9.13 9.19 9.25 9.08 53992
20140722 9.09 9.27 9.45 9.09 74036
20140723 9.28 9.23 9.48 9.22 45961
20140724 9.22 9.65 10.05 9.20 103031
20140725 10.00 9.79 10.00 9.65 56729
20140728 9.80 9.97 10.13 9.61 76238
20140729 10.12 10.77 10.82 9.80 144874
20140730 10.68 10.24 10.75 10.19 138831
20140731 10.31 10.18 10.45 9.88 78290
20140801 10.07 9.89 10.13 9.83 64378
20140804 9.96 10.10 10.14 9.88 70517
20140805 10.02 10.01 10.20 9.82 45937
20140806 10.15 10.17 10.28 9.99 68675
20140807 10.14 10.00 10.26 9.98 32276
20140808 10.00 9.90 10.01 9.85 47485
20140811 9.91 10.06 10.07 9.90 44839
20140812 10.07 10.40 10.46 10.05 77297
20140813 10.40 10.35 10.50 10.20 55266
20140814 10.35 10.35 10.55 10.31 33332
20140815 10.31 10.83 10.99 10.31 76616
20140818 10.74 10.62 10.78 10.50 88073
20140819 10.61 10.54 10.64 10.38 54761
20140820 10.68 10.43 10.85 10.37 55232
20140821 10.43 10.35 10.55 10.16 46119
20140822 10.36 10.33 10.49 10.26 31062
20140825 10.34 10.61 10.73 10.30 69914
20140826 10.60 10.36 10.71 10.34 44261
20140827 10.40 10.18 10.43 10.01 39326
20140828 9.98 10.08 10.38 9.96 27359
20140829 10.07 10.15 10.27 9.98 34903
20140901 10.14 10.19 10.30 10.09 44688
20140902 10.50 10.44 10.78 10.37 91589
20140903 10.35 10.81 10.97 10.35 132398
20140904 10.85 10.89 11.05 10.70 89350
20140905 11.04 11.02 11.17 10.80 60298
20140909 11.01 10.86 11.09 10.80 42977
20140910 10.86 10.67 10.86 10.48 57789
20140911 10.65 10.67 10.88 10.55 63306
20140912 10.62 10.74 10.77 10.60 41250
20140915 10.70 10.63 10.73 10.45 86142
20140916 10.59 10.10 10.62 10.04 62041
20140917 10.10 10.08 10.18 9.88 47026
20140918 10.08 10.06 10.09 9.94 37108
20140919 10.07 10.25 10.37 10.05 42899
20140922 10.23 10.72 10.88 10.11 108906
20140923 10.60 10.70 10.71 10.37 74920
20140924 10.66 10.72 10.80 10.51 42949
20140925 10.75 10.67 10.85 10.65 43897
20140926 10.70 10.58 10.70 10.49 37276
20140929 10.61 10.51 10.69 10.47 40783
20140930 10.53 10.55 10.61 10.48 24860
20141008 10.90 10.68 11.00 10.62 74402
20141009 10.70 10.73 10.86 10.60 56774
20141010 10.71 11.09 11.21 10.64 109954
20141013 11.08 11.10 11.24 10.93 64724
20141014 11.08 10.86 11.08 10.82 56396
20141015 10.85 11.45 11.60 10.70 98932
20141016 11.35 11.28 11.63 11.23 60992
20141017 11.28 11.26 11.54 10.86 73892
20141020 11.33 11.28 11.45 11.05 48985
20141021 11.34 11.20 11.40 11.15 23838
20141022 11.16 10.70 11.18 10.60 52954
20141023 10.62 10.31 10.62 10.05 66695
20141024 10.29 10.27 10.39 10.18 25414
20141027 10.28 10.54 10.66 10.13 41624
20141028 10.52 11.47 11.54 10.52 137047
20141029 11.40 12.50 12.62 11.34 213532
20141030 12.30 12.87 13.06 12.19 179909
20141031 12.85 12.49 13.20 12.32 120755
20141103 12.48 12.67 12.95 12.41 72750
20141104 12.65 12.50 12.90 12.50 71561
20141105 12.44 12.93 13.10 12.30 82286
20141106 12.85 13.40 13.75 12.85 79630
20141107 13.40 13.84 13.85 13.20 85388
20141110 14.40 13.85 14.62 13.50 121658
20141111 13.82 13.90 14.14 13.21 117089
20141112 13.72 13.90 14.33 13.68 80462
20141113 13.81 14.29 14.45 13.81 123194
20141114 14.21 13.80 14.40 13.53 90400
20141117 13.89 14.17 14.39 13.60 66877
20141118 14.20 14.68 14.88 14.00 111372
20141119 14.50 14.39 14.60 14.28 48732
20141120 14.45 13.73 14.45 13.40 109563
20141121 13.68 15.10 15.10 13.64 161543
20141124 16.00 16.61 16.61 15.88 159340
20141125 17.35 17.05 17.58 16.33 250543
20141126 17.15 17.42 17.50 16.58 177874
20141127 17.40 16.97 17.50 16.72 143793
20141128 16.76 17.58 18.23 16.52 160060
20141201 17.25 17.13 17.77 16.32 143590
20141202 16.99 18.84 18.84 16.66 137441
20141203 19.50 19.25 20.72 18.35 246111
20141204 19.26 20.40 20.78 19.16 164219
20141205 20.40 22.13 22.44 19.40 215778
20141208 22.60 24.29 24.34 22.60 193555
20141209 24.00 21.92 25.65 21.86 319248
20141210 21.35 24.11 24.11 21.25 250082
20141211 23.80 24.94 25.47 23.31 189048
20141212 24.30 23.77 24.90 23.00 111365
20141215 24.68 22.59 24.70 22.00 163452
20141216 22.60 23.12 23.22 21.41 166000
20141217 22.99 23.16 23.75 22.32 136490
20141218 23.48 22.45 24.11 22.28 155533
20141219 22.68 20.92 22.68 20.21 203527
20141222 20.85 18.83 20.85 18.83 137972
20141224 18.50 19.31 19.78 18.00 141213
20141225 19.00 19.53 20.08 18.60 114600
20141226 19.74 20.60 20.80 19.17 127718
20141229 20.97 21.95 22.32 20.27 171958
20141230 21.95 21.35 22.30 21.15 85633
20141231 21.66 22.00 22.58 20.00 126776
20150105 22.04 22.07 23.50 22.04 146713
20150106 21.03 20.49 21.80 19.90 147550
20150107 20.20 19.99 20.66 19.65 99128
20150108 20.28 19.62 20.30 19.48 64598
20150109 19.71 19.81 20.50 19.39 90187
20150112 19.80 18.99 19.80 18.20 55559
20150113 18.86 20.09 20.17 18.70 67386
20150114 20.52 20.22 21.60 20.10 87611
20150115 20.00 20.50 21.05 19.50 65075
20150116 20.55 21.70 22.14 20.55 146722
20150119 20.78 19.90 21.26 19.73 78420
20150120 19.92 20.98 20.99 19.92 69382
20150121 21.44 22.26 22.75 21.00 154559
20150122 22.26 22.50 23.33 21.88 86992
20150123 22.44 22.95 23.50 21.70 103214
20150126 23.04 22.99 23.36 22.60 62385
20150127 22.91 22.17 22.99 21.50 93883
20150128 22.10 21.78 22.18 21.40 69524
20150129 21.57 23.27 23.40 21.32 122991
20150130 23.23 24.70 25.45 22.90 177435
20150202 24.00 24.77 25.44 23.51 125328
20150203 24.77 25.24 25.34 24.11 85235
20150204 26.50 26.47 27.40 25.80 153974
20150205 27.80 25.79 27.80 24.30 323326
20150206 25.10 24.63 25.10 24.10 163331
20150209 24.36 23.77 24.46 23.32 79186
20150210 24.30 24.49 25.27 24.21 94895
20150211 24.80 25.14 25.95 24.75 108235
20150212 24.68 24.88 25.58 24.68 66566
20150213 25.00 25.22 25.86 24.20 172227
20150216 25.22 25.65 25.79 24.95 81301
20150217 25.90 27.43 27.50 25.76 135289
20150225 28.15 27.28 28.40 26.98 106850
20150226 27.01 27.21 28.00 26.71 70469
20150227 27.00 26.71 27.30 26.49 81270
20150302 27.34 26.35 27.34 25.94 128205
20150303 26.26 25.37 26.26 25.36 130853
20150304 25.39 24.81 25.66 24.35 140209
20150305 24.95 24.65 24.95 24.30 95409
20150306 24.66 25.60 25.80 24.48 129044
20150309 25.80 25.24 25.80 24.55 71151
20150310 25.32 25.40 25.75 24.50 91310
20150311 25.13 25.57 25.76 25.10 90418
20150312 25.57 25.18 25.60 24.80 74915
20150313 25.19 25.40 25.54 24.89 70397
20150316 25.62 25.75 25.97 25.03 153738
20150317 25.82 25.66 26.19 25.45 101945
20150318 25.40 25.28 25.58 24.90 212725
20150319 25.42 25.46 25.76 25.22 147400
20150320 25.65 26.16 26.62 25.40 263841
20150323 26.33 26.82 26.99 26.30 237618
20150324 27.31 28.06 28.10 26.83 297267
20150325 28.58 28.08 30.31 28.00 341270
20150326 27.90 26.92 27.90 26.69 226012
20150327 27.10 27.84 27.98 27.01 149302
20150330 27.70 28.73 30.52 26.45 507786
20150331 29.55 27.29 29.59 27.25 394955
20150401 27.39 27.02 27.88 26.72 267895
20150402 27.02 27.09 27.35 26.73 170252
20150403 27.00 26.72 27.00 26.59 179703
20150407 26.81 27.44 27.60 26.56 229965
20150408 27.48 27.29 27.61 26.78 174792
20150409 27.30 27.52 27.57 26.01 250908
20150428 30.27 30.27 30.27 30.27 29628
20150429 30.99 29.23 30.99 28.50 421629
20150430 29.60 29.59 30.60 28.61 294481
20150504 29.15 29.00 29.60 28.49 222800
20150505 28.80 27.06 28.93 27.00 202406
20150506 27.00 26.14 27.53 25.88 130723
20150507 26.00 25.65 26.64 25.40 98518
20150508 25.70 26.69 26.85 25.70 107283
20150511 27.59 27.35 27.69 27.00 191576
20150512 27.35 27.00 27.45 26.51 163159
20150513 26.70 27.31 27.35 26.44 186063
20150514 27.00 26.71 27.40 26.65 129631
20150515 26.60 26.86 27.34 25.87 146397
20150518 26.80 28.05 28.36 26.20 226140
20150519 28.09 29.45 29.88 28.09 231861
20150520 29.55 28.81 29.85 28.78 207270
20150521 28.70 29.53 29.85 28.65 205864
20150522 29.75 31.34 32.28 29.28 258074
20150525 30.71 32.14 32.64 30.71 227087
20150526 32.99 33.86 35.18 32.66 210191
20150527 33.90 36.40 37.10 33.71 246359
20150528 36.49 32.76 37.80 32.76 257611
20150529 32.71 35.93 36.00 30.28 248582
20150601 37.20 39.49 39.52 37.20 231866
20150602 40.00 42.48 42.71 39.62 191582
20150603 43.48 40.79 43.55 39.30 215422
20150604 41.00 40.09 41.05 36.92 184867
20150605 40.81 40.93 41.83 39.40 190573
20150608 40.80 39.43 40.88 38.93 143990
20150609 40.49 39.21 42.64 39.02 179630
20150610 38.69 39.74 40.98 37.99 139571
20150611 39.77 40.22 40.40 39.19 102558
20150612 40.28 40.01 41.48 39.96 96266
20150615 40.01 38.30 41.00 37.89 117068
20150616 37.99 35.60 38.49 34.89 183738
20150617 35.45 36.69 36.88 33.10 118824
20150618 36.70 35.36 38.29 34.51 118379
20150619 34.99 32.20 36.00 31.88 106368
20150623 32.00 34.16 34.78 30.65 105128
20150624 35.05 34.00 35.42 32.99 117758
20150625 34.06 31.54 34.58 30.95 104927
20150626 30.90 28.39 30.90 28.39 132242
20150629 29.90 29.32 30.66 25.81 331217
20150630 28.90 32.25 32.25 28.10 248567
20150701 32.00 31.15 34.47 30.50 250338
20150702 31.90 28.55 32.25 28.28 235448
20150703 27.00 25.73 29.43 25.70 201335
20150706 28.02 23.99 28.02 23.16 323638
20150707 22.80 21.59 23.10 21.59 90378
20150710 23.75 23.75 23.75 22.80 152537
20150713 26.13 26.13 26.13 24.90 338802
20150714 26.79 27.01 28.65 26.00 363429
20150715 26.12 24.31 26.80 24.31 219722
20150716 23.00 24.42 25.35 22.09 199089
20150717 24.45 25.88 26.30 24.00 198343
20150720 25.82 25.79 26.88 25.50 225777
20150721 25.44 25.99 26.50 24.80 192157
20150722 25.71 25.66 26.09 25.05 137258
20150723 25.60 28.23 28.23 25.38 306834
20150724 28.50 28.13 30.00 27.52 444077
20150727 27.45 25.32 28.00 25.32 282114
20150728 22.85 23.60 25.00 22.79 258926
20150729 24.44 24.80 24.90 22.58 169527
20150730 24.60 23.60 24.97 23.12 140600
