20140102 9.19 9.23 9.25 9.13 48560
20140103 9.22 9.04 9.26 9.03 53943
20140106 9.02 8.94 9.12 8.69 63707
20140107 8.88 9.19 9.25 8.82 87973
20140108 9.17 9.41 9.48 9.09 143830
20140109 9.33 9.03 9.49 8.94 120334
20140110 8.99 8.58 9.09 8.55 65815
20140113 8.57 8.71 8.76 8.27 62966
20140114 8.69 8.75 8.75 8.53 39017
20140115 8.74 8.66 8.74 8.58 40125
20140116 8.72 8.70 8.86 8.69 32174
20140117 8.70 8.45 8.77 8.40 34016
20140120 8.45 8.76 8.79 8.42 49177
20140121 8.89 8.81 8.90 8.71 57793
20140122 8.78 8.96 9.01 8.72 70773
20140123 8.93 8.97 9.07 8.93 57685
20140124 9.05 9.25 9.38 9.00 104674
20140127 9.15 9.29 9.38 9.09 84019
20140128 9.47 9.24 9.49 9.13 55799
20140129 9.30 9.37 9.51 9.28 79069
20140130 9.32 9.43 9.61 9.26 86734
20140207 9.43 9.99 10.08 9.34 172584
20140210 10.09 10.21 10.25 9.93 217128
20140211 10.19 9.97 10.23 9.94 148885
20140212 9.89 10.27 10.28 9.87 163708
20140213 10.27 9.99 10.42 9.96 178921
20140214 9.92 10.33 10.36 9.82 161379
20140217 10.39 10.75 10.97 10.14 266386
20140218 10.81 11.27 11.63 10.80 464404
20140219 11.55 12.40 12.40 11.55 480530
20140220 12.74 12.16 12.85 12.09 491966
20140221 12.34 11.89 12.36 11.79 231263
20140224 11.82 13.08 13.08 11.75 410138
20140225 13.75 13.45 14.39 13.12 532407
20140226 13.30 14.30 14.60 13.10 455257
20140227 14.00 13.08 14.41 12.94 361440
20140228 13.25 13.12 13.67 12.76 270874
20140303 13.22 14.35 14.39 13.21 336418
20140304 14.05 13.68 14.29 13.41 249985
20140305 13.50 13.45 14.09 13.25 195778
20140306 13.22 12.77 13.58 12.56 291623
20140307 12.74 12.87 12.95 12.51 170773
20140310 12.61 11.90 12.87 11.75 213307
20140311 11.84 11.96 12.17 11.78 170375
20140312 11.86 11.88 12.04 11.44 173880
20140313 11.84 11.96 12.06 11.72 107227
20140314 11.87 12.41 12.61 11.81 174017
20140317 12.37 12.83 13.03 12.15 130618
20140318 12.85 12.80 13.28 12.55 136546
20140319 12.78 13.00 13.28 12.61 127204
20140320 12.98 12.16 13.23 12.00 130393
20140321 12.03 12.30 12.31 11.42 127882
20140324 12.30 11.98 12.33 11.82 96178
20140325 11.98 12.10 12.19 11.73 91517
20140326 12.08 12.44 12.70 12.08 114150
20140327 12.27 12.04 12.48 11.92 73648
20140328 12.03 11.58 12.19 11.51 76141
20140331 11.58 11.64 11.84 11.45 39808
20140401 11.64 12.15 12.18 11.64 56003
20140402 12.15 10.94 12.18 10.94 237987
20140403 10.51 10.70 10.76 10.05 317672
20140404 10.51 10.52 10.54 10.30 180006
20140408 10.43 10.55 10.63 10.34 122768
20140409 10.54 10.80 10.84 10.52 140744
20140410 10.83 10.80 10.97 10.58 139012
20140411 10.71 10.71 10.85 10.63 75483
20140414 10.68 10.89 10.94 10.62 90630
20140415 10.90 11.01 11.09 10.68 150152
20140416 10.92 10.85 11.02 10.75 76862
20140417 10.93 10.84 10.93 10.80 42016
20140418 10.80 10.95 10.97 10.79 55795
20140421 10.88 10.64 10.97 10.62 66523
20140422 10.60 10.39 10.77 10.09 76866
20140423 10.38 10.28 10.43 10.19 28940
20140424 10.28 9.91 10.32 9.90 61570
20140425 9.90 9.57 10.17 9.46 84070
20140428 9.64 9.50 9.69 9.35 65105
20140429 9.48 9.69 9.70 9.46 50476
20140430 9.65 10.00 10.03 9.65 71815
20140505 10.02 10.10 10.16 9.93 57103
20140506 10.11 10.30 10.37 10.11 53718
20140507 10.32 9.98 10.32 9.92 55018
20140508 10.03 10.37 10.76 10.03 106925
20140509 10.28 10.33 10.59 10.15 67213
20140512 10.40 10.80 10.88 10.40 104584
20140513 10.80 10.68 10.85 10.58 58788
20140514 10.70 10.69 10.86 10.63 43033
20140515 10.65 10.25 10.68 10.22 57277
20140516 10.25 10.42 10.55 10.20 45509
20140519 10.44 10.63 10.67 10.29 60416
20140520 10.68 10.81 10.97 10.68 99794
20140521 10.74 11.08 11.08 10.65 94280
20140522 11.06 10.85 11.13 10.84 75280
20140523 10.81 11.08 11.09 10.69 91184
20140526 11.09 11.27 11.30 11.00 89774
20140527 11.16 11.50 11.55 11.16 118998
20140528 11.53 11.50 11.63 11.40 93608
20140529 11.50 11.64 11.96 11.47 149570
20140530 11.42 11.65 11.85 11.29 115547
20140603 11.65 11.90 12.08 11.60 121788
20140604 11.90 12.05 12.06 11.79 96797
20140605 12.03 12.59 12.77 12.01 182834
20140606 12.65 12.59 12.66 12.30 127784
20140609 12.58 12.05 12.58 11.92 152312
20140610 12.00 11.93 12.09 11.63 155582
20140611 11.91 12.02 12.22 11.81 136977
20140612 12.06 11.64 12.09 11.48 166298
20140613 11.70 12.00 12.04 11.58 125306
20140616 12.00 12.18 12.25 11.85 108611
20140617 12.06 11.97 12.28 11.88 96183
20140618 11.89 12.37 12.38 11.81 122028
20140619 12.30 11.54 12.42 11.42 130387
20140620 11.40 11.65 11.76 11.40 60886
20140623 11.54 11.72 11.91 11.54 57330
20140624 11.71 11.59 11.91 11.50 74942
20140625 11.47 11.16 11.58 11.10 90258
20140626 11.17 11.34 11.45 11.17 62896
20140627 11.33 11.39 11.49 11.25 63361
20140630 11.58 11.43 11.58 11.33 56054
20140701 11.39 11.85 11.88 11.38 106651
20140702 11.78 11.88 11.90 11.69 79200
20140703 11.88 12.04 12.20 11.76 96185
20140704 12.04 12.09 12.18 11.91 82738
20140707 12.03 12.08 12.20 11.93 65660
20140708 12.15 11.95 12.16 11.87 63396
20140709 11.83 11.35 11.93 11.28 129714
20140710 11.38 11.47 11.56 11.28 85179
20140711 11.48 11.67 11.70 11.41 86009
20140714 11.65 12.08 12.12 11.56 147816
20140715 11.98 12.39 12.43 11.87 249244
20140716 12.20 12.38 12.55 12.16 196570
20140717 12.30 12.38 12.51 11.98 193428
20140718 12.22 12.18 12.56 12.08 152053
20140721 12.11 11.79 12.35 11.75 105895
20140722 11.74 12.06 12.30 11.65 105020
20140723 12.00 11.95 12.26 11.92 75823
20140724 12.00 11.86 12.06 11.59 86895
20140725 11.76 12.32 12.49 11.76 134173
20140728 12.34 12.58 12.61 12.10 217749
20140729 12.55 12.48 12.71 12.35 157964
20140730 12.42 12.47 12.60 12.35 113722
20140731 12.41 12.46 12.63 12.36 111686
20140801 12.35 12.00 12.44 11.96 133559
20140804 12.06 12.22 12.29 12.00 90257
20140805 12.22 12.33 12.34 12.00 89993
20140806 12.27 13.26 13.50 12.13 345303
20140807 13.00 12.79 13.14 12.76 204343
20140808 12.78 12.92 13.10 12.73 125995
20140811 13.00 13.11 13.18 12.86 141391
20140812 13.04 12.98 13.06 12.88 118024
20140813 12.91 12.89 12.95 12.55 110873
20140814 12.76 12.79 13.04 12.75 100222
20140815 12.78 13.05 13.06 12.74 117435
20140818 13.06 13.00 13.20 12.92 128878
20140819 13.05 13.18 13.23 12.95 159400
20140820 13.19 12.89 13.20 12.88 125306
20140821 13.24 13.20 13.46 13.10 238366
20140822 13.17 13.91 14.32 13.03 430066
20140825 13.81 13.64 14.06 13.50 213771
20140826 13.56 13.14 13.73 12.98 149881
20140827 13.15 13.31 13.43 13.14 87195
20140828 13.30 12.91 13.37 12.75 112857
20140829 12.91 12.98 13.03 12.83 71903
20140901 13.00 13.20 13.24 12.98 107230
20140902 13.25 13.80 13.96 13.15 244554
20140903 13.70 14.12 14.35 13.65 319232
20140904 14.01 14.11 14.55 13.86 242374
20140905 14.06 13.88 14.06 13.69 215580
20140909 13.88 13.99 14.09 13.74 134324
20140910 13.89 14.01 14.14 13.81 119583
20140911 14.01 13.88 14.25 13.70 146236
20140912 13.80 13.96 13.98 13.71 78962
20140915 13.94 14.09 14.17 13.86 106127
20140916 14.09 13.73 14.35 13.65 161409
20140917 13.70 13.87 13.88 13.62 94780
20140918 13.86 13.98 14.02 13.73 111213
20140919 13.98 14.20 14.37 13.98 168927
20140922 14.23 13.96 14.24 13.92 97302
20140923 13.91 14.61 14.73 13.91 288454
20140924 14.55 14.58 14.69 14.43 246326
20140925 14.54 14.58 14.74 14.32 234714
20140926 14.50 15.06 15.25 14.38 288202
20140929 14.96 14.88 15.30 14.84 233622
20140930 14.87 14.75 14.97 14.66 114564
20141008 15.15 14.93 15.15 14.82 118651
20141009 14.95 15.32 15.46 14.76 199250
20141010 15.32 14.89 15.32 14.71 180415
20141013 14.82 14.90 14.94 14.40 121187
20141014 14.84 15.07 15.12 14.80 118543
20141015 15.05 15.47 15.57 15.05 260755
20141016 15.30 15.52 15.70 15.24 298909
20141017 15.30 15.36 15.48 14.80 248475
20141020 15.30 15.93 16.10 15.23 309403
20141021 15.90 15.82 16.06 15.70 252771
20141022 15.69 15.74 16.15 15.56 237951
20141023 15.67 15.31 15.82 15.25 236579
20141024 15.29 16.01 16.17 15.21 310177
20141027 15.83 16.18 16.44 15.76 324410
20141028 16.05 16.13 16.48 15.89 303609
20141029 16.13 16.04 16.40 15.91 225863
20141030 15.97 15.83 15.98 15.57 196232
20141031 15.75 15.81 16.06 15.59 129514
20141103 15.82 15.80 15.91 15.58 111262
20141104 15.75 14.63 15.80 14.60 280670
20141105 14.52 14.64 14.82 14.35 133493
20141106 14.69 14.75 14.82 14.36 123560
20141107 14.72 14.81 14.97 14.59 145880
20141110 14.82 14.89 15.08 14.70 114719
20141111 14.95 14.06 14.95 13.80 223215
20141112 13.88 14.51 14.55 13.85 176658
20141113 14.52 14.45 14.67 14.23 159073
20141114 14.35 14.24 14.47 14.20 84763
20141117 14.20 14.23 14.38 14.16 67710
20141118 14.26 14.25 14.32 14.12 49112
20141119 14.37 14.57 14.78 14.35 140839
20141120 14.50 14.61 14.68 14.39 85275
20141121 14.61 14.61 14.70 14.50 84028
20141124 14.68 14.54 14.76 14.51 123747
20141125 14.49 14.58 14.66 14.37 141469
20141126 14.58 15.18 15.33 14.54 330325
20141127 15.17 15.73 15.85 15.12 420012
20141128 15.75 15.69 15.85 15.59 328684
20141201 15.68 15.56 15.68 15.34 234704
20141202 15.57 15.95 16.05 15.55 444004
20141203 15.98 15.95 16.33 15.78 408453
20141204 15.90 16.06 16.14 15.53 356481
20141205 16.08 16.39 16.76 15.25 577752
20141208 16.23 16.45 16.78 16.06 583160
20141209 16.35 16.02 16.58 15.70 496872
20141210 15.98 16.14 16.20 15.59 419751
20141211 16.11 16.26 16.37 15.90 404686
20141212 16.27 16.63 16.79 16.04 528401
20141215 16.63 17.06 17.45 16.50 568433
20141216 17.08 16.92 17.32 16.62 437303
20141217 16.85 17.09 17.17 16.72 398180
20141218 17.12 17.45 17.98 16.98 551835
20141219 17.46 17.09 17.78 16.80 472134
20141222 17.10 16.25 17.16 15.80 484185
20141223 16.14 16.33 17.49 16.13 495022
20141224 16.40 16.73 16.83 16.38 474412
20141225 16.72 16.03 17.17 15.95 583609
20141226 15.58 14.43 15.58 14.43 201231
20141229 13.10 13.24 13.99 13.10 439091
20141230 13.00 12.73 13.25 12.57 277216
20141231 12.75 12.79 12.89 12.65 130752
20150105 12.93 13.12 13.22 12.82 176514
20150106 13.11 13.21 13.30 12.85 182830
20150107 13.28 13.11 13.30 13.04 113531
20150108 13.12 12.99 13.19 12.92 102671
20150109 12.90 12.92 13.09 12.90 100184
20150112 12.89 12.47 12.89 12.16 134102
20150113 12.44 12.85 12.89 12.36 106035
20150114 12.85 12.75 12.85 12.61 75566
20150115 12.75 12.72 12.80 12.63 60825
20150116 12.72 12.87 12.92 12.69 90549
20150119 12.59 12.44 12.99 12.25 106583
20150120 12.60 13.18 13.19 12.60 206503
20150121 13.23 13.34 13.42 13.10 200265
20150122 13.36 13.55 13.56 13.28 163261
20150123 13.53 13.37 13.53 13.31 128196
20150126 13.37 13.88 13.95 13.33 171769
20150127 13.88 13.77 13.94 13.50 147671
20150128 13.70 13.62 13.93 13.60 102688
20150129 13.55 13.48 13.56 13.40 91258
20150130 13.49 13.22 13.58 13.20 69884
20150202 13.05 13.20 13.39 12.93 55626
20150203 13.22 13.40 13.45 13.21 62269
20150204 13.41 13.38 13.63 13.37 87481
20150205 13.49 13.44 13.71 13.25 125651
20150206 13.40 13.16 13.44 13.00 74294
20150209 13.20 13.43 13.45 13.02 70883
20150210 13.46 13.44 13.55 13.27 51027
20150211 13.45 13.50 13.57 13.40 58954
20150212 13.56 13.67 13.69 13.42 99636
20150213 13.71 13.68 13.84 13.66 116762
20150216 13.71 14.11 14.14 13.65 174648
20150217 14.18 14.01 14.25 13.90 98118
20150225 14.00 13.83 14.08 13.78 88269
20150226 13.87 14.02 14.08 13.84 78415
20150227 14.02 14.23 14.35 13.97 117311
20150302 14.27 14.62 14.67 14.14 147499
20150303 14.59 14.49 14.77 14.42 137118
20150304 14.46 15.02 15.26 14.46 174461
20150305 15.08 15.06 15.35 14.83 140947
20150306 15.01 14.51 15.21 14.51 116946
20150309 14.47 14.68 14.79 14.10 101159
20150310 14.72 15.18 15.19 14.56 163352
20150311 15.05 15.05 15.19 14.85 111765
20150312 15.10 14.94 15.24 14.81 109742
20150313 14.98 15.02 15.18 14.80 93935
20150316 15.13 15.59 15.63 15.07 241408
20150317 15.63 15.99 16.38 15.51 323405
20150318 15.82 16.58 16.87 15.77 396615
20150319 16.53 16.39 16.69 16.19 251283
20150320 16.39 16.43 16.62 16.28 229936
20150323 16.50 16.43 16.57 16.25 246762
20150324 16.68 16.28 16.76 15.80 306675
20150325 16.21 16.10 16.46 15.92 205033
20150326 16.02 15.84 16.26 15.79 192718
20150327 15.87 16.01 16.10 15.79 141197
20150330 16.04 16.12 16.16 15.92 201151
20150331 16.12 16.44 16.52 15.95 291995
20150401 16.40 16.49 16.69 16.25 262699
20150402 16.46 16.57 16.69 16.31 234418
20150403 16.47 16.69 16.78 16.31 257556
20150407 16.68 17.51 17.57 16.68 379952
20150408 17.57 16.80 17.58 16.56 295294
20150409 16.90 16.27 16.99 15.70 218628
20150410 16.29 16.51 16.66 16.06 170990
20150413 16.64 17.18 17.60 16.32 266648
20150414 17.00 16.99 17.29 16.69 229920
20150415 16.85 16.01 16.88 15.95 199843
20150416 15.70 15.93 16.15 15.23 160512
20150417 16.08 16.02 16.28 15.84 197718
20150420 16.06 15.80 16.38 15.77 196162
20150421 15.77 16.37 16.44 15.75 188633
20150422 16.35 17.83 17.95 16.32 465776
20150423 17.83 18.11 18.20 17.38 437996
20150424 17.85 18.15 18.61 17.60 358788
20150427 18.27 17.91 18.55 17.67 299786
20150428 17.84 16.93 18.10 16.82 240168
20150429 16.88 17.22 17.63 16.76 197598
20150430 17.38 17.48 17.98 17.26 195815
20150504 17.63 17.35 17.79 17.17 148338
20150505 17.38 16.71 17.54 16.68 148786
20150506 16.81 17.14 17.72 16.68 227210
20150507 17.00 17.95 18.38 16.94 372152
20150508 18.38 19.75 19.75 18.05 537597
20150511 20.30 21.73 21.73 19.95 270438
20150512 22.44 21.42 22.77 20.69 836612
20150513 20.88 21.77 22.71 20.56 567457
20150514 21.33 21.09 21.68 20.78 326066
20150515 21.10 21.70 22.38 20.28 406833
20150518 21.48 22.33 23.19 21.40 416055
20150519 22.19 22.98 23.58 21.80 334655
20150520 23.20 23.39 25.28 23.18 383803
20150521 23.39 24.09 24.40 23.00 289606
20150522 24.20 23.81 24.39 23.10 317505
20150525 23.92 24.08 24.31 23.39 319088
20150526 24.55 25.51 26.28 24.25 359913
20150527 25.48 24.95 25.48 24.40 247508
20150528 24.80 22.46 25.30 22.46 355664
20150529 22.07 21.99 22.78 20.94 241950
20150601 21.89 23.24 23.33 21.80 204287
20150602 23.24 24.25 24.42 22.99 223771
20150603 24.39 24.09 24.65 23.31 211360
20150604 24.35 24.50 24.51 21.90 250887
20150605 25.51 25.77 26.53 24.98 440900
20150608 25.60 27.27 27.98 25.40 490442
20150609 26.45 25.78 26.45 25.50 326674
20150610 25.72 25.78 26.30 25.31 229253
20150611 25.85 26.59 26.78 25.62 229658
20150612 26.89 26.43 27.00 26.24 208511
20150615 26.48 27.70 28.88 26.10 386484
20150616 28.00 29.19 30.36 27.70 527948
20150617 28.50 27.84 28.99 26.27 392303
20150618 27.70 26.32 28.80 26.20 249595
20150619 25.60 23.69 25.80 23.69 227625
20150623 23.26 22.76 23.67 21.32 251225
20150624 23.11 23.34 23.40 22.30 248986
20150625 23.29 21.69 23.29 21.40 209259
20150626 21.20 19.52 21.20 19.52 192494
20150629 19.88 17.57 20.00 17.57 206344
20150630 17.00 18.80 19.05 15.81 263690
20150701 18.60 17.09 19.32 17.00 196627
20150702 17.20 15.38 17.50 15.38 195215
20150703 14.54 13.84 15.69 13.84 225588
20150706 15.22 12.72 15.22 12.46 273196
20150707 12.60 11.45 13.30 11.45 317184
20150708 10.31 10.31 11.08 10.31 306029
20150713 11.34 11.34 11.34 11.34 6364
20150714 12.47 12.47 12.47 12.47 5752
20150715 13.72 13.71 13.72 13.47 639171
20150716 12.68 14.43 14.76 12.68 486643
20150717 14.69 15.87 15.87 14.69 416057
20150720 15.90 16.39 16.72 15.60 481884
20150721 15.99 17.10 17.26 15.67 386639
20150722 16.99 17.79 17.85 16.56 336107
20150723 13.91 14.60 14.87 13.66 286771
20150724 14.38 14.00 14.51 13.78 557820
20150727 13.51 12.60 13.93 12.60 370539
20150728 11.60 11.86 12.83 11.34 355328
20150729 12.22 13.04 13.05 11.30 336281
20150730 12.80 12.65 13.60 12.45 404418
