20140102 7.00 6.92 7.00 6.86 53092
20140103 6.86 6.70 6.91 6.65 85016
20140106 6.68 6.29 6.70 6.25 115715
20140107 6.37 6.34 6.37 6.23 39373
20140108 6.34 6.35 6.41 6.29 43065
20140109 6.35 6.26 6.38 6.25 41632
20140110 6.24 6.27 6.31 6.21 33725
20140113 6.34 6.29 6.34 6.21 45363
20140114 6.28 6.35 6.35 6.22 43781
20140115 6.36 6.31 6.39 6.26 24031
20140116 6.30 6.41 6.67 6.28 122726
20140117 6.35 6.39 6.48 6.31 81962
20140120 6.43 6.51 6.61 6.42 82210
20140121 6.56 6.67 6.68 6.50 74577
20140122 6.69 6.79 6.84 6.69 77078
20140123 6.79 6.98 7.03 6.79 113382
20140124 6.98 7.01 7.05 6.87 89091
20140127 6.97 7.00 7.10 6.95 75284
20140128 7.05 6.85 7.05 6.82 73277
20140129 6.87 6.96 6.99 6.87 54115
20140130 6.97 7.66 7.66 6.96 361247
20140207 7.55 7.90 8.05 7.51 341747
20140210 7.93 8.15 8.30 7.82 329517
20140211 8.15 8.80 8.88 8.07 381658
20140212 8.81 8.93 9.02 8.60 275233
20140213 8.80 8.57 8.80 8.52 250958
20140214 8.57 8.95 9.13 8.57 238698
20140217 9.36 9.21 9.36 8.81 280474
20140218 9.11 9.05 9.21 8.96 165418
20140219 9.02 9.20 9.27 9.02 195048
20140220 9.20 9.28 9.44 9.15 189326
20140221 9.19 8.70 9.23 8.68 177656
20140224 8.67 8.79 8.89 8.58 98507
20140225 8.80 8.50 8.96 8.33 115713
20140226 8.44 8.59 8.72 8.38 108949
20140227 8.65 8.62 8.85 8.55 105386
20140228 8.57 8.97 9.03 8.56 140432
20140303 8.81 9.05 9.13 8.81 115946
20140304 9.05 8.99 9.06 8.77 74356
20140305 9.01 9.05 9.13 8.78 96684
20140306 9.05 9.02 9.09 8.87 57044
20140307 9.02 8.89 9.10 8.76 83103
20140310 8.70 8.80 8.85 8.38 139267
20140311 8.70 8.93 9.10 8.56 95565
20140312 8.89 9.08 9.35 8.87 124780
20140313 9.03 9.17 9.19 8.98 71367
20140314 9.15 9.13 9.29 8.99 49410
20140317 9.14 8.92 9.19 8.76 157496
20140318 8.87 9.23 9.35 8.82 229296
20140319 9.17 9.35 9.36 9.06 113761
20140320 9.26 9.19 9.60 9.15 160523
20140321 9.02 9.37 9.47 9.00 95715
20140324 9.35 9.33 9.50 9.18 98756
20140325 9.33 9.22 9.42 9.09 103200
20140326 9.23 9.28 9.30 9.10 59465
20140327 9.18 9.22 9.32 9.10 63343
20140328 9.23 9.07 9.25 9.04 67143
20140331 8.91 8.94 9.04 8.65 117567
20140401 8.91 8.95 9.02 8.81 65273
20140402 8.89 8.98 9.06 8.82 87539
20140403 9.02 9.41 9.43 8.91 103523
20140404 9.34 9.58 9.76 9.34 138560
20140408 9.59 10.34 10.48 9.58 199242
20140409 10.35 10.34 10.49 10.19 95489
20140410 10.33 10.69 10.75 10.25 183902
20140411 10.62 10.65 10.86 10.54 103904
20140414 10.60 10.37 10.70 10.17 111933
20140415 10.37 10.19 10.37 10.00 166234
20140416 10.16 11.05 11.06 10.15 183935
20140417 11.05 10.84 11.14 10.77 106738
20140418 10.84 10.90 11.08 10.70 131753
20140421 10.83 10.65 11.00 10.50 104702
20140422 10.65 10.78 10.80 10.19 198793
20140423 10.76 10.87 10.95 10.57 64974
20140424 10.78 10.87 10.99 10.70 74553
20140425 10.88 10.69 10.95 10.54 47875
20140428 10.73 9.95 10.73 9.62 153250
20140429 10.00 9.95 10.05 9.60 76007
20140430 9.86 9.92 10.04 9.81 80471
20140505 9.85 9.83 9.89 9.60 50296
20140506 9.84 9.86 9.95 9.76 57197
20140507 9.80 9.76 9.85 9.63 23636
20140508 9.76 9.76 9.95 9.62 57316
20140509 9.70 9.72 9.74 9.25 92940
20140512 9.76 9.91 9.94 9.72 62250
20140513 9.95 9.86 10.13 9.72 43245
20140514 9.80 9.71 9.88 9.63 22922
20140515 9.74 9.49 9.74 9.33 46007
20140516 9.45 9.45 9.48 9.25 50522
20140519 9.30 9.39 9.47 9.25 22235
20140520 9.40 9.34 9.52 9.32 19308
20140521 9.23 9.23 9.35 9.12 58094
20140522 9.30 9.25 9.46 9.22 62665
20140523 9.30 9.33 9.37 9.25 30239
20140526 9.43 9.23 9.48 9.18 37610
20140527 9.27 9.23 9.33 9.20 41092
20140528 9.26 9.28 9.34 9.19 44625
20140529 9.32 9.23 9.32 9.22 23662
20140530 9.24 9.13 9.25 8.96 52311
20140603 9.07 8.79 9.08 8.76 39680
20140604 8.90 9.09 9.11 8.62 69909
20140605 9.15 9.04 9.15 8.89 44611
20140606 9.03 8.94 9.10 8.90 24155
20140609 8.95 8.81 9.00 8.64 75866
20140610 8.79 8.99 9.05 8.66 71011
20140611 9.01 8.91 9.07 8.82 50853
20140612 8.82 8.94 8.99 8.82 44712
20140613 8.86 9.22 9.28 8.86 90237
20140616 9.22 9.04 9.22 8.99 135855
20140617 9.01 8.93 9.05 8.89 33903
20140618 8.90 8.87 8.95 8.80 31422
20140619 8.78 8.15 8.88 7.98 200519
20140620 8.13 8.02 8.13 7.82 91106
20140623 7.96 7.95 8.09 7.92 50158
20140624 7.99 7.95 8.00 7.87 41275
20140625 7.94 7.97 7.98 7.89 30996
20140828 8.66 8.66 8.66 8.66 2779
20140829 9.53 9.53 9.53 9.53 4353
20140901 10.48 10.48 10.48 10.48 5388
20140902 11.53 10.92 11.53 10.76 1135189
20140903 10.83 10.94 11.10 10.74 624994
20140904 10.94 10.82 10.96 10.62 348558
20140905 10.87 10.91 11.14 10.78 410101
20140909 10.91 10.79 10.92 10.65 212794
20140910 10.71 10.83 11.02 10.69 205415
20140911 10.80 11.04 11.05 10.71 295129
20140912 11.04 10.96 11.14 10.85 191283
20140915 10.98 10.94 11.06 10.72 253698
20140916 10.90 10.66 10.93 10.65 241670
20140917 10.75 10.70 10.78 10.50 138635
20140918 10.69 10.63 10.82 10.58 117988
20140919 10.66 10.66 10.75 10.59 96839
20140922 10.65 10.32 10.65 10.28 145198
20140923 10.62 10.54 10.68 10.41 151975
20140924 10.50 10.69 10.78 10.40 174238
20140925 10.71 10.70 11.03 10.61 209953
20140926 10.70 10.78 10.90 10.58 120989
20140929 10.93 10.95 11.14 10.85 214043
20140930 11.06 11.20 11.27 10.85 256459
20141008 11.19 11.24 11.48 11.19 196132
20141009 11.51 11.02 11.54 10.99 226419
20141010 11.03 11.33 11.48 10.82 312124
20141013 11.33 11.11 11.33 11.00 141502
20141014 11.10 10.98 11.12 10.94 134279
20141015 10.86 10.96 11.00 10.71 125273
20141016 10.96 10.74 10.97 10.70 146980
20141017 10.71 10.62 10.80 10.36 133347
20141020 10.65 10.80 10.86 10.61 91500
20141021 10.80 10.71 10.92 10.69 80003
20141022 10.71 10.58 10.77 10.49 64358
20141023 10.60 10.32 10.60 10.29 61111
20141024 10.29 10.37 10.41 10.28 56339
20141027 10.36 10.21 10.36 10.09 50776
20141028 10.21 10.49 10.52 10.20 92253
20141029 10.50 10.51 10.62 10.38 130881
20141030 10.56 10.70 10.71 10.48 114947
20141031 10.71 10.61 10.74 10.45 127368
20141103 10.64 10.68 10.69 10.52 65723
20141104 10.69 10.87 11.06 10.65 159299
20141105 10.88 10.87 11.05 10.78 101284
20141106 10.90 10.87 10.92 10.66 72200
20141107 10.93 11.03 11.30 10.90 226296
20141110 11.00 11.01 11.02 10.85 139208
20141111 11.05 10.58 11.07 10.43 187921
20141112 10.58 10.66 10.68 10.41 59835
20141113 10.66 10.58 10.77 10.49 64097
20141114 10.55 10.78 10.95 10.50 110581
20141117 10.89 10.82 10.90 10.71 54462
20141118 10.80 10.80 10.85 10.72 57288
20141119 10.80 10.74 10.83 10.61 61806
20141202 11.20 11.37 11.70 11.08 349163
20141203 11.37 11.37 11.42 11.01 237743
20141204 11.40 12.51 12.51 11.40 546109
20141205 12.80 12.81 13.25 12.25 512086
20141208 12.60 12.99 13.18 12.35 297644
20141209 12.89 11.87 12.90 11.69 271548
20141210 11.82 12.31 12.45 11.45 167049
20141211 12.14 12.70 12.74 12.03 170014
20141212 12.69 12.78 13.08 12.65 157492
20141215 12.70 13.47 13.68 12.50 239500
20141216 13.32 13.28 13.65 13.05 179038
20141217 13.28 12.84 13.30 12.70 139699
20141218 12.84 12.58 13.09 12.55 114124
20141219 12.48 12.21 12.67 12.00 200573
20141222 12.30 12.36 12.56 11.82 132619
20141223 12.33 11.87 12.45 11.85 88284
20141224 11.80 11.98 12.10 11.80 101412
20141225 12.08 12.60 12.68 12.00 218836
20141226 12.65 12.63 12.72 12.32 120364
20141229 12.74 12.35 12.79 12.30 121255
20141230 12.20 11.92 12.35 11.90 82075
20141231 12.03 12.19 12.37 11.98 66880
20150105 12.22 13.02 13.07 12.22 220577
20150106 13.05 12.89 13.05 12.61 136086
20150107 12.90 12.99 13.05 12.69 98242
20150108 13.01 12.81 13.44 12.80 138412
20150109 12.65 12.94 13.34 12.63 149003
20150112 12.91 12.60 12.92 12.58 98972
20150113 12.35 12.20 12.59 12.13 132121
20150114 12.12 11.88 12.28 11.82 136222
20150115 11.90 11.91 12.04 11.80 109782
20150116 11.99 13.10 13.10 11.92 333481
20150119 12.82 12.70 13.08 12.41 224211
20150120 12.70 13.50 13.53 12.60 254217
20150121 13.53 13.60 13.79 13.34 196076
20150122 13.50 14.48 14.80 13.42 273902
20150123 14.38 14.27 14.69 14.13 162509
20150126 14.45 14.47 14.55 14.02 120304
20150127 14.44 14.00 14.53 13.96 136181
20150128 13.97 14.02 14.23 13.77 80397
20150129 13.97 14.18 14.30 13.70 91907
20150130 14.41 13.79 14.58 13.75 91480
20150202 13.51 13.86 14.07 13.35 76206
20150203 13.86 13.86 14.33 13.81 87934
20150204 13.84 13.81 13.92 13.70 49392
20150205 14.14 13.48 14.14 13.45 83119
20150206 13.49 13.48 13.86 13.37 71454
20150209 13.62 13.94 14.03 13.48 81560
20150210 13.90 14.26 14.41 13.85 102186
20150211 14.30 14.10 14.34 13.99 102487
20150212 14.10 13.90 14.15 13.80 72226
20150213 14.00 13.92 14.23 13.81 75141
20150216 13.89 13.96 14.05 13.82 61868
20150217 14.15 13.97 14.29 13.92 80295
20150225 13.93 13.68 14.05 13.55 110063
20150226 13.67 13.89 13.92 13.52 66511
20150227 13.96 13.83 14.01 13.70 55470
20150302 14.90 14.80 15.18 14.35 298980
20150303 14.80 15.35 15.65 14.62 239186
20150304 15.33 15.16 15.35 14.90 142421
20150305 15.18 15.04 15.30 14.80 112682
20150306 15.09 14.91 15.30 14.76 118015
20150309 14.75 15.00 15.15 14.75 59236
20150310 15.23 14.96 15.23 14.87 80259
20150311 15.07 14.83 15.07 14.80 58298
20150312 14.83 14.58 15.05 14.50 84330
20150313 14.58 14.65 14.75 14.50 84631
20150316 14.66 14.87 14.95 14.58 125127
20150317 14.97 15.58 15.67 14.80 195244
20150318 15.51 15.60 15.88 15.41 184973
20150319 15.60 15.53 15.85 15.34 130785
20150320 15.51 15.39 15.70 15.15 133749
20150323 15.38 15.52 15.58 15.22 157111
20150324 15.54 15.65 15.72 15.15 178365
20150325 15.85 16.20 16.40 15.49 226185
20150326 16.22 16.55 16.77 16.20 301908
20150327 16.60 16.46 16.90 16.35 166332
20150330 16.60 16.30 16.60 15.98 237727
20150331 16.30 16.24 16.64 16.10 155167
20150401 16.24 16.76 16.86 16.13 157345
20150402 16.80 16.48 16.90 16.28 176215
20150403 16.52 17.90 17.93 16.40 301270
20150407 18.19 19.05 19.28 17.60 288127
20150408 19.38 18.94 19.49 18.18 204185
20150409 19.07 19.32 20.58 19.00 351057
20150410 19.32 20.01 20.20 19.32 204526
20150413 20.01 22.01 22.01 19.91 322820
20150414 22.20 23.49 24.20 21.71 274273
20150415 23.39 21.70 23.90 21.55 301190
20150416 21.20 22.61 23.10 20.70 239395
20150417 22.62 21.78 22.98 21.69 233276
20150420 21.65 20.39 21.65 20.15 274831
20150421 20.19 21.19 21.22 20.10 176528
20150422 21.38 22.09 22.24 21.36 173680
20150423 22.36 22.38 22.76 21.77 181665
20150424 22.00 21.96 22.10 21.38 140902
20150427 21.84 22.06 22.49 21.80 173684
20150428 22.06 20.87 22.49 20.51 171572
20150429 22.50 21.24 22.50 20.70 128182
20150430 21.05 22.39 23.36 21.00 352296
20150504 22.40 22.32 22.78 22.04 154221
20150505 22.70 21.54 22.70 21.00 163504
20150506 21.41 21.60 22.68 20.88 173515
20150507 21.64 20.08 21.64 20.02 117159
20150508 20.04 20.81 20.85 20.04 77028
20150511 21.27 21.12 21.32 20.50 182946
20150512 21.12 22.28 22.41 21.05 285746
20150513 22.35 22.04 22.70 21.70 272532
20150514 21.99 22.46 23.40 21.71 330136
20150515 22.60 22.16 23.08 22.01 193554
20150518 22.00 21.30 22.00 21.29 152659
20150519 21.34 22.30 23.28 21.30 299276
20150520 22.46 23.99 24.14 22.20 508736
20150521 23.53 24.88 25.48 23.51 364905
20150522 24.99 24.81 25.30 24.00 261648
20150525 24.57 25.16 25.59 24.20 233336
20150526 25.16 25.06 25.45 24.42 287182
20150527 25.20 24.69 25.20 24.05 298389
20150528 24.69 22.22 25.02 22.22 314852
20150529 22.00 21.99 22.68 21.22 216875
20150601 22.21 23.04 23.05 22.07 186458
20150602 23.15 24.52 24.76 23.15 211671
20150603 24.66 23.43 24.68 22.90 235411
20150604 23.69 23.14 23.99 21.09 296341
20150605 23.40 24.35 24.60 23.39 391053
20150615 26.01 24.79 26.01 24.00 466716
20150616 24.79 24.04 25.00 23.49 297344
20150617 24.00 23.74 24.30 22.80 176136
20150618 23.80 23.65 24.95 23.53 190337
20150619 22.18 21.29 23.35 21.29 164133
20150623 20.50 20.43 21.50 19.16 211330
20150624 20.43 20.66 20.87 19.92 161589
20150625 20.63 19.52 20.72 19.22 164933
20150626 18.63 17.57 18.63 17.57 208473
20150629 17.95 15.81 17.95 15.81 256129
20150630 15.57 17.09 17.38 14.23 275667
20150701 16.59 15.59 18.19 15.39 216407
20150702 16.00 14.82 16.50 14.38 262534
20150703 14.88 14.61 15.74 13.34 210671
20150706 16.07 14.53 16.07 13.15 334411
20150713 15.98 15.98 15.98 15.98 11114
20150714 17.58 17.58 17.58 17.58 18997
20150715 19.34 17.22 19.34 17.20 717691
20150716 17.22 17.80 18.54 16.38 323527
20150717 17.81 18.50 18.80 17.50 248901
20150720 18.48 19.07 19.33 17.98 562165
20150721 18.70 19.69 20.98 18.70 469704
20150722 19.60 19.69 20.00 19.10 261748
20150723 19.50 19.83 19.99 19.50 279250
20150724 19.70 18.89 20.10 18.66 452377
20150727 18.18 17.00 18.89 17.00 253730
20150728 15.90 16.04 17.01 15.30 250151
20150729 16.24 16.83 16.98 15.78 223094
20150730 16.88 16.45 17.30 16.40 336141
