20150612 7.72 9.26 9.26 7.72 206
20150615 10.19 10.19 10.19 10.19 154
20150616 11.21 11.21 11.21 11.21 177
20150617 12.33 12.33 12.33 12.33 139
20150618 13.56 13.56 13.56 13.56 381
20150619 14.92 14.92 14.92 14.92 1216
20150623 16.41 16.41 16.41 16.41 1361
20150624 18.05 18.05 18.05 18.05 473
20150625 19.86 19.86 19.86 19.86 714
20150626 21.85 21.85 21.85 21.85 56650
20150629 23.00 19.67 23.00 19.67 412372
20150630 17.70 18.68 20.50 17.70 517031
20150701 17.70 19.64 20.55 17.02 638032
20150702 18.40 17.68 19.49 17.68 356323
20150703 15.91 15.91 16.97 15.91 218247
20150706 17.50 14.32 17.50 14.32 409829
20150707 13.31 12.89 13.75 12.89 96435
20150708 11.60 11.60 11.60 11.60 10564
20150709 10.44 12.76 12.76 10.44 328287
20150710 13.50 14.04 14.04 13.27 125404
20150713 15.44 15.44 15.44 14.74 343828
20150714 15.80 16.98 16.98 15.50 530838
20150715 16.00 15.28 16.55 15.28 269284
20150716 13.76 14.66 15.74 13.75 301612
20150717 14.70 15.54 15.71 14.54 252730
20150720 15.49 15.02 15.70 14.74 247591
20150721 14.67 15.71 15.85 14.50 285832
20150722 15.42 15.33 15.90 14.85 222601
20150723 15.34 16.86 16.86 15.20 282239
20150724 17.80 16.62 18.25 16.10 550555
20150727 16.09 14.96 17.42 14.96 356462
20150728 13.95 14.31 15.59 13.50 247909
20150729 14.65 15.74 15.74 14.00 225921
20150730 16.00 16.84 17.31 15.76 543362
