20141015 9.84 11.81 11.81 9.84 488
20141016 12.99 12.99 12.99 12.99 229
20141017 14.29 14.29 14.29 14.29 460
20141020 15.72 15.72 15.72 15.72 711
20141021 17.29 17.29 17.29 17.29 2622
20141022 19.02 19.02 19.02 19.02 16407
20141023 20.30 20.92 20.92 20.05 102387
20141024 22.00 21.99 22.88 21.61 201705
20141027 21.58 20.07 21.65 19.79 111657
20141028 19.91 20.28 20.51 19.88 74379
20141029 20.45 21.80 22.10 20.27 112764
20141030 21.40 21.09 21.74 20.97 83443
20141031 20.98 21.87 22.20 20.88 104419
20141103 22.01 24.06 24.06 21.67 116288
20141104 24.80 23.51 26.39 23.45 166354
20141105 22.98 25.86 25.86 22.80 109816
20141106 27.20 28.45 28.45 26.45 140287
20141107 30.08 31.30 31.30 30.01 74794
20141110 32.30 33.30 34.43 30.50 182250
20141111 31.88 31.33 32.90 30.89 110755
20141112 30.70 31.89 33.00 28.28 119704
20141113 30.00 29.40 31.89 29.01 75578
20141114 29.02 26.72 30.00 26.51 77137
20141117 26.28 26.97 27.47 25.98 51612
20141118 26.55 27.60 27.80 26.30 54294
20141119 27.30 27.04 27.46 26.69 39514
20141120 26.69 28.78 29.10 26.50 80077
20141121 28.36 28.51 30.00 28.02 78711
20141124 28.90 28.82 29.35 28.17 55035
20141125 28.70 27.75 28.87 27.40 54775
20141126 27.76 28.30 28.34 27.53 36926
20141127 28.36 28.36 28.95 28.02 46062
20141128 28.05 27.53 28.25 27.30 40394
20141201 27.58 27.50 27.85 27.05 27741
20141202 27.42 28.63 29.77 27.34 60278
20141203 28.63 27.95 29.00 27.35 44962
20141204 27.71 27.83 28.24 27.55 31554
20141205 27.77 25.92 27.83 25.65 42528
20141208 25.84 25.20 25.84 25.02 27424
20141209 25.30 23.86 26.49 23.69 34090
20141210 23.50 24.75 25.18 23.40 24171
20141211 24.80 25.46 26.01 24.24 27632
20141212 25.36 25.06 25.71 24.80 19080
20141215 24.90 25.29 25.52 24.70 13858
20141216 25.34 24.81 25.47 24.71 16115
20141217 24.58 23.96 24.62 23.90 19077
20141218 23.80 23.84 24.43 23.80 12767
20141219 24.00 22.40 24.12 22.15 22468
20141222 22.41 20.16 22.56 20.16 21669
20141223 20.11 20.74 21.47 20.11 18820
20141224 21.10 22.81 22.81 21.00 25221
20141225 23.39 23.02 23.39 22.10 32343
20141226 22.65 22.61 23.00 22.30 13194
20141229 22.50 21.76 22.50 21.35 16254
20141230 21.80 22.25 22.79 21.80 16298
20141231 22.19 22.02 22.55 21.50 15315
20150105 21.95 21.55 21.95 21.10 14316
20150106 21.40 22.20 22.40 21.25 20520
20150107 22.27 21.76 22.27 21.52 13532
20150108 21.80 23.40 23.50 21.66 49805
20150109 23.40 22.72 23.40 22.48 27923
20150112 22.12 21.58 22.40 21.51 15067
20150113 21.30 21.88 21.98 21.25 10347
20150114 21.79 21.25 21.85 21.08 14587
20150115 21.35 21.31 21.66 21.20 10654
20150116 21.44 21.62 21.96 21.32 12404
20150119 21.95 23.78 23.78 21.95 56398
20150120 24.70 26.16 26.16 24.21 118232
20150121 26.94 25.85 26.95 25.10 89540
20150122 25.33 25.49 25.83 25.25 47947
20150123 25.30 24.70 25.70 24.61 38120
20150126 24.50 25.26 25.28 24.35 25373
20150127 25.30 24.98 25.30 24.35 19664
20150128 24.98 26.50 27.29 24.63 70742
20150129 26.19 25.31 26.40 25.20 37804
20150130 25.01 24.44 25.56 24.42 22049
20150202 24.35 24.58 24.89 23.80 11950
20150203 24.59 24.80 25.50 24.59 19375
20150204 24.51 24.37 24.97 24.31 15656
20150205 24.79 24.31 24.79 24.30 11191
20150206 24.15 22.74 24.50 22.60 20929
20150209 22.65 22.28 22.65 22.06 9631
20150210 22.20 22.30 22.52 22.05 13588
20150211 22.46 22.86 23.20 22.36 11393
20150212 22.83 23.17 23.48 22.75 11412
20150213 23.40 23.63 23.75 23.22 14375
20150216 23.63 23.73 23.82 23.40 9688
20150217 23.92 23.66 23.95 23.50 8458
20150225 23.66 23.33 23.77 23.32 7303
20150226 23.33 23.61 23.63 23.20 7135
20150227 23.61 23.70 23.76 23.41 9060
20150302 23.97 24.42 24.47 23.65 16379
20150303 24.34 23.94 24.36 23.90 16775
20150304 24.02 24.18 24.20 23.95 14282
20150305 24.27 24.55 24.67 24.11 17340
20150306 24.57 23.93 24.68 23.81 15655
20150309 23.98 23.88 23.98 23.60 8549
20150310 23.87 23.73 23.88 23.37 11764
20150311 23.80 23.52 23.81 23.48 11453
20150312 23.38 23.19 23.59 23.05 12849
20150313 23.20 23.74 23.75 23.20 11088
20150316 23.92 24.47 24.49 23.83 23707
20150317 24.65 25.07 25.16 24.29 33186
20150318 25.00 25.43 25.49 24.71 29754
20150319 25.50 25.32 25.58 24.81 27340
20150320 25.22 25.46 25.73 25.10 27661
20150323 25.49 25.59 25.75 25.22 25377
20150324 25.60 25.02 25.60 24.38 25946
20150325 25.01 27.04 27.09 24.73 53773
20150326 26.70 25.99 26.70 25.91 35537
20150327 26.30 26.52 26.85 25.93 33764
20150330 26.65 26.55 26.91 25.66 40201
20150331 26.50 26.21 26.50 26.05 20529
20150401 26.25 26.61 26.64 26.12 26709
20150402 26.69 27.77 27.88 26.50 52597
20150403 27.78 29.02 30.45 27.50 60195
20150407 29.02 29.74 30.78 28.87 43474
20150408 30.01 29.54 30.50 28.50 33972
20150409 29.78 31.54 32.18 28.40 63843
20150410 34.69 34.69 34.69 34.69 14568
20150413 38.16 38.16 38.16 37.62 29357
20150414 40.15 40.88 41.98 38.70 133799
20150415 39.10 36.79 39.79 36.79 66296
20150416 35.30 35.62 36.99 34.10 51054
20150417 36.38 37.09 39.14 35.05 54380
20150420 36.50 33.99 36.50 33.90 50243
20150421 33.69 35.62 35.74 33.57 31941
20150422 35.80 36.19 36.37 35.00 34397
20150423 35.82 35.99 36.19 35.35 30530
20150424 35.53 37.45 37.78 35.40 48078
20150427 37.50 37.19 38.00 36.69 34275
20150428 37.10 35.19 37.10 34.37 32236
20150429 34.80 35.88 35.94 34.80 17984
20150430 35.70 35.70 36.00 35.30 27628
20150504 35.69 36.17 36.58 35.32 20665
20150505 36.28 34.84 36.28 34.80 20515
20150506 36.20 35.82 37.05 35.57 43278
20150507 35.84 33.76 35.85 33.45 23446
20150508 34.12 35.15 35.20 34.11 19430
20150511 35.44 37.97 38.45 35.44 38453
20150512 37.98 38.00 38.20 36.83 42101
20150513 37.60 39.42 39.48 37.20 49929
20150514 39.80 39.74 41.79 39.06 51710
20150515 39.00 39.55 40.69 37.58 47290
20150518 39.05 43.51 43.51 39.01 73699
20150519 45.50 44.81 45.50 42.03 64179
20150520 44.75 45.80 48.30 43.50 49093
20150521 45.80 50.38 50.38 45.80 50932
20150522 54.00 53.01 55.00 49.96 66336
20150525 52.51 58.31 58.31 50.55 55347
20150526 60.65 64.14 64.14 59.00 44399
20150527 68.20 70.55 70.55 66.22 53318
20150528 34.98 35.22 35.22 34.45 74161
20150529 31.70 34.12 37.50 31.70 263992
20150601 31.00 32.59 33.79 31.00 182360
20150602 32.64 32.20 32.99 31.02 152243
20150603 31.90 35.42 35.42 31.50 173981
20150604 37.00 38.96 38.96 33.00 281982
20150605 38.10 37.37 38.79 36.30 190920
20150608 37.37 34.05 37.37 33.83 125519
20150609 33.50 34.48 35.50 31.50 77447
20150610 33.80 34.30 35.00 33.01 66076
20150611 34.48 33.40 34.76 33.10 70816
20150612 33.46 33.26 34.25 33.20 61064
20150615 33.27 31.39 33.37 31.31 78609
20150616 31.00 28.40 31.00 28.25 76814
20150617 28.30 29.84 29.85 28.00 56387
20150618 29.91 27.79 29.99 27.70 47965
20150619 27.30 25.01 27.30 25.01 44274
20150623 24.07 24.51 25.00 22.51 65084
20150624 25.02 25.50 25.88 24.68 65980
20150625 25.50 23.33 25.60 23.01 49043
20150626 22.80 21.00 22.80 21.00 38177
20150629 21.52 18.90 21.90 18.90 55102
20150630 18.00 20.36 20.38 17.01 76913
20150701 20.40 18.45 20.88 18.40 63306
20150702 18.00 16.81 18.90 16.62 53590
20150703 16.05 17.09 18.18 15.21 68606
20150706 18.80 18.21 18.80 16.25 81295
20150707 18.00 16.39 18.20 16.39 50189
20150708 14.75 14.75 14.75 14.75 6327
20150709 13.28 16.23 16.23 13.28 80789
20150710 16.95 17.85 17.85 16.30 55638
20150713 19.00 19.64 19.64 18.47 84916
20150714 20.00 20.15 21.55 19.00 131848
20150715 19.01 18.14 19.85 18.14 54678
20150716 16.33 17.90 19.00 16.33 67055
20150717 17.66 19.31 19.54 17.66 62293
20150720 19.26 19.27 19.98 18.90 75644
20150721 19.00 19.58 19.85 18.80 61026
20150722 19.70 21.54 21.54 19.46 116842
20150723 21.99 22.65 22.90 21.25 128270
20150724 22.40 21.30 23.07 21.00 116278
20150727 20.11 19.17 21.00 19.17 68925
20150728 17.27 18.00 20.19 17.25 75747
20150729 18.37 19.63 19.70 17.68 53885
20150730 19.67 19.11 20.67 18.78 70477
