20140102 4.50 4.52 4.56 4.48 14764
20140103 4.53 4.46 4.53 4.41 22732
20140106 4.45 4.30 4.45 4.28 18614
20140107 4.33 4.33 4.37 4.24 21780
20140108 4.35 4.30 4.35 4.25 17446
20140109 4.29 4.19 4.37 4.19 26113
20140110 4.19 4.06 4.22 4.01 20238
20140113 4.05 4.02 4.09 4.00 15528
20140114 4.01 4.08 4.08 4.00 20310
20140115 4.07 4.09 4.10 4.03 16879
20140116 4.11 4.07 4.18 4.05 33589
20140117 4.08 4.07 4.11 4.05 10588
20140120 4.09 4.15 4.16 4.05 20712
20140121 4.12 4.23 4.24 4.12 29017
20140122 4.24 4.29 4.29 4.22 22526
20140123 4.30 4.32 4.37 4.27 24756
20140124 4.28 4.36 4.42 4.28 26141
20140127 4.34 4.34 4.41 4.31 25427
20140128 4.35 4.34 4.40 4.30 16232
20140129 4.32 4.36 4.38 4.30 14016
20140130 4.32 4.33 4.39 4.32 6811
20140207 4.35 4.40 4.41 4.29 14451
20140210 4.42 4.79 4.82 4.41 169581
20140211 4.75 5.08 5.18 4.71 285259
20140212 5.03 5.07 5.10 4.95 158564
20140213 5.02 5.42 5.50 4.99 335254
20140214 5.40 5.36 5.42 5.28 174404
20140217 5.39 5.41 5.45 5.26 164040
20140218 5.37 5.68 5.84 5.28 307679
20140219 5.62 5.64 5.81 5.50 213072
20140220 5.62 5.53 5.68 5.37 225035
20140221 5.50 5.64 5.71 5.45 191358
20140224 5.66 5.93 6.05 5.46 302843
20140225 5.92 5.63 6.15 5.55 265440
20140226 5.57 5.43 5.60 5.07 121276
20140227 5.40 5.45 5.72 5.27 105679
20140228 5.40 5.47 5.55 5.35 56263
20140303 5.49 5.54 5.64 5.43 56694
20140304 5.60 5.79 5.95 5.44 100732
20140305 5.76 5.77 6.08 5.75 85514
20140306 5.74 5.64 5.89 5.56 56641
20140307 5.64 5.60 5.71 5.51 48901
20140310 5.63 5.20 5.63 5.15 66238
20140311 5.15 5.16 5.27 5.07 40410
20140312 5.16 5.00 5.16 4.90 63707
20140313 5.02 5.02 5.09 4.97 32491
20140314 5.01 5.17 5.22 4.95 51148
20140317 5.10 5.22 5.27 5.10 41330
20140318 5.20 5.16 5.27 5.15 37718
20140319 5.12 5.57 5.62 5.11 95662
20140320 5.57 5.28 5.57 5.27 56511
20140321 5.21 5.33 5.33 5.01 47400
20140324 5.31 5.32 5.49 5.28 42657
20140325 5.28 5.26 5.36 5.22 36976
20140326 5.25 5.29 5.37 5.24 28173
20140327 5.30 5.10 5.30 5.09 31414
20140328 5.11 4.94 5.17 4.92 52874
20140331 4.96 4.85 4.98 4.81 43071
20140401 4.85 4.93 4.95 4.82 29122
20140402 4.93 4.91 4.97 4.87 20247
20140403 4.94 4.95 5.04 4.89 26808
20140404 4.95 5.09 5.10 4.93 23978
20140408 5.09 5.14 5.19 5.04 29983
20140409 5.14 5.15 5.20 5.10 26659
20140410 5.16 5.05 5.17 5.01 51725
20140411 5.00 5.09 5.09 4.95 37201
20140414 5.08 5.07 5.09 4.98 23088
20140415 5.07 5.24 5.28 5.00 63820
20140416 5.24 5.25 5.37 5.18 46788
20140417 5.28 5.30 5.34 5.15 35762
20140418 5.22 5.23 5.34 5.22 28084
20140421 5.18 5.13 5.27 5.12 24461
20140422 5.12 5.07 5.12 5.00 24722
20140423 5.07 5.01 5.08 4.98 15982
20140424 5.02 5.01 5.10 4.95 19215
20140425 5.01 4.92 5.06 4.91 22512
20140428 4.91 4.71 4.92 4.71 22039
20140429 4.75 4.77 4.79 4.67 12232
20140430 4.77 4.86 4.89 4.77 12675
20140505 4.90 5.01 5.06 4.84 22986
20140506 5.00 5.01 5.06 4.95 14128
20140507 4.99 4.95 5.07 4.92 10529
20140508 4.95 4.97 5.05 4.90 12242
20140509 4.96 5.12 5.12 4.95 35579
20140512 5.12 5.19 5.23 5.10 37688
20140513 5.19 5.09 5.23 5.05 18723
20140514 5.10 5.14 5.15 5.07 14025
20140515 5.14 4.91 5.14 4.88 23626
20140516 4.91 4.88 4.94 4.84 10625
20140519 4.88 4.92 4.92 4.83 7517
20140520 4.93 4.92 5.00 4.88 12023
20140521 4.91 4.91 4.94 4.80 21523
20140522 4.90 4.91 4.99 4.87 15402
20140523 4.94 4.94 4.94 4.85 10648
20140526 4.93 5.05 5.07 4.90 29139
20140527 5.03 5.10 5.12 5.01 25136
20140528 5.10 5.31 5.40 5.06 64065
20140529 5.39 5.31 5.48 5.26 66419
20140530 5.30 5.30 5.34 5.20 31673
20140603 5.30 5.23 5.37 5.21 30297
20140604 5.21 5.17 5.22 5.04 30385
20140605 5.15 5.30 5.32 5.14 30768
20140606 5.31 5.27 5.36 5.20 23416
20140609 5.28 5.30 5.42 5.23 36062
20140610 5.28 5.39 5.40 5.27 24960
20140611 5.40 5.32 5.40 5.29 26208
20140612 5.31 5.26 5.31 5.20 21158
20140613 5.23 5.31 5.36 5.23 26080
20140616 5.30 5.29 5.32 5.23 25339
20140617 5.31 5.62 5.65 5.29 118389
20140618 5.57 5.89 6.18 5.52 251467
20140619 5.76 5.47 5.80 5.41 147345
20140620 5.41 5.42 5.47 5.25 65009
20140623 5.42 5.46 5.57 5.42 53273
20140624 5.42 5.47 5.49 5.31 53246
20140625 5.45 5.32 5.45 5.31 38659
20140626 5.30 5.51 5.54 5.26 69162
20140627 5.46 5.66 5.77 5.44 97877
20140630 5.62 5.80 6.03 5.60 100829
20140701 5.83 5.83 5.88 5.67 56397
20140702 5.77 5.77 5.85 5.69 44198
20140703 5.76 5.92 5.95 5.66 73294
20140704 5.87 5.73 6.03 5.72 55788
20140707 5.73 5.76 5.84 5.68 31019
20140708 5.76 5.86 5.88 5.61 62016
20140709 5.80 5.77 5.86 5.67 55445
20140710 5.74 6.35 6.35 5.73 205266
20140711 6.50 6.99 6.99 6.50 346939
20140714 7.20 7.69 7.69 7.15 162927
20140715 8.00 7.54 8.46 7.46 579329
20140716 7.30 7.01 7.36 6.97 358849
20140717 6.94 7.07 7.24 6.79 275762
20140718 6.87 7.24 7.47 6.81 256839
20140721 7.13 7.96 7.96 7.02 374131
20140722 7.88 8.19 8.65 7.61 429342
20140723 8.13 7.88 8.60 7.70 326238
20140724 7.90 7.33 7.93 7.09 252742
20140725 7.29 7.45 7.47 7.10 148533
20140728 7.38 7.64 7.68 7.22 167152
20140729 7.55 7.74 7.97 7.50 209186
20140730 7.70 7.60 7.75 7.40 137561
20140731 7.60 7.79 7.86 7.47 136335
20140801 7.66 7.42 7.73 7.38 99227
20140804 7.38 7.83 7.97 7.37 141260
20140805 7.85 8.26 8.50 7.72 284890
20140806 8.30 8.55 8.89 8.18 262809
20140807 8.40 8.26 8.49 8.15 168378
20140808 8.20 8.31 8.48 8.10 126464
20140811 8.28 8.48 8.53 8.18 108637
20140812 8.48 8.28 8.48 8.20 100787
20140813 8.30 8.12 8.30 7.90 131247
20140814 8.10 7.95 8.22 7.93 84038
20140815 7.88 8.07 8.09 7.86 69326
20140818 8.12 8.88 8.88 8.11 311727
20140819 9.31 9.77 9.77 9.08 318251
20140820 9.85 9.46 9.86 9.28 265070
20140821 9.32 9.29 9.44 9.01 189425
20140822 9.25 9.48 9.75 9.13 216716
20140825 9.58 9.12 9.58 9.01 170070
20140826 8.99 9.19 9.35 8.90 132921
20140827 9.07 8.99 9.29 8.92 91090
20140828 8.95 9.31 9.39 8.76 150954
20140829 9.10 9.76 10.24 9.02 264277
20140901 9.74 9.91 9.96 9.45 179861
20140902 9.85 9.74 9.92 9.65 162838
20140903 9.64 9.69 9.98 9.47 178262
20140904 9.48 9.42 9.61 9.28 208898
20140905 9.41 9.51 9.61 9.30 130576
20140909 9.45 9.55 9.76 9.40 159034
20140910 9.45 9.40 9.48 9.22 128173
20140911 9.40 9.17 9.45 9.15 141987
20140912 9.05 9.35 9.37 9.05 102374
20140915 9.37 9.21 9.39 9.15 115038
20140916 9.21 8.67 9.22 8.65 155316
20140917 8.62 8.44 8.75 8.30 105357
20140918 8.43 8.64 8.75 8.34 76708
20140919 8.65 8.89 8.90 8.50 99269
20140922 8.82 8.58 8.85 8.55 51299
20140923 8.50 8.56 8.65 8.38 111268
20140924 8.50 8.62 8.68 8.41 91510
20140925 8.65 9.03 9.06 8.48 170385
20140926 8.90 9.70 9.90 8.88 354670
20140929 9.55 9.44 9.89 9.39 317731
20140930 9.31 9.12 9.41 9.02 199663
20141008 9.12 9.23 9.24 9.01 92615
20141009 9.24 9.17 9.28 9.06 90166
20141010 9.20 9.21 9.49 9.11 147000
20141013 9.17 8.92 9.17 8.72 89397
20141014 8.85 9.04 9.23 8.80 78054
20141015 9.06 9.20 9.25 8.84 138082
20141016 9.50 9.75 10.12 9.33 500705
20141017 9.40 8.80 9.40 8.78 397181
20141020 8.57 8.58 8.69 8.22 176907
20141021 8.47 8.28 8.47 8.28 103767
20141022 8.29 8.34 8.43 8.29 60404
20141023 8.34 7.90 8.34 7.85 99370
20141024 7.96 7.78 8.07 7.73 54556
20141027 7.78 7.84 7.88 7.65 42852
20141028 7.84 8.11 8.12 7.84 63925
20141029 8.13 8.17 8.27 8.03 68976
20141030 8.14 8.12 8.23 8.07 77228
20141031 8.12 8.14 8.21 8.04 60425
20141103 8.16 8.30 8.37 8.15 69825
20141104 8.32 8.22 8.34 8.20 47243
20141105 8.21 8.27 8.55 8.18 48209
20141106 8.27 8.14 8.27 7.91 58003
20141107 8.14 8.02 8.17 7.98 49665
20141110 8.06 8.05 8.12 7.95 33438
20141111 8.05 7.64 8.05 7.54 63708
20141112 7.64 7.85 7.86 7.63 39289
20141113 7.85 7.64 7.86 7.55 45283
20141114 7.65 7.79 7.82 7.58 40403
20141117 7.80 7.85 7.90 7.71 36290
20141118 7.82 7.85 7.90 7.73 40757
20141119 7.85 7.88 8.04 7.77 56068
20141120 7.80 7.79 7.95 7.75 42124
20141121 7.80 7.94 8.01 7.74 53624
20141124 8.00 8.11 8.15 7.92 77132
20141125 8.12 8.13 8.15 8.03 68976
20141126 8.14 8.25 8.32 8.06 116449
20141127 8.28 8.30 8.40 8.16 107978
20141128 8.32 8.15 8.32 8.11 68984
20141201 8.17 8.49 8.50 8.00 114360
20141202 8.41 8.44 8.56 8.34 102949
20141203 8.42 8.53 8.58 8.19 138241
20141204 8.50 8.55 8.64 8.43 162577
20141205 8.56 8.21 8.58 8.00 121575
20141208 8.19 8.21 8.42 8.05 145901
20141209 8.18 8.23 8.38 8.02 162810
20141210 8.20 8.73 8.80 8.15 270613
20141211 8.65 8.79 8.80 8.50 178948
20141212 8.82 8.73 8.87 8.67 99766
20141215 8.69 8.95 9.18 8.67 189865
20141216 8.88 8.69 8.96 8.58 123382
20141217 8.62 8.35 8.64 8.31 110098
20141218 8.30 8.25 8.37 8.18 68600
20141219 8.19 7.84 8.22 7.80 112766
20141222 7.83 7.06 7.83 7.06 137686
20141223 6.94 6.86 7.08 6.72 73195
20141224 6.86 7.07 7.08 6.86 48516
20141225 7.08 7.07 7.12 6.98 47675
20141226 7.07 7.02 7.07 6.97 44032
20141229 7.03 6.78 7.04 6.72 67784
20141230 6.78 6.73 6.83 6.68 40224
20141231 6.71 6.78 6.84 6.64 42928
20150105 6.81 6.92 6.96 6.80 57311
20150106 6.96 7.09 7.10 6.85 65071
20150107 7.09 7.02 7.17 6.99 53261
20150108 6.99 7.05 7.11 6.98 46287
20150109 7.01 6.87 7.05 6.86 43735
20150112 6.85 6.70 6.85 6.66 36153
20150113 6.69 6.88 6.97 6.66 32911
20150114 6.88 6.83 6.98 6.81 30910
20150115 6.83 6.84 6.88 6.75 32886
20150116 6.79 6.87 6.88 6.78 36170
20150119 6.82 6.43 6.82 6.36 57947
20150120 6.44 6.77 6.78 6.44 54452
20150121 6.82 7.24 7.37 6.82 159903
20150122 7.19 7.30 7.47 7.07 92410
20150123 7.29 7.30 7.40 7.23 72882
20150126 7.30 7.44 7.49 7.28 57279
20150127 7.50 7.46 7.50 7.30 51809
20150128 7.45 7.41 7.45 7.35 36132
20150129 7.38 7.60 7.65 7.36 68057
20150130 7.50 7.50 7.58 7.29 68410
20150202 7.44 7.57 7.67 7.27 52415
20150203 7.57 7.58 7.66 7.46 41760
20150204 7.56 7.61 7.64 7.49 32120
20150205 7.68 7.40 7.69 7.40 37503
20150206 7.39 7.30 7.41 7.28 26274
20150209 7.26 7.55 7.58 7.14 37799
20150210 7.54 7.47 7.60 7.35 21267
20150211 7.47 7.48 7.57 7.40 25915
20150212 7.46 7.49 7.60 7.46 29220
20150213 7.49 7.74 7.75 7.47 53859
20150216 7.74 7.82 7.92 7.71 53363
20150217 7.80 7.91 8.08 7.80 49801
20150225 7.90 7.91 8.08 7.85 38648
20150226 7.90 7.97 8.01 7.85 33435
20150227 7.97 7.96 8.00 7.87 38919
20150302 7.97 8.27 8.35 7.92 77949
20150303 8.28 8.14 8.35 8.00 65584
20150304 8.11 8.37 8.39 8.10 53529
20150305 8.37 8.56 8.62 8.29 88952
20150306 8.56 8.35 8.71 8.27 71236
20150309 8.35 8.59 8.68 8.19 65012
20150310 8.59 8.52 8.70 8.50 50639
20150311 8.46 8.78 8.94 8.35 107714
20150312 8.67 8.65 9.18 8.63 122211
20150313 8.65 8.79 8.85 8.51 66272
20150316 8.79 8.89 8.98 8.73 85414
20150317 8.89 9.29 9.35 8.86 134656
20150318 9.24 9.28 9.35 9.10 86582
20150319 9.28 9.20 9.30 9.15 70136
20150320 9.21 9.31 9.35 8.98 107081
20150323 9.31 9.31 9.38 9.21 87228
20150324 9.30 9.05 9.32 8.80 120361
20150325 9.05 9.02 9.14 8.78 84378
20150326 9.02 9.34 9.37 8.82 130508
20150327 9.33 9.34 9.72 9.30 95794
20150330 9.36 9.33 9.46 9.16 100635
20150331 9.32 9.52 9.53 9.13 106807
20150401 9.60 9.70 9.79 9.54 115475
20150402 9.70 9.88 10.07 9.57 115598
20150403 9.89 10.27 10.28 9.68 131849
20150407 10.38 10.49 10.76 10.27 144322
20150408 10.45 10.49 10.51 10.00 146088
20150409 10.55 10.19 10.78 9.98 122281
20150410 10.07 10.43 10.50 10.03 94083
20150413 10.42 10.93 11.21 10.32 137622
20150414 10.79 10.84 11.10 10.56 102183
20150415 10.86 10.89 11.49 10.69 137381
20150416 10.80 10.99 11.20 10.50 97548
20150417 10.97 10.79 11.14 10.70 106624
20150420 10.80 10.17 10.80 10.16 126238
20150421 10.02 10.50 10.53 9.98 84884
20150422 10.60 11.40 11.55 10.55 173094
20150423 11.39 12.07 12.50 11.15 213439
20150424 11.97 12.88 12.99 11.72 160473
20150427 13.30 12.98 13.46 12.75 149707
20150428 12.85 12.27 12.86 11.87 120758
20150429 12.10 12.42 12.75 12.02 74072
20150430 12.60 12.11 12.62 12.10 71438
20150504 12.10 12.21 12.34 11.90 53329
20150505 12.25 11.86 12.70 11.40 73911
20150506 11.74 11.87 12.21 11.57 78353
20150507 11.89 12.26 12.54 11.68 122993
20150508 12.32 13.36 13.49 12.32 215516
20150511 13.67 14.47 14.53 13.09 179561
20150512 14.48 14.16 14.78 13.80 160059
20150513 14.16 14.03 14.54 13.82 122266
20150514 14.10 15.43 15.43 14.10 173324
20150515 15.20 15.15 16.13 14.93 137754
20150518 15.10 14.70 15.40 14.43 145961
20150519 14.51 14.75 14.83 14.29 122656
20150520 15.02 15.91 16.20 14.43 157243
20150521 15.60 17.50 17.50 15.60 189299
20150522 18.00 17.22 18.00 16.89 153501
20150525 16.92 17.30 17.58 16.90 142300
20150526 17.31 17.59 17.81 17.16 154083
20150527 17.60 16.81 17.60 16.56 222320
20150528 16.67 15.21 17.05 15.13 182404
20150529 15.19 15.00 15.79 13.80 124846
20150601 15.10 15.92 16.15 15.01 94995
20150602 16.20 16.88 17.10 16.10 121286
20150603 16.90 16.48 17.20 16.13 129401
20150604 16.13 16.06 16.39 14.83 117730
20150605 16.56 16.95 17.54 16.30 182540
20150608 17.08 16.76 17.28 16.42 188609
20150609 16.76 16.63 16.98 16.11 111028
20150610 16.40 16.99 17.02 16.16 214846
20150611 16.99 18.69 18.69 16.85 319059
20150612 18.80 19.64 20.10 18.46 289335
20150615 19.67 18.71 19.70 18.40 197833
20150616 18.41 19.15 19.60 17.60 207472
20150617 19.00 20.58 21.07 18.68 236240
20150618 20.50 19.79 21.05 19.30 164270
20150619 18.88 17.81 19.35 17.81 137991
20150623 17.40 16.04 17.40 16.03 165193
20150624 16.18 16.55 16.83 15.69 154002
20150625 16.60 14.91 16.74 14.90 143520
20150626 14.40 13.42 14.40 13.42 99342
20150629 13.70 12.08 13.76 12.08 153757
20150630 11.23 12.19 12.59 10.87 238861
20150701 12.00 10.97 12.44 10.97 175746
20150702 10.50 9.87 10.68 9.87 161811
20150703 9.11 8.88 9.60 8.88 182422
20150706 9.60 7.99 9.60 7.99 206554
20150707 7.30 7.19 7.30 7.19 69762
20150708 6.47 6.47 6.47 6.47 14107
20150709 5.83 7.12 7.12 5.83 232581
20150710 7.50 7.83 7.83 7.26 89902
20150713 8.40 8.61 8.61 8.08 250652
20150714 8.84 9.23 9.47 8.60 382110
20150715 8.80 8.31 8.98 8.31 160307
20150716 7.59 8.45 8.70 7.48 236102
20150717 8.38 9.03 9.20 8.34 189077
20150720 9.03 9.06 9.41 8.61 218768
20150721 8.81 9.97 9.97 8.60 326970
20150722 10.00 10.07 10.36 9.45 330407
20150723 9.90 10.57 10.77 9.81 252315
20150724 10.55 10.23 10.77 10.05 259629
20150727 9.92 9.21 10.22 9.21 168734
20150728 8.35 8.29 9.00 8.29 236768
20150729 8.51 8.85 8.99 7.87 195140
20150730 8.71 8.52 9.20 8.49 180252
