20140102 11.58 11.78 11.99 11.50 121498
20140103 11.72 11.59 11.78 11.46 113005
20140106 11.50 10.81 11.50 10.80 133837
20140107 10.71 11.27 11.80 10.70 148260
20140108 11.28 11.55 11.76 11.10 176349
20140109 11.40 11.03 11.55 10.96 118380
20140110 11.01 11.08 11.25 10.81 76258
20140113 11.07 10.89 11.19 10.83 56478
20140114 10.91 11.20 11.23 10.85 69682
20140115 11.14 11.59 11.75 11.11 149436
20140116 11.60 11.62 11.73 11.46 106514
20140117 11.59 11.48 11.67 11.38 83374
20140120 11.40 11.59 11.77 11.32 80548
20140121 11.63 11.73 11.74 11.53 98021
20140122 11.93 12.26 12.41 11.80 227460
20140123 12.25 12.41 12.57 12.10 170467
20140124 12.28 12.34 12.51 12.23 146040
20140127 12.56 12.28 12.58 12.21 116618
20140128 12.21 12.06 12.29 11.78 107690
20140129 12.07 12.91 13.00 11.93 217241
20140130 12.85 12.84 13.25 12.61 179883
20140207 12.69 13.42 13.49 12.67 188225
20140210 13.43 13.90 14.14 13.43 248138
20140211 13.80 13.84 14.03 13.60 183314
20140212 13.90 13.73 13.94 13.60 127312
20140213 13.60 12.87 13.65 12.84 186884
20140214 12.87 13.22 13.23 12.85 108178
20140217 13.51 14.54 14.54 13.51 201874
20140218 15.00 14.82 15.14 14.40 419905
20140219 14.70 14.40 14.78 14.30 225859
20140220 14.45 14.45 14.77 13.89 244745
20140221 14.25 14.62 14.84 14.11 182204
20140224 14.62 14.32 14.62 14.16 126463
20140225 14.40 12.95 14.47 12.89 288398
20140226 12.80 12.65 12.85 12.02 163157
20140227 12.70 12.74 13.43 12.60 183103
20140228 12.85 13.19 13.33 12.51 134540
20140303 13.53 13.66 13.94 13.41 156131
20140304 13.55 13.95 14.12 13.18 203436
20140305 13.96 13.68 14.05 13.64 135725
20140306 13.55 13.35 13.66 13.15 99242
20140307 13.27 13.19 13.54 13.12 90132
20140310 12.83 12.30 12.89 12.22 113561
20140311 12.42 12.21 12.45 12.12 62156
20140312 12.42 12.00 12.42 11.67 72708
20140313 12.02 12.40 12.50 12.00 87406
20140314 12.20 12.21 12.38 12.10 55594
20140317 12.40 12.67 12.72 12.35 85244
20140318 12.60 12.54 12.80 12.48 83648
20140324 11.53 11.65 11.87 11.50 188966
20140325 11.49 11.27 11.58 11.16 143686
20140326 11.27 11.34 11.45 11.27 68330
20140327 11.35 10.98 11.38 10.92 104511
20140328 10.92 10.55 10.95 10.47 96605
20140331 10.58 10.73 10.82 10.51 57854
20140401 10.69 10.86 10.88 10.58 60062
20140402 10.81 10.80 11.00 10.70 58613
20140403 10.83 10.88 11.07 10.75 65627
20140404 10.81 11.11 11.14 10.78 63531
20140408 11.00 11.41 11.48 10.88 109522
20140409 11.45 11.38 11.45 11.26 66762
20140410 11.38 11.36 11.42 11.24 66164
20140411 11.30 11.13 11.30 11.03 62933
20140414 11.13 11.17 11.23 11.09 49289
20140415 11.33 11.17 11.50 11.16 78507
20140416 11.10 11.10 11.20 11.00 44572
20140417 11.11 10.94 11.15 10.88 55526
20140418 10.91 11.00 11.05 10.78 57051
20140421 10.86 10.69 10.95 10.66 54465
20140422 10.52 10.50 10.74 10.30 83085
20140423 10.49 10.99 11.05 10.46 100364
20140424 11.08 11.04 11.33 11.01 122936
20140425 10.95 10.51 10.97 10.50 81114
20140428 10.37 9.90 10.47 9.88 66018
20140429 9.90 10.07 10.12 9.86 32991
20140430 10.08 10.31 10.34 10.07 41063
20140505 10.25 10.39 10.43 10.21 25562
20140506 10.36 10.35 10.53 10.30 43915
20140507 10.35 10.40 10.57 10.22 53257
20140508 10.32 10.39 10.60 10.29 52434
20140509 10.38 10.24 10.47 10.08 42608
20140512 10.27 10.58 10.64 10.26 56598
20140513 10.59 10.98 11.00 10.49 126713
20140514 10.88 10.85 10.99 10.77 62352
20140515 10.82 10.87 11.32 10.80 133272
20140516 10.80 11.00 11.13 10.66 73815
20140519 11.26 11.05 11.40 10.95 73787
20140520 11.11 10.83 11.16 10.77 73028
20140521 10.76 10.93 10.98 10.50 50991
20140522 10.92 10.95 11.20 10.83 73802
20140523 10.91 10.90 10.95 10.71 52214
20140526 10.93 10.97 11.09 10.89 57926
20140527 10.95 10.88 11.03 10.85 54042
20140528 10.86 11.19 11.24 10.80 111143
20140529 11.19 10.98 11.20 10.97 70689
20140530 11.03 11.57 11.78 11.01 224380
20140603 11.55 11.58 11.66 11.40 103359
20140604 11.55 11.33 11.56 11.22 93372
20140605 11.30 11.60 11.60 11.20 93474
20140606 11.55 11.38 11.58 11.30 69253
20140609 11.32 11.42 11.65 11.32 76862
20140610 11.35 11.51 11.60 11.19 105225
20140611 11.37 11.55 11.59 11.25 101040
20140612 11.48 11.67 11.94 11.43 133766
20140613 11.50 11.63 11.69 11.40 103863
20140616 11.65 11.64 11.74 11.51 93705
20140617 11.67 11.26 11.68 11.24 89727
20140618 11.26 11.28 11.50 11.21 64901
20140619 11.25 10.77 11.37 10.67 80443
20140620 10.75 10.91 11.00 10.72 34332
20140623 10.91 10.93 11.10 10.86 29985
20140624 10.88 12.02 12.02 10.88 251645
20140625 12.30 12.69 13.09 12.17 514259
20140626 12.60 12.74 12.92 12.51 307317
20140627 12.58 13.13 13.34 12.35 386404
20140630 13.18 14.44 14.44 13.09 459185
20140701 15.15 14.04 15.16 13.91 499112
20140702 13.95 14.18 15.10 13.90 409853
20140703 14.01 13.68 14.19 13.53 289043
20140704 13.55 13.95 13.97 13.52 214605
20140707 13.95 14.39 14.68 13.91 316889
20140708 14.10 13.99 14.28 13.64 225153
20140709 13.81 14.16 15.10 13.28 462929
20140710 13.89 13.88 14.67 13.74 247428
20140711 13.65 15.27 15.27 13.55 343920
20140714 16.00 15.45 16.50 15.32 594895
20140715 15.38 15.70 16.48 15.26 436307
20140716 15.32 14.33 15.55 14.18 346430
20140717 14.24 14.16 14.46 13.70 238373
20140718 14.01 14.06 14.46 13.95 148712
20140721 14.05 14.30 14.44 13.50 233908
20140722 14.03 13.99 14.18 13.72 168740
20140723 13.94 13.87 14.39 13.76 174377
20140724 13.95 13.25 13.95 12.76 195653
20140725 13.26 13.36 13.55 13.21 98197
20140728 13.51 13.89 13.98 13.36 204643
20140729 13.90 14.73 14.78 13.80 326263
20140730 14.70 14.96 15.46 14.37 312707
20140731 14.84 14.90 15.10 14.58 170666
20140801 14.90 14.40 15.07 14.34 170112
20140804 14.38 14.70 15.00 14.37 146480
20140805 14.68 14.79 14.90 14.41 128471
20140806 14.75 14.93 15.40 14.57 238541
20140807 15.13 15.30 15.92 15.13 336576
20140808 15.06 15.24 15.59 14.97 204925
20140811 15.40 16.14 16.25 15.39 331982
20140812 16.24 15.98 16.26 15.75 270412
20140813 15.91 15.49 15.95 15.32 225892
20140814 15.40 15.26 15.64 15.18 165435
20140815 15.35 15.34 15.43 15.12 128140
20140818 15.32 15.40 15.46 15.24 130036
20140819 15.35 15.72 15.80 15.05 243229
20140820 15.60 15.43 15.91 15.35 185587
20140821 15.44 15.43 15.83 15.31 159875
20140822 15.28 15.26 15.43 15.08 127642
20140825 15.23 14.84 15.33 14.80 119414
20140826 14.75 14.40 14.83 14.35 116627
20140827 14.42 14.78 15.09 14.42 138820
20140828 14.46 14.19 14.46 14.05 143352
20140829 14.16 14.54 14.55 14.16 78507
20140901 14.78 15.22 15.43 14.78 187299
20140902 15.37 16.74 16.74 15.22 388686
20140903 16.88 17.07 17.47 16.60 496790
20140904 17.08 17.66 18.58 16.80 476493
20140905 17.30 17.41 17.48 17.07 264355
20140909 17.55 17.53 17.93 17.30 223169
20140910 17.50 17.70 18.10 17.25 254079
20140911 17.55 17.28 17.95 17.09 226000
20140912 17.20 17.68 17.75 17.11 176977
20140915 17.81 18.11 18.38 17.64 264043
20140916 17.88 16.97 18.04 16.88 220583
20140917 16.91 16.97 17.18 16.51 130806
20140918 16.92 17.03 17.24 16.62 93713
20140919 17.00 17.49 17.56 16.90 111422
20140922 16.67 16.89 17.10 16.50 149712
20140923 16.80 18.58 18.58 16.75 448537
20140924 18.33 18.82 19.17 18.18 403221
20140925 18.63 18.85 19.70 18.60 319036
20140926 18.83 18.67 19.14 18.48 181144
20140929 18.80 18.75 19.12 18.64 137087
20140930 18.59 18.62 18.74 18.26 141620
20141008 18.61 19.25 19.28 18.32 194551
20141009 19.45 18.92 19.45 18.62 174288
20141010 18.78 19.12 19.29 18.42 175559
20141013 18.83 19.57 19.63 18.65 200591
20141014 19.41 18.97 20.00 18.74 227597
20141015 18.76 18.65 18.86 18.28 121802
20141016 18.31 18.42 18.88 18.25 111187
20141017 18.34 17.84 18.62 16.90 124714
20141020 17.85 18.03 18.15 17.70 67871
20141021 18.10 17.51 18.13 17.40 94246
20141022 17.46 17.61 18.07 17.36 107028
20141023 17.50 17.50 17.89 17.14 79329
20141024 17.57 17.68 17.96 17.56 81659
20141027 17.55 18.18 18.29 17.40 110838
20141028 18.20 18.85 18.86 18.10 160541
20141029 18.91 18.77 19.11 18.51 173221
20141030 18.77 17.94 18.77 17.88 193965
20141031 17.99 17.62 18.25 17.49 133500
20141103 17.69 17.72 18.08 17.57 105460
20141104 17.73 17.48 17.73 17.28 106204
20141105 17.47 17.87 18.06 17.36 127056
20141106 17.89 18.12 18.15 17.43 114196
20141107 18.18 18.05 18.48 17.85 188045
20141110 18.10 17.90 18.26 17.48 100284
20141111 17.99 16.71 18.08 16.50 171500
20141112 16.74 16.90 17.00 16.56 85999
20141113 16.79 15.90 16.84 15.83 154942
20141114 15.64 15.84 16.19 15.50 75744
20141117 15.91 16.16 16.30 15.70 70781
20141118 16.18 16.10 16.35 16.08 45569
20141119 16.10 16.00 16.28 15.75 74256
20141120 15.99 15.79 16.05 15.69 68115
20141121 15.79 15.93 15.99 15.68 59806
20141124 16.09 16.45 16.57 15.91 125567
20141125 16.45 16.58 16.73 16.40 87664
20141126 16.68 17.05 17.50 16.28 176623
20141127 17.00 17.19 17.40 16.75 168164
20141128 17.20 16.81 17.25 16.78 101430
20141201 16.80 16.28 16.81 16.00 111745
20141202 16.29 16.28 16.45 16.11 77654
20141203 16.32 16.29 16.34 15.66 339218
20141204 16.30 16.35 16.41 16.17 259493
20141205 16.72 17.99 17.99 15.98 541944
20141208 18.26 19.47 19.79 18.26 598980
20141209 19.40 17.52 19.45 17.52 414857
20141210 17.08 17.66 18.14 16.26 246812
20141211 17.36 17.91 18.26 17.00 224426
20141212 17.72 17.77 18.00 17.60 118683
20141215 16.31 17.65 17.98 16.31 191276
20141216 17.65 18.02 18.55 17.55 219944
20150525 19.82 19.82 19.82 19.82 1683
20150526 21.80 21.80 21.80 21.80 609
20150527 23.98 23.98 23.98 23.98 1106
20150528 26.38 26.38 26.38 26.38 1697
20150529 29.02 29.02 29.02 29.02 4502
20150601 31.92 31.92 31.92 31.92 1602
20150602 35.11 35.11 35.11 35.11 4336
20150603 38.62 38.62 38.62 38.62 14331
20150604 42.48 42.48 42.48 42.03 456209
20150605 42.99 40.47 42.99 40.00 751750
20150608 41.30 38.49 41.30 38.02 416598
20150609 37.99 38.69 40.00 37.75 259738
20150610 38.00 38.82 39.50 37.91 237300
20150611 39.02 40.20 41.14 38.41 323721
20150612 40.00 40.85 42.80 39.06 393641
20150615 41.33 39.43 43.00 39.33 326216
20150616 38.01 35.49 38.70 35.49 291612
20150617 34.65 35.43 36.28 32.71 238831
20150618 35.05 32.15 35.24 31.92 154799
20150619 31.78 30.67 33.98 30.63 215697
20150623 31.97 33.74 33.74 30.85 258480
20150624 35.08 37.11 37.11 35.05 420993
20150625 37.11 35.49 37.87 34.87 399563
20150626 34.00 31.94 34.24 31.94 231473
20150629 32.80 29.45 33.48 28.75 340742
20150630 29.45 32.30 32.40 27.30 313113
20150701 31.71 29.41 33.25 29.07 310955
20150702 29.90 26.47 30.30 26.47 267603
20150703 23.90 23.82 26.97 23.82 230836
20150706 26.20 21.44 26.20 21.44 303828
20150707 19.87 19.30 19.87 19.30 102899
20150708 17.37 17.37 17.37 17.37 14115
20150713 19.11 19.11 19.11 19.11 12599
20150714 21.02 21.02 21.02 21.02 5071
20150715 23.12 21.17 23.12 20.70 663902
20150716 19.17 23.29 23.29 19.11 518764
20150717 23.90 25.62 25.62 23.52 313425
20150720 27.20 28.18 28.18 26.40 583411
20150721 27.40 29.34 30.45 27.00 626758
20150722 29.00 30.78 31.90 28.70 499812
20150723 30.30 31.56 33.00 29.17 494279
20150724 31.00 30.94 32.98 29.50 497169
20150727 30.60 27.87 32.75 27.85 558939
20150728 26.00 28.14 29.80 25.11 469370
20150729 29.20 30.95 30.95 28.21 442803
20150730 31.70 31.15 33.75 30.11 570791
