20150325 42.57 42.57 42.57 42.57 207
20150326 46.83 46.83 46.83 46.83 75
20150327 51.51 51.51 51.51 51.51 221
20150330 56.66 56.66 56.66 56.66 352
20150331 62.33 60.53 62.33 58.95 73858
20150401 59.90 60.57 61.50 59.11 40327
20150402 60.70 64.57 66.00 60.46 44048
20150403 63.04 67.95 69.99 62.35 34709
20150407 67.72 69.54 71.17 67.00 28508
20150408 69.21 67.38 71.00 65.85 31049
20150409 67.20 69.29 69.98 64.03 29989
20150410 68.45 69.25 69.99 67.80 18264
20150413 69.10 70.39 71.59 68.68 22612
20150414 69.68 68.75 70.41 68.10 21595
20150415 68.08 65.00 68.47 64.99 17397
20150416 64.80 66.63 67.23 64.08 12825
20150417 66.99 66.13 67.98 66.01 14923
20150420 65.85 65.52 67.58 65.30 13277
20150421 65.50 67.45 67.50 65.50 12304
20150422 67.45 68.13 68.69 67.45 15986
20150423 68.50 67.85 68.58 66.90 15760
20150424 66.93 69.03 69.97 66.50 19805
20150427 69.02 75.93 75.93 69.02 42085
20150428 75.73 75.96 80.36 74.00 37205
20150429 75.00 78.17 78.22 74.05 24864
20150430 79.12 78.98 83.98 78.00 27950
20150504 78.40 77.55 80.35 77.00 14748
20150505 77.55 75.03 78.00 74.16 17027
20150506 74.97 73.30 76.95 72.20 13001
20150507 72.30 71.82 73.72 71.50 9421
20150508 73.40 76.04 76.18 72.85 14067
20150511 77.93 83.64 83.64 77.00 20399
20150512 86.00 89.97 91.79 84.00 32485
20150513 87.60 93.37 98.01 86.18 22318
20150514 92.50 94.15 95.70 91.52 13698
20150515 93.03 103.57 103.57 92.00 28607
20150518 105.00 108.72 112.88 103.00 24500
20150519 106.00 103.49 110.91 101.45 22067
20150520 101.50 108.95 113.77 99.01 21799
20150521 105.13 109.56 115.98 105.13 17630
20150522 110.50 108.32 114.30 106.00 21367
20150525 106.35 116.13 117.50 103.51 23183
20150526 113.88 121.95 123.50 113.38 16035
20150527 122.32 134.15 134.15 122.32 17613
20150528 140.05 122.94 147.57 120.74 38249
20150529 122.03 129.31 134.78 112.00 32580
20150601 129.84 129.22 134.10 123.00 18680
20150602 129.10 126.60 129.10 122.99 15832
20150603 123.37 139.26 139.26 123.20 22927
20150604 145.00 153.00 153.16 125.99 28652
20150605 150.00 153.39 166.00 147.20 19553
20150608 149.51 153.66 155.00 145.00 15063
20150609 153.00 145.79 153.00 145.01 8401
20150610 142.01 149.90 151.05 140.00 8585
20150611 150.46 156.94 157.05 150.46 12222
20150612 158.83 153.10 160.00 152.10 8588
20150615 150.00 139.32 151.99 137.79 11051
20150616 134.00 142.72 143.88 132.35 9469
20150617 140.00 143.68 144.98 135.00 5625
20150618 143.80 141.00 145.75 138.00 6804
20150619 138.88 141.83 150.00 129.00 11679
20150623 156.01 156.01 156.01 155.10 10775
20150624 171.61 171.61 171.61 163.11 37300
20150625 171.00 155.90 171.00 154.99 26193
20150626 146.78 140.65 147.00 140.31 20360
20150629 141.00 126.66 142.00 126.59 17412
20150630 123.15 137.99 138.83 113.99 18017
20150701 130.00 127.66 141.79 124.50 15973
20150702 127.00 132.27 138.80 116.01 13089
20150703 125.00 141.07 144.00 121.49 15893
20150706 153.99 147.67 153.99 127.50 21854
20150707 135.01 132.90 139.60 132.90 8407
20150713 145.00 146.19 146.19 134.61 30194
20150714 140.58 139.19 148.88 137.10 22346
20150715 131.01 125.27 134.50 125.27 12260
20150716 122.00 123.66 125.61 112.74 15267
20150717 122.00 128.20 130.00 120.01 12617
20150720 125.88 123.68 128.39 122.01 9122
20150721 121.00 128.84 132.00 121.00 11502
20150722 130.00 128.89 130.55 124.04 10311
20150723 127.52 135.96 139.00 127.50 14817
20150724 136.80 133.77 138.60 132.18 12194
20150727 128.00 130.17 136.79 124.60 14049
20150728 127.96 130.44 132.00 117.50 10837
20150729 130.01 134.93 135.49 126.21 7974
20150730 134.00 138.84 146.00 131.05 22155
