20140127 13.28 12.81 13.28 12.70 119247
20140128 12.78 12.05 13.00 12.04 83113
20140129 12.00 12.02 12.19 11.96 44849
20140130 11.99 11.66 12.02 11.64 34455
20140207 11.51 11.81 11.83 11.50 20717
20140210 11.81 12.26 12.27 11.80 39548
20140211 12.20 12.27 12.33 12.11 31243
20140212 12.25 12.30 12.33 12.18 31629
20140213 12.28 12.48 12.66 12.23 44488
20140214 12.46 12.63 12.65 12.43 31589
20140217 12.70 12.70 12.76 12.59 34636
20140218 12.70 12.55 12.72 12.37 45809
20140219 12.53 12.62 12.69 12.45 37447
20140220 12.64 12.41 12.72 12.30 46744
20140221 12.37 12.15 12.37 12.07 30760
20140224 12.11 11.98 12.12 11.88 26034
20140225 12.00 11.61 12.09 11.59 30784
20140226 11.55 11.70 11.71 11.52 34365
20140227 11.68 11.65 11.84 11.48 33419
20140228 11.60 11.61 11.67 11.45 22911
20140303 11.62 11.80 11.86 11.62 24401
20140304 11.81 11.90 12.11 11.80 45398
20140305 11.84 11.78 11.86 11.66 32530
20140306 11.76 11.60 11.83 11.56 24942
20140307 11.62 11.58 11.72 11.46 29653
20140310 11.51 11.23 11.53 11.11 41518
20140311 11.20 11.23 11.39 11.16 25110
20140312 11.25 11.08 11.34 11.00 31219
20140313 11.08 11.17 11.21 11.00 18098
20140314 11.24 11.37 11.42 11.18 35297
20140317 11.36 11.41 11.44 11.26 19221
20140318 11.42 11.35 11.47 11.35 19469
20140319 11.35 11.40 11.44 11.19 24273
20140320 11.39 11.05 11.40 11.01 19607
20140321 11.06 11.31 11.38 11.00 32761
20140324 11.34 11.34 11.39 11.24 20801
20140325 11.34 11.42 11.55 11.31 30907
20140326 11.42 11.41 11.50 11.33 21959
20140327 11.41 11.32 11.53 11.30 26480
20140328 11.25 11.19 11.35 11.05 19723
20140331 11.29 11.20 11.29 11.05 17366
20140401 11.20 11.30 11.30 11.13 20048
20140402 11.41 11.43 11.45 11.34 29340
20140403 11.46 11.42 11.57 11.39 34219
20140404 11.36 11.57 11.67 11.36 43591
20140408 11.55 11.79 11.88 11.48 57249
20140409 11.80 11.81 11.87 11.72 36235
20140410 11.82 11.78 11.82 11.68 30987
20140411 11.74 11.61 11.74 11.57 26601
20140414 11.63 11.71 11.78 11.55 21955
20140415 11.59 11.37 11.59 11.34 45680
20140416 11.37 11.40 11.48 11.35 26923
20140417 11.41 11.29 11.46 11.26 28614
20140418 11.31 11.30 11.38 11.25 20803
20140421 11.18 11.20 11.34 11.14 28193
20140422 11.18 11.00 11.24 10.98 37016
20140423 10.99 11.06 11.14 10.88 23524
20140424 11.09 11.01 11.13 10.98 15976
20140425 10.91 10.58 11.02 10.50 39340
20140428 10.57 9.69 10.57 9.61 42094
20140429 9.70 9.74 9.88 9.63 27450
20140430 9.80 9.94 10.02 9.71 26706
20140505 9.90 10.03 10.04 9.85 16732
20140506 10.03 10.03 10.09 9.98 15732
20140507 10.03 9.70 10.03 9.65 22136
20140508 9.69 9.69 9.84 9.59 45896
20140509 9.70 9.34 9.71 9.31 43015
20140512 9.39 9.93 9.96 9.39 83017
20140513 9.93 9.77 10.00 9.70 48486
20140514 9.79 9.95 10.09 9.72 51667
20140515 9.88 9.60 9.90 9.51 38364
20140516 9.57 9.57 9.65 9.54 19982
20140519 9.57 9.46 9.60 9.44 17459
20140520 9.55 9.58 9.74 9.54 28617
20140529 9.90 10.28 10.51 9.86 139169
20140530 10.10 9.99 10.18 9.98 53458
20140603 10.07 9.85 10.11 9.83 41165
20140604 9.86 9.77 9.90 9.58 33250
20140605 9.71 9.82 9.84 9.66 19537
20140606 9.83 9.64 9.86 9.60 21590
20140609 9.63 9.49 9.68 9.48 31594
20140610 9.49 9.58 9.59 9.47 24856
20140611 9.76 9.64 9.77 9.58 32995
20140612 9.60 9.71 9.72 9.53 40832
20140613 9.66 9.75 9.78 9.64 42221
20140616 9.69 9.74 9.77 9.64 32948
20140617 9.74 9.63 9.74 9.62 27736
20140618 9.60 9.67 9.76 9.59 27208
20140619 9.67 9.40 9.71 9.32 36979
20140620 9.20 9.39 9.43 9.20 17672
20140623 9.38 9.51 9.59 9.38 18753
20140624 9.48 9.68 9.80 9.48 36749
20140625 9.73 9.61 9.73 9.54 17060
20140626 9.61 9.63 9.72 9.58 20281
20140627 9.68 9.77 9.83 9.64 40872
20140630 9.92 9.81 9.95 9.78 49549
20140701 9.87 10.02 10.08 9.81 51417
20140702 9.98 9.95 10.05 9.86 43969
20140703 10.13 10.10 10.17 10.01 66721
20140704 10.16 9.99 10.16 9.96 40399
20140707 9.99 9.97 10.05 9.90 25844
20140708 10.01 10.02 10.04 9.89 34524
20140709 9.99 9.87 10.07 9.87 34509
20140710 9.86 9.93 9.97 9.83 22666
20140711 9.93 10.13 10.17 9.92 40954
20140714 10.15 10.26 10.29 10.13 50385
20140715 10.23 10.26 10.28 10.11 36755
20140716 10.28 10.13 10.28 10.10 33109
20140717 10.15 10.07 10.19 10.04 30336
20140718 10.03 10.05 10.19 10.02 25032
20140721 10.08 9.99 10.12 9.95 25876
20140722 9.99 10.13 10.16 9.94 37113
20140723 10.10 10.09 10.20 10.02 37961
20140724 10.07 10.18 10.21 9.98 52544
20140725 10.13 10.54 10.74 10.13 114776
20140728 10.56 10.65 10.82 10.52 124641
20140729 10.63 10.86 10.99 10.54 111655
20140730 10.79 10.83 11.04 10.75 79916
20140731 10.86 11.00 11.05 10.76 77715
20140801 10.98 10.80 11.07 10.78 78582
20140804 10.78 11.19 11.20 10.72 99653
20140805 11.18 11.62 11.76 11.12 228699
20140806 11.65 11.85 11.88 11.36 126333
20140807 11.78 11.62 11.88 11.58 71574
20140808 11.85 12.09 12.29 11.81 140684
20140811 11.96 12.65 12.70 11.86 153219
20140812 12.70 12.60 12.79 12.48 94098
20140813 12.61 12.31 12.65 12.11 102325
20140814 12.22 12.05 12.34 11.98 65893
20140815 12.12 12.20 12.55 12.12 117885
20140818 12.30 12.17 12.43 12.05 98741
20140819 12.12 11.98 12.17 11.95 82283
20140820 11.97 11.94 12.05 11.85 56477
20140821 11.98 12.06 12.06 11.85 60692
20140822 12.06 11.98 12.09 11.92 44182
20140825 11.95 11.90 12.07 11.88 44289
20140826 11.90 11.53 11.99 11.46 48265
20140827 11.57 11.71 11.79 11.41 36445
20140828 11.69 11.45 11.69 11.41 34281
20140829 11.50 11.57 11.58 11.41 22709
20140901 11.61 11.73 11.79 11.61 29304
20140902 11.75 11.89 11.95 11.66 63218
20140903 11.90 11.86 11.96 11.77 58919
20140904 11.88 11.97 12.03 11.80 73959
20140905 11.94 11.97 12.06 11.92 61256
20140909 12.00 11.93 12.01 11.85 40318
20140910 11.89 11.89 11.97 11.80 39414
20140911 11.86 12.13 12.17 11.82 105561
20140912 12.15 12.20 12.25 12.05 114115
20140915 12.22 12.20 12.25 12.10 67144
20140916 12.19 11.61 12.30 11.58 110923
20140917 11.57 11.63 11.74 11.51 44759
20140918 11.63 11.60 11.70 11.55 37701
20140919 11.62 11.52 11.66 11.46 65692
20140922 11.55 11.25 11.56 11.16 76201
20140923 11.29 11.41 11.47 11.22 47196
20140924 11.41 11.55 11.61 11.35 50349
20140925 11.60 11.55 11.74 11.48 73533
20140926 11.52 11.65 11.68 11.39 48561
20140929 11.65 11.71 11.80 11.63 62416
20140930 11.73 11.74 11.83 11.68 57917
20141008 11.78 11.95 11.97 11.71 66361
20141009 11.94 11.90 12.00 11.79 63870
20141010 11.86 11.89 11.96 11.78 45403
20141013 11.85 12.15 12.19 11.77 94026
20141014 12.16 12.06 12.18 11.96 65156
20141015 12.17 12.09 12.17 11.88 56775
20141016 12.40 12.60 13.25 12.30 349972
20141017 12.41 13.86 13.86 12.40 503100
20141020 13.80 13.80 13.89 13.43 294229
20141021 13.70 13.69 13.93 13.50 178147
20141022 13.77 13.11 13.87 13.01 206599
20141023 13.00 12.50 13.14 12.46 163329
20141024 12.55 12.58 12.70 12.41 98165
20141027 12.48 12.77 12.94 12.46 107271
20141028 12.84 13.03 13.09 12.68 122084
20141029 13.03 13.02 13.19 12.92 128603
20141030 13.03 13.22 13.49 13.00 184127
20141031 13.21 12.99 13.28 12.78 151228
20141103 13.06 13.15 13.44 13.06 160935
20141104 13.16 13.67 13.84 13.16 251788
20141105 13.65 13.37 13.68 13.31 131372
20141106 13.36 13.18 13.37 12.95 119809
20141107 13.13 13.08 13.25 12.94 114920
20141110 13.14 13.26 13.27 13.11 100091
20141111 13.28 12.77 13.36 12.45 145017
20141112 12.75 12.90 12.93 12.60 82805
20141113 12.86 13.20 13.24 12.73 124068
20141114 13.07 12.91 13.17 12.83 73148
20141117 12.95 12.89 13.06 12.87 59758
20141118 12.89 12.70 12.94 12.69 70907
20141119 12.71 12.76 12.85 12.67 50351
20141120 12.73 12.61 12.77 12.58 57904
20141121 12.58 12.79 12.82 12.55 70816
20141124 12.85 13.13 13.19 12.85 131370
20141125 13.17 13.25 13.29 13.06 118383
20141126 13.22 13.19 13.31 13.05 112152
20141127 13.90 13.78 14.12 13.53 295321
20141128 13.69 14.49 15.03 13.66 382881
20141201 14.29 14.15 14.51 14.10 191963
20141202 14.11 14.24 14.28 13.94 162651
20141203 14.23 14.47 14.98 14.11 261612
20141204 14.47 14.59 14.74 14.31 227672
20141205 14.53 13.80 14.59 13.61 237966
20141208 13.68 14.02 14.15 13.55 161120
20141209 14.00 13.74 14.65 13.68 260808
20141210 13.74 14.22 14.30 13.74 138160
20141211 14.14 14.44 14.50 14.10 148982
20141212 14.43 14.72 14.97 14.39 206660
20141215 14.72 14.79 14.99 14.60 194227
20141216 14.73 14.79 14.85 14.57 169261
20141217 14.79 15.09 15.55 14.75 234860
20141218 15.10 14.79 15.14 14.76 120772
20141219 14.79 14.52 14.98 14.27 119293
20141222 14.48 14.09 14.69 14.00 163978
20141223 14.13 13.97 14.31 13.91 107084
20141224 14.02 14.87 14.89 14.02 206046
20141225 14.86 14.91 14.98 14.64 146622
20141226 14.92 15.04 15.48 14.84 189088
20141229 15.10 15.00 15.27 14.73 138566
20141230 15.10 15.59 15.64 14.95 266780
20141231 15.60 15.24 15.67 15.04 189136
20150106 15.80 15.93 16.76 15.71 316341
20150107 15.86 16.33 16.48 15.68 219106
20150108 16.34 16.18 16.60 16.01 163492
20150109 16.08 15.60 16.15 15.55 138512
20150112 15.50 14.89 15.50 14.82 142544
20150113 14.91 15.16 15.19 14.86 81525
20150114 15.16 14.97 15.39 14.86 86394
20150115 14.97 15.27 15.30 14.95 77788
20150116 15.31 15.12 15.37 14.95 115950
20150119 14.72 14.02 14.76 13.82 141178
20150120 14.20 14.43 14.46 14.13 93201
20150121 14.47 14.91 14.96 14.43 112534
20150122 14.84 14.95 14.98 14.65 120007
20150123 14.95 14.69 15.05 14.62 101287
20150126 14.69 15.15 15.17 14.69 144090
20150127 15.73 15.80 15.88 15.46 336423
20150128 15.80 15.52 15.80 15.51 125227
20150129 15.37 15.14 15.46 15.06 120566
20150130 15.21 15.48 15.72 15.11 155968
20150202 15.36 15.43 15.68 15.24 113926
20150203 15.40 15.43 15.53 15.13 111956
20150204 15.46 15.06 15.50 15.04 98403
20150205 15.23 14.64 15.32 14.63 128706
20150206 14.64 14.54 14.93 14.45 60127
20150209 14.58 14.64 14.67 14.45 41657
20150210 14.64 14.74 14.75 14.54 55003
20150211 14.88 14.62 14.88 14.58 63986
20150212 14.66 14.81 14.85 14.63 50086
20150213 14.80 15.07 15.20 14.80 108749
20150216 15.03 15.29 15.38 15.03 88233
20150217 15.66 16.21 16.78 15.66 292530
20150225 16.20 16.17 16.51 16.02 197945
20150226 16.17 16.32 16.33 15.85 155873
20150227 16.33 16.15 16.33 16.10 104758
20150302 16.25 16.32 16.36 16.14 136448
20150303 16.38 16.15 16.42 16.11 128068
20150304 16.15 16.35 16.46 16.11 127411
20150305 16.32 16.66 17.00 16.25 193102
20150306 16.69 16.35 16.94 16.30 123521
20150309 16.33 16.58 16.62 15.92 142580
20150310 16.08 15.87 16.13 15.74 305986
20150311 15.88 15.97 15.98 15.78 139482
20150312 15.97 15.71 16.00 15.62 129944
20150313 15.73 15.84 15.88 15.73 94917
20150316 15.97 16.24 16.26 15.94 178075
20150317 16.33 16.42 16.44 16.21 210126
20150318 16.42 17.13 17.17 16.36 335901
20150319 17.01 17.43 17.48 16.87 315387
20150320 17.56 17.97 18.78 17.20 545152
20150323 17.80 17.89 18.00 17.53 333260
20150324 17.85 17.42 17.88 16.90 286933
20150325 17.38 17.50 17.77 17.01 227189
20150326 17.40 17.84 17.86 17.19 258683
20150327 18.14 17.84 18.26 17.82 241314
20150330 17.90 18.35 18.45 17.72 290915
20150331 18.40 18.15 18.47 18.06 230719
20150401 18.15 18.28 18.33 18.05 176886
20150402 18.28 18.36 18.37 18.10 195344
20150403 18.26 18.36 18.52 18.16 204578
20150407 18.35 18.76 18.78 18.20 262728
20150408 18.88 18.10 19.05 18.02 285131
20150409 18.11 17.66 18.17 17.37 212151
20150410 17.38 17.79 17.87 17.30 206484
20150413 17.79 17.84 17.98 17.50 255074
20150414 17.82 17.49 17.82 17.41 198345
20150415 17.47 16.65 17.47 16.63 203149
20150416 16.47 16.95 17.04 16.30 154109
20150417 17.00 17.26 17.35 17.00 165335
20150420 17.17 16.70 17.17 16.63 176890
20150421 16.70 17.33 17.34 16.63 142477
20150422 17.47 18.09 18.15 17.39 321357
20150423 18.10 18.44 18.74 17.90 371067
20150424 18.20 18.03 18.27 17.71 197796
20150427 18.00 18.10 18.36 17.90 172234
20150428 18.14 17.54 18.15 17.09 190435
20150429 17.38 17.92 18.10 17.24 143194
20150430 17.95 17.31 18.08 17.26 133668
20150504 17.21 17.36 17.46 17.00 128039
20150505 17.26 16.82 17.39 16.80 99441
20150506 16.98 16.32 17.16 16.21 112561
20150507 16.04 15.88 16.30 15.85 102946
20150508 16.06 16.11 16.20 15.59 195845
20150511 16.19 16.71 16.78 16.01 153417
20150512 16.72 16.61 16.74 16.38 156962
20150513 16.60 16.74 16.94 16.51 174165
20150514 16.74 16.66 16.74 16.32 141581
20150515 16.72 16.78 17.00 16.34 184160
20150518 16.78 17.22 17.29 16.66 193827
20150519 17.22 17.43 17.55 17.16 183331
20150520 17.50 17.28 17.77 17.24 198201
20150521 17.33 17.60 17.67 17.23 198638
20150522 17.76 18.11 18.21 17.56 298880
20150525 17.91 18.40 18.59 17.89 325890
20150526 18.45 18.65 18.66 18.09 360779
20150527 18.65 18.95 19.10 18.21 382784
20150528 18.95 17.52 19.47 17.45 378025
20150529 17.52 17.61 18.00 17.03 226318
20150601 17.70 18.62 18.68 17.68 239280
20150602 18.73 19.37 19.38 18.50 309988
20150603 19.29 19.00 19.60 18.60 251426
20150604 19.01 18.96 19.18 17.65 248215
20150605 19.38 19.85 20.25 19.16 408047
20150608 20.25 20.88 21.84 20.21 482552
20150609 21.11 21.36 21.50 20.56 338420
20150610 21.15 21.54 22.14 20.78 351932
20150611 21.58 21.42 21.58 20.90 242802
20150612 21.57 21.82 22.20 21.40 282801
20150615 21.92 22.56 23.33 21.85 321570
20150616 22.00 20.81 22.05 20.60 264559
20150617 20.85 21.09 21.31 20.02 201801
20150618 21.00 19.99 21.44 19.96 197866
20150619 19.89 18.48 19.89 18.31 188148
20150623 18.59 18.99 19.00 17.03 164149
20150624 19.22 19.90 19.98 19.10 217051
20150625 19.91 18.77 19.95 18.55 144978
20150626 18.03 16.89 18.70 16.89 216742
20150629 16.78 16.03 17.53 15.20 240519
20150630 15.89 17.23 17.28 14.88 229586
20150701 17.08 15.92 17.69 15.90 175830
20150702 16.08 14.52 16.14 14.33 203551
20150703 14.08 13.07 15.00 13.07 190005
20150706 14.36 13.34 14.36 11.80 373427
20150707 12.94 12.01 13.14 12.01 279189
20150708 10.81 10.81 11.36 10.81 415542
20150709 10.11 11.89 11.89 10.11 143495
20150710 12.22 13.08 13.08 12.20 181074
20150713 13.68 14.39 14.39 13.38 353873
20150714 14.10 13.92 14.96 13.71 295232
20150715 13.55 12.53 13.82 12.53 215003
20150716 12.53 13.41 13.63 12.53 139875
20150717 13.61 14.51 14.70 13.45 194802
20150720 14.46 14.34 14.72 13.90 170671
20150721 14.09 14.49 14.68 13.81 144264
20150722 14.40 14.95 15.25 14.30 219976
20150723 14.92 15.22 15.39 14.81 165049
20150724 15.58 14.95 15.60 14.70 176385
20150727 14.60 13.46 15.14 13.46 182783
20150728 13.19 13.70 13.88 12.23 185536
20150729 13.78 14.51 14.57 13.40 105523
20150730 14.28 14.95 15.67 14.27 234617
