20141209 12.41 14.89 14.89 12.41 3731
20141210 16.38 16.38 16.38 16.38 2105
20141211 18.02 18.02 18.02 18.02 2067
20141212 19.82 19.82 19.82 19.82 6850
20141215 21.80 20.02 21.80 19.56 914728
20141216 19.24 18.92 19.63 18.64 533863
20141217 18.71 18.52 19.49 18.42 360282
20141218 18.30 17.93 18.50 17.83 310979
20141219 17.75 16.83 17.84 16.41 342294
20141222 16.70 15.18 16.70 15.15 299172
20141223 15.45 16.70 16.70 15.40 191497
20141224 17.50 17.16 17.78 16.81 460175
20141225 16.50 16.62 16.80 16.00 338801
20141226 16.29 16.42 16.80 16.20 218182
20141229 16.19 16.69 16.72 15.86 272073
20141230 16.60 16.25 16.96 16.20 201982
20141231 16.10 15.93 16.23 15.73 158191
20150105 15.94 16.29 16.52 15.80 207643
20150106 16.00 16.37 16.44 15.75 223000
20150107 16.60 16.43 16.97 16.32 256623
20150108 16.10 16.11 16.44 15.94 146605
20150109 16.04 15.91 16.23 15.89 109179
20150112 15.73 15.25 15.74 15.20 129342
20150113 15.28 15.39 15.54 15.20 77804
20150114 15.35 15.25 15.57 15.20 87431
20150115 15.28 15.76 16.64 15.20 189174
20150116 15.61 16.59 17.18 15.58 393837
20150119 15.99 15.65 16.68 15.31 299565
20150120 15.62 16.45 16.50 15.54 257816
20150121 16.45 16.64 16.66 16.25 271893
20150122 16.54 17.16 17.46 16.46 370906
20150123 17.13 16.50 17.13 16.41 256493
20150126 16.51 16.51 16.56 16.22 124965
20150127 16.53 16.44 16.77 16.27 141339
20150128 16.28 16.07 16.28 16.00 139300
20150129 15.91 15.85 16.01 15.77 72828
20150130 15.85 16.14 16.55 15.79 134771
20150202 15.96 15.87 16.12 15.83 72396
20150203 15.90 16.09 16.15 15.90 62538
20150204 16.05 16.00 16.28 15.87 84880
20150205 16.18 15.63 16.25 15.60 91723
20150206 15.64 15.29 15.72 15.22 86284
20150209 15.22 15.26 15.36 15.21 41962
20150210 15.26 15.19 15.32 15.10 60886
20150211 15.20 15.24 15.28 15.15 46793
20150212 15.26 15.37 15.42 15.25 44559
20150213 15.45 15.71 15.90 15.41 93512
20150216 15.68 15.69 15.80 15.61 52554
20150217 15.72 15.75 15.88 15.60 62564
20150225 15.75 15.57 15.77 15.56 41932
20150226 15.58 15.97 16.57 15.54 109757
20150227 16.01 16.22 16.50 15.91 135240
20150302 16.22 16.36 16.50 16.04 147732
20150303 16.26 16.29 16.53 16.10 174875
20150304 16.20 16.47 16.56 16.15 161747
20150305 16.51 16.41 16.60 16.19 161749
20150306 16.41 16.33 16.49 16.17 126050
20150309 16.16 16.10 16.33 16.02 93540
20150310 16.06 16.10 16.19 16.02 73492
20150311 16.08 15.63 16.14 15.56 128680
20150312 15.61 15.63 15.87 15.55 77154
20150313 15.73 15.90 15.95 15.72 72971
20150316 16.00 16.15 16.18 15.91 103817
20150317 16.17 16.55 16.59 16.11 244743
20150318 16.56 16.92 16.95 16.39 279646
20150319 16.93 16.78 16.94 16.61 208755
20150320 16.79 16.99 17.17 16.72 202388
20150323 17.16 17.10 17.28 16.93 213039
20150324 17.10 17.28 17.28 16.83 345753
20150325 17.24 17.06 17.24 16.92 202285
20150326 17.07 16.85 17.07 16.75 165810
20150327 16.90 17.66 18.44 16.85 395099
20150330 17.60 17.90 18.00 17.30 311001
20150331 17.90 17.71 18.08 17.46 235909
20150401 17.71 18.43 18.56 17.71 338378
20150402 18.29 18.52 18.55 18.17 219967
20150403 18.33 19.08 19.27 18.17 314553
20150407 19.20 20.99 20.99 19.08 593161
20150522 23.09 23.09 23.09 23.09 1978
20150525 25.40 25.40 25.40 25.40 4887
20150526 27.00 27.94 27.94 25.40 355200
20150527 29.16 30.57 30.57 28.20 631246
20150528 31.50 29.97 33.63 28.90 758890
20150529 28.00 27.42 29.91 26.97 576754
20150601 27.50 28.44 28.90 26.03 527792
20150602 27.94 28.01 28.23 27.00 395364
20150603 28.19 29.45 30.58 27.44 474228
20150604 28.75 27.29 29.37 26.51 310555
20150605 27.80 27.71 28.50 26.60 224703
20150608 27.20 27.68 28.48 26.95 239859
20150609 27.44 27.00 27.85 26.60 185877
20150610 27.03 27.72 28.08 26.50 234630
20150611 27.32 28.09 28.42 27.00 287127
20150612 28.03 27.80 28.24 27.58 259694
20150615 27.50 26.96 27.73 26.73 172713
20150616 26.31 26.76 27.92 26.00 190390
20150617 26.70 25.65 26.95 24.08 187711
20150618 25.50 23.72 25.50 23.70 143543
20150619 22.99 21.35 22.99 21.35 151302
20150623 21.32 21.13 21.70 19.38 139279
20150624 21.70 22.14 22.29 21.01 151075
20150625 22.05 21.06 22.21 20.55 115439
20150626 20.18 18.95 20.68 18.95 116178
20150629 19.24 17.08 19.68 17.06 172069
20150630 16.56 18.23 18.41 15.37 208250
20150701 17.60 16.76 18.50 16.66 154476
20150702 16.76 15.35 17.00 15.18 140086
20150703 15.10 13.82 15.50 13.82 211630
20150706 15.20 13.98 15.20 12.44 209116
20150707 13.35 15.38 15.38 12.62 311283
20150708 14.00 14.31 16.27 13.87 410650
20150709 14.31 15.74 15.74 14.31 267596
20150710 16.40 17.31 17.31 15.91 285871
20150713 18.20 19.04 19.04 17.01 487742
20150714 18.16 17.72 19.59 17.51 408218
20150715 17.00 15.95 17.39 15.95 195868
20150716 15.95 16.42 16.96 14.68 179579
20150717 16.42 17.36 17.82 16.42 196267
20150720 17.22 17.11 17.75 16.66 206177
20150721 16.45 17.27 17.55 16.36 163052
20150722 17.20 17.60 17.86 17.07 197558
20150723 17.70 18.54 19.06 17.39 276145
20150724 18.28 17.53 18.66 17.45 274055
20150727 16.87 15.78 17.35 15.78 160436
20150728 14.98 15.19 15.95 14.23 181622
20150729 15.50 16.28 16.30 14.99 132358
20150730 16.25 15.91 16.98 15.63 147962
