20140102 4.30 4.32 4.34 4.28 26608
20140103 4.31 4.19 4.31 4.15 40388
20140106 4.15 3.95 4.15 3.93 56648
20140107 3.90 4.00 4.04 3.86 25273
20140108 4.00 3.88 4.01 3.88 32812
20140109 3.87 3.82 3.96 3.80 31561
20140110 3.82 3.73 3.82 3.71 28293
20140113 3.73 3.68 3.77 3.66 21459
20140114 3.68 3.83 3.86 3.68 33519
20140115 3.83 3.81 3.84 3.77 14087
20140116 3.81 3.82 3.85 3.78 22986
20140117 3.80 3.74 3.81 3.73 15640
20140120 3.73 3.72 3.79 3.67 16669
20140121 3.77 3.87 3.94 3.73 48040
20140122 3.88 4.03 4.04 3.87 50258
20140123 4.03 4.00 4.03 3.94 33719
20140124 4.04 4.23 4.24 4.01 72769
20140127 4.20 4.20 4.21 4.14 36056
20140128 4.17 4.15 4.28 4.13 36303
20140129 4.18 4.11 4.18 4.08 25885
20140130 4.09 4.14 4.15 4.09 14735
20140207 4.11 4.17 4.17 4.05 19200
20140210 4.17 4.26 4.27 4.17 52909
20140211 4.26 4.30 4.32 4.22 58727
20140212 4.29 4.32 4.35 4.24 54932
20140213 4.32 4.41 4.56 4.26 114686
20140214 4.41 4.49 4.55 4.41 100345
20140217 4.50 4.47 4.54 4.40 71040
20140218 4.46 4.40 4.47 4.35 59944
20140219 4.40 4.41 4.47 4.36 47349
20140220 4.41 4.27 4.44 4.25 77359
20140221 4.24 4.22 4.29 4.17 46092
20140224 4.15 3.93 4.16 3.88 96188
20140225 3.92 3.78 3.95 3.76 73839
20140226 3.79 3.87 3.88 3.74 38703
20140227 3.86 3.83 3.94 3.81 35891
20140228 3.84 3.88 3.89 3.78 25693
20140303 3.88 4.00 4.02 3.85 47512
20140304 3.98 3.98 3.98 3.91 33910
20140305 3.98 3.96 4.04 3.93 27437
20140306 3.94 4.04 4.08 3.89 46013
20140307 4.02 3.95 4.04 3.94 29941
20140310 3.94 3.78 3.94 3.76 37023
20140311 3.79 3.81 3.87 3.74 27160
20140312 3.80 3.88 3.92 3.70 50079
20140313 3.86 3.89 3.91 3.81 26015
20140314 3.87 3.81 3.89 3.75 33733
20140317 3.83 3.87 3.88 3.77 29476
20140318 3.87 3.98 4.01 3.87 68955
20140319 3.99 4.00 4.01 3.92 35103
20140320 4.00 3.90 4.06 3.88 40670
20140321 3.89 4.06 4.06 3.86 65028
20140324 4.06 4.18 4.21 4.06 91354
20140325 4.18 4.28 4.44 4.14 139924
20140326 4.28 4.18 4.28 4.15 72367
20140327 4.17 4.16 4.27 4.12 66977
20140328 4.16 4.14 4.24 4.12 54564
20140331 4.14 4.02 4.18 3.99 50395
20140401 4.03 4.15 4.16 4.02 48030
20140402 4.17 4.28 4.36 4.17 105690
20140403 4.27 4.18 4.28 4.16 64325
20140404 4.17 4.21 4.23 4.14 28431
20140408 4.19 4.26 4.29 4.19 36826
20140409 4.28 4.26 4.33 4.23 30516
20140410 4.24 4.22 4.28 4.20 40818
20140411 4.22 4.29 4.35 4.18 75838
20140414 4.29 4.34 4.35 4.26 52702
20140415 4.34 4.29 4.39 4.29 34898
20140416 4.26 4.29 4.34 4.25 27508
20140417 4.28 4.26 4.31 4.25 26199
20140418 4.26 4.20 4.28 4.18 43817
20140421 4.17 4.16 4.24 4.12 25544
20140422 4.16 4.20 4.22 4.13 29468
20140423 4.19 4.12 4.21 4.10 34616
20140424 4.10 4.06 4.16 4.06 24878
20140425 4.06 3.97 4.11 3.93 30550
20140428 3.99 3.87 4.02 3.82 29539
20140429 3.88 3.95 3.95 3.85 18282
20140430 3.99 4.12 4.13 3.99 47221
20140505 4.12 4.02 4.12 3.94 55276
20140506 4.01 3.99 4.04 3.97 49453
20140507 3.98 3.96 4.02 3.94 34433
20140508 3.95 3.94 4.02 3.92 38752
20140509 3.94 3.87 3.95 3.82 27161
20140512 3.89 4.14 4.15 3.85 84299
20140513 4.19 4.12 4.29 4.09 94351
20140514 4.10 4.08 4.15 4.07 42594
20140515 4.07 3.94 4.07 3.93 43815
20140516 3.94 3.98 3.98 3.91 20383
20140519 3.99 3.97 3.99 3.91 14110
20140520 3.98 3.98 4.04 3.97 16084
20140521 3.98 4.05 4.07 3.93 22129
20140522 4.04 4.00 4.08 3.99 29204
20140523 3.99 4.05 4.06 3.99 18771
20140526 4.05 4.05 4.07 4.02 18205
20140527 4.06 4.01 4.06 4.00 12767
20140528 4.01 4.03 4.04 3.97 17975
20140529 4.03 4.01 4.06 3.99 21948
20140530 4.00 3.96 4.01 3.92 22983
20140603 3.99 3.95 3.99 3.94 15401
20140604 3.95 3.90 3.96 3.87 22165
20140605 3.90 3.96 3.97 3.88 14021
20140606 3.95 3.94 3.96 3.90 12632
20140609 3.91 3.91 3.96 3.90 15377
20140610 3.95 3.93 3.95 3.89 12271
20140611 3.94 3.96 3.97 3.93 14497
20140612 3.96 3.94 3.97 3.93 14480
20140613 3.96 3.96 3.97 3.92 17605
20140616 3.96 3.96 3.97 3.93 19335
20140617 3.96 3.92 3.97 3.91 12336
20140618 3.93 3.87 3.94 3.87 17832
20140619 3.88 3.81 3.92 3.80 19819
20140620 3.81 3.84 3.84 3.80 10929
20140623 3.84 3.85 3.87 3.83 9918
20140624 3.85 3.88 3.90 3.85 11370
20140625 3.89 3.88 3.90 3.84 7651
20140626 3.89 3.94 3.96 3.88 23847
20140627 3.94 3.96 4.00 3.92 29037
20140630 3.98 3.97 4.02 3.96 22357
20140701 4.00 4.01 4.02 3.98 24914
20140702 4.01 4.01 4.04 3.96 19270
20140703 4.01 4.04 4.08 3.98 31706
20140704 4.04 4.03 4.06 4.02 18970
20140707 4.05 4.06 4.08 4.03 26229
20140708 4.07 4.05 4.07 4.02 21125
20140709 4.06 3.99 4.08 3.98 26704
20140710 3.90 3.90 3.95 3.89 24817
20140711 3.91 3.92 3.95 3.89 19696
20140714 3.95 3.97 3.97 3.91 28801
20140715 3.97 3.99 3.99 3.96 26480
20140716 3.99 4.02 4.05 3.97 39412
20140717 4.02 4.01 4.04 3.97 32609
20140718 4.00 4.01 4.08 3.99 36214
20140721 4.01 4.01 4.05 3.99 30906
20140722 4.01 4.06 4.07 4.00 37915
20140723 4.06 4.05 4.09 4.03 32283
20140724 4.05 4.15 4.22 4.05 100146
20140725 4.16 4.15 4.17 4.11 46615
20140728 4.16 4.22 4.22 4.16 84057
20140729 4.23 4.22 4.30 4.21 86919
20140730 4.23 4.18 4.23 4.15 73474
20140731 4.17 4.24 4.24 4.15 53706
20140801 4.25 4.19 4.28 4.18 80071
20140804 4.19 4.25 4.26 4.18 52444
20140805 4.26 4.27 4.28 4.21 60241
20140806 4.28 4.34 4.38 4.27 112290
20140807 4.31 4.26 4.37 4.25 68993
20140808 4.26 4.24 4.28 4.21 47879
20140811 4.25 4.30 4.30 4.23 45315
20140812 4.30 4.30 4.31 4.27 34723
20140815 4.60 4.44 4.60 4.38 244671
20140818 4.50 4.45 4.55 4.42 126712
20140819 4.44 4.41 4.45 4.36 103330
20140820 4.41 4.44 4.46 4.39 66063
20140821 4.43 4.39 4.46 4.36 59540
20140822 4.39 4.40 4.42 4.36 55366
20140825 4.41 4.36 4.41 4.35 45650
20140826 4.37 4.26 4.40 4.23 58746
20140827 4.27 4.23 4.28 4.22 30783
20140828 4.23 4.20 4.27 4.19 39983
20140829 4.22 4.27 4.27 4.21 29688
20140901 4.28 4.32 4.33 4.27 47646
20140902 4.33 4.37 4.37 4.30 59992
20140903 4.36 4.42 4.43 4.35 97712
20140904 4.43 4.43 4.45 4.40 67589
20140905 4.41 4.45 4.45 4.41 66481
20140909 4.46 4.43 4.47 4.41 52572
20140910 4.43 4.43 4.44 4.38 63937
20140911 4.43 4.46 4.49 4.41 95653
20140912 4.46 4.53 4.53 4.44 104434
20140915 4.57 4.56 4.59 4.51 111469
20140916 4.61 4.50 4.77 4.45 197504
20140917 4.49 4.75 4.78 4.46 246526
20140918 4.73 4.70 4.83 4.62 174652
20140919 4.68 4.71 4.79 4.64 103518
20140922 4.69 4.56 4.70 4.52 97165
20140923 4.55 4.65 4.66 4.55 70281
20140924 4.65 4.69 4.70 4.61 92245
20140925 4.69 4.64 4.72 4.62 77365
20140926 4.63 4.68 4.73 4.60 58658
20140929 4.68 4.75 4.78 4.68 89927
20140930 4.77 4.79 4.81 4.75 83432
20141008 5.02 4.87 5.02 4.85 141382
20141009 4.85 4.96 4.97 4.85 114456
20141010 4.95 4.97 4.98 4.89 109779
20141013 4.96 5.00 5.02 4.90 106733
20141014 5.00 5.02 5.05 4.96 111268
20141015 5.00 4.95 5.02 4.89 96833
20141016 4.92 4.83 4.97 4.81 91497
20141017 4.82 4.87 4.91 4.67 99516
20141020 4.92 4.89 4.95 4.84 59009
20141021 4.89 4.83 4.90 4.81 57857
20141022 4.83 4.73 4.85 4.73 45890
20141023 4.72 4.58 4.74 4.50 90524
20141024 4.56 4.63 4.64 4.52 58606
20141027 4.58 4.65 4.66 4.54 53209
20141028 4.65 4.79 4.80 4.65 54920
20141029 4.82 4.90 4.91 4.78 96404
20141030 4.89 4.88 4.92 4.85 86163
20141031 4.89 4.93 4.98 4.86 96999
20141103 4.96 4.95 4.98 4.90 141421
20141104 4.94 4.93 4.96 4.90 75230
20141105 4.93 4.92 4.93 4.87 64880
20141106 4.90 4.98 4.98 4.89 89781
20141107 4.98 4.83 5.00 4.80 95486
20141110 4.84 4.91 4.92 4.83 73421
20141111 4.91 4.76 4.95 4.70 107512
20141112 4.76 4.94 4.94 4.70 100941
20141113 4.95 4.97 5.00 4.90 121043
20141114 4.98 5.12 5.25 4.93 252323
20141117 5.08 5.07 5.11 4.99 126368
20141118 5.04 4.99 5.06 4.96 78460
20141119 4.99 5.01 5.05 4.97 63173
20141120 5.01 4.96 5.01 4.94 59619
20141121 4.94 5.06 5.06 4.94 84841
20141125 5.57 5.57 5.57 5.44 283929
20141126 5.69 5.78 5.94 5.60 670605
20141127 5.72 5.72 5.78 5.62 273622
20141128 5.72 5.88 5.90 5.65 346922
20141201 5.89 5.73 5.98 5.67 246662
20141202 5.69 5.79 5.82 5.61 192357
20141203 5.80 5.88 6.10 5.69 294725
20141204 5.83 5.93 5.98 5.73 260362
20141205 5.95 5.68 5.95 5.55 224975
20141208 5.62 5.77 5.86 5.54 182935
20141209 5.75 5.67 6.14 5.64 348436
20141210 5.60 5.86 5.87 5.60 159103
20141211 5.86 6.02 6.19 5.78 235147
20141212 6.02 5.97 6.15 5.90 138262
20141215 5.99 5.96 6.00 5.78 165696
20141216 5.95 5.98 5.99 5.82 144531
20141217 5.93 5.92 6.05 5.83 121555
20141218 5.96 5.83 5.96 5.83 84874
20141219 5.81 5.71 5.83 5.56 143513
20141222 5.71 5.65 5.84 5.62 133162
20141223 5.60 5.68 5.91 5.60 154053
20141224 5.73 5.73 5.77 5.67 68297
20141225 5.71 5.79 5.83 5.71 78393
20141226 5.78 6.04 6.09 5.75 276442
20141229 6.11 6.16 6.34 6.02 444879
20141230 6.10 5.95 6.16 5.90 201691
20141231 5.90 6.20 6.23 5.86 205156
20150105 6.35 6.63 6.82 6.28 489454
20150106 6.49 6.41 6.55 6.25 265335
20150107 6.42 6.39 6.47 6.28 133603
20150108 6.38 6.15 6.39 6.13 142914
20150109 6.15 6.08 6.32 6.05 118925
20150112 6.01 5.70 6.03 5.68 149699
20150113 5.70 5.73 5.77 5.66 68691
20150114 5.72 5.65 5.79 5.62 74790
20150115 5.63 5.81 5.82 5.62 79685
20150116 5.85 5.81 5.86 5.73 77962
20150119 5.60 5.33 5.68 5.23 141697
20150120 5.40 5.48 5.49 5.33 92056
20150121 5.62 6.03 6.03 5.61 222434
20150122 6.30 6.13 6.34 6.10 347197
20150123 6.10 6.13 6.18 6.05 158818
20150126 6.13 6.31 6.38 6.04 180410
20150127 6.30 6.21 6.33 6.06 151534
20150128 6.18 6.11 6.20 6.09 88104
20150129 6.07 6.22 6.28 6.03 121583
20150130 6.23 6.12 6.28 6.08 95478
20150202 6.05 5.94 6.08 5.92 87567
20150203 5.95 6.02 6.04 5.93 67372
20150204 6.02 5.88 6.07 5.88 79728
20150205 6.06 5.81 6.10 5.79 118019
20150206 5.80 5.66 5.84 5.60 75144
20150209 5.68 5.71 5.82 5.61 48593
20150210 5.71 5.80 5.82 5.71 44607
20150211 5.91 5.81 5.91 5.70 48204
20150212 5.81 5.81 5.85 5.69 49150
20150213 5.83 6.00 6.03 5.83 103237
20150216 6.02 6.05 6.05 5.98 73052
20150217 6.07 6.07 6.12 6.02 74691
20150225 6.06 6.06 6.09 6.01 63418
20150226 6.05 6.15 6.15 6.04 96407
20150227 6.17 6.13 6.20 6.10 104254
20150302 6.26 6.21 6.26 6.16 139714
20150303 6.18 6.07 6.19 6.05 124662
20150304 6.06 6.13 6.14 6.05 83768
20150305 6.10 6.27 6.27 6.06 180661
20150306 6.27 6.28 6.45 6.25 206579
20150309 6.30 6.35 6.37 6.17 134116
20150310 6.35 6.38 6.43 6.30 116299
20150311 6.38 6.29 6.43 6.24 124682
20150312 6.31 6.36 6.36 6.23 136231
20150313 6.38 6.36 6.38 6.31 108800
20150316 6.38 6.55 6.57 6.38 186740
20150317 6.60 6.64 6.70 6.54 198017
20150318 6.65 6.93 7.03 6.65 285755
20150319 6.92 6.89 6.96 6.80 178295
20150320 6.94 7.09 7.23 6.89 243037
20150323 7.21 7.30 7.50 7.20 234935
20150324 7.34 7.19 7.36 6.93 254715
20150325 7.20 7.33 7.39 7.09 180619
20150326 7.28 7.22 7.32 7.12 183925
20150327 7.26 7.36 7.42 7.23 238611
20150330 7.42 7.76 7.85 7.35 372339
20150331 8.05 7.61 8.23 7.59 382420
20150401 7.58 7.72 7.78 7.52 184963
20150402 7.76 7.74 7.78 7.62 199144
20150403 7.69 7.89 7.95 7.62 240831
20150407 7.89 8.10 8.11 7.85 275001
20150408 8.25 8.06 8.30 7.82 278272
20150409 8.07 7.99 8.08 7.70 253586
20150410 8.02 8.23 8.28 7.90 295510
20150413 8.24 8.67 8.84 8.18 372932
20150414 8.65 8.67 8.87 8.50 256618
20150415 8.62 8.27 8.63 8.21 230407
20150416 8.18 8.29 8.39 7.93 169255
20150417 8.34 8.33 8.44 8.23 257397
20150420 8.36 8.21 8.48 8.19 313674
20150421 8.16 8.43 8.44 8.14 192421
20150422 8.48 8.97 9.05 8.47 373679
20150423 8.97 8.88 8.98 8.74 315171
20150424 8.70 8.91 8.93 8.61 243928
20150427 8.91 8.92 9.05 8.80 222153
20150428 8.92 8.52 8.92 8.48 207758
20150429 8.45 8.75 8.83 8.40 144404
20150430 8.76 8.77 8.94 8.63 212871
20150504 8.72 8.80 8.83 8.64 150696
20150505 8.78 8.29 8.78 8.25 190200
20150506 8.29 7.93 8.40 7.80 152539
20150507 7.89 7.63 7.95 7.60 112556
20150508 7.74 7.87 7.90 7.63 126664
20150511 8.04 8.18 8.19 7.95 151607
20150512 8.23 8.25 8.29 8.12 154257
20150513 8.21 8.28 8.28 8.12 166688
20150514 8.28 8.24 8.37 8.19 115613
20150515 8.22 7.99 8.22 7.90 139513
20150518 7.92 7.98 8.04 7.87 82553
20150519 7.95 8.26 8.27 7.95 123393
20150520 8.25 9.09 9.09 8.19 320753
20150521 9.98 9.86 10.00 9.52 1049952
20150522 9.60 9.74 9.84 9.37 598307
20150525 9.63 10.04 10.27 9.56 612253
20150526 10.05 10.13 10.29 9.81 519505
20150527 9.98 9.97 10.15 9.80 420453
20150528 9.95 9.26 10.18 9.24 406491
20150529 9.20 9.27 9.48 8.90 276490
20150601 9.35 9.94 10.06 9.22 327777
20150602 10.00 10.42 10.58 9.80 448822
20150603 10.39 10.23 10.39 9.93 311083
20150604 10.25 10.23 10.29 9.46 270658
20150605 10.35 10.93 11.15 10.20 615989
20150608 10.95 11.02 11.32 10.83 497655
20150609 11.02 10.96 11.06 10.66 281537
20150610 10.85 11.09 11.36 10.55 315179
20150611 11.08 11.23 11.32 10.97 259569
