20140102 6.08 6.11 6.13 6.06 14967
20140103 6.11 6.03 6.11 5.98 11778
20140106 6.05 5.73 6.05 5.70 21377
20140107 5.73 5.77 5.84 5.66 14273
20140108 5.78 5.73 5.84 5.72 16484
20140109 5.72 5.74 5.88 5.71 16845
20140110 5.73 5.74 5.80 5.60 36904
20140113 5.79 5.81 5.84 5.71 16990
20140114 5.79 5.86 5.88 5.77 13609
20140115 5.86 5.95 5.98 5.81 43029
20140116 5.93 5.97 6.02 5.87 40009
20140117 5.92 5.80 5.94 5.69 19231
20140120 5.78 5.76 5.92 5.70 13713
20140121 5.77 5.79 5.83 5.72 19520
20140122 5.75 5.90 5.90 5.74 22684
20140123 5.89 6.12 6.14 5.87 57968
20140124 6.10 6.26 6.33 6.08 58225
20140127 6.26 6.24 6.30 6.19 26751
20140128 6.22 6.15 6.26 6.12 18574
20140129 6.13 6.14 6.20 6.11 12185
20140130 6.11 6.09 6.17 6.01 22509
20140207 6.09 6.16 6.21 6.04 24595
20140210 6.13 6.29 6.31 6.13 38166
20140211 6.25 6.28 6.39 6.20 85255
20140212 6.28 6.38 6.39 6.21 50903
20140213 6.35 7.00 7.02 6.34 389710
20140214 6.89 7.59 7.70 6.88 457632
20140217 7.43 7.51 7.65 7.31 429595
20140218 7.55 7.70 7.80 7.34 414804
20140219 7.66 7.57 7.80 7.46 419315
20140220 7.43 7.57 7.70 7.41 272129
20140221 7.55 7.21 7.65 7.10 286434
20140224 7.20 6.94 7.25 6.73 201349
20140225 6.92 6.68 6.92 6.58 148065
20140226 6.60 6.76 6.80 6.51 89022
20140227 6.73 6.58 6.81 6.54 86165
20140228 6.51 6.78 6.79 6.42 80263
20140303 6.77 6.84 6.93 6.70 83932
20140304 6.77 6.70 6.82 6.62 56804
20140305 6.70 6.64 6.79 6.62 43680
20140306 6.60 6.63 6.67 6.52 42692
20140307 6.61 6.51 6.68 6.50 37848
20140310 6.47 6.19 6.47 6.18 59555
20140311 6.18 6.23 6.29 6.18 26525
20140312 6.24 6.35 6.36 6.19 42527
20140313 6.32 6.36 6.37 6.29 29661
20140314 6.33 6.26 6.35 6.23 22733
20140317 6.23 6.38 6.39 6.23 25934
20140318 6.40 6.44 6.46 6.35 34553
20140319 6.40 6.64 6.75 6.33 75476
20140320 6.52 6.39 6.63 6.38 50198
20140321 6.35 6.51 6.53 6.33 32763
20140324 6.50 6.60 6.68 6.47 46803
20140325 6.52 6.58 6.66 6.50 41208
20140326 6.60 6.60 6.65 6.48 37792
20140327 6.60 6.52 6.86 6.51 62727
20140328 6.43 6.27 6.46 6.22 50138
20140331 6.28 6.23 6.33 6.22 19452
20140401 6.23 6.36 6.38 6.20 18345
20140402 6.37 6.31 6.37 6.29 15101
20140403 6.33 6.24 6.36 6.23 22180
20140404 6.24 6.29 6.32 6.22 12274
20140408 6.31 6.38 6.42 6.29 27645
20140409 6.36 6.45 6.46 6.36 27364
20140410 6.46 6.45 6.47 6.40 28916
20140411 6.45 6.38 6.46 6.34 27387
20140414 6.39 6.57 6.63 6.37 60979
20140415 6.53 6.48 6.56 6.45 34376
20140416 6.45 6.54 6.55 6.43 25104
20140417 6.56 6.51 6.66 6.47 28825
20140418 6.50 6.56 6.57 6.45 22030
20140421 6.53 6.50 6.64 6.49 37236
20140422 6.48 6.40 6.51 6.35 25129
20140423 6.40 6.40 6.46 6.37 11832
20140424 6.41 6.24 6.43 6.23 18233
20140425 6.21 6.17 6.31 6.16 19490
20140428 6.17 6.04 6.21 5.99 21953
20140429 6.02 6.10 6.11 6.00 11767
20140430 6.10 6.10 6.16 6.02 16159
20140505 6.15 6.28 6.36 6.11 30682
20140506 6.27 6.24 6.35 6.16 23360
20140507 6.23 6.40 6.53 6.20 56547
20140508 6.37 6.33 6.46 6.31 37797
20140530 6.79 6.48 6.79 6.36 86716
20140603 6.40 6.22 6.43 6.20 45047
20140604 6.22 6.25 6.29 6.13 22988
20140605 6.24 6.24 6.27 6.12 20918
20140606 6.23 6.16 6.25 6.12 18894
20140609 6.19 6.23 6.27 6.12 27882
20140610 6.23 6.22 6.25 6.18 20847
20140611 6.20 6.19 6.24 6.17 16632
20140612 6.18 6.14 6.21 6.13 13945
20140613 6.17 6.21 6.22 6.15 17252
20140616 6.22 6.23 6.26 6.15 17289
20140617 6.24 6.17 6.24 6.15 11508
20140618 6.16 6.06 6.18 6.03 21392
20140619 6.05 5.93 6.09 5.93 18588
20140620 5.91 5.99 5.99 5.90 10770
20140623 5.99 6.07 6.11 5.99 14093
20140624 6.07 6.13 6.17 6.05 12271
20140625 6.14 6.20 6.21 6.11 21319
20140626 6.25 6.17 6.35 6.15 34087
20140627 6.16 6.17 6.23 6.11 27763
20140630 6.28 6.19 6.28 6.18 26521
20140701 6.19 6.36 6.40 6.16 63461
20140702 6.36 6.42 6.45 6.31 39403
20140703 6.41 6.39 6.41 6.33 22062
20140704 6.39 6.41 6.48 6.36 35888
20140707 6.41 6.37 6.47 6.32 15911
20140708 6.35 6.48 6.64 6.35 45648
20140709 6.48 6.49 6.57 6.36 39163
20140710 6.55 6.46 6.56 6.39 46687
20140711 6.46 6.42 6.46 6.38 23893
20140714 6.42 6.48 6.49 6.36 25878
20140715 6.48 6.55 6.65 6.43 58560
20140716 6.55 6.45 6.63 6.43 30027
20140717 6.44 6.38 6.44 6.35 19370
20140718 6.38 6.42 6.51 6.35 22649
20140721 6.43 6.52 6.53 6.42 29735
20140722 6.51 6.74 6.82 6.48 107079
20140723 6.70 6.74 6.87 6.67 72874
20140724 6.72 6.62 6.75 6.55 37840
20140725 6.65 6.87 7.06 6.62 105647
20140728 6.83 6.86 6.88 6.72 79368
20140729 6.86 6.83 6.86 6.76 43525
20140730 6.82 6.80 6.82 6.71 35996
20140731 6.80 6.93 6.99 6.77 57666
20140801 6.90 6.87 7.00 6.86 56021
20140804 6.89 6.96 6.96 6.85 35255
20140805 7.00 7.23 7.28 6.92 103816
20140806 7.21 7.40 7.43 7.10 84677
20140807 7.39 7.22 7.46 7.21 53596
20140808 7.27 7.17 7.36 7.06 52434
20140811 7.19 7.48 7.55 7.16 83908
20140812 7.55 7.88 8.18 7.45 171399
20140813 7.90 7.98 7.98 7.67 92764
20140814 7.92 7.73 8.10 7.68 81317
20140815 7.65 7.78 7.82 7.62 45161
20140818 7.85 7.76 8.12 7.74 59699
20140819 7.79 7.75 7.80 7.65 52332
20140820 7.71 7.70 7.82 7.66 35265
20140821 7.69 7.52 7.70 7.41 59428
20140822 7.51 7.64 7.65 7.36 71802
20140825 7.67 7.65 7.82 7.62 66030
20140826 7.61 7.38 7.61 7.37 47010
20140827 7.36 7.39 7.48 7.36 20801
20140828 7.39 7.42 7.48 7.35 20649
20140829 7.39 7.47 7.49 7.39 16333
20140901 7.47 7.64 7.67 7.44 38977
20140902 7.62 7.72 7.84 7.59 65509
20140903 7.68 7.71 7.77 7.62 52474
20140904 7.70 7.74 7.78 7.68 42112
20140905 7.76 7.71 7.77 7.64 39879
20140909 7.69 7.74 7.75 7.66 35110
20140910 7.73 7.80 7.82 7.64 47072
20140911 7.75 7.72 7.88 7.70 58001
20140912 7.80 8.03 8.05 7.80 113214
20140915 8.04 8.44 8.54 8.00 133151
20140916 8.42 8.06 8.48 8.00 90758
20140917 8.06 8.87 8.87 8.02 161005
20140918 9.42 9.01 9.42 8.91 207808
20140919 9.08 9.26 9.58 8.81 163474
20140922 9.17 9.20 9.31 8.89 79752
20140923 9.10 9.06 9.29 8.87 128351
20140924 9.00 8.98 9.10 8.89 98516
20140925 8.99 8.79 9.01 8.77 104708
20140926 8.79 8.90 8.98 8.63 95172
20140929 8.95 9.40 9.50 8.90 131722
20140930 9.38 9.30 9.46 9.23 59276
20141008 9.26 9.19 9.29 9.06 67514
20141009 9.17 8.97 9.22 8.79 110849
20141010 8.90 8.76 8.94 8.68 87998
20141013 8.73 8.90 8.92 8.72 53302
20141014 8.90 8.64 8.94 8.50 77955
20141015 8.63 8.80 8.81 8.57 56212
20141016 8.77 8.74 8.97 8.71 54275
20141017 8.71 8.69 8.79 8.53 54418
20141020 8.73 8.78 8.80 8.63 30480
20141021 8.80 8.69 8.80 8.66 25577
20141022 8.69 8.33 8.73 8.32 57295
20141023 8.30 8.18 8.35 8.07 35823
20141024 8.19 8.22 8.31 8.12 19014
20141027 8.23 8.28 8.33 8.19 21243
20141028 8.33 8.48 8.49 8.33 21847
20141029 8.48 8.58 8.68 8.48 38406
20141030 8.56 8.61 8.71 8.49 36941
20141031 8.63 8.53 8.71 8.45 31045
20141103 8.53 8.57 8.70 8.50 28321
20141104 8.59 8.87 8.87 8.49 56749
20141105 8.83 8.91 8.92 8.71 47310
20141106 8.87 8.95 9.01 8.77 40024
20141107 8.92 9.09 9.31 8.90 118413
20141110 9.01 9.09 9.24 9.01 46976
20141111 9.08 8.85 9.14 8.55 59189
20141112 8.85 9.74 9.74 8.72 139498
20141113 9.88 10.03 10.50 9.80 219267
20141114 9.89 10.27 10.46 9.60 146754
20141117 10.18 11.12 11.16 9.90 177495
20141118 10.90 10.88 11.16 10.70 107284
20141119 10.75 10.83 11.04 10.67 75048
20141120 10.63 10.60 10.93 10.50 86934
20141121 10.70 10.75 10.77 10.42 66183
20141124 10.85 10.44 10.85 10.25 137128
20141125 10.44 10.25 10.44 10.16 125941
20141126 10.23 10.59 10.67 10.11 138623
20141127 10.50 10.37 10.50 10.33 72641
20141128 10.33 10.32 10.48 10.20 59799
20141201 10.32 10.16 10.42 10.12 54777
20141202 10.23 10.41 10.62 10.20 99937
20141203 10.41 10.99 11.00 10.40 117627
20141204 11.01 10.95 11.12 10.86 79733
20141205 10.81 10.14 10.90 10.05 99657
20141208 10.11 10.09 10.27 9.91 55757
20141209 10.04 9.82 10.54 9.76 78226
20141210 9.78 10.12 10.22 9.70 39133
20141211 10.11 10.31 10.39 10.00 37572
20141212 10.31 10.55 10.68 10.31 61924
20141215 10.54 10.57 10.66 10.40 36687
20141216 10.57 10.40 10.69 10.35 37184
20141217 10.39 11.19 11.40 10.02 98689
20141218 10.99 11.49 11.57 10.85 124148
20141219 11.49 11.23 11.68 11.08 72325
20141222 11.23 11.24 11.66 10.56 119569
20141223 11.19 10.61 11.20 10.59 54408
20141224 10.62 10.93 11.12 10.62 45049
20141225 10.90 10.77 10.90 10.49 58113
20141226 10.79 11.16 11.47 10.66 75610
20141229 11.15 10.98 11.35 10.80 49011
20141230 10.90 11.00 11.18 10.73 50006
20141231 11.14 11.78 12.00 11.14 157797
20150105 11.69 11.58 11.73 11.18 96296
20150106 11.36 11.55 11.81 11.28 63389
20150107 11.54 11.59 12.04 11.50 138345
20150108 11.60 11.70 12.04 11.60 83577
20150109 11.70 11.79 11.99 11.40 56565
20150112 11.79 12.78 12.97 11.63 170358
20150113 12.64 13.81 14.00 12.31 155578
20150114 13.37 13.20 14.18 13.10 92749
20150115 13.12 12.96 13.26 12.58 77466
20150116 12.80 12.94 13.15 12.65 67978
20150119 12.10 12.28 13.14 12.00 71173
20150120 12.19 12.87 13.00 12.17 80126
20150121 12.91 13.17 13.47 12.87 67931
20150122 13.17 13.42 13.58 12.78 81595
20150123 13.47 12.72 13.58 12.08 91925
20150126 12.68 13.01 13.08 12.26 60459
20150127 13.05 12.75 13.05 12.53 58304
20150128 12.58 12.88 13.06 12.58 45669
20150129 12.76 13.39 13.45 12.63 72417
20150130 13.53 13.26 13.55 13.10 47542
20150202 13.11 13.22 13.56 12.98 43602
20150203 13.25 12.94 13.35 12.81 49648
20150204 13.06 12.06 13.06 12.00 89126
20150205 12.29 11.96 12.34 11.60 80035
20150206 11.95 11.90 12.04 11.70 38699
20150209 11.80 11.86 12.16 11.80 22378
20150210 11.92 11.94 11.94 11.50 33926
20150211 11.92 12.01 12.16 11.85 27323
20150212 12.01 12.39 12.55 12.01 64152
20150213 12.39 12.54 12.65 12.39 36456
20150216 12.60 13.60 13.79 12.60 94934
20150217 13.56 13.43 13.69 13.39 49973
20150225 13.60 13.40 13.68 13.29 37733
20150226 13.33 13.20 13.50 12.82 37137
20150227 13.10 13.29 13.54 13.03 45381
20150302 13.31 13.33 13.48 13.12 35852
20150303 13.16 13.41 13.44 13.13 45259
20150304 13.38 13.40 13.50 13.18 40284
20150305 13.40 14.22 14.40 13.40 99614
20150306 14.20 14.41 14.95 14.00 91685
20150309 14.33 15.57 15.63 13.79 122554
20150310 15.38 14.99 15.61 14.91 71847
20150311 14.99 14.44 15.18 14.23 68016
20150312 14.38 14.37 14.66 14.20 48531
20150313 14.30 14.37 14.54 14.26 44530
20150316 14.41 14.71 14.72 14.31 58627
20150317 14.76 14.68 15.20 14.47 62382
20150318 14.69 14.73 14.80 14.37 57906
20150319 14.59 14.51 14.65 14.36 44596
20150320 14.57 14.46 14.72 14.29 52660
20150323 14.40 14.63 14.70 14.19 88935
20150324 14.64 14.59 15.17 14.00 112916
20150325 14.57 14.22 14.57 14.05 74402
20150326 14.22 14.08 14.26 13.89 59808
20150327 14.06 14.21 14.33 13.96 53570
20150330 14.37 14.88 14.97 14.34 132636
20150331 14.88 14.57 15.17 14.53 90296
20150401 14.60 15.09 15.10 14.50 118779
20150402 15.51 16.60 16.60 15.51 221407
20150403 16.80 16.81 17.43 16.41 201458
20150407 17.01 17.38 17.98 16.00 158597
20150408 17.37 16.61 17.78 15.64 165844
20150409 16.28 16.16 16.30 15.56 98993
20150410 16.05 16.74 17.00 15.85 105935
20150413 16.75 16.62 17.33 16.52 88604
20150414 16.52 16.17 16.55 16.10 71949
20150415 16.12 15.41 16.29 15.28 55497
20150416 15.43 16.28 16.33 15.43 74097
20150417 16.40 16.03 16.49 16.02 64043
20150420 16.40 15.63 16.44 15.55 72270
20150421 15.65 16.21 16.31 15.49 73781
20150422 16.23 16.85 16.85 15.91 151337
20150423 16.70 16.43 17.05 16.00 126404
20150424 16.18 16.14 16.35 15.83 81172
20150427 16.21 17.46 17.75 16.21 252352
20150428 17.60 18.57 18.69 17.35 193413
20150429 18.29 19.29 19.99 18.01 179770
20150430 18.98 18.34 19.60 18.28 141758
20150504 18.31 19.28 19.58 17.61 180343
20150505 18.65 19.10 19.91 18.64 148221
20150506 18.88 18.87 19.25 18.60 60027
20150507 18.71 17.91 18.88 17.85 53727
20150508 17.98 18.09 18.50 17.49 92794
20150511 18.70 19.74 19.76 18.47 118415
20150512 19.77 20.12 20.69 19.77 85280
20150513 19.78 19.74 20.12 19.17 79440
20150514 19.75 19.89 20.28 19.53 77353
20150515 19.80 21.43 21.88 19.26 136661
20150518 21.46 22.63 23.57 21.46 178136
20150519 22.85 23.19 23.60 22.08 74459
20150520 23.00 23.66 24.99 22.52 72784
20150521 23.52 24.15 24.38 23.28 61701
20150522 24.00 23.43 24.28 23.01 85715
20150525 23.38 23.49 24.04 22.60 97890
20150526 23.49 24.54 24.78 23.00 99406
20150527 24.60 23.97 24.60 23.30 85833
20150528 23.70 22.29 25.25 21.63 125298
20150529 22.41 21.88 22.78 20.85 74619
20150601 21.80 22.99 23.15 21.70 68891
20150602 23.00 25.29 25.29 23.00 127470
20150603 25.29 25.74 26.25 24.35 96709
20150604 25.75 24.20 25.75 23.17 84668
20150605 24.65 24.23 24.69 23.53 118383
20150608 24.29 24.00 24.36 23.40 71945
20150609 23.88 23.69 24.00 23.17 64545
20150610 23.75 24.16 24.50 23.02 98776
20150611 23.88 24.51 25.00 23.56 102133
20150612 24.54 24.59 24.99 23.96 105839
20150615 24.80 25.18 25.85 24.02 120925
20150616 24.95 23.13 24.95 23.00 79806
20150617 22.85 22.92 23.49 21.10 61302
20150618 22.80 21.71 23.25 21.50 73915
20150619 20.81 19.54 21.33 19.54 67561
20150623 19.18 18.68 19.35 17.59 94106
20150624 18.80 19.39 19.50 18.20 81963
20150625 19.18 19.76 21.31 19.00 119497
20150626 18.78 18.48 20.70 17.78 155091
20150629 19.40 16.63 19.65 16.63 136183
20150630 14.97 16.45 16.80 14.97 201398
20150701 16.10 14.81 16.46 14.81 130665
20150702 14.30 13.33 14.35 13.33 170530
20150703 12.00 12.00 12.80 12.00 131641
20150706 12.50 10.80 13.00 10.80 178321
20150713 11.88 11.88 11.88 11.88 68733
20150714 13.07 13.07 13.07 13.07 11541
20150715 14.00 12.95 14.00 11.76 321961
20150716 12.10 12.86 13.66 11.72 203031
20150717 13.09 14.15 14.15 12.73 224726
20150720 15.37 15.57 15.57 14.86 269430
20150721 16.72 17.13 17.13 16.00 229742
20150722 18.20 17.31 18.77 16.78 474943
20150723 17.30 17.65 18.50 17.30 341320
20150724 17.66 17.83 18.50 17.04 337279
20150727 17.00 17.79 19.61 17.00 493262
20150728 16.50 19.01 19.57 16.01 475489
20150729 19.21 18.66 19.44 17.18 361476
20150730 18.19 17.94 19.65 17.70 341232
