20140102 11.19 11.30 11.37 11.18 7825
20140103 11.29 11.29 11.33 11.20 5032
20140106 11.18 10.74 11.28 10.73 11916
20140107 10.68 10.60 10.84 10.48 11752
20140108 10.60 10.62 10.75 10.54 6462
20140109 10.60 10.18 10.65 10.16 9194
20140110 10.19 10.04 10.41 9.96 8149
20140113 10.02 10.12 10.40 10.02 5769
20140114 10.07 10.34 10.35 10.00 4008
20140115 10.39 10.35 10.45 10.26 4041
20140116 10.29 10.49 10.55 10.29 5959
20140117 10.53 10.47 10.54 10.39 4602
20140120 10.42 10.28 10.49 10.20 3608
20140121 10.20 10.45 10.59 10.20 6360
20140122 10.46 10.64 10.67 10.46 6208
20140123 10.69 11.08 11.17 10.53 12072
20140124 11.02 11.21 11.23 11.00 9023
20140127 11.20 11.21 11.30 11.06 4920
20140128 11.21 10.85 11.21 10.80 11801
20140129 10.81 11.10 11.10 10.81 5835
20140130 11.10 11.07 11.14 11.01 3634
20140207 11.00 11.12 11.15 10.91 5029
20140210 11.12 11.43 11.49 11.10 14820
20140211 11.36 11.45 11.46 11.28 11900
20140212 11.45 11.78 11.80 11.36 12839
20140213 11.66 11.43 11.74 11.43 9420
20140214 11.48 11.61 11.64 11.37 5565
20140217 11.59 11.73 11.76 11.51 12073
20140218 11.70 11.69 11.78 11.60 9936
20140219 11.60 11.58 11.65 11.50 16183
20140220 11.53 11.26 11.67 11.20 12898
20140221 11.28 11.16 11.37 11.05 8964
20140224 11.12 11.14 11.16 10.96 8351
20140225 11.18 10.69 11.23 10.66 11792
20140226 10.71 10.84 10.90 10.65 8359
20140227 10.80 10.85 11.19 10.80 8918
20140228 10.89 10.85 10.89 10.66 7717
20140303 10.85 11.07 11.11 10.72 7639
20140304 11.00 11.33 11.43 10.98 11814
20140305 11.38 11.24 11.70 11.22 9473
20140306 11.20 11.59 11.65 11.14 14925
20140307 11.70 11.79 11.84 11.60 19175
20140310 11.80 11.98 12.38 11.70 46822
20140311 11.80 12.09 12.14 11.70 22803
20140312 12.09 12.38 12.66 12.03 24570
20140313 12.45 12.33 12.63 12.27 29369
20140314 12.34 12.70 12.75 12.24 38210
20140317 12.68 12.86 12.97 12.45 36182
20140326 12.10 12.77 12.85 12.00 81485
20140327 12.56 12.35 12.82 12.30 45001
20140328 12.35 12.01 12.44 11.75 35621
20140331 12.03 12.80 13.21 12.03 111680
20140401 12.40 12.08 12.40 11.52 85574
20140402 11.81 11.82 12.07 11.63 35036
20140403 11.75 12.10 12.11 11.73 28664
20140404 12.09 13.31 13.31 11.97 119328
20140408 13.60 14.64 14.64 13.36 184809
20140409 14.80 15.10 15.16 14.32 178046
20140410 14.70 14.37 14.76 14.33 125854
20140411 14.30 14.07 14.30 13.89 84671
20140414 14.08 14.15 14.27 13.92 70234
20140415 14.07 14.04 14.15 13.73 58578
20140416 13.97 14.07 14.32 13.75 75386
20140417 13.98 14.23 14.28 13.77 55683
20140418 14.03 13.92 14.27 13.83 36550
20140421 13.63 12.90 13.63 12.88 71273
20140422 12.74 12.71 12.98 12.41 47936
20140423 12.65 12.44 12.79 12.33 33505
20140424 12.40 12.50 12.75 12.35 32341
20140425 12.44 12.22 12.84 12.19 51699
20140428 12.05 11.84 12.26 11.80 31034
20140429 11.81 12.48 12.55 11.76 44594
20140430 12.44 12.37 12.64 12.22 30656
20140505 12.30 12.52 12.53 12.18 23730
20140506 12.43 12.43 12.76 12.25 31082
20140507 12.33 11.77 12.33 11.75 38122
20140508 11.50 11.73 11.97 11.50 23364
20140509 11.73 11.93 12.24 11.61 28934
20140512 11.93 12.55 12.67 11.77 53165
20140513 12.55 12.29 12.62 12.22 30643
20140514 12.29 12.20 12.40 12.12 16874
20140515 12.16 11.76 12.18 11.67 23869
20140516 11.74 11.74 11.83 11.50 14818
20140519 11.75 11.91 11.93 11.65 14569
20140520 11.98 11.75 12.09 11.71 16241
20140521 11.75 12.02 12.09 11.61 22433
20140522 12.03 11.89 12.10 11.88 17034
20140523 11.98 12.28 12.55 11.98 39015
20140526 12.21 12.31 12.43 12.21 23758
20140527 12.30 12.35 12.40 12.21 18533
20140528 12.35 12.32 12.38 12.13 21048
20140529 12.35 12.01 12.44 12.00 21336
20140530 12.00 12.09 12.25 11.86 18500
20140603 12.09 12.19 12.37 12.05 19312
20140604 12.12 12.00 12.17 11.86 18091
20140605 11.90 12.18 12.22 11.90 14192
20140606 12.15 12.32 12.32 12.14 18179
20140609 12.46 13.31 13.55 12.35 125199
20140610 13.00 13.17 13.20 12.73 69503
20140611 13.01 13.20 13.30 12.95 43413
20140612 13.12 12.83 13.12 12.81 34268
20140613 12.73 13.28 13.58 12.72 58851
20140616 13.19 13.10 13.35 13.05 32494
20140617 13.13 13.39 13.85 13.08 67301
20140618 13.28 14.27 14.47 13.25 86887
20140619 14.00 13.44 14.13 13.03 59957
20140620 13.31 13.87 13.89 13.26 36088
20140623 13.87 13.80 14.16 13.60 40889
20140624 13.75 14.16 14.56 13.50 62890
20140625 14.00 13.69 14.03 13.68 36997
20140626 13.60 13.66 13.93 13.55 37475
20140627 13.63 13.87 13.95 13.48 41535
20140630 13.79 14.21 14.40 13.61 56329
20140701 14.10 13.91 14.22 13.85 38188
20140702 13.91 13.84 13.91 13.64 33323
20140703 13.84 13.99 14.25 13.76 42968
20140704 14.35 14.20 14.68 14.12 67146
20140707 13.95 13.89 14.10 13.81 33728
20140708 13.87 13.95 13.98 13.41 35216
20140709 13.87 13.81 14.29 13.80 43843
20140710 13.68 14.47 14.58 13.60 82547
20140711 14.30 14.27 14.57 14.21 45910
20140714 14.17 14.83 15.00 14.17 65037
20140715 15.13 16.31 16.31 15.01 69431
20140716 16.80 16.55 17.39 15.69 192303
20140717 16.05 15.62 16.13 15.36 96268
20140718 15.51 15.39 15.70 15.20 53478
20140721 15.11 15.65 15.76 15.11 44185
20140722 15.50 16.11 16.44 15.31 74239
20140723 15.99 15.46 15.99 15.39 53189
20140724 15.32 15.16 15.67 14.64 43743
20140725 15.03 15.58 15.88 15.03 45425
20140728 15.48 15.88 16.22 15.29 56892
20140729 15.88 15.98 16.14 15.62 49221
20140730 15.88 15.71 15.97 15.53 41558
20140731 15.71 16.32 16.33 15.66 76570
20140801 16.28 15.69 16.28 15.62 54003
20140804 15.68 16.22 16.24 15.51 56194
20140805 16.26 16.38 16.68 16.02 55412
20140806 16.40 17.08 17.35 16.05 87508
20140807 17.04 16.46 17.04 16.40 59176
20140808 16.42 16.47 16.70 16.22 39566
20140811 16.55 16.70 17.12 16.55 46690
20140812 16.52 16.53 16.65 16.39 36527
20140813 16.49 16.26 16.55 15.94 45241
20140814 16.15 15.71 16.26 15.69 43868
20140815 15.70 16.05 16.06 15.70 24377
20140818 16.00 16.05 16.09 15.83 31078
20140819 16.06 15.94 16.07 15.81 33657
20140820 15.92 16.05 16.18 15.75 36822
20140821 16.05 15.68 16.15 15.52 38982
20140822 15.63 15.52 15.70 15.38 34754
20140825 15.51 15.60 15.70 15.31 25394
20140826 15.54 15.34 15.70 15.20 19894
20140827 15.26 15.63 15.70 15.23 23384
20140828 15.45 15.60 15.76 15.45 20594
20140829 15.57 16.75 17.16 15.48 88126
20140901 16.75 16.58 17.20 16.35 90398
20140902 16.58 16.65 16.97 16.40 65940
20140903 16.66 16.78 16.96 16.47 63127
20140904 16.75 16.55 16.75 16.40 41926
20140905 16.50 16.55 16.72 16.23 48756
20140909 16.53 16.67 16.69 16.31 39909
20140910 16.65 16.77 16.88 16.45 46950
20140911 16.76 17.03 17.20 16.50 77876
20140912 17.18 17.03 17.73 16.80 65744
20140915 17.00 18.73 18.73 16.91 178131
20140916 18.55 19.11 20.50 18.25 244198
20140917 19.20 19.13 20.20 18.50 163871
20140918 19.00 18.12 19.47 18.02 117184
20140919 18.12 18.02 18.13 17.44 74765
20140922 18.10 17.75 18.10 17.55 39088
20140923 17.68 18.09 18.12 17.68 50349
20140924 18.09 18.20 18.38 18.04 48659
20140925 18.25 18.37 18.77 18.25 60058
20140926 18.37 17.97 18.37 17.86 40104
20140929 17.98 18.15 18.32 17.98 39065
20140930 18.25 18.76 18.92 18.22 55140
20141008 18.80 18.78 18.88 18.50 34553
20141009 18.80 18.61 18.83 18.41 39320
20141010 18.61 18.71 18.82 18.37 38492
20141013 18.53 18.69 18.80 18.11 34959
20141014 18.58 19.03 19.08 18.54 50364
20141015 19.03 18.76 19.03 18.60 29352
20141016 18.48 18.31 18.98 18.30 34043
20141017 18.12 17.46 18.36 17.02 39438
20141020 17.27 17.90 18.15 17.27 30279
20141021 17.92 17.78 18.06 17.46 15963
20141022 17.70 17.75 18.07 17.52 14781
20141023 17.60 17.45 18.01 17.41 17148
20141024 17.60 17.58 17.75 17.30 17313
20141027 17.55 18.16 18.27 17.50 22691
20141028 18.18 18.55 18.67 18.15 21537
20141029 18.55 18.61 18.78 18.48 28516
20141030 18.61 18.56 18.77 18.45 23294
20141031 18.59 18.74 18.88 18.28 30088
20141103 18.74 18.79 19.15 18.55 29199
20141104 18.83 18.35 19.00 18.25 29987
20141105 18.25 17.93 18.32 17.68 27283
20141106 17.90 18.36 18.36 17.87 21783
20141107 18.37 17.81 18.37 17.79 21284
20141110 17.81 17.86 17.99 17.64 18432
20141111 17.89 16.86 17.99 16.71 32104
20141112 16.86 17.34 17.38 16.86 17595
20141113 17.30 16.81 17.39 16.73 25468
20141114 16.80 16.66 17.15 16.50 15677
20141117 16.66 16.88 16.97 16.66 12931
20141118 16.88 17.17 17.19 16.80 11992
20141119 17.55 17.23 17.88 17.18 21145
20141120 17.01 17.25 17.50 16.89 23807
20141121 17.16 17.31 17.53 17.11 15949
20141124 17.36 17.45 17.55 17.26 16857
20141125 17.39 17.93 17.95 17.35 27661
20141126 18.02 17.79 18.08 17.58 27895
20141127 17.78 17.83 17.98 17.75 27228
20141128 17.80 17.61 17.97 17.43 21849
20141201 17.56 16.95 17.57 16.90 22548
20141202 16.95 17.37 17.60 16.95 26923
20141203 17.59 18.08 18.25 17.25 69311
20141204 18.00 18.03 18.16 17.73 44459
20141205 18.03 17.19 18.03 17.02 37365
20141208 17.13 17.05 17.28 16.71 33973
20141209 17.00 15.63 17.00 15.50 49885
20141210 15.41 16.19 16.44 15.41 21376
20141211 16.10 16.27 16.40 16.00 19442
20141212 16.30 16.65 16.99 16.30 26817
20141215 16.60 16.83 16.92 16.56 20984
20141216 16.68 16.56 16.79 16.45 22184
20141217 16.50 16.05 16.55 15.97 20610
20141218 16.14 16.48 16.89 16.00 26542
20141219 16.40 16.05 16.49 15.72 20827
20141222 16.04 14.77 16.04 14.70 24988
20141223 14.70 14.77 15.18 14.56 11477
20141224 14.88 15.11 15.36 14.88 11532
20141225 15.10 15.02 15.28 14.79 15638
20141226 15.02 15.20 15.30 14.85 18080
20141229 15.06 15.17 15.49 14.88 19654
20141230 15.25 14.60 15.28 14.58 15728
20141231 14.88 14.60 14.90 14.33 19285
20150105 14.50 15.11 15.16 14.50 25068
20150106 15.12 15.35 15.49 15.01 23681
20150107 15.35 15.25 15.38 15.00 17197
20150108 15.12 15.03 15.25 15.00 21213
20150109 15.03 14.97 15.36 14.93 15562
20150112 14.91 14.58 14.91 14.45 13222
20150113 14.57 14.80 14.83 14.57 12113
20150114 14.84 14.69 14.94 14.61 11283
20150115 14.69 14.78 14.90 14.65 11552
20150116 14.78 15.19 15.20 14.76 24151
20150119 14.95 14.63 15.36 14.39 22813
20150120 14.65 15.22 15.25 14.65 18190
20150121 15.28 15.57 15.75 15.15 30512
20150122 15.48 15.98 16.06 15.37 40701
20150123 16.06 15.70 16.08 15.60 21918
20150126 15.26 16.05 16.19 15.17 46773
20150127 15.89 16.07 16.19 15.81 35770
20150128 16.06 16.25 16.40 16.00 31774
20150129 16.26 16.15 16.26 15.90 22772
20150130 16.17 15.88 16.30 15.83 16888
20150202 15.85 16.46 16.59 15.65 49260
20150203 16.30 16.70 16.76 16.30 35075
20150204 16.89 16.47 16.95 16.43 37445
20150205 16.53 16.45 16.69 16.10 28454
20150206 16.40 16.86 16.94 16.40 33848
20150209 17.00 16.83 17.20 16.70 36657
20150210 16.82 17.49 17.57 16.52 56698
20150211 17.49 17.51 17.86 17.43 42105
20150212 17.45 17.70 17.76 17.41 24229
20150213 17.65 17.95 18.20 17.40 50945
20150216 17.98 18.25 18.39 17.86 27596
20150217 18.35 18.32 18.58 18.00 47665
20150225 18.10 18.00 18.36 17.91 22173
20150226 18.00 18.04 18.20 17.50 24319
20150227 17.83 18.01 18.11 17.83 21318
20150302 18.24 17.91 18.24 17.82 30463
20150303 17.87 17.92 18.11 17.86 25892
20150304 17.83 18.49 18.60 17.83 40507
20150305 18.50 18.70 18.91 18.40 37354
20150306 18.86 18.49 18.86 18.34 27935
20150309 18.36 18.63 18.72 18.33 21250
20150310 18.58 18.69 18.92 18.51 17570
20150311 18.70 18.52 18.75 18.41 19790
20150312 18.45 18.28 18.65 18.23 20273
20150313 18.08 18.44 18.50 18.08 14423
20150316 18.47 18.77 18.96 18.46 26456
20150317 18.78 19.03 19.17 18.70 41206
20150318 19.25 19.83 19.95 18.88 49380
20150319 19.50 20.02 20.44 19.48 53340
20150320 19.96 20.01 20.09 19.68 33468
20150323 20.15 20.59 20.89 20.04 46051
20150324 20.58 20.08 20.89 19.55 38811
20150325 20.08 19.78 20.10 19.75 36850
20150326 19.70 19.76 20.18 19.65 28613
20150327 19.99 19.88 20.01 19.68 16133
20150330 20.00 20.12 20.26 19.71 35635
20150331 20.12 20.33 20.82 20.00 51242
20150401 20.30 20.71 20.76 20.25 36020
20150402 20.69 20.63 20.71 20.42 37263
20150403 20.63 21.01 21.06 20.35 54346
20150407 21.04 21.75 22.00 20.70 86474
20150408 21.70 21.78 22.35 21.45 59164
20150409 21.80 21.47 21.97 20.55 46573
20150410 21.40 21.73 21.92 21.15 36929
20150413 21.75 22.61 23.00 21.74 60737
20150414 22.79 22.99 23.36 22.40 50810
20150415 22.90 22.58 23.44 22.35 39535
20150416 21.90 22.39 22.79 21.90 38143
20150417 22.49 22.32 22.70 22.28 33646
20150420 22.11 21.43 22.46 21.19 43383
20150421 21.48 22.00 22.28 21.19 26578
20150422 22.28 22.35 22.66 22.13 31033
20150423 22.42 23.60 23.85 22.20 95322
20150424 23.44 23.29 23.97 22.90 49814
20150427 23.28 24.25 24.33 23.18 72581
20150428 24.29 23.04 24.48 22.88 46597
20150429 23.04 23.48 23.74 22.76 39170
20150430 23.48 23.06 23.91 23.01 40873
20150504 23.06 23.20 23.36 22.85 20550
20150505 23.19 22.75 23.39 22.65 29201
20150506 22.76 21.98 23.17 21.71 37661
20150507 21.88 21.05 21.88 20.50 37229
20150508 21.21 21.49 21.60 21.10 27272
20150511 21.52 22.00 22.07 21.51 38431
20150512 22.19 22.26 22.27 21.50 47965
20150513 22.15 23.21 23.80 21.90 62917
20150514 23.30 24.09 24.10 23.24 64157
20150515 24.42 23.77 25.39 23.60 76401
20150518 23.58 23.55 23.88 22.80 50023
20150519 23.75 24.40 24.58 23.40 77447
20150520 24.51 24.53 25.20 24.34 63816
20150521 24.84 25.17 25.30 24.43 51902
20150522 25.40 25.47 25.70 24.81 61589
20150525 25.55 26.59 27.00 25.02 74825
20150526 27.20 29.25 29.25 26.80 79104
20150527 29.90 29.71 31.00 28.37 118232
20150528 28.97 29.00 32.00 28.96 100294
20150529 28.90 28.95 29.95 27.00 59156
20150601 29.01 30.72 31.00 28.90 64872
20150602 30.77 31.49 31.50 30.20 66928
20150603 31.51 30.60 31.66 30.00 51891
20150604 30.59 29.80 30.67 27.80 50594
20150605 30.56 31.10 31.82 30.01 64133
20150608 31.48 32.95 33.93 31.41 79188
20150609 32.88 31.93 32.95 31.51 51153
20150610 32.40 32.00 32.86 31.51 38110
20150611 31.99 32.93 33.09 31.71 50952
20150612 33.00 34.29 35.10 32.95 61730
20150615 34.00 34.31 35.30 33.01 56871
20150616 33.70 31.10 33.70 30.99 47513
20150617 30.80 31.60 31.69 29.30 49540
20150618 31.80 29.74 32.23 29.60 31965
20150619 28.99 26.78 29.07 26.77 43383
20150623 26.90 27.76 27.97 24.60 39206
20150624 28.16 28.70 28.80 27.61 36261
20150625 28.75 28.76 29.00 27.50 42037
20150626 27.70 25.88 29.05 25.88 43490
20150629 26.50 23.29 27.20 23.29 61067
20150630 23.28 23.72 24.20 20.96 83093
20150701 23.50 21.35 23.79 21.35 58339
20150702 20.02 19.22 21.00 19.22 74380
20150703 17.30 20.37 21.14 17.30 132404
20150706 21.22 18.33 21.98 18.33 92549
20150707 16.51 16.50 16.88 16.50 16306
20150708 14.85 14.85 14.85 14.85 1651
20150709 13.37 16.34 16.34 13.37 154967
20150710 17.97 17.97 17.97 17.15 69204
20150713 19.50 19.77 19.77 18.80 87780
20150714 20.00 20.84 21.66 19.08 131018
20150715 19.96 19.14 20.51 19.05 119794
20150716 18.10 18.98 19.98 17.31 59731
20150717 20.86 20.88 20.88 20.08 39340
20150720 22.95 22.97 22.97 22.33 99745
20150721 23.00 23.31 24.80 22.51 148157
20150722 22.60 23.95 24.98 22.51 96223
20150723 23.80 24.07 24.79 23.10 84353
20150724 24.09 25.79 26.48 23.95 165699
20150727 24.57 23.21 26.90 23.21 119475
20150728 20.90 21.11 23.67 20.90 80100
20150729 22.01 23.19 23.22 19.91 75208
20150730 22.51 23.01 24.70 22.50 84570
