20140102 7.71 7.67 7.72 7.63 143002
20140103 7.63 7.64 7.68 7.60 124741
20140106 7.62 7.77 7.78 7.51 361686
20140107 7.75 7.74 7.75 7.68 117674
20140108 7.72 7.64 7.77 7.62 137705
20140109 7.61 7.59 7.68 7.58 93983
20140110 7.59 7.53 7.61 7.50 154510
20140113 7.54 7.55 7.61 7.50 123716
20140114 7.52 7.62 7.67 7.50 215072
20140115 7.62 7.58 7.63 7.57 64380
20140116 7.58 7.54 7.62 7.53 98921
20140117 7.54 7.75 7.76 7.51 451423
20140120 7.71 7.63 7.73 7.61 97851
20140121 7.63 7.63 7.69 7.60 68459
20140122 7.63 7.69 7.70 7.61 146705
20140123 7.67 7.62 7.67 7.61 93349
20140124 7.60 7.62 7.65 7.59 79173
20140127 7.59 7.52 7.60 7.51 119673
20140128 7.55 7.56 7.59 7.53 78215
20140129 7.58 7.55 7.60 7.53 86184
20140130 7.56 7.54 7.59 7.53 64800
20140207 7.52 7.51 7.54 7.45 131172
20140210 7.51 7.56 7.58 7.50 157871
20140211 7.57 7.59 7.60 7.53 214833
20140212 7.58 7.56 7.61 7.55 143800
20140213 7.56 7.55 7.59 7.55 140220
20140214 7.54 7.56 7.58 7.53 121311
20140217 7.57 7.60 7.62 7.55 183969
20140218 7.60 7.56 7.62 7.56 112250
20140219 7.55 7.63 7.75 7.52 299136
20140220 7.82 7.99 8.33 7.80 1018984
20140221 7.83 7.68 7.86 7.63 482797
20140224 7.61 7.51 7.64 7.50 234719
20140225 7.51 7.51 7.62 7.50 244483
20140226 7.51 7.55 7.56 7.48 166341
20140227 7.57 7.74 8.03 7.52 635685
20140228 7.69 7.69 7.84 7.64 305551
20140303 7.67 7.75 7.85 7.66 314886
20140304 7.73 7.70 7.75 7.59 276835
20140305 7.69 7.59 7.69 7.58 156096
20140306 7.60 7.67 7.72 7.55 214685
20140307 7.67 7.78 7.95 7.67 453204
20140310 7.72 7.80 7.89 7.71 469721
20140311 7.77 7.73 7.77 7.61 261605
20140312 7.70 7.56 7.70 7.49 322947
20140313 7.57 7.58 7.61 7.53 159766
20140314 7.55 7.54 7.59 7.51 106004
20140317 7.58 7.60 7.63 7.54 118531
20140318 7.62 7.57 7.63 7.55 97489
20140319 7.55 7.58 7.59 7.53 117948
20140320 7.57 7.56 7.63 7.54 142807
20140321 7.59 7.67 7.73 7.59 364370
20140324 7.68 7.70 7.72 7.61 304510
20140325 7.68 7.68 7.75 7.64 238466
20140326 7.66 7.63 7.70 7.59 184798
20140327 7.61 7.56 7.63 7.53 226845
20140328 7.56 7.57 7.61 7.54 177060
20140331 7.57 7.60 7.61 7.55 124092
20140401 7.60 7.60 7.62 7.57 94852
20140402 7.60 7.61 7.63 7.59 120715
20140403 7.62 7.58 7.63 7.57 116494
20140404 7.56 7.59 7.60 7.56 94980
20140408 7.58 7.66 7.68 7.57 263242
20140409 7.67 7.70 7.73 7.66 219894
20140410 7.69 7.73 7.76 7.65 285353
20140411 7.71 7.69 7.73 7.64 204731
20140414 7.67 7.69 7.72 7.64 149967
20140415 7.68 7.63 7.72 7.61 203050
20140416 7.63 7.63 7.65 7.62 81327
20140417 7.64 7.65 7.66 7.62 102084
20140418 7.63 7.61 7.64 7.58 92018
20140421 7.60 7.56 7.63 7.55 105621
20140422 7.56 7.60 7.60 7.55 94981
20140423 7.59 7.60 7.61 7.55 125434
20140424 7.57 7.59 7.61 7.56 96988
20140425 7.60 7.54 7.61 7.54 92887
20140428 7.54 7.48 7.57 7.47 157613
20140429 7.48 7.51 7.53 7.48 92334
20140430 7.52 7.52 7.54 7.50 68265
20140505 7.50 7.51 7.53 7.47 91022
20140506 7.50 7.50 7.52 7.49 76284
20140507 7.49 7.48 7.51 7.47 83148
20140508 7.48 7.49 7.54 7.48 68937
20140509 7.49 7.52 7.53 7.49 87168
20140512 7.55 7.59 7.61 7.52 184437
20140513 7.64 7.65 7.76 7.63 297791
20140514 7.66 7.66 7.69 7.60 152573
20140515 7.65 7.59 7.65 7.59 80493
20140516 7.59 7.63 7.63 7.58 72678
20140519 7.63 7.59 7.63 7.53 93091
20140520 7.59 7.63 7.63 7.57 96801
20140521 7.62 7.67 7.67 7.58 117770
20140522 7.69 7.64 7.70 7.64 131006
20140523 7.63 7.65 7.66 7.61 82293
20140526 7.63 7.65 7.68 7.62 83789
20140527 7.63 7.62 7.66 7.61 85215
20140528 7.62 7.63 7.64 7.58 117730
20140529 7.64 7.63 7.66 7.62 96415
20140530 7.64 7.60 7.65 7.58 97340
20140603 7.61 7.63 7.66 7.61 109790
20140604 7.63 7.65 7.67 7.57 144057
20140605 7.51 7.50 7.51 7.46 100152
20140606 7.50 7.47 7.50 7.45 65232
20140609 7.46 7.48 7.52 7.45 72156
20140610 7.50 7.51 7.54 7.46 127808
20140611 7.51 7.51 7.52 7.47 115165
20140612 7.50 7.50 7.51 7.48 97334
20140613 7.50 7.55 7.55 7.49 166460
20140616 7.55 7.62 7.63 7.53 217315
20140617 7.62 7.58 7.62 7.54 143335
20140618 7.55 7.57 7.58 7.54 119713
20140619 7.56 7.52 7.59 7.50 157779
20140620 7.52 7.56 7.56 7.49 118047
20140623 7.55 7.52 7.57 7.51 65146
20140624 7.53 7.53 7.55 7.50 67323
20140625 7.51 7.53 7.54 7.48 123913
20140626 7.52 7.53 7.54 7.49 142180
20140627 7.52 7.53 7.56 7.50 122599
20140630 7.52 7.54 7.56 7.51 94874
20140701 7.52 7.51 7.54 7.49 125533
20140702 7.51 7.53 7.53 7.50 88790
20140703 7.52 7.55 7.55 7.51 102637
20140704 7.55 7.54 7.55 7.52 81580
20140707 7.53 7.54 7.55 7.51 84222
20140708 7.52 7.53 7.54 7.51 98240
20140709 7.52 7.48 7.53 7.47 158515
20140710 7.48 7.48 7.50 7.47 88844
20140711 7.48 7.50 7.51 7.47 85425
20140714 7.50 7.52 7.53 7.48 83196
20140715 7.53 7.55 7.55 7.52 151558
20140716 7.54 7.57 7.57 7.53 157141
20140717 7.57 7.54 7.57 7.51 110660
20140718 7.53 7.55 7.56 7.52 108745
20140721 7.53 7.50 7.54 7.47 133316
20140722 7.47 7.53 7.53 7.47 185118
20140723 7.52 7.55 7.56 7.51 204277
20140724 7.55 7.65 7.69 7.55 491541
20140725 7.67 7.70 7.70 7.62 250832
20140728 7.75 7.85 7.91 7.72 474986
20140729 7.87 7.80 7.90 7.79 274482
20140730 7.90 8.04 8.15 7.90 1045017
20140731 8.00 8.02 8.04 7.94 267386
20140801 8.00 7.97 8.08 7.95 272152
20140804 8.00 8.05 8.06 7.95 292807
20140805 8.05 8.03 8.08 7.99 197160
20140806 8.00 7.98 8.01 7.94 254006
20140807 7.98 7.86 8.00 7.84 306192
20140808 7.87 7.89 7.93 7.82 210079
20140811 7.92 7.98 7.99 7.88 203213
20140812 7.97 7.97 7.98 7.93 184165
20140813 8.00 7.94 8.02 7.91 226108
20140814 7.93 7.87 7.96 7.85 197867
20140815 7.87 7.94 7.99 7.87 193943
20140818 7.95 7.95 8.01 7.91 202808
20140819 7.95 8.02 8.03 7.91 386024
20140820 7.98 7.95 8.00 7.93 264879
20140821 7.95 7.88 7.95 7.84 260950
20140822 7.88 7.90 7.92 7.87 176498
20140825 7.90 7.93 7.98 7.88 239925
20140826 7.92 7.89 7.97 7.86 187030
20140827 7.93 7.91 7.96 7.89 149442
20140828 7.91 7.93 8.02 7.88 340416
20140829 7.92 7.89 7.94 7.83 264943
20140901 7.90 7.91 7.93 7.87 178798
20140902 7.92 7.95 7.97 7.89 301095
20140903 7.96 8.05 8.06 7.95 485594
20140904 8.06 8.09 8.10 8.01 371314
20140905 8.10 8.12 8.13 8.05 337673
20140909 8.12 8.09 8.13 8.08 204238
20140910 8.07 8.03 8.07 8.00 236480
20140911 8.01 8.02 8.10 7.99 265566
20140912 8.02 8.06 8.06 7.98 206716
20140915 8.06 8.07 8.08 8.02 298335
20140916 8.07 8.03 8.14 8.02 422059
20140917 8.02 8.05 8.06 8.00 206361
20140918 8.05 8.03 8.05 8.01 262640
20140919 7.89 7.91 7.91 7.85 231789
20140922 7.89 7.75 7.89 7.73 314332
20140923 7.73 7.76 7.77 7.72 195458
20140924 7.75 7.84 7.85 7.73 280591
20140925 7.86 7.82 7.87 7.78 267306
20140926 7.80 7.79 7.82 7.75 181663
20140929 7.80 7.80 7.83 7.78 239516
20140930 7.80 7.79 7.82 7.77 238121
20141008 7.80 7.81 7.81 7.76 262398
20141009 7.81 7.84 7.86 7.79 349944
20141010 7.83 7.79 7.85 7.76 293428
20141013 7.79 7.75 7.79 7.72 275005
20141014 7.75 7.74 7.78 7.72 219475
20141015 7.73 7.75 7.75 7.69 256405
20141016 7.72 7.73 7.79 7.69 336153
20141017 7.72 7.69 7.74 7.65 276793
20141020 7.69 7.70 7.71 7.67 151361
20141021 7.69 7.68 7.71 7.66 137231
20141022 7.68 7.67 7.68 7.65 151541
20141023 7.65 7.58 7.66 7.56 285254
20141024 7.59 7.58 7.62 7.56 170172
20141027 7.56 7.56 7.57 7.52 163392
20141028 7.56 7.64 7.64 7.55 208796
20141029 7.64 7.69 7.71 7.62 267587
20141030 7.70 7.73 7.75 7.67 381988
20141031 7.72 7.84 7.87 7.71 769940
20141103 7.84 7.82 7.86 7.78 399947
20141104 7.80 7.78 7.83 7.75 400776
20141105 7.78 7.77 7.81 7.76 274112
20141106 7.79 7.79 7.81 7.75 208945
20141107 7.79 7.75 7.83 7.73 369570
20141110 7.78 7.86 7.87 7.75 496230
20141111 7.87 7.92 8.05 7.86 1431834
20141112 7.88 7.89 7.90 7.82 526005
20141113 7.88 7.92 7.95 7.83 606224
20141114 7.89 7.83 7.89 7.79 437098
20141117 7.88 7.84 7.91 7.82 351869
20141118 7.83 7.74 7.84 7.73 392882
20141119 7.74 7.71 7.75 7.70 257471
20141120 7.70 7.71 7.72 7.67 208986
20141121 7.71 7.75 7.76 7.68 252247
20141124 7.78 7.82 7.87 7.75 598306
20141125 7.81 7.85 7.87 7.79 438790
20141126 7.87 7.98 7.99 7.86 883353
20141127 7.98 7.99 8.08 7.91 971441
20141128 7.93 8.17 8.19 7.90 1808673
20141201 8.14 8.17 8.44 8.11 1878873
20141202 8.20 8.37 8.42 8.09 1846658
20141203 8.38 8.37 8.56 8.27 2420678
20141204 8.39 9.21 9.21 8.33 4402543
20141205 9.50 10.12 10.13 9.25 6602293
20141208 9.81 10.32 10.67 9.70 4630695
20141209 10.10 9.50 10.61 9.47 3754766
20141210 9.48 9.50 9.63 9.15 2218680
20141211 9.30 9.29 9.42 9.21 1566189
20141212 9.27 9.35 9.45 9.20 1450556
20141215 9.31 9.23 9.34 9.03 1136300
20141216 9.16 9.56 9.58 9.13 1915450
20141217 9.56 9.78 9.90 9.34 2748734
20141218 9.85 9.79 10.07 9.66 2141844
20141219 9.70 10.08 10.29 9.57 2780490
20141222 10.10 10.36 10.99 10.03 3449586
20141223 10.16 9.78 10.25 9.73 1910091
20141224 9.80 9.48 9.86 9.36 1564875
20141225 9.50 9.84 9.86 9.41 1389301
20141226 9.80 10.12 10.17 9.71 1737129
20141229 10.60 10.33 10.88 10.22 3148368
20141230 10.28 10.45 10.61 10.20 1973641
20141231 10.50 10.81 10.93 10.33 2834728
20150105 10.90 11.89 11.89 10.77 3726889
20150106 12.10 11.69 12.33 11.50 3892349
20150107 11.50 12.39 12.42 11.43 3292583
20150108 12.20 12.21 13.14 12.08 4257347
20150109 12.08 12.07 12.70 11.84 2971974
20150112 11.83 11.62 11.96 11.56 1956023
20150113 11.64 11.64 11.84 11.53 1337554
20150114 11.63 11.31 11.74 11.16 1608475
20150115 11.37 12.29 12.38 11.22 2494049
20150116 12.10 12.60 12.90 12.06 3274461
20150119 12.00 11.44 12.34 11.34 3430422
20150120 11.61 11.83 12.04 11.43 2475009
20150121 11.76 12.69 12.90 11.65 3513149
20150122 12.61 12.63 12.82 12.39 2491393
20150123 12.65 12.82 13.26 12.56 3113847
20150126 12.68 13.09 13.20 12.54 2327075
20150127 13.07 12.61 13.21 12.41 2524166
20150128 12.44 12.25 12.55 12.20 1671605
20150129 11.99 11.98 12.13 11.70 1821135
20150130 12.04 11.64 12.11 11.61 1413740
20150202 11.49 11.22 11.57 11.21 1342743
20150203 11.42 11.69 11.77 11.22 1688846
20150204 11.79 11.41 11.92 11.39 1615379
20150205 11.63 11.15 11.64 11.14 1484385
20150206 11.11 10.89 11.12 10.78 1291648
20150209 10.79 11.03 11.17 10.70 1106604
20150210 10.98 11.23 11.23 10.92 872538
20150211 11.25 11.16 11.28 11.11 593227
20150212 11.15 11.18 11.27 10.91 785475
20150213 11.19 11.18 11.43 11.11 1171981
20150216 11.19 11.07 11.19 10.98 1027523
20150217 11.09 11.08 11.17 11.05 729689
20150225 11.30 11.23 11.56 11.15 1997452
20150226 11.16 11.34 11.35 10.90 1652776
20150227 11.29 11.42 11.60 11.19 1961048
20150302 11.44 11.32 11.46 11.23 1467345
20150303 11.25 10.93 11.26 10.91 1929652
20150304 10.92 10.92 11.10 10.76 1131585
20150305 10.82 10.71 10.87 10.67 1092987
20150306 10.66 10.77 10.85 10.66 688373
20150309 10.70 10.89 10.94 10.52 1196905
20150310 10.82 10.77 10.84 10.71 725119
20150311 10.77 10.75 10.88 10.71 780455
20150312 10.80 11.03 11.14 10.71 1690437
20150313 11.08 11.06 11.19 11.00 1125342
20150316 11.08 11.20 11.21 11.03 1495043
20150317 11.16 11.48 11.49 11.13 2594560
20150318 11.48 11.65 11.70 11.33 2562080
20150319 11.60 11.64 11.87 11.53 2225085
20150320 11.60 11.68 11.85 11.45 2362363
20150323 11.65 11.80 11.86 11.62 2380493
20150324 11.75 11.59 11.84 11.45 2102544
20150325 11.51 11.33 11.55 11.31 1639005
20150326 11.30 11.99 12.00 11.25 3886914
20150327 12.06 11.70 12.10 11.65 2411692
20150330 11.66 11.88 11.92 11.61 2399741
20150331 11.91 11.73 12.17 11.69 2764632
20150401 11.71 11.86 11.89 11.63 1756797
20150402 11.98 11.91 12.09 11.76 2215558
20150403 11.80 11.84 11.89 11.71 1746139
20150407 11.92 12.27 12.28 11.86 3589643
20150408 12.27 12.51 12.69 11.95 4747081
20150409 12.35 12.39 12.71 12.21 3230540
20150410 12.35 12.46 12.50 12.23 2481620
20150413 12.48 12.69 12.74 12.43 2736357
20150414 12.61 12.51 12.67 12.40 2327948
20150415 12.51 12.47 12.74 12.26 2936772
20150416 12.53 13.01 13.25 12.41 4555759
20150417 13.18 13.38 13.63 12.95 5606649
20150420 13.20 12.80 13.45 12.78 4306028
20150421 12.83 12.99 13.00 12.71 2402135
20150422 12.96 13.22 13.26 12.90 3177062
20150423 13.20 13.34 13.63 13.08 4151487
20150424 13.16 13.32 13.90 13.10 5132499
20150427 13.60 14.65 14.65 13.42 6299745
20150428 14.46 14.33 15.36 14.05 8501682
20150429 14.10 13.71 14.10 13.50 3704611
20150430 13.71 13.39 13.84 13.36 2551611
20150504 13.37 13.50 13.60 13.12 2206108
20150505 13.52 13.01 13.98 12.99 3385530
20150506 13.00 12.61 13.21 12.50 2476204
20150507 12.60 12.17 12.60 12.10 1907764
20150508 12.30 12.41 12.44 12.11 1722119
20150511 12.45 12.66 12.67 12.30 2058433
20150512 12.70 12.69 12.78 12.51 1937295
20150513 12.69 12.43 12.69 12.30 1857253
20150514 12.36 12.47 12.69 12.21 2075884
20150515 12.41 12.11 12.44 12.08 1594221
20150518 11.99 11.79 12.04 11.75 1397563
20150519 11.77 12.19 12.19 11.75 1509256
20150520 12.18 12.17 12.43 12.11 1764447
20150521 12.17 12.22 12.24 12.07 1325534
20150522 12.28 12.64 12.73 12.27 2525576
20150525 12.61 12.98 12.99 12.55 2469290
20150526 13.07 13.05 13.10 12.75 2648929
20150527 13.19 13.35 13.59 13.19 3254067
20150528 13.23 12.20 13.24 12.10 3471625
20150529 12.17 11.92 12.28 11.70 2345159
20150601 11.92 12.40 12.44 11.84 2061882
20150602 12.35 12.37 12.40 12.15 1862213
20150603 12.37 12.35 12.56 12.21 1688606
20150604 12.34 12.61 12.63 11.81 2595341
20150605 12.66 12.82 12.90 12.51 3270341
20150608 12.77 13.33 13.45 12.71 4281629
20150609 13.21 13.18 13.29 12.93 3279583
20150610 13.08 12.98 13.10 12.90 2169965
20150611 12.96 12.91 12.98 12.71 1823658
20150612 13.00 12.96 13.08 12.88 2136471
20150615 12.98 12.60 13.06 12.58 2238670
20150616 12.40 12.09 12.50 12.03 1922690
20150617 12.15 12.28 12.33 11.94 1738340
20150618 12.18 11.80 12.30 11.76 1635388
20150619 11.71 11.17 11.95 11.10 1979475
20150623 11.20 11.49 11.57 10.90 1649630
20150624 11.55 11.82 11.87 11.45 1931415
20150625 11.78 11.32 11.83 11.26 1644632
20150626 11.15 10.53 11.37 10.27 2459425
20150629 10.75 10.95 11.00 9.81 2765634
20150630 10.77 11.33 11.35 10.42 2513463
20150701 11.13 10.74 11.25 10.72 1841774
20150702 10.80 11.68 11.80 10.20 4522762
20150703 11.31 11.83 12.16 11.22 4623618
20150706 12.30 13.01 13.01 11.95 7696676
20150707 13.00 13.56 14.25 12.54 7317804
20150708 12.40 12.33 13.40 12.20 8735620
20150709 11.48 12.87 13.17 11.02 4370654
20150710 12.39 13.09 13.79 12.10 4924996
20150713 12.68 12.53 12.96 12.31 3319699
20150714 12.23 12.29 12.53 11.82 2706241
20150715 12.10 13.52 13.52 12.01 5499398
20150716 13.52 13.40 14.10 12.68 5814168
20150717 13.05 13.17 13.40 12.90 3805057
20150720 12.90 13.73 14.05 12.80 5593754
20150721 13.47 13.48 13.86 13.21 3774575
20150722 13.25 13.63 14.00 13.22 4427698
20150723 13.46 13.66 13.75 13.32 3584231
20150724 13.54 13.68 14.11 13.53 4739562
20150727 13.43 12.37 13.65 12.31 4224817
20150728 11.83 11.85 12.86 11.52 4008221
20150729 11.65 11.65 11.87 11.31 2937942
20150730 11.60 11.71 11.85 11.38 2740020
