20140102 6.09 6.65 6.68 6.02 169906
20140103 6.55 6.82 6.86 6.54 143375
20140106 6.74 6.69 6.82 6.61 86816
20140107 6.60 6.63 6.85 6.56 61056
20140108 6.68 6.70 6.95 6.63 135355
20140109 6.68 6.46 6.81 6.43 89720
20140110 6.44 5.97 6.48 5.81 123766
20140113 5.87 5.90 6.00 5.83 41439
20140114 5.86 6.06 6.08 5.86 34400
20140115 6.09 6.09 6.13 6.02 25430
20140116 6.08 6.08 6.13 6.04 16725
20140117 6.07 6.02 6.08 5.92 20019
20140120 6.07 6.18 6.24 6.01 31731
20140121 6.18 6.29 6.31 6.18 21254
20140122 6.28 6.36 6.37 6.25 18153
20140123 6.37 6.42 6.46 6.30 20990
20140124 6.38 6.34 6.44 6.24 38615
20140127 6.30 6.59 6.72 6.26 64230
20140128 6.59 6.55 6.64 6.47 21845
20140129 6.52 6.53 6.62 6.50 26043
20140130 6.51 6.53 6.57 6.45 19502
20140207 6.42 6.72 6.76 6.41 43075
20140210 6.69 6.73 6.85 6.65 61015
20140211 6.77 6.79 6.88 6.72 49596
20140212 6.84 6.85 6.89 6.76 39888
20140213 6.85 6.97 7.16 6.78 98221
20140214 6.97 6.98 7.11 6.90 50699
20140217 7.05 7.01 7.09 6.90 53993
20140218 7.00 6.97 7.06 6.91 50753
20140219 6.93 6.89 6.99 6.80 60471
20140220 6.89 6.90 7.01 6.75 45438
20140221 6.93 6.85 7.03 6.80 34928
20140224 6.83 6.90 6.93 6.74 28875
20140225 6.88 6.92 7.20 6.86 99018
20140226 6.84 7.27 7.53 6.81 136316
20140227 7.28 7.16 7.32 7.08 70295
20140228 7.10 7.30 7.35 7.08 72624
20140303 7.29 7.56 7.70 7.22 108105
20140304 7.58 7.53 7.68 7.45 70826
20140305 7.48 7.36 7.66 7.35 56648
20140306 7.28 7.28 7.43 7.15 57735
20140307 7.28 7.73 7.85 7.23 104500
20140310 7.66 7.34 7.82 7.30 85645
20140311 7.23 7.20 7.54 7.20 62027
20140312 7.25 7.40 7.58 7.21 81232
20140313 7.37 7.39 7.46 7.33 42131
20140314 7.44 7.34 7.52 7.28 46339
20140317 7.40 7.49 7.49 7.31 36244
20140318 7.49 7.69 7.90 7.48 82725
20140319 7.51 7.72 7.77 7.51 45219
20140320 7.70 7.35 7.70 7.32 62694
20140321 7.31 7.38 7.53 7.30 39739
20140324 7.37 7.36 7.51 7.33 44077
20140325 7.36 7.60 7.68 7.35 76847
20140326 7.63 7.47 7.67 7.39 51690
20140327 7.45 7.32 7.50 7.30 55157
20140328 7.33 7.29 7.46 7.25 45433
20140331 7.27 6.79 7.28 6.76 72680
20140401 6.86 6.94 6.96 6.78 34426
20140402 6.94 6.98 7.03 6.81 21976
20140403 6.97 7.05 7.15 6.97 26098
20140404 7.06 7.03 7.11 6.96 25762
20140408 6.96 7.04 7.09 6.86 26420
20140409 7.04 7.04 7.12 7.01 30614
20140410 7.06 7.00 7.14 6.94 49900
20140411 6.96 6.84 7.00 6.80 40903
20140414 6.84 6.81 6.84 6.65 47212
20140415 6.82 6.85 6.93 6.75 36077
20140416 6.85 6.81 6.90 6.76 20627
20140417 6.81 6.76 6.83 6.74 20237
20140418 6.78 6.79 6.86 6.74 17215
20140421 6.79 6.69 6.82 6.68 22852
20140422 6.69 6.52 6.75 6.40 33720
20140423 6.52 6.60 6.66 6.48 16779
20140424 6.55 6.56 6.67 6.50 14345
20140425 6.56 6.29 6.60 6.22 28186
20140428 6.29 5.90 6.32 5.90 41450
20140429 5.90 5.97 6.07 5.85 20530
20140430 5.96 6.19 6.19 5.94 26292
20140505 6.19 6.23 6.33 6.16 19178
20140506 6.26 6.17 6.26 6.15 18753
20140507 6.16 6.00 6.19 6.00 17442
20140508 6.00 6.04 6.13 5.96 13671
20140509 6.02 6.00 6.05 5.95 15677
20140512 6.06 6.18 6.19 6.06 17574
20140513 6.23 6.21 6.25 6.17 13626
20140514 6.22 6.22 6.23 6.13 8186
20140515 6.21 6.06 6.22 6.02 12988
20140516 6.07 6.19 6.20 6.06 11873
20140519 6.19 6.08 6.19 6.05 9901
20140520 6.08 6.13 6.16 6.07 6110
20140521 6.13 6.13 6.16 6.03 6772
20140522 6.13 6.12 6.23 6.10 12275
20140523 6.17 6.22 6.22 6.11 12058
20140526 6.25 6.28 6.30 6.23 16409
20140527 6.30 6.28 6.32 6.15 14175
20140528 6.30 6.63 6.73 6.20 43146
20140529 6.55 6.49 6.65 6.39 35678
20140530 6.47 6.56 6.65 6.42 33827
20140603 6.56 6.53 6.59 6.48 13178
20140604 6.59 6.42 6.64 6.33 17713
20140605 6.40 6.44 6.48 6.26 13669
20140606 6.43 6.37 6.48 6.31 15317
20140609 6.36 6.33 6.43 6.28 18901
20140610 6.36 6.34 6.39 6.28 17253
20140611 6.38 6.35 6.42 6.25 24093
20140612 6.36 6.36 6.38 6.28 19385
20140613 6.37 6.43 6.43 6.31 20637
20140616 6.42 6.26 6.42 6.10 37662
20140617 6.24 6.12 6.25 6.11 29589
20140618 6.14 6.19 6.32 6.10 31561
20140619 6.25 6.03 6.25 6.00 25415
20140620 6.05 6.08 6.14 6.02 12728
20140623 6.08 6.11 6.15 6.07 11587
20140624 6.12 6.11 6.13 6.08 12489
20140625 6.12 6.13 6.16 6.08 12963
20140626 6.14 6.19 6.24 6.12 19991
20140627 6.20 6.21 6.22 6.14 20160
20140630 6.20 6.23 6.23 6.17 18848
20140701 6.23 6.24 6.25 6.19 15949
20140702 6.23 6.34 6.35 6.23 36136
20140703 6.39 6.40 6.53 6.34 59515
20140704 6.38 6.35 6.45 6.33 33551
20140707 6.32 6.34 6.39 6.28 20483
20140708 6.31 6.33 6.35 6.24 16553
20140709 6.35 6.22 6.35 6.17 28271
20140710 6.17 6.32 6.33 6.15 33660
20140711 6.29 6.34 6.45 6.22 41357
20140714 6.32 6.53 6.54 6.29 61505
20140715 6.53 6.51 6.55 6.39 40205
20140716 6.48 6.43 6.53 6.42 31985
20140717 6.42 6.43 6.51 6.38 28751
20140718 6.40 6.39 6.45 6.37 17863
20140721 6.40 6.32 6.41 6.26 25344
20140722 6.31 6.38 6.39 6.28 22257
20140723 6.38 6.31 6.40 6.20 31776
20140724 6.49 6.94 6.94 6.48 175228
20140725 6.99 7.03 7.11 6.70 182875
20140728 7.02 6.92 7.03 6.86 131477
20140729 6.89 6.97 7.00 6.83 95224
20140730 6.99 6.98 7.05 6.87 60628
20140731 6.97 6.97 6.98 6.87 52989
20140801 6.95 6.81 6.98 6.79 63476
20140804 6.84 6.90 6.91 6.80 43273
20140805 6.90 6.85 6.93 6.77 52079
20140806 6.80 6.89 6.90 6.75 52022
20140807 6.87 6.92 6.92 6.81 53658
20140808 6.91 7.14 7.29 6.91 134991
20140811 7.11 7.14 7.18 7.07 57904
20140812 7.14 7.04 7.14 6.97 63331
20140813 7.04 7.07 7.13 7.00 43057
20140814 7.13 7.03 7.13 6.97 42251
20140815 7.03 7.06 7.08 6.99 44803
20140818 7.07 7.10 7.15 7.04 48389
20140819 7.10 7.30 7.43 7.10 109699
20140820 7.28 7.20 7.35 7.18 54984
20140821 7.19 7.35 7.42 7.17 78836
20140822 7.35 7.33 7.43 7.30 44403
20140825 7.35 7.19 7.39 7.15 61704
20140826 7.20 6.94 7.20 6.91 60253
20140827 6.93 6.98 7.03 6.90 30399
20140828 6.98 6.87 6.99 6.75 50960
20140829 6.85 6.92 6.99 6.83 30028
20140901 6.94 7.30 7.35 6.92 90007
20140902 7.31 7.31 7.36 7.22 85761
20140903 7.33 7.39 7.47 7.27 97284
20140904 7.41 7.44 7.51 7.34 74709
20140905 7.45 7.42 7.48 7.35 52818
20140909 7.46 7.51 7.63 7.44 89211
20140910 7.48 7.41 7.48 7.33 82270
20140911 7.41 7.58 7.80 7.36 126490
20140912 7.59 7.83 7.84 7.53 111507
20140915 7.83 7.97 8.07 7.75 156295
20140916 8.00 7.81 8.11 7.70 189185
20140917 7.79 8.13 8.33 7.75 167230
20140918 8.11 8.12 8.29 8.04 109329
20140919 8.08 8.08 8.17 8.02 69481
20140922 8.03 7.78 8.05 7.77 87511
20140923 7.80 7.87 7.89 7.75 71649
20140924 7.85 7.95 8.04 7.80 70703
20140925 7.98 7.86 8.07 7.80 101233
20140926 7.86 7.92 8.00 7.75 67277
20140929 7.92 8.22 8.26 7.92 123691
20140930 8.20 8.30 8.39 8.19 100125
20141008 8.31 8.31 8.35 8.15 74930
20141009 8.30 8.22 8.30 8.10 97131
20141010 8.20 8.12 8.20 8.05 75619
20141013 8.09 8.02 8.09 7.88 62090
20141014 8.01 8.14 8.26 8.00 74330
20141015 8.17 8.15 8.20 8.06 57933
20141016 8.08 7.93 8.12 7.91 57268
20141017 7.91 7.84 7.99 7.57 62513
20141020 7.84 7.84 7.88 7.76 41707
20141021 7.85 7.66 7.85 7.65 44606
20141022 7.66 7.51 7.76 7.48 51728
20141023 7.52 7.37 7.64 7.28 57928
20141024 7.31 7.41 7.46 7.31 32344
20141027 7.42 7.54 7.55 7.36 34852
20141028 7.54 7.73 7.75 7.48 51678
20141029 7.75 7.74 7.83 7.68 77790
20141030 7.75 7.72 7.88 7.68 54656
20141031 7.75 7.72 7.78 7.62 58964
20141103 7.72 7.82 7.88 7.72 58294
20141104 7.80 7.72 7.85 7.69 39859
20141105 7.74 7.78 7.81 7.61 44548
20141106 7.75 7.79 7.80 7.71 34170
20141107 7.82 7.99 8.18 7.81 119027
20141110 8.01 8.14 8.23 7.90 73493
20141111 8.14 7.75 8.20 7.66 77437
20141112 7.72 7.83 7.90 7.67 48228
20141113 7.85 7.62 7.86 7.60 53568
20141114 7.57 7.59 7.64 7.50 31502
20141117 7.60 7.61 7.72 7.54 37747
20141118 7.63 7.79 7.80 7.63 50953
20141119 7.80 8.03 8.10 7.74 76280
20141120 8.00 8.04 8.07 7.92 72668
20141121 8.03 8.04 8.13 7.93 62517
20141124 8.09 8.02 8.15 8.01 82405
20141125 8.03 8.19 8.23 8.01 102928
20141126 8.19 8.11 8.23 7.98 82822
20141127 8.12 8.10 8.20 8.01 63180
20141128 8.12 8.10 8.12 7.88 82270
20141201 8.09 8.91 8.91 7.95 199381
20141202 9.19 8.96 9.23 8.76 295054
20141203 8.86 9.18 9.64 8.80 253109
20141204 9.01 9.25 9.44 8.98 176803
20141205 9.27 9.00 9.29 8.40 152678
20141208 8.83 8.85 9.08 8.80 104118
20141209 8.85 8.23 8.86 8.19 150974
20141210 8.17 8.44 8.50 8.05 80816
20141211 8.42 8.55 8.56 8.30 88671
20141212 8.54 8.49 8.61 8.39 108364
20141215 8.50 8.68 8.74 8.37 86916
20141216 8.64 8.58 8.73 8.50 72418
20141217 8.50 8.27 8.50 8.09 121764
20141218 8.24 8.21 8.26 8.09 62791
20141219 8.20 7.80 8.21 7.60 118323
20141222 7.75 7.16 7.75 7.02 131130
20141223 7.08 7.23 7.30 7.01 57358
20141224 7.23 7.38 7.38 7.20 45490
20141225 7.36 7.40 7.46 7.32 34833
20141226 7.39 7.37 7.39 7.19 51879
20141229 7.37 7.13 7.37 7.10 55412
20141230 7.12 6.91 7.17 6.88 62767
20141231 6.90 6.97 6.99 6.83 41120
20150105 6.97 7.12 7.16 6.97 55413
20150106 7.12 7.22 7.25 7.02 48300
20150107 7.23 7.16 7.25 7.05 40318
20150108 7.26 7.28 7.37 7.15 66515
20150109 7.28 7.09 7.32 7.05 54819
20150112 7.08 6.95 7.13 6.85 40966
20150113 6.93 7.19 7.21 6.90 50170
20150114 7.19 7.36 7.37 7.13 69697
20150115 7.40 7.29 7.40 7.25 36019
20150116 7.29 7.33 7.35 7.20 47057
20150119 7.20 7.03 7.22 6.86 61295
20150120 7.10 7.24 7.25 7.06 61134
20150121 7.24 7.52 7.65 7.20 119966
20150122 7.48 7.69 7.72 7.43 94253
20150123 7.70 7.63 7.75 7.52 76062
20150126 7.64 8.02 8.09 7.60 118788
20150127 8.08 8.27 8.38 7.95 155276
20150128 8.19 8.25 8.38 8.06 71174
20150129 8.15 8.08 8.24 7.98 63887
20150130 7.81 7.54 7.94 7.33 211976
20150202 7.38 7.52 7.64 7.32 61129
20150203 7.56 7.68 7.70 7.53 55674
20150204 7.70 7.61 7.70 7.57 43365
20150205 7.63 7.63 7.81 7.59 66659
20150206 7.58 7.40 7.75 7.37 50648
20150209 7.40 7.43 7.51 7.22 49164
20150210 7.43 7.31 7.49 7.20 45928
20150211 7.31 7.33 7.37 7.27 26152
20150212 7.33 7.60 7.65 7.27 64685
20150213 7.60 7.69 7.77 7.59 58965
20150216 7.68 7.87 7.94 7.68 68689
20150217 7.95 7.89 7.96 7.80 50662
20150225 7.95 8.12 8.29 7.95 120063
20150226 8.15 8.13 8.27 8.01 65579
20150227 8.13 8.24 8.25 8.06 69534
20150302 8.30 8.28 8.42 8.18 102543
20150303 8.25 8.07 8.25 8.02 102495
20150304 8.07 8.88 8.88 8.02 132858
20150305 9.77 9.77 9.77 9.29 648547
20150306 9.35 9.09 9.40 8.91 535043
20150309 9.00 8.88 9.04 8.68 232629
20150310 8.86 8.93 9.12 8.75 197083
20150311 8.95 8.84 9.08 8.71 171331
20150312 8.73 8.80 8.91 8.62 150157
20150313 8.80 8.86 8.86 8.66 110346
20150316 8.85 9.12 9.18 8.85 228633
20150317 9.15 9.30 9.50 9.03 278091
20150318 9.27 9.31 9.38 9.10 189132
20150319 9.30 9.18 9.30 9.10 181173
20150320 9.15 9.37 9.41 9.12 213608
20150323 9.39 9.45 9.49 9.21 216681
20150324 9.42 9.26 9.42 9.00 199109
20150325 9.18 10.19 10.19 9.09 357374
20150326 10.31 10.52 11.18 10.05 473741
20150327 10.48 10.35 10.64 10.11 178394
20150330 10.30 10.54 10.77 10.09 215469
20150331 10.54 10.29 10.58 10.26 157510
20150401 10.26 10.39 10.50 10.24 140163
20150402 10.38 10.46 10.75 10.31 226218
20150403 10.42 10.74 10.86 10.32 208551
20150407 10.74 11.16 11.22 10.60 252577
20150408 11.16 10.75 11.16 10.58 207801
20150409 10.73 10.41 10.74 9.81 196319
20150410 10.35 10.59 10.77 10.20 134881
20150413 10.60 10.74 10.90 10.33 180293
20150414 10.73 10.89 11.26 10.57 220068
20150415 10.75 10.17 10.75 10.05 181336
20150416 9.95 10.04 10.24 9.74 142061
20150417 10.09 10.08 10.18 9.89 174428
20150420 9.99 9.67 10.06 9.55 190210
20150421 9.68 10.18 10.25 9.67 183851
20150422 10.15 10.23 10.26 10.00 272296
20150423 10.21 10.31 10.40 10.04 254923
20150424 10.27 10.39 10.42 10.04 286320
20150427 10.37 11.16 11.37 10.30 471477
20150429 10.60 10.60 10.60 10.60 22557
20150430 10.07 10.20 10.60 10.07 434940
20150504 10.10 9.90 10.21 9.84 171478
20150505 9.92 9.98 10.29 9.86 122031
20150506 10.07 9.74 10.14 9.62 96566
20150507 9.74 9.58 9.98 9.50 76838
20150508 9.63 9.81 9.94 9.63 71216
20150511 9.85 10.09 10.10 9.77 99263
20150512 10.06 10.12 10.19 10.00 113858
20150513 10.11 10.63 10.63 10.05 114571
20150514 10.99 11.16 11.16 10.98 62850
20150515 11.72 11.36 11.72 11.32 282328
20150518 11.15 11.93 11.93 11.00 97335
20150519 12.40 12.53 12.53 12.15 54928
20150520 13.16 12.87 13.16 12.45 213779
20150521 12.88 13.51 13.51 12.70 130376
20150522 13.98 13.97 14.18 13.40 162874
20150525 13.82 13.85 14.48 13.59 159417
20150526 13.84 13.72 14.00 13.63 157876
20150527 13.73 13.44 13.91 13.38 172484
20150528 13.46 13.78 14.11 13.46 151640
20150529 14.01 14.47 14.47 13.09 233723
20150601 15.16 15.19 15.19 15.00 42939
20150602 15.95 15.95 15.95 15.95 6837
20150603 16.75 16.75 16.75 16.05 74710
20150604 17.58 17.58 17.59 15.91 292554
20150605 18.41 17.71 18.43 16.82 214724
20150608 17.29 16.82 17.30 16.82 122201
20150609 15.98 15.98 16.54 15.98 209899
20150610 16.22 16.78 16.78 16.02 153851
20150611 16.78 16.97 17.17 16.49 130495
20150612 17.12 17.38 17.77 16.92 99614
20150615 17.13 16.51 17.53 16.51 142293
20150616 15.96 15.68 15.96 15.68 86066
20150617 15.48 15.11 15.68 14.90 112736
20150618 15.87 15.14 15.87 15.10 109489
20150619 14.55 14.38 14.77 14.38 53263
20150623 13.66 13.66 14.00 13.66 53581
20150624 13.93 13.46 14.18 13.02 155522
20150625 13.64 13.28 13.85 13.02 101661
20150626 12.88 12.62 12.93 12.62 50955
20150629 12.60 11.99 12.60 11.99 27912
20150630 11.39 11.39 11.76 11.39 163676
20150701 11.39 10.82 11.74 10.82 138060
20150702 10.28 10.28 10.50 10.28 46214
20150703 9.77 9.77 9.77 9.77 5692
20150706 10.20 9.28 10.20 9.28 34381
20150707 8.82 8.82 8.82 8.82 634
20150708 8.38 8.38 8.38 8.38 1509
20150709 7.96 8.57 8.77 7.96 322644
20150710 8.15 9.00 9.00 8.14 398566
20150713 8.80 9.01 9.37 8.57 320482
20150714 8.73 8.64 9.25 8.59 242942
20150715 8.26 8.21 8.43 8.21 66556
20150716 7.80 7.80 8.01 7.80 203340
20150717 7.70 8.19 8.19 7.70 150010
20150720 8.33 8.60 8.60 8.26 176422
20150721 8.60 9.03 9.03 8.42 141979
20150722 9.39 9.40 9.48 9.04 231247
20150723 9.25 9.87 9.87 9.25 149328
20150724 10.09 10.21 10.36 9.90 240799
20150727 9.72 9.70 9.88 9.70 140255
20150728 9.22 9.22 9.22 9.22 7713
20150729 8.77 8.96 9.14 8.76 154741
20150730 8.92 8.51 8.92 8.51 114500
