20140102 32.32 34.31 34.56 32.32 50747
20140103 34.10 34.02 34.55 33.81 23016
20140106 34.10 33.99 34.36 33.51 13890
20140107 34.10 34.49 34.57 33.90 13175
20140108 34.49 36.08 36.15 34.49 35846
20140109 36.00 35.13 36.32 34.80 24856
20140110 35.60 34.46 35.60 34.00 14601
20140113 34.38 34.98 35.30 34.14 16568
20140114 35.01 34.76 35.01 32.85 25761
20140115 34.59 35.89 35.90 33.90 24892
20140116 35.20 36.11 36.29 35.20 18758
20140117 35.80 36.38 36.74 35.70 14338
20140120 36.12 35.23 36.50 34.40 19375
20140121 35.25 36.91 37.55 35.25 26704
20140122 36.74 37.61 37.80 36.45 29772
20140123 37.65 37.28 37.84 36.95 25891
20140124 37.46 38.20 38.86 37.10 15453
20140127 38.20 39.08 39.15 37.88 18084
20140128 38.68 38.62 39.00 37.98 21725
20140129 38.41 38.91 38.98 37.87 13280
20140130 38.93 39.19 39.47 38.10 12131
20140207 39.10 38.78 39.10 38.00 13578
20140210 38.99 38.19 39.19 37.40 30258
20140211 38.16 38.32 38.37 37.46 16920
20140212 38.19 37.73 38.39 37.56 8816
20140213 37.94 36.29 37.94 36.19 17206
20140214 36.40 37.15 37.53 36.20 16496
20140217 36.92 38.41 38.70 36.92 27495
20140218 38.78 40.99 42.08 38.50 39167
20140219 41.00 39.68 41.84 39.52 21982
20140220 39.64 39.22 40.78 39.00 13486
20140221 39.10 41.36 42.10 39.10 38914
20140224 42.50 41.97 43.40 41.49 46612
20140225 42.49 42.00 44.40 41.60 71845
20140226 41.98 42.72 43.00 40.01 27133
20140227 42.72 40.00 42.72 39.99 26211
20140228 39.91 40.10 41.58 38.50 27851
20140303 39.60 41.57 42.10 39.51 23502
20140304 41.40 40.79 41.79 40.65 11735
20140305 40.30 39.97 41.36 39.68 15637
20140306 40.18 37.54 40.18 36.30 59296
20140307 37.68 37.90 38.88 36.80 29181
20140310 37.92 37.74 38.60 36.50 14637
20140311 37.89 37.75 38.28 37.14 14355
20140312 37.99 38.51 40.00 37.27 17604
20140313 38.64 38.32 39.18 38.00 13877
20140314 38.40 37.71 38.71 37.50 7621
20140317 37.71 38.95 39.79 37.40 15602
20140318 38.95 39.66 40.13 38.63 11455
20140319 39.90 38.50 40.48 38.44 14336
20140320 38.11 37.74 38.54 37.61 10814
20140321 37.50 37.70 38.19 36.66 24071
20140324 37.65 37.81 37.90 37.32 8069
20140325 38.18 39.31 39.47 37.91 18723
20140326 39.00 39.25 40.35 38.83 17997
20140327 39.27 39.40 39.98 39.11 17483
20140328 39.40 39.37 39.77 38.21 14994
20140331 38.80 40.95 41.34 38.80 26678
20140401 40.70 40.95 41.60 40.65 25007
20140402 40.95 40.71 41.29 39.72 12587
20140403 40.71 39.86 40.83 39.60 10050
20140404 39.55 40.09 40.15 39.27 11211
20140408 40.00 40.26 40.40 39.64 11801
20140409 40.05 40.86 40.95 39.71 14261
20140410 40.70 40.03 41.16 39.87 12365
20140411 39.90 41.48 41.57 39.80 22263
20140414 41.49 41.10 41.67 40.80 13172
20140415 41.10 40.19 41.20 40.16 10567
20140416 39.81 39.99 40.56 39.81 7125
20140417 39.86 39.82 40.01 39.54 5797
20140418 39.66 39.78 39.99 39.35 10605
20140421 39.85 39.99 40.95 39.75 14526
20140422 39.89 39.60 40.50 39.39 6832
20140423 39.93 38.56 39.95 38.10 9987
20140424 38.57 37.61 38.58 37.50 12226
20140425 37.71 36.91 38.35 35.70 22565
20140428 36.17 36.72 37.29 36.17 12426
20140429 36.72 37.00 37.28 36.34 18837
20140430 37.01 37.02 37.45 36.82 5646
20140505 36.90 37.99 38.08 36.70 15983
20140506 37.61 37.78 38.80 37.61 10650
20140507 37.66 38.08 38.52 37.50 7593
20140508 38.06 38.15 38.28 37.70 5734
20140509 38.00 37.70 38.48 37.30 5929
20140512 37.99 37.71 38.40 37.40 5047
20140513 37.56 37.73 38.01 37.35 2034
20140514 37.74 37.67 38.00 37.46 3154
20140515 37.78 37.06 37.79 36.66 6240
20140516 37.04 35.99 37.06 35.90 15384
20140519 36.00 36.27 36.60 35.80 12339
20140520 36.20 36.71 37.35 36.20 11254
20140521 36.95 37.00 37.28 36.63 4726
20140522 37.00 37.49 38.00 37.00 10662
20140523 37.50 37.40 37.70 37.30 18771
20140526 37.16 39.33 40.48 37.16 23637
20140527 39.28 39.57 39.90 39.28 10227
20140528 39.46 40.02 40.10 39.46 10107
20140529 40.02 40.05 40.44 39.70 12569
20140530 39.81 39.99 40.24 39.80 5390
20140603 40.05 39.50 40.26 39.27 6811
20140604 39.30 38.95 39.70 38.30 11552
20140605 38.62 39.89 39.96 38.62 7723
20140606 40.00 39.89 40.35 39.60 8530
20140609 39.70 40.01 40.39 39.01 10285
20140610 39.71 40.01 40.17 39.36 9869
20140611 40.10 40.67 40.88 39.65 12774
20140612 40.65 40.32 40.86 39.79 9583
20140613 40.35 39.82 40.35 39.50 24175
20140616 39.76 38.88 39.83 38.68 27669
20140617 38.93 38.30 39.19 38.09 16406
20140618 38.11 38.57 38.59 38.05 9456
20140619 38.50 38.05 38.71 37.58 10973
20140620 38.05 38.58 38.64 37.66 5616
20140623 38.60 38.54 38.97 38.31 5482
20140624 38.54 39.20 39.44 38.54 10661
20140625 39.20 39.14 39.43 39.02 4393
20140626 39.13 39.65 39.77 39.13 7525
20140627 39.65 39.89 39.90 39.32 6635
20140630 40.25 41.13 41.40 40.00 19342
20140708 42.85 42.99 43.80 41.51 35912
20140709 42.98 41.45 43.57 41.02 22939
20140710 41.72 40.37 42.08 39.94 22420
20140711 40.20 39.99 40.52 39.95 15560
20140714 39.71 39.97 40.16 38.85 18489
20140715 39.92 39.81 40.52 39.70 11785
20140716 39.66 40.00 40.25 39.66 8156
20140717 39.88 40.19 40.38 39.50 4538
20140718 39.90 39.52 40.14 39.00 11503
20140721 39.20 39.41 39.82 38.81 16281
20140722 39.20 39.79 40.20 39.13 12849
20140723 39.61 39.60 39.93 39.50 4705
20140724 39.32 39.49 39.87 39.30 6666
20140725 39.33 38.45 39.33 37.51 34673
20140728 38.36 38.26 38.56 37.68 40707
20140729 38.18 39.08 39.10 38.18 29341
20140730 38.96 38.78 39.07 38.60 10839
20140731 38.80 39.91 40.00 38.78 19529
20140801 39.90 40.41 41.10 39.12 22908
20140804 40.38 40.48 40.84 40.01 12626
20140805 40.58 39.92 41.48 39.71 10761
20140806 39.95 40.08 40.42 39.53 9316
20140807 39.85 39.95 40.28 39.80 10425
20140808 39.93 40.28 40.88 39.93 10471
20140811 40.55 41.12 41.29 40.25 16629
20140812 41.12 41.34 41.50 40.32 13993
20140813 41.14 40.30 41.33 40.10 15569
20140814 40.30 39.70 40.65 39.52 16707
20140815 39.67 40.47 40.86 39.30 13648
20140818 40.47 39.83 40.47 39.64 29981
20140819 39.81 39.91 39.98 39.57 7729
20140820 39.90 39.07 39.90 38.91 24126
20140821 39.05 38.98 39.42 38.78 18662
20140822 39.02 39.32 39.46 39.00 20841
20140825 39.38 38.68 39.40 38.37 28618
20140826 38.68 38.10 38.76 37.91 24993
20140827 38.08 38.04 38.88 37.98 16114
20140828 38.15 38.30 38.48 37.99 10499
20140829 38.30 38.44 38.46 38.16 8088
20140901 38.49 38.54 38.60 38.21 19075
20140902 38.77 38.63 39.06 38.32 27691
20140903 38.71 38.24 38.84 38.08 57021
20140904 38.30 37.96 38.34 37.50 65753
20140905 37.81 38.00 38.01 37.72 54398
20140909 38.14 38.86 39.16 38.11 83151
20140910 39.00 38.65 39.02 38.56 39803
20140911 38.69 38.21 38.89 38.04 40770
20140912 38.28 38.14 38.36 37.68 31210
20140915 38.14 38.26 38.30 37.91 19520
20140916 38.35 36.89 38.45 36.88 67153
20140917 36.90 37.05 37.20 36.51 32256
20140918 37.12 38.38 38.59 37.07 75507
20140919 38.38 38.13 38.66 38.08 27704
20140922 38.15 37.88 38.40 37.57 26299
20140923 37.88 38.26 38.62 37.88 22185
20140924 38.20 38.15 38.51 38.06 22184
20140925 38.20 37.52 38.29 37.38 27516
20140926 37.52 37.29 37.80 37.04 24416
20140929 37.31 37.20 37.53 37.15 19730
20140930 37.20 37.50 37.64 37.20 18975
20141008 37.58 39.25 39.40 37.51 84167
20141009 39.18 38.92 39.90 38.50 43996
20141010 38.77 38.76 39.27 38.50 33167
20141013 38.75 37.99 38.81 37.80 39518
20141014 37.99 38.15 38.18 37.70 37344
20141015 38.05 38.99 39.29 37.80 56343
20141016 38.83 38.79 40.31 38.25 65219
20141017 38.80 39.08 39.30 37.60 23525
20141020 39.05 39.43 40.25 39.05 32193
20141021 39.51 38.80 39.69 38.75 18945
20141022 38.52 38.17 38.95 38.12 14465
20141023 38.15 37.53 38.40 37.20 17198
20141024 37.53 37.81 38.13 37.53 9486
20141027 37.74 37.98 38.09 37.48 13863
20141028 37.90 37.00 37.90 36.93 77705
20141029 37.10 36.85 37.27 36.78 77192
20141030 37.07 37.29 37.85 36.90 110504
20141031 38.20 37.40 38.98 37.20 107191
20141103 37.31 36.81 37.40 36.45 82484
20141104 36.83 36.15 36.93 36.07 64081
20141105 36.19 36.01 36.35 35.79 61305
20141106 36.10 36.40 36.60 35.81 44545
20141107 36.40 35.73 36.44 35.60 55012
20141110 35.73 35.41 36.08 35.28 58179
20141111 35.41 34.06 35.55 33.49 111282
20141112 34.06 34.38 34.40 33.53 39260
20141113 34.49 34.10 34.49 33.69 30090
20141114 33.95 34.24 34.31 33.72 23038
20141117 34.54 34.52 34.67 33.92 31476
20141118 34.47 34.08 34.47 33.96 23967
20141119 34.00 34.46 34.65 34.00 24668
20141120 34.50 34.72 35.30 34.50 53121
20141121 34.61 34.46 34.72 34.08 46875
20141124 34.60 34.34 34.64 34.07 35942
20141125 34.33 34.91 34.95 34.11 40563
20141126 34.90 34.70 35.00 34.42 43709
20141127 34.85 35.13 35.40 34.72 72386
20141128 35.21 34.90 35.22 34.60 52059
20141201 34.90 34.61 35.00 33.70 71777
20141202 34.50 34.71 34.88 34.25 57989
20141203 34.68 34.97 34.99 34.07 97265
20141204 34.96 35.70 35.82 34.78 136124
20141205 35.71 34.76 35.79 34.60 102127
20141208 34.79 33.95 34.90 33.80 149227
20141209 34.00 32.97 34.00 32.85 109427
20141210 33.00 34.34 34.56 33.00 74807
20141211 34.34 34.32 34.54 34.02 55329
20141212 34.32 34.42 34.65 34.30 41080
20141215 34.42 35.11 35.34 34.20 72996
20141216 35.18 34.94 35.20 34.72 40063
20141217 34.90 34.01 34.90 33.77 56529
20141218 34.10 33.44 34.10 33.22 59579
20141219 33.55 32.37 33.56 31.97 103682
20141222 32.20 31.42 32.20 30.99 63228
20141223 31.25 32.01 32.14 31.14 47645
20141224 32.00 32.90 33.06 32.00 46680
20141225 32.88 33.07 33.30 32.86 40320
20141226 33.07 33.11 33.43 32.82 39181
20141229 33.11 32.93 33.40 32.00 42858
20141230 32.80 33.24 33.28 32.50 47702
20141231 33.35 33.37 33.59 32.96 44028
20150105 33.38 33.21 33.40 32.25 91733
20150106 33.00 34.09 34.85 32.72 109364
20150107 34.17 34.29 34.58 33.89 56746
20150108 34.32 35.99 36.25 34.32 195124
20150109 35.80 35.75 36.45 35.50 70765
20150112 35.74 35.86 36.04 34.86 79761
20150113 35.86 36.78 36.82 35.77 105585
20150114 36.65 35.50 37.05 35.10 87730
20150115 35.60 35.77 36.23 35.38 51866
20150116 35.61 35.17 35.65 34.75 59728
20150119 34.50 34.99 36.30 34.20 102516
20150120 35.01 36.09 36.12 35.01 71402
20150121 36.20 37.50 38.43 36.20 126102
20150122 37.54 37.99 38.18 37.30 49630
20150123 37.99 37.11 38.00 36.51 71073
20150126 37.10 37.71 38.10 36.92 38821
20150127 37.72 37.73 38.55 37.60 60296
20150128 37.63 37.29 37.73 37.03 50908
20150129 37.00 36.24 37.40 36.10 65292
20150130 36.99 35.96 36.99 35.71 44859
20150202 35.51 35.62 36.54 35.40 35089
20150203 36.00 36.27 36.44 34.72 114202
20150204 35.93 35.50 36.00 34.98 127540
20150205 35.50 35.16 35.85 35.10 51839
20150206 35.13 35.33 35.93 35.00 71114
20150209 35.72 35.05 35.72 34.90 37398
20150210 35.29 35.77 35.89 34.88 48188
20150211 35.77 36.80 36.87 35.50 58818
20150212 36.79 36.55 37.00 36.38 44027
20150213 36.53 37.58 37.96 36.53 124317
20150216 37.75 37.55 38.57 37.20 116668
20150217 38.23 38.14 39.85 37.71 147850
20150225 38.15 38.74 39.86 37.92 133741
20150226 38.75 38.33 39.75 38.15 75816
20150227 38.72 37.82 38.72 37.40 87851
20150302 37.88 38.09 38.35 37.45 183636
20150303 38.00 38.04 39.27 37.51 119683
20150304 37.90 41.34 41.75 37.90 255642
20150305 41.50 42.04 43.77 40.61 236875
20150306 42.20 41.57 43.70 41.05 82971
20150309 41.20 42.87 43.51 41.20 96279
20150310 43.05 43.50 43.95 42.62 79348
20150311 43.51 42.39 44.66 42.35 78549
20150312 42.40 41.94 42.59 41.20 75478
20150313 41.85 42.89 43.50 41.51 83878
20150316 43.20 46.57 47.07 42.80 156078
20150317 45.80 45.00 46.71 44.69 151426
20150318 45.39 45.09 45.39 44.62 108033
20150319 45.70 44.59 46.48 44.37 144634
20150320 45.00 44.36 45.00 43.40 162634
20150323 44.40 44.35 44.50 43.18 174900
20150324 44.35 46.09 46.62 44.02 201161
20150325 45.82 44.82 45.82 44.57 119865
20150326 44.82 44.00 45.38 43.78 109852
20150327 43.94 44.04 44.59 43.66 60126
20150330 44.07 44.03 44.50 43.60 74029
20150331 44.11 43.99 44.35 43.58 96240
20150401 43.91 44.72 44.98 43.91 114980
20150402 44.75 45.62 46.49 44.75 134291
20150403 45.01 45.96 46.25 44.76 120863
20150407 45.85 48.96 50.56 45.84 155164
20150408 49.26 48.10 49.49 47.18 80752
20150409 47.85 46.49 48.40 45.00 97270
20150410 46.01 46.94 47.22 46.01 94226
20150413 47.00 49.33 49.88 47.00 137778
20150414 49.15 50.13 51.62 48.50 120519
20150415 49.50 47.54 50.37 47.38 100379
20150416 47.30 49.19 49.60 46.49 100463
20150417 49.30 48.33 49.90 47.51 134370
20150420 48.10 45.90 48.10 45.68 110914
20150421 45.91 47.46 47.56 45.91 81166
20150422 47.53 48.39 48.73 47.53 108791
20150423 48.50 48.44 49.86 47.66 72061
20150424 47.75 50.81 51.09 47.11 118154
20150427 50.89 52.00 52.86 50.89 124043
20150428 52.06 52.98 53.89 51.50 130184
20150429 52.68 53.07 54.50 50.40 132119
20150430 53.21 52.39 54.55 52.20 72011
20150504 52.55 51.99 53.55 51.00 60971
20150505 51.80 50.39 52.96 49.70 75477
20150506 50.52 50.97 51.56 50.00 63638
20150507 50.50 50.60 52.06 50.25 44034
20150508 51.18 52.62 53.20 50.99 173499
20150511 53.30 57.88 57.88 53.30 110535
20150512 57.24 58.90 59.90 57.10 95454
20150513 58.22 57.39 58.66 56.98 64382
20150514 57.80 58.59 59.88 57.50 49822
20150515 57.90 57.66 58.50 56.58 47986
20150518 57.10 56.50 57.68 56.40 62879
20150519 56.80 60.43 61.56 56.00 84741
20150520 60.51 60.11 61.89 59.99 59852
20150521 60.18 64.15 65.11 59.40 83883
20150522 64.10 64.68 66.76 62.49 52797
20150525 63.80 65.19 66.31 63.21 56605
20150526 65.20 66.03 66.76 65.00 60063
20150527 66.03 64.26 66.48 62.80 90178
20150528 64.40 60.95 67.05 60.00 91236
20150529 60.10 62.80 64.10 58.20 71921
20150601 63.00 64.84 65.50 62.78 133875
20150602 65.16 69.22 70.20 64.02 182731
20150603 69.30 69.65 70.26 65.80 99477
20150604 69.00 66.97 69.50 62.69 98314
20150605 67.80 70.85 73.67 66.50 200736
20150608 70.90 68.76 71.00 67.40 93921
20150609 69.05 67.98 72.10 67.41 111160
20150610 68.00 68.93 69.97 67.00 90928
20150611 68.30 71.04 74.39 68.30 141163
20150612 71.12 73.02 73.50 70.52 92466
20150615 73.00 73.21 75.35 72.00 77382
20150616 73.21 70.99 73.50 69.00 108170
20150617 70.25 69.76 72.39 65.75 91477
20150618 70.00 65.19 70.00 65.06 98614
20150619 64.68 59.72 65.54 58.88 90243
20150623 58.60 61.55 62.78 55.22 94175
20150624 62.10 61.03 62.98 59.91 69904
20150625 61.10 56.89 61.30 56.47 68233
20150626 55.30 51.35 55.30 51.20 172646
20150629 52.95 52.87 56.49 46.70 231288
20150630 51.50 58.13 58.16 48.70 237093
20150701 60.00 57.38 63.88 56.50 210351
20150702 59.50 56.27 59.89 52.50 222388
20150703 54.69 51.56 59.00 50.64 179661
20150706 56.72 49.51 56.72 46.40 231266
20150713 54.46 54.46 54.46 54.46 4958
20150714 59.91 59.91 59.91 59.02 62192
20150715 61.80 53.92 61.80 53.92 166170
20150716 27.00 27.95 28.68 24.31 127433
20150717 28.21 29.45 30.00 27.95 269187
20150720 29.65 28.80 29.87 27.90 258869
20150721 28.20 28.89 29.28 27.90 204193
20150722 28.50 28.29 29.10 27.90 169250
20150723 28.30 29.38 29.50 28.12 240443
20150724 29.34 27.96 29.70 27.40 273950
20150727 26.95 25.16 27.54 25.16 315078
20150728 24.30 24.08 24.99 22.64 375946
20150729 24.50 24.66 24.86 21.80 265724
20150730 24.00 23.22 25.38 22.80 193013
