20140102 5.83 5.89 5.90 5.83 9204
20140103 5.83 5.91 5.93 5.82 12745
20140106 5.92 5.84 5.95 5.83 14724
20140107 5.82 5.78 5.85 5.76 9439
20140108 5.78 5.75 5.83 5.72 11533
20140109 5.72 5.73 5.78 5.71 7253
20140110 5.73 5.59 5.74 5.59 12585
20140113 5.58 5.58 5.71 5.50 9271
20140114 5.58 5.66 5.67 5.53 7442
20140115 5.65 5.77 5.78 5.61 7538
20140116 5.72 5.69 5.78 5.67 7219
20140117 5.66 5.56 5.68 5.54 10145
20140120 5.56 5.64 5.69 5.55 10121
20140121 5.64 5.73 5.75 5.62 7306
20140122 5.74 5.82 5.83 5.70 9682
20140123 5.86 5.78 5.86 5.73 12096
20140124 5.86 5.91 5.94 5.80 14928
20140127 5.88 5.86 5.91 5.78 10583
20140128 5.86 5.80 5.89 5.78 14463
20140129 5.76 5.87 5.88 5.76 7582
20140130 5.90 5.93 5.98 5.85 10498
20140207 5.91 5.96 5.97 5.84 13117
20140210 5.98 6.10 6.12 5.93 23405
20140211 6.10 6.05 6.12 5.99 30134
20140212 6.05 6.05 6.09 6.00 21324
20140213 6.03 5.96 6.09 5.96 20928
20140214 5.95 6.05 6.05 5.95 16060
20140217 6.08 6.36 6.37 6.02 89591
20140218 6.36 6.47 6.66 6.27 120168
20140219 6.47 6.59 6.68 6.37 74794
20140220 6.56 6.58 6.75 6.42 63342
20140221 6.59 6.61 6.62 6.49 28034
20140224 6.53 6.71 6.84 6.53 67703
20140225 6.72 6.30 6.75 6.25 62758
20140226 6.26 6.44 6.49 6.23 34802
20140227 6.44 6.31 6.50 6.28 29551
20140228 6.28 6.38 6.38 6.23 21686
20140303 6.38 6.43 6.43 6.32 21287
20140304 6.36 6.51 6.55 6.30 23937
20140305 6.50 6.68 6.86 6.48 62375
20140306 6.70 6.67 6.73 6.55 25229
20140307 6.66 6.53 6.71 6.42 37442
20140310 6.50 6.25 6.52 6.18 34556
20140311 6.25 6.30 6.30 6.16 14175
20140312 6.30 6.15 6.31 6.09 18703
20140313 6.16 6.11 6.30 6.10 21217
20140314 6.11 6.18 6.21 6.10 14239
20140317 6.12 6.22 6.28 6.11 21082
20140318 6.22 6.30 6.40 6.20 38404
20140319 6.34 6.31 6.34 6.20 12766
20140320 6.31 6.17 6.33 6.13 24875
20140321 6.13 6.32 6.50 6.11 25678
20140324 6.32 6.38 6.42 6.24 33309
20140325 6.38 6.38 6.43 6.31 19757
20140326 6.40 6.40 6.42 6.32 16380
20140327 6.38 6.27 6.38 6.26 14391
20140328 6.30 6.17 6.30 6.11 21754
20140331 6.17 6.13 6.22 6.09 12585
20140401 6.13 6.19 6.20 6.12 13368
20140402 6.24 6.16 6.24 6.12 12851
20140403 6.14 6.19 6.24 6.14 17191
20140404 6.16 6.31 6.32 6.15 20440
20140408 6.28 6.35 6.40 6.25 29162
20140409 6.35 6.39 6.43 6.33 30009
20140410 6.38 6.36 6.42 6.31 19979
20140411 6.37 6.38 6.40 6.31 12684
20140414 6.38 6.40 6.40 6.33 16124
20140415 6.39 6.31 6.65 6.30 54181
20140416 6.30 6.33 6.40 6.25 35401
20140417 6.34 6.49 6.52 6.24 52779
20140418 6.45 7.14 7.14 6.44 241980
20140421 7.16 7.26 7.28 6.99 202139
20140422 7.11 7.20 7.28 6.99 125455
20140423 7.17 7.24 7.34 7.05 272073
20140424 7.10 7.06 7.41 6.85 208718
20140425 7.00 6.72 7.24 6.70 154595
20140428 6.65 6.36 6.70 6.33 96782
20140429 6.34 6.43 6.47 6.25 50699
20140430 6.38 6.51 6.64 6.37 74940
20140505 6.45 6.76 6.87 6.40 70788
20140506 6.72 6.85 6.88 6.64 88299
20140507 6.83 6.57 6.85 6.56 97849
20140508 6.46 6.86 6.87 6.45 73428
20140509 6.93 6.84 6.93 6.75 57094
20140512 6.88 6.89 7.05 6.80 77189
20140513 6.89 6.58 6.89 6.52 92559
20140514 6.59 6.62 6.73 6.53 38425
20140515 6.63 6.36 6.65 6.34 59382
20140516 6.31 6.34 6.42 6.24 33716
20140519 6.34 6.31 6.41 6.24 25237
20140520 6.32 6.22 6.37 6.17 35042
20140521 6.22 6.20 6.23 6.01 31101
20140522 6.22 6.22 6.27 6.12 22357
20140523 6.20 6.24 6.24 6.11 23433
20140526 6.25 6.26 6.26 6.18 24197
20140527 6.25 6.10 6.25 6.07 39610
20140528 6.10 6.17 6.21 6.10 23229
20140529 6.19 6.20 6.25 6.15 32472
20140530 6.19 6.13 6.20 6.11 26393
20140603 6.14 6.15 6.20 6.13 12638
20140604 6.15 6.07 6.15 5.98 27183
20140605 6.08 6.10 6.10 6.01 18212
20140606 6.08 6.10 6.10 6.02 28026
20140609 6.09 6.03 6.09 6.00 25527
20140610 6.01 6.02 6.05 5.90 21962
20140611 6.02 5.99 6.03 5.95 23596
20140612 5.99 6.06 6.07 5.95 20301
20140613 6.06 6.11 6.12 6.01 23798
20140616 6.11 6.13 6.15 6.07 17426
20140617 6.13 6.03 6.13 6.02 25152
20140618 6.00 6.03 6.07 6.00 15745
20140619 6.03 5.92 6.06 5.90 17393
20140620 5.92 5.92 5.95 5.86 9724
20140623 5.92 5.97 6.00 5.92 9107
20140624 5.97 5.99 6.01 5.94 12263
20140625 6.00 5.95 6.00 5.90 12302
20140626 5.95 6.02 6.03 5.95 17886
20140627 5.98 6.04 6.08 5.98 19975
20140630 6.07 6.12 6.14 6.04 25075
20140701 6.10 6.12 6.15 6.09 17769
20140702 6.16 6.14 6.16 6.02 20437
20140703 6.10 6.15 6.16 6.07 31506
20140704 6.15 6.13 6.15 6.07 27207
20140707 6.13 6.25 6.25 6.10 40456
20140708 6.24 6.24 6.24 6.16 21941
20140709 6.24 6.11 6.24 6.08 28778
20140710 6.09 6.12 6.15 6.09 16836
20140711 6.14 6.20 6.24 6.13 24068
20140714 6.20 6.34 6.40 6.20 50827
20140715 6.30 6.36 6.37 6.25 30679
20140716 6.36 6.41 6.42 6.29 36668
20140717 6.38 6.34 6.40 6.28 26797
20140718 6.35 6.37 6.39 6.32 28927
20140721 6.38 6.28 6.38 6.25 23766
20140722 6.27 6.31 6.36 6.25 18046
20140723 6.31 6.42 6.42 6.29 44573
20140724 6.46 6.35 6.48 6.31 32533
20140725 6.33 6.35 6.38 6.28 26704
20140728 6.36 6.40 6.43 6.35 45117
20140729 6.39 6.39 6.46 6.36 53138
20140730 6.40 6.38 6.42 6.31 45657
20140731 6.37 6.47 6.50 6.34 68881
20140801 6.45 6.48 6.66 6.42 93426
20140804 6.48 6.56 6.57 6.47 56561
20140805 6.57 6.58 6.59 6.48 45877
20140806 6.56 6.56 6.58 6.49 35149
20140807 6.56 6.50 6.66 6.47 60951
20140808 6.51 6.53 6.55 6.44 38339
20140811 6.53 6.60 6.66 6.47 66612
20140812 6.60 6.71 6.72 6.57 67862
20140813 6.73 6.71 6.73 6.61 42917
20140814 6.68 6.59 6.74 6.58 55584
20140815 6.58 6.77 6.83 6.57 64914
20140818 6.78 6.91 7.02 6.76 86180
20140819 6.88 6.93 7.02 6.85 64871
20140820 6.90 7.03 7.10 6.90 67456
20140821 7.01 7.14 7.15 6.97 75145
20140822 7.12 7.03 7.26 6.99 89860
20140825 7.03 6.97 7.03 6.81 85877
20140826 6.92 6.95 6.97 6.77 63247
20140925 7.65 7.65 7.65 7.65 5084
20140926 8.42 8.42 8.42 8.42 11837
20140929 9.26 9.26 9.26 9.26 22989
20140930 10.19 10.19 10.19 10.19 22204
20141008 11.21 11.21 11.21 11.21 14101
20141009 12.33 12.33 12.33 12.33 26657
20141010 13.56 13.05 13.56 12.75 1064758
20141013 13.06 12.51 13.30 12.35 478923
20141014 12.38 12.28 12.58 12.16 360466
20141015 12.35 12.30 12.47 12.12 239221
20141016 12.14 12.01 12.35 11.94 178961
20141017 11.85 10.97 12.04 10.81 364205
20141020 11.00 11.10 11.26 10.91 201328
20141021 11.09 11.14 11.25 10.93 168458
20141022 11.10 10.64 11.13 10.59 166663
20141023 10.60 10.69 10.78 10.55 95794
20141024 10.72 10.61 10.77 10.56 60074
20141027 10.60 10.94 11.18 10.57 155813
20141028 10.89 11.11 11.13 10.78 235415
20141029 11.16 11.31 11.42 11.07 196571
20141030 11.35 11.39 11.62 11.10 356427
20141031 11.31 11.22 11.49 11.13 125480
20141103 11.19 11.23 11.34 11.07 190278
20141104 11.16 11.20 11.34 11.02 99543
20141105 11.30 11.67 11.77 11.15 278317
20141106 11.49 11.17 11.63 11.08 305447
20141107 11.06 10.81 11.21 10.76 177949
20141110 10.81 10.81 10.89 10.66 67607
20141111 10.82 10.77 10.93 10.53 126051
20141112 10.77 10.79 10.84 10.65 95247
20141113 10.75 10.35 10.76 10.23 150883
20141114 10.35 10.27 10.46 10.17 103778
20141117 10.29 10.42 10.85 10.29 78773
20141118 10.41 10.35 10.45 10.22 43809
20141119 10.53 10.64 10.79 10.40 109530
20141120 10.56 10.79 11.08 10.37 173023
20141121 10.71 10.69 10.86 10.63 76429
20141124 10.75 10.86 11.04 10.59 96309
20141125 10.80 10.82 10.94 10.70 72736
20141126 10.79 10.69 10.98 10.55 104766
20141127 10.70 10.82 10.84 10.57 112482
20141128 10.80 10.93 11.46 10.75 276300
20141201 10.80 10.83 10.88 10.58 101869
20141202 10.77 10.85 10.95 10.77 89888
20141203 10.83 10.98 11.05 10.58 130332
20141204 10.95 11.00 11.18 10.87 122639
20141205 10.92 10.87 10.99 10.00 166616
20141208 10.71 10.71 10.92 10.56 84441
20141209 10.68 10.25 10.74 10.17 140303
20141210 10.20 10.40 10.47 10.13 67867
20141211 10.35 10.43 10.45 10.20 94374
20141212 10.45 10.50 10.53 10.37 61366
20141215 10.50 11.19 11.49 10.48 292395
20141216 11.05 11.03 11.50 10.91 277640
20141217 10.93 10.85 11.15 10.57 179745
20141218 10.75 10.83 11.03 10.72 135330
20141219 10.83 10.30 10.90 10.27 116389
20141222 10.18 9.27 10.19 9.27 141619
20141223 9.00 8.96 9.21 8.82 106873
20141224 9.00 9.12 9.15 8.98 40835
20141225 9.15 9.37 9.39 9.09 101278
20141226 9.24 9.39 9.48 9.23 84130
20141229 9.35 8.86 9.50 8.78 97582
20141230 8.80 8.62 8.97 8.50 61750
20141231 8.63 8.69 8.75 8.49 57777
20150105 8.72 8.95 8.99 8.53 73246
20150106 8.85 9.02 9.16 8.73 71282
20150107 8.98 9.14 9.38 8.91 82519
20150108 9.31 9.14 9.44 9.05 87705
20150109 9.10 8.96 9.23 8.94 43536
20150112 8.92 9.07 9.21 8.76 109421
20150113 9.09 9.18 9.20 8.99 71907
20150114 9.14 9.45 9.77 9.09 178647
20150115 9.45 9.36 9.47 9.26 56416
20150116 9.34 9.28 9.39 9.24 43128
20150119 9.17 8.87 9.28 8.74 56196
20150120 8.89 9.13 9.15 8.81 47592
20150121 9.13 9.51 9.58 9.08 109339
20150122 9.56 9.87 9.98 9.41 132775
20150123 9.80 9.69 9.87 9.60 81800
20150126 9.73 9.86 9.94 9.65 109093
20150127 9.93 9.91 10.15 9.60 96085
20150128 10.14 10.37 10.90 10.09 334831
20150129 10.02 9.84 10.18 9.68 180419
20150130 9.78 9.85 9.94 9.73 91604
20150202 9.75 9.84 9.91 9.66 46280
20150203 9.94 10.12 10.32 9.81 120379
20150204 10.19 10.43 10.77 10.12 179814
20150205 10.48 10.77 11.11 10.19 230019
20150206 10.70 10.34 10.89 10.30 85403
20150209 10.31 10.00 10.47 9.98 72330
20150210 9.90 10.12 10.12 9.87 41549
20150211 10.43 10.25 10.44 10.15 60638
20150212 10.24 10.21 10.31 9.98 73366
20150213 10.21 10.37 10.38 10.08 78316
20150216 10.38 10.56 10.65 10.33 85092
20150217 10.67 10.58 10.74 10.39 87097
20150225 11.64 11.64 11.64 11.35 241007
20150226 11.70 11.92 12.19 11.47 424002
20150227 11.91 12.27 12.38 11.57 259856
20150302 12.12 13.50 13.50 12.00 359716
20150303 13.49 14.23 14.85 13.16 432735
20150304 14.05 14.29 14.80 13.78 291259
20150305 14.28 15.72 15.72 14.04 321473
20150306 15.78 14.97 16.19 14.70 341124
20150309 15.76 16.47 16.47 14.95 382434
20150310 16.69 16.11 16.92 16.04 239943
20150311 16.01 15.37 16.12 15.00 263947
20150312 15.17 15.08 15.37 14.59 197515
20150313 15.05 15.22 15.39 14.93 129370
20150316 15.49 15.52 15.80 15.29 180369
20150317 15.58 16.03 16.12 15.05 234559
20150318 16.09 15.93 16.11 15.68 138968
20150319 15.68 15.39 15.77 15.25 170904
20150320 15.29 15.24 15.66 15.14 173481
20150323 15.26 15.99 16.12 14.99 287050
20150324 15.85 15.51 15.93 14.92 234565
20150325 15.49 17.06 17.06 15.23 398895
20150326 17.05 15.61 17.05 15.50 301603
20150327 15.58 15.64 15.90 15.13 164918
20150330 15.64 15.41 15.64 15.30 118295
20150331 15.37 15.49 16.14 15.24 159044
20150401 15.47 15.70 16.09 15.22 128937
20150402 15.96 16.26 16.81 15.96 185208
20150403 16.08 17.89 17.89 16.01 253056
20150407 18.51 18.78 19.66 18.32 261217
20150408 18.79 18.11 18.98 17.30 235294
20150409 18.50 17.78 19.00 17.02 237171
20150410 17.38 18.97 19.56 17.38 293664
20150413 19.33 19.03 19.88 18.70 217969
20150414 18.67 18.06 18.70 17.97 204342
20150415 17.86 17.26 18.26 17.25 146852
20150416 16.99 17.21 17.67 16.77 120269
20150417 17.48 17.19 17.58 17.06 104970
20150420 17.00 16.34 17.18 16.31 144812
20150421 16.22 17.19 17.23 16.13 107890
20150422 17.27 17.43 17.81 17.20 126612
20150423 17.58 17.18 17.58 17.00 115356
20150424 17.10 17.22 17.40 16.68 88283
20150427 17.21 18.17 18.39 17.17 236607
20150428 18.18 17.15 18.19 17.02 129143
20150429 17.15 17.32 17.65 16.81 89670
20150430 17.32 17.54 18.35 17.32 155138
20150504 17.55 17.38 17.78 16.88 100308
20150505 17.40 16.25 17.47 16.13 135411
20150506 16.30 15.63 16.58 15.51 84422
20150507 15.65 15.43 15.77 15.15 84633
20150508 15.73 16.32 16.64 15.68 109394
20150511 16.50 16.97 17.17 16.43 116088
20150512 16.98 17.08 17.43 16.90 113496
20150513 16.90 18.79 18.79 16.71 240240
20150514 19.50 18.82 19.50 18.21 263112
20150515 18.64 18.21 18.77 18.02 141327
20150518 18.00 18.25 18.68 17.78 153347
20150519 18.40 18.38 19.05 18.25 139630
20150520 18.43 18.79 19.69 18.20 227947
20150521 18.79 20.67 20.67 18.72 232694
20150522 21.11 21.99 22.55 20.68 295679
20150525 21.51 23.75 24.19 21.40 300354
20150526 23.80 23.90 24.85 23.28 245895
20150527 23.74 23.33 23.76 22.55 247322
20150528 23.33 22.00 24.95 21.90 244626
20150529 21.81 22.78 23.19 21.00 211149
20150601 23.41 25.06 25.06 23.35 108163
20150602 27.00 27.57 27.57 26.86 47446
20150603 30.28 26.78 30.32 25.82 310346
20150604 26.78 28.19 28.65 24.70 235342
20150605 28.31 27.54 29.56 26.82 220694
20150608 27.69 26.79 28.35 26.50 182394
20150609 26.30 26.92 27.42 26.00 125969
20150610 26.81 28.63 29.33 26.30 210840
20150611 28.50 28.70 29.06 27.80 134430
20150612 29.00 29.55 31.00 28.70 154299
20150615 29.50 28.05 29.55 27.70 122833
20150616 27.90 25.70 27.90 25.25 128071
20150617 25.45 25.89 26.36 23.81 132816
20150618 25.61 24.05 25.65 23.96 153279
20150619 23.59 21.95 23.88 21.77 113396
20150623 21.88 23.01 23.05 19.90 145421
20150624 23.00 22.93 23.79 21.90 136079
20150625 23.00 20.89 23.27 20.65 140514
20150626 19.13 18.80 19.90 18.80 104057
20150629 19.15 16.92 19.48 16.92 179803
20150630 16.20 18.30 18.61 15.23 210451
20150701 18.00 16.47 19.15 16.47 209662
20150702 16.00 14.82 17.31 14.82 189633
20150703 13.80 13.34 15.08 13.34 172201
20150706 14.67 12.01 14.67 12.01 317123
20150707 11.00 10.81 11.51 10.81 175896
20150713 11.89 11.89 11.89 11.89 4824
20150714 13.08 13.08 13.08 13.08 2700
20150715 14.39 13.23 14.39 12.90 468364
20150716 12.41 13.32 14.05 12.00 240662
20150717 13.35 14.28 14.57 13.21 369504
20150720 14.37 15.71 15.71 14.08 359820
20150721 15.25 16.30 16.46 14.92 331159
20150722 16.09 15.86 16.36 15.31 246877
20150723 15.73 16.21 16.49 15.56 213933
20150724 16.18 15.53 16.49 15.21 246802
20150727 15.00 13.98 15.72 13.98 208807
20150728 12.65 12.66 13.96 12.58 326064
20150729 12.95 13.39 13.50 12.08 217968
20150730 13.28 12.81 13.46 12.65 231301
