20140102 8.16 7.87 8.16 7.76 125297
20140103 7.85 7.65 7.85 7.58 60874
20140106 7.63 7.27 7.63 7.21 70165
20140107 7.23 7.29 7.34 7.20 41902
20140108 7.31 7.64 7.72 7.28 98713
20140109 7.60 7.37 7.66 7.35 50464
20140110 7.37 7.35 7.50 7.30 28196
20140113 7.38 7.09 7.40 7.00 41800
20140114 7.10 7.15 7.20 7.01 46638
20140115 7.00 7.10 7.11 6.84 94134
20140116 7.06 7.08 7.12 6.96 51246
20140117 7.02 6.94 7.06 6.92 34371
20140120 6.91 6.72 6.94 6.67 44536
20140121 6.71 6.74 6.84 6.71 31180
20140122 6.82 7.02 7.03 6.80 64714
20140123 7.03 7.09 7.27 7.03 64760
20140124 7.06 7.26 7.30 7.02 78660
20140127 7.25 7.22 7.34 7.18 71021
20140128 7.22 7.12 7.30 7.06 46133
20140129 7.25 7.18 7.26 7.12 37352
20140130 7.13 7.19 7.23 7.10 23297
20140207 7.13 7.91 7.91 7.10 153806
20140304 8.70 8.70 8.70 8.35 148441
20140305 9.36 8.45 9.36 8.37 532421
20140306 8.41 8.67 8.85 8.17 231906
20140307 8.60 8.56 8.94 8.51 160829
20140310 8.50 8.34 8.77 8.00 180829
20140311 8.27 8.47 8.53 8.15 111703
20140312 8.49 8.46 8.65 8.27 77814
20140313 8.42 8.74 8.85 8.42 138497
20140314 8.74 9.00 9.05 8.56 187687
20140317 8.98 8.92 9.24 8.85 156223
20140318 8.98 8.83 8.98 8.65 135693
20140319 8.75 8.50 8.77 8.47 112199
20140320 8.49 8.52 8.63 8.43 61867
20140321 8.51 8.59 8.60 8.26 80368
20140324 8.53 8.48 8.58 8.35 60689
20140325 8.52 8.68 8.88 8.52 96635
20140326 8.69 8.89 8.95 8.57 124555
20140327 8.90 8.56 8.94 8.50 74411
20140328 8.55 8.35 8.64 8.22 77005
20140331 8.38 8.35 8.48 8.19 31906
20140401 8.31 8.37 8.43 8.24 27882
20140402 8.36 8.21 8.42 8.17 51524
20140403 8.20 8.19 8.27 8.10 46969
20140404 8.18 8.22 8.24 8.11 23524
20140408 8.20 8.48 8.55 8.18 67514
20140409 8.45 8.47 8.54 8.38 40628
20140410 8.42 8.39 8.47 8.27 48157
20140411 8.40 8.37 8.53 8.30 44840
20140414 8.37 8.57 8.59 8.34 62010
20140415 8.56 8.48 8.56 8.46 42292
20140416 8.48 8.33 8.49 8.27 53001
20140417 8.33 8.40 8.43 8.29 31912
20140418 8.40 8.44 8.49 8.32 35348
20140421 8.42 8.48 8.65 8.34 70874
20140422 8.47 8.19 8.51 8.15 86101
20140423 8.19 8.38 8.38 8.19 33873
20140424 8.40 8.19 8.48 8.15 48991
20140425 8.12 7.48 8.17 7.45 116923
20140428 7.50 7.12 7.60 6.90 56643
20140429 7.14 7.26 7.27 7.10 29534
20140430 7.25 7.48 7.57 7.22 40886
20140505 7.60 7.76 7.99 7.40 86503
20140506 7.78 7.72 7.93 7.65 55211
20140507 7.68 7.36 7.68 7.31 48624
20140508 7.32 7.30 7.47 7.20 41937
20140509 7.20 7.12 7.24 6.98 64738
20140512 7.13 7.31 7.36 7.07 50465
20140513 7.30 7.22 7.31 7.16 32467
20140514 7.22 7.21 7.26 7.18 20095
20140515 7.23 7.10 7.32 7.09 30487
20140516 7.09 7.08 7.25 6.95 26653
20140519 7.16 7.11 7.16 7.04 17517
20140520 7.15 7.10 7.16 7.04 23048
20140521 7.10 7.14 7.18 7.01 21269
20140522 7.14 7.05 7.17 7.04 29055
20140523 7.05 7.02 7.09 6.99 32649
20140526 7.06 7.10 7.12 7.04 28260
20140527 7.10 7.11 7.16 7.07 19950
20140528 7.08 7.17 7.20 7.08 41410
20140529 7.19 7.11 7.19 7.07 24825
20140530 7.07 7.06 7.12 7.03 23577
20140603 7.12 6.98 7.12 6.96 39992
20140604 6.97 7.03 7.04 6.91 28491
20140605 7.00 6.97 7.03 6.90 28419
20140606 6.97 6.83 6.97 6.79 38375
20140609 6.82 6.89 6.92 6.75 29332
20140610 6.88 6.85 6.90 6.73 30753
20140611 6.88 6.98 7.00 6.84 32175
20140612 7.10 7.25 7.32 7.03 83248
20140613 7.21 7.17 7.24 7.10 49541
20140616 7.27 7.36 7.43 7.27 63623
20140617 7.32 7.25 7.37 7.13 48900
20140618 7.20 7.14 7.26 7.12 30069
20140619 7.17 6.90 7.17 6.88 29113
20140620 6.96 6.92 6.97 6.81 22306
20140623 6.98 7.13 7.15 6.92 32226
20140624 7.13 7.17 7.26 7.06 31431
20140625 7.18 7.16 7.20 7.12 20736
20140626 7.16 7.17 7.21 7.12 22231
20140627 7.17 7.19 7.20 7.10 27668
20140630 7.21 7.23 7.32 7.13 36899
20140701 7.23 7.12 7.27 7.10 38210
20140702 7.15 7.15 7.15 7.08 34335
20140703 7.12 7.16 7.17 7.10 31374
20140704 7.16 7.25 7.29 7.13 57136
20140707 7.23 7.13 7.24 7.10 56128
20140708 7.17 7.40 7.49 7.09 143946
20140709 7.38 7.21 7.41 7.19 62525
20140710 7.25 7.39 7.48 7.16 68361
20140711 7.39 7.40 7.58 7.35 79409
20140714 7.40 7.40 7.44 7.31 43166
20140715 7.42 7.39 7.42 7.31 44514
20140716 7.37 7.30 7.39 7.30 31070
20140717 7.35 7.36 7.40 7.29 48129
20140718 7.35 7.39 7.41 7.31 38526
20140721 7.39 7.35 7.45 7.30 52420
20140722 7.30 7.32 7.36 7.19 58056
20140723 7.27 7.13 7.28 7.11 78975
20140724 7.09 7.20 7.26 7.07 68182
20140725 7.24 7.22 7.25 7.15 38269
20140728 7.25 7.42 7.43 7.21 113806
20140729 7.50 7.44 7.57 7.39 88898
20140730 7.50 7.58 7.68 7.45 93028
20140731 7.61 8.04 8.09 7.56 147661
20140801 7.92 8.09 8.35 7.92 175275
20140804 8.09 8.18 8.32 8.09 89977
20140805 8.20 8.16 8.25 8.12 54411
20140806 8.20 8.13 8.21 8.08 53610
20140807 8.16 7.88 8.17 7.79 97941
20140808 7.87 7.90 7.92 7.82 54541
20140811 7.94 7.96 7.98 7.80 63032
20140812 7.95 8.23 8.49 7.94 147176
20140813 8.18 8.16 8.30 8.04 69561
20140814 8.11 8.10 8.18 8.05 42985
20140815 8.10 8.26 8.26 8.06 54290
20140818 8.26 8.26 8.27 8.20 50087
20140819 8.26 8.29 8.37 8.23 71210
20140820 8.28 8.41 8.53 8.22 100732
20140821 8.43 8.58 8.66 8.35 107009
20140822 8.58 8.87 9.00 8.56 137902
20140825 8.88 8.71 8.90 8.60 75995
20140826 8.71 8.57 8.77 8.47 66369
20140827 8.56 8.67 8.70 8.46 78382
20140828 8.66 8.60 8.85 8.56 42481
20140829 8.60 8.50 8.60 8.40 36485
20140901 8.50 8.61 8.75 8.45 68578
20140902 8.57 8.82 8.88 8.55 78306
20140903 8.82 8.83 9.02 8.72 86582
20140904 8.81 9.01 9.02 8.73 101993
20140905 9.00 9.13 9.18 8.93 106265
20140909 9.29 9.15 9.37 9.11 114918
20140910 9.09 9.30 9.37 8.97 119651
20140911 9.29 9.24 9.49 9.10 72526
20140912 9.24 9.26 9.26 9.12 49648
20140915 9.20 9.35 9.37 9.11 67829
20140916 9.30 8.97 9.36 8.95 73243
20140917 8.99 9.11 9.12 8.94 51002
20140918 9.10 9.16 9.23 9.06 46891
20140919 9.15 9.17 9.22 9.10 29769
20140922 9.16 9.31 9.47 9.07 80501
20140923 9.31 9.36 9.39 9.24 46192
20140924 9.31 9.65 9.65 9.28 80756
20140925 9.70 9.58 9.73 9.52 50857
20140926 9.53 9.48 9.61 9.27 69532
20140929 9.75 9.63 9.75 9.49 72302
20140930 9.64 9.61 9.70 9.56 45118
20141008 9.63 9.60 9.68 9.49 57719
20141009 9.56 9.79 9.84 9.51 94105
20141010 9.78 9.72 9.82 9.59 101888
20141013 9.70 9.29 9.70 9.05 144765
20141014 9.26 9.26 9.39 9.17 58155
20141015 9.25 9.24 9.29 9.10 39975
20141016 9.17 9.15 9.24 9.12 47297
20141017 9.14 8.91 9.20 8.72 104443
20141020 8.88 8.97 9.06 8.88 46149
20141021 8.97 8.86 9.03 8.83 33018
20141022 8.83 8.88 8.99 8.82 33682
20141023 8.98 8.98 9.33 8.91 83278
20141024 9.03 8.94 9.15 8.88 41433
20141027 8.93 9.03 9.03 8.77 30566
20141028 9.00 9.10 9.11 8.98 54491
20141029 9.11 9.14 9.18 9.05 54594
20141030 9.14 8.91 9.18 8.88 90086
20141031 8.88 8.96 8.99 8.75 63723
20141103 8.95 8.91 8.95 8.80 65952
20141104 8.90 8.73 8.91 8.72 66777
20141105 8.73 8.62 8.79 8.55 79101
20141106 8.61 8.77 8.77 8.60 40699
20141107 8.74 8.61 8.81 8.55 59157
20141110 8.65 8.83 8.84 8.58 62798
20141111 8.83 8.53 8.85 8.45 67977
20141112 8.52 8.65 8.71 8.40 31817
20141113 8.66 8.64 8.72 8.52 45128
20141114 8.66 8.80 8.81 8.59 53614
20141117 8.90 8.80 8.94 8.73 54283
20141118 8.80 8.69 8.85 8.63 47112
20141119 8.68 8.58 8.72 8.56 41114
20141120 8.56 8.40 8.56 8.33 75493
20141121 8.38 8.43 8.46 8.25 88371
20141124 8.51 8.60 8.62 8.46 111728
20141125 8.59 8.94 8.95 8.50 136659
20141126 8.87 9.00 9.09 8.84 96808
20141127 9.01 8.95 9.05 8.86 80833
20141128 8.95 9.04 9.14 8.90 103038
20141201 9.06 9.21 9.33 9.06 138012
20141202 9.26 9.21 9.39 9.14 84389
20141203 9.17 9.22 9.30 9.11 140359
20141204 9.25 9.18 9.26 9.10 116601
20141205 9.15 8.78 9.17 8.69 143537
20141208 8.68 8.67 8.85 8.56 128747
20141209 8.66 8.56 8.93 8.50 141457
20141210 8.57 8.81 8.83 8.44 62363
20141211 8.75 8.78 8.82 8.68 49259
20141212 8.78 8.96 8.98 8.71 81383
20141215 8.90 9.04 9.15 8.90 76369
20141216 9.04 8.97 9.08 8.88 52850
20141217 8.95 8.75 8.97 8.70 59981
20141218 8.74 8.71 8.79 8.67 39276
20141219 8.76 8.55 8.76 8.50 62459
20141222 8.40 8.28 8.51 8.17 103907
20141223 8.33 8.38 8.48 8.22 55204
20141224 8.42 8.42 8.47 8.30 33551
20141225 8.43 8.59 8.62 8.38 65031
20141226 8.51 8.73 8.76 8.51 58314
20141229 8.75 8.76 8.91 8.63 87019
20141230 8.80 8.68 8.81 8.63 63177
20141231 8.68 8.83 8.85 8.62 46406
20150105 8.80 8.87 8.95 8.68 69854
20150106 8.87 8.98 9.10 8.81 113468
20150107 9.00 8.86 9.12 8.75 68485
20150108 8.86 8.60 8.89 8.56 80851
20150109 8.53 8.57 8.71 8.50 46000
20150112 8.60 8.39 8.60 8.36 37951
20150113 8.39 8.49 8.52 8.35 19887
20150114 8.50 8.39 8.53 8.35 26309
20150115 8.41 8.42 8.47 8.36 27161
20150116 8.40 8.44 8.49 8.38 37653
20150119 8.36 8.21 8.44 8.10 55651
20150120 8.22 8.36 8.41 8.22 50425
20150121 8.36 8.54 8.55 8.36 53045
20150122 8.51 8.62 8.63 8.48 48674
20150123 8.56 8.53 8.66 8.50 56821
20150126 8.54 8.81 8.85 8.52 68402
20150127 8.78 8.70 8.81 8.65 57107
20150128 8.69 8.62 8.69 8.60 45045
20150129 8.61 8.86 9.10 8.56 118259
20150130 8.86 8.93 8.98 8.74 71338
20150202 8.88 9.25 9.37 8.78 194342
20150203 9.27 9.27 9.30 9.12 74878
20150204 9.27 9.25 9.40 9.12 71098
20150205 9.26 9.29 9.40 9.16 93295
20150206 9.24 8.85 9.32 8.81 74684
20150209 8.79 8.84 8.94 8.71 35382
20150210 8.90 8.75 8.95 8.70 34678
20150211 8.78 8.95 9.01 8.76 31940
20150212 8.95 9.40 9.45 8.95 106571
20150213 9.37 9.41 9.66 9.33 95835
20150216 9.44 9.59 9.66 9.39 81867
20150217 9.55 9.51 9.63 9.38 50545
20150225 9.48 9.41 9.51 9.21 40639
20150226 9.38 9.73 9.76 9.34 79533
20150227 9.73 9.56 9.74 9.48 69823
20150302 9.60 9.68 9.90 9.46 103473
20150303 9.65 9.49 9.65 9.43 67814
20150304 9.49 9.40 9.50 9.25 125509
20150305 9.36 9.40 9.49 9.30 80007
20150306 9.35 9.69 9.70 9.32 113923
20150309 9.67 9.66 9.86 9.60 84202
20150310 9.59 9.64 9.72 9.56 66385
20150311 9.63 9.50 9.65 9.39 94455
20150312 9.46 9.45 9.59 9.38 64077
20150313 9.43 9.59 9.60 9.41 66521
20150316 9.66 10.02 10.12 9.65 147932
20150317 10.03 10.03 10.10 9.91 110714
20150318 9.97 10.27 10.43 9.97 105028
20150319 10.28 10.34 10.58 10.14 97665
20150320 10.36 10.32 10.46 10.18 79105
20150323 10.30 10.49 10.57 10.18 131367
20150324 10.47 10.19 10.47 10.00 130671
20150325 10.20 10.22 10.35 10.08 84848
20150326 10.20 10.54 10.65 10.09 159485
20150327 10.59 10.54 10.67 10.42 101094
20150330 10.45 10.79 10.94 10.45 135544
20150331 10.80 10.82 11.29 10.70 172128
20150401 10.83 11.01 11.18 10.76 105423
20150402 11.00 11.01 11.16 10.80 99135
20150403 11.13 11.15 11.28 11.01 107267
20150407 11.18 11.45 11.50 11.07 136770
20150408 11.42 11.25 11.44 11.06 125939
20150409 11.25 11.04 11.36 10.81 123219
20150410 11.01 11.36 11.38 11.01 138670
20150413 11.54 11.39 11.63 11.28 157346
20150414 11.35 11.41 11.50 11.08 158214
20150415 11.41 10.97 11.41 10.85 107614
20150416 10.82 11.02 11.15 10.55 102181
20150417 11.03 11.02 11.13 10.92 104729
20150420 10.98 10.74 11.35 10.60 190831
20150421 10.70 11.02 11.04 10.70 103714
20150422 11.10 11.18 11.21 11.02 161710
20150423 11.20 11.05 11.30 10.95 208162
20150424 10.94 10.97 10.99 10.78 138509
20150427 10.98 11.61 11.68 10.98 278321
20150428 11.58 11.08 11.60 10.90 257682
20150429 10.96 10.97 11.20 10.92 221841
20150430 10.97 11.02 11.28 10.97 157632
20150504 11.00 11.09 11.15 10.90 107707
20150505 11.10 10.40 11.10 10.31 179119
20150506 10.50 10.13 10.55 9.99 118759
20150507 10.06 9.97 10.15 9.79 100282
20150508 10.05 10.23 10.26 9.92 102415
20150511 10.24 10.49 10.50 10.11 150745
20150512 10.50 10.39 10.50 10.30 166541
20150513 10.38 10.47 10.64 10.21 135482
20150514 10.48 10.25 10.48 10.15 165050
20150515 10.22 10.08 10.22 9.99 109066
20150518 10.02 10.18 10.21 9.97 91939
20150519 10.18 10.37 10.41 10.14 108526
20150520 10.41 10.31 10.63 10.21 208738
20150521 10.36 10.54 10.55 10.28 195692
20150522 10.72 11.25 11.35 10.51 415101
20150525 11.20 11.80 11.88 11.10 413257
20150526 11.80 11.88 11.90 11.60 298148
20150527 11.94 12.44 12.84 11.70 354508
20150528 12.42 11.58 12.80 11.40 310098
20150529 11.31 12.74 12.74 11.23 352307
20150601 13.48 14.01 14.01 13.15 228901
20150602 14.70 14.54 14.93 13.65 512106
20150603 14.24 14.20 14.50 13.75 297114
20150604 14.15 15.41 15.58 13.21 387226
20150605 15.50 15.07 15.59 14.78 361768
20150608 14.96 14.43 14.97 14.27 260549
20150609 14.45 14.47 14.68 14.21 203210
20150610 14.25 14.53 14.77 14.11 205087
20150611 14.57 14.40 14.69 14.20 163244
20150612 14.59 14.77 15.23 14.39 228973
20150615 14.73 14.70 15.42 14.44 284739
20150616 14.75 14.50 15.20 14.43 271835
20150617 14.46 14.30 14.50 13.66 239707
20150618 14.14 13.78 14.58 13.72 198895
20150619 13.40 12.62 13.70 12.48 184607
20150623 12.61 12.76 12.95 11.86 164793
20150624 12.77 13.08 13.13 12.54 190021
20150625 13.00 12.24 13.00 12.18 157108
20150626 12.00 11.02 12.00 11.02 202100
20150629 11.30 10.63 11.65 10.00 261283
20150630 10.75 11.29 11.33 10.00 248778
20150701 11.00 10.51 11.48 10.25 236420
20150702 10.82 9.46 10.94 9.46 214337
20150703 9.35 8.89 9.95 8.51 246576
20150706 9.78 9.31 9.78 8.18 274182
20150707 8.90 8.39 9.16 8.38 210176
20150708 7.55 7.97 8.42 7.55 458706
20150709 7.97 8.77 8.77 7.97 170094
20150710 9.10 9.65 9.65 9.08 111096
20150713 9.90 10.62 10.62 9.66 345002
20150714 10.20 10.02 10.96 10.00 329957
20150715 9.83 9.02 9.99 9.02 238810
20150716 9.02 9.24 9.58 8.55 170326
20150717 9.30 9.75 9.95 9.28 162924
20150720 9.68 9.72 10.00 9.47 160932
20150721 9.65 9.90 10.07 9.45 158260
20150722 10.03 10.30 10.48 9.90 222408
20150723 10.20 10.44 10.55 10.00 233014
20150724 10.41 10.15 10.41 10.02 186151
20150727 9.80 9.14 10.10 9.14 141517
20150728 8.87 9.35 9.47 8.56 234459
20150729 9.42 9.66 9.73 9.16 116381
20150730 9.53 9.28 9.83 9.24 100531
