20140102 4.08 4.09 4.11 4.06 20405
20140103 4.09 4.16 4.29 4.09 67868
20140106 4.13 4.06 4.13 4.05 36085
20140107 4.08 4.08 4.12 4.06 21578
20140108 4.12 4.03 4.12 4.02 31139
20140109 4.03 3.96 4.07 3.95 33693
20140110 3.98 3.91 3.99 3.91 31599
20140113 4.08 4.00 4.15 3.98 69714
20140114 4.02 4.05 4.08 4.01 33913
20140115 4.05 4.02 4.06 4.00 28598
20140116 4.03 4.07 4.15 4.01 39664
20140117 4.08 4.00 4.08 3.98 34288
20140120 4.00 3.94 4.00 3.90 36914
20140121 3.96 3.96 4.02 3.94 21090
20140122 3.97 4.09 4.09 3.97 50438
20140123 4.09 4.05 4.10 4.04 38542
20140124 4.06 4.09 4.14 4.05 62642
20140127 4.07 4.05 4.11 4.05 36912
20140128 4.06 4.09 4.13 4.06 41696
20140129 4.12 4.09 4.13 4.08 40587
20140130 4.09 4.08 4.11 4.06 23756
20140207 4.05 4.10 4.10 4.02 21069
20140210 4.10 4.18 4.19 4.09 55287
20140211 4.20 4.21 4.22 4.15 72249
20140212 4.21 4.22 4.23 4.18 40523
20140213 4.21 4.19 4.29 4.18 71615
20140214 4.19 4.24 4.24 4.16 47209
20140217 4.26 4.27 4.30 4.22 52049
20140218 4.25 4.19 4.27 4.18 47218
20140219 4.18 4.26 4.26 4.18 48019
20140220 4.26 4.28 4.39 4.25 104444
20140221 4.26 4.32 4.37 4.18 112807
20140224 4.27 4.20 4.30 4.11 93422
20140225 4.26 4.18 4.35 4.15 100053
20140226 4.17 4.20 4.20 4.09 50971
20140227 4.19 4.07 4.20 4.06 57416
20140228 4.06 4.10 4.12 4.05 43233
20140303 4.11 4.15 4.16 4.06 51071
20140304 4.13 4.13 4.17 4.07 53969
20140305 4.14 4.09 4.15 4.09 37867
20140306 4.09 4.09 4.11 4.04 43130
20140307 4.07 4.05 4.14 4.04 65434
20140310 4.00 3.91 4.03 3.89 94607
20140311 3.93 4.04 4.18 3.90 84146
20140312 4.04 4.06 4.08 3.80 72940
20140313 4.02 4.08 4.10 3.99 47698
20140314 4.06 4.04 4.06 4.01 31820
20140317 4.05 4.07 4.11 4.02 41272
20140318 4.07 4.04 4.08 4.03 39352
20140319 4.04 4.01 4.04 3.98 43363
20140320 4.02 3.96 4.06 3.95 38774
20140321 3.96 4.07 4.09 3.93 59548
20140324 4.10 4.48 4.48 4.07 412445
20140325 4.50 4.58 4.72 4.42 443553
20140326 4.60 4.53 4.61 4.46 167090
20140327 4.52 4.57 4.69 4.47 174430
20140328 4.57 4.58 4.69 4.47 166367
20140331 4.58 4.66 4.66 4.50 134084
20140401 4.66 4.64 4.79 4.60 146734
20140402 4.60 4.57 4.71 4.54 104015
20140403 4.56 4.60 4.64 4.50 109508
20140404 4.56 4.58 4.60 4.51 68699
20140408 4.56 4.65 4.65 4.51 78220
20140409 4.66 4.60 4.68 4.57 73622
20140410 4.60 4.64 4.64 4.55 55127
20140411 4.64 4.87 4.96 4.61 200866
20140414 4.84 5.00 5.08 4.75 177535
20140415 4.95 4.91 5.03 4.85 111164
20140416 4.89 4.90 4.97 4.86 65041
20140417 4.91 4.87 4.94 4.85 54575
20140418 4.82 4.92 5.00 4.82 71284
20140421 4.88 4.72 5.01 4.70 77672
20140422 4.72 4.60 4.79 4.50 105357
20140423 4.60 4.75 4.80 4.55 70036
20140424 4.73 4.88 5.00 4.73 112827
20140425 4.89 4.69 4.90 4.66 74316
20140428 4.69 4.67 4.80 4.59 63398
20140429 4.65 4.72 4.80 4.60 57351
20140430 4.70 4.71 4.83 4.67 53353
20140505 4.67 4.67 4.72 4.63 40773
20140506 4.70 4.57 4.70 4.56 65267
20140507 4.55 4.53 4.62 4.53 33341
20140508 4.53 4.54 4.57 4.40 58763
20140509 4.54 4.75 4.82 4.50 121207
20140512 4.78 4.96 4.99 4.76 218715
20140513 4.98 4.84 5.07 4.82 136102
20140514 4.82 4.84 4.94 4.79 64557
20140515 4.87 4.65 4.92 4.62 72502
20140516 4.65 4.69 4.72 4.64 39540
20140519 4.69 4.70 4.75 4.56 51829
20140520 4.74 4.69 4.77 4.68 40433
20140521 4.65 4.72 4.74 4.55 33973
20140522 4.70 4.65 4.75 4.63 42232
20140523 4.66 4.63 4.67 4.59 30260
20140526 4.64 4.64 4.68 4.61 29412
20140527 4.63 4.63 4.66 4.59 27582
20140528 4.63 4.83 4.84 4.61 92410
20140529 4.81 4.77 4.84 4.74 47043
20140530 4.77 4.82 4.84 4.74 52043
20140603 4.82 4.79 4.91 4.78 61843
20140604 4.76 4.73 4.78 4.63 43898
20140605 4.72 4.76 4.77 4.67 31138
20140606 4.75 4.77 4.78 4.67 29116
20140609 4.87 4.87 5.04 4.85 128675
20140610 4.90 4.94 4.99 4.89 81365
20140611 4.96 5.06 5.07 4.89 179270
20140612 5.03 5.16 5.25 4.96 255269
20140613 5.10 5.11 5.22 5.09 150153
20140616 5.11 5.17 5.34 5.11 110168
20140617 5.17 5.05 5.17 4.97 118996
20140618 5.03 5.44 5.56 4.98 302120
20140619 5.38 5.14 5.42 5.11 198647
20140620 5.24 5.39 5.59 5.19 203800
20140623 5.42 5.74 5.92 5.36 400926
20140624 5.75 5.89 6.00 5.65 375516
20140625 5.88 5.77 5.94 5.73 228616
20140626 5.76 5.79 5.87 5.65 191970
20140627 5.75 5.62 5.83 5.60 228757
20140630 5.45 5.41 5.46 5.27 334173
20140701 5.40 5.60 5.86 5.40 293595
20140702 5.51 5.51 5.56 5.41 163531
20140703 5.70 5.62 5.85 5.56 191895
20140704 5.63 5.53 5.68 5.52 112000
20140707 5.50 5.52 5.55 5.43 94222
20140708 5.53 5.61 5.64 5.42 98981
20140709 5.56 5.62 5.75 5.55 161198
20140710 5.56 5.63 5.95 5.56 440526
20140711 5.60 5.45 5.74 5.36 292360
20140714 5.45 5.46 5.51 5.35 148537
20140715 5.45 5.35 5.45 5.30 166042
20140716 5.34 5.31 5.43 5.28 135123
20140717 5.30 5.28 5.35 5.24 108723
20140718 5.30 5.28 5.35 5.24 89913
20140721 5.27 5.28 5.35 5.24 87452
20140722 5.35 5.43 5.48 5.35 215870
20140723 5.43 5.46 5.56 5.37 190873
20140724 5.40 5.42 5.48 5.30 137022
20140725 5.46 5.65 5.77 5.43 333087
20140728 5.65 5.80 5.92 5.60 419340
20140729 5.81 6.38 6.38 5.73 768790
20140730 6.15 6.14 6.35 6.10 597067
20140731 6.14 6.18 6.30 6.06 365359
20140801 6.15 5.97 6.15 5.93 316040
20140804 6.01 6.11 6.15 5.97 239028
20140805 6.20 6.14 6.27 6.04 247223
20140806 6.05 6.19 6.24 6.00 235142
20140807 6.11 6.05 6.17 6.04 160029
20140808 6.02 5.94 6.07 5.89 172761
20140811 5.94 6.03 6.06 5.93 155702
20140812 6.00 6.03 6.06 5.95 119158
20140813 6.04 5.98 6.05 5.91 127030
20140814 5.95 5.87 5.99 5.87 123105
20140815 5.75 5.89 5.91 5.75 109798
20140818 5.89 6.14 6.22 5.88 225708
20140819 6.17 6.13 6.18 6.06 138275
20140820 6.13 6.12 6.18 6.06 116420
20140821 6.15 6.15 6.27 6.09 162455
20140822 6.13 6.10 6.13 6.06 92023
20140825 6.08 5.93 6.10 5.92 124817
20140826 5.92 5.79 5.99 5.78 112663
20140827 5.79 5.81 5.87 5.73 70564
20140828 5.81 5.82 5.82 5.73 69675
20140829 5.84 5.87 5.91 5.76 68930
20140901 5.80 5.75 5.90 5.30 352442
20140902 5.61 5.74 5.75 5.59 204361
20140903 5.74 5.78 5.84 5.71 150962
20140904 5.79 5.77 5.81 5.63 158852
20140905 5.77 5.96 5.99 5.77 269241
20140909 5.97 5.92 6.04 5.91 193492
20140910 5.87 5.90 5.93 5.77 139098
20140911 5.90 5.87 5.98 5.81 154835
20140912 5.87 5.83 5.87 5.74 167422
20140915 5.83 5.86 5.90 5.76 148061
20140916 5.85 5.63 5.89 5.61 168971
20140917 5.64 5.63 5.69 5.55 126433
20140918 5.63 5.60 5.63 5.48 112984
20140919 5.61 5.59 5.63 5.50 180147
20140922 5.57 5.45 5.57 5.40 136334
20140923 5.44 5.52 5.54 5.41 101373
20140924 5.52 5.62 5.63 5.46 131537
20140925 5.64 5.56 5.65 5.52 142030
20140926 5.53 5.57 5.61 5.48 93581
20140929 5.56 5.61 5.62 5.56 131961
20140930 5.62 5.73 5.76 5.62 197372
20141008 5.71 5.70 5.72 5.62 262321
20141009 5.69 5.83 5.83 5.65 262392
20141010 5.83 5.89 5.92 5.76 276789
20141013 5.88 5.94 5.98 5.83 241778
20141014 5.94 5.82 5.96 5.80 171433
20141015 5.82 5.85 5.92 5.80 122526
20141016 5.78 5.70 5.80 5.70 151847
20141017 5.70 5.54 5.73 5.49 145745
20141020 5.52 5.62 5.68 5.52 97520
20141021 5.61 5.57 5.65 5.55 72498
20141022 5.59 5.52 5.63 5.50 64739
20141023 5.51 5.40 5.55 5.38 102720
20141024 5.54 5.43 5.54 5.41 62689
20141027 5.40 5.44 5.45 5.30 53111
20141028 5.43 5.58 5.58 5.43 80210
20141029 5.58 5.62 5.64 5.51 137872
20141030 5.62 5.68 5.74 5.57 164995
20141031 5.69 5.70 5.75 5.62 171412
20141103 5.70 5.67 5.72 5.60 171777
20141104 5.68 5.81 5.84 5.63 283532
20141105 5.78 5.70 5.80 5.65 162163
20141106 5.65 5.66 5.75 5.61 116358
20141107 5.66 5.55 5.69 5.52 159107
20141110 5.55 5.66 5.68 5.53 160063
20141111 5.65 5.49 5.72 5.42 198489
20141112 5.45 5.55 5.56 5.42 97403
20141113 5.55 5.92 6.09 5.48 509747
20141114 5.85 5.82 5.95 5.76 293139
20141117 5.87 5.88 5.94 5.80 229506
20141118 5.88 5.93 6.01 5.85 269762
20141119 5.93 5.97 6.00 5.79 275679
20141120 5.95 5.92 6.02 5.86 144014
20141121 5.91 5.94 5.97 5.83 177615
20141124 6.03 6.03 6.09 5.95 369416
20141125 6.00 6.14 6.17 6.00 354449
20141126 6.16 6.54 6.75 6.06 785888
20141127 6.42 6.59 6.71 6.40 447524
20141128 6.61 6.46 6.63 6.34 359622
20141201 6.50 6.40 6.57 6.35 346932
20141202 6.40 6.41 6.48 6.25 362610
20141203 6.38 6.77 6.95 6.33 729634
20141204 6.85 6.84 6.94 6.68 527201
20141205 6.84 6.47 6.84 6.29 502417
20141208 6.43 6.55 6.75 6.31 382900
20141209 6.55 6.19 6.73 6.06 645495
20141210 6.18 6.40 6.43 6.10 346309
20141211 6.37 6.56 6.57 6.27 299073
20141212 6.60 6.59 6.71 6.49 285285
20141215 6.42 6.60 6.61 6.41 244613
20141216 6.61 6.69 6.81 6.58 368924
20141217 6.78 6.53 6.78 6.45 234984
20141218 6.47 6.59 6.76 6.46 272311
20141219 6.54 6.73 6.80 6.53 475036
20141222 6.85 6.75 6.95 6.58 533053
20141223 6.60 6.28 6.65 6.21 334990
20141224 6.28 6.28 6.36 6.23 174761
20141225 6.26 6.34 6.35 6.23 228327
20141226 6.34 6.41 6.42 6.30 237590
20141229 6.37 6.28 6.45 6.25 251481
20141230 6.28 6.10 6.35 6.06 201505
20141231 6.12 6.16 6.17 6.05 160011
20150105 6.16 6.54 6.60 6.14 561714
20150106 6.47 6.42 6.58 6.29 333085
20150107 6.39 6.46 6.66 6.34 333404
20150108 6.45 6.40 6.48 6.34 222593
20150109 6.40 6.40 6.48 6.36 224129
20150112 6.35 6.19 6.35 6.09 219719
20150113 6.11 6.24 6.25 6.11 128287
20150114 6.23 6.17 6.27 6.13 149337
20150115 6.18 6.40 6.53 6.11 248008
20150116 6.47 6.41 6.62 6.33 211518
20150119 6.28 6.03 6.36 6.00 277194
20150120 6.04 6.19 6.23 6.04 125473
20150121 6.19 6.34 6.40 6.17 195278
20150122 6.36 6.46 6.55 6.29 337313
20150123 6.50 6.39 6.56 6.36 207930
20150126 6.40 6.46 6.50 6.32 214403
20150127 6.50 6.46 6.65 6.37 369880
20150128 6.40 6.38 6.45 6.34 199974
20150129 6.33 6.44 6.49 6.29 173280
20150130 6.44 6.40 6.54 6.34 142460
20150202 6.31 6.28 6.39 6.21 167680
20150203 6.24 6.34 6.35 6.24 114603
20150204 6.36 6.34 6.46 6.32 184259
20150205 6.38 6.27 6.43 6.24 178097
20150206 6.21 6.18 6.28 6.10 178914
20150209 6.18 6.28 6.30 6.12 103001
20150210 6.25 6.26 6.32 6.22 63361
20150211 6.26 6.27 6.31 6.22 71551
20150212 6.26 6.36 6.39 6.26 125691
20150213 6.44 6.38 6.48 6.37 157194
20150216 6.37 6.42 6.49 6.35 128653
20150217 6.45 6.54 6.56 6.42 250673
20150225 6.55 6.49 6.58 6.45 115884
20150226 6.45 6.54 6.59 6.44 224081
20150227 6.56 6.54 6.65 6.50 277375
20150302 6.60 6.62 6.66 6.54 300957
20150303 6.59 6.56 6.76 6.49 438174
20150304 6.54 6.54 6.57 6.47 285892
20150305 6.54 6.61 6.64 6.51 293199
20150306 6.64 7.27 7.27 6.60 1646322
20150309 7.25 7.17 7.30 6.97 1036080
20150310 7.13 7.20 7.39 7.05 660370
20150311 7.18 7.20 7.31 7.11 398905
20150312 7.27 7.29 7.50 7.11 517981
20150313 7.30 7.37 7.47 7.21 435084
20150316 7.44 7.50 7.56 7.33 455070
20150317 7.60 7.43 7.62 7.33 541446
20150318 7.38 7.88 7.99 7.34 770122
20150319 7.83 7.78 7.98 7.70 614150
20150320 7.78 7.80 7.91 7.70 355263
20150323 7.82 8.01 8.18 7.80 574092
20150324 8.05 7.84 8.08 7.58 563392
20150325 7.83 7.70 7.83 7.62 395376
20150326 7.67 7.71 7.81 7.58 334601
20150327 7.66 7.73 7.84 7.65 315137
20150330 7.76 7.86 7.98 7.71 403147
20150331 7.86 7.77 7.98 7.75 350713
20150401 7.78 7.90 7.97 7.66 405267
20150402 7.90 8.30 8.37 7.88 674511
20150403 8.29 8.39 8.63 8.18 506735
20150407 8.41 9.06 9.23 8.41 695869
20150408 9.15 9.10 9.20 8.80 578860
20150409 9.18 8.93 9.28 8.52 531282
20150410 8.90 9.04 9.14 8.75 403381
20150413 9.20 9.23 9.30 8.91 476564
20150414 9.24 8.99 9.24 8.94 411519
20150415 8.93 8.55 8.96 8.53 366871
20150416 8.48 8.67 8.76 8.15 428991
20150417 8.68 8.73 8.97 8.62 514499
20150420 8.72 8.56 9.00 8.42 638140
20150421 8.55 8.76 8.77 8.44 362937
20150422 8.80 9.09 9.15 8.80 612561
20150423 9.09 9.52 9.72 8.96 836687
20150424 9.36 9.39 9.68 9.18 589560
20150427 9.41 9.29 9.58 9.19 508386
20150428 9.30 8.84 9.35 8.80 481673
20150429 8.84 9.23 9.44 8.79 589390
20150430 9.24 9.08 9.51 9.06 479445
20150504 9.10 9.22 9.38 9.08 365802
20150505 9.19 8.70 9.21 8.62 420071
20150506 8.80 8.36 8.88 8.27 334858
20150507 8.30 8.12 8.35 8.03 292336
20150508 8.15 8.42 8.45 8.06 292809
20150511 8.54 8.67 8.68 8.39 310960
20150512 8.67 8.68 8.74 8.58 283702
20150513 8.61 8.77 8.97 8.52 430982
20150514 8.77 8.89 8.90 8.61 404015
20150515 9.01 8.72 9.06 8.59 409910
20150518 8.60 8.51 8.64 8.45 307486
20150519 8.51 8.78 8.81 8.46 341391
20150520 8.78 8.85 9.15 8.74 476763
20150521 8.81 9.06 9.09 8.75 478042
20150522 9.12 9.74 9.85 9.03 945166
20150525 9.85 10.13 10.45 9.70 928611
20150526 10.13 10.51 10.54 9.90 848773
20150527 10.55 10.78 10.99 10.11 777551
20150528 10.70 10.03 11.33 9.75 879747
20150529 10.03 9.99 10.30 9.36 652884
20150601 10.08 10.88 10.89 9.98 673240
20150602 11.03 11.97 11.97 10.90 836494
20150603 12.39 12.20 12.94 11.90 1040762
20150604 12.12 13.15 13.18 11.21 824101
20150605 13.31 13.87 14.33 13.30 927665
20150608 13.50 13.52 14.20 13.40 768962
20150609 13.50 13.75 14.00 13.12 601675
20150610 13.60 13.88 14.15 13.31 546614
20150611 13.84 14.67 14.70 13.62 643742
20150612 14.68 15.07 15.46 14.50 703883
20150615 15.07 14.27 15.25 14.20 687342
20150616 13.90 14.57 15.20 13.58 727452
20150617 14.55 14.78 14.99 13.90 503200
20150618 14.82 13.93 15.11 13.80 502213
20150619 13.40 12.54 13.88 12.54 464028
20150623 12.03 12.54 12.74 11.29 536232
20150624 12.57 12.97 13.20 12.30 449437
20150625 13.00 12.11 13.13 11.89 364257
20150626 11.65 10.90 11.71 10.90 488193
20150629 10.91 9.83 11.28 9.81 630462
20150630 9.56 10.71 10.81 8.85 610552
20150701 10.69 10.04 11.15 9.82 527921
20150702 10.21 9.04 10.37 9.04 660774
20150703 8.56 8.14 9.30 8.14 526241
20150706 8.94 7.33 8.95 7.33 719725
20150707 6.78 6.60 7.00 6.60 266820
20150708 5.94 5.94 5.94 5.94 57318
20150713 6.53 6.53 6.53 6.53 15040
20150714 7.18 7.18 7.18 7.18 7644
20150715 7.90 7.05 7.90 6.78 1099903
20150716 6.66 7.30 7.51 6.53 591361
20150717 7.36 7.91 8.00 7.28 511627
20150720 7.90 8.37 8.39 7.76 624912
20150721 8.20 8.29 8.61 8.00 499005
20150722 8.19 8.37 8.57 8.06 459309
20150723 8.38 8.65 8.77 8.17 523884
20150724 8.61 8.75 9.32 8.45 703458
20150727 8.56 7.88 8.97 7.88 630565
20150728 7.28 7.24 7.90 7.09 523199
20150729 7.45 7.81 7.96 6.95 474747
20150730 7.80 7.30 7.93 7.21 497988
