20140318 2.28 2.28 2.28 2.28 85178
20140319 2.51 2.51 2.51 2.41 569204
20140320 2.61 2.47 2.71 2.45 1743316
20140321 2.43 2.45 2.49 2.35 792673
20140324 2.40 2.55 2.59 2.37 941889
20140325 2.54 2.47 2.59 2.45 577251
20140326 2.47 2.49 2.54 2.42 385740
20140327 2.46 2.43 2.50 2.42 349250
20140328 2.42 2.46 2.53 2.41 385889
20140331 2.43 2.39 2.48 2.34 356127
20140401 2.39 2.39 2.43 2.37 189837
20140402 2.39 2.39 2.43 2.38 242156
20140403 2.39 2.36 2.40 2.35 195443
20140404 2.36 2.36 2.37 2.32 188178
20140408 2.36 2.39 2.43 2.35 283587
20140409 2.38 2.39 2.40 2.37 172003
20140410 2.39 2.37 2.40 2.35 243286
20140411 2.36 2.36 2.38 2.35 130984
20140414 2.36 2.38 2.38 2.35 173143
20140415 2.37 2.34 2.38 2.31 218132
20140416 2.33 2.32 2.34 2.30 140360
20140417 2.32 2.29 2.32 2.27 182735
20140418 2.28 2.27 2.29 2.26 129921
20140421 2.27 2.25 2.28 2.24 124621
20140422 2.24 2.25 2.26 2.21 145401
20140423 2.24 2.26 2.28 2.24 107255
20140424 2.27 2.24 2.27 2.23 107816
20140425 2.24 2.18 2.26 2.18 124480
20140428 2.18 2.10 2.18 2.08 157504
20140429 2.09 2.13 2.13 2.09 89675
20140430 2.12 2.12 2.13 2.11 80131
20140505 2.12 2.16 2.16 2.11 93147
20140506 2.16 2.16 2.18 2.15 105431
20140507 2.17 2.14 2.17 2.13 94614
20140508 2.13 2.15 2.17 2.12 83899
20140509 2.15 2.12 2.16 2.11 87508
20140512 2.13 2.18 2.19 2.13 215218
20140513 2.17 2.17 2.19 2.16 101054
20140514 2.17 2.18 2.19 2.16 87620
20140515 2.17 2.14 2.18 2.12 103192
20140516 2.13 2.13 2.14 2.11 69380
20140519 2.13 2.15 2.18 2.12 99103
20140520 2.15 2.16 2.18 2.14 105208
20140521 2.16 2.16 2.16 2.12 74860
20140522 2.15 2.14 2.17 2.14 73571
20140523 2.14 2.16 2.16 2.13 55410
20140526 2.17 2.24 2.24 2.16 370597
20140527 2.24 2.34 2.42 2.23 697526
20140528 2.35 2.42 2.46 2.34 624741
20140529 2.50 2.46 2.54 2.43 795623
20140530 2.44 2.39 2.50 2.35 430905
20140603 2.43 2.38 2.45 2.36 295948
20140604 2.37 2.32 2.38 2.29 228457
20140605 2.33 2.36 2.37 2.32 239470
20140606 2.37 2.35 2.38 2.32 191075
20140609 2.35 2.31 2.36 2.30 139881
20140610 2.32 2.34 2.35 2.26 231561
20140611 2.33 2.30 2.34 2.30 146620
20140612 2.29 2.29 2.30 2.26 136547
20140613 2.29 2.30 2.31 2.26 137433
20140616 2.30 2.46 2.53 2.30 522480
20140617 2.43 2.39 2.44 2.34 269913
20140618 2.39 2.49 2.55 2.36 521015
20140619 2.51 2.45 2.55 2.42 349273
20140620 2.44 2.44 2.51 2.39 244509
20140623 2.46 2.48 2.50 2.42 289305
20140624 2.47 2.46 2.48 2.43 188532
20140625 2.44 2.45 2.46 2.40 132863
20140626 2.44 2.44 2.46 2.42 170822
20140627 2.43 2.41 2.43 2.38 264100
20140630 2.41 2.45 2.46 2.38 290031
20140701 2.44 2.44 2.45 2.40 194145
20140702 2.43 2.50 2.52 2.42 309930
20140703 2.49 2.66 2.70 2.47 782745
20140704 2.65 2.56 2.65 2.55 591406
20140707 2.58 2.70 2.82 2.57 962942
20140708 2.74 2.71 2.81 2.70 595055
20140709 2.72 2.62 2.72 2.61 461285
20140710 2.63 2.61 2.64 2.58 246068
20140711 2.61 2.67 2.73 2.61 335902
20140714 2.67 2.78 2.81 2.67 585901
20140715 2.80 2.76 2.80 2.72 324092
20140716 2.75 2.84 2.92 2.74 620461
20140717 2.85 2.85 2.89 2.81 309586
20140718 2.81 2.93 2.97 2.81 589559
20140721 2.95 2.89 3.08 2.87 630918
20140722 2.87 2.92 2.94 2.82 388403
20140723 2.94 3.12 3.20 2.89 950839
20140724 3.13 3.15 3.16 3.02 519095
20140725 3.13 3.14 3.27 3.09 492536
20140728 3.13 3.13 3.19 3.05 651921
20140729 3.13 3.27 3.28 3.08 644790
20140730 3.24 3.26 3.33 3.20 453184
20140731 3.23 3.20 3.27 3.17 456944
20140801 3.20 3.15 3.23 3.13 375847
20140804 3.14 3.19 3.22 3.13 326870
20140805 3.21 3.09 3.21 3.05 720030
20140806 3.07 3.10 3.12 3.04 337315
20140807 3.10 3.13 3.15 3.08 338229
20140808 3.13 3.15 3.18 3.11 276589
20140811 3.15 3.15 3.17 3.12 294134
20140812 3.16 3.25 3.30 3.14 580428
20140813 3.25 3.22 3.27 3.15 281989
20140814 3.21 3.16 3.21 3.15 244028
20140815 3.14 3.16 3.21 3.13 247732
20140818 3.16 3.22 3.23 3.16 277143
20140819 3.24 3.21 3.25 3.18 242967
20140820 3.18 3.18 3.20 3.16 249275
20140821 3.17 3.11 3.17 3.09 372332
20140822 3.11 3.10 3.12 3.06 333451
20140825 3.10 3.03 3.10 3.00 358468
20140826 3.01 2.96 3.02 2.95 243476
20140827 2.95 3.04 3.07 2.94 320376
20140828 3.03 3.00 3.03 2.96 209865
20140829 3.00 3.02 3.03 2.96 145177
20140901 3.01 3.09 3.11 3.01 198002
20140902 3.09 3.11 3.11 3.07 222664
20140903 3.11 3.11 3.12 3.08 221421
20140904 3.12 3.17 3.18 3.08 407852
20140905 3.17 3.15 3.18 3.10 298587
20140909 3.15 3.19 3.20 3.13 336228
20140910 3.20 3.28 3.33 3.14 593942
20140911 3.26 3.25 3.31 3.21 555472
20140912 3.25 3.28 3.28 3.21 307275
20140915 3.28 3.42 3.42 3.26 705331
20140916 3.41 3.30 3.53 3.29 885535
20140917 3.29 3.36 3.37 3.22 482909
20140918 3.37 3.47 3.49 3.33 536519
20140919 3.45 3.44 3.55 3.41 441019
20140922 3.44 3.34 3.44 3.30 369861
20140923 3.35 3.38 3.39 3.31 258816
20140924 3.36 3.42 3.43 3.34 322004
20140925 3.44 3.38 3.47 3.35 379511
20140926 3.37 3.34 3.39 3.32 297058
20140929 3.36 3.39 3.42 3.33 350823
20140930 3.39 3.43 3.45 3.37 325984
20141008 3.43 3.57 3.58 3.41 594571
20141009 3.68 3.93 3.93 3.67 1543887
20141010 4.12 4.32 4.32 4.05 1423183
20141013 4.47 4.24 4.55 4.06 2292392
20141014 4.28 4.66 4.66 4.15 2274561
20141015 4.60 4.56 4.86 4.45 2246755
20141016 4.50 4.27 4.64 4.23 1434068
20141017 4.18 4.28 4.33 4.11 982077
20141020 4.27 4.36 4.38 4.23 707887
20141021 4.33 4.14 4.33 4.12 812925
20141022 4.16 4.11 4.18 4.07 447516
20141023 4.11 4.06 4.14 4.02 433561
20141024 4.08 4.17 4.22 4.01 553588
20141027 4.12 4.15 4.22 4.11 390058
20141028 4.17 4.30 4.35 4.14 725266
20141029 4.28 4.40 4.57 4.26 1007940
20141030 4.42 4.35 4.47 4.33 653411
20141031 4.32 4.26 4.39 4.21 547622
20141103 4.24 4.34 4.37 4.21 439438
20141104 4.29 4.31 4.35 4.24 344312
20141105 4.29 4.27 4.34 4.23 316262
20141106 4.27 4.17 4.29 4.11 474821
20141107 4.15 4.15 4.20 4.10 320373
20141110 4.15 4.22 4.23 4.09 353858
20141111 4.24 4.01 4.26 3.98 570015
20141112 4.01 4.10 4.11 3.97 242348
20141113 4.11 4.03 4.11 3.99 284548
20141114 4.01 4.05 4.07 4.00 193382
20141117 4.05 4.07 4.11 4.02 183435
20141118 4.06 4.29 4.35 4.05 704676
20141119 4.26 4.25 4.35 4.22 346657
20141120 4.26 4.23 4.30 4.21 246699
20141121 4.22 4.19 4.23 4.12 333165
20141124 4.25 4.24 4.29 4.20 416566
20141125 4.24 4.34 4.39 4.22 550650
20141126 4.35 4.50 4.55 4.30 936509
20141127 4.48 4.46 4.54 4.41 630798
20141128 4.51 4.41 4.52 4.34 535718
20141201 4.41 4.51 4.55 4.35 702718
20141202 4.51 4.54 4.59 4.45 715468
20141203 4.55 4.52 4.73 4.47 894881
20141204 4.52 4.62 4.63 4.47 845850
20141205 4.63 4.59 4.73 4.43 1125770
20141208 4.55 4.59 4.68 4.45 859239
20141209 4.59 4.27 4.67 4.25 1059577
20141210 4.21 4.35 4.37 4.14 559524
20141211 4.30 4.35 4.37 4.23 580893
20141212 4.34 4.49 4.50 4.33 531055
20141215 4.47 4.61 4.62 4.44 678402
20141216 4.59 4.62 4.66 4.54 640919
20141217 4.62 4.69 4.86 4.57 1168409
20141226 4.66 5.02 5.16 4.51 1371520
20141229 4.93 4.82 5.06 4.72 892251
20141230 4.78 4.70 4.92 4.64 490165
20141231 4.67 4.70 4.76 4.62 346088
20150105 4.71 4.66 4.74 4.51 569966
20150106 4.60 4.59 4.64 4.52 480925
20150107 4.58 4.69 4.70 4.55 425235
20150108 4.71 4.55 4.71 4.53 324833
20150109 4.54 4.51 4.59 4.51 246028
20150112 4.51 4.33 4.51 4.31 320159
20150113 4.31 4.36 4.36 4.27 210899
20150114 4.33 4.23 4.36 4.20 210758
20150115 4.24 4.41 4.45 4.23 319168
20150116 4.40 4.48 4.49 4.34 313537
20150119 4.28 4.07 4.35 4.04 463142
20150120 4.07 4.21 4.21 4.07 289422
20150121 4.25 4.35 4.38 4.21 287953
20150122 4.39 4.48 4.55 4.35 324947
20150123 4.49 4.51 4.60 4.44 425971
20150126 4.50 4.69 4.70 4.48 506911
20150127 4.70 4.84 5.10 4.66 1535393
20150128 4.85 4.74 4.94 4.72 611960
20150129 4.65 4.58 4.69 4.53 471615
20150130 4.58 4.58 4.66 4.56 270112
20150202 4.54 4.46 4.54 4.45 225778
20150203 4.54 4.65 4.67 4.54 365865
20150204 4.70 4.58 4.71 4.56 302559
20150205 4.65 4.47 4.67 4.45 262336
20150206 4.45 4.31 4.49 4.28 252202
20150209 4.30 4.35 4.39 4.25 127966
20150210 4.35 4.38 4.39 4.32 144425
20150211 4.38 4.51 4.52 4.37 144122
20150212 4.52 4.52 4.55 4.45 146235
20150213 4.54 4.62 4.65 4.52 262812
20150216 4.62 4.64 4.67 4.57 281222
20150217 4.66 4.65 4.71 4.61 282199
20150225 4.64 4.70 4.79 4.63 336869
20150226 4.69 4.72 4.73 4.63 315074
20150227 4.73 4.74 4.76 4.67 376780
20150302 4.79 4.78 4.79 4.73 377391
20150303 4.77 4.63 4.77 4.62 456052
20150304 4.62 5.09 5.09 4.61 1079555
20150305 5.18 5.10 5.38 4.98 1498732
20150306 5.06 5.27 5.53 5.02 1329885
20150309 5.27 5.34 5.47 5.15 847682
20150310 5.36 5.33 5.36 5.25 508020
20150311 5.32 5.21 5.37 5.15 549487
20150312 5.22 5.20 5.29 5.16 404294
20150313 5.22 5.27 5.32 5.19 396902
20150316 5.33 5.46 5.48 5.33 659296
20150317 5.50 5.79 6.00 5.49 1168143
20150318 5.81 5.86 5.94 5.70 782658
20150319 5.86 6.01 6.16 5.77 872783
20150320 6.07 6.07 6.11 5.98 604261
20150323 6.23 6.68 6.68 6.23 908713
20150324 7.17 7.14 7.35 6.59 1996520
20150325 7.07 6.85 7.07 6.72 1447174
20150326 6.80 6.61 6.80 6.58 928193
20150327 6.62 6.77 6.95 6.62 655422
20150330 6.86 6.79 6.90 6.68 668115
20150331 6.79 6.64 6.80 6.60 715489
20150401 6.64 6.82 6.88 6.64 677218
20150402 6.95 7.15 7.31 6.95 1007359
20150403 7.08 7.09 7.15 6.95 780860
20150407 7.10 7.25 7.31 7.01 1054976
20150408 7.25 7.06 7.25 6.91 766320
20150409 7.02 6.82 7.05 6.66 707037
20150410 6.80 7.05 7.15 6.80 694744
20150413 7.24 7.24 7.29 7.13 877476
20150414 7.27 7.96 7.96 7.27 1339046
20150415 8.10 7.85 8.55 7.80 1398475
20150416 7.80 8.04 8.19 7.55 887927
20150417 8.17 7.98 8.25 7.88 897312
20150420 8.00 7.62 8.05 7.60 980348
20150421 7.72 8.02 8.15 7.72 741368
20150422 8.07 8.26 8.45 8.02 821534
20150423 8.29 8.14 8.30 7.98 785554
20150424 8.00 7.96 8.01 7.80 633354
20150427 7.98 7.98 8.09 7.86 649672
20150428 8.00 7.63 8.10 7.54 818328
20150429 7.61 7.74 7.76 7.37 504504
20150430 7.73 7.58 7.75 7.57 407119
20150504 7.50 7.63 7.72 7.45 405072
20150505 7.62 7.05 7.62 7.02 646710
20150506 7.06 6.65 7.20 6.50 510139
20150507 6.65 6.43 6.69 6.32 428377
20150508 6.46 6.73 6.73 6.46 414245
20150511 6.85 7.24 7.26 6.85 540830
20150512 7.34 7.21 7.39 7.13 454688
20150513 7.21 7.11 7.29 7.08 408467
20150514 7.17 7.07 7.28 7.01 390894
20150515 7.07 6.83 7.07 6.73 485117
20150518 6.83 6.85 6.89 6.71 354025
20150519 6.85 7.13 7.27 6.82 538433
20150520 7.16 7.26 7.41 7.15 681407
20150521 7.26 7.78 7.80 7.26 993630
20150522 7.78 7.83 8.00 7.57 926949
20150525 7.80 8.22 8.35 7.68 1199059
20150526 8.32 8.64 8.88 8.13 1230300
20150527 8.60 8.65 8.78 8.20 1049665
20150528 8.66 8.46 9.16 8.40 1580246
20150529 8.49 9.04 9.20 8.00 1958590
20150601 9.30 9.54 9.61 9.06 1837625
20150602 9.44 9.60 9.65 9.25 1235068
20150603 9.65 10.56 10.56 9.50 1374595
20150604 10.50 11.62 11.62 9.89 1700780
20150605 12.05 11.29 12.30 11.10 2013647
20150608 11.27 10.88 11.27 10.70 1169684
20150609 10.75 11.97 11.97 10.55 1304966
20150610 12.15 12.54 13.00 11.58 1399323
20150611 12.39 13.61 13.76 12.30 1482019
20150612 13.70 13.85 14.74 13.28 1511985
20150615 13.85 13.93 14.47 13.48 1145839
20150616 13.75 12.92 13.94 12.68 1048216
20150617 12.88 13.48 13.70 11.85 1108220
20150618 13.36 12.95 13.87 12.92 807985
20150619 12.50 11.66 12.97 11.66 737572
20150623 11.46 11.30 11.98 10.49 827933
20150624 11.50 11.76 11.98 11.20 824731
20150625 11.98 11.00 12.10 10.65 885055
20150626 10.55 9.90 10.55 9.90 680392
20150629 10.10 8.91 10.21 8.91 1017646
20150630 8.52 9.34 9.48 8.02 1108775
20150701 9.32 8.63 9.52 8.41 870970
20150702 8.78 7.77 8.78 7.77 649950
20150703 7.05 6.99 7.67 6.99 767006
20150706 7.66 6.29 7.66 6.29 891438
20150707 5.67 5.66 5.80 5.66 241578
20150708 5.09 5.09 5.09 5.09 32676
20150709 4.58 5.60 5.60 4.58 1737477
20150710 5.84 6.16 6.16 5.70 615256
20150713 6.74 6.78 6.78 6.34 1270035
20150714 7.00 7.35 7.46 6.79 1967225
20150715 7.04 6.62 7.20 6.62 891292
20150716 5.96 6.65 7.00 5.96 1115419
20150717 6.66 7.12 7.22 6.55 965055
20150720 7.19 7.32 7.47 6.99 1177359
20150721 7.28 7.35 7.50 7.09 830391
20150722 7.34 7.99 8.09 7.20 1376528
20150723 7.95 8.08 8.15 7.75 1215248
20150724 8.10 7.90 8.48 7.79 1168709
20150727 7.63 7.11 8.14 7.11 997864
