20140102 3.86 3.81 3.86 3.80 34708
20140103 3.80 3.71 3.80 3.69 46474
20140106 3.71 3.62 3.72 3.61 30338
20140107 3.61 3.63 3.66 3.59 20570
20140108 3.62 3.57 3.66 3.55 38086
20140109 3.58 3.50 3.60 3.50 29127
20140110 3.50 3.45 3.52 3.43 30705
20140113 3.49 3.42 3.49 3.39 22573
20140114 3.42 3.51 3.51 3.40 34130
20140115 3.53 3.56 3.58 3.51 25411
20140116 3.56 3.58 3.60 3.53 22526
20140117 3.55 3.62 3.62 3.53 33124
20140120 3.67 3.57 3.67 3.55 37078
20140121 3.55 3.70 3.71 3.55 32250
20140122 3.72 3.75 3.79 3.68 48093
20140123 3.75 3.74 3.78 3.73 38367
20140124 3.74 3.76 3.80 3.72 35883
20140127 3.74 3.74 3.77 3.71 52114
20140128 3.74 3.71 3.76 3.71 31446
20140129 3.72 3.76 3.77 3.72 26601
20140130 3.76 3.73 3.76 3.71 27250
20140207 3.73 3.77 3.79 3.68 29885
20140210 3.78 3.86 3.86 3.77 44211
20140211 3.84 3.87 3.89 3.83 53693
20140212 3.88 4.01 4.15 3.88 117471
20140213 4.20 4.06 4.25 4.02 179206
20140214 4.01 3.99 4.05 3.91 120826
20140217 3.99 3.98 4.02 3.95 77108
20140218 3.99 3.93 4.00 3.92 65620
20140219 3.93 3.98 3.99 3.91 73943
20140220 3.99 3.91 4.00 3.90 60166
20140221 3.89 3.81 3.92 3.80 56938
20140224 3.80 3.75 3.80 3.73 52585
20140225 3.76 3.63 3.78 3.60 64765
20140226 3.58 3.69 3.71 3.58 39134
20140227 3.69 3.67 3.73 3.63 47397
20140228 3.66 3.71 3.72 3.62 38460
20140303 3.74 3.76 3.77 3.68 38115
20140304 3.76 3.72 3.76 3.71 32998
20140305 3.72 3.74 3.78 3.71 39408
20140306 3.74 3.80 3.83 3.74 66381
20140307 3.79 3.74 3.83 3.73 29422
20140310 3.71 3.62 3.74 3.61 38633
20140311 3.61 3.63 3.69 3.60 27293
20140312 3.63 3.66 3.66 3.62 24534
20140313 3.66 3.70 3.71 3.63 34295
20140314 3.71 3.67 3.71 3.64 28836
20140317 3.70 3.75 3.77 3.70 39249
20140318 3.74 3.75 3.77 3.73 28138
20140319 3.75 3.80 3.81 3.71 44119
20140320 3.77 3.73 3.82 3.72 36793
20140321 3.71 3.84 3.88 3.71 70853
20140324 3.84 3.89 3.90 3.81 61886
20140325 3.89 3.85 3.95 3.84 58815
20140326 3.85 3.83 3.88 3.83 27928
20140327 3.83 3.85 3.88 3.82 43933
20140328 3.87 3.86 3.92 3.85 59106
20140331 3.86 4.03 4.14 3.85 162344
20140401 3.96 4.01 4.06 3.96 87767
20140402 3.98 4.04 4.11 3.98 122863
20140403 4.04 3.93 4.10 3.92 89997
20140404 3.92 3.90 3.95 3.88 49983
20140408 3.90 4.00 4.03 3.87 65091
20140409 3.98 4.01 4.04 3.98 49607
20140410 4.01 4.06 4.09 4.00 106373
20140411 4.04 3.99 4.07 3.98 67997
20140414 3.97 4.39 4.39 3.97 393291
20140415 4.40 4.27 4.54 4.22 552342
20140416 4.20 4.70 4.70 4.14 782688
20140417 4.80 4.58 4.80 4.57 518954
20140418 4.53 4.59 4.70 4.51 291396
20140421 4.60 4.57 4.75 4.52 367572
20140422 4.47 4.53 4.54 4.27 285689
20140423 4.46 4.41 4.52 4.32 163411
20140424 4.35 4.32 4.45 4.29 165778
20140425 4.36 4.11 4.38 4.09 174958
20140428 4.10 4.17 4.23 4.00 170962
20140429 4.17 4.59 4.59 4.13 390659
20140430 4.54 4.54 4.68 4.43 411475
20140505 4.52 4.53 4.65 4.47 283402
20140506 4.55 4.98 4.98 4.50 638817
20140507 5.00 4.97 5.08 4.86 684024
20140508 5.01 4.81 5.38 4.77 733810
20140509 4.76 5.29 5.29 4.69 916434
20140512 5.20 5.43 5.64 5.15 1050710
20140513 5.36 5.61 5.69 5.30 869552
20140514 5.51 5.43 5.62 5.40 499797
20140515 5.39 5.45 5.68 5.24 612796
20140516 5.35 5.24 5.41 5.00 473901
20140519 5.20 5.02 5.20 4.92 345587
20140520 5.08 5.12 5.20 4.97 344365
20140521 5.08 5.27 5.38 5.04 399371
20140522 5.23 5.02 5.32 4.97 377393
20140523 5.05 5.10 5.27 4.96 374444
20140526 5.18 5.43 5.50 5.11 561829
20140527 5.50 5.93 5.97 5.37 1119261
20140528 5.75 5.77 6.04 5.64 927674
20140529 5.76 5.81 6.06 5.68 815553
20140530 5.78 5.57 6.10 5.35 905260
20140603 5.58 5.53 5.74 5.37 443532
20140604 5.53 5.47 5.53 5.36 271481
20140605 5.40 5.63 5.70 5.40 386206
20140606 5.60 5.50 5.64 5.43 301410
20140609 5.47 5.28 5.59 5.20 331595
20140610 5.28 5.39 5.46 5.18 303888
20140611 5.42 5.38 5.43 5.26 221291
20140612 5.35 5.58 5.79 5.22 529501
20140613 5.53 5.49 5.61 5.43 316145
20140616 5.48 5.44 5.51 5.38 226099
20140617 5.45 5.30 5.45 5.30 216550
20140618 5.30 5.26 5.40 5.22 172994
20140619 5.25 4.79 5.25 4.72 324317
20140620 4.77 4.86 4.88 4.69 171194
20140623 4.90 4.81 4.92 4.78 150088
20140624 4.81 4.85 4.92 4.68 164197
20140625 4.85 4.81 4.90 4.72 136906
20140626 4.79 4.81 4.89 4.75 185151
20140627 4.85 4.77 4.86 4.75 182222
20140630 4.75 4.71 4.78 4.65 211500
20140701 4.71 4.77 4.77 4.67 163111
20140702 4.82 4.97 5.07 4.79 417087
20140703 4.91 4.94 5.02 4.87 179314
20140704 4.94 4.88 4.99 4.85 165481
20140707 4.86 4.78 4.87 4.76 129212
20140708 4.76 4.78 4.79 4.67 117200
20140709 4.77 4.59 4.82 4.53 177854
20140710 4.58 4.55 4.66 4.52 119351
20140711 4.40 4.50 4.58 4.32 239373
20140714 4.46 4.53 4.55 4.42 143423
20140715 4.51 4.50 4.54 4.46 98408
20140716 4.50 4.95 4.95 4.49 462783
20140717 5.00 5.11 5.25 4.81 577087
20140718 5.09 5.17 5.50 4.98 586292
20140721 5.10 5.13 5.17 5.00 287241
20140722 5.08 5.20 5.29 5.02 299803
20140723 5.23 5.19 5.39 5.05 338806
20140724 5.17 5.12 5.20 5.05 206409
20140725 5.12 5.28 5.29 5.06 351094
20140728 5.28 5.36 5.43 5.20 438613
20140729 5.30 5.27 5.37 5.21 327328
20140730 5.24 5.25 5.42 5.18 365624
20140731 5.20 5.24 5.29 5.15 199049
20140801 5.23 5.11 5.25 5.08 230659
20140804 5.08 5.19 5.20 5.07 170029
20140805 5.20 5.50 5.65 5.13 677354
20140806 5.45 5.44 5.47 5.35 292237
20140807 5.44 5.42 5.57 5.34 235683
20140808 5.43 5.51 5.54 5.34 276596
20140811 5.50 5.51 5.57 5.48 197912
20140812 5.52 5.44 5.52 5.38 187518
20140813 5.43 5.37 5.47 5.34 145032
20140814 5.36 5.37 5.48 5.27 216879
20140815 5.32 5.34 5.40 5.30 150559
20140818 5.34 5.38 5.42 5.33 131164
20140819 5.39 5.49 5.52 5.37 251085
20140820 5.49 5.51 5.58 5.45 216254
20140821 5.53 5.34 5.54 5.31 244242
20140822 5.34 5.50 5.53 5.30 233220
20140825 5.53 5.35 5.53 5.34 189950
20140826 5.33 5.11 5.35 5.11 164464
20140827 5.10 5.12 5.18 5.07 71055
20140828 5.11 5.14 5.19 5.07 67491
20140829 5.14 5.25 5.30 5.10 99552
20140901 5.24 5.31 5.34 5.17 126699
20140902 5.30 5.35 5.38 5.26 152644
20140903 5.37 5.34 5.40 5.30 154975
20140904 5.34 5.41 5.47 5.31 219446
20140905 5.41 5.44 5.47 5.36 216358
20140909 5.49 5.47 5.52 5.42 261688
20140910 5.43 5.45 5.49 5.40 161212
20140911 5.47 5.66 5.71 5.45 556471
20140912 5.56 5.60 5.62 5.45 303946
20140915 5.62 5.56 5.68 5.55 208463
20140916 5.58 5.30 5.59 5.26 268302
20140917 5.30 5.34 5.37 5.22 130143
20140918 5.33 5.33 5.39 5.28 96922
20140919 5.33 5.46 5.61 5.26 229636
20140922 5.42 5.56 5.59 5.31 277551
20140923 5.67 5.76 5.88 5.61 552803
20140924 5.66 5.75 5.81 5.59 299535
20140925 5.75 5.77 5.94 5.69 394944
20140926 5.72 5.86 5.96 5.72 296553
20140929 5.91 5.86 5.99 5.78 292983
20140930 5.81 5.75 5.88 5.73 253874
20141008 5.79 5.81 5.85 5.71 177398
20141009 5.82 6.15 6.26 5.81 538200
20141010 6.05 6.20 6.36 6.01 535092
20141013 6.17 6.23 6.40 6.11 310282
20141014 6.24 6.07 6.30 6.00 242336
20141015 6.09 6.11 6.19 5.97 179919
20141016 6.06 5.96 6.19 5.93 187925
20141017 5.96 5.80 5.96 5.69 205298
20141020 5.80 5.85 5.87 5.75 106909
20141021 5.82 5.69 5.84 5.68 113842
20141022 5.69 5.65 5.82 5.60 110962
20141023 5.68 5.67 5.78 5.64 100200
20141024 5.68 5.64 5.74 5.59 96467
20141027 5.64 5.74 5.75 5.51 86750
20141028 5.73 5.83 5.86 5.72 143896
20141029 5.83 6.08 6.20 5.81 288887
20141030 6.12 6.31 6.47 6.12 550722
20141031 6.21 6.30 6.39 6.15 335099
20141103 6.33 6.65 6.79 6.29 713749
20141104 6.67 6.37 6.75 6.36 413595
20141105 6.34 6.46 6.51 6.26 302480
20141106 6.40 6.59 6.64 6.19 361250
20141107 6.60 6.32 6.65 6.26 353502
20141110 6.51 6.82 6.95 6.38 891021
20141111 6.70 6.57 6.84 6.38 507505
20141112 6.55 6.55 6.57 6.29 245212
20141113 6.52 6.36 6.66 6.34 281494
20141114 6.30 6.25 6.30 6.18 175561
20141117 6.26 6.30 6.33 6.19 157752
20141118 6.37 6.35 6.47 6.30 221063
20141119 6.33 6.35 6.39 6.25 123382
20141120 6.33 6.40 6.45 6.26 170737
20141121 6.37 6.33 6.41 6.28 177425
20141124 6.41 6.46 6.56 6.36 298510
20141125 6.46 6.59 6.62 6.39 309665
20141126 6.58 6.63 6.74 6.52 244963
20141127 6.67 6.47 6.69 6.39 280988
20141128 6.49 6.33 6.49 6.29 231972
20141201 6.33 6.35 6.46 6.33 161590
20141202 6.36 6.37 6.39 6.31 208650
20141203 6.36 6.45 6.48 6.28 357732
20141204 6.40 6.46 6.47 6.36 294074
20141205 6.45 6.09 6.45 6.02 374578
20141208 6.10 6.42 6.48 6.08 365910
20141209 6.56 6.29 6.90 6.25 731198
20141210 6.19 6.51 6.57 6.14 415627
20141211 6.51 6.65 6.76 6.41 472521
20141212 6.68 6.78 6.78 6.55 419355
20141215 6.80 6.86 6.93 6.70 498747
20141216 6.83 6.66 6.89 6.60 372476
20141217 6.66 6.59 6.80 6.45 288398
20141218 6.60 6.68 6.70 6.51 276130
20141219 6.61 6.65 6.69 6.49 292529
20141222 6.66 6.58 6.95 6.46 495549
20141223 6.63 6.31 6.74 6.28 282711
20141224 6.32 6.28 6.41 6.11 202955
20141225 6.27 6.44 6.49 6.26 183454
20141226 6.40 6.65 6.70 6.38 333922
20141229 6.66 6.87 7.15 6.54 697006
20141230 6.86 6.92 7.20 6.59 662765
20141231 7.00 6.89 7.17 6.81 413178
20150105 6.89 6.90 7.09 6.80 424187
20150106 6.81 6.72 6.87 6.65 363213
20150107 6.85 6.85 7.06 6.74 374479
20150108 6.77 6.59 6.85 6.55 282039
20150109 6.59 6.55 6.70 6.51 182421
20150112 6.47 6.65 6.66 6.34 216909
20150113 6.72 6.68 6.94 6.63 255889
20150114 6.60 6.55 6.67 6.49 140186
20150115 6.53 6.69 6.71 6.47 121627
20150116 6.68 6.71 6.78 6.62 155183
20150119 6.36 6.04 6.46 6.04 301885
20150120 6.15 6.23 6.29 6.04 189796
20150121 6.20 6.31 6.35 6.13 175950
20150122 6.26 6.34 6.41 6.26 158492
20150123 6.27 6.23 6.35 6.20 160445
20150126 6.23 6.36 6.38 6.22 140398
20150127 6.36 6.33 6.38 6.22 136195
20150128 6.28 6.40 6.47 6.24 191078
20150129 6.28 6.27 6.39 6.25 127336
20150130 6.30 6.19 6.34 6.18 96050
20150202 6.10 6.18 6.25 6.07 79450
20150203 6.20 6.21 6.25 6.14 87789
20150204 6.19 6.07 6.23 6.06 120731
20150205 6.15 5.93 6.18 5.91 160446
20150206 5.95 5.71 5.97 5.66 128090
20150209 5.73 5.79 5.84 5.72 86481
20150210 5.80 5.85 5.88 5.73 107702
20150211 5.93 5.85 5.93 5.81 106637
20150212 5.88 5.85 5.88 5.75 108709
20150213 5.85 5.91 5.95 5.83 121439
20150216 5.92 5.97 5.99 5.88 121165
20150217 5.97 6.01 6.05 5.96 109154
20150225 6.01 6.05 6.09 6.00 112184
20150226 6.04 6.21 6.21 6.01 162055
20150227 6.24 6.21 6.24 6.15 127362
20150302 6.23 6.28 6.31 6.20 181625
20150303 6.27 6.13 6.27 6.12 202655
20150304 6.15 6.17 6.19 6.10 120722
20150305 6.17 6.10 6.18 6.03 147120
20150306 6.07 6.18 6.22 6.05 186994
20150309 6.12 6.22 6.24 6.06 178303
20150310 6.23 6.25 6.29 6.21 173596
20150311 6.25 6.33 6.35 6.19 264784
20150312 6.31 6.28 6.35 6.25 159407
20150313 6.28 6.30 6.32 6.23 150053
20150316 6.32 6.48 6.54 6.31 311662
20150317 6.48 6.68 6.87 6.45 529081
20150318 6.68 6.77 6.85 6.61 404951
20150319 6.79 6.90 6.93 6.72 458641
20150320 6.92 7.10 7.21 6.83 538155
20150323 7.05 7.21 7.27 7.05 428646
20150324 7.18 7.52 7.59 7.08 670864
20150325 7.48 7.41 7.60 7.27 506473
20150326 7.30 7.28 7.53 7.20 318033
20150327 7.31 7.35 7.48 7.24 317530
20150330 7.70 8.09 8.09 7.70 769810
20150331 8.60 8.90 8.90 8.45 1812651
20150401 8.80 9.33 9.77 8.33 1637752
20150402 9.20 9.39 9.80 9.02 1182471
20150403 9.20 9.16 9.33 9.05 874916
20150407 9.16 9.23 9.40 9.06 758203
20150408 9.16 8.98 9.18 8.88 632516
20150409 8.91 9.00 9.09 8.51 591890
20150410 8.93 9.04 9.06 8.79 502229
20150413 9.18 9.19 9.35 9.01 653015
20150414 9.20 9.54 9.76 9.00 1021881
20150415 9.50 8.92 9.50 8.87 696969
20150416 8.60 8.82 8.95 8.45 420055
20150417 8.86 9.26 9.36 8.83 663483
20150420 9.81 10.19 10.19 9.80 1253004
20150421 10.19 10.30 10.65 9.80 1622180
20150422 10.21 10.65 10.88 10.08 1283264
20150423 10.45 10.31 10.72 10.20 879478
20150424 10.00 10.06 10.20 9.82 602688
20150427 10.10 10.08 10.23 9.90 570276
20150428 10.03 9.58 10.03 9.52 556231
20150429 9.52 9.67 9.70 9.30 355461
20150430 9.64 9.63 9.89 9.50 420931
20150504 9.69 9.84 9.87 9.61 359627
20150505 9.84 9.26 9.95 9.11 396958
20150506 9.26 8.79 9.45 8.60 354131
20150507 8.79 8.35 8.98 8.28 311706
20150508 8.50 8.65 8.68 8.36 282869
20150511 8.78 9.10 9.15 8.63 354756
20150512 9.10 9.05 9.24 8.93 337730
20150513 9.00 9.14 9.31 8.87 382213
20150514 9.15 8.92 9.18 8.87 292941
20150515 8.90 9.05 9.23 8.81 382427
20150518 8.88 8.92 9.05 8.87 225293
20150519 8.98 9.29 9.36 8.80 480844
20150520 9.23 9.44 9.63 9.15 567994
20150521 9.35 9.74 9.84 9.27 508241
20150522 9.87 9.91 9.94 9.65 561391
20150525 9.91 10.47 10.90 9.91 1358060
20150526 10.40 10.56 10.78 10.26 1111405
20150527 10.54 10.63 10.87 10.13 891577
20150528 10.72 9.90 11.10 9.82 1206367
20150529 9.70 9.70 10.08 9.10 623730
20150601 9.71 10.08 10.10 9.61 474687
20150602 10.08 10.52 10.84 9.92 922405
20150603 10.50 10.61 10.87 10.18 699149
20150604 10.50 10.44 10.73 9.69 623109
20150605 10.65 11.48 11.48 10.43 2571024
20150608 11.30 11.50 11.87 10.90 2209495
20150609 11.50 11.22 11.51 11.06 893773
20150610 11.18 11.32 11.68 10.87 1169077
20150611 11.52 11.62 11.95 11.35 1435779
20150612 11.63 11.79 12.03 11.18 1367175
20150615 12.14 11.85 12.37 11.69 1286186
20150616 11.46 11.24 12.01 11.18 753720
20150617 11.16 11.44 11.50 10.68 782008
20150618 11.44 10.89 11.64 10.84 665697
20150619 10.50 9.80 10.71 9.80 560890
20150623 9.80 9.81 9.99 8.88 466620
20150624 10.00 10.07 10.14 9.66 548477
20150625 10.10 10.16 10.42 9.92 769190
20150626 9.98 9.55 10.77 9.16 1306590
20150629 9.85 9.40 10.10 8.60 894388
20150630 9.30 9.82 9.88 8.50 781128
20150701 9.80 8.85 10.10 8.84 642380
20150702 8.94 7.97 8.99 7.97 524374
20150703 7.45 7.14 7.77 7.14 418730
20150706 7.67 6.43 7.75 6.43 751310
20150707 6.08 5.79 6.08 5.79 291796
20150708 5.21 5.21 5.65 5.21 1324537
20150709 4.76 5.73 5.73 4.76 555333
20150710 5.97 6.30 6.30 5.81 405350
20150713 6.70 6.93 6.93 6.50 654390
20150714 6.98 6.84 7.47 6.70 876962
20150715 6.56 6.16 6.78 6.16 425018
20150716 6.16 6.26 6.55 5.58 403267
20150717 6.30 6.68 6.79 6.27 358340
20150720 6.53 6.70 6.87 6.46 505698
20150721 6.56 6.80 7.00 6.48 502763
20150722 6.80 7.12 7.30 6.56 646882
20150723 7.03 7.26 7.40 6.88 724068
20150724 7.16 6.98 7.39 6.88 692285
20150727 6.71 6.28 6.96 6.28 428441
20150728 6.00 6.02 6.36 5.65 467124
20150729 6.21 6.38 6.40 5.89 295850
20150730 6.35 6.09 6.60 6.02 368442
