20140102 8.85 8.99 9.16 8.78 85847
20140103 8.97 8.69 9.10 8.62 147843
20140106 8.61 8.54 8.97 8.40 112305
20140107 8.49 8.50 8.78 8.42 80752
20140108 8.58 8.62 8.71 8.45 128618
20140109 8.63 8.48 8.68 8.37 72760
20140110 8.48 8.22 8.55 8.16 39203
20140113 8.20 7.86 8.32 7.58 121612
20140114 7.83 8.10 8.24 7.80 93082
20140115 8.10 8.33 8.41 8.10 53591
20140116 8.33 8.26 8.49 8.19 50898
20140117 8.25 8.17 8.32 8.07 36537
20140120 8.10 7.83 8.10 7.70 65237
20140121 7.82 8.12 8.38 7.75 67461
20140122 8.09 8.06 8.27 7.99 113811
20140123 8.04 8.03 8.11 8.00 63845
20140124 8.04 8.69 8.79 8.03 165696
20140127 8.60 8.90 9.15 8.53 286204
20140128 8.84 9.20 9.35 8.73 204459
20140129 9.21 9.18 9.25 9.11 73826
20140130 9.18 9.28 9.35 9.10 59182
20140207 9.20 9.84 9.90 9.12 150253
20140210 10.18 10.82 10.82 10.18 396172
20140211 11.90 11.51 11.90 11.16 906698
20140212 11.56 11.41 11.66 11.01 312231
20140213 11.28 11.30 12.00 11.10 407489
20140214 11.50 12.03 12.30 11.36 249746
20140217 12.00 12.35 12.38 11.70 285652
20140218 12.30 12.15 12.75 12.12 223690
20140219 12.12 11.29 12.49 11.25 286731
20140220 11.49 11.61 11.72 10.96 295216
20140221 11.38 11.74 11.93 11.32 163038
20140224 11.47 11.71 11.97 11.28 120062
20140225 11.85 10.59 11.85 10.54 330514
20140226 10.54 11.01 11.36 10.54 302723
20140227 11.12 11.47 12.11 10.92 300229
20140228 11.40 11.79 11.92 11.08 179586
20140303 11.79 11.60 12.34 11.45 144093
20140304 11.60 11.47 12.07 11.25 113686
20140305 11.54 11.16 11.55 11.06 87957
20140306 11.03 10.86 11.15 10.45 146073
20140307 10.80 10.67 11.06 10.56 90010
20140310 10.65 10.37 10.90 10.32 98726
20140311 10.40 10.28 10.40 10.08 122623
20140312 10.28 10.44 10.55 10.15 68732
20140313 10.50 10.32 10.56 10.26 59535
20140314 10.32 10.34 10.73 10.32 65171
20140317 10.35 11.12 11.33 10.35 117370
20140318 11.19 11.19 11.23 10.88 64839
20140319 11.20 11.40 11.49 11.01 89776
20140320 11.38 10.41 11.44 10.35 164380
20140321 10.44 10.62 10.74 10.00 69352
20140324 10.73 10.91 11.08 10.42 91972
20140325 10.81 10.74 11.09 10.53 60262
20140326 10.68 10.64 10.85 10.58 46952
20140327 10.53 10.27 10.65 10.25 59644
20140328 10.29 9.99 10.52 9.98 82888
20140331 10.04 10.11 10.51 9.91 80607
20140401 10.11 10.10 10.25 9.97 67130
20140402 10.08 10.18 10.19 9.99 64209
20140403 10.17 10.19 10.30 10.09 49929
20140404 10.18 10.21 10.37 9.90 70704
20140408 10.09 10.29 10.43 10.00 67290
20140409 10.25 10.78 10.86 10.25 161383
20140410 10.85 10.89 11.02 10.66 87387
20140411 10.90 10.95 11.01 10.70 76608
20140414 10.90 10.91 11.04 10.65 85109
20140415 10.91 11.78 11.86 10.85 227412
20140416 11.52 11.89 11.91 11.50 105175
20140417 12.00 11.68 12.00 11.51 100496
20140418 11.65 11.60 11.65 11.40 67902
20140421 11.52 11.29 11.59 11.22 58978
20140422 11.23 10.97 11.51 10.78 117167
20140423 10.95 10.93 11.05 10.74 56192
20140424 10.97 11.15 11.17 10.85 61869
20140425 11.08 11.14 11.49 10.96 74984
20140428 11.08 10.53 11.15 10.44 80046
20140429 10.53 10.57 10.64 10.30 70291
20140430 10.50 9.97 10.65 9.80 225889
20140505 9.96 9.85 10.09 9.64 71746
20140506 9.96 9.88 10.29 9.80 120844
20140507 9.94 10.05 10.28 9.80 162177
20140508 9.95 9.84 9.96 9.68 99760
20140509 9.75 9.65 9.83 9.36 73102
20140512 9.65 9.68 9.84 9.50 72053
20140513 9.68 9.37 9.82 9.25 95686
20140514 9.36 9.10 9.37 8.98 123623
20140515 9.00 8.80 9.10 8.58 108261
20140516 8.75 8.80 8.82 8.53 72941
20140519 8.73 9.01 9.06 8.58 66913
20140520 9.02 8.77 9.15 8.63 56581
20140521 8.70 9.05 9.18 8.61 65870
20140522 9.08 9.22 9.58 9.00 115511
20140523 9.21 9.38 9.43 9.15 29120
20140526 9.40 9.34 9.68 9.14 89900
20140527 9.28 9.14 9.50 9.11 52924
20140603 10.05 10.05 10.05 10.05 14743
20140604 11.06 11.06 11.06 10.31 485488
20140606 11.23 10.94 11.95 10.79 260874
20140609 10.80 10.77 11.16 10.62 101149
20140610 10.71 11.22 11.54 10.71 168018
20140611 11.22 11.70 11.73 11.06 192125
20140612 11.61 11.08 11.61 11.00 209849
20140613 11.17 11.44 11.82 11.10 201246
20140616 11.63 11.49 11.84 11.20 157138
20140617 11.26 11.28 11.61 11.11 103903
20140618 11.28 11.00 11.28 10.61 166747
20140619 10.92 10.61 11.01 10.48 106761
20140620 10.61 10.84 10.89 10.60 56583
20140623 10.83 10.97 10.99 10.66 73415
20140624 11.00 11.19 11.20 10.73 74152
20140625 11.18 11.28 11.37 10.90 74690
20140626 11.15 11.04 11.35 11.00 59314
20140627 11.04 11.02 11.16 10.94 58215
20140630 10.84 11.04 11.13 10.83 82878
20140701 11.05 11.04 11.07 10.87 89238
20140702 11.00 10.84 11.05 10.80 54774
20140703 10.95 11.13 11.33 10.88 112898
20140704 11.15 10.96 11.20 10.88 66118
20140707 10.96 10.75 11.00 10.60 80868
20140708 10.70 10.78 10.88 10.35 148981
20140709 10.73 10.96 11.09 10.58 163699
20140710 11.15 11.43 11.80 11.15 244599
20140711 11.44 11.28 11.49 11.04 102928
20140714 11.21 11.62 11.65 11.21 132298
20140715 11.62 11.67 11.70 11.35 101008
20140716 11.68 11.41 11.76 11.17 69296
20140717 11.47 11.36 11.47 11.22 32197
20140718 11.36 11.34 11.44 11.23 40027
20140721 11.29 11.00 11.35 10.95 52932
20140722 10.92 11.39 11.65 10.80 92587
20140723 11.29 11.17 11.35 11.12 44651
20140724 11.16 10.88 11.16 10.85 50941
20140725 10.81 10.76 11.08 10.61 73920
20140728 10.78 11.32 11.34 10.78 111578
20140729 11.23 11.53 11.64 11.11 145754
20140730 11.48 11.54 11.65 11.36 62409
20140731 11.54 11.85 12.00 11.50 124573
20140801 11.86 12.42 12.68 11.74 193701
20140804 12.43 12.47 12.63 12.23 126421
20140805 12.47 12.40 12.68 12.30 65547
20140806 12.40 12.20 12.50 11.97 70324
20140807 12.20 12.47 12.69 12.10 75016
20140808 12.37 12.10 12.52 12.03 80017
20140811 12.17 12.19 12.22 11.85 100245
20140812 12.08 12.21 12.38 12.00 75106
20140813 12.23 12.06 12.24 11.85 68842
20140814 12.09 12.30 12.35 12.03 81480
20140815 12.20 12.22 12.27 12.01 63226
20140818 12.21 12.25 12.50 12.14 76614
20140819 12.32 13.18 13.35 12.27 203826
20140820 13.25 13.12 13.55 12.93 84812
20140821 13.18 12.95 13.20 12.70 68922
20140822 12.94 12.94 13.07 12.63 66570
20140825 12.96 12.72 13.12 12.69 88121
20140826 12.71 12.18 12.71 12.00 127381
20140827 12.13 11.87 12.25 11.69 151142
20140828 11.92 11.93 12.04 11.75 85257
20140829 11.90 12.03 12.03 11.79 41540
20140901 12.03 12.01 12.06 11.85 56319
20140902 12.09 12.48 12.64 12.08 143771
20140903 12.49 12.44 12.53 12.25 87530
20140904 12.42 12.68 12.78 12.30 101229
20140905 12.68 12.57 12.79 12.43 63725
20140909 12.60 12.53 12.69 12.26 132626
20140910 12.43 12.22 12.50 12.11 134487
20140911 12.21 12.36 12.37 12.10 201665
20140912 12.29 12.22 12.37 12.05 187865
20140915 12.18 12.61 12.72 12.14 221931
20140916 12.62 12.39 12.65 12.32 135024
20140917 12.36 12.51 12.73 12.19 148712
20140918 12.36 12.81 12.95 12.36 167877
20140919 12.80 13.36 13.44 12.65 170693
20140922 13.30 12.94 13.30 12.85 99569
20140923 12.80 12.93 12.97 12.62 61224
20140924 12.91 13.13 13.21 12.69 104094
20140925 13.18 13.32 13.57 13.05 134202
20140926 13.10 13.17 13.33 13.10 61539
20140929 13.13 13.04 13.27 12.98 87156
20140930 14.00 13.52 14.00 13.10 205066
20141008 13.52 13.51 13.62 13.20 131322
20141009 13.46 13.39 13.55 13.25 60839
20141010 13.36 12.82 13.39 12.74 177110
20141013 12.78 12.89 13.15 12.60 96554
20141014 12.80 12.72 12.97 12.63 100020
20141015 12.72 12.85 12.90 12.59 107322
20141016 12.70 12.51 12.98 12.50 98583
20141017 12.54 12.14 12.60 11.55 155927
20141020 12.08 12.10 12.25 11.74 72668
20141021 12.10 12.62 12.89 12.06 160270
20141022 12.64 12.46 12.69 12.40 49317
20141222 13.69 13.71 13.71 13.02 426522
20141223 13.73 12.34 14.40 12.34 396045
20141224 12.34 12.62 12.90 12.26 145737
20141225 12.81 13.32 13.84 12.81 193034
20141226 13.35 13.25 13.45 13.00 129902
20141229 13.20 12.20 13.20 11.93 290700
20141230 12.16 11.28 12.18 11.10 276645
20141231 11.32 11.49 11.78 11.30 145287
20150105 11.69 11.15 11.78 10.90 294392
20150106 11.06 11.50 11.70 11.01 225608
20150107 11.65 11.68 11.70 11.37 134682
20150108 11.55 12.00 12.33 11.50 255071
20150109 12.00 11.98 12.11 11.80 121150
20150112 11.97 11.61 12.10 11.50 150791
20150113 11.52 11.91 12.00 11.27 128662
20150114 11.91 11.89 12.20 11.79 81840
20150115 11.95 12.00 12.25 11.81 70133
20150116 12.10 12.12 12.33 12.05 99554
20150119 11.80 11.69 12.11 11.33 114481
20150120 11.81 12.12 12.12 11.60 127203
20150121 12.35 12.26 12.47 12.14 91705
20150122 12.49 12.67 12.74 12.33 122405
20150123 12.67 12.42 12.77 12.30 109427
20150126 12.53 13.66 13.66 12.48 224614
20150127 13.95 14.60 14.95 13.66 331294
20150128 14.56 14.50 14.99 14.14 211083
20150129 14.26 14.21 14.69 14.17 97815
20150130 14.20 14.02 14.45 13.56 175795
20150202 14.00 14.23 14.73 13.81 183295
20150203 14.25 14.35 14.43 13.92 141536
20150204 14.40 14.27 15.15 14.05 168969
20150205 14.42 14.40 14.74 14.20 109741
20150206 14.29 13.77 14.49 13.67 109030
20150209 13.90 13.77 14.45 13.74 115862
20150210 13.80 14.23 14.33 13.77 104709
20150211 14.15 14.75 15.00 14.12 109546
20150212 14.56 15.72 16.16 14.56 139003
20150213 15.80 16.13 16.59 15.80 181326
20150216 16.35 17.30 17.56 16.13 139404
20150217 17.50 16.91 17.55 16.80 99721
20150225 16.95 16.88 17.40 16.21 121609
20150226 16.77 16.85 16.92 16.50 86336
20150227 16.80 16.81 17.20 16.68 78419
20150303 16.48 17.35 18.27 16.00 162921
20150304 17.12 17.17 17.48 16.65 115699
20150305 16.98 16.77 17.20 16.60 110078
20150306 16.62 16.45 17.03 16.28 52196
20150309 16.18 16.05 16.46 15.00 154817
20150310 16.00 16.02 16.16 15.63 97423
20150311 16.09 15.93 16.61 15.88 68584
20150312 16.01 15.80 16.17 15.58 63141
20150313 15.80 15.88 15.97 15.65 74120
20150316 15.74 16.23 16.25 15.73 179735
20150317 16.29 16.17 16.43 16.00 221559
20150318 16.24 16.99 17.17 16.11 227794
20150319 17.24 16.74 17.24 16.51 127394
20150320 16.75 16.44 16.79 16.24 215026
20150323 16.46 16.36 16.48 16.10 312145
20150324 16.41 16.31 16.48 16.00 276088
20150325 16.29 16.93 17.05 16.18 351709
20150326 16.87 16.40 16.87 16.29 222816
20150327 16.42 16.51 16.83 16.32 135024
20150330 16.52 17.16 18.16 16.50 266314
20150331 17.18 17.17 17.50 16.81 183679
20150401 17.18 18.55 18.82 17.18 473941
20150402 18.88 19.53 19.89 18.80 366898
20150403 19.09 19.07 19.45 18.80 221481
20150407 19.10 18.81 19.36 18.59 266191
20150408 18.90 18.27 19.00 18.01 227135
20150409 18.30 17.88 18.42 17.17 152024
20150410 17.81 18.24 18.50 17.69 131001
20150413 18.25 18.26 18.48 18.00 164701
20150414 18.36 18.69 18.85 18.26 208366
20150415 18.75 17.64 18.86 17.60 173843
20150416 17.25 17.58 18.12 17.00 173642
20150417 17.87 17.91 18.20 17.62 150868
20150420 17.74 17.19 17.80 17.16 190176
20150421 17.20 17.92 17.98 17.20 117938
20150422 18.03 18.65 18.75 18.03 200761
20150423 18.80 18.80 19.15 18.34 204204
20150424 18.43 20.68 20.68 18.35 343507
20150427 21.00 20.46 21.01 20.20 249644
20150428 20.39 20.00 20.63 19.12 249620
20150429 19.99 21.38 21.93 19.81 215953
20150430 21.51 21.74 22.00 20.92 164158
20150504 21.51 22.80 23.44 20.79 196983
20150505 22.60 23.08 23.73 22.28 172013
20150506 23.10 22.97 24.48 22.50 163416
20150507 22.89 21.62 23.32 21.12 131744
20150508 21.63 21.94 22.33 21.50 101439
20150511 21.96 22.88 23.09 21.36 198041
20150512 22.60 24.23 24.34 22.51 198222
20150513 25.07 24.48 25.99 24.20 224848
20150514 24.00 23.50 24.50 22.03 354428
20150515 23.40 23.09 23.40 22.44 155613
20150518 23.08 22.44 23.15 22.08 176634
20150519 22.53 23.09 23.20 22.16 161852
20150520 23.00 23.33 24.20 23.00 175547
20150521 23.53 24.72 25.00 22.88 222788
20150522 25.10 25.14 25.72 24.29 253284
20150525 25.18 26.08 26.35 24.70 247241
20150526 25.98 28.69 28.69 25.86 274276
20150527 29.98 31.48 31.56 27.75 392824
20150604 32.00 31.50 34.63 28.53 353840
20150605 31.70 32.95 34.00 30.66 306663
20150608 33.50 30.11 33.51 30.00 283337
20150609 29.80 29.08 29.98 28.18 213251
20150610 29.11 30.10 30.68 28.61 177039
20150611 31.90 31.14 31.90 30.50 176572
20150612 30.86 29.00 30.96 28.78 271866
20150615 29.00 29.16 29.99 28.60 149240
20150616 29.49 27.88 29.49 27.65 107400
20150617 27.71 27.85 28.18 26.33 167075
20150618 27.90 26.33 27.95 26.00 146401
20150619 25.93 24.39 26.89 23.70 115312
20150623 24.56 24.30 24.80 21.95 159170
20150624 24.27 25.14 25.20 23.62 170433
20150625 25.29 23.76 25.32 23.20 106395
20150626 23.28 21.38 23.28 21.38 163868
20150629 21.60 19.24 22.19 19.24 149418
20150630 18.65 20.57 21.00 17.32 262231
20150701 20.98 18.98 21.75 18.45 205511
20150702 19.36 18.00 19.88 17.30 207326
20150703 17.50 17.42 18.95 16.21 244639
20150706 19.16 19.05 19.16 15.68 394008
20150707 18.00 17.15 18.95 17.15 220596
20150708 15.44 15.62 16.28 15.44 851207
20150709 15.00 17.18 17.18 15.00 187835
20150710 18.00 18.90 18.90 18.00 67533
20150713 20.60 20.79 20.79 19.40 263525
20150714 20.70 20.53 22.45 20.00 324824
20150715 19.69 18.48 20.50 18.48 201312
20150716 18.48 18.50 19.50 16.77 216962
20150717 18.79 20.00 20.14 18.55 164966
20150720 20.18 21.04 21.30 19.99 217986
