20140102 4.11 4.12 4.16 4.10 21278
20140103 4.11 4.08 4.11 4.06 26386
20140106 4.08 3.98 4.09 3.97 33082
20140107 4.00 3.98 4.02 3.95 15506
20140108 3.98 3.98 4.04 3.97 26071
20140109 3.98 3.96 4.01 3.95 18113
20140110 3.96 3.91 3.96 3.88 25194
20140113 3.91 3.88 3.92 3.85 20890
20140114 3.89 3.91 3.91 3.85 15134
20140115 3.90 3.87 3.90 3.85 22237
20140116 3.87 3.89 3.91 3.83 30348
20140117 3.88 3.80 3.88 3.79 32005
20140120 3.79 3.75 3.81 3.74 18529
20140121 3.75 3.79 3.84 3.73 10793
20140122 3.79 3.87 3.90 3.79 23741
20140123 3.87 3.86 3.92 3.85 16690
20140124 3.86 3.89 3.91 3.86 26075
20140127 3.87 3.86 3.89 3.83 21996
20140128 3.86 3.86 3.90 3.84 13590
20140129 3.86 3.85 3.90 3.85 10975
20140130 3.84 3.87 3.89 3.83 19299
20140207 3.85 3.87 3.88 3.81 18213
20140210 3.87 3.96 3.98 3.86 42838
20140211 3.95 3.98 3.98 3.91 41001
20140212 3.98 3.97 3.98 3.93 40221
20140213 3.98 3.95 4.01 3.93 53511
20140214 3.94 3.97 3.98 3.91 37910
20140217 3.98 4.00 4.01 3.95 40443
20140218 3.98 3.93 3.99 3.92 37062
20140219 3.94 3.96 3.96 3.91 42295
20140220 3.95 3.98 4.01 3.94 79564
20140221 3.96 3.93 3.99 3.92 51711
20140224 3.90 3.83 3.91 3.79 32564
20140225 3.81 3.70 3.84 3.69 65455
20140226 3.68 3.71 3.73 3.67 33436
20140227 3.72 3.73 3.78 3.70 37201
20140228 3.73 3.75 3.78 3.69 20454
20140303 3.74 3.79 3.82 3.72 38710
20140304 3.78 3.76 3.80 3.74 23367
20140305 3.78 3.74 3.78 3.72 16926
20140306 3.74 3.74 3.76 3.70 23748
20140307 3.74 3.74 3.78 3.72 26160
20140310 3.72 3.51 3.72 3.50 53882
20140311 3.54 3.54 3.55 3.50 24721
20140312 3.54 3.56 3.62 3.47 30397
20140313 3.53 3.59 3.59 3.52 37292
20140314 3.56 3.56 3.58 3.54 22929
20140317 3.57 3.58 3.59 3.54 20796
20140318 3.59 3.59 3.59 3.55 20806
20140319 3.59 3.60 3.61 3.54 24153
20140320 3.58 3.55 3.61 3.53 24582
20140321 3.54 3.64 3.67 3.50 57836
20140324 3.67 3.71 3.76 3.61 67990
20140325 3.70 3.68 3.71 3.65 41785
20140326 3.67 3.66 3.68 3.62 29028
20140327 3.65 3.63 3.70 3.61 22732
20140328 3.61 3.57 3.65 3.55 60856
20140331 3.57 3.59 3.67 3.55 47227
20140401 3.60 3.62 3.63 3.55 27288
20140402 3.61 3.93 3.98 3.60 311024
20140403 3.81 3.74 3.86 3.73 195565
20140404 3.71 3.74 3.76 3.71 61697
20140408 3.76 3.78 3.79 3.72 62366
20140409 3.78 3.79 3.83 3.73 85690
20140410 3.78 3.80 3.83 3.74 86379
20140411 3.79 3.79 3.86 3.75 86930
20140414 3.79 3.99 4.00 3.74 190855
20140415 3.93 3.84 3.98 3.82 139987
20140416 3.82 3.95 4.00 3.76 161040
20140417 3.90 3.84 3.93 3.82 79357
20140418 3.84 3.84 3.88 3.78 51370
20140421 3.79 3.78 3.90 3.77 58551
20140422 3.78 3.74 3.79 3.70 50736
20140423 3.74 3.74 3.78 3.72 28887
20140424 3.75 3.74 3.77 3.71 25890
20140425 3.74 3.65 3.74 3.64 35883
20140428 3.56 3.50 3.57 3.47 67692
20140429 3.51 3.52 3.58 3.49 73766
20140430 3.55 3.55 3.59 3.49 54069
20140505 3.56 3.54 3.56 3.49 48097
20140506 3.52 3.58 3.60 3.51 76217
20140507 3.55 3.51 3.56 3.49 65968
20140508 3.51 3.47 3.55 3.44 43335
20140509 3.46 3.51 3.53 3.46 37509
20140512 3.51 3.66 3.75 3.51 99118
20140513 3.64 3.61 3.68 3.59 48525
20140514 3.61 3.61 3.64 3.57 35607
20140515 3.61 3.60 3.66 3.56 50115
20140516 3.51 3.55 3.60 3.51 30046
20140519 3.53 3.51 3.53 3.49 26568
20140520 3.51 3.51 3.55 3.49 19227
20140521 3.50 3.51 3.53 3.48 39470
20140522 3.51 3.48 3.53 3.48 41139
20140523 3.48 3.50 3.51 3.47 27820
20140526 3.50 3.55 3.56 3.48 39847
20140527 3.60 3.63 3.72 3.54 109854
20140528 3.63 3.57 3.63 3.53 79827
20140529 3.58 3.68 3.88 3.56 198250
20140530 3.71 4.05 4.05 3.65 297572
20140603 4.29 4.12 4.34 4.06 530138
20140604 4.06 3.85 4.16 3.83 413803
20140605 3.83 3.83 3.86 3.76 233589
20140606 3.80 3.75 3.82 3.69 188681
20140609 3.71 3.70 3.73 3.68 108430
20140610 3.70 3.74 3.75 3.68 104832
20140611 3.73 3.71 3.73 3.67 83584
20140612 3.69 3.74 3.79 3.64 159282
20140613 3.71 3.71 3.72 3.67 122361
20140616 3.70 3.71 3.72 3.67 63644
20140617 3.69 3.60 3.70 3.60 88648
20140618 3.60 3.57 3.60 3.55 70583
20140619 3.57 3.49 3.58 3.47 71120
20140620 3.49 3.53 3.55 3.47 50473
20140623 3.53 3.55 3.57 3.52 33491
20140624 3.55 3.58 3.60 3.54 44642
20140625 3.56 3.54 3.58 3.51 40401
20140626 3.54 3.56 3.59 3.53 49240
20140627 3.56 3.61 3.66 3.55 76799
20140630 3.63 3.64 3.73 3.59 137525
20140701 3.65 3.66 3.69 3.63 50360
20140702 3.66 3.68 3.75 3.63 57161
20140703 3.66 3.70 3.71 3.66 56564
20140704 3.70 3.67 3.75 3.64 61998
20140707 3.67 3.65 3.68 3.63 42957
20140708 3.63 3.65 3.67 3.61 31267
20140709 3.64 3.62 3.71 3.62 58299
20140710 3.64 3.62 3.64 3.55 53209
20140711 3.60 3.67 3.69 3.57 46121
20140714 3.65 3.69 3.69 3.64 46557
20140715 3.68 3.73 3.80 3.67 138611
20140716 3.71 3.74 3.75 3.67 66131
20140717 3.72 3.69 3.72 3.66 48736
20140718 3.66 3.68 3.73 3.66 62051
20140721 3.66 3.68 3.73 3.66 46088
20140722 3.67 3.71 3.74 3.66 72796
20140723 3.71 3.72 3.76 3.71 83284
20140724 3.71 3.78 3.78 3.71 119712
20140725 3.78 3.84 3.92 3.78 131808
20140728 3.77 3.90 3.93 3.73 247856
20140729 3.86 3.88 3.91 3.83 109032
20140730 3.87 3.92 4.04 3.83 186225
20140731 3.87 4.01 4.14 3.86 210169
20140801 3.96 3.87 4.05 3.86 178093
20140804 3.87 3.95 3.98 3.85 196888
20140805 3.94 3.96 3.99 3.91 135759
20140806 3.95 4.00 4.04 3.89 163067
20140807 4.01 4.03 4.17 3.97 323037
20140808 4.00 3.98 4.03 3.91 141675
20140811 4.00 4.01 4.02 3.96 106099
20140812 4.01 3.97 4.04 3.96 80836
20140813 3.98 3.96 3.99 3.89 123078
20140814 3.94 3.90 3.98 3.88 89870
20140815 3.89 3.94 3.96 3.88 91566
20140818 3.93 3.97 3.97 3.92 102544
20140819 3.97 4.04 4.10 3.94 218528
20140820 4.00 4.06 4.10 3.99 163615
20140821 4.06 4.03 4.07 3.99 85865
20140822 4.03 4.05 4.08 4.02 100196
20140825 4.03 3.99 4.04 3.98 93932
20140826 3.97 4.00 4.02 3.91 111441
20140827 3.97 3.96 3.99 3.95 43566
20140828 3.95 4.01 4.06 3.94 125533
20140829 4.01 4.03 4.04 3.96 61945
20140901 4.03 4.07 4.07 4.01 64569
20140902 4.06 4.15 4.19 4.04 196128
20140903 4.13 4.15 4.29 4.12 168091
20140904 4.14 4.16 4.22 4.05 175632
20140905 4.14 4.17 4.18 4.11 97064
20140909 4.17 4.26 4.33 4.14 192388
20140910 4.27 4.33 4.45 4.21 323221
20140911 4.35 4.26 4.37 4.23 209420
20140912 4.24 4.27 4.28 4.19 100987
20140915 4.25 4.32 4.34 4.24 164597
20140916 4.34 4.28 4.55 4.26 368292
20140917 4.25 4.24 4.27 4.12 151955
20140918 4.22 4.32 4.45 4.20 162383
20140919 4.31 4.30 4.37 4.27 139993
20140922 4.27 4.12 4.29 4.08 190398
20140923 4.10 4.15 4.16 4.08 165424
20140924 4.13 4.19 4.20 4.12 184461
20140925 4.20 4.17 4.23 4.15 131005
20140926 4.16 4.24 4.26 4.13 143456
20140929 4.26 4.27 4.28 4.21 134269
20140930 4.27 4.26 4.29 4.24 116759
20141008 4.27 4.35 4.36 4.24 156535
20141009 4.34 4.41 4.54 4.28 308925
20141010 4.33 4.35 4.44 4.32 166549
20141013 4.34 4.43 4.49 4.28 176072
20141014 4.40 4.47 4.52 4.39 187972
20141015 4.43 4.68 4.92 4.41 578136
20141016 4.61 4.49 4.66 4.47 295710
20141017 4.46 4.36 4.47 4.28 191009
20141020 4.37 4.40 4.42 4.33 102767
20141021 4.38 4.28 4.41 4.27 135010
20141022 4.28 4.17 4.32 4.16 114286
20141023 4.18 4.13 4.22 4.10 110248
20141024 4.13 4.13 4.16 4.11 55675
20141027 4.13 4.13 4.13 4.04 84216
20141028 4.13 4.24 4.27 4.11 120217
20141029 4.25 4.35 4.43 4.22 199559
20141030 4.33 4.49 4.52 4.31 318918
20141031 4.45 4.43 4.71 4.38 329058
20141103 4.40 4.69 4.70 4.39 557671
20141104 4.63 4.58 4.68 4.54 298577
20141105 4.57 5.04 5.04 4.57 405830
20141106 4.99 4.93 4.99 4.79 571198
20141107 4.92 4.79 5.12 4.76 470659
20141110 4.89 5.00 5.10 4.73 507544
20141111 4.99 4.80 5.04 4.70 386515
20141112 4.75 4.82 4.82 4.65 167046
20141113 4.79 4.87 5.00 4.69 241342
20141114 4.80 4.76 4.95 4.68 210268
20141117 4.77 4.68 4.79 4.64 107723
20141118 4.69 4.67 4.76 4.63 97689
20141119 4.66 4.69 4.73 4.63 94691
20141120 4.64 4.64 4.68 4.60 95513
20141121 4.65 4.73 4.76 4.60 132976
20141124 4.77 4.81 4.89 4.76 250427
20141125 4.81 4.85 4.92 4.79 164441
20141126 4.86 4.81 4.88 4.75 173877
20141127 4.82 4.79 4.85 4.70 194141
20141128 4.79 4.85 4.88 4.74 242009
20141201 4.84 4.96 5.07 4.81 382493
20141202 4.92 5.03 5.06 4.91 301790
20141203 5.03 5.09 5.27 4.95 421325
20141204 5.08 5.15 5.15 5.01 323889
20141205 5.15 4.82 5.15 4.77 391878
20141208 4.83 4.91 5.01 4.69 318436
20141209 4.88 4.84 5.25 4.77 590730
20141210 4.75 4.99 5.04 4.68 257387
20141211 4.95 5.49 5.49 4.93 602220
20141212 5.66 5.52 5.71 5.35 666883
20141215 5.43 5.43 5.49 5.30 241779
20141216 5.42 5.58 5.70 5.34 361091
20141217 5.50 5.50 5.74 5.35 351792
20141218 5.52 5.52 5.70 5.39 262137
20141219 5.53 5.91 6.07 5.40 585423
20141222 6.05 6.04 6.40 5.95 622695
20141223 6.11 5.72 6.25 5.51 357725
20141224 5.72 5.47 5.73 5.34 285604
20141225 5.47 5.67 5.68 5.42 281473
20141226 5.62 5.69 5.78 5.50 244504
20141229 5.65 5.78 5.94 5.50 360875
20141230 5.68 5.58 5.75 5.52 204104
20141231 5.53 5.55 5.62 5.45 214344
20150105 5.54 5.84 5.88 5.50 343960
20150106 5.78 5.78 5.85 5.65 238017
20150107 5.73 5.80 5.85 5.68 212562
20150108 5.78 5.53 5.80 5.50 249743
20150109 5.50 5.48 5.60 5.43 154764
20150112 5.43 5.15 5.43 5.14 169188
20150113 5.20 5.20 5.29 5.16 116868
20150114 5.20 5.12 5.24 5.06 95351
20150115 5.13 5.22 5.23 5.10 77398
20150116 5.24 5.25 5.28 5.22 94635
20150119 5.05 4.73 5.08 4.73 181601
20150120 4.72 4.85 4.86 4.72 131149
20150121 4.84 5.03 5.03 4.81 154417
20150122 5.03 5.08 5.15 4.99 129137
20150123 5.08 5.01 5.13 4.99 123702
20150126 4.99 5.10 5.12 4.95 113391
20150127 5.11 5.11 5.18 5.02 128126
20150128 5.08 5.09 5.14 5.06 100031
20150129 5.04 5.11 5.25 4.92 157513
20150130 5.07 5.03 5.13 5.00 90866
20150202 4.83 4.86 4.96 4.76 104357
20150203 4.86 4.94 4.95 4.83 60531
20150204 4.93 4.97 5.14 4.90 145710
20150205 5.05 4.86 5.08 4.84 125182
20150206 4.86 4.72 4.90 4.70 93813
20150209 4.74 4.76 4.87 4.66 84785
20150210 4.76 4.82 4.86 4.72 48905
20150211 4.82 4.82 4.87 4.70 76173
20150212 4.80 4.85 4.86 4.77 57942
20150213 4.86 5.01 5.06 4.86 152678
20150216 5.02 5.00 5.04 4.96 77951
20150217 5.02 5.19 5.32 5.00 233377
20150225 5.19 5.19 5.35 5.13 215578
20150226 5.18 5.25 5.26 5.06 166061
20150227 5.25 5.37 5.45 5.20 269493
20150302 5.36 5.55 5.80 5.28 365984
20150303 5.50 5.43 5.50 5.37 188991
20150304 5.43 5.50 5.57 5.37 187165
20150305 5.45 5.54 5.63 5.44 202898
20150306 5.55 5.46 5.57 5.43 163501
20150309 5.42 5.51 5.54 5.29 149571
20150310 5.50 5.57 5.61 5.47 133268
20150311 5.56 5.49 5.57 5.45 95753
20150312 5.48 5.53 5.55 5.43 123663
20150313 5.53 5.57 5.62 5.52 135015
20150316 5.56 5.77 5.77 5.56 207376
20150317 5.91 6.35 6.35 5.91 178453
20150318 6.99 6.99 6.99 6.99 90760
20150319 7.60 7.69 7.69 7.25 1297030
20150320 7.69 7.37 7.70 7.29 746423
20150323 7.39 7.43 7.56 7.27 608426
20150324 7.34 7.62 8.07 7.20 850633
20150325 7.48 7.39 7.48 7.24 438421
20150326 7.30 7.49 7.59 7.16 364483
20150327 7.50 7.36 7.56 7.30 241843
20150330 7.70 7.62 7.95 7.49 738665
20150331 7.64 7.59 7.85 7.55 582263
20150401 7.45 7.80 8.06 7.32 657198
20150402 7.65 7.78 7.92 7.60 445808
20150403 7.66 7.89 8.18 7.59 507948
20150407 7.89 8.00 8.10 7.81 498805
20150408 8.00 7.87 8.08 7.50 456720
20150409 7.98 7.68 8.10 7.47 389018
20150410 7.62 7.86 8.06 7.51 505407
20150413 7.80 7.95 8.04 7.76 429031
20150414 8.00 8.47 8.69 7.91 757763
20150415 8.25 7.91 8.37 7.87 448445
20150416 7.81 7.87 8.06 7.61 318963
20150417 7.95 8.16 8.34 7.86 480187
20150420 8.18 8.98 8.98 7.95 589940
20150421 9.18 9.88 9.88 9.08 879267
20150422 10.18 10.04 10.65 9.91 1063566
20150423 10.00 10.10 10.48 10.00 714294
20150424 9.98 9.69 9.98 9.48 559532
20150427 9.69 9.82 10.07 9.40 581201
20150428 9.63 9.31 9.64 9.11 379305
20150429 9.20 9.33 9.49 8.97 260146
20150430 9.30 9.15 9.31 9.11 238825
20150504 9.14 9.31 9.55 8.90 386951
20150505 9.31 8.58 9.31 8.48 370765
20150506 8.58 8.12 8.78 7.90 310491
20150507 8.11 7.91 8.27 7.82 262208
20150508 8.05 8.20 8.25 7.88 224272
20150511 8.30 8.47 8.55 8.10 255031
20150512 8.51 8.49 8.63 8.42 218310
20150513 8.49 8.51 8.75 8.35 259546
20150514 8.45 8.40 8.48 8.15 215396
20150515 8.38 8.30 8.63 8.21 231798
20150518 8.10 8.24 8.50 8.02 200740
20150519 8.26 8.42 8.48 8.23 240792
20150520 8.41 8.46 8.77 8.40 366531
20150521 8.41 8.55 8.60 8.24 303924
20150522 8.61 9.41 9.41 8.61 805959
20150525 9.54 9.84 10.10 9.30 976751
20150526 9.78 9.87 10.05 9.49 668448
20150527 9.88 10.20 10.30 9.50 720688
20150528 10.10 9.19 10.50 9.18 632784
20150529 9.02 8.95 9.20 8.28 422615
20150601 8.99 9.32 9.35 8.80 450690
20150602 9.32 9.61 9.68 9.15 475791
20150603 9.54 9.99 10.20 9.45 639763
20150604 9.90 9.88 9.97 9.02 421218
20150605 10.00 10.87 10.87 9.81 1090230
20150608 11.11 10.88 11.28 10.31 1027173
20150609 10.57 10.49 10.78 10.20 507737
20150610 10.36 10.40 10.87 10.10 475453
20150611 10.39 10.53 10.70 10.31 390613
20150612 10.45 10.96 11.19 10.30 641852
20150615 10.96 11.93 12.06 10.69 1051653
20150616 11.50 11.11 11.73 10.85 631131
20150617 10.93 11.99 12.05 10.17 701855
20150618 11.82 12.11 13.10 11.61 874195
20150619 11.60 11.88 13.03 11.21 830970
20150623 11.88 13.07 13.07 11.28 823882
20150624 13.50 13.99 14.32 13.07 1065829
20150625 13.70 15.37 15.39 13.30 1197268
20150626 14.40 14.56 16.00 13.95 1444901
20150629 14.99 13.85 15.16 13.10 1035840
20150630 13.16 13.03 13.78 12.47 920064
20150701 12.50 13.18 13.90 12.02 1006638
20150702 12.51 11.86 12.94 11.86 436924
20150703 10.67 10.67 11.70 10.67 312691
20150706 11.60 9.60 11.60 9.60 542060
20150707 8.64 8.64 8.64 8.64 18765
20150708 7.78 7.78 7.78 7.78 22347
20150709 7.00 8.56 8.56 7.00 1179209
20150710 8.45 9.42 9.42 8.04 1232288
20150713 9.42 10.19 10.21 9.01 1251578
20150714 9.80 9.18 10.30 9.17 1014891
20150715 8.65 8.26 8.69 8.26 533856
20150716 7.43 7.95 8.55 7.43 662518
20150717 7.90 8.38 8.58 7.86 628358
20150720 8.28 8.69 8.98 8.10 753003
20150721 8.35 9.19 9.49 8.35 863376
20150722 9.00 9.34 9.80 8.65 791067
20150723 9.33 9.69 9.95 9.17 796540
20150724 9.60 10.46 10.66 9.50 1146787
20150727 10.15 9.41 10.66 9.41 772843
20150728 8.50 8.47 9.53 8.47 660954
20150729 8.77 9.32 9.32 8.49 625426
20150730 9.60 9.62 10.05 9.36 736344
