20140102 15.79 15.63 15.83 15.60 84936
20140103 15.55 15.37 15.59 15.33 120865
20140106 15.33 14.84 15.34 14.83 140971
20140107 14.75 14.82 14.98 14.72 72719
20140108 14.85 14.56 15.05 14.42 130952
20140109 14.56 14.44 14.68 14.40 84441
20140110 14.44 14.49 14.68 14.40 104947
20140113 14.49 14.56 14.63 14.44 62804
20140114 14.57 14.63 14.73 14.53 61863
20140115 14.62 14.53 14.64 14.45 54598
20140116 14.53 14.50 14.65 14.41 67405
20140117 14.45 14.23 14.49 14.22 95875
20140120 14.21 14.09 14.21 13.97 81885
20140121 14.09 14.15 14.19 14.08 47663
20140122 14.18 14.39 14.40 14.10 84366
20140123 14.40 14.25 14.42 14.25 63296
20140124 14.25 14.37 14.49 14.21 86128
20140127 14.31 14.09 14.33 14.00 128750
20140128 14.12 14.03 14.22 13.99 104752
20140129 14.09 14.07 14.19 14.01 61587
20140130 14.07 13.84 14.07 13.81 94062
20140207 13.91 13.96 13.98 13.86 79414
20140210 13.98 14.13 14.14 13.96 142013
20140211 14.10 14.26 14.27 14.01 265460
20140212 14.21 14.18 14.24 14.12 132951
20140213 14.16 14.04 14.18 14.03 140075
20140214 14.04 14.08 14.14 14.02 115342
20140217 14.13 14.29 14.34 14.12 213746
20140218 14.27 14.06 14.28 14.03 128180
20140219 14.07 14.26 14.33 14.01 208490
20140220 14.25 14.32 14.49 14.25 231598
20140221 14.31 14.39 14.41 14.20 160342
20140224 14.35 14.05 14.35 14.00 137533
20140225 14.06 13.75 14.10 13.67 145585
20140226 13.69 13.75 13.80 13.61 104762
20140227 13.75 13.75 13.79 13.58 124800
20140228 13.75 13.80 13.83 13.65 111279
20140303 13.70 13.62 13.74 13.50 154496
20140304 13.55 13.47 13.59 13.36 144818
20140305 13.48 13.56 13.72 13.47 131307
20140306 13.46 13.60 13.65 13.31 100032
20140307 13.58 13.45 13.67 13.42 98154
20140310 13.35 12.91 13.38 12.89 271296
20140311 12.91 12.85 13.02 12.66 191878
20140312 12.78 12.88 13.03 12.68 123228
20140313 12.93 13.18 13.23 12.84 163805
20140314 13.06 13.06 13.17 12.99 97270
20140317 13.18 13.12 13.22 13.01 89896
20140318 13.13 13.14 13.25 13.04 82058
20140319 13.09 13.32 13.33 13.05 105711
20140320 13.33 13.11 13.37 13.10 101094
20140321 13.10 13.52 13.65 13.09 224652
20140324 13.57 13.72 13.88 13.55 194296
20140325 13.70 13.62 13.80 13.55 93800
20140326 13.72 13.73 13.78 13.61 95823
20140327 13.70 13.57 13.76 13.46 107261
20140328 13.61 13.79 13.82 13.59 150324
20140331 13.81 13.83 13.91 13.74 170833
20140401 13.86 13.87 13.97 13.86 101472
20140402 13.93 14.17 14.18 13.89 181408
20140403 14.25 13.98 14.29 13.95 115182
20140404 13.96 14.01 14.07 13.84 92846
20140408 14.01 14.38 14.48 14.01 240738
20140409 14.43 14.57 14.68 14.40 205683
20140410 14.58 15.08 15.68 14.29 686208
20140411 15.09 15.05 15.26 14.85 452682
20140414 14.95 14.87 15.03 14.68 299288
20140415 14.80 14.51 14.85 14.45 183660
20140416 14.43 14.60 14.66 14.43 106963
20140417 14.67 14.38 14.67 14.37 94995
20140418 14.30 14.35 14.50 14.21 130086
20140421 14.24 14.15 14.42 14.13 95685
20140422 14.12 14.13 14.20 13.98 83629
20140423 14.13 14.00 14.13 13.98 77785
20140424 14.07 14.11 14.18 14.00 71954
20140425 14.28 14.06 14.28 14.04 67853
20140428 13.98 14.05 14.19 13.97 96807
20140429 14.02 14.16 14.25 14.02 108421
20140430 14.16 14.21 14.28 14.13 78138
20140505 14.20 14.00 14.24 13.81 159937
20140506 13.95 13.79 14.00 13.77 106392
20140507 13.75 13.86 13.97 13.71 94243
20140508 13.85 13.99 14.27 13.81 126776
20140509 14.09 14.12 14.14 14.01 76376
20140512 14.19 14.78 14.99 14.09 515819
20140513 14.67 14.44 14.79 14.34 216587
20140514 14.45 14.51 14.64 14.32 175476
20140515 14.41 14.56 14.58 14.35 139313
20140516 14.55 14.40 14.55 14.36 92491
20140519 14.38 14.18 14.38 14.07 73409
20140520 14.24 14.17 14.32 14.15 46734
20140521 14.04 14.29 14.38 14.02 98097
20140522 14.25 14.31 14.47 14.20 107328
20140523 14.36 14.37 14.41 14.26 43568
20140526 14.49 14.39 14.58 14.37 75402
20140527 14.38 14.37 14.41 14.31 53875
20140528 14.36 14.39 14.42 14.21 80292
20140529 14.39 14.35 14.40 14.32 63426
20140530 14.32 14.32 14.35 14.27 78418
20140603 14.31 14.33 14.47 14.30 59480
20140604 14.37 14.24 14.37 14.14 69616
20140605 14.24 14.38 14.41 14.17 40200
20140606 14.38 14.33 14.42 14.28 127642
20140609 14.28 14.34 14.41 14.25 72137
20140610 14.34 14.38 14.41 14.29 113228
20140611 14.39 14.42 14.47 14.33 96639
20140612 14.37 14.36 14.47 14.28 57551
20140613 14.34 14.40 14.51 14.33 100056
20140616 14.46 14.57 14.59 14.41 111619
20140617 14.57 14.49 14.61 14.48 74722
20140618 14.45 14.50 14.56 14.43 77769
20140619 14.50 14.52 14.80 14.42 157591
20140620 14.50 14.52 14.64 14.49 60382
20140623 14.52 14.57 14.74 14.52 82027
20140624 14.58 14.60 14.65 14.49 48786
20140625 14.58 14.59 14.68 14.48 75121
20140626 14.59 14.68 14.70 14.59 68787
20140627 14.65 14.45 14.69 14.44 96743
20140630 14.50 14.54 14.64 14.50 78132
20140701 14.62 14.51 14.62 14.46 64150
20140702 14.53 14.68 14.79 14.53 121771
20140703 14.67 14.68 14.73 14.57 94099
20140704 14.74 14.75 14.78 14.65 99047
20140707 14.76 14.77 14.82 14.70 76355
20140708 14.75 14.80 14.82 14.67 69326
20140709 14.80 14.64 14.83 14.58 99272
20140710 14.64 14.71 14.78 14.64 87340
20140711 14.72 14.78 14.83 14.71 156416
20140714 13.94 13.84 13.94 13.68 180169
20140715 13.81 13.80 13.89 13.75 97529
20140716 13.79 13.85 13.89 13.76 130540
20140717 13.88 13.76 13.88 13.75 78732
20140718 13.75 13.70 13.82 13.67 89799
20140721 13.71 13.62 13.73 13.45 101881
20140722 13.59 13.77 13.84 13.52 118387
20140723 13.77 13.88 14.03 13.76 159022
20140724 13.90 14.30 14.41 13.90 350615
20140725 14.30 14.76 14.83 14.22 340715
20140728 14.82 15.30 15.67 14.81 443767
20140729 15.31 15.07 15.45 15.03 262811
20140730 15.09 15.13 15.55 15.08 329532
20140731 15.13 15.37 15.44 15.08 176404
20140801 15.33 15.69 16.09 15.24 540800
20140804 15.73 16.10 16.16 15.61 323431
20140805 16.07 15.85 16.17 15.78 263696
20140806 15.79 15.76 16.00 15.46 192977
20140807 15.76 15.40 15.86 15.31 253999
20140808 15.39 15.47 15.54 15.32 90105
20140811 15.50 15.78 15.81 15.41 158543
20140812 15.73 15.62 15.79 15.50 136136
20140813 15.64 15.64 15.78 15.47 241567
20140814 15.59 15.50 15.69 15.41 150234
20140815 15.50 15.49 15.58 15.34 188599
20140818 15.49 15.47 15.65 15.37 155152
20140819 15.45 15.51 15.63 15.40 150440
20140820 15.44 15.33 15.46 15.30 143179
20140821 15.33 15.12 15.35 14.93 223192
20140822 15.11 15.15 15.23 15.04 116338
20140825 15.10 14.87 15.11 14.82 146803
20140826 14.86 14.83 14.95 14.80 122052
20140827 14.81 14.87 14.93 14.81 78928
20140828 14.91 14.85 15.02 14.82 95402
20140829 14.92 15.04 15.06 14.81 77285
20140901 15.09 15.05 15.18 15.01 112058
20140902 15.14 15.21 15.23 14.97 151544
20140903 15.21 15.44 15.45 15.18 166247
20140904 15.48 15.52 15.55 15.39 174735
20140905 15.60 15.69 15.70 15.54 203984
20140909 15.70 15.70 15.81 15.63 144632
20140910 15.65 15.41 15.67 15.35 152067
20140911 15.45 15.34 15.57 15.28 166048
20140912 15.30 15.39 15.39 15.26 100870
20140915 15.39 15.46 15.54 15.31 192435
20140916 15.47 15.21 15.55 15.20 197684
20140917 15.30 15.24 15.39 15.20 120640
20140918 15.22 15.25 15.36 15.12 135864
20140919 15.26 15.32 15.35 15.15 101711
20140922 15.24 15.03 15.29 15.00 130612
20140923 15.10 15.11 15.16 15.01 85798
20140924 15.04 15.44 15.48 15.02 220424
20140925 15.55 15.42 15.58 15.34 181353
20140926 15.40 15.43 15.50 15.30 121788
20140929 15.48 15.47 15.52 15.35 188106
20140930 15.61 15.56 15.83 15.52 393452
20141008 15.59 15.40 15.60 15.30 238887
20141009 15.41 15.45 15.54 15.39 230791
20141010 15.51 15.36 15.68 15.29 379274
20141013 15.36 15.41 15.46 15.14 251044
20141014 15.40 15.22 15.40 15.17 163762
20141015 15.19 15.18 15.23 15.06 159186
20141016 15.12 15.08 15.27 15.04 185475
20141017 15.10 14.81 15.15 14.77 277908
20141020 14.83 14.87 14.89 14.74 129960
20141021 14.87 14.83 14.97 14.81 116049
20141022 14.83 14.84 14.95 14.81 116196
20141023 14.92 14.58 14.92 14.57 162379
20141024 14.61 14.56 14.67 14.53 107802
20141027 14.51 14.30 14.51 14.22 119610
20141028 14.35 14.56 14.58 14.28 139003
20141029 14.63 14.77 14.90 14.56 194554
20141030 14.78 14.72 14.94 14.68 260788
20141031 14.72 15.15 15.16 14.71 383303
20141103 15.21 15.06 15.25 15.01 256684
20141104 15.01 15.31 15.50 14.94 412679
20141105 15.25 15.24 15.51 15.11 317194
20141106 15.30 15.25 15.36 15.11 239979
20141107 15.15 15.00 15.31 14.90 373904
20141110 15.17 15.34 15.35 15.06 389520
20141111 15.38 15.41 15.77 15.25 652142
20141112 15.40 15.53 15.57 15.35 364438
20141113 15.57 15.41 15.61 15.33 404633
20141114 15.45 15.49 15.54 15.33 430795
20141117 15.92 15.39 15.95 15.36 500014
20141118 15.37 15.11 15.38 15.06 331225
20141119 15.03 14.90 15.08 14.88 240295
20141120 14.88 14.89 14.98 14.82 200876
20141121 14.84 15.03 15.05 14.83 242008
20141124 15.13 15.44 15.52 15.13 552669
20141125 15.43 15.59 15.64 15.38 445316
20141126 15.64 15.64 15.67 15.40 445758
20141127 15.72 15.95 16.15 15.66 795249
20141128 15.99 15.99 16.00 15.57 787534
20141201 16.07 16.35 17.15 16.07 1163922
20141202 16.41 16.80 16.97 16.16 1022164
20141203 16.84 17.17 17.72 16.84 1256716
20141204 17.35 18.58 18.71 17.34 1460236
20141205 18.71 17.95 18.76 17.41 1555436
20141208 17.80 18.75 18.90 17.50 1335055
20141209 18.47 17.52 19.49 17.35 1666732
20141210 17.57 17.89 17.96 17.32 797222
20141211 17.62 17.62 18.17 17.43 800782
20141212 17.71 17.61 17.86 17.51 553211
20141215 17.58 17.33 17.58 17.12 623903
20141216 17.25 17.85 17.91 17.15 890883
20141217 17.85 17.68 17.98 17.42 812973
20141218 17.80 18.00 18.09 17.69 875671
20141219 17.89 18.98 19.40 17.68 1445343
20141222 19.31 20.28 20.76 19.31 1832094
20141223 20.00 19.12 20.01 18.94 935258
20141224 19.20 18.29 19.32 18.01 841567
20141225 18.35 18.85 18.87 18.33 659924
20141226 18.80 19.40 19.48 18.67 720441
20141229 19.66 19.39 20.50 19.01 1057009
20141230 19.70 19.80 20.10 19.31 877087
20141231 19.84 20.29 20.38 19.65 938315
20150105 20.32 22.32 22.32 20.32 1348528
20150106 23.16 22.86 24.24 22.59 2599635
20150107 22.22 22.86 23.09 22.02 1250971
20150108 22.70 22.37 23.50 22.10 1221922
20150109 22.00 21.56 22.69 21.44 1299458
20150112 21.36 20.83 21.42 20.72 826264
20150113 20.73 20.70 21.09 20.53 543466
20150114 20.73 20.54 21.02 20.38 500038
20150115 20.71 21.49 21.50 20.50 713419
20150116 21.59 21.68 22.30 21.52 794989
20150119 20.50 19.51 20.59 19.51 1097545
20150120 19.25 19.57 19.75 19.16 909973
20150121 19.55 20.40 20.47 19.31 1004807
20150122 20.50 20.44 20.95 20.16 876698
20150123 20.69 20.16 20.80 20.06 743108
20150126 20.08 20.27 20.28 19.82 519043
20150127 20.21 19.79 20.37 19.50 635542
20150128 19.62 19.47 19.82 19.37 434437
20150129 19.16 19.36 19.60 19.08 436134
20150130 19.49 19.05 19.60 19.02 417077
20150202 18.70 18.53 18.95 18.51 411143
20150203 18.90 19.13 19.15 18.56 413338
20150204 19.27 18.97 19.53 18.95 461327
20150205 19.39 18.56 19.46 18.55 466374
20150206 18.30 17.92 18.31 17.70 597513
20150209 17.90 17.83 18.14 17.72 431293
20150210 17.85 18.21 18.30 17.85 361928
20150211 18.18 18.28 18.45 18.13 260514
20150212 18.23 18.29 18.34 17.93 237521
20150213 18.39 18.43 18.64 18.29 451933
20150216 18.48 18.40 18.48 18.25 355516
20150217 18.42 18.39 18.47 18.30 398646
20150225 18.37 17.94 18.38 17.79 577817
20150226 17.89 18.56 18.63 17.74 698383
20150227 18.48 18.60 18.80 18.40 536926
20150302 18.69 18.90 19.00 18.47 594506
20150303 18.76 18.17 18.76 18.10 712344
20150304 18.25 18.31 18.42 18.10 397170
20150305 18.11 17.91 18.20 17.78 515081
20150306 17.89 18.07 18.25 17.78 484863
20150309 17.90 18.25 18.28 17.50 615191
20150310 18.13 18.04 18.30 18.01 512098
20150311 18.00 17.84 18.18 17.69 624777
20150312 17.92 18.36 18.38 17.78 791137
20150313 18.38 18.70 19.11 18.36 1026390
20150316 18.70 18.89 18.93 18.53 775778
20150317 18.94 19.04 19.15 18.83 1086527
20150318 19.10 19.65 19.66 19.10 1160350
20150319 19.68 19.75 20.08 19.51 1097270
20150320 19.68 19.66 19.87 19.46 814318
20150323 19.86 19.99 20.12 19.71 920229
20150324 20.04 19.66 20.17 19.28 1094235
20150325 19.63 19.23 19.63 19.15 1020472
20150326 19.23 19.62 19.77 19.09 966932
20150327 19.68 19.73 19.98 19.60 874494
20150330 19.77 20.44 20.50 19.69 1331862
20150331 20.78 20.09 20.88 20.03 1283753
20150401 20.07 20.32 20.45 19.95 892507
20150402 20.37 20.63 20.70 20.17 1321682
20150403 20.45 20.52 20.70 20.32 990577
20150407 20.64 21.13 21.18 20.54 1479762
20150408 21.14 20.93 21.16 20.50 1115396
20150409 20.84 20.58 20.95 20.20 1042934
20150410 20.53 20.99 21.00 20.47 1066449
20150413 21.13 21.31 21.55 20.98 1196302
20150414 21.32 21.08 21.36 20.88 992515
20150415 21.13 20.61 21.22 20.45 1008857
20150416 20.52 21.49 21.50 20.50 1255047
20150417 21.96 22.24 22.75 21.60 2207181
20150420 21.95 22.38 23.88 21.67 2613711
20150421 22.15 22.80 22.98 22.04 1589221
20150422 22.87 23.39 23.67 22.68 1758915
20150423 23.46 23.62 24.20 23.00 1999226
20150424 23.30 22.81 23.62 22.53 1391159
20150427 22.81 24.44 24.77 22.81 2676588
20150428 24.00 23.89 25.58 23.49 2846921
20150429 23.40 23.56 23.78 23.00 1255380
20150430 23.65 22.71 23.95 22.69 1263422
20150504 22.78 23.00 23.36 22.41 1058052
20150505 22.81 21.65 23.22 21.53 1195038
20150506 21.79 20.82 21.85 20.62 1192010
20150507 20.84 20.38 20.84 20.32 833307
20150508 20.62 20.76 20.81 20.31 771608
20150511 20.95 21.31 21.32 20.74 1061525
20150512 21.30 21.22 21.31 21.01 869329
20150513 21.20 20.85 21.21 20.80 851140
20150514 20.79 21.13 21.14 20.74 796576
20150515 21.08 20.37 21.08 20.35 830371
20150518 20.00 19.81 20.10 19.75 923348
20150519 19.82 20.43 20.45 19.82 883005
20150520 20.33 20.44 20.84 20.27 966332
20150521 20.44 20.63 20.65 20.13 1015016
20150522 20.73 21.36 21.40 20.73 1366303
20150525 21.36 21.99 22.00 21.21 1321836
20150526 22.00 22.20 22.22 21.56 1488111
20150527 22.16 22.61 22.73 21.82 1879878
20150528 22.39 20.73 22.58 20.55 1774544
20150529 20.82 20.56 21.05 20.15 1105936
20150601 20.80 22.62 22.62 20.58 1802227
20150602 22.80 22.74 23.13 22.22 1982501
20150603 22.75 22.18 22.78 21.85 1266645
20150604 22.23 23.08 23.13 20.71 1965805
20150605 23.30 23.09 23.84 22.72 2280587
20150608 23.00 23.90 24.15 22.84 2241534
20150609 23.97 26.29 26.29 23.62 4194348
20150610 24.90 25.28 26.49 24.60 3496707
20150611 24.88 24.58 25.16 24.24 1834349
20150612 24.59 25.34 26.00 24.58 1886648
20150615 24.60 23.37 24.61 23.33 1577102
20150616 23.00 22.95 24.10 22.76 1454065
20150617 23.00 23.73 24.15 22.64 1521801
20150618 23.50 22.28 23.57 22.21 1259945
20150619 22.28 20.82 22.62 20.72 1132995
20150623 20.82 21.69 21.79 19.90 1127374
20150624 21.70 22.87 23.30 21.51 1724611
20150625 22.66 21.53 22.92 21.20 1377052
20150626 20.92 19.79 21.50 19.38 1516887
20150629 20.45 19.80 20.76 18.01 1572543
20150630 19.78 20.85 20.94 18.81 1329535
20150701 20.40 19.77 20.95 19.61 1044481
20150702 19.81 18.64 20.00 18.08 1196242
20150703 18.42 17.10 18.86 16.90 1278271
20150706 18.74 18.32 18.74 17.82 2418035
20150707 17.93 20.07 20.13 17.21 2525857
20150708 18.70 18.84 20.06 18.06 2627077
20150709 18.00 20.72 20.72 17.50 1552962
20150710 20.30 21.93 22.67 20.10 1979661
20150713 21.50 21.58 22.44 21.00 1655711
20150714 21.16 20.08 21.16 19.86 1224266
20150715 19.85 19.98 20.46 19.10 789520
20150716 19.98 20.12 20.58 19.98 649996
20150717 20.25 20.54 20.83 20.12 730476
20150720 20.40 19.95 20.46 19.85 717735
20150721 19.53 19.80 20.32 19.48 581071
20150722 19.78 19.62 19.91 19.04 733021
20150723 19.50 19.83 19.99 19.31 693651
20150724 19.79 19.78 20.80 19.66 1017517
20150727 19.18 17.80 19.45 17.80 978481
20150728 17.40 17.09 17.50 16.38 818082
20150729 17.35 17.64 17.70 17.11 528078
20150730 17.53 17.00 17.65 16.90 557783
