20140102 5.49 5.62 5.64 5.48 14575
20140103 5.58 5.57 5.69 5.55 16398
20140106 5.55 5.31 5.55 5.28 13459
20140107 5.26 5.33 5.40 5.26 7549
20140108 5.33 5.27 5.38 5.26 7288
20140109 5.30 5.16 5.37 5.15 9685
20140110 5.16 5.00 5.20 4.96 7723
20140113 4.95 4.97 5.06 4.92 8465
20140114 4.97 5.15 5.17 4.96 8390
20140115 5.15 5.16 5.20 5.11 4431
20140116 5.19 5.12 5.24 5.12 5501
20140117 5.11 5.04 5.15 5.00 7169
20140120 4.99 5.03 5.05 4.92 3721
20140121 5.03 5.17 5.23 5.03 10472
20140122 5.17 5.28 5.29 5.14 10125
20140123 5.27 5.23 5.36 5.22 9186
20140124 5.26 5.33 5.35 5.24 7006
20140127 5.30 5.23 5.32 5.20 8232
20140128 5.28 5.16 5.28 5.15 10123
20140129 5.22 5.26 5.28 5.15 10855
20140130 5.21 5.21 5.28 5.18 7291
20140207 5.17 5.30 5.32 5.13 9776
20140210 5.28 5.40 5.44 5.28 26311
20140211 5.40 5.53 5.54 5.34 19884
20140212 5.49 5.57 5.59 5.46 14746
20140213 5.56 5.58 5.62 5.48 22524
20140214 5.57 5.60 5.60 5.50 15240
20140217 5.62 5.80 5.90 5.58 22657
20140218 5.74 5.91 6.33 5.72 56599
20140219 5.90 5.81 5.91 5.72 24090
20140220 5.80 5.69 5.84 5.66 13753
20140221 5.70 5.62 5.74 5.58 10436
20140224 5.60 5.56 5.60 5.47 20557
20140225 5.55 5.32 5.59 5.27 20354
20140226 5.31 5.38 5.38 5.23 9523
20140227 5.38 5.35 5.44 5.34 13566
20140228 5.34 5.41 5.42 5.25 9371
20140303 5.45 5.49 5.50 5.35 15009
20140304 5.49 5.52 5.53 5.41 12534
20140305 5.52 5.51 5.55 5.49 8724
20140306 5.52 5.53 5.62 5.49 13124
20140307 5.54 5.51 5.58 5.51 11268
20140310 5.49 5.26 5.49 5.25 12431
20140311 5.26 5.35 5.38 5.22 7635
20140312 5.37 5.36 5.39 5.21 9886
20140313 5.39 5.41 5.42 5.31 14016
20140314 5.40 5.38 5.41 5.32 7174
20140317 5.38 5.47 5.48 5.36 12444
20140318 5.47 5.57 5.62 5.46 13150
20140319 5.52 5.58 5.62 5.52 8697
20140320 5.58 5.45 5.64 5.40 10736
20140321 5.41 5.60 5.61 5.40 17291
20140324 5.60 5.68 5.75 5.57 22141
20140325 5.70 5.68 5.72 5.62 17590
20140326 5.67 5.70 5.74 5.65 11478
20140327 5.70 5.60 5.73 5.59 12225
20140328 5.60 5.52 5.62 5.49 8560
20140331 5.52 5.55 5.60 5.49 9854
20140401 5.54 5.69 5.70 5.51 17523
20140402 5.70 5.70 5.77 5.66 16336
20140403 5.70 5.73 5.84 5.70 38282
20140404 5.69 5.79 5.80 5.67 15097
20140408 5.78 5.79 5.83 5.75 17839
20140409 5.81 5.81 5.83 5.74 14600
20140410 5.80 5.84 5.94 5.75 27945
20140411 5.80 6.04 6.13 5.78 60211
20140414 5.98 6.20 6.22 5.88 61340
20140415 6.15 6.02 6.18 6.00 40285
20140416 5.96 6.05 6.09 5.96 17130
20140417 6.06 6.14 6.28 6.02 36578
20140418 6.14 6.19 6.23 6.06 21960
20140421 6.17 6.10 6.27 6.07 26970
20140422 6.08 5.95 6.10 5.89 31288
20140423 5.97 5.99 6.01 5.92 12081
20140424 5.97 5.92 6.09 5.89 18169
20140425 5.95 5.78 5.95 5.76 13590
20140428 5.77 5.60 5.78 5.56 17004
20140429 5.66 5.80 5.82 5.60 10633
20140430 5.75 5.77 5.85 5.71 9369
20140505 5.76 5.85 5.90 5.67 8082
20140506 5.80 6.11 6.16 5.71 27463
20140507 6.06 5.92 6.11 5.91 21126
20140508 5.95 6.25 6.39 5.88 62584
20140509 6.24 6.29 6.32 6.15 33772
20140512 6.27 6.33 6.35 6.20 37756
20140513 6.33 6.24 6.46 6.19 31340
20140514 6.20 6.21 6.30 6.13 24595
20140515 6.21 5.98 6.22 5.97 26875
20140516 5.93 6.18 6.19 5.93 23679
20140519 6.15 6.38 6.47 6.12 30323
20140520 6.36 6.30 6.45 6.27 20084
20140521 6.28 6.57 6.59 6.26 44439
20140522 6.56 6.48 6.57 6.44 28696
20140523 6.44 6.51 6.58 6.34 22162
20140526 6.48 6.39 6.48 6.28 32643
20140527 6.36 6.26 6.44 6.24 20767
20140528 6.27 6.55 6.56 6.26 31856
20140529 6.50 6.61 6.71 6.44 43362
20140530 6.60 6.79 6.96 6.54 76217
20140603 6.74 6.72 6.78 6.65 22327
20140604 6.70 6.71 6.95 6.68 40038
20140605 6.71 7.12 7.17 6.52 86302
20140606 7.05 7.22 7.23 7.00 47989
20140609 7.14 7.06 7.32 7.00 43475
20140610 7.10 7.09 7.18 6.93 33956
20140611 7.03 7.41 7.46 7.00 51207
20140612 7.33 7.28 7.48 7.25 53514
20140613 7.28 7.28 7.35 7.16 35744
20140616 7.26 7.39 7.59 7.19 39730
20140617 7.37 7.29 7.53 7.19 36285
20140618 7.32 7.12 7.34 7.08 34727
20140619 7.10 6.92 7.15 6.82 34622
20140620 6.90 6.96 6.98 6.85 14894
20140623 7.00 6.97 7.05 6.90 18937
20140624 6.97 6.95 7.07 6.90 20144
20140625 6.93 6.96 6.99 6.85 14885
20140626 6.99 6.95 7.02 6.82 29628
20140627 6.88 7.03 7.09 6.88 22360
20140630 7.06 7.14 7.20 6.99 23930
20140701 7.09 7.42 7.47 7.09 34306
20140702 7.40 7.37 7.46 7.30 16970
20140703 7.37 7.37 7.41 7.28 16047
20140704 7.35 7.38 7.50 7.33 18391
20140707 7.38 7.20 7.38 7.17 20118
20140708 7.16 7.24 7.31 7.16 12035
20140709 7.21 7.12 7.29 7.10 16676
20140710 7.10 7.01 7.16 6.96 23857
20140711 7.00 7.13 7.15 7.00 11663
20140714 7.15 7.27 7.30 7.04 19637
20140715 7.28 7.46 7.47 7.21 31870
20140716 7.40 7.53 7.77 7.36 45746
20140717 7.50 7.45 7.59 7.33 26956
20140718 7.44 7.73 7.75 7.41 33083
20140721 7.71 7.79 8.07 7.63 48443
20140722 7.73 7.81 7.82 7.64 20324
20140723 7.79 7.53 7.79 7.52 30135
20140724 7.50 7.55 7.59 7.38 16792
20140725 7.58 7.76 7.80 7.46 15885
20140728 7.74 7.73 7.88 7.65 30529
20140729 7.70 7.84 7.95 7.68 32934
20140730 7.79 7.99 8.05 7.79 29967
20140731 8.05 7.99 8.08 7.94 15993
20140801 8.03 7.69 8.03 7.68 35075
20140804 7.95 7.99 8.28 7.86 131579
20140805 7.91 8.07 8.24 7.83 93076
20140806 8.02 7.91 8.02 7.85 57192
20140807 7.90 7.78 7.92 7.72 40239
20140808 7.78 7.92 8.01 7.77 28513
20140811 7.90 7.94 7.98 7.80 26267
20140812 7.94 7.87 7.95 7.83 24261
20140813 7.86 7.91 7.93 7.81 19927
20140814 7.87 7.94 8.07 7.87 40111
20140815 7.91 8.14 8.15 7.91 47858
20140818 8.12 8.31 8.34 8.08 52597
20140819 8.28 8.35 8.39 8.23 40631
20140820 8.29 8.35 8.36 8.18 30018
20140821 8.34 8.19 8.34 8.14 38652
20140822 8.17 8.20 8.29 8.15 48932
20140825 8.22 7.93 8.22 7.92 42726
20140826 7.99 7.60 7.99 7.58 58645
20140827 7.61 7.74 7.78 7.61 32184
20140828 7.76 7.70 7.88 7.67 23464
20140829 7.73 7.84 7.84 7.66 17152
20140901 7.84 8.14 8.19 7.79 39971
20140902 8.14 8.16 8.24 8.03 34244
20140903 8.15 8.32 8.34 8.15 42028
20140904 8.30 8.46 8.48 8.27 49540
20140905 8.43 8.37 8.45 8.25 36752
20140909 8.38 8.46 8.57 8.27 39745
20140910 8.40 8.71 8.74 8.35 44019
20140911 8.75 8.68 8.93 8.64 43488
20140912 8.70 8.88 9.00 8.70 38243
20140915 8.99 8.94 8.99 8.82 31341
20140916 8.97 8.54 8.97 8.51 41196
20140917 8.53 8.77 8.84 8.38 31286
20140918 8.70 9.03 9.10 8.61 49272
20140919 9.00 9.69 9.84 9.00 73022
20140922 9.46 9.32 9.57 9.25 36633
20140923 9.32 9.40 9.40 9.26 29437
20140924 9.36 9.49 9.51 9.31 23282
20140925 9.56 9.37 9.57 9.30 25282
20140926 9.36 9.23 9.54 9.15 36798
20140929 9.28 9.47 9.49 9.25 40989
20140930 9.45 9.52 9.58 9.35 38301
20141008 9.80 9.70 9.98 9.56 72726
20141009 9.59 9.39 9.66 9.22 57571
20141010 9.34 9.40 9.48 9.24 34360
20141013 9.25 9.27 9.35 9.15 23515
20141014 9.30 9.65 9.75 9.22 49128
20141015 9.59 9.70 9.78 9.48 38552
20141016 9.64 9.49 9.82 9.45 33840
20141017 9.49 9.33 9.52 9.17 31282
20141020 9.30 9.21 9.42 9.16 35500
20141021 9.18 9.33 9.41 9.17 36350
20141022 9.29 9.41 9.67 8.54 42911
20141023 9.30 9.08 9.58 9.00 43999
20141024 9.07 9.53 9.70 9.05 55375
20141027 9.53 8.94 9.53 8.88 53527
20141028 8.97 9.14 9.17 8.92 32756
20141029 9.13 9.35 9.37 9.13 39828
20141030 9.29 9.38 9.50 9.23 29818
20141031 9.43 9.37 9.43 9.24 25284
20141103 9.37 9.67 9.68 9.25 51062
20141104 9.67 10.02 10.17 9.60 66712
20141105 9.92 9.95 10.10 9.78 39557
20141106 9.93 9.99 10.03 9.82 24917
20141107 10.00 10.25 10.63 10.00 63211
20141110 10.25 10.05 10.48 9.94 33332
20141111 10.07 9.53 10.10 9.38 48927
20141112 9.50 10.26 10.48 9.43 61558
20141113 10.21 10.58 10.59 10.14 55462
20141114 10.48 10.24 10.55 10.22 28218
20141117 10.24 10.10 10.28 9.85 18172
20141118 10.14 10.26 10.48 10.03 18187
20141119 10.16 10.04 10.33 9.91 24449
20141120 9.94 10.02 10.08 9.93 10621
20141121 10.00 10.18 10.25 9.71 25062
20141124 10.31 10.22 10.35 10.09 22650
20141125 10.18 10.26 10.35 9.98 27955
20141126 10.23 10.37 10.38 10.20 29209
20141127 10.38 10.55 10.83 10.33 37765
20141128 10.51 10.93 10.99 10.48 55905
20141201 10.86 10.38 10.93 10.35 51086
20141202 10.36 10.47 10.65 10.28 34431
20141203 10.46 10.43 10.49 10.05 51671
20141204 10.38 10.47 10.63 10.22 37369
20141205 10.43 9.93 10.43 9.70 48292
20141208 9.88 9.69 10.02 9.65 43313
20141209 9.66 8.81 9.72 8.74 80455
20141210 8.69 9.04 9.10 8.69 28378
20141211 9.00 9.34 9.39 9.00 28143
20141212 9.28 9.35 9.40 9.14 28814
20141215 9.28 9.56 9.61 9.18 31354
20141216 9.54 9.66 9.68 9.40 25138
20141217 9.62 9.47 9.77 9.34 39203
20141218 9.38 9.30 9.58 9.26 26239
20141219 9.24 8.87 9.30 8.80 31255
20141222 8.81 8.35 8.90 7.98 42574
20141223 8.33 8.33 8.53 8.17 24370
20141224 8.33 8.45 8.47 8.27 22929
20141225 8.38 8.53 8.60 8.37 24972
20141226 8.45 8.72 8.81 8.41 24625
20141229 8.81 8.99 9.05 8.57 25991
20141230 8.97 9.15 9.25 8.85 32522
20141231 9.20 9.25 9.28 8.91 34540
20150105 9.18 8.95 9.25 8.90 26788
20150106 8.95 8.95 8.97 8.83 17588
20150107 8.93 8.76 8.93 8.73 19044
20150108 8.78 8.75 8.91 8.72 15133
20150109 8.75 8.60 8.80 8.56 27102
20150112 8.55 8.29 8.55 8.26 18770
20150113 8.30 8.38 8.40 8.24 14121
20150114 8.38 8.64 8.66 8.34 27460
20150115 8.65 8.64 8.82 8.61 16705
20150116 8.64 8.79 8.80 8.48 15186
20150119 8.58 8.63 9.04 8.41 48593
20150120 8.63 8.98 9.05 8.63 40105
20150121 9.01 9.08 9.18 9.00 34277
20150122 9.08 9.05 9.11 8.80 36840
20150123 9.03 9.48 9.50 8.89 49430
20150126 9.47 9.73 9.98 9.30 77843
20150127 9.72 9.43 9.75 9.31 37729
20150128 9.43 9.40 9.46 9.20 31140
20150129 9.31 9.36 9.42 9.28 15582
20150130 9.37 9.15 9.39 9.10 21410
20150202 9.03 9.31 9.39 8.90 24841
20150203 9.30 9.41 9.57 9.25 23054
20150204 9.37 9.86 9.98 9.37 58687
20150205 9.95 9.68 9.95 9.61 25894
20150206 9.58 9.61 9.78 9.33 34453
20150209 9.61 9.46 9.73 9.37 17576
20150210 9.40 9.45 9.51 9.30 13651
20150211 9.46 9.33 9.48 9.24 14550
20150212 9.34 9.54 9.60 9.33 14012
20150213 9.54 9.58 9.66 9.48 23118
20150216 9.58 9.76 9.83 9.53 24398
20150217 9.76 9.93 9.95 9.71 20996
20150225 9.95 10.26 10.29 9.73 45149
20150226 10.16 10.08 10.22 9.98 27613
20150227 10.07 10.21 10.41 10.02 41112
20150302 10.24 10.21 10.35 10.15 35365
20150303 10.22 9.99 10.24 9.95 41596
20150304 9.92 10.25 10.28 9.87 34319
20150305 10.23 10.41 10.48 10.03 41597
20150306 10.55 10.32 10.79 10.25 40969
20150309 10.24 10.70 10.71 10.04 41936
20150310 10.75 11.17 11.22 10.62 52842
20150311 11.02 10.91 11.28 10.80 33873
20150312 10.81 11.00 11.19 10.64 40587
20150313 10.91 11.13 11.20 10.91 25565
20150316 11.23 11.18 11.36 11.06 32011
20150317 11.17 11.34 11.37 11.00 55601
20150318 11.27 11.83 11.97 11.23 51424
20150319 11.70 11.62 11.82 11.49 43247
20150320 11.70 11.80 11.90 11.50 35949
20150323 11.75 12.13 12.22 11.75 46629
20150324 12.16 12.04 12.16 11.70 46735
20150325 12.04 11.98 12.04 11.68 61372
20150326 11.90 12.33 12.57 11.72 54143
20150327 12.20 12.35 12.50 12.10 30741
20150330 12.40 12.70 13.00 12.23 43881
20150331 12.50 12.63 12.88 12.41 31444
20150401 12.70 13.23 13.26 12.66 38616
20150402 13.20 14.55 14.55 13.20 77646
20150403 14.80 16.01 16.01 14.79 86333
20150407 16.49 16.39 16.49 15.51 170818
20150408 16.27 15.45 16.27 15.26 115273
20150409 15.40 14.89 15.43 13.91 185363
20150410 14.41 14.71 14.85 14.00 95556
20150413 14.69 14.82 15.20 14.31 86629
20150414 14.78 14.32 14.80 14.10 77959
20150415 14.17 13.85 14.32 13.50 60726
20150416 13.77 13.98 14.15 13.30 62603
20150417 14.00 14.49 14.88 14.00 109540
20150420 14.37 13.95 14.37 13.52 90493
20150421 13.83 14.35 14.45 13.78 68788
20150422 14.58 14.84 15.05 14.35 87889
20150423 15.07 14.81 15.12 14.60 93304
20150424 14.70 14.81 14.98 14.30 56965
20150427 15.22 14.81 15.30 14.73 50858
20150428 14.82 14.23 14.82 14.00 60843
20150429 14.02 14.53 14.73 14.01 51533
20150430 14.70 14.57 15.29 14.48 53791
20150504 14.50 14.80 14.88 14.02 47851
20150505 14.68 14.48 14.98 14.36 59021
20150506 14.56 15.03 15.65 14.38 101672
20150507 14.89 15.46 15.80 14.74 87981
20150508 15.46 16.18 16.45 15.41 105975
20150511 16.30 17.64 17.80 15.90 132631
20150512 17.76 17.39 18.68 17.15 103573
20150513 17.40 17.00 17.50 16.72 110090
20150514 17.21 18.44 18.63 17.03 99345
20150515 18.20 17.89 18.25 17.20 80535
20150518 17.77 17.91 18.65 17.06 55499
20150519 18.19 17.91 18.19 17.50 60730
20150520 17.91 19.13 19.57 17.77 72839
20150521 19.16 21.04 21.04 19.16 85794
20150522 22.25 21.44 22.25 20.00 96654
20150525 21.20 21.44 21.95 20.60 78353
20150526 21.57 22.69 22.80 21.56 77045
20150527 22.70 24.72 24.96 22.41 120118
20150528 24.40 22.27 25.59 22.25 117197
20150529 22.00 22.92 23.80 21.11 94094
20150601 23.10 24.91 25.01 23.10 75711
20150602 24.94 25.83 25.92 24.80 79989
20150603 26.00 25.11 26.48 24.90 61228
20150604 25.17 24.56 25.49 22.81 72015
20150605 24.91 25.70 25.97 23.53 70040
20150608 25.50 24.81 25.50 24.65 49438
20150609 24.50 24.15 24.50 22.95 47566
20150610 23.98 24.37 25.08 23.00 52238
20150611 24.00 25.07 25.50 23.81 51694
20150612 25.08 26.42 26.97 25.08 63833
20150615 26.50 25.10 26.66 25.02 71417
20150616 24.32 23.84 24.79 23.50 42769
20150617 23.78 24.04 24.12 21.58 53150
20150618 24.11 23.45 24.50 23.30 33532
20150619 22.95 21.11 22.98 21.11 37325
20150623 20.75 19.99 21.28 19.03 65785
20150624 20.18 20.57 20.80 19.78 47045
20150625 20.57 19.05 20.58 18.72 66416
20150626 18.01 17.15 18.30 17.15 43249
20150629 17.45 15.44 17.45 15.44 71731
20150630 14.37 15.83 16.20 13.90 89588
20150701 15.70 15.37 17.39 15.00 93039
20150702 15.41 13.83 16.02 13.83 107869
20150703 12.81 12.96 14.40 12.45 112866
20150706 14.26 11.66 14.26 11.66 117592
20150707 10.90 10.49 10.90 10.49 20603
20150708 9.44 9.44 9.44 9.44 32397
20150709 8.50 10.38 10.38 8.50 223263
20150710 10.90 11.42 11.42 10.66 110083
20150713 12.56 12.56 12.56 12.01 64552
20150714 13.70 13.82 13.82 13.00 279053
20150715 13.28 12.44 13.46 12.44 106867
20150716 11.55 12.53 13.07 11.20 126138
20150717 12.49 13.52 13.78 12.45 132440
20150720 13.92 14.68 14.82 13.65 170760
20150721 14.58 14.65 15.65 13.67 142071
20150722 14.64 14.78 14.85 14.01 118571
20150723 14.82 15.37 15.60 14.79 129887
20150724 15.40 14.66 15.49 14.31 132765
20150727 14.05 13.22 15.44 13.19 143051
20150728 12.30 12.76 13.45 12.00 107593
20150729 13.17 13.82 13.95 12.32 84400
20150730 13.60 13.31 14.03 13.02 92394
