20140102 3.94 3.93 3.95 3.91 75853
20140103 3.91 3.88 3.92 3.86 87820
20140106 3.87 3.82 3.87 3.79 124745
20140107 3.80 3.81 3.83 3.78 51076
20140108 3.82 3.80 3.85 3.78 82666
20140109 3.80 3.75 3.82 3.75 74993
20140110 3.75 3.74 3.76 3.71 78568
20140113 3.74 3.73 3.77 3.71 60189
20140114 3.72 3.75 3.77 3.71 83092
20140115 3.74 3.75 3.77 3.72 52713
20140116 3.75 3.76 3.77 3.72 59197
20140117 3.76 3.72 3.76 3.71 63679
20140120 3.72 3.73 3.73 3.70 48799
20140121 3.74 3.76 3.79 3.72 75407
20140122 3.77 3.83 3.84 3.75 115963
20140123 3.82 3.81 3.83 3.79 81732
20140124 3.78 3.81 3.84 3.75 98010
20140127 3.79 3.76 3.79 3.75 98543
20140128 3.76 3.79 3.79 3.74 101434
20140129 3.79 3.75 3.81 3.74 111364
20140130 3.75 3.73 3.77 3.72 79982
20140207 3.71 3.74 3.75 3.69 57958
20140210 3.74 3.81 3.82 3.73 124753
20140211 3.80 3.84 3.85 3.79 129214
20140212 3.82 3.83 3.85 3.81 97400
20140213 3.82 3.83 3.89 3.80 231940
20140214 3.83 3.88 3.90 3.83 144278
20140217 3.89 3.89 3.91 3.85 105721
20140218 3.88 3.83 3.91 3.81 140621
20140219 3.82 3.90 3.94 3.81 243279
20140220 3.87 3.85 3.92 3.85 163841
20140221 3.87 3.82 3.90 3.80 140025
20140224 3.81 3.74 3.81 3.72 122793
20140225 3.74 3.69 3.75 3.68 130980
20140226 3.70 3.68 3.70 3.65 110654
20140227 3.69 3.66 3.69 3.63 147493
20140228 3.65 3.69 3.70 3.63 90994
20140303 3.68 3.71 3.75 3.66 123954
20140304 3.71 3.69 3.71 3.65 87724
20140305 3.68 3.65 3.70 3.64 74898
20140306 3.66 3.65 3.67 3.62 73430
20140307 3.64 3.64 3.68 3.64 71606
20140310 3.59 3.46 3.59 3.45 247547
20140311 3.46 3.49 3.49 3.43 98023
20140312 3.49 3.49 3.52 3.46 66384
20140313 3.49 3.52 3.53 3.48 66616
20140314 3.50 3.50 3.51 3.47 52820
20140317 3.51 3.54 3.58 3.48 70857
20140318 3.53 3.51 3.54 3.49 76496
20140319 3.50 3.47 3.50 3.43 105334
20140320 3.46 3.44 3.48 3.43 91242
20140321 3.41 3.51 3.52 3.41 161332
20140324 3.51 3.58 3.58 3.48 238760
20140325 3.58 3.56 3.60 3.53 225469
20140326 3.54 3.53 3.57 3.51 217775
20140327 3.52 3.51 3.55 3.44 303946
20140328 3.51 3.47 3.51 3.46 144842
20140331 3.47 3.44 3.47 3.42 147416
20140401 3.44 3.46 3.48 3.43 100110
20140402 3.46 3.50 3.51 3.45 119999
20140403 3.53 3.47 3.53 3.47 81288
20140404 3.46 3.48 3.49 3.45 79914
20140408 3.46 3.51 3.53 3.46 196225
20140409 3.53 3.53 3.54 3.50 172879
20140410 3.54 3.61 3.65 3.52 525035
20140411 3.62 3.57 3.64 3.54 339822
20140414 3.56 3.56 3.57 3.52 95790
20140415 3.55 3.52 3.55 3.51 165110
20140416 3.50 3.50 3.53 3.49 102420
20140417 3.50 3.51 3.52 3.49 87844
20140418 3.49 3.48 3.50 3.47 128454
20140421 3.47 3.45 3.49 3.45 101628
20140422 3.44 3.41 3.45 3.40 181534
20140423 3.41 3.42 3.43 3.40 66967
20140424 3.42 3.43 3.43 3.41 83512
20140425 3.43 3.36 3.43 3.35 213686
20140428 3.35 3.32 3.35 3.30 173449
20140429 3.33 3.33 3.34 3.29 65304
20140430 3.33 3.31 3.34 3.31 85537
20140505 3.31 3.31 3.32 3.28 79338
20140506 3.31 3.32 3.34 3.29 93046
20140507 3.32 3.29 3.32 3.28 77716
20140508 3.30 3.30 3.33 3.28 92464
20140509 3.30 3.29 3.31 3.28 80877
20140512 3.31 3.40 3.41 3.28 316562
20140513 3.39 3.36 3.39 3.35 127805
20140514 3.36 3.37 3.38 3.35 74238
20140515 3.37 3.33 3.38 3.32 68549
20140516 3.34 3.33 3.34 3.30 59413
20140519 3.32 3.29 3.32 3.28 55713
20140520 3.31 3.30 3.32 3.28 78157
20140521 3.29 3.32 3.32 3.26 108412
20140522 3.32 3.30 3.35 3.29 85755
20140523 3.29 3.31 3.32 3.28 49646
20140526 3.31 3.33 3.33 3.31 48333
20140527 3.32 3.31 3.34 3.30 58383
20140528 3.31 3.32 3.32 3.28 99178
20140529 3.32 3.30 3.33 3.29 83233
20140530 3.29 3.28 3.31 3.28 98983
20140603 3.30 3.27 3.30 3.27 95888
20140604 3.28 3.25 3.29 3.23 114160
20140605 3.24 3.26 3.27 3.23 88401
20140606 3.26 3.27 3.28 3.24 91504
20140609 3.26 3.26 3.28 3.24 98101
20140610 3.27 3.31 3.31 3.24 136091
20140611 3.31 3.33 3.37 3.29 232283
20140612 3.32 3.31 3.33 3.29 77488
20140613 3.30 3.32 3.34 3.29 102911
20140616 3.33 3.33 3.34 3.31 90314
20140617 3.32 3.30 3.33 3.29 60284
20140618 3.29 3.28 3.31 3.28 59062
20140619 3.28 3.24 3.29 3.22 114261
20140620 3.24 3.24 3.25 3.21 105863
20140623 3.24 3.23 3.25 3.23 92786
20140624 3.23 3.26 3.26 3.22 94424
20140625 3.25 3.24 3.25 3.22 51728
20140626 3.24 3.25 3.27 3.23 70380
20140627 3.25 3.26 3.29 3.24 116333
20140630 3.26 3.29 3.30 3.26 86005
20140701 3.28 3.28 3.30 3.27 94739
20140702 3.28 3.30 3.31 3.27 90779
20140703 3.30 3.35 3.40 3.28 273614
20140704 3.34 3.32 3.35 3.32 103866
20140707 3.31 3.30 3.32 3.29 71901
20140708 3.31 3.35 3.38 3.29 180107
20140709 3.35 3.30 3.35 3.30 88876
20140710 3.30 3.32 3.33 3.29 59073
20140711 3.31 3.34 3.34 3.30 125370
20140714 3.34 3.36 3.37 3.32 117024
20140715 3.33 3.33 3.38 3.30 186718
20140716 3.33 3.36 3.42 3.32 293187
20140717 3.36 3.33 3.37 3.32 123015
20140718 3.30 3.35 3.37 3.28 173833
20140721 3.35 3.37 3.37 3.33 108719
20140722 3.37 3.39 3.41 3.35 169741
20140723 3.39 3.38 3.41 3.36 132477
20140724 3.38 3.43 3.48 3.37 289183
20140725 3.45 3.45 3.46 3.42 153457
20140728 3.45 3.59 3.60 3.45 624283
20140729 3.58 3.57 3.59 3.55 200491
20140730 3.55 3.60 3.64 3.54 319527
20140731 3.59 3.61 3.62 3.56 193027
20140801 3.60 3.54 3.62 3.53 281704
20140804 3.54 3.67 3.68 3.53 364422
20140805 3.66 3.65 3.70 3.62 266445
20140806 3.64 3.70 3.72 3.59 331576
20140807 3.71 3.62 3.73 3.61 249982
20140808 3.61 3.61 3.64 3.60 130871
20140811 3.62 3.69 3.70 3.61 238850
20140812 3.67 3.69 3.69 3.65 121883
20140813 3.69 3.64 3.69 3.59 312888
20140814 3.63 3.59 3.67 3.58 221245
20140815 3.60 3.64 3.64 3.59 218080
20140818 3.63 3.62 3.66 3.59 324461
20140819 3.62 3.64 3.65 3.59 297054
20140820 3.64 3.64 3.65 3.61 150052
20140821 3.63 3.61 3.63 3.58 244339
20140822 3.61 3.61 3.62 3.59 114314
20140825 3.62 3.72 3.88 3.56 688399
20140826 3.67 3.58 3.68 3.58 417805
20140827 3.57 3.56 3.59 3.55 157660
20140828 3.56 3.55 3.57 3.52 146234
20140829 3.55 3.57 3.57 3.53 94073
20140901 3.57 3.58 3.59 3.55 122125
20140902 3.59 3.63 3.64 3.58 277208
20140903 3.64 3.66 3.68 3.63 328303
20140904 3.68 3.70 3.70 3.65 288817
20140905 3.71 3.73 3.77 3.68 401462
20140909 3.76 3.80 3.83 3.73 700747
20140910 3.77 3.79 3.85 3.74 307793
20140911 3.79 3.75 3.82 3.72 273957
20140912 3.74 3.83 3.86 3.72 472554
20140915 3.82 3.91 3.96 3.80 607308
20140916 3.92 3.84 4.02 3.83 832806
20140917 3.84 3.84 3.88 3.78 323077
20140918 3.82 3.84 3.91 3.81 288462
20140919 3.84 3.88 3.91 3.82 260266
20140922 3.87 3.79 3.87 3.76 219596
20140923 3.78 3.81 3.82 3.77 119792
20140924 3.80 3.86 3.87 3.78 202278
20140925 3.88 3.92 4.00 3.87 411164
20140926 3.90 4.00 4.05 3.89 428128
20140929 4.00 3.99 4.04 3.95 489635
20140930 4.04 3.99 4.10 3.96 592631
20141008 3.99 3.98 4.00 3.91 278653
20141009 3.98 3.97 4.00 3.94 201897
20141010 3.95 4.00 4.03 3.95 396091
20141013 3.98 3.97 3.98 3.91 204142
20141014 3.93 3.93 3.99 3.90 183887
20141015 3.94 4.32 4.32 3.94 1484819
20141016 4.31 4.41 4.67 4.25 2148777
20141017 4.32 4.28 4.39 4.20 947110
20141020 4.22 4.24 4.27 4.14 808919
20141021 4.21 4.22 4.29 4.15 529014
20141022 4.20 4.19 4.26 4.17 407169
20141023 4.19 4.07 4.22 4.06 440562
20141024 4.05 4.01 4.09 3.99 286198
20141027 4.00 4.07 4.11 3.94 354574
20141028 4.10 4.20 4.22 4.08 473169
20141029 4.22 4.36 4.48 4.18 1254966
20141030 4.30 4.47 4.61 4.20 1372213
20141031 4.42 4.42 4.55 4.37 872380
20141103 4.42 4.63 4.80 4.41 1467102
20141104 4.64 4.66 4.86 4.56 1076059
20141105 4.74 4.62 4.78 4.56 684674
20141106 4.58 4.54 4.61 4.46 573764
20141107 4.57 4.57 4.73 4.53 848820
20141110 4.59 4.76 4.79 4.54 992189
20141111 4.79 4.72 5.05 4.58 1433869
20141112 4.71 4.88 4.96 4.65 921351
20141113 4.90 5.03 5.08 4.88 939390
20141114 5.18 4.98 5.22 4.94 895895
20141117 5.01 4.86 5.03 4.74 526158
20141118 4.86 4.76 4.86 4.68 470894
20141119 4.77 4.81 4.87 4.76 341090
20141120 4.80 4.76 4.81 4.69 188886
20141121 4.72 4.82 4.83 4.64 549071
20141124 4.86 4.95 5.04 4.77 954108
20141125 4.94 4.99 5.07 4.88 799681
20141126 5.02 4.96 5.04 4.88 666143
20141127 4.99 5.11 5.13 4.93 788089
20141128 5.51 5.62 5.62 5.46 2249296
20141201 5.85 6.18 6.18 5.85 2121110
20141202 6.00 6.32 6.56 5.80 2188399
20141203 6.28 6.17 6.50 6.01 1701874
20141204 6.13 6.33 6.39 6.01 1222229
20141205 6.35 6.14 6.52 6.04 1503821
20141208 6.18 6.34 6.47 6.15 1594264
20141209 6.70 6.15 6.86 6.01 2133105
20141210 6.07 6.33 6.36 5.87 1285659
20141211 6.68 6.96 6.96 6.55 1361861
20141212 7.38 7.09 7.45 6.85 2031196
20141215 7.32 7.06 7.38 6.94 1295287
20141216 7.25 7.29 7.35 6.98 1580848
20141217 7.30 7.66 7.86 7.10 2085234
20141218 7.39 7.73 7.99 7.31 1893610
20141219 7.66 8.50 8.50 7.66 2589354
20141222 8.35 7.98 8.51 7.85 2460907
20141223 8.17 7.55 8.27 7.46 1424247
20141224 7.38 7.09 7.47 6.95 1799649
20141225 7.20 7.54 7.55 7.05 1311187
20141226 7.58 7.80 7.99 7.31 1520142
20141229 7.78 7.83 8.10 7.66 1460060
20141230 7.94 7.81 8.04 7.62 1104456
20141231 7.72 7.84 7.92 7.62 960962
20150105 7.98 8.62 8.62 7.98 2316117
20150106 9.00 8.98 9.35 8.66 2263873
20150107 9.27 9.17 9.57 9.05 1642053
20150108 9.02 8.80 9.04 8.65 1119712
20150109 8.63 8.78 9.19 8.62 1060966
20150112 8.79 8.94 8.96 8.41 841050
20150113 9.12 8.96 9.38 8.94 1002465
20150114 8.92 8.69 8.92 8.46 789398
20150115 8.46 8.73 8.74 8.20 930948
20150116 8.74 8.59 8.79 8.49 844500
20150119 7.90 7.73 8.24 7.73 1083124
20150120 7.65 7.94 7.95 7.64 928917
20150121 8.08 8.23 8.24 8.01 978082
20150122 8.16 8.14 8.25 8.03 650754
20150123 8.16 8.26 8.43 8.10 839919
20150126 8.40 8.55 8.58 8.19 924368
20150127 8.47 8.27 8.48 8.04 925478
20150128 8.10 8.02 8.16 8.00 617407
20150129 7.87 7.92 8.12 7.81 450754
20150130 7.92 7.69 8.03 7.65 618777
20150202 7.45 7.29 7.51 7.25 579521
20150203 7.29 7.41 7.45 7.06 743406
20150204 7.28 7.19 7.37 7.17 551311
20150205 7.41 7.21 7.51 7.17 585254
20150206 7.10 6.90 7.15 6.69 885557
20150209 6.80 6.84 6.93 6.71 386194
20150210 6.81 7.09 7.16 6.77 531777
20150211 7.17 7.13 7.20 7.05 330543
20150212 7.16 7.31 7.40 7.06 390717
20150213 7.31 7.31 7.38 7.20 429360
20150216 7.25 7.28 7.34 7.17 376969
20150217 7.27 7.75 7.85 7.27 868839
20150225 7.78 7.65 7.82 7.60 446273
20150226 7.60 7.67 7.72 7.38 504102
20150227 7.72 7.90 8.05 7.72 838186
20150302 7.89 7.82 7.89 7.67 484403
20150303 7.73 7.48 7.79 7.46 536128
20150304 7.46 7.46 7.55 7.38 312897
20150305 7.40 7.25 7.45 7.15 576774
20150306 7.25 7.32 7.65 7.23 452950
20150309 7.26 7.40 7.45 7.11 337090
20150310 7.36 7.57 7.66 7.34 527576
20150311 7.61 7.91 8.18 7.60 1160084
20150312 7.92 7.91 8.10 7.75 683272
20150313 8.04 8.39 8.68 8.04 1338040
20150316 8.63 8.78 8.85 8.34 1394052
20150317 8.82 9.66 9.66 8.65 2316671
20150318 10.00 10.03 10.63 9.92 3063010
20150319 9.71 9.68 9.77 9.54 1593261
20150320 9.70 9.37 9.73 9.23 1456866
20150323 9.30 9.41 9.50 9.24 1116520
20150324 9.33 9.86 9.99 9.25 1993872
20150325 9.59 9.42 9.61 9.36 1094421
20150326 9.36 9.18 9.37 9.05 1085003
20150327 9.10 9.20 9.29 9.00 676421
20150330 9.33 9.69 9.76 9.24 1425388
20150331 9.70 9.43 9.75 9.30 831652
20150401 9.38 9.98 10.11 9.38 1327945
20150402 9.80 9.84 9.92 9.61 900560
20150403 9.86 9.89 10.15 9.77 796890
20150407 9.70 10.55 10.88 9.60 1932108
20150408 10.46 10.42 10.88 10.06 1688039
20150409 10.59 10.27 10.65 10.01 1072998
20150410 10.26 10.44 10.60 10.12 784590
20150413 10.62 10.51 10.71 10.45 880141
20150414 10.61 10.42 10.71 10.30 725830
20150415 10.35 10.10 10.40 10.02 752569
20150416 9.86 10.14 10.25 9.71 826965
20150417 10.50 10.69 10.95 10.36 2014505
20150420 10.56 11.07 11.70 10.41 2432710
20150421 11.08 11.16 11.18 10.75 1154505
20150422 11.50 11.29 11.60 11.21 1206128
20150423 11.37 11.09 11.42 10.93 1107070
20150424 11.00 11.96 11.99 10.80 2113161
20150427 12.43 13.16 13.16 12.30 2834583
20150428 13.20 13.59 14.28 12.75 3074408
20150429 13.20 13.12 13.48 12.81 1413116
20150430 13.14 13.05 14.00 13.00 1519449
20150504 13.05 12.82 13.27 12.49 1147198
20150505 12.96 12.01 13.01 11.64 1244831
20150506 11.80 11.34 12.11 11.01 1072116
20150507 11.12 10.56 11.30 10.52 886427
20150508 10.70 11.61 11.62 10.70 1284750
20150511 11.70 11.79 11.98 11.37 1402992
20150512 11.78 11.75 11.85 11.37 1055632
20150513 11.55 11.29 11.70 11.20 886098
20150514 11.29 11.68 11.73 11.15 1023072
20150515 11.50 11.15 11.61 11.05 658110
20150518 10.95 10.83 11.29 10.80 658267
20150519 10.73 11.17 11.30 10.71 663789
20150520 11.35 11.25 11.70 11.10 911673
20150521 11.27 11.61 11.84 10.90 937256
20150522 11.79 11.97 12.00 11.44 1270352
20150525 11.90 12.55 12.76 11.83 1305169
20150526 12.57 12.71 12.81 12.22 1355072
20150527 12.75 12.79 13.53 12.75 1367946
20150528 12.70 11.52 12.70 11.51 1591072
20150529 11.42 11.19 11.65 10.68 957312
20150601 11.14 11.72 11.88 11.01 822531
20150602 11.65 11.99 12.00 11.52 846927
20150603 11.93 11.88 12.13 11.55 888165
20150604 11.97 11.79 12.06 11.00 817266
20150605 11.99 12.25 12.40 11.85 1318930
20150608 12.40 13.48 13.48 12.37 2184155
20150609 13.98 13.33 14.09 13.29 2597669
20150610 12.84 13.54 14.18 12.59 2006396
20150611 13.11 13.14 13.50 13.00 1010206
20150612 13.11 12.90 13.38 12.76 821051
20150615 12.96 13.09 13.49 12.90 1114053
20150616 12.89 12.93 13.43 12.47 1066444
20150617 12.75 12.72 12.92 12.06 1008530
20150618 12.80 13.21 13.98 12.66 1798595
20150619 12.50 11.89 13.20 11.89 1214385
20150623 11.79 12.98 13.03 11.30 1232028
20150624 13.18 14.28 14.28 13.18 2399635
20150625 14.56 14.29 15.25 13.80 2712760
20150626 13.55 13.96 15.15 13.08 2661346
20150629 14.58 15.36 15.36 14.38 3599401
20150729 13.78 14.50 14.89 13.78 5557247
20150730 13.69 13.05 13.87 13.05 3009724
