20140102 5.08 5.04 5.08 5.03 39989
20140103 5.04 4.95 5.04 4.93 62370
20140106 4.94 4.89 4.94 4.87 43543
20140107 4.88 4.90 4.91 4.86 24228
20140108 4.89 4.85 4.92 4.81 39165
20140109 4.85 4.75 4.87 4.75 29279
20140110 4.75 4.56 4.76 4.53 53228
20140113 4.55 4.59 4.59 4.53 21419
20140114 4.59 4.64 4.64 4.56 20436
20140115 4.64 4.59 4.65 4.55 19425
20140116 4.59 4.62 4.67 4.57 20459
20140117 4.61 4.55 4.61 4.55 15903
20140120 4.53 4.57 4.58 4.52 11412
20140121 4.59 4.61 4.63 4.55 13613
20140122 4.60 4.70 4.70 4.59 31721
20140123 4.70 4.67 4.72 4.65 25712
20140124 4.65 4.70 4.73 4.65 25850
20140127 4.66 4.68 4.70 4.66 19340
20140128 4.66 4.68 4.69 4.66 14283
20140129 4.67 4.70 4.70 4.67 15156
20140130 4.68 4.63 4.70 4.63 13268
20140207 4.60 4.68 4.68 4.58 25500
20140210 4.68 4.77 4.78 4.67 45570
20140211 4.76 4.77 4.81 4.73 28992
20140212 4.78 4.79 4.79 4.73 31125
20140213 4.78 4.74 4.79 4.73 33508
20140214 4.75 4.80 4.80 4.73 31458
20140217 4.81 4.83 4.83 4.78 49604
20140218 4.83 4.77 4.83 4.75 40847
20140219 4.77 4.82 4.85 4.75 47042
20140220 4.83 4.77 4.85 4.76 44303
20140221 4.76 4.74 4.80 4.71 32385
20140224 4.73 4.68 4.73 4.63 32005
20140225 4.68 4.61 4.72 4.59 45521
20140226 4.61 4.63 4.64 4.55 25968
20140227 4.63 4.73 4.76 4.61 53558
20140228 4.70 4.75 4.78 4.68 45094
20140303 4.76 4.82 4.84 4.74 61661
20140304 4.78 4.81 4.82 4.74 41537
20140305 4.81 4.79 4.85 4.76 29290
20140306 4.79 4.78 4.80 4.72 22979
20140307 4.79 4.92 4.98 4.79 113259
20140310 4.89 4.69 4.89 4.68 76178
20140311 4.68 4.70 4.72 4.64 29749
20140312 4.68 4.71 4.75 4.65 27458
20140313 4.75 4.91 4.94 4.75 114196
20140314 4.86 4.86 4.87 4.81 46152
20140317 4.85 4.87 4.91 4.82 38542
20140318 4.88 5.05 5.08 4.80 162088
20140319 4.99 4.97 5.07 4.96 113553
20140320 4.94 4.81 4.95 4.80 88361
20140321 4.78 4.91 4.92 4.73 63490
20140324 4.91 4.92 4.95 4.87 49233
20140325 4.91 4.98 5.09 4.88 85973
20140326 4.98 4.96 4.99 4.90 46603
20140327 4.93 4.90 4.97 4.89 36400
20140328 4.88 4.79 4.92 4.78 48427
20140331 4.79 4.82 4.86 4.77 26131
20140401 4.81 4.84 4.86 4.78 35606
20140402 4.83 4.93 4.93 4.83 41865
20140403 4.99 5.02 5.18 4.98 209039
20140404 5.01 5.29 5.43 4.96 339073
20140408 5.26 5.29 5.38 5.20 287503
20140409 5.26 5.28 5.34 5.18 153633
20140410 5.27 5.23 5.34 5.22 119320
20140411 5.19 5.10 5.20 5.07 129346
20140414 5.10 5.15 5.17 5.08 59997
20140415 5.15 5.12 5.15 5.08 57257
20140416 5.10 5.09 5.14 5.06 39786
20140417 5.11 5.07 5.12 5.06 33537
20140418 5.09 5.17 5.20 5.06 69457
20140421 5.15 4.99 5.18 4.99 59386
20140422 4.98 4.95 5.01 4.87 90200
20140423 4.94 4.95 4.98 4.92 23784
20140424 4.96 4.89 4.96 4.89 30475
20140425 4.90 4.80 4.90 4.78 38505
20140428 4.78 4.64 4.79 4.60 52828
20140429 4.64 4.70 4.71 4.64 32143
20140430 4.71 4.80 4.82 4.70 38219
20140505 4.78 4.81 4.82 4.74 23159
20140506 4.81 4.81 4.85 4.78 30586
20140507 4.80 4.71 4.80 4.70 26467
20140508 4.68 4.71 4.78 4.67 38843
20140509 4.71 4.73 4.74 4.67 24356
20140512 4.76 4.83 4.85 4.75 55059
20140513 4.84 4.81 4.84 4.79 27723
20140514 4.81 4.79 4.82 4.78 22600
20140515 4.78 4.72 4.81 4.71 23444
20140516 4.70 4.72 4.73 4.68 24362
20140519 4.72 4.67 4.72 4.64 31146
20140520 4.70 4.70 4.73 4.67 25914
20140521 4.70 4.76 4.76 4.65 22023
20140522 4.77 4.72 4.79 4.72 28963
20140523 4.72 4.77 4.78 4.69 16406
20140526 4.77 4.79 4.80 4.75 28299
20140527 4.78 4.75 4.79 4.74 18053
20140528 4.77 4.79 4.81 4.75 51675
20140529 4.79 4.73 4.80 4.72 24800
20140530 4.73 4.76 4.77 4.72 20517
20140603 4.75 4.74 4.78 4.73 16796
20140604 4.74 4.71 4.76 4.68 23254
20140605 4.69 4.78 4.85 4.68 38883
20140606 4.78 4.78 4.80 4.73 22721
20140609 4.76 4.76 4.81 4.75 20119
20140610 4.75 4.78 4.81 4.74 20681
20140611 4.79 4.79 4.80 4.75 17792
20140612 4.80 4.79 4.82 4.77 26307
20140613 4.78 4.82 4.83 4.76 35768
20140616 4.77 4.75 4.77 4.71 32736
20140617 4.75 4.70 4.75 4.69 27730
20140618 4.70 4.65 4.71 4.65 27788
20140619 4.66 4.58 4.68 4.56 29034
20140620 4.58 4.61 4.62 4.55 27963
20140623 4.62 4.61 4.64 4.60 18720
20140624 4.61 4.64 4.65 4.61 21277
20140625 4.65 4.58 4.66 4.57 24962
20140626 4.60 4.65 4.66 4.59 35832
20140627 4.64 4.66 4.69 4.62 29153
20140630 4.65 4.71 4.73 4.65 40160
20140701 4.71 4.74 4.76 4.69 39182
20140702 4.75 4.74 4.75 4.70 30287
20140703 4.74 4.77 4.77 4.71 37358
20140704 4.76 4.75 4.79 4.73 28249
20140707 4.74 4.76 4.77 4.72 25988
20140708 4.75 4.82 4.82 4.72 64071
20140709 4.81 4.78 4.84 4.77 59216
20140710 4.77 4.87 4.94 4.75 159353
20140711 4.89 4.85 4.92 4.82 81177
20140714 4.85 4.86 4.87 4.75 71363
20140715 4.85 4.85 4.90 4.81 62893
20140716 4.80 4.88 4.95 4.79 70607
20140717 4.88 4.85 4.89 4.81 42933
20140718 4.82 4.84 4.88 4.81 38671
20140721 4.85 4.81 4.85 4.80 25525
20140722 4.81 4.93 4.94 4.79 93952
20140723 4.93 4.93 4.96 4.88 69274
20140724 4.91 4.95 4.96 4.89 64205
20140725 4.95 5.07 5.08 4.93 145233
20140728 5.07 5.07 5.15 5.02 108998
20140729 5.07 5.05 5.08 5.04 61879
20140730 5.04 5.05 5.12 5.02 90949
20140731 5.06 5.08 5.09 5.03 61614
20140801 5.07 5.01 5.11 5.00 78694
20140804 5.01 5.11 5.12 4.99 110120
20140805 5.11 5.20 5.25 5.09 138629
20140806 5.20 5.19 5.21 5.10 111808
20140807 5.19 5.12 5.22 5.11 116855
20140808 5.10 5.24 5.26 5.10 149762
20140811 5.25 5.35 5.41 5.19 140415
20140812 5.34 5.45 5.57 5.29 178610
20140813 5.42 5.63 5.80 5.41 183559
20140814 5.68 5.55 5.73 5.54 107912
20140815 5.55 5.52 5.58 5.44 75619
20140818 5.67 6.07 6.07 5.67 393975
20140819 5.97 6.13 6.24 5.90 301183
20140820 6.07 6.01 6.24 5.99 154652
20140821 6.03 6.14 6.18 5.93 107786
20140822 6.12 6.57 6.65 6.08 252080
20140825 6.55 6.41 6.65 6.36 155260
20140826 6.36 6.22 6.51 6.12 163568
20140827 6.22 6.27 6.28 6.11 104401
20140828 6.25 6.33 6.44 6.17 94911
20140829 6.30 6.44 6.52 6.22 96528
20140901 6.49 6.75 6.83 6.32 126479
20140902 6.73 6.85 6.88 6.61 107950
20140903 6.85 6.83 6.93 6.76 62886
20140904 6.82 7.31 7.45 6.73 159879
20140905 7.28 7.40 7.55 7.21 101005
20140909 7.49 7.48 8.06 7.23 161959
20140910 7.45 7.60 7.66 7.24 70834
20140911 7.52 7.87 8.05 7.47 147122
20140912 7.84 8.01 8.08 7.71 100764
20140915 7.99 7.97 8.04 7.85 105111
20140916 7.97 7.31 7.97 7.28 182539
20140917 7.25 7.35 7.40 6.97 131494
20140918 7.30 7.18 7.30 7.10 133653
20140919 7.18 7.36 7.41 7.14 105882
20140922 7.35 7.15 7.36 7.10 82542
20140923 7.23 7.19 7.25 7.07 112190
20140924 7.18 7.07 7.18 7.00 209049
20140925 7.10 7.06 7.15 7.01 151882
20140926 7.05 7.49 7.50 7.02 233554
20140929 7.48 7.77 7.78 7.37 192461
20140930 7.78 7.71 7.88 7.64 115668
20141008 7.70 7.61 7.70 7.45 99081
20141009 7.60 7.53 7.64 7.37 84653
20141010 7.50 7.36 7.60 7.30 80971
20141013 7.34 7.23 7.34 7.08 85731
20141014 7.20 7.28 7.29 7.12 55972
20141015 7.29 7.13 7.29 7.06 129029
20141016 7.08 7.02 7.12 6.98 96006
20141017 6.99 6.79 7.04 6.53 133215
20141020 6.79 6.94 6.96 6.71 67271
20141021 6.96 7.10 7.13 6.86 127645
20141022 7.09 6.81 7.09 6.73 92891
20141023 6.79 6.49 6.79 6.45 116445
20141024 6.51 6.51 6.57 6.40 66379
20141027 6.50 6.59 6.60 6.50 52775
20141028 6.60 6.92 6.95 6.60 93184
20141029 6.96 7.12 7.20 6.89 148041
20141030 7.13 7.40 7.51 7.05 191172
20141031 7.38 7.37 7.50 7.16 158136
20141103 7.37 7.34 7.44 7.27 94887
20141104 7.30 7.21 7.36 7.11 80797
20141105 7.30 7.43 7.83 7.30 257997
20141106 7.31 7.27 7.38 7.20 106649
20141107 7.27 7.22 7.57 7.21 130869
20141110 7.21 7.27 7.28 7.09 75409
20141111 7.35 7.04 7.37 7.00 108568
20141112 7.04 7.24 7.26 6.97 93577
20141113 7.21 7.05 7.22 6.98 106263
20141114 7.00 7.10 7.11 6.96 59193
20141117 7.10 7.12 7.20 7.02 79199
20141118 7.07 7.24 7.30 7.07 70029
20141119 7.26 7.24 7.36 7.20 76325
20141120 7.21 7.34 7.36 7.19 82701
20141121 7.34 7.47 7.48 7.30 108360
20141124 7.52 7.47 7.60 7.42 100944
20141125 7.49 7.48 7.54 7.35 114153
20141126 7.56 7.66 7.99 7.48 278063
20141127 7.75 7.56 7.79 7.41 188397
20141128 7.52 7.37 7.52 7.33 136718
20141201 7.38 7.39 7.47 7.32 100929
20141202 7.38 7.44 7.49 7.33 92983
20141203 7.44 7.46 7.51 7.41 180694
20141204 7.46 7.57 7.58 7.44 185951
20141205 7.58 7.17 7.64 7.06 200820
20141208 7.17 7.25 7.27 7.04 199736
20141209 7.28 7.18 7.62 7.14 318747
20141210 7.15 7.47 7.51 7.09 169506
20141211 7.40 7.52 7.56 7.37 160323
20141212 7.52 7.69 7.75 7.47 228563
20141215 7.68 7.71 7.76 7.57 147779
20141216 7.67 7.65 7.73 7.50 114666
20141217 7.58 7.46 7.63 7.35 131427
20141218 7.48 7.31 7.52 7.25 136930
20141219 7.31 7.36 7.44 7.10 167545
20141222 7.42 7.61 7.99 7.40 321678
20141223 7.67 7.20 7.70 7.17 166106
20141224 7.18 7.26 7.38 7.18 104343
20141225 7.27 7.45 7.47 7.20 138988
20141226 7.42 7.47 7.49 7.34 134886
20141229 7.53 7.56 7.65 7.39 205943
20141230 7.45 7.44 7.64 7.30 110211
20141231 7.40 7.69 7.75 7.32 213279
20150105 7.73 8.46 8.46 7.69 501965
20150106 8.46 8.25 8.46 8.12 307864
20150107 8.26 8.43 8.83 8.22 299120
20150108 8.44 8.20 8.44 8.12 159419
20150109 8.25 8.12 8.43 8.11 171351
20150112 8.05 7.70 8.10 7.66 151120
20150113 7.70 7.66 7.75 7.50 96128
20150114 7.63 7.70 7.78 7.60 75955
20150115 7.73 7.89 7.90 7.72 71274
20150116 7.95 7.83 7.97 7.72 85479
20150119 7.56 7.05 7.56 7.05 185778
20150120 7.09 7.19 7.23 7.09 129575
20150121 7.24 7.39 7.42 7.20 100414
20150122 7.42 7.42 7.44 7.31 100138
20150123 7.47 7.36 7.47 7.31 99344
20150126 7.36 7.57 7.60 7.30 118184
20150127 7.57 7.57 7.65 7.42 116308
20150128 7.53 7.49 7.59 7.47 77963
20150129 7.45 7.60 7.75 7.41 170500
20150130 7.63 7.49 7.70 7.48 109166
20150202 7.35 7.24 7.35 7.17 81945
20150203 7.22 7.28 7.32 7.16 135753
20150204 7.27 7.20 7.29 7.18 76466
20150205 7.27 7.12 7.29 7.12 70354
20150206 7.11 7.13 7.20 7.07 64188
20150209 7.13 7.08 7.15 7.03 42936
20150210 7.08 7.15 7.15 7.06 38560
20150211 7.14 7.19 7.22 7.14 42077
20150212 7.22 7.29 7.32 7.16 68322
20150213 7.30 7.40 7.42 7.28 94902
20150216 7.40 7.49 7.52 7.30 132144
20150217 7.49 7.64 7.83 7.40 226948
20150225 7.60 7.69 7.74 7.55 173162
20150226 7.66 7.65 7.67 7.60 128919
20150227 7.65 7.57 7.67 7.54 146493
20150302 7.61 7.74 7.75 7.60 188799
20150303 7.74 7.59 7.75 7.57 143761
20150304 7.61 7.86 7.94 7.61 209247
20150305 7.90 8.11 8.26 7.87 279250
20150306 8.11 7.95 8.15 7.89 125880
20150309 8.08 8.13 8.17 7.85 162685
20150310 8.14 8.23 8.35 8.05 149004
20150311 8.23 8.19 8.32 8.12 104862
20150312 8.19 8.01 8.29 7.96 171610
20150313 8.03 8.07 8.13 8.01 100048
20150316 8.15 8.40 8.43 8.15 188798
20150317 8.43 8.40 8.47 8.26 207631
20150318 8.40 8.60 8.66 8.35 199216
20150319 8.58 8.75 8.78 8.45 228423
20150320 8.75 9.10 9.18 8.64 289058
20150323 9.38 9.23 9.69 9.15 421099
20150324 9.24 9.04 9.27 8.77 345529
20150325 9.00 8.90 9.02 8.61 222212
20150326 8.87 8.99 9.09 8.75 200583
20150327 8.83 9.12 9.24 8.75 296701
20150330 9.10 9.12 9.21 8.99 326357
20150331 9.07 8.82 9.10 8.81 229543
20150401 8.80 9.08 9.12 8.80 234229
20150402 9.06 9.33 9.38 9.01 331923
20150403 9.25 9.94 10.20 9.18 614628
20150407 9.97 10.07 10.27 9.81 403552
20150408 10.05 9.78 10.12 9.63 339168
20150409 9.70 9.34 9.71 9.05 270006
20150410 9.34 9.55 9.65 9.30 213656
20150413 9.55 9.68 9.75 9.35 278916
20150414 9.74 9.78 10.08 9.64 321571
20150415 9.78 9.31 9.78 9.27 235120
20150416 9.29 9.39 9.52 9.11 175312
20150417 9.45 9.50 9.74 9.45 236226
20150420 9.44 9.19 9.44 9.13 257330
20150421 9.22 9.41 9.42 9.11 158324
20150422 9.70 9.75 9.85 9.52 306398
20150423 9.80 9.74 9.85 9.65 273898
20150424 9.59 9.62 9.77 9.45 217251
20150427 9.86 10.58 10.58 9.86 765945
20150428 10.45 10.60 10.98 10.37 689419
20150429 10.80 10.54 10.90 10.20 343645
20150430 10.65 11.07 11.50 10.52 473531
20150504 11.12 12.18 12.18 11.12 302614
20150505 13.03 11.53 13.26 11.50 678450
20150506 11.32 11.06 11.97 10.85 462809
20150507 10.96 10.25 10.96 10.18 242184
20150508 10.45 10.66 10.85 10.33 227711
20150511 10.71 11.14 11.15 10.53 264568
20150512 11.20 11.65 11.85 11.01 379613
20150513 11.65 11.26 11.65 11.00 322194
20150514 11.10 11.49 11.72 11.02 325440
20150515 11.36 11.12 11.36 11.01 236673
20150518 11.12 11.20 11.40 11.00 196763
20150519 11.16 11.48 11.49 11.13 238720
20150520 11.50 11.63 12.04 11.50 335344
20150521 11.65 11.88 11.93 11.45 270115
20150522 12.05 12.00 12.17 11.60 352396
20150525 12.02 12.54 12.63 11.88 365115
20150526 12.56 12.91 12.92 12.24 421173
20150527 12.91 12.94 13.20 12.48 368821
20150528 12.90 11.96 13.64 11.80 473065
20150529 11.86 12.18 12.38 11.44 319844
20150601 12.14 12.87 12.92 12.03 318739
20150602 12.98 13.66 13.70 12.90 428747
20150603 13.64 13.42 14.10 13.25 380823
20150604 13.35 13.45 13.47 12.40 252810
20150605 13.70 14.38 14.68 13.62 446370
20150608 14.70 14.53 14.98 14.00 396559
20150609 14.49 14.30 14.49 14.01 244647
20150610 14.44 14.52 14.94 14.10 268438
20150611 14.45 15.27 15.47 14.32 355163
20150612 15.25 16.80 16.80 15.11 545290
20150615 16.77 16.97 17.60 16.38 446156
20150616 16.66 15.80 16.75 15.30 309589
20150617 15.62 16.99 17.27 14.70 408641
20150618 16.86 16.44 17.89 16.41 383809
20150619 16.03 14.76 16.03 14.73 250702
20150623 14.70 14.98 15.00 13.28 262913
20150624 15.13 15.90 16.27 15.13 344621
20150625 15.90 15.08 16.28 14.60 356480
20150626 14.38 13.57 14.65 13.57 275770
20150629 13.90 13.14 14.25 12.21 339125
20150630 12.88 13.89 14.13 11.91 326444
20150701 13.85 12.50 14.20 12.50 266065
20150702 12.57 11.25 12.90 11.25 282832
20150703 10.64 10.13 11.18 10.13 209787
20150706 11.14 9.29 11.14 9.12 386358
20150707 8.50 8.36 9.08 8.36 167068
20150708 7.52 7.52 7.52 7.52 34580
20150709 6.77 8.27 8.27 6.77 395608
20150710 8.78 9.10 9.10 8.30 222155
20150713 10.00 10.01 10.01 9.46 353780
20150714 10.15 10.28 10.88 9.94 500299
20150715 9.96 9.25 10.19 9.25 325550
20150716 8.90 9.65 9.85 8.50 244955
20150717 9.85 10.34 10.47 9.70 255104
20150720 10.39 10.34 10.71 10.06 268582
20150721 10.18 11.14 11.37 10.01 425575
20150722 10.95 11.08 11.32 10.61 390813
20150723 11.09 11.30 11.43 10.98 279293
20150724 11.46 11.00 11.90 10.87 336153
20150727 10.70 9.90 11.30 9.90 304355
20150728 9.20 9.39 10.15 9.01 276305
20150729 9.75 10.31 10.33 9.23 246198
20150730 10.20 10.31 10.85 10.01 329115
