20140102 8.21 8.52 8.57 8.21 12782
20140103 8.50 8.35 8.51 8.29 3404
20140106 8.31 8.08 8.32 8.08 4090
20140107 8.08 8.20 8.29 8.02 2780
20140108 8.15 8.24 8.30 8.15 3245
20140109 8.24 8.23 8.31 8.22 4574
20140110 8.20 7.93 8.20 7.93 2588
20140113 7.94 7.93 8.10 7.85 4778
20140114 7.98 8.00 8.03 7.89 2481
20140115 7.96 8.10 8.20 7.96 2263
20140116 7.90 8.13 8.18 7.90 2293
20140117 8.01 8.12 8.18 8.00 1158
20140120 7.94 8.09 8.12 7.94 1645
20140121 8.10 8.14 8.14 8.05 2039
20140122 8.19 8.35 8.45 8.09 7262
20140123 8.29 8.41 8.52 8.29 7353
20140124 8.37 8.41 8.56 8.37 4712
20140127 8.35 8.43 8.45 8.35 2170
20140128 8.47 8.75 8.83 8.39 12491
20140129 8.77 9.63 9.63 8.50 49199
20140130 10.05 9.31 10.59 9.14 68042
20140207 9.18 9.03 9.18 8.74 41645
20140210 8.96 9.20 9.26 8.94 39223
20140211 9.19 9.09 9.22 9.03 20261
20140212 9.09 9.10 9.12 8.97 15688
20140213 9.13 9.46 9.89 9.04 48823
20140214 9.38 9.72 9.91 9.27 28745
20140217 9.73 9.75 10.00 9.54 27616
20140218 9.80 9.40 9.80 9.37 26112
20140219 9.37 9.40 9.58 9.36 18267
20140220 9.40 9.05 9.50 9.00 15385
20140221 9.05 9.15 9.16 9.02 7008
20140224 9.14 9.19 9.27 9.08 8386
20140225 9.17 8.98 9.43 8.79 11148
20140226 8.91 9.08 9.08 8.85 6350
20140227 9.10 9.12 9.19 9.00 6520
20140228 9.10 9.05 9.22 8.91 7115
20140303 9.05 9.27 9.27 8.96 9606
20140304 9.38 9.26 9.38 9.20 7301
20140305 9.32 9.15 9.32 9.13 6026
20140306 9.18 9.10 9.18 8.98 6048
20140307 9.10 9.05 9.14 9.03 5023
20140310 9.06 8.69 9.06 8.68 8385
20140311 9.04 8.75 9.04 8.67 4859
20140312 8.71 8.78 8.89 8.65 4375
20140313 8.79 8.84 8.93 8.79 3225
20140314 8.82 8.81 8.90 8.79 3031
20140317 8.83 8.90 8.92 8.80 3788
20140318 8.89 8.94 9.08 8.88 4989
20140319 8.95 8.95 9.00 8.90 3190
20140320 9.00 8.84 9.07 8.81 3733
20140321 8.72 8.93 8.99 8.70 5744
20140324 8.91 9.17 9.18 8.85 11031
20140325 9.12 9.17 9.27 9.10 7073
20140326 9.17 9.11 9.24 9.00 3081
20140327 9.15 9.00 9.20 9.00 6196
20140328 9.04 8.93 9.04 8.90 3503
20140331 8.89 9.14 9.18 8.86 6604
20140401 9.34 9.17 9.35 9.08 5067
20140402 9.20 9.00 9.20 8.87 3938
20140403 9.00 9.10 9.24 8.99 3913
20140404 9.08 9.11 9.14 9.07 4032
20140408 9.11 9.10 9.14 9.01 6618
20140409 9.09 9.16 9.19 9.06 5085
20140410 9.20 9.18 9.23 9.14 6370
20140411 9.15 9.21 9.24 9.00 6715
20140414 9.20 9.24 9.25 9.11 4573
20140415 9.23 9.19 9.30 9.17 4752
20140416 9.15 9.03 9.25 8.97 11528
20140417 8.85 9.02 9.11 8.85 3619
20140418 9.13 9.05 9.13 9.02 3455
20140421 9.09 8.97 9.11 8.92 4859
20140422 8.97 9.02 9.09 8.90 4563
20140423 9.02 8.88 9.03 8.88 2493
20140424 8.83 8.99 9.13 8.81 5802
20140425 8.99 8.76 9.05 8.75 3653
20140428 8.68 8.04 8.80 8.01 11730
20140429 8.00 8.09 8.15 7.96 6039
20140430 8.19 8.38 8.40 8.13 4307
20140505 8.30 8.58 8.60 8.23 5884
20140506 8.50 8.59 8.63 8.48 2565
20140507 8.54 8.46 8.64 8.36 3221
20140508 8.42 8.38 8.55 8.36 3870
20140509 8.45 8.36 8.45 8.28 2944
20140512 8.42 8.50 8.51 8.32 4311
20140513 8.46 8.45 8.51 8.38 2453
20140514 8.46 8.45 8.49 8.37 1700
20140515 8.46 8.47 8.59 8.42 4749
20140516 8.47 8.47 8.54 8.40 2378
20140519 8.49 8.37 8.49 8.20 2278
20140520 8.37 8.52 8.56 8.34 3025
20140521 8.51 8.52 8.54 8.45 1574
20140522 8.53 8.42 8.55 8.39 2160
20140523 8.47 8.50 8.50 8.37 2690
20140526 8.04 8.54 8.55 8.04 2293
20140527 8.55 8.51 8.55 8.46 2027
20140528 8.51 8.53 8.54 8.44 3978
20140529 8.51 8.50 8.58 8.38 2869
20140530 8.50 8.50 8.54 8.46 3153
20140603 8.53 8.63 8.64 8.47 4127
20140604 8.61 8.78 9.20 8.61 7221
20140605 8.83 8.68 8.83 8.61 4542
20140606 8.63 8.60 8.70 8.52 2645
20140609 8.64 8.75 8.77 8.60 3960
20140610 8.75 8.80 8.82 8.66 4071
20140611 8.80 8.76 8.94 8.71 2624
20140612 8.76 8.66 8.84 8.63 2958
20140613 8.61 8.68 8.71 8.61 4035
20140616 8.68 8.72 8.79 8.68 4942
20140617 8.70 8.56 8.73 8.50 3618
20140618 8.57 8.47 8.57 8.35 5537
20140619 8.50 8.26 8.50 8.18 4322
20140620 8.22 8.23 8.29 8.20 4246
20140623 8.23 8.45 8.55 8.23 4686
20140624 8.48 8.42 8.48 8.34 3967
20140625 8.40 8.44 8.49 8.32 2945
20140626 8.40 8.49 8.51 8.40 7691
20140627 8.54 8.64 8.74 8.44 7530
20140630 8.65 8.72 8.77 8.54 9098
20140701 8.76 8.70 8.78 8.65 6475
20140702 8.73 8.74 8.75 8.66 4948
20140703 8.75 8.82 8.98 8.75 5446
20140704 8.79 8.90 8.92 8.79 4182
20140707 8.98 8.87 8.98 8.81 3200
20140708 8.88 8.87 8.89 8.75 3233
20140709 8.92 8.62 8.92 8.61 3884
20140710 8.65 8.77 8.80 8.65 3332
20140711 8.66 8.92 8.95 8.66 5550
20140714 9.02 9.08 9.14 8.93 7837
20140715 9.06 9.17 9.25 9.06 11162
20140716 9.19 9.32 9.38 9.12 13696
20140717 9.36 9.25 9.36 9.16 7771
20140718 9.26 9.25 9.29 9.14 5239
20140721 9.25 9.25 9.32 9.09 4811
20140722 9.31 9.45 9.49 9.26 8823
20140723 9.55 10.40 10.40 9.02 56693
20140724 10.70 10.05 10.80 10.00 95747
20140725 9.95 9.83 10.27 9.58 58308
20140728 9.83 9.83 9.88 9.69 29613
20140729 9.90 9.86 9.90 9.78 22771
20140730 9.81 9.83 9.85 9.69 21665
20140731 9.82 9.85 9.93 9.77 16139
20140801 9.86 9.67 9.93 9.65 22006
20140804 9.66 9.82 9.86 9.60 15205
20140805 9.80 9.80 9.97 9.75 11178
20140806 9.80 9.73 9.80 9.68 9680
20140807 9.75 9.82 9.86 9.63 14539
20140808 9.79 9.82 9.90 9.75 13288
20140811 9.82 9.85 9.87 9.75 10257
20140812 9.83 10.02 10.07 9.82 17357
20140813 9.98 9.97 10.00 9.85 14278
20140814 9.97 9.76 10.02 9.75 9500
20140815 9.79 9.84 9.93 9.78 9437
20140818 9.84 9.97 9.97 9.82 10415
20140819 9.97 9.98 10.16 9.89 11129
20140820 9.94 10.20 10.22 9.92 21561
20140821 10.20 10.31 10.38 10.04 23098
20140822 10.32 10.23 10.34 10.14 13515
20140825 10.23 10.18 10.37 10.14 8187
20140826 10.22 9.86 10.25 9.71 14900
20140827 9.80 9.90 9.93 9.80 6729
20140828 9.91 9.70 9.95 9.68 7282
20140829 9.90 9.84 9.90 9.61 10884
20140901 9.80 10.10 10.13 9.76 12526
20140902 10.09 10.26 10.34 10.07 14707
20140903 10.27 10.28 10.34 10.15 13687
20140904 10.30 10.31 10.36 10.28 13723
20140905 10.35 10.45 10.48 10.27 15142
20140909 10.48 10.74 10.78 10.39 22385
20140910 10.67 10.70 10.79 10.53 17387
20140911 10.69 10.60 10.77 10.50 14648
20140912 10.53 10.78 10.80 10.53 13980
20140915 10.79 11.22 11.30 10.79 22341
20140916 11.20 10.95 11.51 10.30 26281
20140917 10.90 11.19 11.27 10.72 17272
20140918 11.19 11.39 11.47 11.07 16548
20140919 11.41 11.74 11.88 11.23 18272
20140922 11.74 11.63 11.89 11.53 17259
20140923 11.61 11.74 11.85 11.46 23668
20140924 12.03 11.50 12.26 11.50 36970
20140925 11.50 11.54 11.74 11.34 30375
20140926 11.51 11.48 11.60 11.28 12517
20140929 11.46 11.67 11.70 11.46 14851
20140930 11.63 11.72 11.76 11.58 10796
20141008 11.70 11.90 12.10 11.69 19506
20141009 11.91 11.63 12.02 11.52 23507
20141010 11.59 11.52 11.75 11.49 11072
20141013 11.51 11.48 11.51 11.30 8720
20141014 11.47 11.86 11.88 11.45 18911
20141015 11.83 11.89 12.08 11.66 14653
20141016 11.85 11.84 11.94 11.65 13391
20141017 11.80 11.55 12.05 11.38 14850
20141020 11.51 11.75 11.80 11.50 8679
20141021 11.79 12.33 12.35 11.63 33023
20141022 12.26 11.40 12.27 11.31 49208
20141023 11.31 11.11 11.34 10.85 22077
20141024 11.03 11.09 11.23 10.96 7730
20141027 10.94 11.51 11.56 10.92 14499
20141028 11.45 11.78 11.91 11.45 15880
20141029 11.86 11.94 11.99 11.72 15893
20141030 11.94 11.87 11.99 11.77 14780
20141031 11.80 11.84 12.09 11.69 8985
20141103 11.79 11.98 12.00 11.75 21904
20141104 11.97 12.20 12.28 11.96 23032
20141105 12.06 12.41 12.51 12.05 23589
20141106 12.45 12.29 12.64 12.23 14811
20141107 12.28 12.18 12.51 12.11 13757
20141110 12.10 12.22 12.40 12.00 13936
20141111 12.22 12.12 12.29 11.70 20692
20141112 12.11 12.50 12.63 12.03 15518
20141113 12.46 12.76 12.90 12.46 21124
20141114 12.65 12.85 12.90 12.41 18509
20141117 12.90 13.20 13.40 12.70 26540
20141118 13.19 13.15 13.65 12.90 38130
20141119 13.09 13.11 13.18 12.92 22662
20141120 13.12 13.20 13.50 13.03 9743
20141121 13.17 13.21 13.57 13.09 9531
20141124 13.26 13.29 13.47 13.15 22434
20141125 13.29 13.34 13.47 13.05 17804
20141126 13.30 14.23 14.28 13.30 31238
20141127 14.21 15.18 15.64 13.99 71668
20141128 15.05 15.10 15.16 14.64 35454
20141201 15.10 15.70 15.90 14.81 23119
20141202 15.68 15.77 16.25 15.51 38667
20141203 15.71 15.85 16.05 15.45 22688
20141204 15.98 16.24 16.35 15.68 23865
20141205 16.24 16.44 16.51 15.68 29216
20141208 16.43 16.30 16.44 15.95 13026
20141209 15.91 15.89 16.18 15.00 28314
20141210 15.15 16.18 16.23 15.15 44529
20141211 16.01 15.53 16.40 15.50 16515
20141212 15.56 15.81 15.86 15.30 15967
20141215 15.89 15.72 16.28 15.52 44363
20141216 15.80 15.83 16.00 15.60 72524
20141217 15.85 15.85 16.02 15.77 38504
20141218 15.99 17.43 17.44 15.79 32137
20141219 17.01 16.21 17.60 16.16 20273
20141222 15.02 14.59 15.40 14.59 10266
20141223 14.00 14.06 14.48 13.13 28440
20141224 13.97 14.48 14.49 13.84 7088
20141225 14.48 14.63 14.67 14.20 11853
20141226 14.56 14.56 14.67 14.43 4863
20141229 14.55 14.45 14.79 14.11 7139
20141230 14.40 14.61 14.68 13.45 8355
20141231 14.50 14.84 15.00 14.32 6227
20150105 14.61 15.21 15.28 14.61 7680
20150106 15.18 15.40 15.49 14.83 4296
20150107 15.40 15.44 15.50 15.10 4800
20150108 15.45 15.46 15.51 15.22 4397
20150109 15.44 15.01 15.50 15.00 4739
20150112 14.95 14.91 15.08 14.35 6934
20150113 14.79 14.95 15.20 14.79 2027
20150114 14.95 14.84 15.05 14.63 3815
20150115 14.74 14.87 14.99 14.65 2573
20150116 14.78 14.87 14.89 14.60 5202
20150119 14.72 14.58 14.72 14.40 6059
20150120 14.47 15.06 15.10 14.47 8144
20150121 15.06 15.52 15.56 15.00 9506
20150122 15.56 15.68 15.99 15.32 25679
20150123 15.53 15.70 15.80 15.48 12431
20150126 15.68 15.87 15.91 15.55 8823
20150127 15.88 15.90 15.99 15.53 12117
20150128 15.81 15.83 15.95 15.70 7239
20150129 15.72 15.63 15.82 15.56 3931
20150130 15.65 15.96 15.97 15.41 7948
20150202 15.92 15.63 16.55 15.62 14114
20150203 15.45 15.20 15.75 14.93 12258
20150204 15.20 15.16 15.26 15.10 3225
20150205 15.22 15.12 15.38 15.00 8581
20150206 15.03 14.50 15.17 14.41 6431
20150209 14.83 14.64 14.83 14.40 4303
20150210 14.66 14.92 15.02 14.53 5765
20150211 15.10 15.34 15.59 14.93 12756
20150212 15.48 15.81 15.94 15.17 11845
20150213 15.71 16.64 16.87 15.71 32855
20150216 16.63 16.68 16.90 16.35 16946
20150217 16.55 16.87 16.89 16.42 6453
20150225 16.87 16.79 17.64 16.58 14491
20150226 16.92 16.45 16.92 16.20 5482
20150227 16.45 16.40 16.56 16.32 6422
20150302 16.36 16.80 16.86 16.12 10397
20150303 16.77 17.00 17.26 16.51 11001
20150304 17.00 17.25 17.85 17.00 15683
20150305 17.25 17.75 17.83 17.11 11240
20150306 17.88 17.61 17.99 17.57 8687
20150309 17.60 17.61 17.70 17.22 5125
20150310 17.62 18.12 18.20 17.45 23050
20150311 18.41 18.17 18.66 18.10 9828
20150312 18.00 18.48 18.72 17.80 10034
20150313 18.41 18.04 18.68 17.99 7306
20150316 18.08 18.04 18.12 17.71 11235
20150317 17.93 18.36 18.45 17.88 14689
20150318 18.32 18.31 18.38 18.13 10844
20150319 18.30 17.85 18.30 17.67 14432
20150320 17.81 17.90 17.98 17.60 9831
20150323 17.95 18.42 18.45 17.89 14845
20150324 18.42 18.41 18.42 17.63 24524
20150325 18.28 18.03 18.61 17.70 41399
20150326 18.08 19.83 19.83 17.71 75318
20150327 19.85 21.21 21.75 19.29 44445
20150330 21.00 20.85 21.44 20.55 27540
20150331 21.18 20.85 21.36 20.60 34601
20150401 20.80 21.08 21.67 20.61 23877
20150402 21.10 21.57 21.62 20.89 14966
20150403 21.49 22.14 22.45 21.28 14978
20150407 22.36 22.31 22.59 21.96 17772
20150408 22.25 22.01 22.45 21.67 15236
20150409 21.57 23.36 23.49 19.89 37323
20150410 22.95 23.19 23.96 22.71 17507
20150413 23.29 22.80 23.90 22.75 23190
20150414 22.70 21.89 23.00 21.71 23987
20150415 21.80 20.52 21.80 20.00 15286
20150416 20.04 20.38 20.87 19.12 19107
20150417 20.30 21.24 21.58 20.30 21215
20150420 21.35 21.85 22.49 21.20 37228
20150421 21.60 22.54 22.73 21.30 21794
20150422 22.56 24.79 24.79 22.56 31614
20150423 25.00 27.15 27.20 25.00 40693
20150424 26.61 28.02 28.49 25.99 41175
20150427 26.91 26.24 27.48 25.22 49786
20150428 26.24 26.48 27.96 25.80 37743
20150429 26.02 27.24 27.52 25.83 25783
20150430 27.27 27.12 27.52 26.62 17601
20150504 26.84 26.99 27.70 26.62 14942
20150505 26.91 24.74 26.98 24.30 27936
20150506 24.83 22.98 24.83 22.86 40398
20150507 22.90 23.09 23.83 22.27 23038
20150508 22.85 23.25 23.78 22.85 12602
20150511 24.08 24.17 24.27 23.76 29235
20150512 24.11 23.68 24.11 23.05 40093
20150513 23.75 26.05 26.05 23.70 34369
20150514 26.56 26.46 27.98 26.16 44334
20150515 26.46 26.25 27.48 25.00 26377
20150518 25.96 26.20 27.20 25.58 21508
20150519 26.20 26.86 27.27 26.20 21508
20150520 27.20 26.70 27.20 26.02 25473
20150521 26.30 26.71 27.00 25.99 20119
20150522 26.76 27.28 28.32 26.70 32102
20150525 27.30 30.01 30.01 26.47 37945
20150526 30.01 30.39 31.30 29.43 36587
20150527 30.25 29.51 30.28 29.05 25395
20150528 29.42 27.08 30.00 27.00 28931
20150529 26.90 28.87 29.79 26.00 39224
20150601 27.87 31.76 31.76 27.87 43184
20150602 31.70 32.69 32.80 30.41 40059
20150603 32.30 32.75 33.05 30.08 29171
20150604 32.28 32.94 33.33 30.00 30976
20150605 33.33 32.61 33.83 32.00 36388
20150608 32.25 31.05 32.25 30.40 33106
20150609 30.82 31.26 31.50 29.45 45760
20150610 30.74 30.90 31.60 29.93 27108
20150611 30.78 30.63 30.95 30.00 22719
20150612 30.64 31.18 31.85 30.63 39355
20150615 31.35 29.24 31.50 29.10 42141
20150616 31.20 30.51 31.20 27.85 61590
20150617 29.28 30.59 30.88 29.16 33385
20150618 30.23 29.80 30.65 29.37 22943
20150619 29.30 26.98 29.80 26.82 29520
20150623 26.60 27.88 27.99 24.76 38919
20150624 27.99 28.00 28.52 26.60 27973
20150625 28.50 29.15 30.20 28.01 62698
20150626 28.89 30.09 30.50 26.30 69107
20150629 32.40 31.07 32.40 27.58 83386
20150630 29.50 32.84 33.57 27.96 94699
20150701 32.15 29.56 32.91 29.56 71980
20150702 27.56 26.60 29.00 26.60 23717
20150703 23.94 23.94 25.00 23.94 24217
20150706 25.38 21.55 25.60 21.55 36040
20150707 19.40 19.40 19.40 19.40 599
20150708 17.46 17.46 17.46 17.46 1502
20150709 15.71 19.21 19.21 15.71 143936
20150710 18.50 21.13 21.13 18.50 160505
20150713 20.70 22.98 23.20 20.21 145492
20150714 21.89 20.68 23.00 20.68 140480
20150715 18.85 18.61 19.70 18.61 50547
20150716 16.75 17.10 18.79 16.75 84374
20150717 17.10 17.82 18.43 16.50 63140
20150720 17.90 18.52 19.00 17.50 59562
20150721 18.35 19.39 19.49 18.05 55305
20150722 19.48 18.83 19.50 18.18 56506
20150723 18.88 20.16 20.37 18.88 74005
20150724 20.35 19.52 21.00 19.23 79204
20150727 18.92 17.57 19.25 17.57 49826
20150728 15.81 15.81 17.30 15.81 79020
20150729 15.85 16.38 16.49 14.23 83317
20150730 15.89 15.24 16.58 15.00 69921
