20140102 5.91 5.96 6.03 5.85 30892
20140103 5.95 6.00 6.01 5.92 15514
20140106 5.98 5.78 5.98 5.75 14600
20140107 5.78 5.97 6.01 5.75 15816
20140108 5.96 5.93 6.09 5.92 16048
20140109 5.96 5.76 6.00 5.65 17263
20140110 5.72 5.81 6.00 5.67 12309
20140113 5.72 5.67 5.79 5.65 7554
20140114 5.67 5.76 5.77 5.67 3528
20140115 5.74 5.84 5.93 5.72 11987
20140116 5.90 5.81 5.90 5.77 8552
20140117 5.78 5.78 5.83 5.70 10637
20140120 5.78 5.85 5.98 5.73 13852
20140121 5.80 5.87 5.95 5.80 9906
20140122 5.87 5.93 5.96 5.84 12209
20140123 5.93 6.04 6.10 5.92 31880
20140124 6.04 6.10 6.14 5.98 24597
20140127 6.06 6.09 6.15 6.03 20743
20140128 6.10 6.02 6.13 6.00 15512
20140129 6.08 6.08 6.13 6.04 11841
20140130 6.08 6.11 6.13 6.03 13980
20140207 6.09 6.14 6.14 6.01 12064
20140210 6.13 6.34 6.36 6.13 30833
20140211 6.30 6.30 6.41 6.23 18404
20140212 6.33 6.53 6.53 6.28 45552
20140213 6.50 6.39 6.64 6.34 48106
20140214 6.41 6.50 6.52 6.38 25712
20140217 6.51 6.59 6.61 6.50 31264
20140218 6.59 6.91 7.09 6.58 99269
20140219 6.91 7.08 7.20 6.89 77093
20140220 7.09 7.36 7.67 7.09 103533
20140221 7.32 7.19 7.32 7.00 55884
20140224 7.28 7.30 7.45 7.05 45009
20140225 7.25 7.69 8.03 7.25 136198
20140620 8.40 8.46 8.46 7.00 175138
20140623 8.40 9.31 9.31 8.20 148572
20140625 9.50 10.24 10.24 9.41 332023
20140626 10.34 11.26 11.26 10.25 228907
20140627 11.82 12.39 12.39 11.61 265437
20140701 12.81 13.63 13.63 12.66 185229
20140702 14.31 14.28 14.99 13.60 413406
20140703 14.00 13.65 14.51 13.52 329223
20140704 13.10 12.85 13.28 12.68 321227
20140707 12.83 13.30 13.45 12.72 296787
20140708 13.08 13.24 13.30 12.42 263398
20140709 13.22 13.25 13.66 12.90 261504
20140710 13.03 13.87 14.36 12.83 312411
20140711 13.75 15.26 15.26 13.72 202586
20140714 16.08 16.79 16.79 16.08 72346
20140721 15.26 15.15 16.49 15.11 368628
20140722 15.05 15.14 15.56 14.82 225126
20140723 14.83 15.12 15.77 14.50 232466
20140724 15.01 13.61 15.12 13.61 252144
20140725 13.62 13.68 14.24 13.51 152302
20140728 13.76 13.88 14.17 13.49 152845
20140729 13.81 15.27 15.27 13.70 234908
20140730 15.18 16.80 16.80 14.90 390046
20140731 16.70 16.73 17.33 16.00 264261
20140801 16.78 17.27 18.40 16.69 332965
20140804 17.27 16.86 17.48 16.10 263038
20140805 16.65 16.30 16.69 16.03 207132
20140806 16.10 16.18 16.51 16.01 138911
20140807 16.05 16.47 16.55 15.53 208279
20140808 16.26 17.71 18.10 16.14 299313
20140811 17.40 17.25 17.60 16.79 210284
20140812 17.05 17.46 17.57 16.80 167038
20140813 17.25 16.62 17.69 16.50 163049
20140815 16.69 16.41 17.98 16.00 217350
20140818 15.94 16.21 16.61 15.36 153813
20140819 16.10 15.94 16.20 15.63 134015
20140820 15.79 16.14 16.30 15.75 123936
20140821 16.17 15.41 16.20 15.31 149333
20140822 15.29 15.51 15.75 15.01 122518
20140825 15.42 15.11 15.50 15.05 77049
20140826 15.03 15.21 15.40 15.00 75317
20140827 15.21 14.91 15.34 14.80 73265
20140828 14.80 14.55 14.95 14.47 89060
20140829 14.48 14.70 14.90 14.31 65971
20140901 14.70 15.35 15.44 14.60 123564
20140902 15.34 15.51 15.74 15.10 130797
20140903 15.74 15.28 15.74 15.16 89101
20140904 15.30 15.68 15.80 15.20 120328
20140905 15.65 15.40 15.75 15.20 84165
20140909 15.40 15.38 15.53 15.21 51698
20140910 15.31 16.92 16.92 15.31 179005
20140911 17.67 16.61 17.90 16.59 329694
20140912 16.00 16.14 16.27 15.80 124194
20140915 16.07 15.96 16.09 15.81 80539
20140916 15.81 15.35 16.24 15.31 105629
20140917 15.35 15.37 15.58 14.50 100786
20140918 15.19 15.35 15.55 15.01 54340
20140919 15.33 15.56 15.66 15.19 43239
20140922 15.59 15.61 15.81 15.33 60342
20140923 15.43 16.02 16.33 15.43 99104
20140924 15.89 16.11 16.13 15.80 68035
20140925 16.13 15.92 16.19 15.80 54354
20140926 15.85 15.80 15.99 15.50 47173
20140929 16.01 16.43 17.10 15.80 146554
20140930 16.43 16.11 16.53 15.94 95704
20141008 16.10 16.01 16.10 15.74 46200
20141009 16.02 16.22 16.29 15.81 70194
20141010 16.17 15.97 16.17 15.82 44392
20141013 15.80 15.43 15.81 15.31 52805
20141014 15.50 15.50 15.81 15.43 32825
20141015 15.66 15.52 15.71 15.32 26354
20141016 15.52 15.00 15.52 15.00 37368
20141017 15.00 14.61 15.00 14.24 38336
20141020 14.68 15.58 15.96 14.68 67203
20141021 15.60 15.02 15.65 14.98 41974
20141022 15.02 14.73 15.25 14.25 27766
20141023 14.72 14.44 14.85 14.37 26890
20141024 14.58 14.45 14.67 14.30 19053
20141027 14.40 14.07 14.40 13.91 28950
20141028 14.15 14.47 14.54 14.15 33267
20141029 14.50 14.90 14.99 14.42 48023
20141030 14.91 15.09 15.28 14.73 51279
20141031 15.07 14.91 15.78 14.80 63649
20141103 14.75 14.75 14.91 14.59 35731
20141104 14.76 14.94 14.96 14.50 29856
20141105 14.94 14.80 14.95 14.64 19096
20141106 14.71 14.82 14.93 14.67 17550
20141107 14.82 14.31 14.89 14.29 61135
20141110 14.32 14.32 14.50 14.12 26618
20141111 14.47 13.74 14.47 13.50 36948
20141112 13.80 13.84 13.86 13.60 16052
20141113 13.85 13.39 13.96 13.05 29792
20141114 13.35 13.58 13.77 13.26 21054
20141117 13.58 13.73 13.81 13.30 21061
20141118 13.70 13.84 13.98 13.60 20831
20141119 13.75 14.31 14.59 13.75 59321
20141120 14.20 13.99 14.20 13.68 37810
20141121 13.98 13.92 14.09 13.81 21452
20141124 14.03 14.03 14.06 13.70 41361
20141125 14.01 14.12 14.27 13.80 43306
20141126 14.12 14.50 14.50 14.01 72341
20141127 14.50 14.31 14.96 14.29 76694
20141128 14.39 14.16 14.39 14.10 31185
20141201 14.19 13.71 14.19 13.68 36410
20141202 13.90 13.87 14.17 13.73 31063
20141203 13.78 13.75 13.85 13.43 74827
20141204 13.75 13.82 14.00 13.50 81756
20141205 13.69 13.30 13.69 13.20 63406
20141208 13.15 13.85 14.25 13.15 102338
20141209 13.87 13.08 13.89 13.05 54665
20141210 13.00 13.26 13.27 12.88 35498
20141211 13.20 13.34 13.43 13.09 36155
20141212 13.36 13.29 13.49 13.20 27306
20141215 13.20 13.56 13.58 13.10 36288
20141216 13.46 13.37 13.65 13.30 29791
20141217 13.34 13.06 13.34 12.98 37680
20141218 13.03 13.02 13.25 12.98 30475
20141219 13.00 12.46 13.00 12.36 46277
20141222 12.38 11.66 12.38 11.21 51081
20141223 11.61 12.49 12.83 11.46 60656
20141224 12.51 12.81 13.40 12.51 46747
20141225 12.84 12.58 12.94 12.30 34335
20141226 12.48 12.62 12.90 12.47 28148
20141229 12.57 13.13 13.20 12.12 66978
20141230 13.10 12.86 13.34 12.80 31816
20141231 12.92 12.70 12.98 12.60 20346
20150105 12.68 12.49 12.68 12.31 22080
20150106 12.45 12.63 12.69 12.28 18453
20150107 12.55 12.49 12.60 12.35 17327
20150108 12.41 12.58 12.72 12.31 23655
20150109 12.59 12.36 12.65 12.35 19901
20150112 12.30 11.97 12.34 11.90 20009
20150113 11.85 12.35 12.48 11.78 20378
20150114 12.34 12.00 12.40 11.91 16131
20150115 11.86 12.07 12.27 11.86 17772
20150116 12.08 12.54 12.58 11.88 28739
20150119 12.35 13.12 13.34 12.13 81816
20150120 13.12 13.48 13.49 12.93 76202
20150121 13.63 13.48 13.63 13.33 68242
20150122 13.60 14.83 14.83 13.37 130677
20150123 14.93 15.43 16.29 14.75 192010
20150126 15.39 15.43 15.80 14.93 102087
20150127 15.40 15.44 15.54 14.98 73154
20150128 15.43 15.57 15.93 15.30 68365
20150129 15.36 15.50 15.86 15.00 44506
20150130 15.36 15.00 15.69 15.00 41404
20150202 13.55 15.13 16.19 13.52 121129
20150203 15.14 15.75 15.96 15.13 88081
20150204 15.95 15.79 15.99 15.60 53975
20150205 15.82 15.73 16.18 15.51 52175
20150206 15.87 15.26 15.87 15.13 35355
20150209 15.30 14.65 15.84 14.55 41454
20150210 14.85 15.32 15.40 14.66 30029
20150211 15.31 15.96 16.09 15.30 60249
20150212 15.91 17.56 17.56 15.82 125297
20150213 17.80 17.01 18.28 16.90 139207
20150216 17.00 17.23 17.40 16.68 75469
20150217 17.15 17.06 17.25 16.81 41445
20150225 16.80 17.12 17.54 16.68 42297
20150226 16.92 17.97 18.40 16.92 73548
20150227 17.97 17.70 18.18 17.40 66851
20150302 17.38 17.41 17.79 17.13 46140
20150303 17.35 18.43 19.00 17.30 95263
20150304 18.00 17.89 18.20 17.16 61450
20150305 17.85 17.88 18.55 17.50 32952
20150306 17.67 17.38 18.13 17.23 40006
20150309 18.00 17.81 18.42 17.47 38782
20150310 17.72 17.97 18.20 17.60 36764
20150311 17.97 17.55 17.97 17.39 31478
20150312 17.40 17.25 17.69 17.10 28404
20150313 17.25 17.84 18.05 17.25 34885
20150316 17.93 18.09 18.20 17.70 47866
20150317 18.21 17.91 18.21 17.77 41702
20150318 17.91 18.72 18.90 17.80 76761
20150319 19.10 18.81 19.43 18.51 86986
20150320 18.62 18.52 18.87 18.40 42268
20150323 18.57 18.74 18.92 18.18 65863
20150324 18.73 18.15 18.73 17.31 70835
20150325 18.15 17.85 18.15 17.70 42031
20150326 17.84 17.75 17.84 17.20 81018
20150327 17.60 17.83 17.90 17.40 38539
20150330 17.72 19.61 19.61 17.72 152131
20150331 19.62 20.80 21.52 19.21 160796
20150401 21.19 20.88 21.22 20.38 76657
20150402 20.80 21.62 21.88 20.48 83756
20150403 21.40 21.90 21.95 21.00 61634
20150407 21.82 22.10 22.44 21.36 59111
20150408 21.90 21.37 22.49 21.11 50917
20150409 21.47 21.57 21.65 20.02 61647
20150410 21.40 21.92 22.22 21.03 57561
20150413 21.95 24.11 24.11 21.95 102733
20150414 24.48 23.07 24.98 22.90 110456
20150415 22.99 21.27 22.99 21.20 89945
20150416 21.30 21.67 22.21 21.02 38251
20150417 21.66 21.25 22.08 21.10 66484
20150420 21.00 21.41 22.40 20.61 73591
20150421 21.30 22.42 22.72 21.11 79238
20150422 22.41 24.63 24.66 22.31 126613
20150423 24.65 24.28 24.80 23.80 74840
20150424 24.04 24.17 24.75 23.45 47380
20150427 24.15 23.54 24.60 23.30 45653
20150428 23.55 22.08 23.64 21.80 50623
20150429 22.10 23.40 24.18 21.51 65729
20150504 22.23 22.23 22.23 22.23 6151
20150505 21.12 21.12 22.00 21.12 82783
20150506 21.28 20.87 21.48 20.60 37862
20150507 20.63 21.00 21.51 20.63 19726
20150508 21.42 22.05 22.05 21.19 32727
20150511 22.44 22.22 22.57 21.83 35442
20150512 22.21 22.49 23.30 22.02 30463
20150513 22.60 22.30 22.99 22.19 56885
20150514 22.50 21.29 22.50 21.19 56012
20150515 21.25 21.45 21.87 21.19 25411
20150518 21.40 21.36 21.55 20.99 26557
20150519 21.39 20.90 21.49 20.70 44455
20150520 21.90 20.95 21.94 20.90 41836
20150521 20.95 21.20 21.40 20.95 33300
20150522 21.36 22.26 22.26 21.36 17689
20150525 23.37 23.37 23.37 23.37 3927
20150526 24.54 24.54 24.54 24.54 3368
20150527 25.77 25.77 25.77 25.50 51232
20150528 27.06 27.06 27.06 27.06 16486
20150529 28.38 28.41 28.41 25.71 112073
20150601 29.60 29.02 29.83 28.55 55005
20150602 28.33 30.28 30.46 28.33 52074
20150603 30.30 31.79 31.79 30.28 35918
20150604 32.99 33.38 33.38 30.30 51356
20150605 35.04 33.36 35.04 33.20 43245
20150608 33.36 31.69 33.66 31.69 42790
20150609 30.20 30.47 31.18 30.11 51925
20150610 30.38 31.07 31.99 29.52 34769
20150611 32.61 32.62 32.62 31.19 37679
20150612 33.08 34.25 34.25 33.08 45399
20150615 35.39 35.95 35.96 34.25 42813
20150616 35.78 34.15 37.56 34.15 65377
20150617 33.40 33.19 34.50 32.44 54619
20150618 33.80 31.53 34.00 31.53 29560
20150619 30.08 29.95 30.92 29.95 21057
20150623 28.50 28.45 29.90 28.45 23055
20150624 29.10 28.14 29.78 28.00 40797
20150625 28.50 28.00 29.33 27.38 40051
20150626 27.46 26.60 27.50 26.60 24621
20150629 26.80 25.27 26.80 25.27 19537
20150630 24.01 24.01 25.27 24.01 57081
20150701 24.01 22.81 25.00 22.81 42040
20150702 22.80 21.67 22.81 21.67 16403
20150703 20.59 20.59 20.59 20.59 2421
20150706 21.20 19.56 21.62 19.56 30595
20150707 18.58 18.58 18.58 18.58 1398
20150708 17.65 17.65 17.65 17.65 258
20150709 16.77 18.01 18.53 16.77 145600
20150710 17.84 18.91 18.91 17.55 55190
20150713 19.86 19.86 19.86 19.00 54845
20150714 19.26 19.77 20.80 19.00 71023
20150715 19.30 18.78 19.90 18.78 36031
20150716 17.84 18.04 19.07 17.84 35971
20150717 18.09 18.78 18.94 17.66 42873
20150720 18.89 19.08 19.72 18.67 60541
20150721 18.70 19.30 19.71 18.69 39406
20150722 19.13 20.27 20.27 19.13 63500
20150723 20.50 21.28 21.28 20.28 32833
20150724 22.20 22.23 22.34 21.50 47005
20150727 21.73 21.12 23.34 21.12 75332
20150728 20.06 20.06 20.99 20.06 47068
20150729 20.88 21.05 21.06 19.06 45383
20150730 21.50 20.88 22.08 20.70 45727
