20140102 2.69 2.71 2.72 2.67 45244
20140103 2.70 2.68 2.70 2.65 36070
20140106 2.68 2.63 2.68 2.63 27651
20140107 2.63 2.63 2.65 2.58 16951
20140108 2.62 2.58 2.64 2.58 29081
20140109 2.59 2.56 2.60 2.55 26963
20140110 2.57 2.50 2.57 2.50 37070
20140113 2.51 2.49 2.53 2.47 26013
20140114 2.50 2.54 2.54 2.48 21060
20140115 2.55 2.53 2.55 2.52 18678
20140116 2.55 2.55 2.56 2.52 15315
20140117 2.53 2.55 2.57 2.53 26114
20140120 2.55 2.51 2.55 2.50 22900
20140121 2.51 2.52 2.54 2.51 14979
20140122 2.51 2.61 2.64 2.51 45855
20140123 2.62 2.61 2.65 2.58 34896
20140124 2.60 2.65 2.69 2.59 42094
20140127 2.63 2.63 2.66 2.61 26183
20140128 2.61 2.63 2.66 2.61 19280
20140129 2.64 2.62 2.65 2.61 26280
20140130 2.61 2.60 2.62 2.59 15488
20140207 2.60 2.62 2.63 2.59 18246
20140210 2.64 2.67 2.68 2.63 45583
20140211 2.69 2.74 2.84 2.66 79765
20140212 2.74 2.72 2.75 2.70 50365
20140213 2.71 2.67 2.72 2.66 48019
20140214 2.66 2.70 2.71 2.66 42066
20140217 2.70 2.70 2.72 2.67 38150
20140218 2.69 2.67 2.69 2.65 41070
20140219 2.66 2.69 2.71 2.63 81815
20140220 2.71 2.67 2.71 2.65 81455
20140221 2.66 2.62 2.66 2.60 48714
20140224 2.62 2.56 2.62 2.54 46807
20140225 2.56 2.49 2.59 2.48 68709
20140226 2.50 2.48 2.50 2.46 67657
20140227 2.48 2.50 2.52 2.47 37415
20140228 2.50 2.50 2.50 2.46 46791
20140303 2.50 2.52 2.52 2.49 47821
20140304 2.52 2.53 2.53 2.50 38730
20140305 2.52 2.49 2.53 2.46 40894
20140306 2.48 2.54 2.57 2.47 76350
20140307 2.55 2.49 2.55 2.49 42868
20140310 2.49 2.45 2.50 2.44 47738
20140311 2.45 2.48 2.49 2.44 49932
20140312 2.46 2.59 2.73 2.45 160617
20140313 2.56 2.57 2.59 2.50 83848
20140314 2.55 2.52 2.56 2.51 48212
20140317 2.53 2.54 2.57 2.51 40639
20140318 2.56 2.54 2.56 2.52 39535
20140319 2.54 2.53 2.54 2.49 31659
20140320 2.54 2.53 2.60 2.52 61341
20140321 2.51 2.67 2.77 2.49 265960
20140324 2.66 2.94 2.94 2.64 564334
20140325 3.05 2.90 3.10 2.88 771565
20140326 2.86 2.81 2.90 2.79 347573
20140327 2.81 2.81 2.88 2.78 285046
20140328 2.79 2.76 2.86 2.75 239549
20140331 2.76 2.71 2.80 2.69 123963
20140401 2.72 2.81 2.85 2.69 188445
20140402 2.80 2.90 2.99 2.79 359799
20140403 2.88 2.77 2.88 2.76 222529
20140404 2.75 2.79 2.83 2.74 114288
20140408 2.77 2.80 2.80 2.74 100472
20140409 2.80 2.77 2.82 2.75 82832
20140410 2.79 2.78 2.80 2.74 119798
20140411 2.74 2.75 2.77 2.74 78170
20140414 2.76 2.74 2.76 2.71 71309
20140415 2.73 2.71 2.73 2.69 76294
20140416 2.69 2.72 2.73 2.69 36137
20140417 2.72 2.68 2.73 2.67 52324
20140418 2.67 2.68 2.69 2.65 43779
20140421 2.67 2.65 2.70 2.65 37724
20140422 2.64 2.63 2.66 2.61 59109
20140423 2.64 2.66 2.68 2.63 37232
20140424 2.64 2.66 2.70 2.62 47772
20140425 2.66 2.68 2.75 2.63 107544
20140428 2.66 2.59 2.67 2.58 68528
20140429 2.59 2.59 2.60 2.56 44474
20140430 2.62 2.61 2.62 2.58 24512
20140505 2.60 2.60 2.61 2.55 47408
20140506 2.60 2.58 2.60 2.56 29052
20140507 2.58 2.54 2.58 2.53 28672
20140508 2.55 2.77 2.79 2.55 463355
20140509 2.70 2.60 2.70 2.58 304673
20140512 2.62 2.63 2.64 2.56 154042
20140513 2.62 2.62 2.65 2.60 67500
20140514 2.64 2.63 2.68 2.62 71041
20140515 2.61 2.57 2.62 2.56 62915
20140516 2.57 2.58 2.59 2.56 29930
20140519 2.57 2.59 2.60 2.56 30405
20140520 2.59 2.58 2.60 2.57 33877
20140521 2.57 2.60 2.60 2.56 29576
20140522 2.60 2.58 2.61 2.57 39150
20140523 2.58 2.61 2.63 2.57 57306
20140526 2.61 2.61 2.63 2.60 39815
20140527 2.61 2.63 2.63 2.60 36312
20140528 2.62 2.63 2.63 2.60 34424
20140529 2.63 2.59 2.63 2.58 30761
20140530 2.58 2.57 2.60 2.56 36684
20140603 2.56 2.56 2.58 2.56 32688
20140604 2.56 2.55 2.57 2.53 22154
20140605 2.54 2.55 2.55 2.52 47855
20140606 2.55 2.52 2.55 2.51 38534
20140609 2.51 2.53 2.55 2.51 29896
20140610 2.53 2.54 2.55 2.51 35712
20140611 2.54 2.53 2.55 2.51 60448
20140612 2.53 2.51 2.53 2.49 72941
20140613 2.51 2.52 2.53 2.49 104519
20140616 2.52 2.53 2.56 2.50 80067
20140617 2.47 2.45 2.48 2.45 42275
20140618 2.45 2.45 2.46 2.43 42126
20140619 2.44 2.40 2.45 2.39 45368
20140620 2.40 2.42 2.42 2.39 24333
20140623 2.42 2.42 2.43 2.41 30151
20140624 2.42 2.43 2.43 2.41 43812
20140625 2.42 2.41 2.42 2.40 27274
20140626 2.41 2.43 2.44 2.41 53158
20140627 2.43 2.44 2.45 2.41 38536
20140630 2.44 2.45 2.47 2.43 46836
20140701 2.46 2.45 2.46 2.44 45663
20140702 2.46 2.47 2.49 2.44 67499
20140703 2.46 2.50 2.51 2.45 67788
20140704 2.49 2.49 2.51 2.48 61248
20140707 2.49 2.50 2.52 2.48 45961
20140708 2.50 2.49 2.50 2.47 30785
20140709 2.48 2.45 2.49 2.44 52326
20140710 2.45 2.46 2.47 2.44 31075
20140711 2.45 2.48 2.49 2.45 59883
20140714 2.47 2.51 2.51 2.47 56897
20140715 2.51 2.51 2.51 2.48 72006
20140716 2.51 2.54 2.56 2.50 131910
20140717 2.53 2.52 2.54 2.49 44331
20140718 2.51 2.55 2.56 2.50 89290
20140721 2.54 2.52 2.55 2.51 50278
20140722 2.51 2.55 2.56 2.51 62112
20140723 2.55 2.58 2.61 2.54 160121
20140724 2.58 2.62 2.67 2.57 225189
20140725 2.61 2.63 2.63 2.59 150920
20140728 2.63 2.67 2.71 2.63 235209
20140729 2.67 2.67 2.69 2.65 144500
20140730 2.67 2.63 2.67 2.62 107653
20140731 2.63 2.68 2.68 2.62 103413
20140801 2.67 2.65 2.69 2.64 107351
20140804 2.65 2.70 2.70 2.64 102170
20140805 2.70 2.70 2.70 2.66 85297
20140806 2.70 2.73 2.75 2.67 162788
20140807 2.73 2.68 2.76 2.67 138116
20140808 2.67 2.67 2.69 2.64 88142
20140811 2.67 2.71 2.71 2.66 91077
20140812 2.70 2.71 2.71 2.68 53612
20140813 2.72 2.71 2.73 2.66 114850
20140814 2.69 2.71 2.81 2.67 260175
20140815 2.71 2.73 2.75 2.68 150793
20140818 2.73 2.74 2.76 2.72 114334
20140819 2.74 2.75 2.76 2.73 118260
20140820 2.76 2.75 2.79 2.74 120373
20140821 2.75 2.73 2.76 2.70 87958
20140822 2.72 2.76 2.77 2.70 129123
20140825 2.77 2.73 2.78 2.71 99306
20140826 2.72 2.69 2.74 2.68 113066
20140827 2.68 2.68 2.69 2.66 65429
20140828 2.69 2.64 2.69 2.63 75821
20140829 2.63 2.66 2.67 2.63 55165
20140901 2.66 2.69 2.70 2.64 59642
20140902 2.69 2.73 2.73 2.67 87795
20140903 2.73 2.74 2.75 2.72 119949
20140904 2.74 2.77 2.79 2.74 137807
20140905 2.77 2.77 2.78 2.74 111917
20140909 2.77 2.77 2.78 2.74 134460
20140910 2.76 2.79 2.79 2.74 161632
20140911 2.79 2.80 2.85 2.77 222256
20140912 2.79 2.88 2.90 2.78 277309
20140915 2.90 2.92 2.93 2.87 266591
20140916 2.92 2.89 3.07 2.87 533751
20140917 2.88 2.99 3.03 2.86 424210
20140918 3.03 2.96 3.03 2.92 293588
20140919 2.95 2.94 2.96 2.89 201144
20140922 2.92 2.88 2.93 2.85 162813
20140923 2.89 2.91 2.91 2.87 133837
20140924 2.89 2.94 2.95 2.88 170465
20140925 2.94 2.97 3.03 2.93 274884
20140926 2.97 2.95 3.00 2.93 137743
20140929 2.96 2.98 2.99 2.95 157205
20140930 2.99 2.98 3.00 2.95 142456
20141008 3.02 3.04 3.07 3.00 267020
20141009 3.04 3.25 3.28 2.98 554429
20141010 3.29 3.37 3.54 3.29 1119135
20141013 3.30 3.71 3.71 3.26 1070473
20141014 3.81 3.76 3.98 3.69 1722398
20141015 3.79 3.80 3.96 3.69 982575
20141016 3.71 3.55 3.74 3.53 807312
20141017 3.51 3.56 3.60 3.44 475473
20141020 3.58 3.78 3.84 3.50 781058
20141021 3.71 3.66 3.80 3.65 551399
20141022 3.67 3.53 3.70 3.51 384092
20141023 3.53 3.40 3.54 3.37 432412
20141024 3.41 3.46 3.55 3.38 343158
20141027 3.40 3.50 3.59 3.40 324449
20141028 3.50 3.68 3.78 3.48 630107
20141029 3.68 3.72 3.76 3.62 560427
20141030 3.75 3.76 3.87 3.66 764770
20141031 3.77 3.94 4.12 3.75 1210119
20141103 3.95 3.88 3.96 3.82 824601
20141104 3.83 3.74 3.87 3.69 734819
20141105 3.72 3.72 3.81 3.70 399651
20141106 3.70 3.65 3.74 3.56 515406
20141107 3.65 3.59 3.69 3.58 389205
20141110 3.59 3.64 3.66 3.56 337979
20141111 3.65 3.49 3.68 3.45 495522
20141112 3.45 3.55 3.57 3.42 238436
20141113 3.54 3.48 3.56 3.45 241514
20141114 3.46 3.51 3.55 3.46 194014
20141117 3.52 3.53 3.56 3.49 217245
20141118 3.54 3.46 3.54 3.43 212360
20141119 3.45 3.42 3.48 3.41 185787
20141120 3.43 3.43 3.46 3.41 118947
20141121 3.44 3.47 3.47 3.40 177715
20141124 3.80 3.82 3.82 3.69 1298271
20141125 4.00 3.88 4.10 3.87 2097836
20141126 3.80 3.81 3.84 3.69 933457
20141127 3.78 3.80 3.88 3.69 740257
20141128 3.76 3.87 3.93 3.72 1184236
20141201 3.88 3.74 3.88 3.72 687077
20141202 3.73 3.78 3.80 3.70 527656
20141203 3.79 3.87 4.04 3.78 1004139
20141204 3.86 4.01 4.02 3.81 1125029
20141205 4.01 3.78 4.01 3.61 939778
20141208 3.77 3.89 3.96 3.68 849594
20141209 3.85 4.04 4.28 3.73 2424378
20141210 4.00 4.15 4.19 3.78 1511824
20141211 4.09 4.19 4.27 4.00 1055602
20141212 4.17 4.13 4.30 4.06 706504
20141215 4.09 4.08 4.10 4.00 542531
20141216 4.07 4.16 4.19 4.02 675377
20141217 4.15 4.29 4.34 4.06 1195859
20141218 4.32 4.13 4.32 4.11 735702
20141219 4.14 4.21 4.28 4.00 791850
20141222 4.21 4.41 4.62 4.15 1352183
20141223 4.29 4.10 4.49 4.05 897953
20141224 4.10 4.03 4.16 4.00 575976
20141225 4.04 4.11 4.12 4.03 407261
20141226 4.18 4.27 4.29 4.12 740901
20141229 4.33 4.34 4.56 4.22 1140881
20141230 4.35 4.35 4.50 4.24 982125
20141231 4.34 4.79 4.79 4.30 2249151
20150105 4.97 5.14 5.27 4.86 3436110
20150106 4.97 4.87 4.97 4.76 1675740
20150107 4.86 4.91 4.93 4.77 777604
20150108 4.86 4.68 4.88 4.62 774740
20150109 4.63 4.61 4.81 4.58 658591
20150112 4.51 4.38 4.52 4.35 569874
20150113 4.38 4.41 4.46 4.34 299494
20150114 4.42 4.34 4.47 4.32 325918
20150115 4.32 4.53 4.55 4.31 461233
20150116 4.51 4.50 4.57 4.43 420611
20150119 4.25 4.05 4.29 4.05 709998
20150120 4.04 4.19 4.20 4.03 423206
20150121 4.18 4.37 4.43 4.14 621829
20150122 4.35 4.39 4.48 4.30 408110
20150123 4.36 4.40 4.44 4.30 467882
20150126 4.37 4.42 4.43 4.31 362567
20150127 4.42 4.33 4.42 4.22 415770
20150128 4.28 4.26 4.33 4.24 254421
20150129 4.23 4.22 4.26 4.17 249288
20150130 4.22 4.28 4.35 4.19 332197
20150202 4.18 4.21 4.28 4.13 195406
20150203 4.24 4.24 4.26 4.15 202405
20150204 4.25 4.21 4.28 4.19 208215
20150205 4.35 4.19 4.39 4.19 361632
20150206 4.13 4.06 4.17 4.02 286623
20150209 4.05 4.07 4.11 4.01 166118
20150210 4.05 4.10 4.14 4.04 118524
20150211 4.10 4.10 4.13 4.08 128477
20150212 4.11 4.12 4.13 4.06 139824
20150213 4.14 4.22 4.27 4.12 263809
20150216 4.20 4.24 4.25 4.19 151970
20150217 4.24 4.29 4.30 4.24 187671
20150225 4.29 4.29 4.33 4.21 226900
20150226 4.28 4.39 4.40 4.25 339491
20150227 4.37 4.36 4.40 4.32 265918
20150302 4.44 4.39 4.48 4.36 439496
20150303 4.38 4.26 4.38 4.25 378075
20150304 4.26 4.30 4.34 4.24 218121
20150305 4.26 4.18 4.28 4.13 326172
20150306 4.19 4.24 4.26 4.19 236747
20150309 4.23 4.28 4.29 4.16 218818
20150310 4.26 4.28 4.30 4.22 207177
20150311 4.26 4.37 4.41 4.25 479110
20150312 4.34 4.45 4.45 4.32 579659
20150313 4.45 4.40 4.45 4.37 393397
20150316 4.42 4.84 4.84 4.42 1257687
20150317 4.94 5.15 5.25 4.89 2431268
20150318 5.01 5.23 5.26 5.01 1355889
20150319 5.21 5.06 5.22 5.00 1052069
20150320 5.08 5.18 5.45 5.08 981256
20150323 5.24 5.70 5.70 5.24 1640585
20150324 5.75 5.83 5.99 5.55 1473310
20150325 5.90 5.66 5.91 5.60 666961
20150417 6.23 6.23 6.23 6.23 34579
20150420 6.85 6.85 6.85 6.85 103219
20150421 7.34 6.81 7.34 6.61 2158528
20150422 6.82 6.92 7.00 6.64 1314864
20150423 6.93 6.79 6.96 6.74 932366
20150424 6.70 6.56 6.70 6.46 839947
20150427 6.56 6.64 6.70 6.50 754022
20150428 6.64 6.40 6.65 6.35 675924
20150429 6.39 6.49 6.52 6.21 484592
20150430 6.49 6.63 6.77 6.37 816834
20150504 6.78 6.88 7.11 6.78 1227516
20150505 6.86 6.33 6.86 6.28 849674
20150506 6.29 6.13 6.43 6.01 632358
20150507 6.08 5.87 6.10 5.83 510674
20150508 5.93 6.10 6.10 5.88 426539
20150511 6.35 6.35 6.44 6.21 582016
20150512 6.36 6.30 6.38 6.21 543249
20150513 6.30 6.57 6.64 6.23 752864
20150514 6.56 6.41 6.56 6.37 650708
20150515 6.41 6.16 6.41 6.11 523359
20150518 6.05 6.16 6.29 6.05 383781
20150519 6.16 6.30 6.34 6.12 505243
20150520 6.31 6.36 6.41 6.25 796721
20150521 6.36 6.64 6.67 6.33 1037466
20150522 6.75 6.86 6.97 6.57 1400587
20150525 6.85 7.04 7.16 6.80 1537102
20150526 7.06 7.68 7.70 7.06 1639108
20150527 7.72 7.58 8.05 7.41 1780650
20150528 7.52 6.89 7.78 6.84 1359189
20150529 6.88 7.03 7.19 6.29 1068890
20150601 7.06 7.54 7.59 6.97 1006237
20150602 7.66 7.57 7.74 7.36 1087847
20150603 7.58 7.50 7.60 7.27 880626
20150604 7.50 7.77 7.80 7.10 1269143
20150605 7.86 8.01 8.04 7.65 1618648
20150608 8.10 8.13 8.44 8.04 1562863
20150609 8.13 8.08 8.15 7.80 1092360
20150610 8.00 8.47 8.70 7.81 1405340
20150611 8.44 8.60 8.65 8.29 1024299
20150612 8.62 8.89 8.98 8.50 1279017
20150615 9.05 9.43 9.70 9.05 1371300
20150616 9.46 9.18 9.68 9.06 1314284
20150617 9.08 8.90 9.22 8.34 1176147
20150618 8.93 8.98 9.40 8.75 1007104
20150619 8.69 8.08 8.85 8.08 870083
20150623 7.94 7.99 8.08 7.27 1007412
20150624 8.06 8.21 8.28 7.86 890994
20150625 8.27 8.21 8.77 8.02 1220474
20150626 7.80 7.39 8.10 7.39 974982
20150629 7.79 7.30 7.89 6.65 1197031
20150630 7.19 7.70 7.70 6.60 1046745
20150701 7.60 7.06 7.85 7.01 799774
20150702 7.00 6.35 7.27 6.35 846660
20150703 6.10 5.72 6.30 5.72 632286
20150706 6.28 5.89 6.28 5.19 1059952
20150707 5.55 5.30 5.82 5.30 379036
20150708 4.77 4.77 4.77 4.77 90129
20150709 4.29 5.25 5.25 4.29 1168845
20150710 5.37 5.78 5.78 5.36 645801
20150713 6.21 6.36 6.36 5.90 1566663
20150714 6.28 6.14 6.74 6.00 1349811
20150715 5.94 5.53 6.02 5.53 777810
20150716 5.19 5.53 5.81 5.05 795386
20150717 5.53 5.88 5.96 5.48 657597
20150720 5.95 6.12 6.31 5.88 842379
20150721 6.00 6.22 6.40 5.93 825312
20150722 6.20 6.46 6.50 6.12 924957
20150723 6.62 7.11 7.11 6.51 1414660
20150724 7.36 7.32 7.67 7.00 1967320
20150727 7.20 6.59 7.67 6.59 1810393
20150728 6.07 6.74 6.79 5.93 1435659
20150729 6.74 7.15 7.20 6.48 1057267
20150730 7.14 6.98 7.35 6.84 1231656
