20140318 5.75 5.75 5.75 5.75 3622
20140319 6.33 6.33 6.33 6.33 3871
20140320 6.96 6.96 6.96 6.96 6234
20140321 7.66 7.66 7.66 7.66 26217
20140324 8.43 8.43 8.43 8.43 22302
20140325 9.27 9.27 9.27 9.27 16393
20140326 10.20 10.20 10.20 10.20 31485
20140327 11.22 10.99 11.22 10.48 1254318
20140328 10.50 9.89 10.58 9.89 606974
20140331 9.34 8.90 9.44 8.90 552877
20140401 8.81 8.99 9.16 8.81 396294
20140402 9.00 9.18 9.54 8.91 512327
20140403 9.00 8.74 9.00 8.39 504909
20140404 8.63 8.74 8.85 8.52 303419
20140408 8.77 8.79 8.93 8.66 258692
20140409 8.72 8.78 8.87 8.68 236175
20140410 8.83 9.04 9.26 8.74 491796
20140411 8.92 8.74 8.93 8.58 268470
20140414 8.73 8.84 8.92 8.56 225754
20140415 8.76 9.04 9.26 8.76 362347
20140416 8.97 9.13 9.19 8.91 250971
20140417 9.12 9.05 9.24 8.95 184229
20140418 9.00 8.78 9.07 8.73 218747
20140421 8.60 8.47 8.78 8.45 183740
20140422 8.48 8.72 8.79 8.38 149803
20140423 8.65 8.51 8.71 8.46 86729
20140424 8.50 8.48 8.68 8.42 104605
20140425 8.48 7.90 8.52 7.84 213087
20140428 7.74 7.81 7.92 7.69 105005
20140429 7.81 7.84 7.95 7.74 91232
20140430 7.86 7.88 7.93 7.75 57320
20140505 7.83 7.82 7.88 7.54 93196
20140506 7.76 7.93 7.95 7.73 81478
20140507 7.85 7.65 7.93 7.62 76228
20140508 7.60 7.63 7.81 7.58 76002
20140509 7.62 7.52 7.69 7.48 71460
20140512 7.55 7.74 7.77 7.55 84213
20140513 7.74 7.80 7.88 7.67 63030
20140514 7.91 7.72 7.96 7.69 80472
20140515 7.69 7.45 7.70 7.44 80873
20140516 7.45 7.53 7.58 7.42 43629
20140519 7.51 7.34 7.51 7.26 62085
20140520 7.41 7.27 7.45 7.24 48350
20140521 7.24 7.36 7.36 7.13 48640
20140522 7.35 7.30 7.47 7.29 52530
20140523 7.30 7.46 7.48 7.24 73219
20140526 7.50 7.82 7.89 7.42 176843
20140527 7.74 7.79 7.82 7.66 97171
20140528 7.74 7.83 7.85 7.70 85468
20140529 7.84 7.51 7.86 7.48 91169
20140530 7.54 7.47 7.56 7.31 77044
20140603 7.47 7.37 7.51 7.35 49206
20140604 7.37 7.26 7.39 7.23 49804
20140605 7.28 7.64 7.65 7.21 92962
20140606 7.56 7.44 7.58 7.38 68484
20140609 7.42 7.51 7.57 7.37 62482
20140610 7.48 7.51 7.53 7.37 54666
20140611 7.51 7.60 7.65 7.44 84934
20140612 7.60 7.78 7.87 7.47 130956
20140613 7.74 7.77 7.85 7.69 101373
20140616 7.85 7.78 7.97 7.70 118521
20140617 7.74 7.63 7.76 7.60 69812
20140618 7.58 7.47 7.70 7.46 67724
20140619 7.48 7.16 7.54 7.00 74289
20140620 7.16 7.21 7.28 7.16 39604
20140623 7.28 7.27 7.30 7.15 46779
20140624 7.33 7.39 7.42 7.25 49083
20140625 7.37 7.44 7.48 7.33 39994
20140626 7.45 7.60 7.62 7.41 65082
20140627 8.20 8.09 8.36 7.98 735452
20140630 7.75 7.97 7.98 7.67 307343
20140701 8.00 7.82 8.17 7.75 251945
20140702 7.70 7.76 7.78 7.61 166329
20140703 7.76 7.77 7.90 7.71 157643
20140704 7.78 7.83 7.87 7.72 118972
20140707 7.77 7.72 7.86 7.63 142208
20140708 7.74 7.63 7.76 7.52 112102
20140709 7.56 7.37 7.61 7.35 126115
20140710 7.35 7.44 7.46 7.32 82504
20140711 7.43 7.43 7.52 7.37 70024
20140714 7.40 7.53 7.53 7.38 65703
20140715 7.70 7.93 8.17 7.68 297100
20140716 7.92 7.73 7.92 7.69 137359
20140717 7.73 7.70 7.84 7.63 92877
20140718 7.64 7.69 7.79 7.61 92924
20140721 7.69 7.91 7.99 7.56 198664
20140722 7.80 7.83 7.90 7.77 133171
20140723 7.80 7.77 7.96 7.73 133225
20140724 7.78 8.00 8.17 7.78 297506
20140725 8.02 8.02 8.06 7.86 170209
20140728 8.02 8.15 8.29 7.96 271887
20140729 8.14 8.22 8.41 8.12 250243
20140730 8.16 8.07 8.21 7.95 204357
20140731 7.93 8.05 8.06 7.83 150726
20140801 8.02 7.93 8.09 7.90 124978
20140804 7.95 8.05 8.07 7.93 111027
20140805 8.18 8.12 8.26 8.07 138951
20140806 8.08 8.04 8.09 7.95 98261
20140807 8.04 8.03 8.14 7.98 102719
20140808 8.03 8.04 8.09 7.95 75718
20140811 8.03 8.40 8.42 8.00 273637
20140812 8.32 8.39 8.50 8.24 249218
20140813 8.33 8.61 8.63 8.32 260659
20140814 8.60 8.36 8.61 8.32 157710
20140815 8.36 8.35 8.44 8.31 131426
20140818 8.35 8.40 8.42 8.33 104314
20140819 8.38 8.36 8.56 8.33 172838
20140820 8.33 8.34 8.41 8.21 127435
20140821 8.52 8.38 8.58 8.31 139385
20140822 8.38 8.44 8.44 8.31 112764
20140825 8.44 8.47 8.63 8.43 169803
20140826 8.49 8.07 8.49 8.06 163647
20140827 8.05 8.00 8.13 7.94 102568
20140828 8.00 8.11 8.18 7.96 108884
20140829 8.01 8.14 8.15 8.00 62609
20140901 8.14 8.17 8.19 8.10 69481
20140902 8.18 8.31 8.33 8.15 102812
20140903 8.30 8.41 8.46 8.26 140790
20140904 8.42 8.50 8.56 8.35 176441
20140905 8.50 8.48 8.54 8.40 113133
20140909 8.50 8.39 8.51 8.35 109849
20140910 8.36 8.64 8.66 8.30 226097
20140911 8.59 8.76 8.86 8.56 293225
20140912 8.77 8.79 8.88 8.70 142428
20140915 8.84 8.80 8.84 8.65 129083
20140916 8.88 9.55 9.68 8.88 760822
20140917 9.35 9.71 9.80 9.05 483586
20140918 9.59 9.44 9.80 9.42 215322
20140919 9.46 9.31 9.58 9.16 176686
20140922 9.27 9.33 9.50 9.11 141186
20140923 9.30 9.36 9.44 9.28 113658
20140924 9.40 9.52 9.61 9.32 150255
20140925 9.59 9.26 9.59 9.25 171263
20140926 9.26 9.26 9.40 9.21 85537
20140929 9.29 9.25 9.41 9.22 103478
20140930 9.30 9.62 9.80 9.27 249571
20141008 9.77 9.74 9.96 9.68 203708
20141009 9.75 9.60 9.82 9.39 180588
20141010 9.57 9.78 9.89 9.40 181552
20141013 9.69 9.64 9.74 9.51 102755
20141014 9.61 9.53 9.75 9.49 86552
20141015 9.60 9.43 9.64 9.39 77700
20141016 9.45 9.19 9.51 9.18 92456
20141017 9.22 8.97 9.28 8.77 121419
20141020 9.03 9.06 9.09 8.95 57716
20141021 9.06 8.88 9.15 8.86 77146
20141022 8.86 8.78 8.96 8.74 57058
20141023 8.72 8.54 8.82 8.50 74957
20141024 8.55 8.67 8.70 8.53 59983
20141027 8.64 8.73 8.84 8.63 48338
20141028 8.75 9.02 9.03 8.75 71251
20141029 8.99 9.39 9.51 8.91 191805
20141030 9.39 9.13 9.41 9.09 164142
20141031 9.18 9.09 9.30 9.04 104650
20141103 9.10 9.22 9.23 9.05 83686
20141104 9.22 9.06 9.22 9.04 72578
20141105 9.04 9.08 9.15 9.01 62081
20141106 9.08 9.06 9.10 8.92 55144
20141107 9.05 8.93 9.13 8.89 83564
20141110 8.94 9.00 9.05 8.89 50606
20141111 9.09 8.76 9.14 8.61 80527
20141112 8.72 9.05 9.13 8.66 92181
20141113 9.07 8.94 9.13 8.93 78179
20141114 8.92 9.13 9.25 8.90 122589
20141117 9.07 9.01 9.14 8.89 74624
20141118 9.01 9.08 9.10 9.01 48673
20141119 9.10 9.33 9.35 9.00 136848
20141120 9.25 9.20 9.32 9.16 71648
20141121 9.21 9.21 9.33 9.15 88550
20141124 9.50 9.73 9.94 9.32 394338
20141125 9.66 9.79 9.82 9.57 250779
20141126 9.75 9.57 9.75 9.45 173562
20141127 9.55 9.56 9.68 9.47 122268
20141128 9.56 9.62 9.68 9.40 177665
20141201 9.64 9.41 9.71 9.38 148318
20141202 9.43 9.59 9.64 9.38 141686
20141203 9.53 9.71 10.08 9.53 272228
20141204 9.75 9.84 9.86 9.62 197501
20141205 9.97 10.28 10.67 9.76 408869
20141208 10.30 11.31 11.31 10.15 479306
20141209 11.38 11.99 12.44 11.32 719092
20141210 12.40 12.71 12.80 11.41 511235
20141211 12.35 12.43 13.20 12.16 335355
20141212 12.30 12.13 12.37 12.00 187462
20141215 11.95 12.00 12.13 11.63 182811
20141216 11.88 12.34 12.65 11.88 220358
20141217 12.22 12.28 12.33 11.94 173802
20141218 12.69 13.11 13.51 12.65 314139
20141219 12.88 12.89 13.06 12.43 193718
20141222 12.73 12.08 12.73 11.64 260701
20141223 11.86 11.58 12.28 11.56 98251
20141224 11.67 11.48 11.79 11.20 102476
20141225 11.55 11.87 11.97 11.51 101623
20141226 11.80 12.40 12.49 11.80 141816
20141229 12.60 12.75 13.20 12.30 230123
20141230 12.79 12.27 12.95 12.25 120891
20141231 12.02 12.94 12.97 11.60 208859
20150105 13.36 13.87 14.23 13.36 504099
20150106 13.63 13.87 14.55 13.39 284053
20150107 13.51 15.26 15.26 13.51 417393
20150108 15.20 14.93 15.46 14.63 259354
20150109 14.82 14.67 15.23 14.54 202027
20150112 14.50 13.89 14.50 13.65 136854
20150113 13.87 15.03 15.21 13.87 237081
20150114 15.03 14.48 15.10 14.28 103846
20150115 14.65 14.57 15.15 14.29 143855
20150116 14.48 14.77 15.18 13.84 174905
20150119 14.10 13.29 14.44 13.29 210950
20150120 13.14 13.66 13.96 13.14 131385
20150121 13.75 14.56 14.73 13.60 174278
20150122 15.04 16.02 16.02 15.03 252670
20150123 16.88 15.98 16.88 15.54 258849
20150126 15.90 17.58 17.58 15.49 287630
20150127 17.20 17.91 18.55 16.90 327689
20150128 17.73 17.26 18.48 17.06 230538
20150129 17.02 16.92 17.50 16.70 130058
20150130 16.93 17.04 17.43 16.46 138589
20150202 16.52 17.07 17.37 16.10 119204
20150203 17.15 16.91 17.49 16.60 121842
20150204 16.96 17.41 17.48 16.90 128181
20150205 17.95 17.44 18.10 17.21 195341
20150206 17.16 16.87 17.38 16.66 98882
20150209 16.50 16.15 16.82 16.01 110624
20150210 16.24 16.14 16.48 15.75 98572
20150211 16.22 16.35 16.38 15.81 100423
20150212 16.34 16.25 16.52 16.15 75595
20150213 16.65 17.40 17.45 16.35 156006
20150216 17.55 17.14 17.65 17.10 102903
20150217 17.35 18.09 18.50 17.16 166376
20150225 18.00 18.09 18.39 17.73 100504
20150226 18.18 18.24 18.33 17.75 94645
20150227 18.24 18.33 18.90 18.09 125856
20150302 18.81 17.99 18.90 17.79 165021
20150303 17.75 17.29 17.97 17.20 163365
20150304 17.31 17.45 17.56 17.25 89089
20150305 17.36 17.38 17.58 17.10 95895
20150306 17.45 17.44 17.49 17.07 75042
20150309 17.40 17.62 17.69 17.18 78593
20150310 17.30 17.08 17.39 17.01 139135
20150311 17.08 16.80 17.28 16.66 110542
20150312 16.89 17.17 17.40 16.70 118606
20150313 17.17 16.93 17.21 16.80 99555
20150316 17.01 17.34 17.38 16.90 130157
20150317 17.46 17.68 17.75 17.23 156567
20150318 17.90 18.14 18.50 17.79 198735
20150319 18.27 17.87 18.39 17.73 167991
20150320 17.76 18.19 18.45 17.73 160355
20150323 18.28 18.36 18.45 18.14 171945
20150324 18.30 17.90 18.36 17.55 185679
20150325 17.92 17.50 17.92 17.48 180548
20150326 17.38 17.38 17.47 17.10 141649
20150327 17.50 17.60 17.91 17.37 134051
20150330 17.80 18.88 19.10 17.60 343580
20150331 19.14 18.27 19.25 18.20 297688
20150401 18.07 18.34 18.45 17.86 134867
20150402 19.10 18.87 19.40 18.55 247313
20150403 18.61 20.76 20.76 18.54 298170
20150407 21.22 22.00 22.80 20.70 332617
20150408 22.00 24.00 24.20 20.81 339759
20150409 23.85 25.21 25.97 22.91 342756
20150410 25.20 25.41 26.35 24.50 216015
20150413 25.41 25.20 25.55 24.75 176468
20150414 25.25 25.80 26.33 25.00 195058
20150415 25.80 24.22 25.80 24.20 179280
20150424 26.64 26.64 26.64 26.64 5228
20150427 29.30 29.30 29.30 28.31 243853
20150428 32.00 32.23 32.23 30.20 174960
20150429 35.39 35.45 35.45 35.00 103484
20150504 39.00 39.00 39.00 39.00 15694
20150505 42.90 35.10 42.90 35.10 621468
20150506 33.00 32.24 34.99 31.78 434835
20150507 32.50 30.49 33.73 30.30 304816
20150508 31.28 32.16 32.42 30.21 300032
20150511 33.00 32.76 33.18 32.05 255144
20150512 33.48 32.35 33.48 32.01 235036
20150513 31.89 35.59 35.59 31.10 425644
20150514 36.07 34.54 36.08 34.50 329827
20150515 33.55 33.75 35.87 32.07 251299
20150518 34.11 33.98 34.81 33.09 174756
20150519 33.36 33.94 34.50 33.36 157950
20150520 34.04 34.18 35.10 33.48 213074
20150521 34.00 34.19 34.51 33.69 204965
20150522 34.51 35.56 36.77 34.51 275795
20150525 35.50 37.19 37.50 34.70 298924
20150526 37.35 37.41 38.00 36.10 264147
20150527 39.01 41.15 41.15 39.00 346157
20150528 41.90 37.04 42.98 37.04 396700
20150529 35.64 35.49 37.50 33.40 269163
20150601 35.05 36.73 37.00 34.71 243377
20150602 37.00 36.97 37.29 35.65 230587
20150603 37.00 38.55 38.99 36.48 263577
20150604 38.55 37.50 38.55 34.81 198970
20150605 38.88 38.75 38.95 37.02 253218
20150608 37.09 37.73 38.48 36.00 236979
20150609 38.10 37.18 38.10 36.80 159725
20150610 37.50 37.40 37.99 36.15 165455
20150611 37.45 37.65 37.98 36.70 163101
20150612 38.00 37.84 38.19 37.31 189400
20150615 37.84 35.90 37.85 35.80 199993
20150616 35.30 32.39 35.40 32.32 209757
20150617 32.19 34.08 34.50 29.51 211792
20150618 33.45 33.34 35.20 32.10 171294
20150619 34.85 33.00 35.70 31.58 191366
20150623 32.68 31.85 32.70 29.71 146223
20150624 31.50 31.46 32.30 30.55 130728
20150625 31.70 28.76 31.70 28.42 177877
20150626 27.00 25.88 27.80 25.88 132441
20150629 26.70 23.29 26.78 23.29 184314
20150630 20.96 24.43 24.57 20.96 261600
20150701 23.99 21.99 24.40 21.99 194670
20150702 21.00 19.79 21.60 19.79 165009
20150703 17.81 17.81 19.16 17.81 162279
20150706 19.50 16.03 19.50 16.03 223976
20150707 14.43 14.43 15.00 14.43 81051
20150708 12.99 12.99 12.99 12.99 6066
20150709 11.69 14.29 14.29 11.69 545653
20150710 14.40 15.72 15.72 14.01 258506
20150713 17.00 17.29 17.29 16.50 416103
20150714 17.51 18.95 19.02 17.00 513810
20150715 18.02 17.06 18.51 17.06 236348
20150716 15.35 16.83 17.55 15.35 297425
20150717 16.85 18.01 18.29 16.84 264377
20150720 18.10 18.00 18.90 17.21 312072
20150721 17.40 19.80 19.80 17.21 430437
20150722 19.50 19.47 20.02 18.61 347274
20150723 19.40 20.29 20.65 19.23 335153
20150724 20.21 20.84 22.18 20.00 453181
20150727 20.05 18.76 21.18 18.76 332331
20150728 16.89 17.62 19.02 16.89 263816
20150729 17.98 18.59 18.75 16.80 217908
20150730 18.54 17.76 18.87 17.53 198527
