20140102 10.08 9.98 10.09 9.93 727892
20140103 9.92 9.73 9.94 9.71 778984
20140106 9.76 9.66 9.79 9.53 888809
20140107 9.61 9.62 9.71 9.53 431912
20140108 9.64 9.69 9.77 9.60 521831
20140109 9.69 9.73 9.88 9.65 635265
20140110 9.73 9.75 9.82 9.64 518099
20140113 9.76 9.72 9.80 9.69 426582
20140114 9.71 9.76 9.82 9.68 460289
20140115 9.76 9.63 9.77 9.58 475006
20140116 9.65 9.51 9.65 9.50 896812
20140117 9.49 9.31 9.50 9.30 637742
20140120 9.28 9.21 9.36 9.13 547670
20140121 9.22 9.29 9.37 9.22 397956
20140122 9.32 9.56 9.63 9.29 758918
20140123 9.54 9.41 9.55 9.38 558143
20140124 9.37 9.39 9.48 9.32 700262
20140127 9.32 9.22 9.36 9.20 698716
20140128 9.26 9.42 9.43 9.24 527557
20140129 9.45 9.50 9.56 9.40 592492
20140130 9.47 9.35 9.47 9.33 432874
20140207 9.32 9.35 9.35 9.25 426209
20140210 9.39 9.48 9.53 9.38 643252
20140211 9.48 9.77 9.94 9.41 1486291
20140212 9.74 9.72 9.91 9.70 842956
20140213 9.67 9.96 10.12 9.65 1797680
20140214 9.91 9.88 9.96 9.81 742674
20140217 9.93 9.78 9.98 9.68 1103635
20140218 9.75 9.49 9.76 9.46 1076027
20140219 9.48 9.77 9.83 9.45 1609919
20140220 9.72 9.55 9.88 9.53 1163844
20140221 9.55 9.47 9.59 9.40 761787
20140224 9.37 9.12 9.38 9.09 1444465
20140225 9.13 9.00 9.22 8.96 926049
20140226 9.00 9.08 9.14 8.97 696797
20140227 9.12 9.17 9.24 8.99 998108
20140228 9.12 9.12 9.18 9.02 630353
20140303 9.11 9.07 9.11 9.03 600571
20140304 9.04 9.16 9.20 8.99 741303
20140305 9.14 9.05 9.18 9.03 462010
20140306 9.03 9.11 9.17 8.99 721541
20140307 9.08 9.03 9.18 9.02 763647
20140310 8.98 8.65 8.98 8.61 1300340
20140311 8.66 8.65 8.78 8.60 685713
20140312 8.65 8.87 8.94 8.63 973320
20140313 8.96 8.96 9.14 8.90 993816
20140314 8.91 8.93 8.98 8.81 656290
20140317 9.05 8.98 9.08 8.92 451010
20140318 9.00 8.90 9.01 8.88 424841
20140319 8.86 8.83 8.87 8.72 559081
20140320 8.82 8.89 9.08 8.79 1006975
20140321 8.88 9.48 9.58 8.85 2471493
20140324 9.53 9.58 9.74 9.41 1909223
20140325 9.56 9.39 9.62 9.34 1205259
20140326 9.41 9.37 9.48 9.32 513860
20140327 9.36 9.47 9.67 9.30 1178557
20140328 9.44 9.58 9.71 9.41 1150188
20140331 9.60 9.52 9.66 9.38 855615
20140401 9.34 9.38 9.45 9.28 1111186
20140402 9.38 9.49 9.57 9.34 833135
20140403 9.55 9.38 9.58 9.32 804284
20140404 9.31 9.58 9.59 9.30 891272
20140408 9.66 10.35 10.50 9.66 4364172
20140409 10.30 10.29 10.36 10.20 1746438
20140410 10.30 10.32 10.54 10.13 2195300
20140411 10.24 10.41 10.49 10.17 1693458
20140414 10.38 10.29 10.44 10.20 873867
20140415 10.23 9.98 10.25 9.97 1432951
20140416 9.94 10.03 10.12 9.89 914794
20140417 10.15 10.02 10.19 9.98 808130
20140418 9.95 10.08 10.09 9.86 713404
20140421 10.02 9.90 10.21 9.90 895193
20140422 9.89 10.23 10.26 9.86 1367563
20140423 10.18 10.31 10.46 10.14 1496699
20140424 10.28 10.22 10.44 10.21 779047
20140425 10.24 10.22 10.45 10.17 846498
20140428 10.20 9.97 10.28 9.93 1004479
20140429 10.03 10.13 10.19 10.01 760591
20140430 10.15 10.17 10.27 10.12 621123
20140505 10.15 10.02 10.16 9.91 822992
20140506 10.00 9.96 10.09 9.93 463583
20140507 9.96 9.81 9.97 9.80 667637
20140508 9.81 9.83 10.02 9.78 630862
20140509 9.86 9.87 9.92 9.82 475278
20140512 9.95 10.02 10.09 9.86 886350
20140513 10.02 9.98 10.04 9.94 426309
20140514 10.01 10.01 10.10 9.95 426042
20140515 10.00 9.97 10.06 9.96 470563
20140516 9.96 9.97 10.06 9.94 536296
20140519 9.91 9.69 9.91 9.63 1089016
20140520 9.74 9.67 9.77 9.61 464150
20140521 9.65 9.78 9.80 9.58 432613
20140522 9.75 9.79 9.97 9.72 611856
20140523 9.79 9.88 9.88 9.76 406579
20140526 9.97 9.89 9.98 9.82 394241
20140527 9.88 9.82 9.90 9.78 360664
20140528 9.80 9.94 9.96 9.78 518317
20140529 9.93 9.86 10.03 9.86 504972
20140530 9.88 9.83 9.90 9.81 441487
20140603 9.84 9.80 9.94 9.79 417370
20140604 9.81 9.72 9.83 9.67 443763
20140605 9.71 9.85 9.86 9.69 307091
20140606 9.86 9.73 9.86 9.68 411831
20140609 9.70 9.79 9.92 9.66 513777
20140610 9.84 9.94 9.95 9.82 641141
20140611 9.90 9.90 9.95 9.85 429290
20140612 9.91 9.88 9.96 9.88 534410
20140613 10.02 10.11 10.21 9.92 1536302
20140616 10.09 10.27 10.34 10.06 1660842
20140617 10.22 10.12 10.23 10.08 709970
20140618 10.12 10.04 10.13 10.01 498973
20140619 10.06 9.87 10.09 9.83 640900
20140620 9.87 9.97 9.98 9.85 427641
20140623 9.97 9.90 10.00 9.88 458314
20140624 9.92 9.93 9.98 9.87 392051
20140625 9.94 9.86 9.94 9.82 464654
20140626 9.87 9.93 9.95 9.87 311186
20140627 9.93 9.94 9.97 9.91 369577
20140630 9.97 10.03 10.08 9.93 436633
20140701 10.09 10.01 10.11 9.98 296425
20140702 10.01 10.06 10.08 9.98 304010
20140703 10.06 10.05 10.08 10.00 498050
20140704 10.04 10.02 10.06 9.99 371622
20140707 10.01 10.03 10.06 9.97 346609
20140708 10.01 9.98 10.02 9.92 472641
20140709 9.96 9.82 9.97 9.79 691431
20140710 9.82 9.80 9.85 9.77 429924
20140711 9.79 9.83 9.87 9.79 413899
20140714 9.86 9.85 9.87 9.80 580023
20140715 9.85 9.93 9.97 9.83 698884
20140716 9.90 9.91 9.94 9.87 735180
20140717 9.91 9.87 9.92 9.83 484968
20140718 9.43 9.51 9.56 9.43 877892
20140721 9.52 9.48 9.54 9.45 402288
20140722 9.46 9.67 9.79 9.44 1299205
20140723 9.69 9.71 9.82 9.66 816504
20140724 9.75 10.24 10.34 9.75 2864616
20140725 10.27 10.33 10.40 10.17 1368346
20140728 10.38 10.91 11.00 10.38 2884383
20140729 10.97 10.95 11.07 10.85 1790112
20140730 11.07 10.92 11.22 10.85 1497170
20140731 10.89 11.07 11.08 10.81 1055980
20140801 11.05 10.92 11.23 10.91 1557973
20140804 10.95 11.10 11.18 10.84 1757873
20140805 11.11 10.87 11.16 10.81 1606374
20140806 10.81 10.66 10.81 10.50 1838582
20140807 10.65 10.54 10.71 10.52 931964
20140808 10.53 10.56 10.64 10.50 852830
20140811 10.61 10.71 10.75 10.60 1067697
20140812 10.68 10.60 10.69 10.50 1111806
20140813 10.58 10.58 10.67 10.48 1020060
20140814 10.58 10.49 10.60 10.48 865637
20140815 10.48 10.52 10.54 10.36 1212444
20140818 10.52 10.52 10.60 10.46 911778
20140819 10.54 10.52 10.55 10.45 1052200
20140820 10.50 10.41 10.51 10.41 716902
20140821 10.42 10.31 10.44 10.23 915053
20140822 10.30 10.36 10.42 10.28 712098
20140825 10.36 10.24 10.38 10.21 632817
20140826 10.24 10.26 10.31 10.21 633139
20140827 10.26 10.27 10.32 10.20 557409
20140828 10.25 10.16 10.28 10.16 587566
20140829 10.21 10.32 10.32 10.18 500897
20140901 10.31 10.31 10.32 10.24 856012
20140902 10.34 10.46 10.48 10.26 1315127
20140903 10.52 10.55 10.63 10.47 1160545
20140904 10.57 10.59 10.64 10.49 918258
20140905 10.62 10.62 10.68 10.55 1056019
20140909 10.62 10.49 10.64 10.47 971585
20140910 10.46 10.37 10.46 10.34 976696
20140911 10.36 10.36 10.54 10.32 1243898
20140912 10.34 10.37 10.37 10.28 967936
20140915 10.32 10.31 10.32 10.25 866670
20140916 10.31 10.23 10.39 10.22 1574694
20140917 10.27 10.25 10.31 10.21 916443
20140918 10.25 10.29 10.39 10.19 1325362
20140919 10.29 10.34 10.40 10.28 1490137
20140922 10.32 10.09 10.32 10.07 1276527
20140923 10.09 10.12 10.16 10.07 629456
20140924 10.11 10.33 10.35 10.06 1469170
20140925 10.34 10.25 10.37 10.20 1039031
20140926 10.20 10.20 10.25 10.16 620602
20140929 10.25 10.24 10.29 10.21 843061
20140930 10.26 10.22 10.27 10.18 782559
20141008 10.27 10.34 10.35 10.20 1084983
20141009 10.35 10.33 10.39 10.28 944044
20141010 10.29 10.27 10.31 10.22 819460
20141013 10.22 10.15 10.25 10.09 855812
20141014 10.14 10.14 10.23 10.10 667378
20141015 10.13 10.17 10.21 10.08 695305
20141016 10.12 10.17 10.35 10.09 1397103
20141017 10.17 10.14 10.22 10.11 825468
20141020 10.19 10.24 10.29 10.13 864023
20141021 10.22 10.13 10.25 10.11 800289
20141022 10.14 10.17 10.29 10.13 940898
20141023 10.18 10.23 10.33 10.18 1440092
20141024 10.25 10.24 10.32 10.21 796332
20141027 10.15 10.01 10.18 9.99 1044981
20141028 10.06 10.15 10.15 10.02 739706
20141029 10.17 10.28 10.34 10.13 1465000
20141030 10.29 10.45 10.49 10.22 2146014
20141031 10.49 10.86 11.15 10.49 4478599
20141103 11.03 10.76 11.09 10.72 2074617
20141104 10.81 10.65 10.82 10.61 1436710
20141105 10.62 10.49 10.68 10.45 1980238
20141106 10.54 10.48 10.56 10.40 1396055
20141107 10.48 10.59 10.90 10.43 3160858
20141110 10.79 10.82 10.91 10.63 2573783
20141111 10.84 11.04 11.35 10.84 5762479
20141112 10.89 11.02 11.03 10.83 2017054
20141113 11.08 10.94 11.23 10.89 2428351
20141114 10.89 10.86 10.98 10.73 1849868
20141117 10.95 10.70 10.98 10.69 1643101
20141118 10.70 10.55 10.70 10.50 1548175
20141119 10.53 10.52 10.59 10.47 916502
20141120 10.52 10.55 10.60 10.47 1000260
20141121 10.53 10.70 10.72 10.45 1709281
20141124 10.54 10.71 10.88 10.35 4070591
20141125 10.68 10.83 10.86 10.65 2529076
20141126 10.88 11.04 11.16 10.82 3855689
20141127 11.09 11.18 11.30 11.01 3966445
20141128 11.21 12.14 12.20 11.13 8370044
20141201 12.21 11.92 12.63 11.90 6607178
20141202 11.82 12.59 12.90 11.75 6682871
20141203 12.62 12.38 13.00 12.22 7273341
20141204 12.43 13.29 13.37 12.28 7263880
20141205 13.43 13.60 14.05 12.87 9220803
20141208 13.40 13.92 14.15 13.20 6982009
20141209 13.74 12.80 14.27 12.65 7722453
20141210 13.05 13.32 13.50 12.36 5665050
20141211 13.06 13.25 13.79 12.90 4552992
20141212 13.20 13.11 13.54 13.00 3514604
20141215 13.00 12.84 13.00 12.58 2944096
20141216 12.80 13.37 13.39 12.76 3690160
20141217 13.47 14.28 14.57 13.30 8147276
20141218 14.39 14.27 14.60 13.96 5649423
20141219 14.27 14.49 14.60 13.91 4352384
20141222 14.57 14.99 15.58 14.57 6575294
20141223 14.79 14.35 15.20 14.31 4009099
20141224 14.35 13.78 14.46 13.47 4185512
20141225 14.01 14.49 14.63 13.80 4433685
20141226 14.63 15.05 15.11 14.50 5201944
20141229 16.10 15.55 16.56 15.21 8229350
20141230 15.67 16.26 16.30 15.55 6960472
20141231 16.30 16.50 16.61 15.90 5107083
20150105 16.83 16.87 17.08 16.32 5284038
20150106 16.60 16.99 17.49 16.49 4792609
20150107 16.78 16.61 17.03 16.20 3793157
20150108 16.61 15.91 16.66 15.84 3248582
20150109 15.85 16.18 17.18 15.63 4969504
20150112 16.16 16.03 16.47 15.65 3103271
20150113 15.95 15.89 16.15 15.75 2031267
20150114 15.95 16.17 16.40 15.94 2639648
20150115 16.16 16.85 16.88 16.00 3116911
20150116 16.60 16.79 17.10 16.51 5081287
20150119 15.20 15.11 15.79 15.11 4177998
20150120 15.01 14.87 15.29 14.50 4436135
20150121 14.96 15.61 15.71 14.84 3893440
20150122 15.56 15.42 15.60 15.23 2415136
20150123 15.51 15.45 15.85 15.36 2649964
20150126 15.41 15.28 15.58 15.10 2359536
20150127 15.32 14.90 15.37 14.65 2965809
20150128 14.77 14.77 15.02 14.60 2204253
20150129 14.52 14.44 14.66 14.35 2348581
20150130 14.59 14.47 14.72 14.32 2002238
20150202 14.10 14.04 14.28 14.03 1871192
20150203 14.25 14.40 14.45 13.99 2120599
20150204 14.42 14.11 14.56 14.10 1777663
20150205 14.86 14.13 14.86 14.11 3796128
20150206 14.03 14.05 14.25 13.93 2001388
20150209 14.05 14.12 14.31 13.77 2288438
20150210 14.11 14.37 14.44 14.04 1990065
20150211 14.28 14.31 14.49 14.23 1539887
20150212 14.05 14.05 14.17 13.84 3552963
20150213 14.13 14.12 14.34 14.03 3266605
20150216 14.16 14.07 14.17 13.98 2202913
20150217 14.08 14.11 14.22 14.08 1962416
20150225 14.14 13.96 14.15 13.91 1881110
20150226 13.94 14.27 14.29 13.86 2437245
20150227 14.26 14.24 14.43 14.21 2205349
20150302 14.31 14.27 14.36 14.13 2677547
20150303 14.23 13.89 14.23 13.88 2628817
20150304 13.90 13.81 13.97 13.76 1850371
20150305 13.77 13.46 13.78 13.38 2711450
20150306 13.46 13.53 13.62 13.46 1443792
20150309 13.56 14.71 14.88 13.38 8256769
20150310 14.51 14.25 14.56 14.21 5420430
20150311 14.35 14.57 14.86 14.35 5055778
20150312 15.50 15.97 16.03 15.20 13572221
20150313 15.96 16.49 17.21 15.85 10432043
20150316 16.60 17.06 17.09 16.21 6550657
20150317 17.10 17.05 17.30 16.68 5362231
20150318 17.09 17.12 17.15 16.80 4597229
20150319 17.28 17.15 17.61 17.02 5149104
20150320 17.15 17.05 17.51 16.61 5821646
20150323 17.20 17.63 17.88 17.20 5805085
20150324 17.50 17.30 17.62 17.04 4216026
20150325 17.14 16.72 17.49 16.64 4326916
20150326 16.59 17.03 17.36 16.26 4183249
20150327 17.00 17.00 17.28 16.66 3355004
20150330 17.51 18.50 18.70 17.30 6366519
20150331 18.94 18.36 19.48 18.03 5046748
20150401 18.20 18.39 18.76 18.01 3126045
20150402 18.46 18.12 18.47 17.73 3910940
20150403 18.10 18.65 18.68 18.00 3877943
20150407 19.18 19.79 20.15 19.09 5280032
20150408 19.75 20.47 20.50 19.54 4993785
20150409 20.43 19.83 21.29 19.62 4932831
20150410 19.83 20.39 20.56 19.74 3682503
20150413 21.15 20.69 21.42 20.48 4045164
20150414 20.59 20.17 20.63 20.00 2979746
20150415 20.00 20.05 20.50 19.69 3551872
20150416 19.86 20.54 20.56 19.70 3458382
20150417 21.00 20.56 21.30 20.52 4054759
20150420 20.90 19.46 21.00 19.25 6045405
20150421 19.38 19.75 19.81 19.17 3689782
20150422 19.88 20.70 20.75 19.60 4832326
20150423 20.78 20.15 20.90 20.00 4361273
20150424 19.80 19.34 19.85 18.89 5977003
20150427 19.55 19.63 19.78 19.33 4087516
20150428 19.75 19.93 20.96 19.66 7086921
20150429 19.71 19.76 20.00 19.48 2837943
20150430 19.77 19.41 20.04 19.37 3102906
20150504 19.31 19.12 19.31 18.91 2637336
20150505 19.13 18.09 19.13 17.97 4338807
20150506 18.25 18.07 18.70 17.80 4039935
20150507 18.10 18.08 18.24 17.89 2251479
20150508 18.36 18.12 18.40 17.80 2719623
20150511 18.12 18.69 18.74 17.80 4516589
20150512 18.70 18.80 18.95 18.34 3525094
20150513 18.90 18.37 18.92 18.18 3171254
20150514 18.10 18.05 18.33 17.93 5604395
20150515 18.05 17.90 18.24 17.65 3670504
20150518 17.92 17.75 18.10 17.72 2783134
20150519 17.72 18.57 18.75 17.66 5624547
20150520 18.57 18.60 18.96 18.35 4947465
20150521 18.65 18.64 18.77 18.45 3163050
20150522 18.83 19.54 19.65 18.75 5738757
20150525 19.80 20.16 20.36 19.80 5100737
20150526 20.26 20.08 20.36 19.80 4311078
20150527 19.70 19.18 19.74 19.05 4252697
20150528 19.11 18.04 19.31 17.89 5178363
20150529 18.16 17.99 18.35 17.39 4296148
20150601 18.00 18.71 18.94 17.80 4454704
20150602 18.79 18.57 18.80 18.30 3486788
20150603 18.52 18.56 18.74 18.16 4433903
20150604 18.80 19.52 19.89 18.57 7807968
20150605 20.00 19.30 20.18 18.90 5674503
20150608 19.41 20.68 20.76 19.21 9145630
20150609 20.40 20.12 20.82 19.87 6833896
20150610 19.93 19.92 20.26 19.70 4218117
20150611 19.93 19.70 20.20 19.52 3665229
20150612 19.87 20.04 20.76 19.38 6464055
20150615 19.95 19.12 19.95 19.01 5126203
20150616 18.95 18.79 19.38 18.66 3770709
20150617 19.18 18.90 19.37 18.68 3688162
20150618 18.70 18.01 18.70 17.98 4020832
20150619 17.80 17.22 17.99 16.90 4605912
20150623 17.22 17.73 17.80 16.70 3839883
20150624 17.77 17.82 17.90 17.26 3807829
20150625 18.45 17.44 18.45 17.30 5007950
20150626 17.02 16.33 17.65 15.80 5597163
20150629 16.64 16.15 16.85 15.20 5917669
20150630 16.28 17.25 17.26 16.02 6060912
20150701 16.95 16.60 17.15 16.51 3743779
20150702 16.75 16.45 16.98 15.94 5003380
20150703 16.50 15.75 16.56 15.36 4697964
20150706 17.00 16.95 17.00 16.18 8341337
20150707 16.60 17.20 17.47 15.89 10261114
20150708 15.51 15.53 16.99 15.48 11818383
20150709 15.53 17.08 17.08 14.80 11304883
20150710 17.00 17.68 18.56 16.80 7169286
20150713 17.47 17.58 18.15 17.11 5385193
20150714 17.45 17.17 17.59 16.80 4105898
20150715 17.04 17.29 17.42 16.80 4240303
20150716 17.22 17.07 17.25 16.91 2167973
20150717 17.22 17.31 17.47 17.04 2763793
20150720 17.25 17.07 17.26 17.01 2496152
20150721 17.00 16.73 17.17 16.71 2477090
20150722 16.62 16.51 16.71 16.50 1953913
20150723 16.51 16.82 16.91 16.45 2075618
20150724 16.84 16.57 16.95 16.56 1770364
20150727 16.45 15.26 16.47 15.22 3784340
20150728 14.95 15.45 15.67 14.95 3007190
20150729 15.43 15.61 15.63 15.32 1783886
20150730 15.61 15.30 15.74 15.27 1538382
