20140102 6.81 6.84 6.92 6.73 37012
20140103 6.87 6.91 6.94 6.78 33337
20140113 6.32 6.22 6.64 6.22 63790
20140114 6.10 6.21 6.22 6.03 24525
20140115 6.20 6.17 6.20 6.08 24854
20140116 6.17 6.71 6.74 6.12 50543
20140117 6.64 6.65 6.84 6.46 48324
20140120 6.66 6.64 6.78 6.51 18807
20140121 7.20 6.73 7.20 6.59 41181
20140122 6.71 6.80 6.95 6.69 34975
20140123 6.72 6.68 6.84 6.66 26295
20140124 6.68 6.69 6.80 6.61 20283
20140127 6.66 6.48 6.66 6.48 17393
20140128 6.48 6.41 6.50 6.32 20654
20140129 6.40 6.47 6.57 6.40 12817
20140130 6.45 6.40 6.45 6.35 8184
20140207 6.42 6.50 6.51 6.32 8690
20140210 6.46 6.66 6.70 6.46 32916
20140211 6.64 6.82 6.86 6.60 45277
20140212 6.82 7.07 7.13 6.70 48222
20140213 7.02 7.13 7.21 7.00 48342
20140214 7.13 7.37 7.57 7.00 88237
20140217 7.28 7.32 7.37 7.22 43836
20140218 7.34 7.26 7.35 7.15 36552
20140219 7.26 7.22 7.26 7.13 36854
20140220 7.20 7.15 7.29 7.06 38246
20140221 7.13 7.39 7.53 7.06 69208
20140224 7.48 7.35 7.50 7.13 58865
20140225 7.38 7.11 7.43 7.00 45526
20140226 7.11 7.53 7.66 7.01 94765
20140227 7.50 7.63 7.75 7.41 95585
20140522 8.34 8.34 8.34 8.34 8052
20140523 8.80 9.17 9.17 8.50 332820
20140526 8.80 8.82 8.97 8.56 243381
20140527 8.70 8.41 8.84 8.38 193933
20140528 8.43 8.39 8.44 8.12 166591
20140529 8.26 8.44 8.58 8.23 165834
20140530 8.35 8.10 8.37 7.97 109491
20140603 8.08 8.02 8.23 7.98 70662
20140604 8.01 8.16 8.18 7.89 69209
20140605 8.06 8.14 8.20 8.01 57204
20140606 8.10 8.14 8.34 8.08 59916
20140609 8.18 7.95 8.33 7.90 57324
20140610 7.89 8.01 8.05 7.75 77104
20140611 8.00 8.23 8.28 7.95 78732
20140612 8.18 8.53 8.73 8.15 167591
20140613 8.44 8.65 8.69 8.32 135904
20140616 8.59 8.49 8.60 8.42 78626
20140617 8.42 8.16 8.42 8.15 76141
20140618 8.19 8.00 8.20 7.98 53979
20140619 8.00 8.04 8.20 7.82 59667
20140620 8.05 8.24 8.39 8.05 66605
20140623 8.24 8.23 8.30 8.07 46297
20140624 8.23 8.20 8.27 8.15 29845
20140625 8.20 8.12 8.26 8.03 36908
20140626 8.10 8.23 8.25 8.07 52200
20140627 8.24 8.35 8.63 8.18 81173
20140630 8.33 8.37 8.53 8.32 49899
20140701 8.32 8.35 8.40 8.26 38738
20140702 8.39 8.38 8.40 8.23 39391
20140703 8.38 8.45 8.54 8.34 55565
20140704 8.46 8.55 8.68 8.42 65714
20140707 8.55 8.45 8.68 8.37 39817
20140708 8.46 8.23 8.46 8.11 49284
20140709 8.24 8.19 8.31 8.16 27422
20140710 8.15 8.20 8.28 8.13 21817
20140711 8.20 8.31 8.37 8.15 25806
20140714 8.35 8.42 8.44 8.24 35652
20140715 8.43 8.42 8.43 8.32 30571
20140716 8.42 8.34 8.42 8.32 27778
20140717 8.34 8.34 8.42 8.28 25644
20140718 8.34 8.48 8.50 8.30 53595
20140721 8.46 8.34 8.59 8.30 32431
20140722 8.29 8.31 8.37 8.15 24112
20140723 8.33 8.42 8.43 8.22 35908
20140724 8.40 8.38 8.46 8.32 28062
20140725 8.40 8.43 8.50 8.31 20080
20140728 8.49 8.57 8.62 8.41 51184
20140729 8.57 8.82 8.83 8.51 68204
20140730 8.79 8.70 8.96 8.66 55703
20140731 8.70 8.75 8.78 8.60 34134
20140801 8.75 8.69 8.96 8.65 53917
20140804 8.65 8.74 8.74 8.61 41231
20140805 8.73 8.83 8.85 8.65 45095
20140806 8.83 8.85 8.94 8.72 42764
20140807 8.80 8.91 8.96 8.79 37285
20140808 8.87 9.17 9.33 8.87 79192
20140811 9.12 9.19 9.28 9.10 41650
20140812 9.20 9.19 9.21 9.03 42663
20140813 9.16 9.26 9.28 9.08 36440
20140814 9.26 9.13 9.29 9.10 35230
20140815 9.13 9.09 9.14 9.00 39105
20140818 9.13 9.49 9.49 9.10 63874
20140819 9.50 9.46 9.58 9.38 37030
20140820 9.46 9.58 9.65 9.40 42578
20140821 9.49 9.76 9.77 9.42 53439
20140901 10.10 9.81 10.20 9.00 132057
20140902 9.64 9.65 9.75 9.50 75102
20140903 9.66 9.63 9.72 9.59 57347
20140904 9.62 9.59 9.67 9.46 56871
20140905 9.58 9.48 9.61 9.39 50445
20140909 9.54 9.55 9.57 9.44 36174
20140910 9.51 9.86 9.89 9.50 74375
20140911 9.85 9.94 10.10 9.72 71805
20140912 9.93 10.03 10.05 9.79 53232
20140915 9.98 10.05 10.12 9.84 66755
20140916 10.01 9.23 10.02 9.22 179488
20140917 9.23 9.20 9.35 9.00 57288
20140918 9.15 9.12 9.24 9.08 41220
20140919 9.16 9.35 9.37 9.13 38741
20140922 9.35 9.27 9.35 9.10 28222
20140923 9.31 9.28 9.33 9.22 25214
20140924 9.20 9.30 9.35 9.20 31805
20140925 9.33 9.27 9.44 9.25 38633
20140926 9.29 9.32 9.40 9.22 29081
20140929 9.33 9.36 9.39 9.29 47217
20140930 9.36 9.28 9.41 9.18 77799
20141008 9.30 9.78 9.79 9.28 116157
20141009 9.80 10.03 10.05 9.75 122194
20141010 9.96 10.21 10.33 9.85 124625
20141013 10.13 10.26 10.60 10.13 105036
20141014 10.31 10.11 10.52 10.06 74210
20141015 10.11 10.11 10.20 9.93 55625
20141016 10.10 10.29 10.59 10.07 85963
20141017 10.26 10.28 10.37 9.98 52744
20141020 10.28 10.63 10.67 10.15 67958
20141021 10.63 10.46 10.70 10.46 59117
20141022 10.47 10.29 10.63 10.25 47462
20141023 10.26 10.05 10.37 10.02 39109
20141024 10.15 10.17 10.28 10.05 33678
20141027 10.18 10.24 10.34 10.09 31770
20141028 10.29 10.53 10.60 10.25 47113
20141029 10.55 10.61 10.68 10.42 57478
20141030 10.70 10.94 11.09 10.69 99732
20141031 10.96 10.86 11.05 10.65 61002
20141103 10.89 10.90 11.09 10.81 56576
20141104 10.80 10.49 10.85 10.37 146605
20141105 10.50 10.44 10.60 10.36 35014
20141106 10.42 10.53 10.53 10.40 26976
20141107 10.63 10.45 10.65 10.33 44006
20141110 10.42 10.50 10.56 10.42 29980
20141111 10.47 10.09 10.51 9.90 50255
20141112 10.11 10.39 10.46 9.98 41890
20141113 10.43 10.45 10.50 10.18 48084
20141114 10.40 10.47 10.56 10.38 36724
20141117 10.50 10.56 10.78 10.47 45449
20141118 10.56 10.67 10.74 10.56 36839
20141119 10.66 10.56 10.69 10.52 34426
20141120 10.53 10.38 10.55 10.35 31042
20141121 10.38 10.70 10.71 10.31 40268
20141124 10.73 10.75 10.84 10.65 57671
20141209 11.83 10.87 11.83 10.58 245286
20141210 10.98 11.18 11.19 10.36 92823
20141211 11.18 10.69 11.20 10.50 92368
20141212 10.60 10.77 10.80 10.50 78150
20141215 10.62 10.50 10.77 10.03 112742
20141216 10.41 10.30 10.51 10.28 64277
20141217 10.25 10.37 10.49 10.18 55885
20141218 10.30 10.20 10.37 10.18 41492
20141219 10.20 9.95 10.29 9.81 62038
20141222 9.90 9.31 9.93 9.30 60293
20141223 9.31 9.31 9.46 9.27 39262
20141224 9.33 9.54 9.56 9.33 29699
20141225 9.58 9.80 9.94 9.55 32983
20141226 9.80 9.73 9.85 9.67 30019
20141229 9.73 9.79 9.95 9.66 28306
20141230 9.80 9.37 9.84 9.32 29033
20141231 9.35 9.33 9.51 9.18 29701
20150105 9.33 9.18 9.33 8.80 56071
20150106 9.18 9.40 9.40 9.08 30189
20150107 9.38 9.56 9.65 9.34 34212
20150108 9.57 9.37 9.60 9.37 28487
20150109 9.40 9.37 9.44 9.35 28847
20150112 9.30 9.01 9.30 9.00 26013
20150113 9.01 9.03 9.13 9.00 24586
20150114 9.01 9.05 9.10 8.99 20396
20150115 9.05 9.37 9.40 9.05 41738
20150116 9.37 9.39 9.42 9.25 27841
20150119 9.30 9.07 9.33 9.01 29572
20150120 9.20 9.56 9.62 9.15 51178
20150121 9.55 10.13 10.16 9.51 87350
20150122 10.19 10.43 10.45 10.03 103457
20150123 10.53 10.54 10.88 10.28 130187
20150126 10.54 10.59 10.68 10.40 63265
20150127 10.75 11.02 11.20 10.73 115152
20150128 11.24 10.76 11.33 10.76 87944
20150129 10.72 10.60 10.74 10.47 58141
20150130 10.60 10.56 10.63 10.38 39571
20150202 10.35 10.53 10.65 10.25 32560
20150203 10.53 10.54 10.61 10.45 29684
20150204 10.56 10.46 10.58 10.42 27744
20150205 10.54 10.20 10.56 10.12 36347
20150206 10.20 10.07 10.35 9.99 31220
20150209 10.07 9.96 10.11 9.89 34798
20150210 10.12 10.23 10.44 10.00 31617
20150211 10.30 10.41 10.42 10.19 30176
20150212 10.40 10.70 10.76 10.40 58017
20150213 10.71 11.00 11.17 10.71 94043
20150216 11.13 11.59 11.85 11.13 204417
20150217 11.66 11.80 11.84 11.51 108607
20150225 11.83 11.51 11.88 11.50 62608
20150226 11.58 11.89 12.10 11.50 68307
20150227 11.85 11.92 12.07 11.71 53144
20150302 11.93 11.96 12.15 11.80 65313
20150303 11.83 12.39 12.52 11.80 111061
20150304 12.40 12.70 12.78 12.40 69234
20150305 12.72 12.74 12.98 12.50 68819
20150306 12.75 12.57 12.84 12.55 61842
20150309 12.56 12.65 12.85 12.31 52536
20150310 12.64 12.66 12.75 12.52 38841
20150311 12.65 12.57 12.66 12.50 39523
20150312 12.62 13.38 13.68 12.62 76801
20150313 13.38 13.72 13.96 13.32 58397
20150316 13.81 14.31 14.54 13.80 74950
20150317 14.31 14.36 14.50 14.12 61655
20150318 14.25 14.29 14.39 14.16 49025
20150319 14.33 14.50 14.53 14.13 65746
20150320 14.48 15.10 15.35 14.40 80631
20150323 15.10 16.49 16.61 15.10 97536
20150324 16.70 16.55 16.95 15.66 149914
20150325 16.55 16.31 16.57 16.01 94374
20150326 16.31 16.51 16.62 16.02 82323
20150327 16.61 16.98 17.09 16.61 76227
20150330 16.80 16.24 16.80 16.15 98955
20150331 16.20 15.79 16.21 15.40 97347
20150401 15.79 15.84 15.90 15.55 94978
20150402 15.83 15.87 16.15 15.77 74302
20150403 15.65 16.83 16.86 15.55 137730
20150407 16.83 16.56 17.18 16.46 92042
20150408 16.72 16.17 16.72 15.95 84844
20150409 16.09 16.53 16.60 15.80 79007
20150410 16.66 17.48 17.73 16.65 144084
20150413 17.50 17.35 17.60 17.02 102612
20150414 17.30 17.16 17.33 17.05 67212
20150415 17.10 16.70 17.51 16.70 71997
20150416 16.41 16.32 16.69 16.00 87999
20150417 16.39 16.16 16.69 16.10 87761
20150420 16.05 15.00 16.05 14.99 140027
20150421 15.08 15.44 15.62 15.08 68563
20150422 15.61 16.00 16.22 15.45 66045
20150423 15.98 16.33 16.47 15.89 78021
20150424 16.20 16.00 16.20 15.71 87056
20150427 16.15 16.79 17.10 16.15 128402
20150428 16.88 16.94 17.32 16.80 118548
20150429 16.96 18.51 18.63 16.95 141791
20150430 18.23 18.14 18.75 17.79 116529
20150504 18.10 17.41 18.10 17.17 80034
20150505 17.58 16.44 17.58 16.30 76434
20150506 16.25 15.92 16.93 15.80 48161
20150507 15.87 15.24 16.19 15.21 50350
20150508 15.75 16.14 16.29 15.42 64890
20150511 16.58 16.83 16.97 16.40 56526
20150512 16.90 16.94 17.19 16.71 58203
20150513 17.00 17.46 18.00 16.87 87617
20150514 17.90 17.65 17.94 17.22 80409
20150515 17.50 18.58 18.68 17.48 127278
20150518 18.53 17.58 18.53 17.50 172834
20150519 17.51 18.11 18.65 17.20 87376
20150520 18.13 18.88 19.50 18.00 106891
20150521 19.34 20.16 20.30 19.01 120716
20150522 20.22 20.70 21.07 19.50 114482
20150525 20.50 21.00 21.30 20.30 158353
20150526 21.00 21.07 21.40 20.80 100103
20150527 21.17 20.38 21.17 20.18 123630
20150528 20.33 18.77 20.56 18.68 128879
20150529 18.66 19.85 20.33 18.03 149743
20150601 20.05 20.53 20.90 20.05 103070
20150602 20.49 22.58 22.58 20.04 213668
20150603 22.63 22.89 23.88 22.38 166227
20150604 22.80 22.40 23.11 21.00 108723
20150605 22.57 22.62 23.30 21.51 127117
20150608 22.46 21.71 22.46 21.57 132681
20150625 22.87 19.54 22.87 19.54 327764
20150626 17.98 17.59 18.25 17.59 118500
20150629 17.59 15.83 17.59 15.83 49518
20150630 14.25 15.12 16.30 14.25 231270
20150701 15.25 13.92 16.31 13.62 179660
20150702 13.20 12.53 13.98 12.53 139248
20150703 11.40 11.28 12.40 11.28 114183
20150706 12.41 10.15 12.41 10.15 138907
20150707 9.60 9.14 9.60 9.14 40913
20150713 10.05 10.05 10.05 10.05 17960
20150714 11.06 11.06 11.06 11.06 5613
20150715 12.17 11.06 12.17 11.01 358955
20150716 10.32 11.42 11.88 10.00 155326
20150717 11.33 12.56 12.56 11.33 142414
20150720 13.82 13.82 13.82 13.82 34961
20150721 15.20 15.20 15.20 15.20 15910
20150722 16.72 16.72 16.72 16.72 49703
20150723 18.39 18.39 18.39 17.50 288300
20150724 19.00 20.23 20.23 18.50 657886
20150727 19.02 18.21 20.94 18.21 536432
20150728 16.39 16.39 17.79 16.39 346875
20150729 16.55 18.03 18.03 15.60 468931
20150730 18.03 16.88 18.80 16.70 369045
