20150319 16.37 16.37 16.37 16.37 1156
20150320 18.01 18.01 18.01 18.01 368
20150323 19.81 19.81 19.81 19.81 545
20150324 21.79 21.79 21.79 21.79 3586
20150325 23.97 23.97 23.97 23.97 12025
20150326 24.68 25.32 26.06 23.01 689917
20150327 23.98 23.83 24.80 23.51 323833
20150330 23.53 23.15 23.59 23.03 238708
20150331 23.10 23.30 23.41 23.03 151896
20150401 23.25 23.39 23.44 23.10 137134
20150402 23.46 24.30 25.00 23.31 282977
20150403 24.04 24.14 24.26 23.71 172170
20150407 24.11 24.36 24.45 23.86 189623
20150408 24.35 23.82 24.45 23.50 199364
20150409 23.76 23.51 23.76 23.15 139233
20150410 23.46 23.77 23.87 23.31 118436
20150413 24.08 24.46 24.70 23.91 216611
20150414 24.40 23.84 24.40 23.71 159556
20150415 23.45 23.27 23.75 23.17 108112
20150416 23.20 23.82 23.93 23.03 93528
20150417 24.10 24.01 24.67 23.99 164737
20150420 24.06 23.64 24.54 23.60 152705
20150421 23.50 24.68 24.69 23.44 196325
20150422 24.83 24.79 25.45 24.70 222111
20150423 24.80 24.59 24.84 24.38 140255
20150424 24.18 24.46 24.57 24.05 116026
20150427 24.68 24.90 24.96 24.36 164630
20150428 24.97 25.68 26.88 24.77 288769
20150429 25.17 25.91 26.15 24.97 171141
20150430 26.00 25.15 26.14 25.12 128982
20150504 25.00 24.70 25.03 24.40 99131
20150505 24.63 23.77 24.90 23.72 110601
20150506 23.86 23.28 24.07 23.08 90259
20150507 23.12 22.39 23.41 22.31 89701
20150508 22.80 23.25 23.26 22.60 94452
20150511 23.60 24.16 24.17 23.26 117005
20150512 24.29 24.30 24.59 23.92 124575
20150513 24.20 24.98 25.43 23.84 189498
20150514 25.28 27.17 27.28 24.99 317087
20150515 27.25 28.60 29.72 26.13 369165
20150518 28.50 31.45 31.46 28.00 367375
20150519 32.27 30.15 33.85 28.88 369702
20150520 29.68 29.74 31.67 29.41 264704
20150521 29.30 29.85 30.26 28.62 227413
20150522 30.18 32.84 32.84 29.32 329755
20150525 33.84 36.12 36.12 32.84 398175
20150526 39.00 39.73 39.73 37.00 285078
20150527 42.88 43.70 43.70 41.32 266980
20150528 48.00 39.52 48.07 39.33 247023
20150529 38.00 42.94 43.05 35.70 500237
20150601 43.02 41.10 45.50 39.10 336804
20150602 40.08 39.00 40.85 37.82 299464
20150603 38.90 40.25 41.88 38.10 230524
20150604 39.80 36.74 39.80 36.23 225846
20150605 37.12 35.76 38.00 34.60 228036
20150608 35.60 34.33 35.65 33.94 186637
20150609 34.00 35.57 35.98 33.77 166470
20150610 35.35 36.95 37.92 34.51 195864
20150611 36.63 39.01 39.50 36.25 233383
20150612 38.90 37.36 39.35 36.81 206749
20150615 37.00 34.12 37.00 34.00 183353
20150616 33.25 33.50 34.02 32.80 114270
20150617 33.55 34.82 35.00 33.03 106539
20150618 34.82 31.64 34.82 31.50 119479
20150619 30.54 28.48 31.11 28.48 115754
20150623 28.55 29.78 29.80 26.86 112131
20150624 30.30 30.23 30.80 29.28 111190
20150625 29.99 28.16 30.00 27.86 100711
20150626 27.28 25.34 27.28 25.34 99427
20150629 26.20 22.89 26.35 22.81 128465
20150630 22.89 25.18 25.18 21.00 165848
20150701 25.20 24.51 26.97 24.00 188499
20150702 24.90 25.38 25.95 23.55 165610
20150703 24.40 24.21 26.50 22.90 157420
20150706 26.63 25.45 26.63 23.45 169707
20150707 24.40 22.91 25.12 22.91 100173
20150708 20.62 20.62 20.62 20.62 7364
20150709 18.56 22.68 22.68 18.56 225867
20150710 23.40 24.95 24.95 22.70 197379
20150713 25.80 27.45 27.45 24.96 290847
20150714 26.76 26.44 28.85 25.90 302213
20150715 25.47 23.80 25.84 23.80 126777
20150716 21.45 23.02 24.77 21.45 142503
20150717 23.25 24.40 24.81 23.00 119049
20150720 24.82 24.42 25.19 24.00 120506
20150721 24.00 25.09 25.38 23.50 135544
20150722 25.13 25.38 25.75 24.50 134319
20150723 25.38 27.56 27.91 25.18 234513
20150724 27.57 26.32 27.90 26.00 227197
20150727 25.42 23.69 26.34 23.69 143521
20150728 21.61 21.63 23.50 21.17 127649
20150729 22.10 23.50 23.69 21.57 100400
20150730 23.49 22.87 24.35 22.60 115810
