20140102 4.08 4.12 4.14 4.06 22778
20140103 4.12 4.08 4.14 4.06 15123
20140106 4.06 3.92 4.06 3.91 34813
20140107 3.91 3.92 3.95 3.89 14286
20140108 3.93 3.89 3.95 3.89 26175
20140109 3.88 3.83 3.92 3.79 37133
20140110 3.82 3.72 3.82 3.70 39342
20140113 3.72 3.71 3.75 3.70 15986
20140114 3.70 3.76 3.76 3.69 15782
20140115 3.76 3.73 3.77 3.72 17645
20140116 3.72 3.74 3.75 3.70 19044
20140117 3.72 3.68 3.73 3.65 28137
20140120 3.68 3.64 3.68 3.60 16640
20140121 3.63 3.67 3.70 3.63 17756
20140122 3.66 3.75 3.75 3.65 26753
20140123 3.73 3.74 3.85 3.72 50159
20140124 3.74 3.78 3.80 3.73 23607
20140127 3.77 3.84 3.86 3.75 33113
20140128 3.84 3.81 3.84 3.79 15701
20140129 3.82 3.78 3.86 3.78 21008
20140130 3.77 3.69 3.77 3.69 24819
20140207 3.68 3.71 3.72 3.65 12517
20140210 3.71 3.80 3.84 3.71 46072
20140211 3.80 3.82 3.83 3.77 38243
20140212 3.82 3.86 3.88 3.80 50920
20140213 3.86 3.79 3.86 3.79 41876
20140214 3.79 3.84 3.84 3.79 30775
20140217 3.86 3.89 3.89 3.83 46385
20140218 3.89 3.84 3.89 3.82 38885
20140219 3.83 3.87 3.87 3.80 65567
20140220 3.87 3.82 3.87 3.81 41480
20140221 3.81 3.76 3.83 3.74 49303
20140224 3.74 3.69 3.74 3.65 46251
20140225 3.67 3.57 3.69 3.55 53117
20140226 3.58 3.64 3.64 3.54 35880
20140227 3.64 3.52 3.64 3.52 42445
20140228 3.52 3.56 3.58 3.47 34942
20140303 3.58 3.63 3.64 3.58 38057
20140304 3.60 3.60 3.62 3.55 27345
20140305 3.59 3.58 3.60 3.54 32112
20140306 3.55 3.56 3.59 3.51 48792
20140307 3.56 3.53 3.57 3.51 30017
20140310 3.51 3.38 3.51 3.38 49994
20140311 3.36 3.41 3.44 3.36 21055
20140312 3.42 3.41 3.43 3.37 20155
20140313 3.43 3.43 3.45 3.40 24324
20140314 3.44 3.41 3.45 3.38 24311
20140317 3.43 3.45 3.46 3.39 21527
20140318 3.45 3.80 3.80 3.42 156592
20140319 3.74 4.18 4.18 3.70 456410
20140320 4.18 4.07 4.34 4.05 372083
20140321 4.14 4.07 4.18 3.97 198476
20140324 4.08 4.08 4.13 4.00 172867
20140325 4.03 3.98 4.06 3.90 170055
20140326 3.98 4.00 4.12 3.92 172505
20140327 3.96 3.94 4.06 3.92 110512
20140328 3.94 3.79 3.97 3.77 115622
20140331 3.83 3.80 3.84 3.74 52083
20140401 3.79 3.84 3.85 3.76 47785
20140402 3.85 3.81 3.86 3.78 54323
20140403 3.81 3.79 3.86 3.77 50498
20140404 3.77 3.81 3.81 3.77 33970
20140408 3.81 3.83 3.85 3.77 53024
20140409 3.82 3.91 3.95 3.81 98047
20140410 3.91 3.88 3.92 3.85 61466
20140411 3.88 3.78 3.88 3.76 67550
20140414 3.77 3.81 3.83 3.74 39145
20140415 3.80 3.78 3.81 3.75 34309
20140416 3.79 3.79 3.81 3.76 30498
20140417 3.80 3.80 3.80 3.76 21896
20140418 3.80 3.78 3.80 3.76 21182
20140421 3.77 3.67 3.77 3.64 57108
20140422 3.68 3.64 3.68 3.55 35284
20140423 3.64 3.66 3.68 3.62 22118
20140424 3.62 3.63 3.67 3.59 22383
20140425 3.60 3.51 3.61 3.49 41691
20140428 3.50 3.39 3.50 3.33 41181
20140429 3.40 3.42 3.44 3.39 19700
20140430 3.44 3.44 3.45 3.40 19797
20140505 3.43 3.78 3.78 3.43 50487
20140506 3.93 3.99 4.11 3.85 259895
20140507 3.94 3.80 3.96 3.76 123253
20140508 3.83 3.82 3.97 3.78 105451
20140509 3.82 3.75 3.85 3.71 56629
20140512 3.76 3.85 3.89 3.72 89175
20140513 3.85 3.99 4.24 3.83 226667
20140514 3.96 3.88 3.97 3.81 114195
20140515 3.82 3.65 3.82 3.61 158696
20140516 3.60 3.69 3.71 3.57 54413
20140519 3.67 3.65 3.67 3.60 35917
20140520 3.68 3.64 3.70 3.61 35041
20140521 3.64 3.65 3.67 3.58 29742
20140522 3.62 3.61 3.68 3.61 33020
20140523 3.61 3.67 3.70 3.59 35890
20140526 3.67 3.68 3.69 3.64 33359
20140527 3.65 3.60 3.67 3.59 45993
20140528 3.61 3.56 3.61 3.50 71581
20140529 3.56 3.52 3.56 3.49 55088
20140530 3.51 3.54 3.55 3.48 33137
20140603 3.54 3.65 3.73 3.52 93672
20140604 3.62 3.56 3.63 3.52 46800
20140605 3.54 3.58 3.59 3.51 40315
20140606 3.57 3.52 3.59 3.52 29332
20140609 3.53 3.54 3.58 3.52 23250
20140610 3.54 3.56 3.56 3.50 30942
20140611 3.55 3.54 3.56 3.52 31955
20140612 3.54 3.54 3.56 3.51 31164
20140613 3.51 3.55 3.56 3.47 57875
20140616 3.55 3.57 3.59 3.53 45987
20140617 3.58 3.60 3.73 3.52 94547
20140618 3.59 3.71 3.76 3.55 161416
20140619 3.68 3.53 3.69 3.51 99461
20140620 3.51 3.56 3.61 3.51 44909
20140623 3.56 3.54 3.58 3.51 50238
20140624 3.53 3.54 3.55 3.49 61408
20140625 3.52 3.52 3.55 3.51 38316
20140626 3.51 3.55 3.55 3.50 43444
20140627 3.54 3.59 3.68 3.51 100081
20140630 3.57 3.60 3.66 3.55 86473
20140701 3.62 3.63 3.65 3.60 89247
20140702 3.62 3.64 3.65 3.59 69321
20140703 3.64 3.72 3.91 3.61 201039
20140704 3.72 3.67 3.75 3.60 97745
20140707 3.67 3.65 3.67 3.60 71727
20140708 3.63 3.65 3.66 3.60 56033
20140709 3.63 3.60 3.70 3.60 75275
20140710 3.62 3.59 3.62 3.57 49046
20140711 3.58 3.63 3.63 3.58 44389
20140714 3.63 3.71 3.74 3.63 93836
20140715 3.71 3.74 3.80 3.69 108166
20140716 3.73 3.71 3.76 3.69 63835
20140717 3.72 3.77 3.90 3.68 165313
20140718 3.74 3.79 3.80 3.73 89298
20140721 3.77 3.74 3.78 3.71 54159
20140722 3.74 3.80 3.82 3.70 101435
20140723 3.80 3.85 3.95 3.77 137523
20140724 3.84 4.00 4.18 3.81 292040
20140725 3.95 4.00 4.03 3.93 117474
20140728 4.02 4.01 4.11 3.99 162675
20140729 4.04 4.01 4.04 3.98 96296
20140730 4.00 3.94 4.02 3.92 115051
20140731 3.94 4.09 4.10 3.92 170787
20140801 4.05 4.00 4.12 3.95 163519
20140804 4.00 4.40 4.40 4.00 287474
20140826 4.60 4.84 4.84 4.56 149898
20140827 4.95 5.10 5.32 4.51 998105
20140828 4.87 4.61 4.95 4.59 479711
20140829 4.46 4.53 4.63 4.43 232456
20140901 4.53 4.65 4.71 4.47 195808
20140902 4.65 4.67 4.76 4.60 226297
20140903 4.67 4.73 4.80 4.60 288502
20140904 4.72 4.75 4.76 4.66 226526
20140905 4.75 5.01 5.22 4.73 529163
20140909 4.95 4.93 5.04 4.86 284965
20140910 4.90 4.84 4.90 4.80 200388
20140911 4.80 4.83 4.90 4.80 169393
20140912 4.82 4.87 4.91 4.75 162089
20140915 4.89 4.86 4.89 4.79 150659
20140916 4.87 4.78 5.08 4.77 262839
20140917 4.75 4.80 4.81 4.65 142866
20140918 4.80 4.95 5.00 4.75 204596
20140919 4.93 4.88 4.93 4.81 161037
20140922 4.85 4.75 4.88 4.71 127437
20140923 4.75 4.79 4.81 4.73 80795
20140924 4.77 4.86 4.87 4.75 123058
20140925 4.86 4.84 4.93 4.82 140524
20140926 4.81 4.96 5.05 4.81 230930
20140929 4.99 4.97 5.03 4.93 148857
20140930 4.95 5.05 5.05 4.95 160732
20141008 5.25 5.13 5.45 5.05 335205
20141009 5.12 5.09 5.14 5.03 226544
20141010 5.10 5.09 5.14 5.04 158302
20141013 5.12 5.18 5.26 5.09 196743
20141014 5.18 5.05 5.18 5.00 156991
20141015 5.03 5.06 5.08 4.95 126161
20141016 5.02 4.88 5.04 4.86 128617
20141017 4.85 4.79 4.89 4.67 129174
20141020 4.75 4.92 4.99 4.74 100998
20141021 4.95 4.86 4.96 4.84 59200
20141022 4.87 4.78 4.92 4.77 52718
20141023 4.78 4.67 4.84 4.67 71309
20141024 4.67 4.68 4.76 4.66 39599
20141027 4.68 4.69 4.70 4.60 43554
20141028 4.64 4.81 4.82 4.64 66973
20141029 4.82 4.89 4.94 4.78 110754
20141030 4.88 4.87 4.91 4.82 77017
20141031 4.87 4.93 4.96 4.86 108607
20141103 4.95 5.07 5.08 4.95 171676
20141104 5.05 5.04 5.13 4.95 155402
20141105 5.03 4.96 5.04 4.93 73459
20141106 4.96 4.96 4.96 4.89 54952
20141107 4.96 4.83 4.98 4.82 87161
20141110 4.86 4.88 4.89 4.82 60398
20141111 4.91 4.78 4.93 4.73 98214
20141112 4.76 4.90 4.91 4.70 86662
20141113 4.90 4.86 4.90 4.81 88290
20141114 4.86 4.82 4.87 4.78 49397
20141117 4.82 4.78 4.84 4.73 68674
20141118 4.80 4.92 4.93 4.75 129859
20141119 4.90 4.87 4.95 4.82 73011
20141120 4.85 4.99 5.03 4.83 177768
20141121 4.98 4.99 5.02 4.92 98588
20141124 5.04 5.00 5.05 4.97 135249
20141125 5.00 5.02 5.05 4.92 165137
20141126 5.00 4.97 5.00 4.92 125477
20141127 4.97 4.98 5.05 4.95 170226
20141128 4.99 5.15 5.23 4.96 350867
20141201 5.13 5.01 5.16 4.99 188142
20141202 5.00 5.02 5.05 4.96 126225
20141203 5.00 5.06 5.13 4.96 214608
20141204 5.09 5.57 5.57 5.04 390956
20141205 5.97 5.58 5.97 5.32 872684
20141208 5.50 5.44 5.50 5.29 335407
20141209 5.32 5.11 5.41 5.07 328601
20141210 5.06 5.26 5.28 4.99 195282
20141211 5.20 5.30 5.33 5.13 173192
20141212 5.28 5.28 5.35 5.19 143670
20141215 5.24 5.45 5.54 5.20 238585
20141216 5.45 5.47 5.52 5.37 197807
20141217 5.44 5.33 5.46 5.26 157248
20141218 5.35 5.39 5.51 5.28 171723
20141219 5.43 5.33 5.43 5.21 156074
20141222 5.33 5.03 5.35 4.93 223685
20141223 5.00 4.80 5.01 4.78 146797
20141224 4.81 4.89 4.91 4.79 84825
20141225 4.90 4.92 4.97 4.85 83439
20141226 4.92 4.93 4.95 4.83 119594
20141229 4.93 4.86 4.94 4.82 113719
20141230 4.86 4.83 4.94 4.82 87124
20141231 4.81 4.72 4.81 4.62 124890
20150105 4.69 4.80 4.83 4.61 137206
20150106 4.79 4.85 4.90 4.70 136478
20150107 4.82 4.91 4.94 4.82 98302
20150108 4.92 4.88 4.97 4.85 92025
20150109 4.88 4.77 4.90 4.75 72757
20150112 4.75 4.64 4.76 4.62 83064
20150113 4.63 4.67 4.69 4.61 65206
20150114 4.69 4.54 4.70 4.52 88348
20150115 4.54 4.63 4.65 4.39 204225
20150116 4.57 4.63 4.66 4.53 110301
20150119 4.54 4.58 4.87 4.44 182778
20150120 4.59 4.69 4.73 4.58 112067
20150121 4.58 4.73 4.79 4.50 261215
20150122 4.73 4.86 4.86 4.68 218124
20150123 4.84 4.86 5.01 4.81 242795
20150126 4.86 4.90 4.91 4.82 167628
20150127 4.90 4.86 4.90 4.78 131402
20150128 4.86 4.99 5.06 4.79 234960
20150129 4.91 4.95 5.03 4.88 174672
20150130 4.91 4.93 5.10 4.91 183478
20150202 4.86 4.81 4.89 4.76 94223
20150203 4.79 4.88 4.90 4.79 87159
20150204 4.86 4.83 4.92 4.82 87904
20150205 4.88 4.65 4.90 4.62 143279
20150206 4.65 4.57 4.66 4.55 75624
20150209 4.56 4.57 4.63 4.52 68585
20150210 4.57 4.54 4.59 4.48 60928
20150211 4.56 4.60 4.60 4.52 78627
20150212 4.58 4.63 4.67 4.56 72847
20150213 4.63 4.66 4.70 4.63 68581
20150216 4.68 4.71 4.74 4.68 65707
20150217 4.69 4.74 4.75 4.69 80825
20150225 4.79 4.93 5.01 4.75 209173
20150226 4.92 4.93 4.96 4.84 120205
20150227 4.92 5.02 5.06 4.85 203606
20150302 5.02 5.02 5.09 4.96 180109
20150303 4.93 4.82 4.93 4.76 317316
20150304 4.79 4.86 4.87 4.79 166932
20150305 4.85 5.35 5.35 4.82 783187
20150306 5.45 5.44 5.76 5.35 1141196
20150309 5.30 5.25 5.36 5.00 478409
20150310 5.18 5.41 5.47 5.13 414227
20150311 5.38 5.27 5.44 5.21 269839
20150312 5.27 5.27 5.45 5.24 265145
20150313 5.26 5.28 5.29 5.16 206406
20150316 5.29 5.39 5.40 5.23 300014
20150317 5.41 5.50 5.59 5.35 456640
20150318 5.48 5.55 5.60 5.34 522557
20150319 5.51 5.88 6.11 5.44 1048875
20150320 5.75 5.73 5.86 5.68 628149
20150324 5.44 5.44 5.44 5.44 173768
20150325 5.40 5.47 5.57 5.22 725062
20150326 5.40 5.32 5.48 5.29 413181
20150327 5.32 5.37 5.42 5.32 210689
20150330 5.33 5.27 5.37 5.23 327460
20150331 5.27 5.37 5.44 5.27 306791
20150401 5.37 5.42 5.45 5.35 241815
20150402 5.43 5.57 5.69 5.43 314956
20150403 5.55 5.63 5.71 5.55 251341
20150407 5.63 5.64 5.65 5.54 373426
20150408 5.66 5.62 5.75 5.51 370329
20150409 5.75 5.76 5.85 5.53 431803
20150410 5.75 5.81 5.84 5.71 308748
20150413 6.06 5.91 6.06 5.90 383471
20150414 5.92 5.89 5.97 5.84 293094
20150415 5.89 5.73 6.05 5.72 281206
20150416 5.69 5.72 5.79 5.62 274321
20150417 5.73 5.75 5.83 5.68 278615
20150420 5.75 5.61 5.79 5.58 347813
20150421 5.65 5.89 5.89 5.64 286465
20150422 6.10 6.18 6.18 6.00 169677
20150423 6.48 6.25 6.49 6.18 611323
20150424 6.20 6.53 6.56 6.10 406382
20150427 6.61 6.56 6.86 6.54 413190
20150428 6.52 6.23 6.64 6.23 376106
20150429 6.21 6.34 6.47 6.21 252506
20150430 6.38 6.37 6.60 6.30 250727
20150504 6.41 6.34 6.46 6.29 200170
20150505 6.34 6.07 6.37 6.02 279037
20150506 6.10 5.87 6.18 5.78 230065
20150507 5.89 5.59 5.89 5.58 234775
20150508 5.68 5.87 5.87 5.60 235766
20150511 5.92 6.04 6.08 5.82 246918
20150512 6.01 6.05 6.10 5.98 211774
20150513 6.02 6.19 6.22 5.95 279729
20150514 6.15 6.19 6.36 6.13 236489
20150515 6.21 6.15 6.24 5.92 255301
20150518 6.10 6.11 6.20 6.04 218889
20150519 6.09 6.24 6.35 6.08 273886
20150520 6.25 6.31 6.39 6.20 305315
20150521 6.31 6.35 6.45 6.24 295479
20150522 6.39 6.67 6.67 6.35 456361
20150525 6.76 6.84 7.00 6.68 494957
20150526 6.84 7.18 7.18 6.80 304435
20150527 7.45 7.25 7.54 7.23 651044
20150528 7.29 6.89 7.59 6.89 529279
20150529 6.75 6.69 6.90 6.55 425947
20150601 6.74 7.02 7.02 6.69 350366
20150602 7.00 7.04 7.09 6.85 367885
20150603 7.04 7.20 7.34 6.95 384126
20150604 7.11 7.00 7.21 6.84 456091
20150605 7.11 7.35 7.35 7.03 498007
20150608 7.56 7.72 7.72 7.42 423181
20150609 8.11 8.11 8.11 8.11 48196
20150610 8.50 8.15 8.50 7.90 789603
20150611 8.04 8.56 8.56 8.04 397160
20150612 8.78 8.99 8.99 8.65 209625
20150615 9.44 9.25 9.44 9.05 760767
20150616 9.15 8.79 9.15 8.79 405373
20150617 8.49 8.67 8.79 8.35 406437
20150618 8.60 8.31 8.88 8.24 341431
20150619 8.00 7.89 8.13 7.89 205438
20150623 7.50 7.51 7.72 7.50 272640
20150624 7.68 7.74 7.80 7.45 292328
20150625 7.79 7.39 7.89 7.35 308885
20150626 7.20 7.02 7.20 7.02 191997
20150629 6.94 6.67 7.05 6.67 195024
20150630 6.40 6.80 6.85 6.34 397167
20150701 6.82 6.46 7.08 6.46 372734
20150702 6.30 6.14 6.58 6.14 241531
20150703 5.83 5.83 5.98 5.83 163682
20150706 6.12 5.54 6.12 5.54 240153
20150707 5.26 5.26 5.26 5.26 9519
20150708 5.00 5.00 5.00 5.00 2637
20150709 4.75 5.24 5.25 4.75 764787
20150710 5.18 5.50 5.50 5.01 693923
20150713 5.42 5.51 5.70 5.31 668447
20150714 5.36 5.23 5.59 5.23 500380
20150715 5.02 4.97 5.11 4.97 220138
20150716 4.72 4.72 4.89 4.72 395612
20150717 4.73 4.96 4.96 4.73 226335
20150720 5.04 5.15 5.21 5.01 352699
20150721 5.08 5.20 5.25 4.99 260385
20150722 5.16 5.30 5.43 5.12 261381
20150723 5.34 5.49 5.55 5.25 316990
20150724 5.52 5.36 5.67 5.30 393332
20150727 5.24 5.09 5.32 5.09 262402
20150728 4.84 4.84 4.94 4.84 271172
20150729 4.89 4.90 4.93 4.60 308038
20150730 4.85 4.66 4.87 4.66 247805
