20150424 15.51 15.51 15.51 15.51 305
20150427 17.06 17.06 17.06 17.06 91
20150428 18.77 18.77 18.77 18.77 103
20150429 20.65 20.65 20.65 20.65 126
20150430 22.72 22.72 22.72 22.72 369
20150504 24.99 24.99 24.99 24.99 596
20150505 27.49 27.49 27.49 27.49 1184
20150506 30.24 30.24 30.24 30.24 19512
20150507 31.88 28.17 31.88 28.03 125127
20150508 28.13 30.99 30.99 28.01 96832
20150511 31.30 34.09 34.09 30.99 81064
20150512 35.55 37.50 37.50 35.11 99160
20150513 38.50 40.77 41.25 35.71 101379
20150514 40.60 44.85 44.85 39.01 75268
20150515 48.60 49.34 49.34 46.80 35659
20150518 54.27 54.27 54.27 53.00 7476
20150519 59.70 59.70 59.70 50.00 101876
20150520 59.70 65.67 65.67 55.50 56829
20150521 71.90 72.24 72.24 66.98 34268
20150522 79.46 79.46 79.46 75.48 32641
20150525 87.00 87.41 87.41 86.80 14914
20150526 96.15 96.15 96.15 96.15 2700
20150527 105.77 105.77 105.77 105.77 1311
20150528 116.35 95.19 116.35 95.19 12148
20150529 85.67 89.65 104.00 85.67 119713
20150601 85.00 80.69 85.67 80.69 58462
20150602 73.00 72.62 77.00 72.62 101242
20150603 72.05 72.76 74.94 70.05 67446
20150604 71.76 65.89 72.00 65.48 70212
20150605 67.19 67.15 68.68 65.00 59053
20150608 67.49 63.06 67.50 62.35 52616
20150609 62.90 63.83 65.19 62.05 34787
20150610 62.50 66.97 67.48 62.20 56755
20150611 66.16 71.25 71.29 65.70 71239
20150612 70.70 66.35 72.99 66.00 64027
20150615 63.57 59.72 63.57 59.72 51772
20150616 57.65 57.58 59.78 55.20 33752
20150617 57.47 59.99 61.00 57.22 29195
20150618 58.43 53.99 59.66 53.99 28090
20150619 52.45 48.62 52.89 48.59 26309
20150623 48.62 51.51 51.54 48.05 28249
20150624 52.86 51.50 52.86 50.06 27263
20150625 51.77 49.22 51.80 49.00 23496
20150626 47.95 44.30 49.52 44.30 25866
20150629 45.06 39.87 45.88 39.87 30050
20150630 39.80 42.79 43.50 35.88 34500
20150701 40.90 39.19 44.39 39.10 33115
20150702 39.19 37.26 40.80 36.14 27447
20150703 37.26 40.99 40.99 36.30 64796
20150706 44.98 40.44 44.98 39.90 73128
20150707 36.60 36.40 37.85 36.40 19409
20150708 32.76 32.76 32.76 32.76 1391
20150709 29.48 36.04 36.04 29.48 52659
20150710 36.00 39.64 39.64 33.55 53578
20150713 41.47 43.60 43.60 39.70 55006
20150714 44.44 43.89 47.00 41.42 81497
20150715 42.11 39.50 42.50 39.50 26907
20150716 35.55 37.94 40.99 35.55 41912
20150717 37.78 40.33 40.97 37.78 27164
20150720 40.33 39.73 41.68 38.91 31624
20150721 39.06 43.70 43.70 38.10 50200
20150722 44.60 43.07 44.90 41.85 49963
20150723 42.71 47.38 47.38 42.52 60978
20150724 48.48 46.56 49.88 45.10 80811
20150727 45.02 41.90 47.70 41.90 40066
20150728 38.20 37.72 41.60 37.71 41230
20150729 38.90 41.47 41.49 36.03 36620
20150730 41.04 41.94 44.50 39.47 57295
