20140102 22.65 24.12 24.58 22.41 48797
20140103 24.00 23.76 24.65 23.58 25402
20140106 23.80 23.19 23.97 23.00 14937
20140107 23.07 23.27 23.75 23.03 18186
20140108 23.35 22.98 23.66 22.47 30202
20140109 22.76 22.51 23.09 22.27 29103
20140110 22.30 21.83 22.49 21.31 34088
20140113 21.73 21.75 22.66 21.50 18158
20140114 21.80 22.53 22.55 21.52 24396
20140115 22.40 22.89 23.16 22.29 20551
20140116 22.79 22.59 23.26 22.49 15840
20140117 22.60 23.01 23.36 22.60 25977
20140120 23.01 22.31 23.19 21.40 35717
20140121 22.11 22.52 22.80 22.03 17009
20140122 22.56 23.37 23.40 22.48 22992
20140123 23.47 23.86 24.65 23.47 39546
20140124 24.25 25.60 26.20 24.25 74607
20140127 25.46 25.78 27.00 25.00 87682
20140128 25.60 25.15 25.95 24.60 46143
20140129 25.27 26.50 26.65 25.02 53663
20140130 26.42 26.30 26.66 26.05 16447
20140207 25.80 26.15 26.29 25.57 26496
20140210 26.28 28.16 28.69 26.28 64436
20140211 27.91 27.71 28.17 27.18 34046
20140212 27.81 28.49 28.80 27.63 37527
20140213 28.39 26.77 28.39 26.75 29206
20140214 26.91 26.79 27.48 25.95 30038
20140217 26.79 28.20 28.21 26.41 33517
20140218 28.23 27.66 28.70 27.55 30831
20140219 27.60 27.00 28.08 26.60 24115
20140220 27.26 25.80 27.26 25.69 30406
20140221 25.70 25.69 26.20 25.36 17889
20140224 25.60 25.89 26.14 25.08 28786
20140225 26.28 24.50 26.59 24.20 37033
20140226 24.55 24.99 25.24 23.45 27046
20140227 25.15 25.83 27.35 25.00 47597
20140228 25.80 27.00 27.10 25.45 37889
20140303 27.30 27.18 27.50 26.68 20913
20140304 26.79 27.00 27.60 26.56 21780
20140305 27.00 25.30 27.19 24.88 36716
20140306 25.00 25.58 25.80 24.96 21132
20140307 27.12 26.60 28.14 26.37 46175
20140310 25.10 25.32 26.22 24.86 30464
20140311 24.99 25.30 25.90 24.41 22914
20140312 25.01 24.86 25.66 24.23 22486
20140313 24.61 25.69 26.08 24.61 22078
20140314 25.40 26.46 26.55 25.35 17478
20140317 26.50 29.11 29.11 26.50 75828
20140318 30.05 30.56 31.30 29.60 93420
20140319 29.95 29.72 29.95 29.05 58870
20140320 29.50 28.05 30.30 28.01 46635
20140321 28.13 28.68 28.74 27.36 46691
20140324 28.50 28.84 29.49 28.01 39584
20140325 28.60 27.77 28.60 26.97 69030
20140326 27.65 27.78 27.94 27.30 21963
20140327 27.58 25.72 27.70 25.68 46921
20140328 25.52 24.79 26.10 24.08 67525
20140331 24.28 24.90 25.37 24.28 20904
20140401 24.82 25.93 25.98 24.72 22693
20140402 26.10 25.18 26.25 24.93 16404
20140403 25.41 25.12 25.70 25.02 18591
20140404 25.12 25.20 25.21 24.70 19784
20140408 24.80 24.90 24.92 24.17 38303
20140409 24.76 25.51 25.55 24.72 25446
20140410 25.50 26.82 26.98 25.45 47828
20140411 26.39 26.52 26.97 26.24 20745
20140414 26.60 27.12 27.45 26.60 29451
20140415 27.13 26.70 27.75 26.68 30207
20140416 26.59 25.97 26.96 25.83 17059
20140417 26.00 27.29 27.30 26.00 19967
20140418 27.20 27.36 28.10 26.85 33474
20140421 26.85 27.28 27.85 26.80 21218
20140422 27.15 27.23 28.30 26.15 37630
20140423 27.19 28.19 28.24 27.00 32866
20140424 28.29 27.99 28.39 27.68 21514
20140425 27.98 27.73 28.66 27.70 26220
20140428 27.36 26.90 27.43 25.81 21263
20140429 26.85 28.27 28.30 26.60 16845
20140430 28.41 28.93 29.10 28.02 32719
20140505 28.89 29.22 29.45 28.12 20696
20140506 29.00 29.71 29.88 28.60 24343
20140507 29.70 28.59 30.18 28.58 28306
20140508 27.89 27.82 28.56 27.40 17473
20140509 28.00 26.17 28.00 26.10 28454
20140512 26.44 27.41 27.70 26.32 22923
20140513 27.45 26.54 27.75 26.21 23296
20140514 26.50 26.54 26.95 26.35 14453
20140515 26.50 26.01 26.69 25.95 19917
20140516 26.05 26.87 26.89 25.83 21043
20140519 26.69 26.74 26.88 25.95 10201
20140520 26.90 27.08 27.80 26.66 13450
20140521 27.08 27.89 27.94 26.82 18616
20140522 27.85 27.94 28.48 27.66 20803
20140523 28.05 27.90 28.06 27.53 15455
20140526 28.00 28.69 29.11 28.00 33564
20140527 28.42 29.12 29.66 28.42 32471
20140528 29.10 30.26 30.40 28.88 56869
20140529 30.30 29.51 30.38 29.21 30259
20140530 29.50 30.03 30.22 28.72 34878
20140603 30.00 29.47 30.86 29.43 22584
20140604 29.38 29.06 29.38 28.65 19868
20140605 28.64 29.19 29.24 28.11 24646
20140606 29.04 29.45 29.87 28.85 19526
20140609 29.40 29.69 30.10 28.80 18140
20140610 29.61 30.09 30.30 29.34 17519
20140611 30.06 30.10 30.35 29.80 13776
20140612 29.88 29.43 30.39 29.30 14566
20140613 29.35 30.73 30.85 29.21 32422
20140616 30.89 30.68 31.00 30.43 15620
20140617 30.49 30.40 31.45 30.30 19205
20140618 30.10 29.96 30.29 29.80 10818
20140619 29.97 29.29 30.50 29.00 15790
20140620 29.20 30.99 31.88 29.20 36003
20140623 31.03 32.33 32.77 30.80 48750
20140624 32.20 32.38 32.90 31.84 26217
20140625 32.08 32.82 33.23 32.00 20670
20140626 32.85 33.00 33.08 32.38 21572
20140627 32.98 33.38 33.65 32.54 30961
20140630 33.46 33.25 33.64 32.80 17066
20140701 33.04 32.97 33.49 32.50 18451
20140702 33.00 33.00 33.44 32.74 15397
20140703 33.05 32.60 33.33 32.57 16567
20140704 32.32 32.61 32.80 32.26 15825
20140707 32.62 34.08 34.09 32.50 21734
20140708 34.10 34.90 35.03 33.45 30438
20140709 34.77 34.40 35.25 34.02 17915
20140710 34.57 36.45 37.20 34.57 32314
20140711 36.00 35.69 36.24 35.24 21537
20140714 35.48 38.40 38.86 35.48 25065
20140715 38.88 38.49 38.88 37.83 22895
20140716 38.47 35.81 41.00 35.35 45960
20140717 35.91 36.11 36.20 34.78 25767
20140718 35.81 37.83 37.99 35.60 21332
20140721 37.70 36.95 37.70 36.30 15567
20140722 36.92 40.03 40.20 36.80 30018
20140723 39.68 38.95 41.10 37.79 32271
20140724 39.14 37.73 39.35 36.50 30548
20140725 37.65 37.37 37.80 36.00 41388
20140728 37.40 37.60 37.73 36.86 24259
20140729 37.99 37.51 39.74 37.49 40986
20140730 37.20 37.11 37.36 35.88 41241
20140731 36.50 37.86 38.00 36.00 36084
20140801 37.29 36.19 38.74 36.10 39233
20140804 36.30 36.54 36.59 35.50 25870
20140805 36.54 36.79 37.21 35.91 23047
20140806 37.05 38.00 38.14 36.60 38053
20140807 38.25 38.25 38.60 37.62 21425
20140808 38.20 38.35 38.60 37.81 12421
20140811 38.36 38.18 38.74 37.77 25267
20140812 38.27 37.82 38.28 37.70 12691
20140813 37.82 37.00 37.87 36.85 16028
20140814 37.05 36.55 37.34 36.22 21942
20140815 36.18 36.40 36.75 36.15 21411
20140818 36.30 37.25 37.25 36.30 13060
20140819 37.25 36.72 37.30 36.50 13583
20140820 36.61 36.52 37.29 36.30 19517
20140821 36.53 35.78 36.70 35.38 22623
20140822 35.90 36.19 36.35 35.54 20128
20140825 36.03 35.55 36.15 35.43 16392
20140826 35.40 36.19 36.28 34.80 36929
20140827 36.15 36.36 36.87 35.56 22882
20140828 36.30 35.32 36.30 35.30 9441
20140829 35.30 35.90 36.03 35.20 7105
20140901 36.01 37.69 37.70 35.80 32113
20140902 37.69 37.61 37.97 37.34 19989
20140903 37.68 38.01 38.25 37.48 21849
20140904 37.80 37.40 38.00 37.20 20833
20140905 37.60 36.67 37.60 36.28 37250
20140909 36.63 36.53 36.63 36.25 19008
20140910 36.53 36.78 36.85 36.30 24218
20140911 36.68 37.28 37.38 36.39 22537
20140912 37.27 36.78 37.44 36.54 18421
20140915 36.68 36.61 36.87 36.45 14890
20140916 36.80 35.52 36.88 35.50 20815
20140917 35.52 33.79 35.87 33.24 45811
20140918 33.79 33.60 33.80 33.33 21892
20140919 33.60 33.90 34.20 33.50 21786
20140922 33.88 33.14 34.00 33.10 18733
20140923 33.14 33.29 33.55 33.06 21390
20140924 33.37 34.52 34.54 33.18 45415
20140925 34.56 34.42 34.96 34.18 27510
20140926 34.44 33.68 34.55 33.50 32738
20140929 33.79 33.47 34.00 33.21 37261
20140930 33.50 34.02 34.10 33.50 20081
20141008 34.09 34.15 34.59 33.98 33197
20141009 34.31 35.20 35.48 33.70 58179
20141010 35.06 35.51 36.09 34.80 39857
20141013 35.44 34.71 35.44 34.50 37848
20141014 34.87 33.92 35.19 33.28 43812
20141015 33.80 33.80 33.92 33.16 28365
20141016 33.60 33.24 33.85 33.21 17782
20141017 33.17 32.17 33.48 32.07 28641
20141020 32.40 32.16 32.46 31.95 37720
20141021 32.20 31.98 32.37 31.87 21573
20141022 31.85 31.60 32.32 31.56 27485
20141023 31.60 30.78 31.60 30.68 25540
20141024 30.98 31.22 31.44 30.76 27489
20141027 31.10 31.20 31.57 30.99 19121
20141028 31.21 31.86 31.88 31.21 50294
20141029 31.86 32.24 32.39 31.86 50320
20141030 32.28 31.69 32.36 31.60 35142
20141031 31.73 30.48 31.87 29.86 88255
20141103 30.45 31.37 31.60 30.44 52689
20141104 31.43 30.62 31.63 30.53 48546
20141105 30.25 30.94 31.04 30.20 26444
20141106 30.78 31.15 31.26 30.53 27105
20141107 31.18 31.16 31.75 30.91 37136
20141110 31.08 30.84 31.31 30.75 30596
20141111 30.88 30.05 30.99 29.93 32164
20141112 30.02 30.19 30.23 29.88 23124
20141113 30.19 29.06 30.22 28.48 52093
20141114 28.98 29.34 29.55 28.60 35820
20141117 29.42 29.85 29.98 29.00 35857
20141118 29.74 29.79 29.97 29.41 20921
20141119 29.78 29.70 29.78 29.51 25801
20141120 29.57 29.24 29.57 28.96 32015
20141121 29.21 29.82 29.84 29.12 35618
20141124 30.03 29.77 30.18 29.70 34448
20141125 29.80 31.28 31.43 29.67 83095
20141126 31.20 31.30 31.54 30.85 54096
20141127 31.37 31.35 31.90 31.06 53524
20141128 31.35 30.53 31.35 30.20 53906
20141201 30.53 29.91 30.60 29.81 37282
20141202 29.99 30.24 30.49 29.95 34799
20141203 30.30 30.98 31.30 30.01 60995
20141204 30.91 31.34 31.50 30.71 75787
20141205 31.30 30.33 31.30 29.97 62184
20141208 30.03 29.82 30.12 29.70 56878
20141209 29.77 28.41 29.77 28.38 66729
20141210 28.32 29.50 29.68 28.31 64648
20141211 29.54 29.49 29.56 29.04 38083
20141212 29.51 30.45 30.70 29.42 67298
20141215 30.51 30.66 30.75 30.10 44392
20141216 30.63 30.29 30.85 30.20 45612
20141217 30.23 29.43 30.40 29.00 63523
20141218 29.30 29.11 29.70 29.01 33448
20141219 29.03 28.60 29.16 28.36 51663
20141222 28.62 27.13 28.62 27.10 41266
20141223 27.10 27.28 27.62 27.03 19095
20141224 27.28 28.69 28.96 27.28 43481
20141225 28.74 28.61 28.92 28.30 22496
20141226 28.53 28.58 28.72 28.31 20434
20141229 28.53 27.69 28.53 27.60 23241
20141230 27.65 28.30 28.87 27.51 31888
20141231 28.40 28.82 28.88 28.23 27206
20150105 28.70 29.13 29.33 28.46 44399
20150106 29.00 29.88 29.93 28.90 48329
20150107 29.85 30.46 30.60 29.70 62460
20150108 30.48 29.99 30.49 29.90 28058
20150109 29.90 29.45 30.12 29.40 31297
20150112 29.27 29.90 29.96 29.05 31007
20150113 30.00 30.97 31.22 29.82 74024
20150114 31.13 30.63 31.23 30.53 47098
20150115 30.55 30.31 31.07 30.25 34786
20150116 30.28 30.49 30.66 30.11 35691
20150119 29.81 30.09 31.12 29.43 52131
20150120 30.05 31.86 31.90 30.05 85254
20150121 32.00 32.51 32.76 31.75 90874
20150122 32.50 32.60 32.73 31.80 58147
20150123 32.39 32.09 32.96 31.93 56571
20150126 32.02 32.36 32.76 31.80 40577
20150127 32.60 32.20 32.80 31.65 41579
20150128 32.14 30.93 32.14 30.70 112942
20150129 30.60 30.90 31.00 30.20 32726
20150130 30.70 30.50 31.00 30.32 35784
20150202 30.25 30.43 30.57 30.10 28872
20150203 30.49 31.20 31.30 30.30 59782
20150204 31.42 30.85 31.42 30.63 37037
20150205 30.96 30.66 31.01 30.34 28359
20150206 30.60 30.41 30.88 30.15 27944
20150209 30.20 30.06 30.45 30.00 20883
20150210 30.08 29.91 30.10 29.33 34598
20150211 29.77 30.42 30.46 29.53 24117
20150212 30.43 30.15 30.73 30.10 28998
20150213 30.31 30.55 30.87 30.31 39695
20150216 30.56 33.25 33.33 30.56 120002
20150217 33.80 33.53 34.75 33.38 117417
20150225 33.57 32.68 33.70 32.50 61711
20150226 32.58 32.86 32.88 32.32 49446
20150227 32.76 32.97 33.33 32.59 43603
20150302 33.13 33.37 33.80 32.44 74777
20150303 33.00 33.27 33.88 32.83 65261
20150304 33.10 34.64 34.66 33.10 85534
20150305 35.18 34.31 35.18 33.81 75493
20150306 34.26 33.56 34.62 33.18 52961
20150309 33.22 33.72 33.76 33.00 29405
20150310 33.70 33.98 34.27 33.50 33963
20150311 33.90 33.35 34.10 33.02 54859
20150312 33.30 32.80 33.48 32.72 44981
20150313 32.86 33.44 33.50 32.85 38201
20150316 33.55 34.22 34.46 33.55 45113
20150317 34.48 34.50 34.60 34.02 61967
20150318 34.55 35.51 35.69 34.55 74568
20150319 35.36 35.53 35.55 35.00 47386
20150320 35.69 35.51 35.95 35.08 51262
20150323 35.67 36.61 36.82 35.66 74127
20150324 36.50 37.21 37.27 35.56 74322
20150325 37.18 38.43 39.42 36.82 87836
20150326 37.00 35.51 37.00 34.70 187409
20150327 35.48 35.08 35.48 34.40 98405
20150330 34.92 35.62 35.82 34.92 76750
20150331 35.77 35.53 35.90 35.09 68828
20150401 35.59 36.57 36.75 35.46 135629
20150402 36.55 37.54 37.60 36.41 119616
20150403 37.58 37.81 38.32 37.40 112731
20150407 37.49 37.87 38.30 37.49 89870
20150408 37.87 36.75 37.97 36.01 86868
20150409 36.60 35.84 36.60 35.01 97014
20150410 35.73 36.49 36.73 35.52 74995
20150413 36.59 36.86 37.24 36.06 102010
20150414 36.86 36.78 37.33 36.38 79274
20150415 36.83 34.88 36.96 34.80 85637
20150416 34.60 35.00 35.37 34.45 65095
20150417 35.38 35.19 35.70 34.89 68223
20150420 35.15 34.16 35.15 34.10 75308
20150421 34.17 35.28 35.40 34.17 77297
20150422 35.55 36.08 36.25 35.55 91004
20150423 36.10 36.08 36.26 35.71 98630
20150424 35.50 35.00 35.50 34.42 102763
20150427 35.01 35.16 35.64 35.00 79130
20150428 35.13 34.71 35.87 34.55 103867
20150429 34.49 35.57 35.59 34.40 75658
20150430 36.00 35.26 36.17 35.22 90895
20150504 35.35 35.23 35.74 34.60 41821
20150505 35.49 34.26 35.49 34.00 56638
20150506 34.45 33.18 34.70 33.00 56064
20150507 33.15 32.89 33.20 32.23 49645
20150508 33.06 33.49 33.54 32.88 59783
20150511 33.60 34.41 34.42 33.42 61877
20150512 34.41 34.63 34.65 33.81 71851
20150513 34.55 35.21 35.55 34.45 91160
20150514 35.00 35.81 35.87 34.90 96571
20150515 35.80 35.30 36.14 35.08 61512
20150518 35.35 36.37 36.40 34.90 95317
20150519 36.39 36.79 36.85 35.87 88824
20150520 36.70 37.18 38.35 36.65 120802
20150521 37.20 39.38 39.59 37.20 144604
20150522 39.38 38.10 39.38 37.42 110103
20150525 37.82 39.22 39.45 37.31 129951
20150526 39.20 39.88 39.99 38.65 113018
20150527 39.89 39.00 39.89 38.50 101133
20150528 39.05 37.89 40.77 37.70 146776
20150529 37.84 39.31 40.00 37.22 109139
20150601 39.90 43.24 43.24 39.79 130291
20150602 44.51 45.82 46.90 43.53 167975
20150603 45.60 45.23 46.20 43.70 119063
20150604 45.00 44.19 45.99 41.50 86876
20150605 44.60 44.43 46.20 43.60 92329
20150608 44.40 43.12 44.40 42.30 77590
20150609 43.29 43.01 43.98 42.31 62061
20150610 43.00 44.27 44.98 42.51 87351
20150611 43.99 44.65 45.39 43.71 61379
20150612 45.03 44.55 45.21 43.88 63037
20150615 44.55 42.58 44.81 42.31 57622
20150616 42.00 40.27 42.35 39.80 49064
20150617 40.24 41.18 41.40 39.60 36691
20150618 41.00 39.64 42.04 39.55 44389
20150619 39.00 36.04 39.50 35.68 89668
20150623 35.85 36.69 37.00 33.80 61601
20150624 36.80 37.21 37.26 36.25 68507
20150625 37.10 34.81 37.10 34.70 61171
20150626 33.99 31.33 34.35 31.33 87095
20150629 32.00 29.14 32.18 28.20 95683
20150630 28.88 30.95 31.30 27.40 76920
20150701 30.90 28.51 31.54 28.40 85340
20150702 28.65 31.35 31.36 26.88 162460
20150703 30.20 32.92 33.48 28.50 144255
20150706 35.77 33.98 35.77 29.63 175345
20150707 31.70 30.58 32.30 30.58 54810
20150708 27.52 27.52 29.40 27.52 259507
20150709 25.51 30.27 30.27 25.51 120721
20150710 30.58 33.30 33.30 30.02 130676
20150713 33.68 35.92 36.38 33.00 168336
20150714 34.64 33.66 36.30 33.33 162528
20150715 32.32 30.29 32.97 30.29 74918
20150716 30.29 31.05 31.79 28.00 68517
20150717 31.05 33.25 33.31 31.05 69881
20150720 33.17 32.81 33.78 32.15 81343
20150721 32.68 33.23 33.75 31.83 69899
20150722 32.80 32.80 33.95 32.05 62395
20150723 32.90 33.92 34.20 32.50 67336
20150724 33.94 32.84 34.50 32.52 68443
20150727 32.16 29.56 33.00 29.56 50259
20150728 28.96 30.15 30.35 28.00 70093
20150729 30.70 31.23 31.40 28.28 47349
20150730 30.77 29.42 31.30 29.00 36829
