20140102 10.23 10.20 10.33 10.15 55908
20140103 10.16 10.10 10.20 9.81 120582
20140106 10.06 9.77 10.06 9.76 65063
20140107 9.80 9.76 9.91 9.70 41998
20140108 9.76 9.53 9.84 9.40 81386
20140109 9.53 9.37 9.70 9.36 79372
20140110 9.39 9.08 9.47 9.05 91530
20140113 9.01 9.26 9.39 9.01 73121
20140114 9.28 9.88 9.91 9.23 164280
20140115 9.85 10.00 10.07 9.80 112078
20140116 10.05 10.03 10.17 9.86 104439
20140117 10.03 9.84 10.08 9.77 78876
20140120 9.85 9.94 10.11 9.75 102913
20140121 9.97 10.15 10.16 9.82 96884
20140122 10.20 10.28 10.30 10.09 108517
20140123 10.22 10.16 10.29 10.15 62387
20140124 10.10 10.32 10.34 10.07 91973
20140127 10.22 10.23 10.36 10.13 70094
20140128 10.22 10.52 10.59 10.22 104748
20140129 10.55 10.43 10.61 10.39 68244
20140130 10.54 10.37 10.55 10.35 37918
20140207 10.25 10.19 10.30 10.06 101450
20140210 10.19 10.68 10.74 10.19 148805
20140211 10.66 10.88 10.96 10.48 168794
20140212 11.05 11.97 11.97 11.02 483476
20140213 12.35 11.61 12.35 11.55 416046
20140214 11.62 12.38 12.63 11.62 398116
20140217 12.43 12.95 13.27 12.25 490373
20140218 12.91 13.41 13.54 12.70 454687
20140219 13.45 13.28 13.88 13.05 322756
20140220 13.11 14.08 14.61 13.08 629514
20140228 12.67 12.67 13.15 12.67 385318
20140303 12.55 12.99 13.17 12.21 374190
20140304 12.89 12.96 13.16 12.65 250817
20140305 12.80 12.10 12.93 12.05 368037
20140306 12.17 12.31 12.36 11.91 257778
20140307 12.48 12.59 12.73 12.41 281599
20140310 12.85 12.20 13.01 12.13 279130
20140311 12.03 11.94 12.30 11.69 157072
20140312 11.95 11.88 12.12 11.50 130804
20140313 11.89 12.00 12.07 11.72 117070
20140314 11.90 11.90 12.04 11.64 93201
20140317 11.86 13.09 13.09 11.74 371566
20140318 13.09 13.09 13.25 12.83 243264
20140319 13.07 12.94 13.08 12.60 169788
20140320 13.05 12.86 13.88 12.81 372008
20140321 12.70 13.57 13.72 12.39 330314
20140324 13.60 14.53 14.93 13.41 544231
20140325 14.65 14.23 14.88 14.13 284867
20140326 14.50 14.33 14.50 13.91 209618
20140327 14.24 13.93 14.62 13.88 207106
20140328 13.95 13.17 14.19 13.10 196959
20140331 13.26 13.57 13.74 13.15 166955
20140401 13.40 13.63 13.94 13.40 127827
20140402 13.78 13.93 14.18 13.60 165552
20140403 13.96 13.55 14.08 13.40 149880
20140404 13.41 13.57 13.85 13.40 124993
20140408 13.54 14.00 14.24 13.46 203339
20140409 14.02 13.99 14.26 13.89 125249
20140410 14.00 14.94 15.33 14.00 341330
20140411 14.83 14.75 14.92 14.50 146906
20140414 14.76 15.47 15.60 14.76 304806
20140415 15.39 15.15 15.64 14.92 201074
20140416 15.00 14.76 15.10 14.50 192426
20140417 14.64 14.84 15.05 14.60 96645
20140418 14.71 15.23 15.34 14.62 139339
20140421 15.15 14.12 15.15 14.09 257814
20140422 14.11 13.72 14.11 13.37 179766
20140423 13.68 13.31 13.78 13.19 129690
20140424 13.40 13.37 13.65 13.21 97983
20140425 13.37 12.99 13.49 12.89 89321
20140428 12.87 12.20 12.97 12.08 140784
20140429 12.30 13.12 13.30 12.10 166129
20140430 13.13 12.64 13.14 12.62 161493
20140505 12.65 12.48 12.65 12.20 127025
20140506 12.52 12.89 13.10 12.49 138888
20140507 12.85 13.06 13.43 12.60 134651
20140508 12.92 12.94 13.35 12.86 98265
20140509 12.97 12.61 13.05 12.45 100470
20140512 12.83 12.90 13.07 12.52 96372
20140513 12.90 12.79 13.03 12.78 82485
20140514 12.74 12.75 13.00 12.70 72761
20140515 12.90 12.40 12.99 12.38 66111
20140516 12.34 12.16 12.35 11.93 97511
20140519 12.10 12.04 12.24 11.95 50795
20140520 12.12 12.11 12.36 12.02 55130
20140521 12.05 12.34 12.37 11.95 50461
20140522 12.32 12.39 12.65 12.23 77691
20140523 12.39 12.77 12.79 12.30 92402
20140526 12.77 12.80 12.84 12.65 83200
20140527 12.75 12.51 12.87 12.50 72989
20140528 12.50 12.63 12.65 12.33 81599
20140529 12.63 12.32 12.66 12.29 74042
20140530 12.31 12.39 12.44 12.14 54406
20140603 12.39 12.34 12.57 12.21 49605
20140604 12.33 12.39 12.40 12.17 42301
20140605 12.35 12.45 12.55 12.20 57224
20140606 12.48 12.86 13.03 12.48 182469
20140609 12.73 13.10 13.47 12.70 192850
20140610 13.10 13.32 13.45 13.00 130522
20140611 13.27 13.28 13.39 12.64 103045
20140612 13.38 13.19 13.38 13.06 108088
20140613 13.17 13.19 13.25 12.95 126259
20140616 13.21 13.21 13.32 13.06 102671
20140617 13.20 13.11 13.31 12.94 136428
20140618 13.03 12.91 13.22 12.90 67607
20140619 12.90 12.47 13.05 12.44 91487
20140620 12.47 12.70 12.84 12.40 72511
20140623 12.71 12.92 13.20 12.71 80398
20140624 12.90 12.95 13.02 12.80 57701
20140625 12.95 12.69 12.97 12.65 53918
20140626 12.81 12.86 12.94 12.72 60407
20140627 12.88 13.10 13.12 12.79 101634
20140630 13.10 13.07 13.16 13.00 74714
20140701 13.08 12.92 13.14 12.88 68768
20140702 12.92 12.97 12.98 12.80 87813
20140703 12.95 13.10 13.16 12.80 139569
20140704 13.10 12.85 13.13 12.85 89464
20140707 12.86 12.73 12.96 12.64 94840
20140708 12.73 12.76 12.86 12.67 46117
20140709 12.78 12.37 12.78 12.30 91360
20140710 12.38 12.20 12.48 12.15 110404
20140711 12.25 12.43 12.44 12.13 59287
20140714 12.42 12.77 12.79 12.27 92946
20140715 12.77 13.96 14.05 12.76 522115
20140716 13.53 13.26 13.75 13.10 324006
20140717 13.32 13.00 13.34 12.80 160432
20140718 12.95 13.08 13.24 12.90 106880
20140721 13.10 13.23 13.48 13.03 97951
20140722 13.32 13.24 13.44 13.13 110502
20140723 13.26 13.45 13.55 13.05 168003
20140724 13.38 13.30 13.51 13.20 100622
20140725 13.33 13.15 13.40 13.04 118414
20140805 14.47 14.47 14.47 14.47 39935
20140806 15.20 15.19 15.90 14.90 696782
20140807 15.00 14.90 15.49 14.70 395033
20140808 15.04 15.49 15.75 14.92 441288
20140811 15.52 15.59 15.82 15.20 317181
20140812 15.60 15.94 16.59 15.45 424291
20140813 15.90 15.85 16.07 15.54 289794
20140814 15.89 15.30 15.89 15.24 259280
20140815 15.52 15.62 15.76 15.30 197190
20140818 15.62 15.60 15.74 15.38 203362
20140819 15.60 16.00 16.16 15.50 363495
20140820 16.00 16.20 16.31 15.79 339642
20140821 8.20 8.49 8.70 8.08 609570
20140822 8.20 8.03 8.30 8.00 1071040
20140825 8.00 7.68 8.00 7.67 664632
20140826 7.64 7.86 7.93 7.57 595280
20140827 7.85 7.93 8.00 7.70 432742
20140828 7.90 7.81 7.93 7.76 288778
20140829 7.81 7.89 7.92 7.76 233947
20140901 7.94 8.13 8.19 7.88 628466
20140902 8.12 8.18 8.25 8.04 575143
20140903 8.25 8.15 8.25 8.06 499196
20140904 8.16 8.50 8.57 8.10 923814
20140905 8.50 8.47 8.54 8.36 538587
20140909 8.49 9.05 9.22 8.49 976976
20140910 9.09 9.17 9.56 8.82 912969
20140911 9.17 9.13 9.35 9.01 628154
20140912 9.18 9.19 9.25 9.04 442021
20140915 9.20 9.53 9.58 9.15 769794
20140916 9.47 9.00 9.69 8.93 967060
20140917 9.00 8.92 9.17 8.64 487645
20140918 8.92 9.03 9.05 8.74 336437
20140919 9.05 8.98 9.10 8.86 358191
20140922 8.95 9.11 9.31 8.83 645042
20140923 9.15 9.14 9.15 9.00 338035
20140924 9.12 9.23 9.27 9.06 476663
20140925 9.50 9.29 9.63 9.23 753038
20140926 9.20 9.14 9.31 9.07 479355
20140929 9.15 9.13 9.23 9.08 440879
20140930 9.13 9.15 9.24 9.04 449346
20141008 9.28 9.50 9.55 9.21 885698
20141009 9.50 9.37 9.51 9.28 599468
20141010 9.34 9.27 9.50 9.20 490089
20141013 9.22 9.15 9.22 9.03 330269
20141014 9.15 9.05 9.17 8.97 413476
20141015 9.10 9.10 9.12 8.96 303189
20141016 9.07 8.83 9.14 8.82 398030
20141017 8.83 8.58 8.93 8.48 435542
20141020 8.61 8.68 8.69 8.60 228477
20141021 8.68 8.49 8.68 8.48 297700
20141022 8.45 8.53 8.70 8.45 259152
20141023 8.52 8.18 8.54 8.12 326772
20141024 8.18 8.34 8.38 8.12 290001
20141027 8.38 8.50 8.62 8.27 336832
20141028 8.70 8.75 8.86 8.67 424788
20141029 8.80 9.00 9.09 8.65 727051
20141030 8.97 8.90 9.09 8.84 489448
20141031 8.95 8.98 9.05 8.66 515644
20141103 9.05 9.04 9.14 8.91 538107
20141104 9.04 9.25 9.38 8.80 1059662
20141105 9.16 9.06 9.24 9.05 471182
20141106 9.01 9.02 9.14 8.91 298858
20141107 9.02 8.91 9.13 8.86 450294
20141110 8.94 9.01 9.05 8.87 317507
20141111 9.01 8.53 9.05 8.49 616855
20141112 8.50 8.60 8.65 8.42 265739
20141113 8.60 8.41 8.63 8.32 304964
20141114 8.40 8.43 8.47 8.35 152484
20141117 8.50 8.56 8.66 8.45 259109
20141118 8.58 8.58 8.61 8.45 178340
20141119 8.58 8.50 8.58 8.48 230270
20141120 8.46 8.39 8.46 8.35 218760
20141121 8.38 8.41 8.42 8.31 236849
20141124 8.46 8.52 8.58 8.41 349428
20141125 8.52 8.64 8.65 8.47 358613
20141126 8.65 8.56 8.65 8.50 314918
20141127 8.56 8.93 8.97 8.52 786510
20141128 8.89 8.96 9.06 8.84 739471
20141201 9.08 8.87 9.15 8.82 495284
20141202 8.82 9.05 9.15 8.80 691728
20141203 9.13 9.06 9.13 8.89 597436
20141204 9.04 9.27 9.30 9.00 932178
20141205 9.31 9.27 9.36 8.80 1037902
20141208 9.40 10.20 10.20 9.40 1732222
20141209 10.30 9.95 11.10 9.81 2161291
20141210 10.00 10.89 10.95 9.90 1377708
20141211 11.10 10.74 11.25 10.52 1239222
20141212 10.75 10.64 11.08 10.51 642744
20141215 11.40 11.19 11.70 11.02 1449349
20141216 11.04 11.06 11.21 10.70 831020
20141217 10.99 10.69 11.00 10.60 708438
20141218 10.64 10.79 10.97 10.55 589122
20141219 10.74 10.49 10.74 10.15 690649
20141222 10.50 10.06 10.50 9.88 603816
20141223 10.00 9.92 10.15 9.88 326094
20141224 9.98 10.10 10.19 9.92 330085
20141225 10.15 10.15 10.17 10.01 305209
20141226 10.15 10.23 10.38 9.90 681765
20141229 10.20 9.97 10.20 9.95 431624
20141230 9.98 9.53 10.02 9.51 438169
20141231 9.38 9.64 9.67 9.36 315533
20150105 9.85 10.08 10.18 9.80 519444
20150106 9.97 10.15 10.30 9.84 462222
20150107 10.10 10.26 10.35 9.95 528875
20150108 10.26 9.99 10.26 9.96 319270
20150109 9.97 9.76 9.98 9.75 322290
20150112 9.61 9.44 9.69 9.40 298072
20150113 9.47 9.61 9.71 9.47 184478
20150114 9.60 9.50 9.60 9.43 178533
20150115 9.46 9.81 9.93 9.43 249530
20150116 9.70 9.81 9.87 9.67 251348
20150119 9.55 9.24 9.74 9.00 359299
20150120 9.16 9.60 9.70 9.16 281226
20150121 9.66 9.96 10.08 9.62 475847
20150122 9.95 10.03 10.08 9.80 363214
20150123 10.06 10.50 10.79 9.93 888529
20150126 10.50 10.92 11.02 10.38 923458
20150127 10.84 10.64 10.91 10.40 760693
20150128 10.52 10.31 10.58 10.26 398340
20150129 10.20 10.40 10.50 10.10 328746
20150130 10.40 10.13 10.50 10.11 266296
20150202 10.00 10.03 10.16 9.89 180937
20150203 10.14 10.52 10.77 10.10 465346
20150204 10.50 10.24 10.58 10.20 315957
20150205 10.44 10.46 10.69 10.12 473326
20150206 10.43 10.80 10.82 10.30 900865
20150209 10.58 10.32 10.70 10.16 566274
20150210 10.24 10.44 10.47 10.05 363045
20150211 10.53 10.66 10.79 10.38 494824
20150212 10.65 10.47 10.65 10.35 300078
20150213 10.54 10.48 10.68 10.47 381815
20150216 10.50 10.96 11.08 10.42 827604
20150217 11.01 11.13 11.25 10.82 797400
20150225 11.15 11.37 11.58 11.06 805698
20150226 11.37 11.70 12.19 11.32 1022439
20150227 11.72 11.82 11.92 11.44 725920
20150302 11.86 11.79 12.18 11.66 861822
20150303 11.77 11.52 11.77 11.43 644005
20150304 11.54 11.82 11.88 11.42 556609
20150305 11.85 11.60 11.85 11.47 390907
20150306 11.58 11.16 11.65 11.11 446947
20150309 11.14 11.30 11.40 11.04 262077
20150310 11.31 11.37 11.55 11.26 386271
20150311 11.37 11.28 11.52 11.15 310736
20150312 11.32 11.37 11.41 11.18 296187
20150313 11.40 11.64 11.78 11.40 520268
20150316 11.78 12.80 12.80 11.59 1122481
20150317 13.15 12.91 13.36 12.70 1702965
20150318 12.88 12.84 12.88 12.55 1017791
20150319 12.80 12.93 13.12 12.62 905012
20150320 12.91 12.74 12.99 12.65 628212
20150323 12.85 12.94 13.09 12.57 872723
20150324 12.96 13.18 13.35 12.60 1258940
20150325 13.80 13.16 14.00 13.10 1234373
20150326 13.07 13.12 13.48 12.60 850945
20150327 13.08 12.93 13.09 12.82 447551
20150330 12.94 12.97 13.07 12.80 658122
20150331 12.97 13.22 13.36 12.83 863696
20150401 13.22 13.58 13.80 13.12 1041522
20150402 13.80 13.47 13.89 13.31 790321
20150403 13.82 14.31 14.72 13.64 1261077
20150407 14.19 14.38 14.58 14.01 821474
20150408 14.39 13.78 14.40 13.55 950946
20150409 13.78 13.41 14.02 13.04 717193
20150410 13.66 13.65 13.85 13.41 524450
20150413 13.76 13.83 13.98 13.60 627948
20150414 13.85 13.98 14.14 13.60 712222
20150415 13.97 13.44 13.97 13.40 487888
20150416 13.28 13.45 13.68 13.09 447217
20150417 13.50 14.09 14.20 13.50 1139883
20150420 13.87 14.30 14.90 13.80 1396722
20150421 14.51 14.60 14.85 14.05 923203
20150422 14.62 15.10 15.35 14.47 1200253
20150423 15.15 14.86 15.28 14.62 916857
20150424 14.86 15.00 15.15 14.29 1009262
20150427 15.35 14.93 15.36 14.71 828092
20150428 15.00 14.34 15.04 14.30 600410
20150429 14.28 14.44 14.65 14.18 371690
20150430 14.35 13.86 14.35 13.78 613104
20150504 14.28 14.08 14.45 13.90 505382
20150505 13.99 13.13 13.99 13.01 637777
20150506 13.25 12.90 13.42 12.70 364812
20150507 12.76 12.29 13.03 12.27 346540
20150508 12.48 12.71 12.73 12.37 365707
20150511 12.81 13.19 13.21 12.69 457090
20150512 13.21 13.42 13.57 13.10 465317
20150513 13.33 13.08 13.33 13.01 447917
20150514 13.08 12.81 13.21 12.73 427379
20150515 12.83 12.82 12.85 12.43 366765
20150518 12.75 13.08 13.20 12.65 444081
20150519 13.12 13.35 13.38 13.06 501474
20150520 13.38 13.33 13.55 13.18 645744
20150521 13.50 13.95 13.96 13.26 830627
20150522 14.09 14.10 14.24 13.65 861395
20150525 14.18 14.49 14.75 14.00 949685
20150526 14.60 14.51 14.64 14.12 887177
20150527 14.58 15.96 15.96 14.19 1438516
20150528 15.90 14.36 16.08 14.36 1184045
20150529 14.36 14.09 14.69 13.20 728176
20150601 14.09 14.85 14.98 14.01 653388
20150602 14.85 15.37 15.50 14.66 816937
20150603 15.42 15.01 15.47 14.80 718008
20150604 15.19 16.31 16.38 14.36 1098323
20150605 16.46 17.33 17.88 16.15 1429859
20150608 17.49 17.06 17.96 16.91 949344
20150609 17.18 17.55 17.63 16.60 835439
20150610 17.25 17.84 18.40 16.91 724016
20150611 17.83 17.53 18.17 17.31 601435
20150612 17.52 17.31 17.73 17.00 581185
20150615 17.32 16.94 17.45 16.86 515511
20150616 16.83 16.03 16.84 15.86 541291
20150617 16.00 17.51 17.63 15.85 831537
20150618 17.75 17.43 18.75 17.30 875110
20150619 17.00 15.69 17.28 15.69 500720
20150623 15.30 16.37 16.42 14.41 522763
20150624 16.60 16.66 17.09 16.11 678234
20150625 16.90 17.32 18.33 16.59 1317112
20150626 16.17 15.59 16.99 15.59 864037
20150629 16.10 14.97 16.26 14.03 842924
20150630 14.50 16.10 16.16 13.83 740198
20150701 16.05 14.71 16.65 14.60 598461
20150702 15.00 13.24 15.00 13.24 580919
20150703 12.50 11.92 13.00 11.92 570118
20150706 12.60 10.73 13.06 10.73 945361
20150707 10.33 9.66 10.33 9.66 344331
20150710 10.61 10.63 10.63 10.33 326567
20150713 11.59 11.69 11.69 11.12 779676
20150714 11.74 12.02 12.85 11.50 1078088
20150715 11.88 10.82 11.88 10.82 525604
20150716 10.82 10.87 11.19 9.74 697664
20150717 10.91 11.95 11.96 10.87 705434
20150720 11.98 12.20 12.50 11.58 790454
20150721 11.85 12.36 12.78 11.85 683967
20150722 12.40 13.11 13.50 11.80 960419
20150723 13.03 13.66 14.10 12.87 1075441
20150724 13.80 13.36 14.24 13.01 890857
20150727 12.88 12.02 13.91 12.02 886897
20150728 11.60 11.66 12.30 10.82 854122
20150729 11.90 12.49 12.50 11.06 544316
20150730 12.30 12.24 13.12 11.91 662929
