20140102 5.08 5.14 5.14 5.07 21828
20140103 5.13 5.08 5.14 5.05 19157
20140106 5.12 5.02 5.12 5.01 39466
20140107 5.02 5.06 5.07 5.00 23610
20140108 5.07 5.07 5.10 5.03 29245
20140109 5.06 5.11 5.17 5.06 50848
20140110 5.11 5.11 5.16 5.04 58556
20140113 4.97 4.73 4.97 4.61 106365
20140114 4.68 4.89 5.02 4.61 118670
20140115 4.82 4.67 4.85 4.60 105291
20140116 4.64 4.65 4.68 4.59 61853
20140117 4.63 4.52 4.63 4.50 49448
20140120 4.50 4.47 4.53 4.45 25820
20140121 4.43 4.49 4.52 4.43 23215
20140122 4.50 4.59 4.61 4.47 38311
20140123 4.58 4.58 4.63 4.57 29627
20140124 4.55 4.62 4.63 4.54 39084
20140127 4.61 4.57 4.61 4.54 28642
20140128 4.57 4.62 4.65 4.55 29049
20140129 4.62 4.57 4.66 4.55 24523
20140130 4.56 4.51 4.57 4.45 23487
20140207 4.48 4.52 4.52 4.44 28212
20140210 4.51 4.66 4.67 4.50 61871
20140211 4.66 4.69 4.73 4.63 49543
20140212 4.69 4.68 4.73 4.62 94717
20140213 4.65 4.67 4.69 4.60 73183
20140214 4.66 4.71 4.71 4.64 69120
20140217 4.71 4.86 4.95 4.68 133647
20140218 4.84 4.85 4.90 4.81 88141
20140219 4.84 4.93 4.96 4.82 85682
20140220 4.94 4.89 4.98 4.86 75339
20140221 4.90 4.93 4.95 4.81 111750
20140224 4.90 4.97 5.04 4.82 165392
20140225 4.97 5.21 5.34 4.88 303911
20140603 4.70 4.85 4.97 4.69 289869
20140604 4.72 4.58 4.75 4.54 166165
20140605 4.58 4.58 4.61 4.49 66969
20140606 4.59 4.50 4.60 4.48 76932
20140609 4.49 4.44 4.52 4.42 61881
20140610 4.44 4.43 4.46 4.35 81950
20140611 4.42 4.41 4.43 4.38 49900
20140612 4.40 4.48 4.52 4.38 78256
20140613 4.47 4.47 4.54 4.44 78456
20140616 4.48 4.48 4.50 4.45 47821
20140617 4.48 4.40 4.48 4.39 41425
20140618 4.40 4.28 4.41 4.26 82447
20140619 4.26 4.18 4.30 4.12 54144
20140620 4.19 4.20 4.20 4.14 26351
20140623 4.20 4.24 4.24 4.17 33378
20140624 4.24 4.23 4.24 4.19 26070
20140625 4.22 4.20 4.22 4.17 27249
20140626 4.20 4.23 4.24 4.18 36185
20140627 4.21 4.28 4.30 4.21 51642
20140630 4.28 4.31 4.35 4.26 46836
20140701 4.32 4.39 4.39 4.29 67279
20140702 4.38 4.47 4.49 4.36 79865
20140703 4.47 4.44 4.49 4.43 49738
20140704 4.44 4.45 4.48 4.42 37292
20140707 4.47 4.39 4.48 4.38 37391
20140708 4.39 4.48 4.48 4.38 59988
20140709 4.47 4.38 4.50 4.36 57660
20140710 4.40 4.56 4.56 4.37 113464
20140711 4.56 4.52 4.59 4.50 67073
20140714 4.53 4.64 4.71 4.52 85893
20140715 4.66 4.66 4.71 4.60 57891
20140716 4.58 4.56 4.64 4.51 77345
20140717 4.53 4.44 4.56 4.42 70346
20140718 4.41 4.48 4.54 4.40 55045
20140721 4.47 4.48 4.55 4.47 49470
20140722 4.48 4.55 4.58 4.48 48526
20140723 4.55 4.61 4.70 4.52 80662
20140724 4.60 4.73 4.75 4.60 93495
20140725 4.73 4.92 4.93 4.66 161305
20140728 4.92 5.10 5.14 4.85 194404
20140729 5.06 5.06 5.10 4.97 127508
20140730 5.00 5.15 5.19 4.96 120837
20140731 5.09 5.10 5.15 5.07 61811
20140801 5.07 4.94 5.09 4.92 116284
20140804 4.95 5.05 5.08 4.91 83768
20140805 5.04 5.09 5.15 5.00 78135
20140806 5.07 5.08 5.10 5.00 51297
20140807 5.06 4.93 5.09 4.92 96641
20140808 4.90 4.96 4.98 4.89 50802
20140811 4.97 4.99 5.02 4.94 47793
20140812 5.00 5.06 5.06 4.96 64981
20140813 5.06 4.95 5.19 4.92 250503
20140814 4.96 4.97 5.02 4.91 123775
20140815 4.96 5.04 5.08 4.94 98551
20140818 5.04 5.15 5.15 5.03 133114
20140819 5.16 5.11 5.17 5.05 110240
20140820 5.12 5.23 5.28 5.08 169327
20140821 5.21 5.26 5.32 5.15 125736
20140822 5.24 5.21 5.26 5.15 74164
20140825 5.21 5.10 5.22 5.09 84932
20140826 5.07 4.98 5.14 4.96 75218
20140827 4.98 4.97 5.01 4.94 53095
20140828 4.96 4.86 4.99 4.85 59269
20140829 4.85 4.92 4.93 4.83 44673
20140902 4.87 5.02 5.03 4.84 139281
20140903 5.02 5.10 5.14 4.98 136806
20140904 5.11 5.17 5.25 5.10 146890
20140905 5.18 5.18 5.20 5.11 94639
20140909 5.15 5.28 5.34 5.14 177545
20140910 5.26 5.24 5.26 5.18 106709
20140911 5.21 5.23 5.30 5.16 143586
20140912 5.21 5.34 5.34 5.18 181569
20140915 5.34 5.38 5.45 5.32 154263
20140916 5.39 5.52 5.84 5.35 414818
20140917 5.55 5.49 5.58 5.31 214105
20140918 5.43 5.61 5.68 5.40 188350
20140919 5.57 5.64 5.70 5.54 168978
20140922 5.60 5.43 5.64 5.43 111253
20140923 5.44 5.47 5.49 5.37 134684
20140924 5.46 5.56 5.61 5.40 134139
20140925 5.56 5.53 5.62 5.50 130574
20140926 5.49 5.49 5.55 5.45 92925
20140929 5.50 5.53 5.55 5.49 107093
20140930 5.60 5.54 5.63 5.52 126122
20141008 5.55 5.60 5.61 5.49 127042
20141009 5.61 5.59 5.64 5.49 132992
20141010 5.57 5.50 5.59 5.48 118480
20141013 5.44 5.43 5.46 5.37 114524
20141014 5.40 5.42 5.49 5.38 94651
20141015 5.42 5.43 5.45 5.35 85660
20141016 5.38 5.39 5.48 5.37 94657
20141017 5.38 5.25 5.42 5.20 115739
20141020 5.23 5.32 5.34 5.23 54772
20141021 5.33 5.38 5.46 5.30 100879
20141022 5.40 5.24 5.40 5.19 74810
20141023 5.20 5.06 5.24 5.00 115636
20141024 5.06 5.08 5.10 5.04 53244
20141027 5.07 5.10 5.10 5.03 38792
20141028 5.10 5.23 5.23 5.10 57413
20141029 5.25 5.34 5.39 5.25 105486
20141030 5.33 5.50 5.52 5.31 223708
20141031 5.49 5.52 5.54 5.42 138122
20141103 5.52 5.56 5.64 5.46 185522
20141104 5.56 5.65 5.70 5.51 238679
20141105 5.74 5.52 5.79 5.51 182851
20141106 5.51 5.61 5.63 5.49 138612
20141107 5.60 5.49 5.73 5.46 185031
20141110 5.53 5.63 5.64 5.46 124382
20141111 5.66 5.48 5.69 5.38 165164
20141112 5.44 5.61 5.63 5.43 95897
20141113 5.58 5.67 5.68 5.47 183337
20141114 5.60 5.56 5.67 5.49 117607
20141117 5.58 5.61 5.67 5.53 109165
20141118 5.60 5.58 5.60 5.51 84675
20141119 5.55 5.65 5.65 5.52 118335
20141120 5.61 5.69 5.73 5.59 141206
20141121 5.71 5.86 5.88 5.67 312081
20141124 5.93 5.87 5.95 5.80 241640
20141125 5.86 5.91 5.97 5.82 160502
20141126 5.94 5.99 6.15 5.91 250923
20141127 6.06 6.16 6.28 6.01 254584
20141128 6.16 6.02 6.18 5.86 246175
20141201 5.99 5.93 6.08 5.90 149468
20141202 5.91 6.36 6.40 5.89 333963
20141203 6.35 6.45 6.48 6.24 276335
20141204 6.41 6.48 6.55 6.37 216483
20141205 6.60 6.61 6.98 6.24 391773
20141208 6.62 6.90 6.94 6.58 296178
20141209 6.84 6.35 6.92 6.27 305722
20141210 6.35 6.54 6.60 6.19 207748
20141211 6.48 6.66 6.79 6.47 165052
20141212 6.68 6.92 6.93 6.66 213013
20141215 6.87 6.89 6.98 6.69 156474
20141216 6.89 7.18 7.19 6.88 201091
20141217 7.15 7.42 7.75 7.01 273088
20141218 7.40 7.43 7.55 7.21 122869
20141219 7.36 7.39 7.74 7.06 185202
20141222 7.35 7.22 7.69 7.00 283450
20141223 7.10 6.86 7.15 6.75 180983
20141224 6.85 6.84 7.00 6.78 113336
20141225 6.85 7.08 7.17 6.81 132570
20141226 7.10 7.17 7.23 7.02 125720
20141229 7.20 7.14 7.44 7.03 251042
20141230 7.15 6.84 7.15 6.77 169392
20141231 6.80 6.74 6.87 6.55 205322
20150105 6.75 7.01 7.05 6.69 189427
20150106 6.96 6.92 7.01 6.82 144090
20150107 6.91 7.05 7.05 6.80 130554
20150108 7.08 6.92 7.10 6.84 113873
20150109 6.89 6.85 7.00 6.83 92027
20150112 6.79 6.41 6.79 6.39 106467
20150113 6.45 6.39 6.50 6.33 131347
20150114 6.39 6.39 6.47 6.34 137109
20150115 6.38 6.59 6.61 6.38 115026
20150116 6.59 6.52 6.65 6.48 81717
20150119 6.30 6.00 6.39 5.88 139692
20150120 6.05 6.18 6.18 6.01 71758
20150121 6.16 6.43 6.44 6.16 93903
20150122 6.42 6.46 6.50 6.37 110191
20150123 6.43 6.41 6.52 6.37 84673
20150126 6.41 6.53 6.56 6.31 93897
20150127 6.56 6.58 6.62 6.44 109257
20150128 6.58 6.63 6.65 6.47 106169
20150129 6.66 6.82 6.83 6.59 243221
20150130 6.82 6.63 6.87 6.62 148679
20150202 6.55 6.30 6.55 6.26 120657
20150203 6.33 6.37 6.39 6.24 93744
20150204 6.37 6.31 6.45 6.31 89322
20150205 6.40 6.20 6.41 6.20 82267
20150206 6.18 5.99 6.23 5.86 143894
20150209 5.99 6.05 6.08 5.92 57468
20150210 6.05 6.11 6.12 6.02 53924
20150211 6.12 6.09 6.16 6.00 82325
20150212 6.08 6.16 6.21 6.06 48177
20150213 6.22 6.27 6.29 6.18 54882
20150216 6.27 6.30 6.31 6.24 75624
20150217 6.30 6.33 6.37 6.28 56037
20150225 6.31 6.34 6.41 6.24 81040
20150226 6.32 6.49 6.52 6.25 102831
20150227 6.50 6.68 6.73 6.48 122021
20150302 6.70 6.82 6.87 6.62 200907
20150303 6.78 6.67 6.78 6.58 175027
20150304 6.63 6.76 6.85 6.63 101180
20150305 6.75 6.54 6.75 6.48 188975
20150306 6.54 6.57 6.63 6.50 103147
20150309 6.57 6.99 7.23 6.54 246869
20150310 6.98 6.98 7.19 6.88 219585
20150311 6.98 6.81 7.05 6.76 131002
20150312 6.81 7.03 7.08 6.80 150100
20150313 7.05 7.15 7.18 7.05 166265
20150316 7.18 7.25 7.33 7.18 213092
20150317 7.26 7.32 7.34 7.21 218005
20150318 7.45 7.41 7.51 7.35 174274
20150319 7.36 7.40 7.45 7.27 159517
20150320 7.42 8.14 8.14 7.40 438421
20150323 8.60 8.95 8.95 8.30 709412
20150324 9.17 9.18 9.50 8.87 638756
20150325 9.11 9.43 10.00 9.03 499391
20150326 9.51 9.51 9.99 9.18 401738
20150327 9.40 9.30 9.43 9.02 261153
20150330 9.26 9.25 9.30 9.09 220955
20150331 9.30 9.12 9.30 9.01 258381
20150401 9.12 9.23 9.24 9.07 312170
20150402 9.20 9.38 9.40 9.07 375026
20150403 9.40 9.78 10.00 9.31 521304
20150407 9.75 9.71 9.96 9.60 314188
20150408 9.71 9.42 9.71 9.20 340041
20150409 9.35 9.00 9.35 8.70 282381
20150410 8.99 9.16 9.30 8.84 202507
20150413 9.17 9.25 9.33 9.00 257279
20150414 9.30 9.60 9.77 9.15 388570
20150415 9.58 9.06 9.58 9.05 232452
20150416 9.00 9.15 9.24 8.82 150017
20150417 9.20 9.42 9.46 9.14 313035
20150420 9.31 9.17 9.61 8.98 348512
20150421 9.10 9.70 9.73 9.08 399956
20150422 9.85 10.36 10.50 9.73 586182
20150423 10.42 10.19 10.45 10.05 331803
20150424 10.00 9.99 10.17 9.78 272915
20150427 9.93 10.02 10.14 9.75 281484
20150428 10.03 9.36 10.07 9.25 364786
20150429 9.30 9.40 9.51 9.10 165957
20150430 9.40 9.40 9.69 9.31 225025
20150504 9.41 10.22 10.25 9.40 423137
20150505 10.29 9.50 10.44 9.48 381221
20150506 9.50 9.07 9.63 8.97 271502
20150507 8.95 8.44 9.02 8.43 187799
20150508 8.52 8.68 8.72 8.31 190859
20150511 8.75 9.15 9.18 8.60 292855
20150512 9.11 9.19 9.34 9.01 239987
20150513 9.16 9.04 9.17 9.01 164194
20150514 8.95 9.18 9.22 8.93 215706
20150515 9.15 9.03 9.34 8.96 182665
20150518 9.15 9.07 9.29 9.01 158952
20150519 9.08 9.27 9.30 9.02 243979
20150520 9.28 9.34 9.53 9.19 338462
20150521 9.35 9.61 9.66 9.25 360807
20150522 9.89 9.86 9.97 9.46 430739
20150525 9.80 10.39 10.50 9.70 602942
20150526 10.42 10.75 10.80 10.13 553375
20150528 10.53 10.75 11.80 10.24 726923
20150529 10.73 10.48 11.20 9.85 430531
20150601 10.51 11.43 11.49 10.28 484977
20150602 11.40 11.59 11.66 11.04 492965
20150603 11.66 11.17 11.69 10.82 382327
20150604 11.05 11.10 11.12 10.10 341162
20150605 11.16 11.44 11.58 11.02 467050
20150608 11.50 11.99 12.22 11.50 496634
20150609 11.90 11.62 11.90 11.43 320182
20150610 11.47 11.71 11.97 11.30 328572
20150611 11.71 12.10 12.12 11.38 363068
20150612 12.51 13.28 13.31 12.26 1088762
20150615 13.20 13.03 13.48 12.57 549238
20150616 12.77 12.25 13.14 11.96 372986
20150617 12.06 12.61 12.71 11.42 340453
20150618 12.55 11.90 12.67 11.78 253077
20150619 11.56 10.78 11.78 10.75 285316
20150623 10.58 10.96 11.10 10.06 251669
20150624 11.00 11.60 11.69 11.00 335238
20150625 11.60 10.89 11.60 10.67 255354
20150626 10.46 9.80 10.77 9.80 247064
20150629 10.06 9.02 10.30 8.82 271272
20150630 8.97 9.71 9.76 8.12 333213
20150701 9.60 8.98 9.97 8.88 274962
20150702 9.02 8.17 9.19 8.08 246588
20150703 7.83 7.38 8.49 7.35 273259
20150706 8.12 7.79 8.12 6.74 740580
20150707 7.38 7.01 7.72 7.01 309283
20150708 6.31 6.76 7.01 6.31 537171
20150709 6.60 7.44 7.44 6.60 182572
20150710 7.91 8.18 8.18 7.64 119837
20150713 8.60 9.00 9.00 8.30 353069
20150714 8.82 8.63 9.30 8.56 346916
20150715 8.40 7.77 8.51 7.77 211832
20150716 7.77 8.06 8.26 7.15 175749
20150717 8.12 8.55 8.70 8.11 124378
20150720 8.50 8.68 8.88 8.43 184125
20150721 8.60 8.79 8.86 8.43 172620
20150722 8.62 8.58 8.70 8.20 147108
20150723 8.51 8.80 8.85 8.39 212519
20150724 8.67 9.68 9.68 8.67 733544
20150727 9.40 9.30 10.37 9.05 689317
20150728 9.11 9.93 10.00 8.41 453400
20150729 9.93 10.62 10.80 9.38 478405
20150730 10.45 9.91 10.63 9.81 435357
