20150320 14.18 14.18 14.18 14.18 315
20150323 15.60 15.60 15.60 15.60 101
20150324 17.16 17.16 17.16 17.16 215
20150325 18.88 18.88 18.88 18.88 215
20150326 20.77 20.77 20.77 20.77 1852
20150327 22.85 22.85 22.85 21.51 188738
20150330 23.98 25.14 25.14 23.54 144233
20150331 27.00 27.65 27.65 25.50 104882
20150401 29.83 30.42 30.42 29.51 38426
20150402 33.46 33.46 33.46 33.46 5713
20150403 36.81 36.81 36.81 33.46 58730
20150407 40.20 35.72 40.49 35.60 221846
20150408 35.00 37.34 38.50 34.35 188129
20150409 35.98 34.67 36.34 33.61 124600
20150410 34.03 35.29 37.00 33.80 94595
20150413 34.90 37.33 38.29 34.71 139372
20150414 36.50 36.57 38.60 35.50 100026
20150415 36.37 40.23 40.23 35.60 146862
20150416 38.00 39.65 41.80 36.60 121701
20150417 38.70 36.75 39.65 36.16 103860
20150420 36.05 33.45 36.28 33.33 77015
20150421 33.49 34.40 34.70 33.49 39114
20150422 34.60 35.94 36.90 34.16 54210
20150423 35.80 39.53 39.53 35.35 148043
20150424 41.80 43.48 43.48 40.51 141355
20150427 43.00 42.95 45.26 41.00 126755
20150428 44.01 43.86 46.00 41.25 100506
20150429 43.00 42.91 43.80 40.00 54954
20150430 43.55 43.03 45.20 42.60 55425
20150504 42.15 42.66 45.00 41.80 44121
20150505 42.70 39.65 43.02 39.58 37798
20150506 39.98 38.84 40.70 38.35 34514
20150507 38.89 34.96 38.89 34.96 50668
20150508 35.80 37.85 37.95 35.23 51966
20150511 38.18 41.64 41.64 38.18 55912
20150512 42.60 45.80 45.80 41.60 82274
20150513 46.10 50.38 50.38 45.50 84225
20150514 49.90 48.41 49.90 46.78 64722
20150515 47.88 49.96 51.10 46.50 63004
20150518 49.21 51.44 54.50 49.00 51107
20150519 51.50 49.84 53.44 48.00 51450
20150520 50.00 50.44 53.40 48.55 49631
20150521 50.02 55.48 55.48 49.52 41328
20150522 59.03 56.58 61.03 55.00 75546
20150525 55.00 57.96 59.88 52.00 57531
20150526 57.02 61.99 62.88 56.40 64563
20150527 62.02 68.19 68.19 61.00 62773
20150528 69.99 65.22 75.01 61.44 105736
20150529 62.31 60.99 68.31 58.70 83940
20150601 59.10 59.53 61.94 55.50 83774
20150602 60.00 58.11 61.00 57.00 47681
20150603 58.22 58.41 60.50 56.80 49291
20150604 58.00 54.15 58.00 52.57 53344
20150605 55.00 56.92 57.68 54.80 49055
20150608 57.00 54.60 58.08 52.00 54852
20150609 53.02 55.80 57.12 52.52 50620
20150610 54.88 59.03 60.88 54.00 67266
20150611 58.14 63.88 64.14 58.01 85001
20150612 63.99 65.99 68.95 61.90 69969
20150615 64.40 59.48 65.90 59.39 62814
20150616 57.00 56.07 59.60 55.00 33429
20150617 56.56 56.49 57.98 52.50 28192
20150618 56.47 51.57 56.47 51.50 29597
20150619 49.10 46.41 50.20 46.41 27283
20150623 45.01 45.82 47.70 42.06 41402
20150624 46.69 45.01 48.00 43.65 48854
20150625 44.50 40.52 44.86 40.51 46912
20150626 39.00 36.47 39.50 36.47 30040
20150629 38.10 32.82 38.10 32.82 32958
20150630 30.91 34.12 34.40 29.54 70945
20150701 33.50 30.71 35.29 30.71 59323
20150702 29.60 27.64 30.00 27.64 51183
20150703 25.61 24.88 27.82 24.88 67847
20150706 27.37 22.51 27.37 22.39 79005
20150707 20.26 20.26 21.49 20.26 34708
20150713 22.29 22.29 22.29 22.29 1423
20150714 24.52 24.52 24.52 24.52 491
20150715 26.97 26.36 26.97 25.50 148405
20150716 23.90 27.07 28.10 23.90 91037
20150717 27.11 29.78 29.78 27.11 78013
20150720 30.37 30.74 31.69 28.80 85585
20150721 29.95 30.85 31.80 28.80 60958
20150722 30.60 31.65 31.75 30.00 68520
20150723 31.69 34.82 34.82 31.16 77445
20150724 36.00 34.52 37.26 33.40 94360
20150727 33.87 31.07 35.18 31.07 58357
20150728 27.98 28.11 32.00 27.96 64600
20150729 29.10 30.53 30.91 27.00 56824
20150730 28.17 30.50 33.10 28.17 76282
