20140102 14.90 14.71 14.91 14.66 7510
20140103 14.72 14.46 14.82 14.42 5795
20140106 14.80 14.47 14.80 14.43 4216
20140107 14.57 14.63 14.65 14.45 3279
20140108 14.65 14.73 14.90 14.58 5384
20140109 14.90 14.66 14.90 14.60 4852
20140110 14.66 14.65 14.75 14.55 3927
20140113 14.65 14.84 14.92 14.61 6619
20140114 14.82 15.06 15.10 14.76 10350
20140115 15.11 15.03 15.13 14.94 8157
20140116 14.98 14.97 15.10 14.94 4993
20140117 14.97 15.04 15.08 14.91 4158
20140120 14.97 14.97 15.26 14.90 4290
20140121 15.13 15.16 15.25 14.91 11087
20140122 15.10 15.71 15.80 15.10 50204
20140123 15.65 15.47 15.76 15.39 28242
20140124 15.40 15.28 15.45 15.25 18176
20140127 15.29 15.26 15.39 15.20 8835
20140128 15.26 15.23 15.35 14.96 9480
20140129 15.26 15.16 15.28 15.15 5254
20140130 15.12 15.10 15.24 15.07 3254
20140207 15.01 15.28 15.33 15.01 4087
20140210 15.34 15.55 15.59 15.28 16785
20140211 15.55 15.46 15.55 15.30 9860
20140212 15.46 15.66 15.68 15.32 12397
20140213 15.68 15.47 15.68 15.43 11368
20140214 15.58 15.56 15.68 15.47 12374
20140217 15.60 15.83 15.84 15.53 17153
20140218 15.85 15.57 15.85 15.53 15824
20140219 15.51 15.49 15.59 15.20 10822
20140220 15.49 15.22 15.55 15.20 9702
20140221 15.19 15.27 15.35 15.17 3821
20140224 15.27 15.19 15.27 15.03 3675
20140225 15.16 14.76 15.29 14.75 6938
20140226 14.96 15.59 16.24 14.96 51450
20140227 15.40 15.33 15.80 15.29 20803
20140228 15.33 15.41 15.51 15.09 11531
20140303 15.54 15.56 15.58 15.21 9910
20140304 15.51 15.78 15.85 15.44 15124
20140305 15.80 15.65 15.80 15.60 7782
20140306 15.70 15.70 15.75 15.53 6193
20140307 15.72 15.62 15.78 15.52 6687
20140310 15.50 15.55 15.75 15.33 11248
20140311 15.51 15.91 15.93 15.47 18347
20140312 15.92 15.66 15.98 15.53 10608
20140313 15.65 15.60 15.77 15.55 8200
20140314 15.61 15.90 15.94 15.60 12970
20140317 15.93 16.02 16.06 15.75 20485
20140318 16.02 15.75 16.07 15.65 14542
20140319 15.69 15.85 15.86 15.65 8614
20140320 15.85 15.66 16.06 15.65 16073
20140321 15.60 15.81 15.83 15.27 13526
20140324 15.81 15.87 15.89 15.63 7431
20140325 15.95 15.86 15.97 15.70 5397
20140326 15.94 15.51 15.94 15.41 13792
20140327 15.53 15.47 15.55 15.38 5659
20140328 15.37 15.38 15.49 15.31 5779
20140331 15.32 15.41 15.52 15.32 3732
20140401 15.38 15.59 15.61 15.38 3243
20140402 15.59 15.57 15.69 15.47 2972
20140403 15.63 15.53 15.63 15.47 3242
20140404 15.61 15.68 15.70 15.50 6544
20140408 15.66 15.79 15.88 15.59 18403
20140409 15.72 15.71 15.80 15.45 7123
20140410 15.74 15.63 15.75 15.62 6735
20140411 15.60 15.43 15.63 15.34 11381
20140414 15.36 15.78 15.82 15.34 7767
20140415 15.46 15.36 15.60 15.28 9193
20140416 15.29 15.34 15.35 15.15 5276
20140417 15.31 15.40 15.49 15.31 4523
20140418 15.48 15.44 15.50 15.38 2809
20140421 15.39 15.56 15.65 15.35 7637
20140422 15.56 15.73 15.85 15.53 28419
20140423 15.79 15.82 15.95 15.65 18341
20140424 15.72 15.72 15.84 15.66 9783
20140425 15.71 15.36 15.79 15.28 8590
20140428 15.21 14.85 15.32 14.68 7033
20140429 14.71 15.12 15.20 14.70 8253
20140430 15.03 15.20 15.32 14.90 5567
20140505 15.15 15.59 15.61 15.06 6171
20140506 15.50 15.63 15.74 15.45 5740
20140507 15.60 15.95 15.98 15.55 22009
20140508 15.84 16.15 16.19 15.80 38514
20140509 16.10 16.05 16.20 15.84 16530
20140512 15.93 16.32 16.37 15.93 30213
20140513 16.32 15.89 16.32 15.86 12736
20140514 15.92 16.06 16.10 15.85 14118
20140515 15.98 16.01 16.19 15.83 13827
20140516 16.00 16.10 16.23 15.85 19943
20140519 16.10 16.73 16.85 16.07 67441
20140520 16.70 16.84 16.89 16.45 59667
20140521 16.70 16.70 16.80 16.44 35939
20140522 16.60 16.35 16.78 16.34 30412
20140523 16.33 16.44 16.48 16.10 17561
20140526 16.35 16.77 16.79 16.34 29733
20140527 16.75 16.65 16.87 16.51 19637
20140528 16.65 16.61 16.74 16.39 11484
20140529 16.54 16.55 16.81 16.37 8638
20140530 16.40 16.45 16.55 16.38 8007
20140603 16.45 16.49 16.62 16.40 11618
20140604 16.47 16.20 16.50 16.10 10882
20140605 16.22 16.29 16.40 16.21 12382
20140606 16.30 16.48 16.49 16.23 18217
20140609 16.43 16.39 16.65 16.21 17063
20140610 16.37 16.58 16.67 16.22 22566
20140611 16.58 16.78 16.82 16.46 25485
20140612 16.82 16.69 16.82 16.50 16060
20140613 16.66 16.97 17.10 16.60 48241
20140616 16.99 17.11 17.31 16.82 49374
20140617 16.73 16.50 16.98 16.48 25103
20140618 16.48 16.24 16.60 16.05 18341
20140619 16.22 16.25 16.50 16.10 18003
20140620 16.23 16.31 16.38 16.21 18157
20140623 16.31 16.40 16.70 16.20 18049
20140624 16.47 16.34 16.55 16.23 13050
20140625 16.34 16.35 16.49 16.25 16012
20140626 16.34 16.49 16.65 16.30 21885
20140627 16.45 16.73 16.90 16.38 35916
20140630 16.90 16.74 17.20 16.53 20184
20140701 16.66 16.91 16.98 16.65 27735
20140702 16.91 16.92 17.25 16.57 28263
20140703 17.29 17.10 17.79 16.92 36535
20140704 16.88 17.15 17.24 16.85 27717
20140707 17.05 17.14 17.20 16.88 25777
20140708 17.14 16.88 17.14 16.74 21680
20140709 16.87 16.44 16.90 16.43 17610
20140710 16.46 16.80 16.93 16.42 19890
20140711 16.77 16.75 16.90 16.70 10301
20140714 16.76 17.30 17.36 16.76 48648
20140715 17.28 17.08 17.29 16.98 20040
20140716 16.97 16.74 17.11 16.64 16857
20140717 16.72 16.67 16.80 16.56 10265
20140718 16.66 16.70 16.82 16.66 9605
20140721 16.72 16.38 16.75 16.25 13773
20140722 16.36 16.54 16.61 16.35 14915
20140723 16.51 16.60 16.68 16.39 18436
20140724 16.58 16.50 16.65 16.43 14128
20140725 16.50 16.68 16.72 16.47 23874
20140728 16.63 16.93 16.99 16.60 33887
20140729 16.95 16.92 17.06 16.72 21978
20140730 16.99 16.77 16.99 16.68 15361
20140731 16.80 17.03 17.08 16.73 17520
20140801 17.02 16.64 17.02 16.62 15748
20140804 16.61 16.86 16.89 16.60 12868
20140805 16.95 16.90 16.95 16.75 12263
20140806 16.88 17.09 17.10 16.62 17057
20140807 17.06 16.81 17.16 16.79 11384
20140808 16.79 17.23 17.32 16.79 23461
20140811 17.31 17.32 17.39 17.13 15906
20140812 17.36 17.28 17.45 17.20 12564
20140813 17.26 17.34 17.60 17.19 17456
20140814 17.49 17.06 17.49 17.04 13599
20140815 17.08 17.15 17.21 16.90 12069
20140818 17.15 17.29 17.34 17.15 15015
20140819 17.22 17.06 17.23 16.96 18493
20140820 17.01 17.05 17.21 16.90 13050
20140821 17.05 16.97 17.12 16.77 12073
20140822 16.97 17.08 17.10 16.81 11063
20140825 16.97 17.20 17.54 16.95 16591
20140826 17.20 16.74 17.37 16.73 16848
20140827 16.70 16.79 16.84 16.66 6060
20140828 16.74 16.63 16.94 16.61 6502
20140829 16.62 16.72 16.75 16.59 5171
20140901 16.75 16.98 17.01 16.63 10531
20140902 17.09 17.08 17.11 16.94 11827
20140903 17.11 17.15 17.30 17.07 15894
20140904 17.40 17.28 17.40 17.16 14082
20140905 17.34 17.50 17.54 17.16 19208
20140909 17.52 17.81 18.18 17.43 31743
20140910 17.81 17.74 17.86 17.60 14103
20140911 17.80 17.51 17.98 17.41 21796
20140912 17.51 17.66 17.67 17.39 12164
20140915 17.68 17.90 17.99 17.68 18404
20140916 17.88 17.29 17.97 17.11 20338
20140917 17.10 17.62 17.80 17.10 14196
20140918 17.65 18.18 18.19 17.53 24878
20140919 18.35 18.10 18.40 18.04 16733
20140922 18.10 17.77 18.12 17.65 11742
20140923 17.72 17.97 18.05 17.72 9385
20140924 17.97 18.16 18.21 17.81 15772
20140925 18.20 18.00 18.28 17.90 13558
20140926 18.05 17.93 18.10 17.88 11689
20140929 17.93 18.78 18.88 17.93 26354
20140930 18.78 18.67 18.86 18.40 15242
20141008 18.58 19.58 19.80 18.58 38290
20141009 19.58 19.84 20.08 19.23 31297
20141010 19.74 19.54 19.83 19.38 16699
20141013 19.48 19.36 19.59 19.00 19525
20141014 19.34 19.55 19.59 19.10 10594
20141015 19.55 18.85 19.55 18.61 33815
20141016 18.70 18.59 19.01 18.51 15113
20141017 18.67 18.75 18.88 18.10 18940
20141020 18.70 18.85 18.85 18.53 11126
20141021 18.85 18.56 19.06 18.55 10921
20141022 18.45 18.35 18.60 18.25 10119
20141023 18.25 17.81 18.33 17.73 10036
20141024 17.82 17.93 17.98 17.73 6423
20141027 17.98 18.13 18.17 17.75 6186
20141028 18.13 18.55 18.60 18.10 12151
20141029 18.56 18.75 18.88 18.40 16604
20141030 18.70 18.52 18.78 18.42 16016
20141031 18.55 18.60 18.65 18.25 14058
20141103 18.70 18.84 19.08 18.70 12196
20141104 18.84 18.90 19.05 18.80 9490
20141105 19.02 19.10 19.14 18.77 11790
20141106 19.10 19.29 19.39 18.91 11665
20141107 19.29 19.15 19.60 19.04 15232
20141110 19.10 19.37 19.59 18.81 15448
20141111 19.48 19.50 19.90 19.01 55020
20141112 19.44 20.40 20.47 19.29 65879
20141113 20.38 20.37 20.65 19.81 41516
20141114 20.50 20.73 20.98 19.95 66046
20141117 20.74 20.41 21.60 20.32 50351
20141118 20.18 21.12 21.15 19.60 75014
20141119 21.06 21.44 21.55 20.91 73396
20141120 21.70 21.20 21.70 21.03 18977
20141121 21.10 23.17 23.29 20.70 104369
20141124 23.10 24.86 25.00 22.69 94878
20141125 24.10 23.76 25.00 23.22 128511
20141126 23.59 22.61 23.59 22.51 69661
20141127 22.41 22.64 22.83 22.23 45574
20141128 22.48 21.86 22.60 21.76 48723
20141201 21.65 21.85 21.97 21.39 31939
20141202 21.60 21.88 22.10 21.60 27369
20141203 21.88 22.70 22.80 21.47 61722
20141204 22.71 22.32 22.73 22.19 53763
20141205 22.28 20.69 22.28 20.42 54749
20141208 20.50 20.63 20.95 20.50 25005
20141209 20.39 19.27 20.39 19.25 38844
20141210 19.18 20.09 20.12 19.18 20474
20141211 20.03 20.08 20.10 19.75 17276
20141212 20.10 20.48 20.71 20.10 18652
20141215 20.48 20.63 20.76 20.40 14678
20141216 20.67 20.34 20.67 20.26 16642
20141217 20.33 19.82 20.33 19.69 16840
20141218 19.62 19.76 20.20 19.62 12503
20141219 20.06 19.11 20.06 18.85 19644
20141222 19.13 17.97 19.15 17.84 19687
20141223 17.97 18.24 18.66 17.86 10795
20141224 18.30 18.94 18.99 18.30 11965
20141225 18.97 18.99 19.08 18.76 9615
20141226 19.15 19.12 19.56 19.01 17759
20141229 19.14 18.70 19.20 18.64 13389
20141230 18.60 18.50 18.83 18.35 11831
20141231 18.49 18.90 18.91 18.31 9280
20150105 19.08 19.64 19.69 18.70 24992
20150106 19.40 19.56 19.70 19.23 13875
20150107 19.41 19.34 19.78 19.28 16293
20150108 19.16 19.05 19.39 18.90 10110
20150109 19.05 19.14 19.34 19.05 9061
20150112 19.17 18.55 19.17 18.42 7797
20150113 18.36 18.69 18.70 18.36 7472
20150114 18.68 18.45 18.70 18.42 7096
20150115 18.49 18.66 18.78 18.43 7209
20150116 18.68 18.81 18.90 18.68 7427
20150119 18.35 18.02 18.75 17.91 11598
20150120 18.34 18.75 18.79 18.08 10813
20150121 18.75 19.40 19.69 18.70 24912
20150122 19.44 19.68 19.76 19.35 18689
20150123 19.60 19.24 19.75 19.21 14359
20150126 19.31 19.70 19.71 19.15 12552
20150127 19.70 20.23 20.48 19.70 25502
20150128 20.38 19.92 20.38 19.84 13376
20150129 19.81 19.52 19.90 19.36 12574
20150130 19.51 19.48 19.64 19.36 7258
20150202 19.25 19.47 19.60 19.07 6859
20150203 19.65 19.61 19.68 19.38 7759
20150204 19.64 19.45 19.72 19.37 7632
20150205 19.46 19.32 19.58 19.25 8301
20150206 19.17 18.54 19.29 18.48 8937
20150209 18.55 18.40 18.60 18.16 4821
20150210 18.47 18.70 18.77 18.22 4548
20150211 18.69 18.65 18.90 18.62 4877
20150212 18.67 18.91 18.97 18.67 4315
20150213 18.91 19.39 19.41 18.91 7378
20150216 19.43 19.50 19.58 19.33 6608
20150217 19.51 19.56 19.73 19.50 6840
20150225 19.55 19.19 19.56 19.13 6085
20150226 19.23 19.60 19.61 19.23 7837
20150227 19.50 19.83 19.93 19.50 11136
20150302 19.86 20.25 20.26 19.85 16743
20150303 20.20 19.92 20.20 19.80 16088
20150304 19.98 20.20 20.25 19.94 14763
20150305 20.20 20.07 20.35 19.90 15213
20150306 20.07 20.75 21.20 19.80 33877
20150309 20.62 20.48 20.64 20.12 16608
20150310 20.40 20.69 20.80 20.32 15418
20150311 20.89 20.65 21.00 20.42 14010
20150312 20.60 20.37 20.79 20.20 13611
20150313 20.37 20.46 20.63 20.36 10339
20150316 20.53 20.84 20.88 20.53 16850
20150317 20.91 21.13 21.45 20.90 29165
20150318 21.24 21.49 21.51 21.00 28036
20150319 21.48 21.53 21.80 21.15 26059
20150320 21.47 21.95 22.09 21.38 25520
20150323 21.95 22.67 22.72 21.80 36591
20150324 22.70 21.89 22.70 21.40 40080
20150325 21.60 21.98 22.11 21.60 25392
20150326 21.85 22.20 22.38 21.68 26191
20150327 22.29 22.13 22.46 21.98 19024
20150330 22.08 22.20 22.37 22.01 24957
20150331 22.23 22.16 22.47 22.05 28803
20150401 22.10 22.92 23.20 22.06 38185
20150402 23.00 23.22 23.26 22.51 33319
20150403 23.00 23.73 23.87 22.88 37278
20150407 23.76 23.94 24.51 23.75 37241
20150408 23.98 23.37 24.08 23.01 30188
20150409 23.37 22.60 23.47 22.15 28491
20150410 22.59 23.46 23.48 22.41 24461
20150413 23.45 23.92 24.17 23.42 28642
20150414 23.72 24.02 24.46 23.71 34358
20150415 23.94 23.18 24.24 22.88 27307
20150416 23.20 23.29 23.77 22.81 24403
20150417 23.37 24.49 24.76 23.37 43439
20150420 24.31 23.76 24.98 23.67 46893
20150421 22.97 23.56 23.60 22.60 44459
20150422 23.60 23.93 24.06 23.60 41445
20150423 23.80 24.21 24.77 23.64 47277
20150424 24.16 24.30 24.66 23.80 44667
20150427 24.25 24.38 24.95 24.20 42221
20150428 24.35 23.71 24.88 23.61 40097
20150429 23.72 25.09 25.38 23.30 63620
20150430 25.00 24.21 25.33 24.16 44893
20150504 24.13 24.61 24.64 23.59 24573
20150505 24.51 23.91 24.53 23.35 31111
20150506 23.85 23.39 24.20 22.67 24390
20150507 23.01 22.58 23.44 22.51 15622
20150508 23.00 23.25 23.39 22.80 17406
20150511 23.60 24.51 24.55 23.31 33637
20150512 24.51 24.70 24.95 24.41 29025
20150513 24.70 26.92 27.16 24.31 61536
20150514 26.65 27.07 27.17 26.25 42355
20150515 26.88 27.03 27.95 26.80 36227
20150518 27.30 27.91 28.33 26.66 47926
20150519 28.08 28.28 29.50 27.78 44974
20150520 28.01 27.99 28.05 27.00 54819
20150521 27.68 28.22 28.77 27.60 29914
20150522 28.50 28.15 28.65 27.33 35598
20150525 28.27 29.04 29.44 28.01 46257
20150526 29.15 30.63 30.87 28.90 43128
20150527 30.85 30.88 31.69 30.50 35317
20150528 30.70 27.94 31.61 27.80 48677
20150529 28.00 27.98 28.68 26.94 38409
20150601 28.25 29.56 29.61 27.80 29815
20150602 29.39 32.10 32.52 29.39 72934
20150603 33.24 34.38 35.31 33.24 88873
20150604 33.30 34.11 34.18 30.94 66155
20150605 34.34 34.58 35.88 33.68 66267
20150608 34.49 32.70 34.50 32.31 50516
20150609 32.62 33.04 33.63 32.10 31473
20150610 32.80 33.24 33.66 32.45 27427
20150611 33.23 35.44 35.58 32.78 46078
20150612 35.39 35.65 36.51 35.03 50780
20150615 35.02 35.69 37.50 35.02 46470
20150616 35.00 33.80 35.50 33.10 40622
20150617 33.77 33.70 34.18 31.81 29517
20150618 33.75 32.02 34.76 31.86 30150
20150619 32.00 29.11 32.00 28.85 28175
20150623 29.00 29.69 30.47 27.21 26672
20150624 30.05 30.99 31.00 30.05 30972
20150625 30.90 29.00 31.46 29.00 30370
20150626 27.80 26.10 28.50 26.10 33503
20150629 27.30 23.51 27.30 23.49 44469
20150630 23.15 25.70 25.71 22.03 42671
20150701 25.60 24.37 27.15 24.00 46013
20150702 24.41 22.40 25.28 21.93 38960
20150703 22.10 21.07 23.70 20.16 38597
20150706 23.18 19.03 23.18 18.96 45438
20150707 18.01 17.13 18.36 17.13 22535
20150708 15.42 15.42 15.42 15.42 6370
20150709 13.89 16.96 16.96 13.89 46265
20150710 17.55 18.66 18.66 17.55 29176
20150713 19.96 20.53 20.53 19.00 50095
20150714 21.00 20.76 22.25 20.10 72552
20150715 19.99 18.68 20.48 18.68 40297
20150716 17.55 19.04 19.78 17.54 41296
20150717 19.03 20.15 20.70 19.03 33934
20150720 20.15 20.36 20.88 19.88 36134
20150721 20.04 20.39 20.76 19.80 28548
20150722 20.70 21.02 21.46 20.35 41566
20150723 21.00 22.10 22.16 20.80 45537
20150724 21.99 21.48 22.53 21.20 57651
20150727 20.70 19.33 21.34 19.33 40081
20150728 18.40 19.83 20.59 17.40 60584
20150729 19.71 20.75 20.79 18.58 35948
20150730 20.61 19.92 20.96 19.80 30498
