20140102 7.90 8.07 8.14 7.90 29695
20140103 8.07 7.82 8.07 7.80 41116
20140106 7.72 7.51 7.72 7.48 38763
20140107 7.53 7.60 7.66 7.50 22137
20140108 7.62 7.56 7.71 7.50 25373
20140109 7.51 7.29 7.58 7.21 41128
20140110 7.30 7.31 7.36 7.12 30010
20140113 7.28 7.27 7.49 7.20 26490
20140114 7.30 7.37 7.38 7.20 21118
20140115 7.34 7.36 7.39 7.25 25242
20140116 7.35 7.36 7.46 7.30 18125
20140117 7.32 7.22 7.38 7.20 19728
20140120 7.21 6.91 7.27 6.90 35920
20140121 6.95 7.01 7.11 6.95 23819
20140122 7.05 7.30 7.31 7.02 34259
20140123 7.30 7.30 7.37 7.22 32299
20140124 7.30 7.38 7.41 7.25 27652
20140127 7.36 7.45 7.50 7.34 25452
20140128 7.48 7.39 7.50 7.35 25479
20140129 7.47 7.40 7.50 7.33 30027
20140130 7.41 7.37 7.41 7.35 13101
20140207 7.37 7.47 7.48 7.29 19259
20140210 7.47 7.74 7.77 7.47 45904
20140211 7.74 7.70 7.78 7.64 32908
20140212 7.73 7.84 7.85 7.65 43596
20140213 7.84 7.63 7.84 7.63 53221
20140214 7.62 7.74 7.76 7.62 26403
20140217 7.82 7.95 7.98 7.81 56672
20140218 8.00 7.87 8.00 7.82 45686
20140219 7.85 7.81 7.92 7.76 38771
20140220 7.83 7.70 7.89 7.66 35807
20140221 7.70 7.67 7.74 7.64 23461
20140224 7.70 7.77 7.78 7.54 35305
20140225 7.80 7.63 7.90 7.58 51387
20140226 7.55 7.62 7.65 7.51 22587
20140227 7.63 8.38 8.38 7.63 190963
20140228 8.38 8.57 8.62 8.26 190754
20140303 8.57 8.63 8.75 8.41 121341
20140304 8.47 8.36 8.47 8.22 134576
20140305 8.36 8.34 8.56 8.25 89955
20140306 8.25 8.37 8.47 8.11 73398
20140307 8.32 8.07 8.37 8.05 77173
20140310 8.00 7.58 8.00 7.55 75869
20140311 7.58 7.55 7.63 7.43 41986
20140312 7.48 7.68 7.68 7.48 39734
20140313 7.65 7.66 7.75 7.60 32633
20140314 7.63 7.53 7.63 7.46 29188
20140317 7.57 7.66 7.66 7.51 29323
20140318 7.66 7.59 7.72 7.58 39355
20140319 7.61 7.61 7.62 7.48 32879
20140320 7.56 7.30 7.63 7.27 32644
20140321 7.30 7.46 7.47 7.10 40742
20140324 7.46 7.47 7.54 7.41 30529
20140325 7.42 7.57 7.62 7.41 25004
20140326 7.60 7.51 7.61 7.50 20731
20140327 7.51 7.45 7.60 7.38 32357
20140328 7.40 7.29 7.47 7.28 28435
20140331 7.26 7.36 7.39 7.24 22624
20140401 7.37 7.48 7.51 7.36 15120
20140402 7.48 7.52 7.55 7.46 19179
20140403 7.55 7.54 7.56 7.47 19980
20140404 7.37 7.52 7.52 7.32 14533
20140408 7.50 7.58 7.59 7.43 25753
20140409 7.60 7.59 7.68 7.56 27017
20140410 7.60 7.60 7.65 7.52 30280
20140411 7.56 7.51 7.58 7.45 24506
20140414 7.53 7.54 7.55 7.48 17682
20140415 7.54 7.54 7.62 7.52 24250
20140416 7.54 7.76 7.84 7.53 63851
20140417 7.79 7.64 7.84 7.63 35985
20140418 7.64 7.68 7.71 7.54 17912
20140421 7.66 7.45 7.67 7.44 25667
20140422 7.35 7.32 7.43 7.25 26556
20140423 7.32 7.29 7.39 7.28 12029
20140424 7.27 7.21 7.34 7.20 16196
20140425 7.18 7.13 7.26 7.11 14767
20140428 7.10 6.95 7.14 6.94 17279
20140429 6.85 6.95 6.98 6.84 19701
20140430 6.94 6.96 6.99 6.90 12840
20140505 6.96 6.90 6.97 6.86 13120
20140506 6.95 6.96 7.02 6.91 13460
20140507 6.95 6.71 6.95 6.70 21037
20140508 6.71 6.74 6.79 6.65 19057
20140509 6.76 6.57 6.76 6.48 21437
20140512 6.59 6.78 6.79 6.58 21238
20140513 6.78 6.75 6.81 6.71 15643
20140514 6.82 6.86 6.89 6.76 15607
20140515 6.85 6.66 6.86 6.65 9853
20140516 6.63 6.86 6.96 6.61 21707
20140519 6.86 6.79 6.86 6.73 11727
20140520 6.80 6.82 6.92 6.78 8788
20140521 6.77 6.86 6.87 6.70 7215
20140522 6.84 6.81 6.92 6.79 8776
20140523 6.82 6.86 6.87 6.74 7325
20140526 6.90 6.86 6.91 6.84 13791
20140527 6.86 6.85 6.88 6.80 11729
20140528 6.84 6.85 6.87 6.77 15224
20140529 6.85 6.79 6.94 6.78 15317
20140530 6.73 6.86 6.87 6.73 11965
20140603 6.86 6.87 6.90 6.85 17525
20140604 6.90 6.86 6.90 6.75 13614
20140605 6.85 7.04 7.10 6.79 50101
20140606 6.98 6.98 7.06 6.95 23136
20140609 6.96 7.00 7.03 6.94 16169
20140610 7.03 7.08 7.09 6.94 46474
20140611 7.07 7.09 7.12 6.99 38052
20140612 7.08 7.00 7.08 7.00 37068
20140613 7.00 7.12 7.18 6.95 86459
20140616 7.15 7.16 7.18 7.07 32572
20140617 7.17 7.31 7.32 7.11 85076
20140618 7.28 7.12 7.36 7.08 49879
20140619 7.10 6.85 7.15 6.80 26254
20140620 6.86 6.94 6.95 6.75 17011
20140623 6.94 6.98 7.02 6.94 11646
20140624 6.94 7.20 7.23 6.93 66385
20140625 7.15 7.04 7.17 7.02 21934
20140626 7.02 7.17 7.18 7.01 52544
20140627 7.15 7.11 7.16 7.09 37922
20140630 7.10 7.16 7.17 7.07 22254
20140701 7.15 7.16 7.21 7.11 24351
20140702 7.15 7.17 7.18 7.09 25134
20140703 7.16 7.17 7.21 7.13 24091
20140704 7.15 7.18 7.21 7.15 15856
20140707 7.17 7.19 7.23 7.12 20874
20140708 7.18 7.28 7.30 7.17 49249
20140709 7.25 7.13 7.30 7.11 30008
20140710 7.10 7.11 7.16 7.08 18645
20140711 7.11 7.15 7.17 7.09 24710
20140714 7.15 7.19 7.20 7.12 27145
20140715 7.23 7.29 7.30 7.21 39835
20140716 7.30 7.24 7.39 7.18 41629
20140717 7.28 7.21 7.28 7.11 24816
20140718 7.16 7.14 7.22 7.12 16382
20140721 7.14 7.15 7.19 7.11 11718
20140722 7.15 7.16 7.19 7.12 20720
20140723 7.16 7.04 7.18 7.01 27679
20140724 7.03 7.05 7.09 6.95 25247
20140725 7.00 7.08 7.10 6.99 21211
20140728 7.08 7.21 7.21 7.08 36349
20140729 7.22 7.25 7.26 7.17 39123
20140730 7.24 7.23 7.25 7.19 31071
20140731 7.22 7.34 7.37 7.19 51256
20140801 7.32 7.21 7.34 7.20 38577
20140804 7.26 7.36 7.36 7.20 47751
20140805 7.37 7.34 7.37 7.28 48238
20140806 7.31 7.33 7.34 7.25 30756
20140807 7.28 7.24 7.33 7.21 39840
20140808 7.22 7.34 7.35 7.21 38737
20140811 7.39 7.41 7.50 7.35 73916
20140812 7.41 7.38 7.43 7.32 32906
20140813 7.38 7.35 7.41 7.29 44706
20140814 7.34 7.34 7.39 7.30 30622
20140815 7.32 7.38 7.39 7.30 34014
20140820 8.09 7.72 8.09 7.64 225430
20140821 7.68 7.60 7.72 7.47 111643
20140822 7.64 7.60 7.64 7.50 61249
20140825 7.58 7.58 7.65 7.51 55256
20140826 7.61 7.42 7.63 7.40 53505
20140827 7.41 7.50 7.51 7.40 36842
20140828 7.50 7.42 7.55 7.40 31125
20140829 7.42 7.47 7.48 7.38 30016
20140901 7.48 7.56 7.57 7.44 40830
20140902 7.55 7.66 7.66 7.55 66597
20140903 7.66 7.69 7.69 7.61 52029
20140904 7.68 7.70 7.71 7.62 50016
20140905 7.70 7.69 7.73 7.65 46692
20140909 7.69 7.71 7.73 7.63 51431
20140910 7.66 7.67 7.69 7.64 44280
20140911 7.66 7.75 7.82 7.65 84477
20140912 7.75 7.84 7.84 7.70 68148
20140915 7.84 7.96 8.04 7.80 78545
20140916 7.96 7.69 7.99 7.65 82527
20140917 7.70 7.69 7.73 7.56 40225
20140918 7.66 7.70 7.75 7.63 42294
20140919 7.70 7.73 7.73 7.62 42110
20140922 7.73 7.74 7.76 7.64 46329
20140923 7.75 7.88 7.92 7.72 73924
20140924 7.84 7.99 8.04 7.82 72449
20140925 8.04 7.95 8.07 7.90 69399
20140926 7.94 7.98 8.00 7.87 48676
20140929 8.02 8.10 8.20 8.01 55958
20140930 8.12 8.07 8.14 8.00 64031
20141008 8.07 8.11 8.12 8.03 57792
20141009 8.09 8.03 8.13 7.94 62172
20141010 8.00 7.92 8.00 7.90 57504
20141013 7.91 8.04 8.04 7.87 45463
20141014 8.01 8.01 8.10 7.93 53928
20141015 8.01 8.02 8.03 7.92 40370
20141016 7.99 8.10 8.25 7.94 106289
20141017 8.06 7.99 8.20 7.73 80632
20141020 7.97 7.99 8.00 7.90 36111
20141021 8.00 8.16 8.20 7.94 88336
20141022 8.17 8.07 8.25 7.98 74260
20141023 8.03 7.80 8.03 7.70 78015
20141024 7.74 7.76 7.80 7.70 34825
20141027 7.71 7.77 7.78 7.64 34348
20141028 7.78 7.89 7.89 7.71 52745
20141029 7.91 7.98 7.99 7.85 70388
20141030 7.98 8.20 8.24 7.94 110033
20141031 8.12 8.16 8.27 8.08 97770
20141103 8.20 8.28 8.28 8.15 93165
20141104 8.28 8.21 8.44 8.19 95448
20141105 8.18 8.18 8.24 8.11 46278
20141106 8.18 8.23 8.25 8.09 57782
20141107 8.22 8.07 8.30 8.03 71538
20141110 8.09 8.17 8.18 8.06 43491
20141111 8.17 7.95 8.22 7.85 66300
20141112 7.83 8.02 8.03 7.83 35337
20141113 8.03 7.92 8.03 7.85 43098
20141114 7.89 7.86 7.90 7.72 37832
20141117 7.88 7.95 7.96 7.82 36178
20141118 7.94 7.97 7.98 7.88 28818
20141119 7.97 7.93 8.00 7.88 40329
20141120 7.92 7.93 7.95 7.86 30808
20141121 7.92 7.91 7.94 7.81 54827
20141124 8.01 8.05 8.08 7.95 91758
20141125 8.03 8.12 8.15 8.00 79836
20141126 8.13 8.12 8.23 8.04 65286
20141127 8.18 8.23 8.29 8.12 117154
20141128 8.24 8.16 8.25 8.08 84764
20141201 8.16 8.08 8.18 8.01 80743
20141202 8.10 8.31 8.42 8.05 172419
20141203 8.30 8.39 8.46 8.16 134814
20141204 8.40 8.63 8.74 8.40 169413
20141205 8.64 8.30 8.67 8.10 125315
20141208 8.25 8.42 8.50 8.13 134418
20141209 8.40 8.07 8.49 8.05 129343
20141210 8.05 8.23 8.24 8.02 83896
20141211 8.22 8.46 8.46 8.13 103255
20141212 8.41 8.69 8.70 8.37 122871
20141215 8.69 8.75 8.86 8.58 111672
20141216 8.70 8.73 8.75 8.55 65696
20141217 8.72 8.52 8.72 8.41 63766
20141218 8.52 9.14 9.37 8.46 190287
20141219 9.02 9.16 9.37 8.86 149236
20141222 9.17 8.62 9.20 8.50 134251
20141223 8.59 8.31 8.72 8.29 74530
20141224 8.33 8.65 8.70 8.32 65598
20141225 8.66 8.86 8.88 8.55 71519
20141226 8.86 8.81 8.88 8.72 61244
20141229 8.74 8.60 8.84 8.52 59783
20141230 8.51 8.51 8.69 8.41 63532
20141231 8.51 8.52 8.63 8.36 36263
20150105 8.50 8.86 8.86 8.46 89905
20150106 8.78 8.89 8.94 8.71 75463
20150107 8.90 8.85 8.98 8.74 53109
20150108 8.86 8.61 8.90 8.56 57281
20150109 8.63 8.48 8.66 8.46 49678
20150112 8.46 8.14 8.46 8.11 61248
20150113 8.10 8.25 8.26 8.10 24816
20150114 8.26 8.14 8.28 8.08 39673
20150115 8.16 8.30 8.32 8.14 26597
20150116 8.25 8.35 8.36 8.21 37088
20150119 8.16 7.88 8.27 7.78 53934
20150120 7.87 8.13 8.19 7.87 41158
20150121 8.07 8.31 8.33 8.04 51902
20150122 8.28 8.33 8.37 8.21 43130
20150123 8.32 8.20 8.32 8.15 45698
20150126 8.19 8.40 8.43 8.13 63129
20150127 8.44 8.54 8.55 8.37 102259
20150128 8.55 8.47 8.55 8.42 34960
20150129 8.40 8.48 8.52 8.31 42446
20150130 8.49 8.25 8.49 8.24 33016
20150202 8.20 8.15 8.20 8.06 37896
20150203 8.16 8.30 8.35 8.12 47290
20150204 8.28 8.31 8.35 8.20 37663
20150205 8.37 8.59 8.70 8.33 141507
20150206 8.55 8.70 8.84 8.43 183391
20150209 8.62 8.63 8.83 8.51 112463
20150210 8.53 8.53 8.73 8.47 84057
20150211 8.49 8.57 8.63 8.40 79503
20150212 8.59 8.62 8.62 8.50 52197
20150213 8.63 8.61 8.70 8.60 72049
20150216 8.59 8.74 8.77 8.56 79536
20150217 8.76 8.75 8.86 8.71 71533
20150225 8.73 8.61 8.81 8.56 56826
20150226 8.60 8.85 8.86 8.57 70798
20150227 8.85 8.88 8.89 8.77 59917
20150302 8.90 9.08 9.08 8.82 118928
20150303 9.05 9.06 9.10 8.93 102906
20150304 9.06 9.29 9.30 9.01 95497
20150305 9.22 9.08 9.28 9.03 99170
20150306 9.08 8.94 9.19 8.88 64225
20150309 8.89 9.00 9.03 8.77 49838
20150310 8.99 9.15 9.19 8.94 55019
20150311 9.15 9.03 9.18 8.95 42661
20150312 9.00 9.05 9.08 8.86 66992
20150313 9.05 9.14 9.16 9.00 48908
20150316 9.16 9.48 9.58 9.15 125189
20150317 9.44 9.46 9.56 9.35 117015
20150318 9.41 9.55 9.62 9.36 135885
20150319 9.62 9.83 10.11 9.59 178786
20150320 9.84 9.85 9.96 9.72 85437
20150323 9.91 9.99 10.08 9.86 93901
20150324 10.00 9.76 10.00 9.49 119982
20150325 9.76 10.02 10.04 9.60 102707
20150326 9.98 9.95 10.25 9.85 108104
20150327 9.96 10.05 10.07 9.81 80513
20150330 10.06 10.38 10.44 9.98 137225
20150331 10.44 10.37 10.57 10.20 103040
20150401 10.29 10.48 10.49 10.20 84651
20150402 10.49 10.79 10.80 10.43 117879
20150403 10.79 11.54 11.68 10.61 146422
20150407 11.65 12.41 12.69 11.46 197678
20150408 12.30 12.39 12.67 11.90 145743
20150409 12.37 12.17 12.39 11.50 140620
20150410 11.81 12.08 12.29 11.78 78635
20150413 12.06 12.37 12.52 11.79 103014
20150414 12.40 12.21 12.45 12.03 85486
20150415 12.19 11.47 12.19 11.36 101500
20150416 11.40 11.63 11.72 11.07 76524
20150417 11.62 11.97 12.50 11.55 162474
20150420 11.87 11.21 12.31 11.20 160528
20150421 11.21 11.49 11.53 11.15 83821
20150422 11.57 11.69 11.82 11.54 93542
20150423 11.71 11.79 12.00 11.67 102020
20150424 11.50 11.44 11.56 11.18 133174
20150427 11.44 11.46 11.50 11.19 204332
20150428 11.45 11.49 11.58 11.12 162870
20150429 11.49 11.48 11.49 11.14 277140
20150430 11.40 11.31 11.40 11.24 130665
20150504 11.27 11.70 11.73 11.22 187701
20150505 11.67 10.89 11.67 10.80 158051
20150506 10.86 10.45 11.06 10.28 99594
20150507 10.35 10.48 10.55 10.18 74774
20150508 10.58 10.52 10.69 10.35 108604
20150511 10.60 10.80 10.85 10.48 130429
20150512 10.79 10.94 10.98 10.70 136689
20150513 10.89 11.04 11.06 10.80 118446
20150514 11.00 10.84 11.04 10.70 192770
20150515 10.80 10.72 10.80 10.60 99509
20150518 10.72 10.89 10.93 10.54 205720
20150519 10.90 11.50 11.60 10.86 310501
20150520 11.53 11.47 11.68 11.35 275179
20150521 11.45 11.59 11.62 11.31 211621
20150522 11.70 11.84 11.86 11.48 292336
20150525 11.84 12.20 12.30 11.77 323914
20150526 12.20 12.68 12.80 11.91 488963
20150527 12.66 12.86 13.05 12.32 333485
20150528 12.86 11.61 12.94 11.57 370339
20150529 11.58 12.07 12.77 10.90 308819
20150601 12.10 12.98 13.11 11.99 485256
20150602 13.20 13.41 13.50 12.86 478535
20150603 13.42 13.60 13.88 12.92 396349
20150604 13.50 13.42 13.84 12.43 295105
20150605 13.41 13.41 13.80 13.01 346247
20150608 13.61 13.15 14.08 13.13 489249
20150609 13.28 13.44 13.55 13.11 308273
20150610 13.30 13.34 13.66 13.01 309758
20150611 13.39 14.28 14.38 13.22 439924
20150612 14.32 14.29 14.40 13.94 322783
20150615 14.60 14.62 15.43 14.48 451449
20150616 14.40 14.84 15.33 14.16 371208
20150617 14.92 14.40 15.17 13.39 395631
20150618 14.30 13.61 14.71 13.59 263929
20150619 13.17 12.91 13.51 12.40 207494
20150623 12.96 12.92 13.23 11.88 185657
20150624 13.00 13.29 13.38 12.78 215518
20150625 13.29 12.25 13.31 12.00 215919
20150626 12.01 11.03 12.01 11.03 198342
20150629 11.25 9.97 11.36 9.93 298448
20150630 10.05 10.73 10.80 9.04 357275
20150701 10.65 11.02 11.80 10.45 433093
20150702 10.60 9.92 10.90 9.92 286636
20150703 9.66 8.98 10.40 8.93 255313
20150706 9.88 8.26 9.88 8.08 329922
20150707 7.90 7.43 8.18 7.43 174569
20150708 6.69 6.69 6.88 6.69 196759
20150713 7.36 7.36 7.36 7.36 14765
20150714 8.10 8.10 8.10 8.10 5038
20150715 8.91 7.82 8.91 7.65 517187
20150716 7.45 8.13 8.23 7.32 286586
20150717 8.25 8.92 8.94 8.14 402659
20150720 9.10 9.60 9.80 8.93 399188
20150721 9.30 9.69 10.05 9.15 303011
20150722 9.68 9.95 10.32 9.56 291892
20150723 9.92 10.12 10.28 9.90 211041
20150724 10.12 9.65 10.15 9.47 245544
20150727 9.35 8.69 9.62 8.69 281175
20150728 8.01 8.38 8.70 7.82 382148
20150729 8.39 8.81 8.84 8.13 231880
20150730 8.72 8.56 9.05 8.40 200899
