20140102 17.40 17.37 17.52 17.11 36969
20140103 17.13 16.56 17.34 16.38 62830
20140106 16.56 15.08 16.56 15.00 95934
20140107 15.00 15.45 15.46 14.60 46185
20140108 15.59 15.34 15.59 14.98 45215
20140109 15.35 16.05 16.38 15.35 83325
20140110 15.96 16.00 16.20 15.61 34566
20140113 15.83 16.20 16.27 15.83 35348
20140114 16.28 17.07 17.36 16.08 44666
20140115 17.20 17.73 18.15 17.20 81782
20140116 17.78 17.22 18.36 17.20 73221
20140117 17.30 17.82 18.16 17.15 70530
20140120 17.90 17.32 18.33 17.27 55299
20140121 17.32 17.75 17.98 16.95 67436
20140122 18.30 19.53 19.53 18.30 140493
20140123 20.78 21.47 21.48 20.26 294421
20140124 21.00 21.53 21.65 20.90 153228
20140127 21.46 21.29 22.17 21.20 141358
20140128 20.97 21.08 21.89 20.92 102969
20140129 21.25 22.58 22.97 21.00 98515
20140130 22.26 21.25 22.47 21.02 85752
20140207 21.40 23.34 23.38 21.20 119185
20140210 23.00 24.17 25.00 22.92 144606
20140211 24.38 23.02 24.60 22.94 135972
20140212 23.31 22.39 23.50 22.08 142765
20140213 22.16 21.98 22.87 21.71 99652
20140214 21.92 22.99 23.00 21.92 100236
20140217 23.31 23.09 23.48 22.61 91862
20140218 22.98 21.99 22.98 21.80 104254
20140219 22.02 22.10 22.45 21.77 55770
20140220 22.23 22.54 23.18 22.23 117278
20140221 22.39 22.13 22.39 21.65 82609
20140224 21.92 19.92 21.92 19.92 178109
20140225 20.25 19.73 20.75 19.31 205623
20140226 19.38 19.33 19.79 18.74 107157
20140227 19.50 19.62 20.28 19.45 104496
20140228 19.30 20.19 20.33 19.12 80408
20140303 20.30 20.57 21.08 19.90 104154
20140304 20.21 19.88 20.59 19.57 84231
20140305 19.96 19.38 20.12 19.36 86734
20140306 19.21 19.55 19.66 18.80 83643
20140307 19.45 19.12 19.90 19.00 58794
20140310 19.35 19.21 19.95 18.85 84492
20140311 18.99 18.58 19.15 18.30 69711
20140312 18.59 18.83 18.86 17.85 67571
20140313 18.72 19.02 19.50 18.63 58338
20140314 18.95 18.62 19.27 18.51 49836
20140317 18.62 20.48 20.48 18.62 173731
20140318 20.69 20.44 20.87 20.20 93051
20140319 20.48 20.18 20.48 19.80 71571
20140320 20.00 19.35 20.40 19.31 73273
20140321 19.01 19.86 20.18 18.46 99470
20140324 19.88 19.98 20.35 19.70 90242
20140325 19.99 20.62 20.96 19.98 129366
20140326 20.90 20.44 20.91 20.26 56725
20140327 20.44 19.90 20.82 19.90 81356
20140328 19.87 20.10 20.15 19.20 75576
20140331 20.05 19.24 20.16 19.20 48358
20140401 19.05 19.61 19.65 18.83 63621
20140402 19.50 18.95 19.64 18.88 60977
20140403 18.99 18.72 19.18 18.68 48589
20140404 18.81 18.85 18.87 18.49 52744
20140408 18.83 19.39 19.57 18.71 73780
20140409 19.48 19.99 20.00 19.35 73095
20140410 20.12 20.08 20.20 19.80 66607
20140411 19.95 19.74 19.95 19.55 51756
20140414 19.65 20.08 20.20 19.65 52073
20140415 19.90 19.62 20.17 19.51 47704
20140416 19.36 19.14 19.62 19.10 44314
20140417 19.20 19.25 19.48 19.15 29950
20140418 19.20 19.30 19.35 19.04 22715
20140421 19.10 18.83 19.30 18.80 32878
20140422 18.60 18.77 18.97 18.28 53699
20140423 18.60 18.21 18.70 18.11 33356
20140424 18.21 17.46 18.38 17.34 98346
20140425 17.43 17.40 17.68 17.20 33721
20140428 17.22 16.20 17.29 16.07 54239
20140429 16.48 16.57 16.75 16.20 58689
20140430 16.59 16.57 16.90 16.42 36399
20140505 16.54 16.58 16.66 16.17 50152
20140506 16.65 16.94 17.13 16.61 51442
20140507 16.78 16.65 16.87 16.54 30299
20140508 16.59 16.85 17.12 16.55 54397
20140509 16.85 16.39 16.89 16.17 54805
20140512 16.71 16.60 16.71 16.38 67202
20140513 16.60 16.35 16.65 16.21 47609
20140514 16.35 16.03 16.35 15.55 97552
20140515 15.90 15.26 15.90 15.23 69105
20140516 15.23 15.45 15.47 14.93 70113
20140519 15.30 15.25 15.39 15.12 36366
20140520 15.40 15.11 15.55 15.01 60655
20140521 15.11 15.33 15.34 14.73 48763
20140522 15.38 15.29 15.86 15.22 88054
20140523 15.36 15.94 15.95 15.32 127855
20140526 15.95 16.12 16.48 15.90 95266
20140527 16.12 16.24 16.41 15.95 70949
20140528 16.18 16.20 16.30 15.78 73540
20140529 16.12 15.90 16.31 15.86 41947
20140530 15.90 15.79 15.99 15.46 63854
20140603 15.87 15.68 16.10 15.66 71945
20140604 15.52 14.98 15.53 14.79 100351
20140605 15.02 15.45 15.54 14.90 61562
20140606 15.48 15.69 16.06 15.42 105638
20140609 15.62 15.32 15.62 15.29 53576
20140610 15.36 16.17 16.30 15.30 112740
20140611 16.25 16.48 16.72 16.13 168211
20140612 16.40 16.23 16.44 16.12 88371
20140613 16.10 16.34 16.52 16.01 89237
20140616 16.34 16.34 16.44 16.16 70349
20140617 16.35 16.22 16.50 16.18 68847
20140618 16.19 15.73 16.28 15.66 82513
20140619 15.73 15.09 15.80 15.00 71628
20140620 15.02 14.87 15.15 14.68 117221
20140623 14.90 14.99 15.10 14.88 49870
20140624 15.05 15.38 15.54 14.98 69923
20140625 15.33 15.05 15.33 15.00 52329
20140626 15.22 15.45 15.56 15.18 97044
20140627 15.50 15.53 15.59 15.31 63348
20140630 15.45 15.58 15.74 15.32 55781
20140701 15.63 15.51 15.66 15.38 46871
20140702 15.59 15.91 15.95 15.44 98492
20140703 15.89 16.11 16.35 15.72 136086
20140704 16.05 17.23 17.55 16.05 306780
20140707 17.33 17.16 17.33 16.75 151323
20140708 16.98 16.93 17.16 16.58 126494
20140709 17.05 16.50 17.37 16.48 130713
20140710 16.40 16.59 16.82 16.33 85095
20140711 16.51 16.66 16.82 16.50 59843
20140714 16.55 17.02 17.08 16.55 99195
20140715 17.02 16.64 17.19 16.48 105450
20140716 16.60 16.13 16.78 16.12 90919
20140717 16.12 16.16 16.29 16.06 41309
20140718 16.32 15.75 16.32 15.69 125250
20140721 15.72 15.47 15.73 15.22 82600
20140722 15.44 15.82 15.89 15.35 70938
20140723 15.85 15.60 15.92 15.52 64312
20140724 15.39 15.37 15.59 15.23 72974
20140725 15.37 15.71 15.77 15.37 57897
20140728 15.74 16.37 16.50 15.74 145622
20140729 16.35 16.74 16.78 16.20 169804
20140730 16.78 16.62 16.92 16.48 103841
20140731 16.60 16.64 16.69 16.45 105696
20140801 16.60 16.49 16.70 16.47 114028
20140804 16.40 16.87 16.89 16.39 95237
20140805 16.83 16.90 16.92 16.64 92596
20140806 16.83 17.17 17.41 16.61 129591
20140807 17.17 16.77 17.30 16.72 119768
20140808 16.76 16.67 16.82 16.63 84724
20140811 16.78 16.92 16.98 16.66 82174
20140812 16.87 17.12 17.25 16.85 101325
20140813 17.14 17.05 17.20 16.58 109090
20140814 18.76 18.76 18.76 17.93 583072
20140815 19.00 19.71 19.93 18.78 516593
20140818 19.55 19.60 20.21 19.10 299357
20140819 19.31 19.73 20.00 19.31 197564
20140820 19.61 19.37 19.71 19.34 137089
20140821 19.35 19.19 19.46 18.70 151945
20140822 19.18 19.52 19.72 18.90 160563
20140825 19.54 19.15 19.85 19.10 118601
20140826 19.07 19.48 19.78 18.96 157443
20140827 19.23 19.49 19.63 19.21 78829
20140828 19.51 19.00 19.59 18.83 87891
20140829 18.71 18.90 19.06 18.57 71793
20140901 18.80 19.62 19.70 18.80 99009
20140902 19.68 19.98 20.32 19.65 172726
20140903 19.86 20.00 20.22 19.77 91544
20140904 20.20 19.78 20.23 19.65 157024
20140905 19.89 19.51 19.97 19.30 131442
20140909 19.54 19.72 19.88 19.30 126600
20140910 19.72 19.60 19.72 19.42 84856
20140911 19.58 19.49 20.13 19.30 170187
20140912 19.52 19.60 19.62 19.33 110490
20140915 19.60 19.93 20.17 19.60 140470
20140916 19.92 18.61 19.99 18.43 208615
20140917 18.60 18.50 18.71 18.15 120124
20140918 18.49 18.39 18.50 18.28 84348
20140919 18.40 18.53 18.72 18.36 84371
20140922 18.50 18.06 18.50 17.90 94567
20140923 18.06 18.37 18.42 18.05 61888
20140924 18.30 18.62 18.72 18.21 110637
20140925 18.71 18.66 18.97 18.54 97923
20140926 18.60 18.35 18.77 18.30 91630
20140929 18.48 18.52 18.76 18.35 81216
20140930 18.58 18.88 18.89 18.58 97084
20141008 18.84 18.94 18.95 18.65 107013
20141009 18.94 18.76 19.11 18.60 103068
20141010 18.73 18.20 18.73 18.15 176985
20141013 18.21 18.30 18.32 18.10 71732
20141014 18.26 17.99 18.37 17.96 105927
20141015 18.05 17.74 18.08 17.64 142099
20141016 17.70 17.47 17.87 17.45 135021
20141017 17.50 17.59 17.67 17.40 79182
20141020 17.71 17.84 17.87 17.58 123013
20141021 17.86 17.51 17.88 17.43 118908
20141022 17.51 17.10 17.56 17.07 132775
20141023 17.04 16.56 17.17 16.50 113799
20141024 16.58 16.51 16.71 16.45 63749
20141027 16.50 16.76 16.84 16.50 63025
20141028 16.83 17.16 17.18 16.80 83861
20141029 17.20 17.27 17.36 17.00 115654
20141030 17.26 17.16 17.33 17.15 68595
20141031 17.20 17.36 17.48 17.19 89741
20141103 17.36 17.64 17.65 17.27 113926
20141104 17.80 17.62 17.98 17.60 154117
20141105 17.63 17.29 17.69 17.21 95858
20141106 17.38 17.66 17.68 17.30 90952
20141107 17.79 17.32 17.86 17.26 111844
20141110 17.39 17.98 17.99 17.33 212013
20141111 18.01 17.75 18.17 17.40 142822
20141112 17.50 18.00 18.15 17.49 127166
20141113 17.98 17.71 17.98 17.57 83681
20141114 17.66 17.51 17.73 17.42 53539
20141117 17.56 17.56 17.85 17.50 80421
20141118 17.63 17.22 17.67 17.21 81379
20141119 17.21 17.26 17.38 17.18 56472
20141120 17.21 17.25 17.36 17.10 49646
20141121 17.32 17.41 17.46 17.23 85391
20141124 17.55 17.73 17.89 17.46 128723
20141125 17.76 18.58 18.68 17.73 293670
20141126 18.65 19.01 19.45 18.60 421907
20141127 19.03 19.28 19.40 18.60 278598
20141128 19.11 18.95 19.28 18.71 180185
20141201 18.79 18.46 19.03 18.20 176007
20141202 18.45 18.55 18.63 18.21 138035
20141203 18.50 18.63 18.70 18.24 200053
20141204 18.58 18.88 18.94 18.50 212558
20141205 18.93 18.19 18.93 17.86 227582
20141208 18.18 18.53 18.73 17.78 250368
20141209 18.40 17.56 18.48 17.46 210784
20141210 17.50 17.93 17.97 17.30 133339
20141211 17.90 18.52 18.70 17.79 195403
20141212 18.51 18.60 18.65 18.40 140329
20141215 18.60 19.14 19.30 18.60 216200
20141216 19.12 19.23 19.37 18.74 202472
20141217 19.10 18.87 19.20 18.76 144321
20141218 18.87 18.99 19.07 18.68 143691
20141219 19.00 18.40 19.03 18.14 147422
20141222 18.44 17.64 18.55 17.55 147053
20141223 17.51 17.79 18.30 17.51 106155
20141224 17.92 17.92 18.04 17.65 77515
20141225 17.99 18.26 18.49 17.99 95819
20141226 18.28 18.16 18.28 17.95 87799
20141229 18.06 18.96 19.08 18.05 238908
20141230 19.00 19.05 19.17 18.68 220850
20141231 19.15 18.76 19.22 18.72 153340
20150105 18.79 19.02 19.22 18.36 237364
20150106 18.94 19.50 19.50 18.56 271236
20150107 19.65 19.48 19.97 19.37 263746
20150108 19.30 18.98 19.42 18.91 151878
20150109 19.01 18.67 19.12 18.65 132166
20150112 18.50 18.32 18.51 18.16 112633
20150113 18.29 19.11 19.13 18.25 169240
20150114 18.91 19.28 19.30 18.86 115733
20150115 19.28 19.34 19.48 19.06 103962
20150116 19.55 19.20 20.11 19.14 197553
20150119 18.69 18.50 19.20 18.22 144748
20150120 18.61 18.93 18.99 18.61 107454
20150121 18.99 19.59 19.67 18.89 191528
20150122 19.64 19.60 19.84 19.35 161642
20150123 19.62 21.56 21.56 19.41 363856
20150126 22.16 22.49 22.88 21.51 562771
20150127 22.19 22.18 22.64 21.57 343932
20150128 22.25 22.21 22.50 21.83 260030
20150129 22.00 22.44 23.19 21.79 356014
20150130 22.40 21.86 22.63 21.80 205582
20150202 21.65 21.59 22.19 21.47 146797
20150203 21.71 22.00 22.10 21.63 132573
20150204 22.42 22.21 22.96 22.20 204990
20150205 22.40 23.79 24.20 21.76 385032
20150206 23.40 22.24 23.67 22.15 224192
20150209 22.01 21.20 22.19 21.08 155160
20150210 21.26 21.78 22.07 21.20 114290
20150211 21.91 21.87 22.02 21.40 82772
20150212 22.75 22.91 24.06 22.59 605710
20150213 23.00 23.13 23.36 22.70 316092
20150216 23.20 23.20 23.35 22.91 200101
20150217 23.41 23.35 23.56 22.90 193484
20150225 23.35 22.81 23.35 22.75 132920
20150226 22.85 22.90 22.97 22.50 128178
20150227 22.94 24.30 24.38 22.94 373923
20150302 24.35 24.47 24.70 23.80 247919
20150303 24.48 23.63 24.51 23.58 218870
20150304 23.64 24.04 24.23 23.45 157779
20150305 24.55 24.38 24.60 23.89 162832
20150306 24.35 23.33 24.35 23.24 174716
20150309 23.12 23.95 24.21 23.00 159621
20150310 23.96 23.67 24.00 23.46 114581
20150311 24.00 23.55 24.30 23.36 124479
20150312 23.85 24.43 24.67 23.56 284801
20150313 24.59 24.26 24.61 24.09 142462
20150316 24.46 25.07 25.41 24.10 223486
20150317 24.99 24.59 24.99 24.41 361062
20150318 24.64 24.67 24.72 24.21 245496
20150319 24.59 24.45 24.87 24.27 208579
20150320 24.36 24.19 24.45 24.08 209109
20150323 24.13 24.34 24.38 24.10 217641
20150324 24.36 25.56 25.71 24.25 492416
20150325 25.44 25.53 26.28 25.22 427782
20150326 25.68 25.16 26.45 24.90 274982
20150327 25.14 25.04 25.14 24.75 149457
20150330 25.05 25.69 25.78 25.05 207740
20150331 26.00 25.31 26.19 25.18 195471
20150401 25.47 25.52 25.66 25.13 160366
20150402 25.68 25.78 26.10 25.40 204381
20150403 25.61 26.01 26.13 25.39 222433
20150407 26.13 26.57 26.86 25.65 301529
20150408 26.56 25.69 26.84 25.51 248013
20150409 25.73 25.19 25.88 24.13 213701
20150410 25.13 25.69 25.99 24.98 181632
20150413 25.72 26.41 26.45 25.46 227004
20150414 26.42 29.05 29.05 26.09 479790
20150415 29.91 29.27 31.11 28.85 472424
20150416 28.56 32.20 32.20 28.12 394733
20150417 33.85 32.80 35.20 32.34 462897
20150420 32.59 33.55 34.48 31.41 399518
20150421 33.49 33.33 33.50 32.25 245956
20150422 33.35 34.02 35.97 33.35 296705
20150423 34.02 33.58 35.09 33.40 214378
20150424 32.58 32.59 33.20 32.01 232985
20150427 32.62 32.87 33.25 32.22 182853
20150428 33.04 31.66 33.33 31.30 225185
20150429 31.50 32.25 32.80 29.93 166384
20150430 32.25 32.81 33.40 32.17 166511
20150504 33.00 34.12 35.00 33.00 219464
20150505 33.89 34.16 35.50 33.11 269046
20150506 34.01 35.33 36.40 33.52 297770
20150507 34.80 31.80 35.48 31.80 241602
20150508 31.86 31.53 32.60 30.75 228309
20150511 32.01 33.31 33.42 31.42 181447
20150512 33.35 36.64 36.64 33.35 300165
20150513 37.29 35.41 37.29 35.20 235694
20150514 34.99 35.70 36.88 34.85 191258
20150515 35.80 34.29 35.86 33.80 165698
20150518 33.70 34.48 35.26 33.48 122068
20150519 34.57 36.82 37.18 34.18 216973
20150520 37.10 37.34 40.00 37.00 343318
20150521 37.30 38.24 39.39 36.51 215294
20150522 38.49 38.05 38.89 37.28 209579
20150525 37.85 40.12 40.49 37.50 273080
20150526 41.67 40.19 41.68 39.50 313936
20150527 40.49 40.29 40.84 39.38 245698
20150528 40.30 37.15 42.00 36.91 263179
20150529 37.01 37.81 38.54 36.07 214125
20150601 37.81 41.54 41.55 37.81 235709
20150602 41.67 43.94 45.00 41.20 232730
20150603 44.50 42.63 44.50 41.22 209998
20150604 43.00 41.91 43.00 39.40 155821
20150605 42.55 41.08 43.05 40.59 219222
20150608 41.55 42.10 42.99 41.11 182821
20150609 42.20 44.78 45.38 42.07 244458
20150610 43.90 43.80 45.96 43.12 207822
20150611 43.67 44.39 44.95 43.30 139166
20150612 44.57 43.43 46.18 43.30 166527
20150615 43.30 41.72 43.30 41.02 173619
20150616 41.72 39.80 42.39 39.48 159925
20150617 40.24 40.03 40.60 37.51 150803
20150618 40.40 38.71 41.40 38.56 115650
20150619 37.53 35.69 38.58 35.51 125179
20150623 35.69 36.25 36.50 32.50 131682
20150624 37.00 36.47 37.51 35.29 150121
20150625 37.21 37.09 38.00 35.77 174205
20150626 35.96 33.38 36.49 33.38 152658
20150629 34.00 30.04 34.86 30.04 211864
20150630 29.00 32.94 33.00 27.04 240245
20150701 32.20 30.82 34.08 30.50 177404
20150702 30.04 27.74 31.30 27.74 185990
20150703 27.88 24.97 28.97 24.97 216271
20150706 27.47 25.43 27.47 22.47 269140
20150707 24.00 22.89 25.59 22.89 193179
20150708 20.60 22.47 22.95 20.60 625993
20150709 22.47 24.72 24.72 22.47 171836
20150710 27.19 27.19 27.19 26.12 107520
20150713 28.50 29.91 29.91 28.50 192701
20150714 30.40 30.70 32.80 29.31 295992
20150715 29.60 27.63 30.50 27.63 152414
20150716 27.63 28.99 29.50 26.25 130478
20150717 29.30 31.00 31.65 29.11 134597
20150720 31.00 31.35 32.50 30.00 136809
20150721 30.31 31.33 31.90 30.01 104193
20150722 31.33 31.46 31.86 30.18 125006
20150723 31.46 33.19 33.80 31.31 198000
20150724 33.50 31.78 33.50 31.51 161872
20150727 30.56 28.60 31.35 28.60 161854
20150728 27.00 30.92 31.46 26.31 264571
20150729 31.53 33.23 33.50 29.33 191477
20150730 32.00 31.42 33.44 31.00 176803
