20140102 4.79 4.72 4.79 4.70 107158
20140103 4.69 4.67 4.70 4.64 84641
20140106 4.67 4.51 4.67 4.49 89971
20140107 4.49 4.51 4.54 4.45 58331
20140108 4.52 4.47 4.55 4.46 52118
20140109 4.49 4.43 4.51 4.43 80275
20140110 4.43 4.45 4.47 4.40 75653
20140113 4.45 4.48 4.50 4.43 44558
20140114 4.48 4.50 4.51 4.45 46128
20140115 4.51 4.47 4.51 4.43 37358
20140116 4.47 4.47 4.52 4.44 69594
20140117 4.45 4.29 4.45 4.28 122494
20140120 4.29 4.29 4.33 4.28 57273
20140121 4.29 4.32 4.35 4.29 42430
20140122 4.34 4.41 4.42 4.33 64003
20140123 4.40 4.37 4.41 4.36 42391
20140124 4.36 4.40 4.43 4.35 89657
20140127 4.39 4.39 4.41 4.32 90965
20140128 4.41 4.40 4.43 4.38 63735
20140129 4.42 4.40 4.42 4.38 53073
20140130 4.38 4.35 4.41 4.34 49138
20140207 4.34 4.40 4.40 4.31 54698
20140210 4.40 4.46 4.47 4.39 118696
20140211 4.45 4.53 4.57 4.44 147909
20140212 4.52 4.51 4.54 4.49 76582
20140213 4.50 4.46 4.55 4.45 93017
20140214 4.46 4.49 4.52 4.46 44520
20140217 4.50 4.64 4.78 4.50 176283
20140218 4.62 4.59 4.69 4.54 110145
20140219 4.57 4.60 4.65 4.55 71576
20140220 4.60 4.57 4.66 4.55 134313
20140221 4.57 4.48 4.57 4.47 68371
20140224 4.44 4.32 4.45 4.30 127308
20140225 4.31 4.21 4.35 4.20 90889
20140226 4.21 4.25 4.26 4.20 63033
20140227 4.23 4.25 4.28 4.23 66639
20140228 4.25 4.27 4.32 4.22 72840
20140303 4.27 4.31 4.33 4.25 61784
20140304 4.29 4.26 4.30 4.19 85870
20140305 4.26 4.27 4.34 4.22 93561
20140306 4.26 4.26 4.27 4.21 60494
20140307 4.26 4.23 4.32 4.22 62328
20140310 4.21 4.11 4.22 4.10 84628
20140311 4.10 4.12 4.18 4.08 59218
20140312 4.10 4.14 4.17 4.07 84306
20140313 4.14 4.21 4.24 4.14 87586
20140314 4.18 4.20 4.23 4.15 55582
20140317 4.24 4.23 4.25 4.20 42524
20140318 4.24 4.25 4.27 4.21 61916
20140319 4.25 4.28 4.28 4.23 52828
20140320 4.28 4.21 4.31 4.20 60788
20140321 4.20 4.33 4.38 4.19 168143
20140324 4.33 4.38 4.41 4.30 128578
20140325 4.39 4.48 4.51 4.39 172388
20140326 4.48 4.43 4.49 4.41 58524
20140327 4.43 4.38 4.45 4.38 43007
20140328 4.38 4.38 4.43 4.35 54294
20140331 4.38 4.41 4.44 4.36 52884
20140401 4.40 4.43 4.45 4.40 49775
20140402 4.41 4.40 4.42 4.35 176519
20140403 4.40 4.25 4.42 4.24 228806
20140404 4.23 4.24 4.25 4.19 157437
20140408 4.23 4.31 4.34 4.21 169935
20140409 4.32 4.30 4.33 4.28 100856
20140410 4.30 4.36 4.40 4.25 258308
20140411 4.33 4.32 4.34 4.28 153781
20140414 4.31 4.30 4.32 4.28 80357
20140415 4.29 4.23 4.30 4.21 97273
20140416 4.22 4.23 4.26 4.21 64798
20140417 4.23 4.19 4.24 4.18 94001
20140418 4.18 4.17 4.20 4.13 128236
20140421 4.13 4.11 4.17 4.10 73824
20140422 4.10 4.13 4.13 4.08 62819
20140423 4.11 4.15 4.16 4.10 57878
20140424 4.13 4.22 4.25 4.12 200012
20140425 4.24 4.15 4.27 4.14 112148
20140428 4.12 4.11 4.17 4.10 88134
20140429 4.13 4.21 4.25 4.12 172688
20140430 4.21 4.17 4.24 4.13 106631
20140505 4.17 4.18 4.19 4.11 70888
20140506 4.16 4.13 4.18 4.13 82553
20140507 4.13 4.10 4.14 4.09 73750
20140508 4.10 4.17 4.21 4.09 178441
20140509 4.16 4.18 4.21 4.14 94027
20140512 4.21 4.51 4.60 4.16 1007593
20140513 4.46 4.33 4.50 4.30 568056
20140514 4.31 4.28 4.34 4.25 185570
20140515 4.28 4.22 4.32 4.19 176504
20140516 4.20 4.16 4.22 4.12 214999
20140519 4.14 4.14 4.14 4.10 122433
20140520 4.14 4.13 4.17 4.11 92131
20140521 4.12 4.19 4.22 4.10 146181
20140522 4.17 4.14 4.20 4.13 103351
20140523 4.10 4.09 4.10 4.04 101210
20140526 4.09 4.10 4.12 4.08 67551
20140527 4.10 4.10 4.11 4.08 60203
20140528 4.10 4.11 4.14 4.06 116919
20140529 4.11 4.08 4.11 4.07 82570
20140530 4.08 4.07 4.10 4.06 61483
20140603 4.07 4.05 4.10 4.05 94865
20140604 4.05 4.00 4.07 3.97 190918
20140605 4.00 4.02 4.03 3.98 61117
20140606 4.02 3.97 4.03 3.96 80917
20140609 3.97 3.97 4.00 3.95 63289
20140610 3.98 3.99 4.00 3.96 95511
20140611 3.99 3.99 4.00 3.97 64096
20140612 3.99 3.98 4.00 3.96 63999
20140613 3.98 4.01 4.02 3.97 99093
20140616 4.02 4.02 4.03 4.00 89827
20140617 4.01 3.99 4.01 3.98 66063
20140618 3.99 3.98 4.02 3.97 90588
20140619 3.98 3.91 3.99 3.89 94992
20140620 3.92 3.95 3.97 3.90 99371
20140623 3.95 3.99 4.01 3.94 77016
20140624 3.99 4.00 4.02 3.96 61188
20140625 4.00 3.97 4.05 3.96 133613
20140626 3.97 3.99 4.01 3.96 76101
20140627 3.99 4.01 4.02 3.98 54231
20140630 4.01 4.03 4.04 4.00 95378
20140701 4.03 4.04 4.07 4.01 70071
20140702 4.04 4.06 4.08 4.02 108478
20140703 4.06 4.07 4.08 4.04 77100
20140704 4.07 4.05 4.07 4.04 46724
20140707 4.05 4.02 4.06 4.01 60322
20140708 4.02 4.02 4.04 4.00 44949
20140709 4.02 3.98 4.04 3.97 62235
20140710 3.98 3.96 4.01 3.96 107177
20140711 3.97 3.98 4.00 3.96 199521
20140714 3.98 4.00 4.01 3.96 171362
20140715 4.01 4.01 4.03 3.99 173289
20140716 4.02 4.07 4.07 4.01 220242
20140717 4.06 4.03 4.06 4.01 124360
20140718 4.03 4.04 4.06 4.02 122663
20140721 4.03 4.00 4.04 3.99 106933
20140722 3.99 4.05 4.07 3.99 192690
20140723 4.04 4.07 4.11 4.04 195085
20140724 4.07 4.14 4.17 4.06 385012
20140725 4.14 4.20 4.23 4.10 368472
20140728 4.22 4.37 4.40 4.21 511047
20140729 4.34 4.30 4.36 4.29 353417
20140730 4.30 4.30 4.40 4.27 257406
20140731 4.29 4.36 4.36 4.28 213164
20140801 4.35 4.35 4.45 4.32 548186
20140804 4.34 4.44 4.45 4.31 435784
20140805 4.42 4.49 4.58 4.42 503558
20140806 4.44 4.50 4.51 4.41 232782
20140807 4.49 4.42 4.59 4.42 375656
20140808 4.42 4.40 4.46 4.38 169918
20140811 4.42 4.45 4.47 4.40 202188
20140812 4.45 4.41 4.45 4.40 130269
20140813 4.41 4.47 4.48 4.36 320477
20140814 4.45 4.40 4.46 4.39 191917
20140815 4.40 4.42 4.45 4.38 142642
20140818 4.41 4.42 4.45 4.40 161516
20140819 4.42 4.43 4.49 4.41 240560
20140820 4.42 4.42 4.46 4.40 153785
20140821 4.41 4.38 4.44 4.36 167611
20140822 4.37 4.38 4.40 4.36 131528
20140825 4.38 4.30 4.39 4.29 209250
20140826 4.29 4.24 4.33 4.22 157637
20140827 4.24 4.23 4.25 4.20 139081
20140828 4.23 4.24 4.28 4.21 114787
20140829 4.25 4.26 4.27 4.21 200867
20140901 4.25 4.27 4.28 4.24 152937
20140902 4.28 4.34 4.34 4.26 167687
20140903 4.33 4.37 4.40 4.33 228936
20140904 4.46 4.44 4.49 4.40 364139
20140905 4.45 4.48 4.49 4.44 346082
20140909 4.46 4.49 4.53 4.45 272930
20140910 4.49 4.49 4.51 4.46 219111
20140911 4.49 4.50 4.59 4.48 410953
20140912 4.49 4.52 4.52 4.43 252907
20140915 4.50 4.57 4.59 4.48 298884
20140916 4.57 4.58 4.77 4.52 616057
20140917 4.59 4.70 4.72 4.55 473415
20140918 4.68 4.66 4.74 4.64 332951
20140919 4.66 4.64 4.68 4.58 231737
20140922 4.61 4.51 4.62 4.49 251577
20140923 4.52 4.52 4.55 4.50 186410
20140924 4.52 4.63 4.64 4.50 290188
20140925 4.64 4.62 4.67 4.59 251088
20140926 4.60 4.60 4.63 4.57 158059
20140929 4.61 4.66 4.67 4.60 247070
20140930 4.73 4.69 4.79 4.68 553768
20141008 4.68 4.69 4.69 4.63 217171
20141009 4.71 4.74 4.75 4.66 375965
20141010 4.75 4.78 4.88 4.74 459583
20141013 4.80 4.84 4.85 4.74 341476
20141014 4.85 4.78 4.86 4.75 242982
20141015 4.74 4.75 4.78 4.68 234251
20141016 4.74 4.68 4.79 4.67 222435
20141017 4.68 4.63 4.72 4.56 220166
20141020 4.63 4.65 4.66 4.60 96807
20141021 4.65 4.60 4.67 4.59 119641
20141022 4.60 4.54 4.62 4.53 120692
20141023 4.53 4.51 4.55 4.47 152294
20141024 4.51 4.50 4.52 4.48 88725
20141027 4.49 4.43 4.49 4.41 107982
20141028 4.43 4.52 4.53 4.43 145009
20141029 4.53 4.58 4.59 4.51 226810
20141030 4.58 4.70 4.80 4.55 524163
20141031 4.67 4.77 4.84 4.66 515785
20141103 4.78 4.77 4.85 4.74 509667
20141104 4.76 4.90 4.94 4.73 833902
20141105 4.90 4.75 4.91 4.75 450047
20141106 4.75 4.76 4.79 4.68 306914
20141107 4.75 4.71 4.80 4.67 333061
20141110 4.70 4.80 4.81 4.69 482688
20141111 4.81 4.90 5.02 4.74 1069829
20141112 4.88 5.00 5.03 4.84 746447
20141113 5.02 4.97 5.03 4.86 572364
20141114 4.98 4.94 5.02 4.88 422320
20141117 4.96 4.88 5.00 4.88 238351
20141118 4.87 4.80 4.90 4.76 266823
20141119 4.79 4.77 4.82 4.73 201790
20141120 4.75 4.76 4.79 4.73 233659
20141121 4.74 4.80 4.82 4.71 259639
20141124 4.83 4.91 4.93 4.81 479429
20141125 4.91 4.98 4.99 4.89 623948
20141126 4.99 4.98 5.02 4.92 423406
20141127 5.02 5.02 5.10 4.96 737678
20141128 5.03 5.08 5.09 4.94 714889
20141201 5.06 5.59 5.59 5.06 2008985
20141202 5.70 5.70 5.73 5.42 1750749
20141203 5.65 5.94 6.19 5.60 1788441
20141204 5.97 6.35 6.35 5.97 1531198
20141205 6.35 6.04 6.35 5.81 1360393
20141208 5.98 6.20 6.25 5.74 1180337
20141209 6.13 5.85 6.51 5.81 1473271
20141210 5.81 5.96 5.98 5.66 733104
20141211 5.87 5.97 6.09 5.81 661467
20141212 5.99 6.05 6.11 5.94 569047
20141215 6.03 5.97 6.03 5.84 426894
20141216 5.94 6.18 6.19 5.83 969571
20141217 6.15 6.02 6.17 5.92 718852
20141218 6.04 6.10 6.25 6.00 687593
20141219 6.07 6.71 6.71 5.99 2116696
20141222 6.90 7.38 7.38 6.80 2814196
20141223 7.23 6.84 7.29 6.78 1346788
20141224 6.84 6.74 7.05 6.50 925071
20141225 6.76 7.00 7.02 6.60 1008733
20141226 6.95 7.13 7.15 6.80 1131608
20141229 7.08 6.95 7.31 6.85 1096833
20141230 6.93 6.73 6.94 6.67 736420
20141231 6.74 6.92 7.03 6.66 710463
20150105 6.95 7.61 7.61 6.89 1745267
20150106 7.90 7.54 8.20 7.41 2526986
20150107 7.39 7.72 7.74 7.25 1183470
20150108 7.59 7.44 7.95 7.30 1080388
20150109 7.33 7.27 7.58 7.25 812800
20150112 7.17 6.94 7.17 6.90 721363
20150113 6.93 6.91 7.04 6.88 318763
20150114 6.90 6.75 7.01 6.63 498127
20150115 6.76 6.99 7.00 6.67 458467
20150116 7.00 7.01 7.18 6.93 576231
20150119 6.61 6.31 6.75 6.31 742308
20150120 6.21 6.33 6.40 6.20 541314
20150121 6.31 6.58 6.60 6.20 858282
20150122 6.54 6.65 6.84 6.49 764370
20150123 6.71 6.60 6.77 6.56 488801
20150126 6.55 6.67 6.67 6.45 442523
20150127 6.68 6.57 6.75 6.43 523431
20150128 6.51 6.43 6.54 6.41 339554
20150129 6.32 6.49 6.66 6.28 414553
20150130 6.50 6.33 6.54 6.32 291427
20150202 6.28 6.11 6.28 6.10 326841
20150203 6.20 6.26 6.28 6.16 252718
20150204 6.36 6.27 6.60 6.26 504419
20150205 6.39 6.08 6.39 6.04 378190
20150206 6.04 5.91 6.13 5.87 323039
20150209 5.90 5.91 5.98 5.79 287884
20150210 5.93 6.03 6.04 5.90 180021
20150211 6.04 6.03 6.13 6.02 180766
20150212 6.04 6.09 6.12 5.98 203226
20150213 6.16 6.14 6.26 6.09 333958
20150216 6.16 6.16 6.24 6.14 205699
20150217 6.19 6.15 6.23 6.14 169453
20150225 6.18 6.07 6.20 6.04 245591
20150226 6.08 6.29 6.30 5.95 579635
20150227 6.25 6.27 6.35 6.23 458460
20150302 6.30 6.40 6.43 6.23 520015
20150303 6.36 6.21 6.37 6.20 420656
20150304 6.21 6.27 6.30 6.18 370698
20150305 6.26 6.11 6.26 6.01 377172
20150306 6.10 6.20 6.32 6.06 383792
20150309 6.15 6.29 6.29 6.07 367953
20150310 6.25 6.31 6.37 6.23 371367
20150311 6.31 6.24 6.36 6.20 303930
20150312 6.25 6.36 6.37 6.22 440101
20150313 6.38 6.47 6.63 6.34 828395
20150316 6.46 6.58 6.59 6.40 603602
20150317 6.59 6.73 6.75 6.55 845152
20150318 6.74 6.89 6.94 6.71 792902
20150319 6.90 6.90 7.00 6.77 815387
20150320 6.86 6.85 6.92 6.75 711197
20150323 6.88 6.97 7.00 6.87 822402
20150324 6.98 6.92 7.03 6.74 875887
20150325 6.86 6.75 6.90 6.71 601267
20150326 6.72 6.89 6.92 6.64 760472
20150327 6.91 6.87 7.00 6.86 678069
20150330 6.88 7.07 7.10 6.80 1145524
20150331 7.12 6.88 7.18 6.86 1003894
20150401 6.88 7.00 7.05 6.87 659775
20150402 7.02 7.10 7.11 6.93 936250
20150403 7.02 7.19 7.24 7.00 1015601
20150407 7.25 7.40 7.44 7.16 1143912
20150408 7.40 7.26 7.42 7.12 865182
20150409 7.26 7.14 7.30 6.95 759187
20150410 7.09 7.29 7.32 7.08 811939
20150413 7.31 7.40 7.47 7.29 931402
20150414 7.38 7.46 7.48 7.29 944144
20150415 7.46 7.26 7.60 7.24 990439
20150416 7.20 7.50 7.52 7.15 991164
20150417 7.59 7.79 7.89 7.52 1908044
20150420 7.80 8.11 8.57 7.64 4547083
20150421 8.15 8.65 8.77 7.99 3429088
20150422 8.60 8.69 9.07 8.40 2884238
20150423 8.68 8.88 9.06 8.55 2409119
20150424 8.74 8.63 8.98 8.50 1468109
20150427 8.65 9.30 9.46 8.50 2785265
20150428 9.19 9.88 10.21 9.06 3527294
20150429 9.71 9.62 9.84 9.31 1744685
20150430 9.60 9.13 9.76 9.00 1395211
20150504 9.17 9.49 9.74 9.02 1269894
20150505 9.49 8.62 9.58 8.54 1444685
20150506 8.63 8.27 8.76 8.09 1516533
20150507 8.12 7.79 8.20 7.73 980662
20150508 7.92 7.93 7.99 7.65 1043237
20150511 8.03 8.20 8.29 7.86 1365737
20150512 8.23 8.36 8.40 8.10 1239096
20150513 8.36 8.13 8.36 8.08 1080636
20150514 8.10 8.31 8.40 7.91 1429673
20150515 8.23 7.97 8.31 7.95 884718
20150518 7.80 7.78 7.93 7.68 924786
20150519 7.75 8.04 8.05 7.75 826596
20150520 8.05 8.04 8.24 8.00 980699
20150521 8.04 8.15 8.16 7.90 1012224
20150522 8.20 8.47 8.50 8.15 1538399
20150525 8.42 8.85 8.92 8.37 1504480
20150526 8.90 9.05 9.06 8.63 1691138
20150527 9.00 9.33 9.40 8.80 1864232
20150528 9.24 8.47 9.49 8.40 1923734
20150529 8.38 8.24 8.58 8.01 1162585
20150601 8.25 9.06 9.06 8.20 1849002
20150602 9.20 9.12 9.37 8.85 2090907
20150603 9.05 8.91 9.08 8.70 1195342
20150604 8.88 9.62 9.65 8.42 2082566
20150605 9.70 9.65 10.05 9.41 2513544
20150608 9.65 10.22 10.30 9.52 2486756
20150609 10.34 11.24 11.24 10.30 2849896
20150610 10.81 11.42 12.30 10.60 4165860
20150611 11.10 11.20 11.34 10.90 2295741
20150612 11.10 11.69 12.32 11.03 2727034
20150615 11.67 11.20 11.67 11.07 1931047
20150616 10.91 11.49 12.10 10.81 2647991
20150617 11.25 12.49 12.64 11.10 3818392
20150618 12.08 11.85 12.49 11.79 2751802
20150619 11.53 11.00 12.43 10.78 2351240
20150623 10.80 11.74 11.80 9.98 2228803
20150624 11.88 12.91 12.91 11.50 4064605
20150625 13.03 12.56 13.57 12.11 4280690
20150626 11.88 11.30 12.42 11.30 2174221
20150629 11.59 11.09 11.85 10.17 2678234
20150630 10.90 11.42 11.59 10.00 2300714
20150701 11.00 10.28 11.53 10.28 2248114
20150702 9.98 9.25 10.17 9.25 1516461
20150703 8.50 8.33 9.25 8.33 1362412
20150706 9.05 7.48 9.06 7.48 2118260
20150707 7.00 7.65 7.74 6.73 3028888
20150708 6.89 6.89 7.10 6.89 1363205
20150709 6.89 7.58 7.58 6.21 1976414
20150710 7.60 8.34 8.34 7.45 2304160
20150713 8.40 9.12 9.14 8.17 2771639
20150714 8.78 8.22 8.99 8.21 2034238
20150715 7.90 7.40 8.06 7.40 1268015
20150716 7.40 7.49 7.85 6.91 890222
20150717 7.51 7.88 8.02 7.50 1027969
20150720 7.84 8.08 8.33 7.70 1298187
20150721 7.93 8.37 8.69 7.81 1569233
20150722 8.28 8.73 8.98 8.03 2051408
20150723 8.62 8.80 9.05 8.46 1866209
20150724 8.70 9.25 9.68 8.66 2963018
20150727 8.99 8.33 9.38 8.33 2121837
20150728 7.62 7.79 8.19 7.50 1774700
20150729 8.06 8.32 8.38 7.70 1190973
20150730 8.25 7.95 8.64 7.80 1305316
