20141031 7.74 9.29 9.29 7.74 1133
20141103 10.22 10.22 10.22 10.22 363
20141104 11.24 11.24 11.24 11.24 204
20141105 12.36 12.36 12.36 12.36 365
20141106 13.60 13.60 13.60 13.60 784
20141107 14.96 14.96 14.96 14.96 1129
20141110 16.46 16.46 16.46 16.46 2003
20141111 18.11 18.11 18.11 18.11 3335
20141112 19.92 19.92 19.92 19.92 4326
20141113 21.91 21.91 21.91 21.91 4431
20141114 24.10 24.10 24.10 24.10 8867
20141117 26.51 26.51 26.51 25.50 196485
20141118 27.88 26.53 29.16 26.05 373966
20141119 24.50 25.54 27.52 24.05 210132
20141120 24.79 28.09 28.09 24.54 206572
20141121 29.70 28.46 30.50 28.23 317696
20141124 27.89 29.67 30.48 27.61 243978
20141125 28.92 27.30 29.00 26.99 190108
20141126 27.10 27.33 27.88 26.50 111247
20141127 27.28 26.81 27.59 26.53 92429
20141128 27.25 26.56 27.49 26.00 100098
20141201 26.07 27.59 28.46 25.68 159017
20141202 27.00 28.79 29.30 26.89 180627
20141203 28.80 27.12 28.80 26.66 136104
20141204 27.05 26.80 27.39 26.50 86606
20141205 26.50 24.99 26.80 24.40 96587
20141208 24.50 24.15 24.95 24.00 75216
20141209 23.90 21.74 24.11 21.74 97596
20141210 21.50 21.92 22.32 20.66 60102
20141211 21.90 23.24 23.90 21.52 74147
20141212 22.98 22.47 23.24 22.20 52406
20141215 22.47 22.62 23.10 22.01 39521
20141216 22.50 22.38 22.88 22.17 32863
20141217 22.47 21.55 22.65 21.45 39393
20141218 21.45 20.94 21.79 20.86 33771
20141219 20.61 19.50 20.85 19.11 52267
20141222 19.25 17.55 19.28 17.55 47067
20141223 17.30 18.39 19.20 17.16 52020
20141224 18.60 19.80 19.89 18.42 62562
20141225 19.78 19.32 20.06 18.85 56725
20141226 19.00 18.92 19.75 18.82 34185
20141229 18.92 18.62 19.00 18.32 29222
20141230 18.64 18.54 19.24 18.38 28833
20141231 18.41 18.43 18.79 18.05 25960
20150105 18.33 18.52 18.70 17.80 29358
20150106 18.30 19.07 19.25 18.30 40578
20150107 18.85 18.65 19.04 18.45 28965
20150108 18.72 18.93 19.53 18.47 46480
20150109 18.70 18.68 19.30 18.52 36216
20150112 18.41 17.71 18.41 17.60 32799
20150113 17.80 18.03 18.35 17.55 24834
20150114 17.87 17.70 18.09 17.65 18584
20150115 17.60 17.78 18.20 17.53 19086
20150116 17.73 18.00 18.12 17.73 21625
20150119 17.80 18.22 18.90 17.56 50119
20150120 18.24 20.04 20.04 18.24 110391
20150121 20.79 20.12 20.80 19.73 107650
20150122 19.88 21.14 21.50 19.73 98186
20150123 21.00 20.25 21.00 20.21 59845
20150126 20.24 20.13 20.39 19.85 32467
20150127 20.26 19.98 20.27 19.64 36849
20150128 19.92 20.09 20.24 19.71 32457
20150129 19.85 19.68 20.00 19.67 22962
20150130 19.65 19.30 19.85 19.28 19041
20150202 19.27 19.44 19.49 19.03 14627
20150203 19.50 20.08 20.09 19.46 26792
20150204 20.09 19.50 20.09 19.50 23318
20150205 19.60 19.30 19.78 19.28 19401
20150206 19.15 18.33 19.30 18.20 25355
20150209 18.38 17.95 18.38 17.79 14781
20150210 17.95 18.18 18.33 17.80 9343
20150211 18.18 18.25 18.38 18.12 8067
20150212 18.32 18.79 18.99 18.32 14115
20150213 18.90 18.98 19.15 18.77 16274
20150216 18.98 19.14 19.22 18.95 10187
20150217 19.20 19.12 19.30 19.01 9593
20150225 19.25 18.79 19.25 18.67 11167
20150226 18.65 19.09 19.10 18.65 11595
20150227 19.10 19.04 19.16 18.94 12680
20150302 19.08 19.48 19.50 18.92 23173
20150303 19.40 19.20 19.45 19.15 21279
20150304 19.21 19.38 19.40 19.16 17301
20150305 19.39 19.87 19.97 19.18 37977
20150306 19.87 19.67 19.98 19.40 25226
20150309 19.65 19.51 19.65 19.40 14767
20150310 19.56 19.74 19.78 19.43 18511
20150311 19.76 19.34 19.80 19.25 20991
20150312 19.30 18.98 19.42 18.90 23565
20150313 18.99 19.29 19.40 18.99 12752
20150316 19.34 19.82 19.84 19.34 33442
20150317 19.94 20.67 20.68 19.75 55321
20150318 20.65 20.90 21.06 20.31 65449
20150319 20.92 21.06 21.59 20.80 62577
20150320 21.06 20.87 21.28 20.83 39875
20150323 21.13 21.14 21.19 20.84 43187
20150324 21.30 20.68 21.35 20.27 45513
20150325 20.64 21.42 21.47 20.40 66352
20150326 21.37 21.26 21.88 21.08 49086
20150327 20.80 21.23 21.35 20.80 26279
20150330 21.40 21.29 21.45 21.13 32924
20150331 21.30 21.64 21.85 21.15 60383
20150401 21.68 22.57 22.98 21.41 86553
20150402 22.76 22.53 22.78 22.02 58360
20150403 22.40 23.06 23.19 22.12 67206
20150407 23.31 23.52 23.60 23.00 62915
20150408 23.79 22.83 23.79 22.50 66163
20150409 22.81 22.06 22.81 21.34 51116
20150410 22.09 22.55 22.70 21.96 38026
20150413 22.56 23.64 23.74 22.56 63307
20150414 23.60 23.49 24.53 23.30 68534
20150415 22.89 22.00 23.16 21.96 58217
20150416 21.50 21.92 22.24 21.00 35362
20150417 22.22 24.11 24.11 22.16 92843
20150420 24.60 23.71 25.48 23.70 180766
20150421 23.30 24.20 24.23 23.05 71967
20150422 24.33 24.64 24.79 24.00 89150
20150423 24.79 24.20 24.84 24.00 62729
20150424 23.75 23.77 24.00 23.47 46470
20150427 23.90 23.99 24.24 23.71 45520
20150428 24.00 22.78 24.00 22.55 45273
20150429 22.82 23.30 23.31 22.80 28444
20150430 23.46 22.93 23.72 22.90 29589
20150504 22.67 23.06 23.34 22.66 23994
20150505 23.08 23.48 23.56 22.80 41293
20150506 23.42 22.88 23.95 22.50 52364
20150507 22.79 21.45 22.79 21.45 35429
20150508 22.00 22.07 22.10 21.54 27545
20150511 22.40 23.24 23.24 22.12 37770
20150512 23.35 25.56 25.56 23.35 108180
20150513 25.82 25.88 26.60 24.68 167143
20150514 25.75 28.47 28.47 25.33 193920
20150515 29.00 28.43 29.90 27.26 196342
20150518 27.75 30.22 31.27 27.50 153340
20150519 30.50 29.26 30.50 28.82 125278
20150520 28.88 28.29 29.77 28.21 108448
20150521 28.00 30.52 31.11 27.67 124537
20150522 30.61 31.88 33.57 29.50 154646
20150525 31.01 33.06 34.00 30.66 121172
20150526 33.20 35.29 36.00 32.78 110712
20150527 35.20 38.82 38.82 34.06 124840
20150528 40.04 36.42 42.70 36.10 192263
20150529 34.00 34.92 37.23 34.00 131840
20150601 35.19 35.50 36.00 33.60 97857
20150602 35.57 37.94 38.85 35.57 98430
20150603 37.99 38.95 41.00 36.00 89960
20150604 38.01 37.68 41.98 35.18 115620
20150605 37.63 37.86 40.00 37.36 123815
20150608 37.30 34.07 37.32 34.07 108227
20150609 33.98 34.07 34.68 32.12 60246
20150610 34.11 35.37 36.91 33.50 92932
20150611 35.30 35.75 36.00 34.90 52414
20150612 35.77 35.59 36.19 35.26 49879
20150615 34.69 32.58 34.99 32.48 53090
20150616 32.00 30.67 32.01 29.97 51600
20150617 30.55 31.26 31.44 29.28 42155
20150618 31.20 29.84 31.80 29.63 35204
20150619 28.90 29.26 31.08 27.80 42812
20150623 29.20 31.22 31.27 28.40 51079
20150624 31.60 34.34 34.34 31.60 121666
20150625 34.98 33.71 37.75 32.14 173478
20150626 31.00 30.34 32.70 30.34 51872
20150629 30.58 27.31 32.46 27.31 90065
20150630 26.06 28.11 29.00 24.58 75905
20150701 27.86 25.30 28.60 25.30 54865
20150702 24.06 22.77 25.30 22.77 53360
20150703 21.90 20.49 22.55 20.49 46628
20150706 22.52 18.44 22.52 18.44 60561
20150707 17.30 16.60 18.66 16.60 34912
20150713 18.26 18.26 18.26 18.26 1191
20150714 20.09 20.09 20.09 20.09 2816
20150715 21.88 18.08 21.88 18.08 94477
20150716 16.27 18.43 19.20 16.27 58776
20150717 18.52 20.14 20.27 18.46 58389
20150720 20.20 21.20 22.00 20.10 88759
20150721 20.60 22.60 22.78 20.53 73665
20150722 22.56 22.56 23.15 22.05 63877
20150723 22.66 24.82 24.82 22.47 133704
20150724 25.50 26.72 27.30 25.01 205678
20150727 25.10 24.05 25.97 24.05 118995
20150728 21.65 21.65 24.00 21.65 103336
20150729 22.01 23.82 23.82 21.60 125605
20150730 24.30 24.35 26.00 23.85 147641
