20140102 9.11 9.26 9.28 9.10 7039
20140103 9.23 9.03 9.27 8.96 9423
20140106 9.02 8.71 9.02 8.70 7132
20140107 8.78 8.79 8.87 8.71 4677
20140108 8.75 8.69 8.87 8.62 7639
20140109 8.69 8.66 8.95 8.60 7955
20140110 8.63 8.58 8.74 8.55 4553
20140113 8.58 8.45 8.66 8.42 4974
20140114 8.55 8.66 8.67 8.35 5521
20140115 8.79 8.87 9.08 8.74 12285
20140116 8.81 8.94 8.99 8.80 9012
20140117 8.87 8.84 8.96 8.78 4628
20140120 8.84 8.76 8.90 8.69 4265
20140121 8.76 9.25 9.58 8.61 20856
20140122 9.15 9.63 9.77 9.02 36138
20140123 9.50 9.77 10.06 9.45 37787
20140124 9.72 9.74 10.00 9.61 33025
20140127 9.74 9.82 10.05 9.70 27119
20140128 9.86 9.94 10.02 9.80 22874
20140129 9.99 9.92 9.99 9.76 22315
20140130 9.95 9.93 10.27 9.92 22289
20140207 9.84 10.26 10.28 9.70 28805
20140210 10.31 10.72 10.78 10.31 50011
20140211 10.62 10.46 10.76 10.43 32078
20140212 10.59 10.95 11.00 10.51 47742
20140213 10.93 10.68 11.48 10.66 55545
20140214 10.68 10.55 10.80 10.39 36921
20140217 10.60 10.95 11.10 10.42 52672
20140218 11.00 10.84 11.00 10.81 28551
20140219 10.88 10.61 10.95 10.54 27802
20140220 10.57 10.30 10.65 10.28 25121
20140221 10.31 10.30 10.48 10.13 19534
20140224 10.30 10.42 10.47 10.08 17620
20140225 10.40 9.95 10.61 9.87 26793
20140226 10.95 10.95 10.95 10.95 30284
20140227 12.05 12.05 12.05 12.05 14743
20140228 13.26 13.26 13.26 12.92 243461
20140303 13.86 14.59 14.59 13.86 238347
20140304 14.83 16.05 16.05 14.66 201037
20140305 16.87 17.66 17.66 16.87 73160
20140306 18.99 19.43 19.43 18.19 316138
20140307 18.85 20.30 21.37 18.50 272412
20140310 19.80 18.27 19.80 18.27 203549
20140311 18.29 17.51 18.48 17.11 173230
20140312 17.22 17.71 18.18 16.61 198468
20140313 17.00 17.24 17.30 16.60 129237
20140314 17.16 16.96 17.48 16.73 101125
20140317 16.70 17.50 17.57 16.50 123826
20140318 17.89 17.02 18.29 17.00 179801
20140319 16.45 17.39 17.70 16.22 146462
20140320 17.01 16.13 17.30 16.00 117660
20140321 16.13 16.96 17.02 15.88 102772
20140324 16.78 16.81 17.10 16.52 74373
20140325 16.65 18.17 18.49 16.50 198747
20140326 17.78 18.63 19.35 17.55 180599
20140327 18.82 16.77 18.86 16.77 151343
20140328 16.00 15.09 16.38 15.09 121740
20140331 15.09 14.75 15.17 14.57 63388
20140401 14.80 15.41 15.42 14.69 82299
20140402 15.50 15.60 15.80 15.17 97340
20140403 15.43 15.25 15.69 15.02 63507
20140404 15.17 15.50 15.62 15.00 46935
20140408 15.23 15.34 15.59 15.13 50055
20140409 15.45 15.61 15.66 15.31 59055
20140410 15.59 16.08 16.58 15.39 92772
20140411 15.86 16.55 16.88 15.80 94536
20140414 16.36 18.20 18.21 16.28 117242
20140415 18.18 17.95 18.20 17.40 100689
20140416 17.88 19.07 19.75 17.61 190090
20140417 18.72 18.92 19.84 18.55 136830
20140418 18.58 19.50 19.99 17.60 150295
20140421 18.53 18.16 18.95 18.07 141984
20140422 18.45 17.43 18.60 17.22 95387
20140423 17.37 15.76 17.37 15.69 119440
20140424 15.86 15.57 16.25 15.47 81517
20140425 15.52 14.64 15.54 14.52 88969
20140428 14.70 14.33 14.75 14.14 48334
20140429 14.30 14.63 14.71 14.23 51063
20140430 14.68 14.88 15.09 14.41 61401
20140505 14.88 15.10 15.17 14.50 54487
20140506 14.96 14.95 15.30 14.85 56605
20140507 14.85 13.95 14.88 13.90 55476
20140508 13.73 14.98 15.35 13.65 117865
20140509 14.60 14.33 14.77 14.10 61995
20140512 14.50 14.81 14.98 14.35 59760
20140513 14.88 14.75 15.50 14.70 63670
20140514 14.71 14.89 15.08 14.50 43080
20140515 14.80 14.16 14.87 14.08 47188
20140516 14.21 14.22 14.30 13.70 33801
20140519 14.05 14.04 14.25 13.80 19999
20140520 14.09 14.10 14.36 13.95 31755
20140521 14.11 14.71 14.88 13.81 58837
20140522 14.62 14.57 14.80 14.52 50287
20140523 14.57 15.06 15.08 14.51 66084
20140526 16.29 16.56 16.57 15.80 173025
20140527 16.13 16.46 16.50 15.81 124059
20140528 16.65 16.58 17.55 16.49 158973
20140529 16.22 15.85 16.59 15.73 99989
20140530 15.80 15.85 16.10 15.35 69005
20140603 15.74 15.85 16.05 15.61 52172
20140604 15.71 15.35 15.74 15.09 47131
20140605 15.16 15.67 15.68 15.16 39880
20140606 15.61 15.91 15.93 15.26 54525
20140609 15.89 16.23 16.53 15.78 96821
20140610 16.01 16.46 16.48 15.63 83950
20140611 16.31 16.67 16.97 16.21 96452
20140612 16.55 16.32 16.99 16.30 76866
20140613 16.40 16.87 17.40 16.23 121362
20140616 16.90 16.86 17.17 16.64 76816
20140617 16.93 16.65 16.93 16.36 67936
20140618 16.65 16.55 16.65 16.16 63249
20140619 16.98 15.38 16.99 14.92 72262
20140620 15.28 15.52 15.72 15.02 36247
20140623 15.50 15.38 15.74 15.29 38182
20140624 15.37 15.66 15.78 15.35 41141
20140625 15.60 15.19 15.60 15.08 41958
20140626 15.19 15.53 15.60 15.11 38578
20140627 15.59 16.15 16.50 15.50 84558
20140630 15.98 16.77 16.93 15.76 101443
20140701 16.75 16.64 17.24 16.40 94319
20140702 16.63 16.81 16.88 16.39 60615
20140703 16.98 18.49 18.49 16.83 168203
20140704 19.17 18.07 19.26 17.93 172307
20140707 17.75 17.89 18.29 17.67 89849
20140708 17.69 18.11 18.20 16.93 100797
20140709 18.01 18.05 19.30 17.88 134964
20140710 18.59 18.41 19.25 18.01 142641
20140711 18.02 17.90 18.39 17.73 87284
20140714 18.11 18.91 19.57 18.02 132393
20140715 18.75 20.80 20.80 18.46 182276
20140716 21.00 19.45 21.00 19.33 153449
20140717 19.00 19.57 20.76 18.91 146734
20140718 18.80 18.97 19.49 18.58 80369
20140721 18.65 19.10 19.70 18.65 76443
20140722 19.22 19.98 20.38 19.22 130847
20140723 19.99 19.02 20.09 18.80 95561
20140724 18.82 18.19 18.97 17.50 73931
20140725 18.28 18.17 18.62 17.84 47218
20140728 18.10 18.48 18.51 18.01 51027
20140729 18.55 19.24 19.41 18.55 83982
20140730 19.15 19.27 19.68 18.81 75901
20140731 19.41 19.84 20.28 19.41 101320
20140801 19.65 19.11 19.65 19.00 63949
20140804 19.11 19.27 19.29 19.03 37661
20140805 19.27 18.98 19.28 18.67 44643
20140806 18.80 19.25 19.28 18.53 41922
20140807 19.30 18.92 19.54 18.83 52530
20140808 18.94 18.88 19.06 18.71 26361
20140811 18.90 19.15 19.28 18.82 30943
20140812 19.18 19.56 19.64 19.04 57765
20140813 19.47 19.21 19.47 19.00 38459
20140814 19.19 18.90 19.45 18.88 34070
20140815 18.65 18.58 18.89 18.49 49569
20140818 18.65 18.75 18.80 18.54 33372
20140819 18.78 19.16 19.50 18.55 69277
20140820 18.90 18.90 19.09 18.74 39800
20140821 18.90 19.10 19.25 18.80 46447
20140822 19.08 19.03 19.28 18.85 38781
20140825 18.80 18.20 18.80 18.15 53895
20140826 18.13 17.94 18.30 17.83 25047
20140827 18.30 18.14 18.63 18.12 25864
20140828 18.03 17.54 18.05 17.30 39316
20140829 17.53 17.82 17.90 17.32 21326
20140901 17.90 18.14 18.18 17.84 22295
20140902 18.20 18.50 18.75 18.11 42937
20140903 18.45 18.50 18.67 18.45 37108
20140904 18.55 18.59 18.66 18.49 29535
20140905 18.63 18.98 19.02 18.40 61577
20140909 19.12 18.85 19.25 18.72 47840
20140910 18.71 18.62 18.77 18.40 35037
20140911 18.62 18.47 18.80 18.32 37190
20140912 18.36 18.58 18.71 18.36 23352
20140915 18.57 18.69 18.70 18.49 29980
20140916 18.74 17.88 18.78 17.85 42971
20140917 17.80 18.40 18.69 17.47 45441
20140918 18.19 18.11 18.30 18.00 20461
20140919 18.20 18.06 18.27 17.70 17967
20140922 18.03 17.72 18.15 17.60 19665
20140923 17.76 17.85 17.90 17.59 14778
20140924 17.85 18.04 18.05 17.63 23070
20140925 18.02 18.17 18.55 18.00 39762
20140926 18.19 17.85 18.24 17.68 29676
20140929 17.95 18.01 18.23 17.78 21491
20140930 18.10 18.39 18.50 18.00 34889
20141008 18.77 18.58 18.87 18.40 46513
20141009 18.69 19.56 19.88 18.58 155594
20141010 19.01 19.06 19.23 18.85 66491
20141013 18.99 18.42 18.99 18.00 51891
20141014 18.49 18.22 18.51 18.09 30755
20141015 18.20 18.34 18.40 18.10 22273
20141016 18.28 17.72 18.28 17.70 40153
20141017 17.50 16.74 17.50 16.36 52045
20141020 16.70 17.28 17.29 16.64 31852
20141021 17.30 18.05 18.10 17.19 57851
20141022 18.00 17.98 18.47 17.75 47284
20141023 18.00 17.90 18.29 17.60 36361
20141024 17.80 19.20 19.69 17.71 159787
20141027 18.93 18.93 19.01 18.55 47090
20141028 18.93 19.25 19.78 18.55 205575
20141029 18.78 18.88 19.09 18.54 141026
20141030 18.86 18.45 18.86 18.43 68487
20141031 18.60 18.09 18.65 17.92 45820
20141103 18.07 18.10 18.20 17.90 29370
20141104 18.01 17.85 18.02 17.80 28911
20141105 17.79 18.04 18.06 17.51 25100
20141106 17.96 18.09 18.13 17.82 19902
20141107 18.12 17.87 18.20 17.74 24721
20141110 17.96 17.75 17.99 17.58 23162
20141111 17.75 16.94 17.90 16.70 40164
20141112 16.90 17.23 17.29 16.63 20972
20141113 17.37 16.96 17.40 16.74 19667
20141114 16.81 16.92 17.15 16.80 13314
20141117 17.00 17.20 17.44 16.98 18743
20141118 17.18 17.09 17.20 16.98 12923
20141119 17.05 17.18 17.20 16.95 14342
20141120 17.05 16.89 17.17 16.82 16757
20141121 16.86 16.88 17.03 16.86 13874
20141124 17.00 17.27 17.50 16.90 29971
20141125 17.30 17.68 17.86 17.30 37505
20141126 18.22 18.00 18.67 17.76 68540
20141127 18.12 17.74 18.17 17.62 37673
20141128 17.86 17.53 17.86 17.43 26298
20141201 17.60 17.14 17.60 17.00 23859
20141202 17.14 17.24 17.52 17.10 18553
20141203 17.28 17.55 17.72 17.01 37821
20141204 17.45 17.56 17.59 17.42 33188
20141205 17.58 16.93 17.58 16.72 37861
20141208 16.80 17.22 17.57 16.73 37085
20141209 17.28 16.80 17.51 16.80 43205
20141210 15.26 16.83 16.99 15.26 33131
20141211 16.79 16.89 17.20 16.55 22213
20141212 16.88 17.04 17.13 16.71 28022
20141215 16.96 17.01 17.08 16.87 18802
20141216 16.98 16.69 17.01 16.67 25058
20141217 16.67 16.11 16.67 15.88 34365
20141218 16.11 16.00 16.28 16.00 18619
20141219 15.98 15.52 15.98 15.36 23814
20141222 15.52 14.57 15.69 14.48 26688
20141223 14.60 14.60 14.76 14.41 11727
20141224 14.77 14.85 14.89 14.65 12404
20141225 14.86 14.82 14.90 14.70 12112
20141226 14.73 14.79 14.89 14.68 12475
20141229 14.83 14.55 14.92 14.50 12942
20141230 14.45 14.49 14.72 14.45 11989
20141231 14.49 14.64 14.65 14.45 8923
20150105 14.65 14.69 14.70 14.41 17646
20150106 14.65 15.27 15.54 14.46 34730
20150107 15.05 15.14 15.23 15.01 14531
20150108 15.14 15.05 15.21 14.98 9827
20150109 15.09 14.98 15.24 14.97 12477
20150112 15.38 16.48 16.48 15.38 71469
20150113 16.87 17.35 17.72 16.51 133473
20150114 17.00 16.35 17.69 16.18 68059
20150115 16.10 16.27 16.42 15.78 56816
20150116 16.30 16.79 17.15 16.30 89547
20150119 15.97 15.86 16.60 15.50 56673
20150120 15.99 16.39 16.47 15.89 38794
20150121 16.28 16.63 16.67 16.27 41986
20150122 16.53 16.69 16.97 16.44 41706
20150123 16.67 16.37 16.85 16.21 34277
20150126 16.30 16.73 16.83 16.22 35383
20150127 16.73 16.90 16.96 16.46 40001
20150128 16.91 16.64 16.91 16.60 24137
20150129 16.50 16.22 16.51 16.20 24166
20150130 16.20 16.06 16.44 15.98 15982
20150202 16.06 15.78 16.06 15.77 14575
20150203 15.78 16.22 16.32 15.78 21459
20150204 16.32 16.68 16.80 16.15 47957
20150205 16.59 16.73 17.24 16.46 58524
20150206 16.68 16.83 17.24 16.61 44569
20150209 16.83 16.58 17.05 16.21 22257
20150210 16.50 16.48 16.69 16.26 13741
20150211 16.50 16.74 16.85 16.50 19249
20150212 16.81 17.28 17.54 16.78 56454
20150213 17.29 17.72 18.07 17.11 90623
20150216 17.73 18.18 18.55 17.68 84172
20150217 18.48 20.00 20.00 18.29 122802
20150225 20.30 19.97 20.38 19.11 128520
20150226 19.73 19.39 20.07 19.13 75170
20150227 19.29 19.53 19.59 18.86 77495
20150302 19.53 19.78 19.96 19.32 71670
20150303 19.56 19.39 20.00 19.15 53447
20150304 19.26 19.76 19.79 19.20 43554
20150305 19.76 21.54 21.74 19.32 142252
20150306 21.20 19.39 21.20 19.39 181273
20150309 18.60 18.94 19.20 18.45 61352
20150310 19.10 19.23 19.39 18.64 54912
20150311 19.01 18.99 19.41 18.84 52911
20150312 18.99 18.34 19.10 18.10 63971
20150313 18.53 18.56 18.69 18.30 50050
20150316 18.61 19.15 19.20 18.60 61195
20150317 19.13 19.47 19.55 19.03 77145
20150318 19.46 19.70 19.79 19.21 74992
20150319 19.71 19.54 19.89 19.30 78161
20150320 19.46 19.74 19.95 19.42 74905
20150323 19.79 19.92 20.05 19.70 100368
20150324 19.90 20.54 20.61 19.63 149105
20150325 20.55 21.08 21.99 20.06 139100
20150326 20.90 20.03 20.90 19.80 93743
20150327 19.96 20.68 20.90 19.83 88178
20150330 20.76 22.75 22.75 20.50 134937
20150331 23.50 22.56 23.50 22.16 159343
20150401 22.65 24.82 24.82 22.65 271883
20150402 24.94 27.08 27.30 24.30 264983
20150403 26.00 26.12 26.86 25.60 181733
20150407 26.14 25.76 26.25 25.22 114322
20150408 26.00 26.49 26.98 24.82 154961
20150409 26.00 25.23 26.38 23.85 85512
20150410 25.00 25.54 25.88 24.66 66697
20150413 25.61 26.38 26.62 25.36 102722
20150414 26.19 25.54 26.19 25.25 72031
20150415 25.14 24.09 25.39 23.80 65565
20150416 23.85 24.48 25.05 23.83 43714
20150417 25.00 24.70 25.65 24.61 81753
20150420 24.57 23.12 24.57 23.00 89224
20150421 22.89 23.85 24.06 22.88 56605
20150422 23.99 24.50 24.69 23.70 84144
20150423 24.41 24.97 25.57 24.20 111951
20150424 24.50 24.60 25.50 24.01 65368
20150427 24.60 24.35 25.08 23.96 64872
20150428 24.37 24.20 25.15 24.08 73688
20150429 23.20 23.98 24.44 22.65 48739
20150430 24.02 24.04 24.57 23.75 47782
20150504 24.20 23.90 24.30 23.52 34664
20150505 23.95 22.83 23.96 21.95 59749
20150506 23.00 22.25 23.30 21.80 33987
20150507 22.02 22.70 22.99 21.91 36796
20150508 22.91 24.06 24.15 22.91 78088
20150511 24.30 25.77 26.08 23.61 105824
20150512 25.80 25.84 25.98 25.00 67220
20150513 25.72 25.79 26.59 25.02 78869
20150514 25.80 27.14 27.90 25.56 132989
20150515 26.55 25.86 26.77 25.00 71878
20150518 25.86 25.34 26.10 25.27 75394
20150519 25.33 25.73 25.74 24.88 57732
20150520 25.76 26.59 26.99 25.74 93642
20150521 26.60 28.25 28.79 26.60 111946
20150522 28.90 27.96 28.93 26.86 94954
20150525 27.98 28.48 28.50 27.40 104200
20150526 28.50 29.90 30.00 28.50 127525
20150527 29.90 28.42 29.90 28.39 108978
20150528 27.96 25.58 27.96 25.58 118558
20150529 25.29 26.10 26.78 23.68 75698
20150601 26.00 27.46 27.84 26.00 69428
20150602 27.45 30.21 30.21 27.00 169688
20150603 31.00 33.23 33.23 29.32 185702
20150604 32.00 31.98 32.93 30.00 126556
20150605 32.03 32.14 32.71 31.31 125612
20150608 32.35 30.64 32.35 29.15 118305
20150609 30.60 29.98 30.99 29.65 68039
20150610 30.00 30.43 30.96 29.09 69478
20150611 30.46 32.26 32.51 30.17 123698
20150612 32.49 31.59 34.07 31.51 127633
20150615 31.63 30.11 31.65 30.08 71338
20150616 29.89 28.47 29.89 27.96 45701
20150617 28.00 30.96 30.97 28.00 52811
20150618 31.25 29.57 31.66 29.15 54657
20150619 28.00 26.61 28.98 26.61 49348
20150623 26.08 26.68 26.79 24.01 40596
20150624 26.97 27.18 27.64 26.40 47769
20150625 27.23 26.55 27.80 25.70 47019
20150626 25.20 23.90 25.88 23.90 40290
20150629 24.78 21.51 24.78 21.51 42807
20150630 20.05 22.66 23.45 19.36 63582
20150701 22.51 20.39 23.29 20.39 44019
20150702 19.83 18.35 20.50 18.35 48671
20150703 16.63 16.52 18.20 16.52 47897
20150706 18.17 14.87 18.17 14.87 74091
20150707 13.38 13.38 13.80 13.38 24878
20150708 12.04 12.04 12.04 12.04 5404
20150709 10.84 13.24 13.24 10.84 115653
20150710 13.82 14.56 14.56 13.50 50375
20150713 15.05 16.02 16.02 15.05 103191
20150714 16.81 17.33 17.62 16.30 163142
20150715 17.02 15.60 17.02 15.60 70863
20150716 14.04 15.58 16.38 14.04 88119
20150717 15.56 17.12 17.14 15.43 97885
20150720 17.20 17.73 18.28 16.80 118208
20150721 17.68 18.21 18.62 17.11 94770
20150722 18.00 18.05 18.23 17.38 64805
20150723 18.00 19.24 19.78 17.93 93757
20150724 19.30 20.29 21.00 19.24 138153
20150727 20.29 18.91 21.75 18.31 183045
20150728 17.80 17.35 19.45 17.02 131615
20150729 17.89 18.59 18.80 16.51 90363
20150730 18.30 17.73 18.98 17.31 95728
