20140102 7.87 8.18 8.27 7.78 44975
20140428 8.18 7.36 8.18 7.36 134783
20140429 6.80 6.93 6.97 6.68 85532
20140430 6.88 7.13 7.26 6.88 43490
20140505 7.10 6.88 7.26 6.80 41379
20140506 6.88 6.75 6.88 6.68 35452
20140507 6.75 6.67 6.94 6.66 25184
20140508 6.72 6.54 6.79 6.50 28098
20140509 6.55 6.11 6.61 6.02 51115
20140512 6.15 6.18 6.22 5.95 28136
20140513 6.16 6.75 6.80 6.11 67910
20140514 6.60 6.56 6.65 6.51 34592
20140515 6.48 6.26 6.55 6.22 24743
20140516 6.24 6.34 6.44 6.21 15325
20140519 6.34 6.41 6.53 6.25 18676
20140520 6.39 6.34 6.55 6.30 20421
20140521 6.33 6.35 6.43 6.25 10985
20140522 6.35 6.33 6.45 6.31 22787
20140523 6.34 6.33 6.36 6.27 9858
20140526 6.28 6.30 6.38 6.23 14733
20140527 6.30 6.25 6.30 6.22 12445
20140528 6.31 6.44 6.51 6.22 27948
20140529 6.39 6.38 6.60 6.36 17058
20140530 6.35 6.44 6.51 6.34 14800
20140603 6.42 6.44 6.50 6.40 11013
20140604 6.46 6.30 6.46 6.30 12787
20140605 6.32 6.35 6.38 6.22 12171
20140606 6.35 6.28 6.35 6.17 12060
20140609 6.30 6.29 6.48 6.25 14752
20140610 6.28 6.31 6.34 6.25 13337
20140611 6.32 6.18 6.36 6.15 35556
20140612 6.18 6.07 6.21 6.02 26885
20140613 6.06 6.08 6.10 5.99 28369
20140616 6.08 6.10 6.15 6.01 22879
20140617 6.06 6.00 6.10 5.97 28770
20140618 6.00 5.77 6.02 5.76 31958
20140619 5.75 5.50 5.82 5.41 41305
20140620 5.52 5.51 5.60 5.46 26283
20140623 5.53 5.48 5.57 5.44 29601
20140624 5.49 5.42 5.49 5.36 18159
20140625 5.41 5.59 5.78 5.36 52335
20140626 5.59 5.62 5.70 5.55 28208
20140627 5.67 5.53 5.68 5.49 38847
20140630 5.53 5.69 5.72 5.46 40890
20140701 5.69 5.62 5.69 5.52 43259
20140702 5.61 5.60 5.62 5.52 22843
20140703 5.60 5.62 5.64 5.55 33560
20140704 5.63 5.57 5.64 5.53 34464
20140707 5.53 5.50 5.59 5.41 33340
20140708 5.50 5.56 5.57 5.45 28090
20140709 5.55 5.43 5.55 5.41 31991
20140710 5.42 5.74 5.85 5.41 101686
20140711 5.73 5.72 5.78 5.64 40797
20140714 5.70 5.61 5.70 5.52 38560
20140715 5.61 5.58 5.64 5.54 25229
20140716 5.57 5.60 5.65 5.55 31014
20140717 5.56 5.56 5.61 5.47 21126
20140718 5.51 5.56 5.63 5.51 18567
20140721 5.53 5.58 5.71 5.53 42485
20140722 5.72 5.65 5.84 5.60 59715
20140723 5.61 5.99 6.22 5.53 119771
20140724 5.85 6.02 6.23 5.81 127418
20140725 6.02 5.99 6.06 5.82 69062
20140728 5.96 5.98 6.08 5.90 70120
20140729 5.98 5.99 6.01 5.92 45282
20140730 5.96 6.02 6.06 5.85 72592
20140731 6.00 6.07 6.19 5.95 64854
20140801 6.06 5.96 6.12 5.96 47867
20140804 5.96 6.02 6.04 5.96 34378
20140805 6.02 6.05 6.07 5.95 32728
20140806 6.07 6.06 6.09 6.00 33600
20140807 6.09 6.15 6.27 6.08 75077
20140808 6.16 6.23 6.25 6.09 42245
20140811 6.24 6.40 6.48 6.16 52259
20140812 6.36 6.39 6.46 6.32 31178
20140813 6.41 6.55 6.57 6.39 45168
20140814 6.55 6.33 6.60 6.29 49738
20140815 6.31 6.59 6.60 6.31 48575
20140818 6.59 6.58 6.65 6.50 32313
20140819 6.58 6.50 6.58 6.44 36314
20140820 6.46 6.50 6.59 6.40 27712
20140821 6.48 6.44 6.55 6.40 28212
20140822 6.42 6.45 6.50 6.37 31385
20140825 6.45 6.72 6.80 6.39 38203
20140826 6.61 6.44 6.68 6.40 48418
20140827 6.38 6.55 6.56 6.37 27615
20140828 6.50 6.57 6.58 6.45 27188
20140829 6.72 7.23 7.23 6.72 89832
20140901 7.40 7.22 7.44 6.97 144251
20140902 7.25 7.23 7.25 7.05 78227
20140903 7.23 7.35 7.55 7.14 97432
20140904 7.32 7.46 7.65 7.26 75690
20140905 7.46 7.31 7.49 7.31 51293
20140909 7.39 7.30 7.39 7.17 37350
20140910 7.25 7.37 7.45 7.19 36702
20140911 7.46 7.70 7.88 7.42 72123
20140912 7.70 7.69 7.83 7.55 51478
20140915 7.69 7.76 7.76 7.57 55439
20140916 7.69 7.31 7.76 7.28 61996
20140917 7.31 7.53 7.59 7.15 63349
20140918 7.48 7.43 7.51 7.40 24000
20140919 7.40 7.56 7.77 7.35 35832
20140922 7.51 7.92 7.99 7.39 107417
20140923 7.87 7.98 8.08 7.83 64546
20140924 7.99 8.03 8.08 7.86 37608
20140925 8.02 7.88 8.08 7.84 45245
20140926 7.85 7.79 7.89 7.62 44464
20140929 7.78 7.82 7.84 7.68 42168
20140930 7.82 7.76 7.87 7.72 46153
20141008 7.77 7.95 7.99 7.69 84102
20141009 7.95 7.89 7.95 7.71 53863
20141010 7.81 7.90 7.98 7.81 58398
20141013 7.87 7.91 7.92 7.70 37892
20141014 7.88 7.88 7.92 7.79 44864
20141015 7.88 8.03 8.08 7.81 78491
20141016 8.00 7.59 8.06 7.51 76409
20141017 7.61 7.38 7.62 7.13 61160
20141020 7.38 7.43 7.46 7.32 28068
20141021 7.45 7.41 7.48 7.33 20407
20141022 7.40 7.28 7.44 7.20 34480
20141023 7.20 7.06 7.24 6.98 30152
20141024 7.03 7.14 7.19 7.02 21446
20141027 7.14 7.39 7.55 7.10 32541
20141028 7.39 7.50 7.55 7.39 21260
20141029 7.53 7.51 7.57 7.44 26869
20141030 7.51 7.51 7.57 7.44 25971
20141031 7.52 7.48 7.54 7.41 20967
20141103 7.48 7.54 7.58 7.45 35303
20141104 7.56 8.04 8.29 7.51 111279
20141105 8.00 7.93 8.00 7.82 38679
20141106 7.81 7.98 8.05 7.81 35662
20141107 7.91 7.86 8.04 7.78 38649
20141110 7.81 7.76 7.93 7.60 30085
20141111 7.75 7.42 7.83 7.31 52450
20141112 7.43 7.66 7.72 7.38 28068
20141113 7.66 7.61 7.70 7.49 35085
20141114 7.55 7.79 7.97 7.50 48410
20141117 7.72 7.88 7.94 7.72 31626
20141118 7.82 7.84 7.93 7.81 30976
20141119 7.81 7.87 7.90 7.73 30232
20141120 7.89 7.75 7.89 7.71 24748
20141121 7.75 7.72 7.79 7.66 18615
20141124 7.86 7.72 7.99 7.70 60867
20141125 7.72 7.76 7.77 7.59 59234
20141201 7.81 7.59 7.95 7.40 100827
20141202 7.51 7.79 7.88 7.51 105442
20141203 7.75 7.80 7.94 7.67 88414
20141204 7.79 7.81 7.87 7.67 88037
20141205 7.85 7.69 7.86 7.05 106498
20141208 7.54 7.62 7.67 7.47 109420
20141209 7.55 7.30 7.55 7.07 137100
20141210 7.23 7.70 7.90 7.10 104526
20141211 7.77 7.69 7.84 7.59 55680
20141212 7.65 7.90 8.02 7.64 86644
20141215 7.93 7.90 8.00 7.81 54064
20141216 7.90 8.00 8.04 7.81 92884
20141217 8.01 7.78 8.10 7.77 68877
20141218 7.80 8.00 8.10 7.67 81436
20141219 8.00 8.80 8.80 8.00 228914
20141222 9.01 8.80 9.29 8.45 195521
20141223 8.96 8.67 9.15 8.10 109412
20141224 8.61 9.12 9.15 8.50 90187
20141225 9.15 9.35 9.59 8.91 135624
20141226 9.28 9.22 9.45 9.02 78964
20141229 9.04 8.84 9.26 8.71 98467
20141230 8.88 8.29 8.94 8.24 87933
20141231 8.33 8.70 8.72 8.24 72766
20150105 8.80 8.70 9.05 8.68 79964
20150106 8.54 8.76 8.82 8.22 84548
20150107 8.68 8.48 8.96 8.48 52017
20150108 8.41 8.30 8.55 8.18 90151
20150109 8.33 8.48 8.50 8.19 50222
20150112 8.48 8.50 8.51 8.23 48269
20150113 8.45 8.56 8.60 8.30 35612
20150114 8.58 8.44 8.61 8.32 31311
20150115 8.42 8.34 8.50 8.29 40344
20150116 8.32 8.35 8.42 8.20 45598
20150119 8.08 8.22 8.34 8.00 43945
20150120 8.13 8.41 8.52 8.13 52455
20150121 8.54 8.46 8.54 8.33 40514
20150122 8.45 8.37 8.48 8.30 42038
20150123 8.37 8.26 8.48 8.21 62661
20150126 8.15 8.34 8.44 7.77 75036
20150127 8.28 8.22 8.38 8.20 44172
20150128 8.19 8.20 8.36 8.14 39930
20150129 8.18 8.09 8.27 8.05 39511
20150130 8.05 8.05 8.17 7.98 42747
20150202 8.00 7.57 8.00 7.51 47633
20150203 7.55 7.53 7.73 7.29 69379
20150204 7.53 7.62 7.68 7.50 43734
20150205 7.78 7.60 7.98 7.54 58444
20150206 7.50 7.14 7.50 7.03 57685
20150209 7.10 6.87 7.10 6.81 52903
20150210 6.89 6.89 6.98 6.74 45775
20150211 6.86 6.94 6.96 6.75 48138
20150212 6.91 6.91 6.99 6.78 39775
20150213 7.03 7.60 7.60 7.00 97442
20150216 7.68 8.02 8.28 7.46 127446
20150217 7.95 7.90 8.12 7.88 61929
20150225 7.90 7.70 7.90 7.65 43468
20150226 7.69 7.89 8.03 7.68 51459
20150227 7.92 7.79 7.92 7.69 50640
20150302 7.89 7.81 7.91 7.71 62984
20150303 7.80 7.62 7.80 7.60 63319
20150304 7.61 7.87 8.00 7.46 99027
20150305 7.80 7.69 7.80 7.66 50439
20150306 7.69 7.73 7.83 7.64 45168
20150309 7.72 7.94 7.99 7.55 76648
20150310 7.88 8.00 8.11 7.85 69042
20150311 7.99 7.96 8.03 7.85 48425
20150312 7.96 7.87 8.00 7.83 45084
20150313 7.93 7.85 7.93 7.79 41403
20150316 7.89 8.15 8.26 7.81 105660
20150317 8.10 8.30 8.45 8.09 112198
20150318 8.30 8.38 8.45 8.20 90649
20150319 8.42 8.36 8.47 8.20 123933
20150320 8.69 8.55 8.97 8.46 185908
20150323 8.55 8.65 8.82 8.44 126983
20150324 8.64 8.42 8.64 8.18 135269
20150325 8.36 8.54 8.56 8.25 86362
20150326 8.48 8.64 8.66 8.40 110231
20150327 8.65 8.89 8.90 8.65 138486
20150330 8.94 9.03 9.30 8.72 194136
20150331 9.20 8.79 9.23 8.75 151708
20150401 8.70 9.12 9.23 8.69 181941
20150402 9.11 9.22 9.43 9.01 194893
20150403 9.15 9.19 9.27 9.03 122590
20150407 9.14 9.34 9.45 9.13 204776
20150408 9.35 9.65 9.76 9.08 247045
20150409 9.56 9.45 9.56 9.15 156529
20150410 9.41 9.60 9.64 9.23 148378
20150413 9.59 9.79 9.87 9.38 164698
20150414 9.79 10.46 10.64 9.61 286049
20150415 10.37 10.72 11.09 10.20 275204
20150416 10.40 10.49 11.04 10.33 143986
20150417 10.47 10.16 10.86 10.09 214195
20150420 10.20 10.50 10.63 9.60 214153
20150421 10.32 10.22 10.49 10.04 238179
20150422 10.24 10.33 10.50 10.14 213303
20150423 10.26 10.18 10.38 10.11 187601
20150424 10.05 10.25 10.44 9.90 197747
20150427 10.26 10.30 10.60 10.20 308676
20150428 10.27 10.11 10.33 9.79 210498
20150429 10.00 10.44 10.53 9.95 210693
20150430 10.70 10.65 11.11 10.51 292949
20150504 10.75 10.53 10.82 10.35 160246
20150505 10.55 10.14 10.75 9.83 140715
20150506 10.13 9.35 10.19 9.13 157633
20150507 9.36 9.00 9.45 8.95 125197
20150508 9.20 9.64 9.71 9.04 170731
20150511 9.82 9.88 9.96 9.66 167666
20150512 9.87 9.74 9.87 9.56 141990
20150513 9.65 10.69 10.71 9.52 366311
20150514 10.60 10.24 10.60 10.20 192574
20150515 10.25 9.98 10.62 9.90 188675
20150518 9.81 10.43 10.55 9.59 183163
20150519 10.30 10.63 10.97 10.23 248681
20150605 11.69 11.69 11.69 11.69 39049
20150608 12.30 12.86 12.86 11.80 639875
20150609 12.79 13.46 13.94 12.60 511041
20150610 13.49 13.37 13.83 13.10 311147
20150611 13.58 14.71 14.71 13.58 161111
20150612 16.18 16.18 16.18 15.03 171601
20150615 17.00 17.13 17.80 16.27 366975
20150616 15.61 16.08 16.87 15.55 252773
20150617 15.79 16.15 16.50 14.81 237717
20150618 16.36 16.50 17.60 15.80 256895
20150619 15.80 14.85 16.40 14.85 202283
20150623 14.61 14.10 14.98 13.37 212951
20150624 14.46 15.51 15.51 14.15 203531
20150625 15.80 15.61 16.56 14.86 287071
20150626 14.83 14.05 15.45 14.05 185808
20150629 14.65 12.88 14.80 12.65 316173
20150630 12.00 13.74 14.02 11.59 260833
20150701 13.40 12.45 14.26 12.38 211517
20150702 12.44 11.21 12.85 11.21 217934
20150703 10.80 10.09 11.29 10.09 194160
20150706 11.10 9.08 11.10 9.08 240124
20150707 8.79 8.17 8.79 8.17 151352
20150722 8.99 8.99 8.99 8.99 1691
20150723 9.89 9.89 9.89 9.89 890
20150724 10.88 10.88 10.88 10.88 14222
20150727 11.35 10.70 11.97 10.61 617558
20150728 9.70 9.63 10.64 9.63 330081
20150729 9.68 10.04 10.08 8.81 281064
20150730 9.70 9.44 9.99 9.40 203849
