20140102 9.44 9.37 9.46 9.29 97303
20140103 9.36 9.19 9.36 9.14 98066
20140106 9.16 9.10 9.16 9.00 104195
20140107 9.09 9.12 9.19 9.03 61769
20140108 9.13 9.23 9.34 9.10 115870
20140109 9.19 9.13 9.38 9.09 77149
20140110 9.02 9.00 9.06 8.85 110905
20140113 9.02 8.96 9.07 8.90 48774
20140114 8.97 9.10 9.14 8.96 51306
20140115 9.12 9.05 9.12 8.92 57377
20140116 9.06 9.12 9.20 8.96 85563
20140117 9.13 9.18 9.28 9.04 110530
20140120 9.13 9.26 9.31 9.10 100247
20140121 9.30 9.30 9.49 9.26 109076
20140122 9.32 9.47 9.48 9.29 125551
20140123 9.47 9.33 9.47 9.33 88745
20140124 9.29 9.43 9.47 9.27 123751
20140127 9.33 9.13 9.36 9.11 130952
20140128 9.18 9.15 9.26 9.09 68977
20140129 9.21 9.20 9.23 9.14 66925
20140130 9.16 9.09 9.18 9.08 59460
20140207 9.06 9.12 9.13 8.90 73564
20140210 9.15 9.30 9.36 9.15 165702
20140211 9.29 9.35 9.46 9.25 147050
20140212 9.36 9.38 9.48 9.28 124164
20140213 9.28 9.19 9.34 9.15 187983
20140214 9.17 9.23 9.24 9.15 99749
20140217 9.29 9.27 9.33 9.21 137822
20140218 9.28 9.06 9.28 9.01 144502
20140219 9.05 9.17 9.22 9.01 123368
20140220 9.17 9.01 9.26 9.01 141412
20140221 8.98 8.74 9.03 8.67 200252
20140224 8.68 8.64 8.70 8.51 113776
20140225 8.65 8.37 8.73 8.32 176765
20140226 8.31 8.25 8.38 8.16 110282
20140227 8.29 8.31 8.44 8.23 155509
20140228 8.29 8.69 8.89 8.29 249946
20140303 8.65 8.54 8.66 8.41 139099
20140304 8.55 8.56 8.64 8.46 78546
20140305 8.60 8.39 8.62 8.36 94414
20140306 8.43 8.46 8.58 8.30 121150
20140307 8.44 8.32 8.55 8.28 102265
20140310 8.25 7.99 8.25 7.96 176692
20140311 7.96 8.00 8.12 7.92 90036
20140312 7.95 7.94 8.03 7.81 107711
20140313 7.95 8.02 8.13 7.92 119114
20140314 8.00 7.93 8.09 7.90 84190
20140317 7.96 7.99 8.01 7.86 114687
20140318 7.98 8.10 8.16 7.96 157022
20140319 8.08 8.01 8.10 7.94 75370
20140320 8.02 7.87 8.07 7.85 133499
20140321 7.83 8.14 8.18 7.79 230817
20140324 8.14 8.85 8.95 8.11 740214
20140325 8.77 9.23 9.46 8.71 802616
20140326 9.27 9.01 9.31 8.89 424894
20140327 8.96 8.91 9.18 8.88 352190
20140328 8.89 8.69 8.92 8.63 316134
20140331 8.75 8.68 8.83 8.55 248974
20140401 8.66 8.67 8.77 8.61 197470
20140402 8.68 8.83 8.93 8.67 306323
20140403 8.79 8.87 9.29 8.79 507640
20140404 8.81 9.11 9.18 8.78 302649
20140408 9.08 9.64 9.80 9.06 602748
20140409 9.55 9.62 9.67 9.42 269823
20140410 9.46 9.79 10.11 9.42 649303
20140411 9.75 9.61 9.82 9.58 307374
20140414 9.61 9.55 9.71 9.49 164470
20140415 9.56 9.23 9.57 9.18 276276
20140416 9.20 9.35 9.54 9.17 250493
20140417 9.32 9.19 9.47 9.18 242962
20140418 9.18 9.24 9.37 9.10 224462
20140421 9.16 9.01 9.32 8.98 219534
20140422 9.00 9.13 9.13 8.88 186336
20140423 9.08 9.01 9.14 8.93 139351
20140424 8.97 9.04 9.13 8.92 130092
20140425 9.05 8.94 9.17 8.93 187942
20140428 8.85 8.58 8.95 8.55 208525
20140429 8.55 8.72 8.75 8.43 205152
20140430 8.63 8.62 8.74 8.60 129496
20140505 8.56 8.68 8.71 8.49 120596
20140506 8.61 8.63 8.77 8.56 126073
20140507 8.60 8.62 8.72 8.57 110164
20140508 8.63 9.01 9.45 8.60 394729
20140509 8.93 9.10 9.13 8.88 341438
20140512 9.40 9.26 9.46 9.11 491258
20140513 9.18 9.12 9.26 9.05 247324
20140514 9.14 9.15 9.37 9.12 326516
20140515 9.12 8.81 9.18 8.72 284184
20140516 8.84 8.65 8.87 8.56 239578
20140519 8.63 8.52 8.66 8.45 178830
20140520 8.59 8.53 8.63 8.44 128711
20140521 8.53 8.60 8.61 8.34 182779
20140522 8.58 8.52 8.75 8.50 157266
20140523 8.50 8.57 8.60 8.48 150987
20140526 8.64 8.57 8.65 8.53 93816
20140527 8.60 8.58 8.68 8.55 150859
20140528 8.61 8.71 8.76 8.50 244660
20140529 8.68 8.53 8.71 8.52 128973
20140530 8.53 8.55 8.63 8.50 111465
20140603 8.58 8.35 8.64 8.34 231789
20140604 8.35 8.16 8.36 8.11 240111
20140605 8.16 8.25 8.26 8.12 103911
20140606 8.26 8.24 8.35 8.14 174030
20140609 8.18 8.22 8.32 8.13 109631
20140610 8.26 8.38 8.41 8.21 169606
20140611 8.34 8.32 8.37 8.28 103796
20140612 8.33 8.27 8.38 8.27 84755
20140613 8.27 8.37 8.45 8.25 137588
20140616 8.37 8.39 8.45 8.33 173485
20140617 8.32 8.16 8.32 8.15 159158
20140618 8.17 8.13 8.21 8.12 100874
20140619 8.15 7.98 8.18 7.90 137322
20140620 7.99 8.03 8.06 7.95 84970
20140623 8.07 8.09 8.15 8.01 89351
20140624 8.12 8.17 8.18 8.08 114675
20140625 8.15 8.12 8.18 8.11 82939
20140626 8.15 8.36 8.44 8.14 295456
20140630 8.75 8.62 8.80 8.54 770044
20140701 8.66 8.59 8.68 8.51 297915
20140702 8.60 9.07 9.12 8.58 761708
20140703 8.96 9.01 9.13 8.92 429158
20140704 9.11 9.01 9.22 8.90 317921
20140707 9.01 9.05 9.15 8.95 252735
20140708 9.02 9.01 9.06 8.94 191286
20140709 9.08 8.87 9.14 8.84 277045
20140710 8.87 8.88 8.95 8.85 147246
20140711 8.87 8.92 8.98 8.80 153237
20140714 8.92 9.08 9.09 8.83 286603
20140715 9.02 9.01 9.11 8.96 189356
20140716 9.01 8.93 9.10 8.89 161029
20140717 8.92 8.83 8.94 8.76 171101
20140718 8.81 8.93 9.08 8.77 265795
20140721 8.94 8.83 8.94 8.82 137009
20140722 8.80 9.05 9.06 8.80 306646
20140723 9.04 9.04 9.26 9.01 389300
20140724 9.05 9.40 9.45 9.03 801419
20140725 9.39 9.76 9.89 9.32 835341
20140728 9.95 10.15 10.58 9.88 1084961
20140729 10.05 10.17 10.30 10.05 524899
20140730 10.12 10.49 10.87 10.06 995114
20140731 10.40 10.81 10.85 10.36 661507
20140801 10.68 10.52 10.85 10.45 662726
20140804 10.64 10.78 10.83 10.52 769581
20140805 10.78 10.69 10.85 10.48 513336
20140806 10.60 10.60 10.75 10.43 545198
20140807 10.60 10.27 10.65 10.21 523180
20140808 10.30 10.36 10.47 10.24 369470
20140811 10.42 10.53 10.65 10.38 436442
20140812 10.50 10.64 10.75 10.47 496770
20140813 10.64 10.58 10.75 10.42 525514
20140814 10.57 10.42 10.60 10.34 332514
20140815 10.42 10.85 10.88 10.40 698045
20140818 10.90 10.96 11.15 10.85 745911
20140819 10.96 10.83 11.03 10.63 573401
20140820 10.85 10.95 11.03 10.78 505525
20140821 11.17 10.82 11.17 10.67 976276
20140822 10.79 11.05 11.06 10.72 592816
20140825 11.04 10.77 11.04 10.76 422361
20140826 10.70 10.51 10.83 10.45 406735
20140827 10.51 10.50 10.68 10.46 244169
20140828 10.50 10.60 10.80 10.48 317911
20140829 10.60 10.79 10.80 10.53 243775
20140901 10.78 10.86 10.88 10.71 284380
20140902 10.91 11.10 11.11 10.80 583230
20140903 11.12 11.06 11.25 10.98 578367
20140904 11.08 11.68 11.74 11.04 874987
20140905 11.79 12.03 12.11 11.63 878470
20140909 12.03 11.87 12.05 11.76 543621
20140910 11.76 11.85 11.98 11.61 611102
20140911 11.78 11.73 12.26 11.71 960656
20140912 11.68 11.86 11.98 11.63 404152
20140915 12.01 12.41 12.44 11.89 992400
20140916 12.33 11.79 12.41 11.75 851465
20140917 11.87 12.09 12.20 11.80 747505
20140918 12.00 11.82 12.03 11.65 704789
20140919 6.01 6.02 6.22 5.95 1392008
20140922 5.89 5.87 5.99 5.81 1328864
20140923 5.88 5.93 6.00 5.82 1146439
20140924 5.89 6.35 6.47 5.87 2845672
20140925 6.42 6.31 6.49 6.25 2464512
20140926 6.24 6.37 6.43 6.19 1368937
20140929 6.44 6.44 6.54 6.36 2320611
20140930 6.47 6.41 6.47 6.36 1116843
20141008 6.44 6.42 6.47 6.36 1004042
20141009 6.42 6.32 6.44 6.22 1329912
20141010 6.27 6.28 6.38 6.22 980680
20141013 6.21 6.22 6.26 6.14 805245
20141014 6.20 6.20 6.30 6.16 785533
20141015 6.19 6.41 6.51 6.17 2137964
20141016 6.34 6.28 6.47 6.27 1591198
20141017 6.30 6.40 6.49 6.20 2064539
20141020 6.42 6.39 6.44 6.33 1206309
20141021 6.38 6.35 6.47 6.34 1486056
20141022 6.35 6.20 6.39 6.18 1129415
20141023 6.16 6.10 6.24 6.08 836295
20141024 6.11 6.10 6.18 6.05 693874
20141027 5.99 5.84 5.99 5.82 1124836
20141028 5.88 6.08 6.10 5.85 1172383
20141029 6.10 6.26 6.39 6.04 1877266
20141030 6.28 6.29 6.40 6.23 1604081
20141031 6.35 6.45 6.54 6.30 2572312
20141103 6.57 6.64 6.93 6.47 4039141
20141104 6.60 6.69 6.81 6.50 2250972
20141105 6.66 6.83 6.98 6.57 2712582
20141106 6.80 6.81 6.88 6.65 1803724
20141107 6.87 7.49 7.49 6.83 6016786
20141110 7.51 8.24 8.24 7.46 7855315
20141111 8.30 8.59 8.90 8.05 7975488
20141112 8.35 8.72 8.76 8.22 4841088
20141113 8.68 8.46 8.94 8.44 4657874
20141114 8.25 8.27 8.40 8.13 2658781
20141117 8.33 8.32 8.64 7.95 3642353
20141118 8.27 8.53 8.58 8.15 3010657
20141119 8.50 8.28 8.65 8.27 2427354
20141120 8.19 8.40 8.49 8.15 1824708
20141121 8.40 9.24 9.24 8.27 4697901
20141124 9.60 10.15 10.16 9.38 6105766
20141125 10.00 10.05 10.26 9.86 3476668
20141126 10.06 11.04 11.06 10.06 5364372
20141127 11.03 11.77 11.96 10.80 5293465
20141128 11.53 11.39 11.93 11.16 5206152
20141201 11.45 11.31 11.88 11.03 4260752
20141202 11.10 12.24 12.40 11.03 5307387
20141203 12.39 12.23 13.26 11.78 6099325
20141204 12.01 13.45 13.45 11.93 5855344
20141205 13.76 14.80 14.80 13.00 6899590
20141208 14.43 16.17 16.28 13.83 5546674
20141209 15.91 14.98 17.78 14.55 7445777
20141210 14.66 14.87 15.63 13.51 5676666
20141211 14.33 13.66 14.70 13.60 3816247
20141212 13.40 13.94 14.56 13.35 4040510
20141215 13.83 14.18 14.25 13.65 2440051
20141216 14.38 15.60 15.60 14.13 5156497
20141217 16.30 16.20 16.73 15.10 5689130
20141218 15.85 15.02 15.97 14.92 3041135
20141219 14.91 14.88 15.30 14.01 3153898
20141222 14.80 14.34 14.95 13.90 2426973
20141223 14.43 14.49 15.00 14.26 2387070
20141224 14.65 13.38 14.88 13.23 2602349
20141225 13.45 13.86 14.18 13.04 2223011
20141226 13.95 15.25 15.25 13.82 3937954
20141229 15.67 14.87 15.80 14.58 3328067
20141230 14.75 14.95 15.42 14.40 2603936
20141231 14.97 15.12 15.68 14.75 2775695
20150105 15.21 15.04 15.32 14.65 2221694
20150106 14.90 14.70 15.18 14.30 2243036
20150107 14.70 15.02 15.58 14.60 2935815
20150108 15.02 14.49 15.20 14.40 1945856
20150109 14.41 14.37 14.94 14.32 2058186
20150112 14.41 14.02 14.65 13.89 1627535
20150113 14.02 13.58 14.07 13.51 1447320
20150114 13.51 13.69 13.85 13.51 934596
20150115 13.72 14.28 14.30 13.53 1513719
20150116 14.29 14.04 14.37 13.80 1334647
20150119 12.64 12.64 12.80 12.64 1257052
20150120 11.75 11.84 12.45 11.48 2959895
20150121 12.10 12.81 12.88 12.10 2923243
20150122 12.84 12.88 12.97 12.63 1691926
20150123 12.95 13.13 13.64 12.95 2276572
20150126 13.40 13.40 13.65 13.16 1652779
20150127 13.39 13.13 13.43 12.82 1391375
20150128 13.00 13.05 13.35 12.90 1132289
20150129 12.75 12.62 12.92 12.51 1036498
20150130 12.82 12.60 13.02 12.59 904735
20150202 12.00 12.08 12.36 11.96 1071165
20150203 12.32 12.63 12.65 12.12 1075793
20150204 12.66 12.32 12.95 12.30 1113864
20150205 12.89 12.30 12.93 12.24 1250506
20150206 12.30 12.43 12.74 12.25 936595
20150209 12.50 13.58 13.67 12.49 3117914
20150210 13.38 13.70 13.84 13.34 2366250
20150211 13.79 13.68 13.83 13.51 1205877
20150212 13.67 13.60 13.76 13.34 1245175
20150213 13.70 13.56 13.83 13.51 1361139
20150216 13.55 13.58 13.69 13.36 977947
20150217 13.60 13.89 14.16 13.60 1449680
20150225 14.00 13.69 14.04 13.64 1122897
20150226 13.64 14.56 14.67 13.48 2427757
20150227 14.52 14.38 14.70 14.32 1570089
20150302 14.80 14.55 14.95 14.48 1893679
20150303 14.54 13.90 14.54 13.76 1807747
20150304 13.80 13.87 14.03 13.70 1016950
20150305 13.80 13.97 14.19 13.61 1288594
20150306 13.97 13.81 14.23 13.78 1041585
20150309 13.11 13.52 13.64 12.82 1662037
20150310 13.49 13.53 13.85 13.24 1155219
20150311 13.53 13.44 13.85 13.35 1043029
20150312 13.56 13.73 13.85 13.40 1286690
20150313 13.76 14.14 14.40 13.76 1912148
20150316 14.55 14.33 14.60 14.03 1765794
20150317 14.53 14.63 14.78 14.24 2804128
20150318 14.67 14.77 14.97 14.67 2349130
20150319 14.78 14.60 14.85 14.51 1815284
20150320 14.60 15.40 15.98 14.41 4131575
20150323 15.48 15.54 15.73 15.20 2768314
20150324 15.57 15.12 15.65 14.72 2741349
20150325 15.15 15.02 15.55 14.92 1972052
20150326 14.90 14.95 15.26 14.69 1500278
20150327 14.95 15.03 15.27 14.85 1366150
20150330 15.07 15.50 15.61 15.00 2549089
20150331 15.65 15.82 16.80 15.60 3636932
20150401 15.90 16.48 16.65 15.60 3395471
20150402 16.71 16.32 16.79 16.03 2322974
20150403 16.17 16.71 16.85 16.10 2789913
20150407 16.91 16.89 17.10 16.55 2495762
20150408 16.89 17.78 18.05 16.67 3943016
20150409 17.99 17.67 19.20 17.64 3946961
20150410 17.70 17.78 18.10 17.29 2051093
20150413 17.80 17.44 17.98 17.27 2553547
20150414 17.40 17.55 17.77 16.81 2557253
20150415 17.46 16.76 17.69 16.72 1610518
20150416 16.49 16.88 17.10 16.20 1583178
20150417 16.91 17.50 18.00 16.82 3031115
20150420 17.60 16.70 17.60 16.63 2614770
20150421 16.69 17.64 17.83 16.56 2898363
20150422 17.83 18.89 19.00 17.62 4109730
20150423 19.10 18.55 19.45 18.41 3660925
20150424 18.11 17.78 18.49 17.63 2307672
20150427 17.79 17.87 18.24 17.66 1800473
20150428 18.09 18.04 18.55 17.93 2993314
20150429 18.06 17.82 18.10 17.51 1506867
20150430 17.82 17.39 18.00 17.37 1377794
20150504 17.30 17.39 17.67 16.94 1192762
20150505 17.40 16.82 17.86 16.70 1725045
20150506 17.00 16.75 17.49 16.51 1618897
20150507 16.70 16.77 17.05 16.55 1238235
20150508 17.07 16.80 17.22 16.35 1383103
20150511 17.03 17.17 17.18 16.71 1725257
20150512 17.16 17.60 17.95 16.86 2436925
20150513 17.51 17.09 17.52 16.99 1357503
20150514 17.06 16.88 17.26 16.81 1031379
20150515 16.78 16.28 16.88 16.18 1179520
20150518 16.00 16.06 16.47 15.96 886480
20150519 16.01 17.06 17.40 15.99 2342527
20150520 17.01 16.74 17.10 16.63 1421075
20150521 16.78 16.70 16.87 16.48 1057500
20150522 16.85 17.13 17.48 16.77 2011164
20150525 17.18 17.60 17.88 17.18 2170087
20150526 17.65 17.99 18.08 17.22 3001322
20150527 18.10 17.94 18.39 17.80 2738788
20150528 17.93 16.20 17.99 16.15 2486150
20150529 16.30 16.04 16.63 15.60 1766523
20150601 16.04 16.78 17.09 15.84 1810945
20150602 16.70 16.68 16.87 16.43 1515394
20150603 16.74 16.68 17.02 16.51 1336087
20150604 16.61 16.95 17.17 15.95 2040964
20150605 17.17 16.95 17.37 16.60 1956677
20150608 16.98 17.68 17.74 16.85 3095365
20150609 17.80 17.26 17.85 17.10 2034406
20150610 17.18 17.29 17.70 16.90 1838444
20150611 17.19 17.03 17.27 16.90 1377870
20150612 17.05 17.08 17.36 17.01 1281282
20150615 17.30 16.55 17.39 16.51 1487363
20150616 16.50 16.29 16.90 16.14 1161390
20150617 16.35 16.43 16.49 16.01 962956
20150618 16.34 15.56 16.34 15.50 1048661
20150619 15.46 14.88 16.10 14.81 1257621
20150623 15.05 15.39 15.40 14.00 1175862
20150624 15.42 15.45 15.50 15.08 1088017
20150625 15.51 15.08 15.75 15.01 1190632
20150626 14.85 13.57 15.33 13.57 1680705
20150629 14.10 12.50 14.10 12.21 1821955
20150630 12.50 13.69 13.74 11.95 1789202
20150701 13.50 12.85 13.93 12.80 1290220
20150702 13.51 12.87 13.56 12.07 1537222
20150703 12.90 12.28 13.25 11.60 1504843
20150706 13.51 12.95 13.51 12.27 1783196
20150707 12.76 12.01 13.15 11.67 2153574
20150708 10.81 10.81 10.89 10.81 943069
20150709 10.80 11.89 11.89 9.73 3163864
20150710 11.79 13.02 13.08 11.56 2913293
20150713 12.71 13.10 13.65 12.55 2946386
20150714 12.68 12.17 12.88 12.00 1960318
20150715 11.86 10.95 12.30 10.95 1568429
20150716 10.95 11.10 11.45 10.60 1226316
20150717 11.25 11.80 11.96 11.10 1251676
20150720 11.80 11.60 11.98 11.45 1138452
20150721 11.50 11.80 12.09 11.36 1333367
20150722 11.84 11.58 11.84 11.43 918345
20150723 11.65 11.88 11.95 11.60 1325147
20150724 11.92 11.53 11.98 11.47 1222398
20150727 11.35 10.38 11.37 10.38 1335566
20150728 10.00 10.79 11.00 9.50 2225877
20150729 10.80 10.92 10.94 10.46 942801
20150730 10.85 10.36 11.14 10.24 876139
