20140116 5.00 5.00 5.07 5.00 78153
20140117 5.00 5.02 5.06 4.91 52107
20140120 5.00 5.04 5.09 4.97 26944
20140121 5.02 5.04 5.07 4.99 20193
20140122 5.13 5.08 5.21 5.06 41760
20140123 5.09 5.13 5.17 5.09 32658
20140124 5.11 5.10 5.16 5.09 26039
20140127 5.10 5.03 5.13 5.03 23631
20140128 5.04 5.09 5.09 5.02 22254
20140129 5.08 5.14 5.19 5.08 20859
20140130 5.14 5.17 5.40 5.06 28279
20140207 5.15 5.27 5.38 5.13 25365
20140210 5.33 5.48 5.53 5.30 32304
20140211 5.49 5.63 5.69 5.48 50856
20140212 5.67 5.62 5.71 5.59 25838
20140213 5.62 5.58 5.67 5.58 18946
20140214 5.57 5.70 5.72 5.57 20134
20140217 5.71 5.87 5.90 5.71 28200
20140218 5.89 5.98 6.06 5.87 39637
20140219 5.96 5.97 6.03 5.95 29147
20140220 5.96 5.93 6.06 5.88 42781
20140221 5.93 5.92 6.05 5.83 31948
20140224 5.92 5.76 5.92 5.62 55424
20140225 5.76 5.59 5.85 5.49 40482
20140226 5.59 5.69 5.71 5.56 28939
20140227 5.70 5.67 5.84 5.65 34022
20140310 6.10 6.24 6.24 6.00 104582
20140311 6.33 6.86 6.86 6.25 438261
20140312 6.68 7.55 7.55 6.51 431098
20140313 7.77 7.32 8.15 7.28 381734
20140314 7.05 7.45 7.83 6.93 337599
20140317 7.20 7.59 7.87 7.12 263842
20140318 7.45 7.35 7.65 7.26 204326
20140319 7.25 7.55 7.71 7.08 250657
20140320 7.38 7.51 8.25 7.36 314869
20140321 7.30 7.36 7.41 7.11 180067
20140324 7.34 7.44 7.63 7.13 184741
20140325 7.31 7.02 7.38 7.00 169022
20140326 6.96 7.15 7.18 6.88 120450
20140327 7.08 7.05 7.16 7.01 88790
20140328 7.06 6.53 7.06 6.50 119923
20140331 6.50 6.64 6.79 6.45 58281
20140401 6.59 6.76 6.78 6.57 45672
20140402 6.78 6.67 6.79 6.62 49115
20140403 6.68 6.60 6.74 6.47 58297
20140404 6.51 6.65 6.72 6.44 47661
20140408 6.59 6.72 6.78 6.53 52199
20140409 6.70 6.90 6.98 6.65 86064
20140410 6.88 6.92 6.97 6.80 75489
20140411 6.86 6.84 6.86 6.72 56245
20140414 6.79 6.77 6.83 6.66 40957
20140415 6.77 6.92 6.95 6.72 60781
20140416 6.86 6.99 7.04 6.82 49690
20140417 6.94 6.84 7.02 6.82 38271
20140418 6.80 6.77 6.85 6.71 23883
20140421 6.76 6.59 6.80 6.57 38052
20140422 6.56 6.62 6.74 6.56 24693
20140423 6.61 6.56 6.66 6.53 15787
20140424 6.54 6.85 7.06 6.54 96869
20140425 6.76 6.66 6.98 6.64 54105
20140428 6.50 6.03 6.58 5.99 55197
20140429 6.06 6.15 6.22 6.03 31729
20140430 6.13 6.24 6.50 5.94 39103
20140505 6.19 6.33 6.42 6.15 33300
20140506 6.31 6.24 6.34 6.21 21261
20140507 6.21 6.19 6.36 6.17 20334
20140508 6.17 6.20 6.31 6.09 18445
20140509 6.20 6.18 6.28 6.08 18612
20140512 6.20 6.38 6.50 6.16 46111
20140513 6.43 6.25 6.43 6.20 43856
20140514 6.28 6.27 6.29 6.17 27186
20140515 6.21 6.15 6.29 6.13 24903
20140516 6.13 6.19 6.20 6.08 18729
20140519 6.13 6.17 6.18 6.00 14669
20140520 6.18 6.22 6.27 6.13 19415
20140521 6.18 6.26 6.28 6.18 17499
20140522 6.22 6.30 6.36 6.22 29270
20140523 6.30 6.31 6.39 6.26 17026
20140526 6.33 6.40 6.55 6.33 31550
20140527 6.42 6.57 6.57 6.38 33421
20140528 6.57 6.57 6.59 6.45 31574
20140529 6.51 6.40 6.55 6.36 26142
20140530 6.38 6.44 6.49 6.37 13093
20140603 6.45 6.63 6.75 6.35 38149
20140604 6.63 6.70 6.76 6.60 44400
20140605 6.70 6.95 6.99 6.68 52292
20140606 6.95 6.92 7.02 6.83 37732
20140609 6.91 7.09 7.18 6.83 55637
20140610 7.09 7.17 7.22 7.01 54507
20140611 7.11 7.13 7.25 7.03 40412
20140731 7.84 7.84 7.84 7.84 7261
20140801 8.62 8.62 8.62 8.62 3345
20140804 9.48 8.85 9.48 8.45 357963
20140805 8.69 8.58 8.98 8.45 214220
20140806 8.42 8.45 8.52 8.30 108469
20140807 8.42 8.17 8.53 8.14 108090
20140808 8.11 8.19 8.29 8.11 70348
20140811 8.15 8.27 8.29 8.13 70563
20140812 8.33 8.16 8.33 8.15 64380
20140813 8.16 8.06 8.18 7.90 89856
20140814 8.04 8.22 8.32 7.93 95798
20140815 8.21 8.24 8.29 8.18 50933
20140818 8.25 8.34 8.39 8.20 71660
20140819 8.34 8.60 8.75 8.32 125150
20140820 8.52 8.37 8.57 8.32 92164
20140821 8.33 8.42 8.46 8.30 45939
20140822 8.45 8.39 8.49 8.37 44894
20140825 8.35 8.43 8.63 8.35 58647
20140826 8.42 8.21 8.50 8.12 55121
20140827 8.21 8.19 8.30 8.14 37830
20140828 8.30 8.28 8.65 8.28 56774
20140829 8.26 8.42 8.49 8.20 36234
20140901 8.43 8.48 8.49 8.37 40897
20140902 8.53 8.69 8.72 8.46 96257
20140903 8.68 8.74 8.84 8.64 75947
20140904 8.72 8.73 8.81 8.70 68796
20140905 8.73 8.92 9.08 8.73 81786
20140909 8.94 8.90 8.94 8.70 71877
20140910 8.86 9.02 9.07 8.81 61852
20140911 9.00 9.15 9.39 9.00 76509
20140912 9.13 9.22 9.26 9.10 45549
20140915 9.18 9.54 9.65 9.18 64886
20140916 9.55 8.96 9.62 8.96 97231
20140917 9.01 9.10 9.11 8.80 61592
20140918 9.08 8.98 9.16 8.96 47106
20140919 9.02 9.18 9.25 8.98 49999
20140922 9.11 8.88 9.14 8.80 46092
20140923 9.11 9.13 9.28 9.05 64063
20140924 9.10 9.25 9.37 9.03 56694
20140925 9.28 9.40 9.64 9.27 85458
20140926 9.41 9.55 9.55 9.32 46572
20140929 9.51 10.00 10.16 9.51 93394
20140930 10.03 10.27 10.32 9.82 81983
20141008 10.25 10.83 11.11 10.20 93476
20141009 10.87 10.92 11.10 10.51 65005
20141010 10.80 10.71 10.88 10.62 49022
20141013 10.61 10.67 10.70 10.24 62940
20141014 10.52 10.43 10.68 10.35 33263
20141015 10.40 10.69 10.71 10.32 55737
20141016 10.51 10.52 10.76 10.49 38295
20141017 10.44 10.05 10.46 9.91 60356
20141020 10.09 10.13 10.18 9.99 31666
20141021 10.09 10.00 10.24 9.98 24237
20141022 9.99 9.73 10.11 9.69 31275
20141023 9.59 9.37 9.80 9.24 44936
20141024 9.18 9.42 9.57 9.18 27993
20141027 9.43 9.56 9.65 9.37 18972
20141028 9.56 10.00 10.04 9.56 31325
20141029 10.09 10.14 10.17 9.96 35505
20141030 10.11 10.02 10.19 10.00 31713
20141031 9.98 9.87 10.00 9.53 48763
20141103 9.87 10.10 10.17 9.84 50677
20141104 10.06 9.89 10.06 9.85 21959
20141105 9.89 9.83 9.89 9.65 25100
20141106 9.81 9.77 9.86 9.65 23416
20141107 9.80 9.76 10.01 9.72 33311
20141110 9.79 9.80 9.94 9.70 22083
20141111 9.88 9.31 9.88 9.19 43517
20141112 9.31 9.50 9.54 9.21 18426
20141113 9.50 9.14 9.56 9.09 33340
20141114 9.15 9.08 9.15 9.00 24081
20141117 9.15 9.24 9.35 9.11 21773
20141118 9.26 9.45 9.63 9.26 25721
20141119 9.53 9.32 9.53 9.29 26567
20141120 9.35 9.30 9.42 9.22 27806
20141121 9.38 9.41 9.54 9.30 20167
20141124 9.52 9.39 9.54 9.35 53924
20141125 9.37 9.50 9.51 9.37 36112
20141126 9.49 9.75 9.76 9.48 48423
20141127 9.75 9.79 9.95 9.70 49287
20141128 9.84 9.63 9.85 9.62 48366
20141201 9.59 9.26 9.63 9.16 54380
20141202 9.25 9.40 9.47 9.25 35239
20141203 9.41 9.45 9.46 9.18 41743
20141204 9.43 9.47 9.49 9.38 49381
20141205 9.46 8.99 9.46 8.96 58411
20141208 8.96 8.74 8.96 8.62 55253
20141209 8.75 8.18 8.79 8.10 65250
20141210 8.31 8.66 8.77 8.20 49478
20141211 8.60 8.74 8.79 8.52 32248
20141212 8.68 9.02 9.09 8.68 44318
20141215 8.98 9.05 9.14 8.80 29444
20141216 8.98 8.90 9.04 8.76 29562
20141217 8.90 8.67 8.95 8.58 22983
20141218 8.62 8.53 8.67 8.50 21900
20141219 8.50 8.22 8.53 8.09 38412
20141222 8.16 7.74 8.17 7.65 44221
20141223 7.70 7.85 7.95 7.61 20536
20141224 7.90 8.22 8.26 7.86 25486
20141225 8.43 8.39 8.63 8.22 37300
20141226 8.36 8.27 8.36 8.13 23899
20141229 8.30 8.90 9.10 7.92 72361
20141230 8.79 8.46 8.89 8.41 32271
20141231 8.41 8.56 8.62 8.37 15221
20150105 8.46 8.64 8.76 8.41 33735
20150106 8.58 8.67 8.69 8.46 29047
20150107 8.67 8.62 8.67 8.51 17874
20150108 8.61 8.53 8.61 8.49 12746
20150109 8.41 8.37 8.48 8.27 28686
20150112 8.35 8.12 8.35 8.03 19518
20150113 8.00 8.22 8.23 7.91 16732
20150114 8.18 8.28 8.30 8.09 19898
20150115 8.24 8.26 8.36 8.18 9543
20150116 8.22 8.15 8.22 8.06 23216
20150126 8.70 8.97 8.97 8.67 30565
20150127 9.28 9.21 9.78 9.15 194607
20150128 9.11 8.87 9.29 8.86 81118
20150129 8.80 8.74 8.98 8.70 49118
20150130 8.74 8.58 8.87 8.57 46220
20150202 8.47 8.50 8.53 8.38 36132
20150203 8.54 8.62 8.73 8.51 38500
20150204 8.62 8.55 8.82 8.54 32408
20150205 8.60 8.55 8.70 8.40 36806
20150206 8.55 8.58 8.61 8.39 34502
20150209 8.50 8.41 8.56 8.33 24486
20150210 8.46 8.19 8.46 8.10 29959
20150211 8.15 8.27 8.33 8.03 30227
20150212 8.22 8.26 8.32 8.17 24903
20150213 8.30 8.41 8.45 8.28 30824
20150216 8.43 8.64 8.67 8.43 41765
20150217 8.64 8.64 8.69 8.53 22745
20150225 8.65 8.78 8.97 8.56 39893
20150226 8.76 8.90 9.02 8.71 44286
20150227 8.90 8.89 8.94 8.82 28455
20150302 9.00 9.06 9.15 8.91 52702
20150303 8.95 9.11 9.19 8.88 90409
20150304 9.28 9.15 9.28 9.10 47405
20150305 9.16 9.12 9.19 8.97 51935
20150306 9.00 9.38 9.66 9.00 117344
20150309 9.36 9.50 9.79 9.21 89939
20150310 9.45 9.78 9.84 9.41 76713
20150311 9.72 10.17 10.26 9.70 88613
20150312 10.09 10.22 10.27 9.76 86922
20150313 10.20 10.32 10.44 10.13 55369
20150316 10.28 10.84 11.16 10.28 124378
20150317 11.00 11.03 11.08 10.75 89363
20150318 10.97 11.77 12.09 10.91 115883
20150319 11.70 11.87 12.03 11.51 108115
20150320 11.90 12.19 12.47 11.60 121318
20150323 12.20 12.06 12.40 11.86 103842
20150324 12.00 11.95 12.03 11.42 111398
20150325 11.96 13.06 13.15 11.66 153716
20150326 12.82 12.84 14.00 12.72 162388
20150327 12.83 13.63 13.72 12.83 148415
20150330 13.50 13.56 13.83 13.33 67386
20150331 13.59 13.58 13.84 13.31 76400
20150401 13.50 13.78 13.88 13.50 75183
20150402 13.80 14.22 14.40 13.70 87131
20150403 14.22 15.44 15.58 13.90 134027
20150407 15.38 15.52 15.79 15.32 84341
20150408 15.51 14.75 15.51 14.48 135255
20150409 14.74 14.94 15.27 13.55 100335
20150410 14.65 14.81 15.03 14.60 65490
20150413 14.84 15.64 16.18 14.40 116818
20150414 15.55 16.29 16.90 15.40 138989
20150415 16.32 15.13 16.57 15.10 70131
20150416 14.95 14.88 15.59 14.56 73588
20150417 14.23 14.58 15.20 14.23 89864
20150420 14.30 13.55 14.58 13.50 106570
20150421 13.20 14.22 14.38 13.20 78599
20150422 14.22 14.57 14.84 14.11 68296
20150423 14.55 14.73 15.00 14.09 100618
20150424 14.45 14.75 15.09 14.40 92119
20150427 14.91 14.24 15.25 14.14 122822
20150428 14.23 13.39 14.25 13.10 90511
20150429 13.39 13.83 13.94 13.22 50496
20150430 13.86 13.65 13.96 13.60 52660
20150504 13.64 13.94 14.04 13.58 49458
20150505 14.00 13.31 14.00 13.30 48158
20150506 13.36 13.39 13.86 13.15 42346
20150507 13.26 12.60 13.59 12.51 32220
20150508 12.81 13.57 13.63 12.81 71342
20150511 13.70 14.50 14.82 13.70 109010
20150512 14.60 14.50 14.69 14.11 94501
20150513 14.40 15.01 15.25 13.98 164161
20150514 15.00 15.17 15.23 14.80 90954
20150515 15.13 15.40 15.60 14.71 122178
20150518 15.19 16.11 16.53 15.19 114393
20150519 16.20 16.16 16.34 15.81 67755
20150520 16.34 16.29 16.65 16.00 90579
20150521 16.28 16.78 16.98 16.07 97825
20150522 16.75 16.44 16.96 16.10 114759
20150525 16.44 17.14 17.20 16.14 135406
20150526 17.10 18.85 18.85 17.02 174920
20150527 19.06 18.86 19.93 18.45 144467
20150528 18.65 18.17 19.47 17.80 152387
20150529 18.17 18.31 18.80 16.35 132243
20150601 18.52 20.12 20.14 18.52 181235
20150602 20.00 22.13 22.13 20.00 202563
20150603 22.70 23.23 24.34 21.30 209792
20150604 22.90 24.77 24.78 22.00 185395
20150605 24.65 24.50 26.32 24.48 163268
20150608 24.39 22.06 24.39 22.05 201747
20150609 21.80 21.81 22.48 21.00 133989
20150610 21.61 23.99 23.99 21.01 209959
20150611 24.30 23.79 25.10 23.30 164912
20150612 24.03 24.67 25.11 23.54 147590
20150615 24.60 25.06 26.30 24.30 132782
20150616 24.70 22.61 24.78 22.57 112459
20150617 22.59 23.64 23.83 20.93 105968
20150618 23.37 22.89 23.88 22.50 60558
20150619 22.08 20.60 22.38 20.60 61661
20150623 20.60 19.82 20.80 18.54 79885
20150624 19.85 20.39 20.83 19.60 63090
20150625 20.42 20.16 21.86 19.80 139071
20150626 19.70 18.14 19.70 18.14 67877
20150629 18.51 16.33 18.62 16.33 96730
20150630 15.90 16.89 17.00 14.70 123962
20150701 16.85 15.20 17.38 15.20 85314
20150702 15.00 13.68 15.00 13.68 87056
20150703 12.31 12.31 12.98 12.31 87534
20150706 13.37 11.08 13.38 11.08 78879
20150707 9.97 9.97 9.97 9.97 8127
20150708 8.97 8.97 8.97 8.97 2890
20150713 9.87 9.87 9.87 9.87 3028
20150714 10.86 10.86 10.86 10.86 4666
20150715 11.95 11.62 11.95 10.58 374288
20150716 10.46 12.02 12.15 10.46 220307
20150717 11.86 13.03 13.22 11.80 148452
20150720 12.89 13.09 13.64 12.36 167761
20150721 12.88 13.35 13.64 12.64 108897
20150722 13.23 14.25 14.44 13.03 162838
20150723 14.08 14.74 15.30 14.00 169011
20150724 14.66 14.68 15.26 14.34 148900
20150727 14.37 13.21 15.00 13.21 137386
20150728 11.89 12.03 13.01 11.89 180799
20150729 12.28 12.70 12.74 11.39 124021
20150730 12.70 12.22 13.16 12.06 106339
