20140102 14.30 14.49 14.53 14.30 59299
20140103 14.30 14.18 14.47 14.00 82335
20140106 14.17 13.63 14.17 13.57 93917
20140107 13.58 13.66 13.81 13.48 84881
20140108 13.70 13.90 13.96 13.65 72978
20140109 13.91 14.00 14.08 13.80 61459
20140110 13.88 13.86 14.06 13.79 55641
20140113 13.99 13.87 14.00 13.76 46859
20140114 13.89 14.10 14.15 13.88 46005
20140115 14.10 14.02 14.16 13.97 28044
20140116 13.98 13.91 14.06 13.81 44433
20140117 13.70 13.49 13.79 13.40 89229
20140120 13.49 13.55 13.58 13.26 40753
20140121 13.52 13.51 13.66 13.45 27809
20140122 13.55 13.83 13.85 13.50 53342
20140123 13.83 13.65 13.85 13.53 51410
20140124 13.60 13.56 13.68 13.54 79143
20140127 13.48 13.33 13.48 13.29 96709
20140128 13.39 13.32 13.41 13.25 93774
20140129 13.39 13.41 13.43 13.28 48392
20140130 13.40 13.35 13.41 13.25 36012
20140207 13.16 13.30 13.32 13.16 46825
20140210 13.34 13.66 13.67 13.34 113294
20140211 13.60 13.82 13.94 13.56 121752
20140212 13.88 13.71 13.90 13.59 87598
20140213 13.68 13.72 13.79 13.62 102869
20140214 13.75 13.79 13.93 13.71 62035
20140217 13.85 13.74 13.90 13.68 88952
20140218 13.74 13.60 13.74 13.57 98194
20140219 13.57 13.65 13.70 13.47 62883
20140220 13.71 13.80 14.05 13.71 167282
20140221 13.80 13.61 13.87 13.48 82179
20140224 13.55 13.18 13.55 13.16 91825
20140225 13.23 12.88 13.34 12.79 100290
20140226 12.87 12.83 12.94 12.66 88376
20140227 12.90 12.84 12.99 12.70 109114
20140228 12.84 12.83 12.89 12.58 79711
20140303 12.80 12.98 13.15 12.71 102794
20140304 12.96 13.02 13.14 12.75 88352
20140305 13.02 13.02 13.10 12.97 51264
20140306 13.10 13.05 13.10 12.83 46561
20140307 13.06 13.06 13.25 12.99 62657
20140310 12.89 12.74 12.97 12.68 95667
20140311 12.70 12.52 12.72 12.27 140445
20140312 12.43 12.49 12.53 12.33 58630
20140313 12.42 12.43 12.62 12.34 88574
20140314 12.40 12.25 12.40 12.01 133722
20140317 12.23 12.48 12.51 12.17 69252
20140318 12.48 12.48 12.60 12.43 49508
20140319 12.47 12.55 12.59 12.33 43757
20140320 12.55 12.37 12.71 12.36 92776
20140321 12.36 12.56 12.61 12.18 71604
20140324 12.57 12.79 12.88 12.49 70129
20140325 12.80 12.94 13.20 12.75 110709
20140326 12.94 12.93 13.06 12.88 49728
20140327 12.91 12.84 13.04 12.80 42023
20140328 12.82 12.98 13.11 12.82 53064
20140331 12.96 12.57 12.99 12.50 43525
20140401 12.56 12.57 12.68 12.50 36345
20140402 12.58 12.58 12.63 12.53 25309
20140403 12.65 12.51 12.69 12.43 50968
20140404 12.46 12.54 12.55 12.41 29077
20140408 12.52 12.74 12.76 12.48 51187
20140409 12.76 12.82 12.92 12.72 50786
20140410 12.86 13.01 13.03 12.82 80783
20140411 13.05 13.35 13.57 13.04 190160
20140414 13.32 13.26 13.54 13.17 58800
20140415 13.28 13.07 13.28 13.03 63050
20140416 13.08 13.10 13.20 13.01 40857
20140417 13.15 13.18 13.23 13.07 33792
20140418 13.06 13.07 13.17 13.00 29361
20140421 13.00 12.80 13.06 12.78 44177
20140422 12.75 12.88 12.98 12.67 34895
20140423 12.85 12.84 12.92 12.75 25694
20140424 12.83 13.31 13.76 12.79 114867
20140425 13.30 13.07 13.39 13.07 60919
20140428 13.07 12.77 13.18 12.75 72016
20140429 12.85 13.02 13.17 12.77 57026
20140430 13.04 13.23 13.28 12.93 62433
20140505 13.20 13.25 13.31 13.08 52472
20140506 13.23 13.27 13.33 13.19 57510
20140507 13.21 13.29 13.52 13.16 89629
20140508 13.28 13.43 13.57 13.20 94133
20140509 13.50 13.25 13.54 13.16 55264
20140512 13.35 13.56 13.60 13.24 89187
20140513 13.50 13.88 14.00 13.48 150980
20140514 13.83 13.79 13.96 13.70 62481
20140515 13.73 13.74 13.88 13.66 64569
20140516 13.72 13.55 13.80 13.41 69317
20140519 13.45 13.44 13.59 13.35 42656
20140520 13.50 13.48 13.62 13.42 28727
20140521 13.41 13.58 13.61 13.34 33645
20140522 13.58 13.39 13.72 13.39 38985
20140523 13.39 13.42 13.48 13.31 33816
20140526 13.60 13.47 13.60 13.37 37443
20140527 13.47 13.22 13.47 13.15 79083
20140528 13.19 13.40 13.45 13.18 42190
20140529 13.42 13.27 13.46 13.26 31895
20140530 13.28 13.33 13.46 13.25 39371
20140603 13.32 13.20 13.32 13.13 46399
20140604 13.17 12.90 13.23 12.88 47388
20140605 12.89 12.95 13.00 12.80 50577
20140606 12.96 12.76 12.99 12.67 55537
20140609 12.76 12.73 12.91 12.69 48078
20140610 12.78 13.02 13.06 12.74 60119
20140611 13.00 13.11 13.15 12.91 34734
20140612 13.04 12.84 13.09 12.82 49906
20140613 12.86 13.02 13.09 12.84 40188
20140616 12.96 13.15 13.20 12.96 51574
20140617 13.15 13.09 13.15 13.00 56357
20140618 13.08 12.87 13.09 12.86 46633
20140619 12.88 12.72 12.95 12.69 37585
20140620 12.70 12.70 12.85 12.60 36505
20140623 12.72 12.70 12.80 12.68 23204
20140624 12.71 12.79 12.79 12.69 36226
20140625 12.77 12.72 12.83 12.69 39858
20140626 12.80 12.79 12.80 12.71 48276
20140627 12.79 12.84 12.88 12.75 43371
20140630 12.89 12.90 12.98 12.80 58795
20140701 12.91 12.98 12.98 12.91 44850
20140702 12.98 12.94 12.99 12.88 31960
20140703 12.92 12.94 12.97 12.86 69997
20140704 12.94 12.96 13.01 12.91 44182
20140707 12.96 12.92 13.04 12.89 34065
20140708 12.99 13.07 13.08 12.96 75176
20140709 13.04 12.87 13.04 12.82 51830
20140710 12.87 12.79 12.92 12.76 51536
20140711 12.80 12.85 12.88 12.76 41840
20140714 12.85 13.00 13.00 12.81 95293
20140715 12.99 13.06 13.08 12.87 75526
20140716 13.06 13.05 13.08 12.97 76503
20140717 13.04 13.03 13.06 12.95 70814
20140718 12.95 13.16 13.17 12.92 91600
20140721 13.17 13.22 13.30 13.11 88366
20140722 13.24 13.26 13.33 13.13 85852
20140723 13.20 13.27 13.30 13.13 100062
20140724 13.22 13.39 13.48 13.16 163010
20140725 13.39 13.67 13.76 13.38 203003
20140728 13.70 13.84 13.94 13.58 140581
20140729 13.80 13.78 13.87 13.68 85200
20140730 13.70 13.70 13.80 13.61 94456
20140731 13.68 13.70 13.80 13.58 91071
20140801 13.73 13.56 13.80 13.56 92213
20140804 13.60 13.80 13.80 13.54 130990
20140805 13.82 13.74 13.84 13.68 87630
20140806 13.75 13.67 13.75 13.55 91126
20140807 13.68 13.55 13.72 13.50 89775
20140808 13.54 13.59 13.64 13.53 48394
20140811 13.67 13.80 13.81 13.61 104619
20140812 14.07 14.12 14.46 13.98 344717
20140813 14.15 14.05 14.21 13.92 190278
20140814 13.98 13.96 14.13 13.93 150222
20140815 13.73 13.97 14.12 13.67 198594
20140818 14.13 13.89 14.39 13.75 288718
20140819 13.89 14.06 14.09 13.83 170043
20140820 14.06 13.96 14.20 13.93 131807
20140821 13.96 13.90 13.97 13.75 97219
20140822 13.70 13.70 13.79 13.59 235823
20140825 13.76 13.90 14.04 13.65 164187
20140826 13.86 13.65 13.86 13.57 118200
20140827 13.60 13.56 13.71 13.52 77325
20140828 13.59 13.43 13.63 13.37 98573
20140829 13.50 13.56 13.58 13.42 67517
20140901 13.60 13.76 13.80 13.51 93982
20140902 13.81 13.93 13.94 13.69 164021
20140903 13.94 13.94 14.08 13.89 160939
20140904 13.95 14.19 14.26 13.89 227062
20140905 14.23 14.56 14.68 14.15 319040
20140909 14.59 14.49 14.68 14.43 150114
20140910 14.40 14.39 14.47 14.28 141643
20140911 14.39 14.52 14.63 14.29 184502
20140912 14.46 14.53 14.55 14.38 112064
20140915 14.50 14.64 14.65 14.42 156041
20140916 14.69 14.45 14.95 14.40 192086
20140917 14.41 14.62 14.68 14.41 126397
20140918 14.54 14.54 14.71 14.47 103789
20140919 14.53 14.50 14.58 14.41 79051
20140922 14.53 14.44 14.61 14.37 107106
20140923 14.43 14.63 14.67 14.43 109386
20140924 14.56 14.71 14.76 14.43 168300
20140925 14.76 14.84 15.22 14.75 182921
20140926 14.80 15.11 15.14 14.79 108245
20140929 15.22 15.12 15.36 15.04 127071
20140930 15.15 15.06 15.19 15.03 102138
20141008 15.02 15.10 15.13 14.84 128151
20141009 15.12 15.07 15.22 15.04 133891
20141010 15.00 14.81 15.03 14.78 135765
20141013 14.75 14.59 14.75 14.46 150063
20141014 14.54 14.60 14.75 14.52 114072
20141015 14.56 14.81 14.88 14.56 172542
20141016 14.66 14.59 14.92 14.58 142559
20141017 14.56 14.61 14.78 14.31 118626
20141020 14.61 14.71 14.74 14.50 86382
20141021 14.69 14.50 14.71 14.38 81388
20141022 14.43 14.47 14.62 14.43 59724
20141023 14.46 14.38 14.61 14.34 64853
20141024 14.40 14.40 14.50 14.20 73710
20141027 14.32 14.51 14.55 14.22 66813
20141028 14.55 14.87 14.96 14.55 153760
20141029 14.95 15.46 15.58 14.89 391434
20141030 15.46 15.50 15.68 15.35 305904
20141031 15.48 15.56 15.71 15.38 193030
20141103 15.55 16.03 16.27 15.51 268838
20141104 16.00 15.79 16.00 15.67 157854
20141105 15.78 15.59 15.79 15.48 140271
20141106 15.68 15.51 16.01 15.38 259789
20141107 15.56 15.61 15.81 15.35 159823
20141110 15.64 16.21 16.25 15.64 243328
20141111 16.22 16.17 16.74 15.93 347662
20141112 16.06 16.99 17.08 15.93 331021
20141113 17.12 17.20 17.47 16.90 408589
20141114 17.15 17.05 17.18 16.70 214387
20141117 18.00 17.11 18.00 17.10 321147
20141118 17.10 16.57 17.33 16.55 179597
20141119 16.68 16.48 16.76 16.36 179969
20141120 16.46 16.55 16.64 16.38 158257
20141121 16.62 16.71 16.82 16.39 171940
20141124 17.08 16.95 17.16 16.85 269073
20141125 17.00 17.50 17.85 16.88 312480
20141126 17.45 17.05 17.49 16.81 325900
20141127 17.09 16.91 17.12 16.71 253271
20141128 16.99 17.38 17.98 16.95 461316
20141201 17.38 17.22 17.75 17.08 244954
20141202 17.11 17.38 17.48 17.01 208534
20141203 17.46 17.70 17.93 17.16 332897
20141204 17.60 18.13 18.19 17.60 283085
20141205 18.28 17.57 18.48 17.31 376623
20141208 17.50 18.02 18.15 17.31 301716
20141209 18.02 18.32 19.82 17.75 607626
20141210 18.51 19.98 19.99 18.45 465106
20141211 20.10 20.36 21.47 20.10 569174
20141212 20.20 19.83 20.50 19.61 295229
20141215 19.75 19.78 19.80 19.20 210332
20141216 19.55 19.68 19.77 19.31 188749
20141217 19.95 19.76 20.40 19.37 331387
20141218 19.66 19.41 19.70 19.20 243917
20141219 19.30 20.06 20.26 19.23 325801
20141222 20.00 19.59 20.15 19.30 259718
20141223 19.70 18.96 19.79 18.85 253131
20141224 18.98 18.53 19.05 18.46 204175
20141225 18.55 19.06 19.07 18.55 128744
20141226 19.00 19.80 19.89 18.91 206392
20141229 20.10 19.58 20.26 19.35 194869
20141230 19.63 19.46 19.85 19.18 156072
20141231 19.46 19.62 19.71 19.38 146243
20150105 19.82 20.53 20.91 19.82 371485
20150106 20.30 20.09 20.78 19.84 345388
20150107 20.10 20.18 20.21 19.85 254100
20150108 20.18 20.00 20.18 19.73 198117
20150109 19.86 19.95 20.48 19.83 224732
20150112 19.85 19.46 19.85 19.18 181121
20150113 19.46 19.34 19.65 19.23 99780
20150114 19.34 18.89 19.48 18.85 120314
20150115 18.89 19.58 19.58 18.82 120222
20150116 19.60 19.52 19.70 19.36 131966
20150119 18.91 18.40 19.45 17.70 226084
20150120 18.54 19.22 19.25 18.52 170276
20150121 19.22 19.82 19.83 19.00 161574
20150122 19.79 19.83 20.19 19.69 120060
20150123 19.88 20.53 20.55 19.83 229063
20150126 20.50 21.30 21.35 20.25 243377
20150127 21.30 21.08 21.64 20.80 279352
20150128 21.08 21.14 21.38 20.76 179009
20150129 21.03 20.65 21.03 20.60 151387
20150130 20.93 20.39 20.99 20.08 125363
20150202 19.86 20.05 20.34 19.81 83496
20150203 20.25 20.23 20.35 19.86 89137
20150204 20.18 20.21 20.63 20.06 108322
20150205 20.61 20.13 20.61 20.01 124152
20150206 20.35 19.84 20.36 19.71 118549
20150209 20.00 19.43 20.00 19.38 136344
20150210 19.70 20.31 20.34 19.47 111759
20150211 20.40 20.43 20.78 20.29 79451
20150212 20.43 20.24 20.45 20.11 75861
20150213 20.26 20.28 20.66 20.12 90013
20150216 20.36 21.12 21.14 20.26 141269
20150217 21.15 21.74 22.02 20.98 208912
20150225 21.55 21.11 21.77 20.99 148549
20150226 21.12 21.43 21.50 20.90 98541
20150227 21.50 21.10 21.58 21.00 104234
20150302 21.21 21.10 21.28 20.80 120038
20150303 21.00 20.54 21.05 20.42 116763
20150304 20.40 20.68 20.88 20.40 92068
20150305 20.68 20.76 20.90 20.40 102710
20150306 20.68 20.85 21.12 20.62 117021
20150309 20.70 20.89 20.99 20.36 116047
20150310 20.86 21.51 21.68 20.78 162746
20150311 21.77 21.88 22.48 21.50 182845
20150312 22.01 22.77 22.85 22.01 245302
20150313 22.73 23.50 23.65 22.50 252574
20150316 23.69 23.70 23.93 23.20 275581
20150317 23.71 25.27 25.44 23.70 353847
20150318 25.28 25.23 25.44 24.81 181732
20150319 25.00 24.60 25.15 24.59 174972
20150320 24.60 24.31 25.00 24.00 146131
20150323 24.31 24.91 25.10 24.31 141577
20150324 24.81 25.26 25.30 24.33 166850
20150325 25.28 24.23 25.28 23.91 202384
20150326 24.22 23.78 24.50 23.61 122004
20150327 23.80 23.83 24.00 23.78 84694
20150330 24.30 24.55 24.58 24.21 155175
20150331 24.60 24.14 25.25 23.98 213993
20150401 24.15 24.51 25.09 24.03 134094
20150402 24.55 24.66 25.13 24.26 125157
20150403 24.68 25.89 25.99 24.58 208264
20150407 25.95 25.91 26.14 25.38 161621
20150408 25.80 25.29 25.90 25.25 239421
20150409 25.01 24.51 25.20 24.11 153649
20150410 24.40 24.85 24.93 24.25 101537
20150413 24.85 25.16 25.28 24.50 155469
20150414 25.15 25.88 25.99 24.82 217102
20150415 25.80 25.97 26.65 25.58 225307
20150416 25.70 26.95 26.99 25.18 250605
20150417 27.52 26.87 27.68 26.68 289232
20150420 26.50 25.61 26.83 25.51 224872
20150421 25.92 26.35 26.37 25.61 153884
20150422 26.40 26.93 27.00 26.38 154060
20150423 27.08 27.02 27.28 26.63 174175
20150424 26.44 26.81 27.00 26.22 132636
20150427 26.83 27.29 27.89 26.83 181440
20150428 27.26 26.19 27.28 26.13 162951
20150429 26.34 27.95 27.99 26.16 256208
20150430 27.92 27.63 28.47 27.45 175082
20150504 27.25 28.68 29.35 26.62 226510
20150505 28.00 27.22 28.49 26.88 142410
20150506 27.50 27.00 28.08 26.50 192034
20150507 26.51 26.20 27.08 26.02 107480
20150508 26.50 26.64 26.87 26.10 120141
20150511 25.98 27.25 27.32 25.83 165020
20150512 27.30 28.86 28.97 27.26 267157
20150513 28.75 27.99 28.75 27.82 177246
20150514 27.94 27.19 27.94 26.93 162771
20150515 27.12 27.23 27.65 26.71 150284
20150518 27.03 27.79 27.95 26.82 167427
20150519 27.76 28.49 28.94 27.50 195259
20150520 29.52 30.54 31.34 29.52 371965
20150521 30.57 33.59 33.59 30.57 348390
20150522 34.70 33.02 34.99 32.30 323802
20150525 32.87 33.55 34.79 32.61 258195
20150526 33.59 33.88 33.99 32.66 345525
20150527 33.88 33.50 33.89 32.83 244486
20150528 32.98 30.56 33.85 30.50 315907
20150529 30.41 29.99 31.00 29.02 251867
20150601 29.99 31.79 32.00 29.70 226776
20150602 31.70 31.90 32.53 31.10 203810
20150603 31.90 31.30 31.91 30.51 197878
20150604 31.30 31.61 31.80 29.00 225535
20150605 31.94 32.20 32.75 31.50 243450
20150608 32.85 33.96 35.10 32.85 436529
20150609 33.96 34.99 35.10 32.76 430440
20150610 34.99 35.91 36.63 34.02 441395
20150611 35.92 37.59 38.51 35.74 540587
20150612 38.90 37.52 39.45 37.35 553273
20150615 38.00 40.23 41.26 36.95 782308
20150616 39.38 36.21 39.38 36.21 666435
20150617 36.00 35.14 36.15 33.12 505686
20150618 34.92 34.05 36.15 34.00 342417
20150619 33.40 31.95 34.02 31.31 293861
20150623 32.01 33.48 33.60 29.65 330782
20150624 33.38 34.29 34.82 33.01 399694
20150625 33.99 31.55 34.14 31.13 335446
20150626 30.90 28.82 30.90 28.40 428981
20150629 29.98 28.90 29.99 26.05 462136
20150630 28.80 31.70 31.74 28.02 349696
20150701 31.48 28.98 32.77 28.81 339279
20150702 29.52 27.75 29.98 26.93 325746
20150703 27.75 27.01 29.00 25.92 340500
20150706 29.71 27.74 29.71 25.89 327406
20150707 27.00 26.68 27.64 25.09 503081
20150708 24.01 24.01 24.35 24.01 370834
20150709 24.01 26.41 26.41 22.91 602174
20150710 26.99 29.05 29.05 26.68 518171
20150713 29.10 31.93 31.95 29.10 499889
20150714 30.98 30.05 31.99 30.01 428279
20150715 29.50 27.05 29.50 27.05 292232
20150716 27.06 28.03 28.88 27.05 232218
20150717 28.08 29.47 29.94 28.08 256940
20150720 29.51 29.47 30.12 28.50 294069
20150721 28.96 29.93 30.43 28.48 236601
20150722 29.78 29.61 30.14 28.91 240927
20150723 29.97 30.42 30.60 29.61 326719
20150724 30.24 29.74 31.47 29.20 347540
20150727 29.00 26.77 30.16 26.77 300228
20150728 26.00 27.41 28.07 24.58 384012
20150729 27.65 28.50 28.50 26.70 188322
20150730 28.50 27.73 29.28 27.56 183702
