20140102 16.81 17.27 17.45 16.70 63928
20140103 17.28 17.26 17.93 17.15 85895
20140106 17.16 16.97 17.67 16.43 84855
20140107 16.70 17.53 17.90 16.67 68988
20140108 17.58 17.55 17.87 17.35 38229
20140109 17.48 16.94 17.71 16.91 43406
20140110 16.91 15.97 16.91 15.85 80450
20140113 16.00 15.69 16.40 15.37 48196
20140114 15.69 16.32 16.34 15.68 28399
20140115 16.43 16.41 16.85 16.29 37961
20140116 16.51 16.57 16.70 15.81 29981
20140117 16.49 16.22 16.74 16.12 27278
20140120 16.29 16.06 16.53 15.90 23876
20140121 15.90 16.17 16.34 15.88 13917
20140122 16.28 16.82 16.99 16.18 37503
20140123 16.81 17.10 17.30 16.70 39310
20140124 17.15 17.17 17.39 16.89 46474
20140127 17.15 17.19 17.27 16.78 40368
20140128 17.16 16.98 17.40 16.70 35360
20140129 16.98 17.38 17.40 16.88 39383
20140130 17.22 17.77 17.81 17.12 35578
20140207 17.60 19.09 19.29 17.51 112861
20140210 18.85 19.32 19.57 18.80 97852
20140211 19.20 19.01 19.40 18.80 57385
20140212 19.09 19.37 19.48 18.80 52446
20140213 19.39 18.79 19.40 18.71 43021
20140214 18.75 18.79 19.00 18.63 36705
20140217 18.77 19.43 19.46 18.77 49190
20140218 19.40 19.06 19.48 18.90 33455
20140219 19.00 18.28 19.03 18.03 66714
20140220 18.20 18.28 18.59 18.00 32350
20140221 18.29 18.12 18.40 17.95 27128
20140224 18.12 18.28 18.49 18.12 46323
20140225 18.39 17.49 18.58 17.00 52037
20140226 17.45 17.49 17.69 16.89 38490
20140227 17.35 17.79 18.20 17.35 34967
20140228 17.68 17.45 17.79 16.97 50144
20140303 17.45 17.87 17.99 17.40 34306
20140304 17.80 18.40 18.45 17.66 36490
20140305 18.65 18.43 18.80 18.01 50131
20140306 18.45 17.19 18.50 17.00 98968
20140307 17.19 16.57 17.33 16.56 71668
20140310 16.58 15.84 16.92 15.68 56981
20140311 15.82 15.69 16.29 15.50 47568
20140312 15.73 15.94 16.10 15.50 33910
20140313 15.94 16.03 16.13 15.83 28893
20140314 15.94 15.68 16.11 15.45 31275
20140317 15.60 16.46 16.50 15.60 43671
20140318 16.60 16.49 16.70 16.31 23221
20140319 16.46 16.86 16.88 16.30 46296
20140320 16.88 16.71 17.20 16.61 42696
20140321 16.66 17.35 17.40 16.30 53530
20140324 17.35 17.31 17.78 17.23 33214
20140325 17.20 17.05 17.40 16.85 28009
20140326 17.01 16.67 17.07 16.66 23427
20140327 16.68 16.77 16.83 16.41 17927
20140328 16.45 16.27 16.78 16.16 16246
20140331 16.05 16.49 16.95 16.05 14434
20140401 16.30 16.33 16.49 16.12 23077
20140402 16.38 16.40 16.45 16.20 15534
20140403 16.59 16.40 16.59 16.22 15485
20140404 16.38 17.14 17.50 16.25 35066
20141103 18.84 18.84 18.84 18.84 1732
20141104 20.72 20.72 20.72 20.72 1655
20141105 22.79 22.79 22.79 22.79 1978
20141106 25.07 25.07 25.07 25.07 3814
20141107 27.58 27.58 27.58 27.58 12285
20141110 30.34 29.71 30.34 28.51 629699
20141111 29.10 27.90 29.10 26.91 304586
20141112 27.30 27.76 28.18 26.85 172748
20141113 27.50 25.98 27.79 25.92 178359
20141114 25.72 28.11 28.58 25.35 302080
20141117 27.81 27.88 28.20 26.75 177504
20141118 27.50 27.63 28.64 27.01 161838
20141119 27.60 27.47 28.50 27.20 109445
20141120 27.17 26.40 27.17 26.33 112837
20141121 26.05 26.49 26.77 26.05 69999
20141124 26.60 27.41 28.00 26.45 148338
20141125 27.30 27.88 28.16 27.12 121383
20141126 28.01 27.90 28.16 27.45 93286
20141127 28.06 28.97 29.80 27.71 178645
20141128 28.61 27.94 28.86 27.86 110417
20141201 27.60 28.07 28.50 27.00 99102
20141202 27.71 28.19 28.33 27.65 74061
20141203 28.25 31.01 31.01 28.19 303312
20141204 31.62 32.68 33.98 31.62 265023
20141205 32.50 35.09 35.38 30.11 313264
20141208 34.81 37.26 38.12 34.00 239946
20141209 36.93 33.53 39.40 33.53 222975
20141210 32.57 34.22 34.82 31.55 137287
20141211 34.00 33.93 34.80 33.00 89656
20141212 33.41 33.76 34.00 33.28 45692
20141215 33.21 32.92 33.60 31.77 94431
20141216 32.80 34.77 35.32 32.71 112242
20141217 34.40 33.41 34.45 32.55 94595
20141218 33.00 34.02 35.80 33.00 130467
20141219 33.73 33.23 33.73 32.60 73991
20141222 34.30 32.63 34.45 31.90 75809
20141223 31.97 30.55 32.69 30.50 50113
20141224 30.65 31.17 31.40 29.90 59240
20141225 31.18 31.79 32.24 31.00 40482
20141226 31.92 33.91 34.39 31.91 93868
20141229 33.95 33.84 35.30 33.42 85307
20141230 34.25 34.01 35.12 33.70 61646
20141231 34.50 35.62 35.90 34.13 129530
20150105 35.04 35.39 35.89 34.60 76995
20150106 35.36 34.68 35.37 33.41 99243
20150107 34.69 33.60 34.69 33.51 69220
20150108 34.00 34.89 35.21 33.60 139424
20150109 34.88 38.21 38.38 34.68 289883
20150112 37.44 39.06 39.87 37.00 217037
20150113 38.81 38.29 41.10 38.03 122361
20150114 38.32 36.78 38.74 36.22 83462
20150115 36.55 39.12 39.27 36.55 85104
20150116 39.10 38.91 39.95 38.40 74549
20150119 37.00 37.80 40.00 36.53 118752
20150120 38.38 41.41 41.58 38.01 159992
20150121 41.20 42.75 43.56 41.20 125828
20150203 44.00 40.84 44.88 40.00 222247
20150204 40.87 41.05 42.55 40.70 81996
20150205 41.31 39.42 41.86 38.00 98027
20150206 36.00 36.79 39.00 36.00 150197
20150209 36.61 37.41 37.98 36.17 56082
20150210 37.68 38.28 39.90 37.45 72776
20150211 38.25 37.72 38.28 36.70 72597
20150212 37.73 37.11 37.98 36.80 73598
20150213 37.48 38.00 39.31 37.03 99578
20150216 38.01 38.41 38.81 37.80 58735
20150217 38.41 38.29 38.86 37.91 62382
20150225 38.70 38.16 38.77 37.90 61333
20150226 38.17 38.33 38.86 37.92 66087
20150227 38.35 38.70 40.00 38.25 128527
20150302 38.65 38.00 38.65 37.65 149884
20150303 37.89 37.70 38.24 37.58 89314
20150304 38.86 38.29 40.75 38.24 265053
20150305 38.38 37.70 38.71 37.00 133247
20150306 38.00 37.22 38.00 37.02 80718
20150309 37.08 38.00 38.43 35.72 140792
20150310 37.79 37.39 38.50 37.00 115155
20150311 37.40 37.51 37.99 37.26 70633
20150312 37.72 37.18 37.90 37.00 63623
20150313 37.24 37.49 37.80 37.05 68926
20150316 37.76 38.05 38.25 37.61 111398
20150317 38.20 40.46 40.73 38.11 233030
20150318 40.49 40.34 40.65 39.50 129711
20150319 40.90 40.59 41.14 40.00 136339
20150320 40.61 41.33 42.70 40.61 148481
20150323 41.34 40.72 41.51 40.43 190384
20150324 40.73 39.79 40.74 39.12 163513
20150325 40.00 41.29 42.00 39.83 232952
20150326 42.30 45.42 45.42 42.30 303908
20150327 48.00 43.17 48.00 42.35 350917
20150330 43.00 43.47 44.98 41.61 224431
20150331 43.00 42.48 43.48 42.05 157842
20150401 42.01 42.97 43.71 41.90 104213
20150402 42.97 42.94 43.23 42.60 107172
20150403 42.57 43.38 43.81 42.33 153963
20150407 43.30 43.66 44.08 42.80 148376
20150408 43.67 42.41 43.67 42.00 131312
20150409 42.45 40.83 42.45 39.60 148702
20150410 41.30 41.99 42.69 41.30 121326
20150413 41.79 42.09 42.32 41.40 113506
20150414 41.58 43.78 45.30 41.58 242471
20150415 43.20 42.27 43.80 42.08 113030
20150416 41.81 44.26 45.23 40.85 215756
20150417 44.75 48.69 48.69 44.67 335069
20150420 50.00 52.26 53.56 46.68 381643
20150421 53.25 50.17 53.25 48.90 252688
20150422 49.89 51.36 54.14 49.00 174312
20150423 50.95 50.90 52.29 49.86 150151
20150424 50.00 51.40 52.50 49.02 149779
20150427 52.13 56.25 56.50 52.13 241515
20150428 55.00 55.42 59.62 54.00 239385
20150429 53.88 53.25 54.35 51.80 151771
20150430 53.50 53.21 55.30 53.11 109675
20150504 53.25 56.92 58.39 53.01 186783
20150505 56.80 53.73 56.80 52.80 146864
20150506 53.62 50.52 54.65 48.98 148463
20150507 50.40 48.44 50.40 48.00 102505
20150508 48.59 50.27 50.40 48.10 118567
20150511 50.70 51.64 51.99 49.30 109449
20150512 51.60 53.93 54.60 50.65 147418
20150513 53.40 52.04 54.62 51.80 123226
20150514 51.90 50.50 52.49 49.70 104527
20150515 50.00 51.17 52.15 50.00 97235
20150518 53.26 53.63 55.61 52.25 174681
20150519 54.01 58.48 58.50 54.01 224917
20150520 58.30 63.59 64.33 57.65 229493
20150521 62.90 64.56 65.20 62.31 179278
20150522 65.10 71.02 71.02 63.01 241956
20150525 70.00 73.41 75.25 66.90 267492
20150526 73.50 73.75 78.50 71.20 275007
20150527 73.00 70.42 74.90 70.38 238177
20150528 70.04 63.94 72.68 63.75 245134
20150529 63.50 65.85 67.49 59.87 217316
20150601 66.10 67.86 68.20 65.01 161744
20150602 67.00 68.18 69.00 66.50 156232
20150603 68.46 65.20 68.48 63.80 148228
20150604 65.22 67.94 68.29 62.50 195320
20150605 69.01 73.97 74.58 67.80 237056
20150608 74.19 72.41 75.50 71.47 187588
20150609 72.70 71.35 75.41 71.00 135330
20150610 70.80 68.84 70.80 67.22 131066
20150611 67.80 69.08 69.22 66.96 90540
20150612 69.22 75.99 75.99 67.58 182235
20150615 72.50 69.99 74.20 69.00 192782
20150616 68.45 63.80 68.45 63.23 139091
20150617 63.01 63.49 65.38 59.51 146364
20150618 63.55 61.78 66.25 60.95 104649
20150619 60.00 58.04 62.26 56.10 95810
20150623 58.22 63.01 63.46 55.30 138213
20150624 64.25 64.32 65.52 62.80 154087
20150625 64.56 63.34 68.80 62.00 155764
20150626 60.00 57.01 62.00 57.01 113042
20150629 58.72 51.31 59.16 51.31 137858
20150630 50.00 53.74 54.20 46.18 153091
20150701 53.12 48.37 54.38 48.37 127298
20150702 48.00 43.53 48.00 43.53 122449
20150703 40.00 39.18 43.20 39.18 132077
20150706 43.10 42.00 43.10 35.26 288140
20150707 39.01 37.80 40.50 37.80 143079
20150708 34.02 35.02 35.98 34.02 509234
20150709 35.02 38.52 38.52 35.02 119551
20150710 40.44 42.37 42.37 39.42 81587
20150713 43.89 46.61 46.61 43.89 125781
20150714 49.00 46.16 50.08 45.31 190034
20150715 44.50 42.98 45.20 41.54 133539
20150716 42.98 45.96 46.80 40.96 126557
20150717 46.26 49.99 50.00 46.16 134752
20150720 51.00 49.90 53.15 48.75 145661
20150721 48.40 48.64 50.00 47.70 98036
20150722 48.64 49.93 51.50 48.50 108737
20150723 49.95 51.17 52.20 49.01 126640
20150724 51.26 50.83 53.53 50.31 142930
20150727 49.00 45.75 51.25 45.75 105054
20150728 44.30 42.99 47.01 41.18 98548
20150729 43.88 47.29 47.29 42.55 88835
20150730 47.30 47.69 50.99 46.80 128717
