20140102 12.24 12.16 12.25 12.02 5678
20140103 12.17 11.96 12.17 11.88 5489
20140106 11.92 11.89 11.92 11.76 6106
20140107 11.85 12.00 12.19 11.76 16894
20140108 12.04 11.93 12.07 11.87 8311
20140109 11.85 11.94 12.10 11.85 5441
20140110 11.94 11.98 12.16 11.88 12136
20140113 11.91 11.98 12.08 11.90 7091
20140114 11.98 11.74 11.98 11.68 18345
20140115 11.73 11.52 11.76 11.40 18799
20140116 11.51 11.59 11.60 11.15 39265
20140117 11.40 11.60 11.78 11.30 24996
20140120 11.58 11.64 11.67 11.40 7881
20140121 11.60 11.93 12.05 11.57 21334
20140122 11.99 11.95 12.10 11.80 11883
20140123 11.91 11.90 12.04 11.80 11579
20140124 11.86 11.88 11.99 11.77 10404
20140127 11.61 11.78 11.98 11.60 8550
20140128 11.70 11.87 11.89 11.67 7640
20140129 11.76 12.18 12.20 11.75 16461
20140130 12.24 12.47 12.60 12.02 21333
20140207 12.30 12.60 12.65 12.30 13520
20140210 12.61 12.59 12.80 12.36 25048
20140211 12.55 12.49 12.59 12.40 15187
20140212 12.45 12.57 12.75 12.39 13189
20140213 12.60 12.48 12.69 12.47 10508
20140214 12.42 12.56 12.58 12.39 13822
20140217 12.55 12.47 12.58 12.24 32798
20140218 12.45 12.28 12.45 12.18 13551
20140219 12.28 12.30 12.34 12.11 14745
20140220 12.30 12.20 12.34 12.18 7438
20140221 12.28 12.12 12.28 12.02 8000
20140224 12.12 12.00 12.12 11.60 20331
20140225 11.80 11.95 12.19 11.73 19379
20140226 11.90 12.11 12.14 11.67 9062
20140227 12.16 12.60 12.90 12.15 30442
20140304 13.86 12.53 13.86 11.90 58931
20140305 12.30 12.04 12.30 11.93 30328
20140306 11.80 12.00 12.06 11.73 18346
20140307 11.90 11.88 11.95 11.78 10773
20140310 11.89 11.52 11.89 11.33 14278
20140311 11.43 11.43 11.50 11.17 15525
20140312 11.41 11.29 11.41 11.10 12011
20140313 11.23 11.25 11.33 11.21 11006
20140314 11.26 11.25 11.33 11.12 10191
20140317 11.25 11.29 11.30 11.19 7910
20140318 11.29 11.23 11.33 11.19 21735
20140319 11.18 11.36 11.37 10.95 33462
20140320 11.27 11.19 11.34 11.11 19803
20140321 11.18 11.37 11.41 11.17 29751
20140324 11.35 11.43 11.49 11.30 14704
20140325 11.43 11.46 11.57 11.38 15459
20140326 11.52 11.59 11.59 11.40 19446
20140327 11.59 11.53 11.70 11.45 14395
20140328 11.50 11.51 11.58 11.30 12074
20140331 11.53 11.62 11.65 11.36 11870
20140401 11.58 11.63 11.66 11.53 14563
20140402 11.61 11.65 11.75 11.50 7125
20140403 11.70 11.64 11.70 11.53 3964
20140404 11.62 11.72 11.79 11.50 17271
20140408 11.65 11.69 11.77 11.54 8073
20140409 11.70 11.71 11.76 11.56 15862
20140410 11.69 12.14 12.15 11.63 30408
20140411 12.09 12.10 12.19 12.00 13553
20140414 12.10 12.25 12.31 12.00 13723
20140415 12.10 12.47 12.73 12.10 26110
20140416 12.39 12.47 12.62 12.30 12775
20140417 12.49 12.44 12.58 12.20 12143
20140418 12.43 12.36 12.49 12.22 13045
20140421 12.24 12.27 12.49 12.14 8872
20140422 12.30 12.19 12.38 12.05 15505
20140423 12.13 12.11 12.30 12.10 5111
20140424 12.16 11.98 12.19 11.95 10242
20140425 11.90 12.11 12.13 11.61 15024
20140428 12.04 11.78 12.04 11.62 12866
20140429 11.78 11.88 11.90 11.68 9775
20140430 12.02 12.29 12.32 11.96 17432
20140505 12.28 12.28 12.37 12.07 9896
20140506 12.33 12.23 12.33 11.99 18155
20140507 12.14 12.22 12.37 12.05 14051
20140508 12.18 12.13 12.29 12.07 6616
20140509 12.13 12.41 12.50 12.00 11815
20140512 12.45 12.74 12.78 12.28 29517
20140513 12.70 12.75 12.89 12.51 13109
20140514 12.65 12.77 12.80 12.60 15944
20140515 12.70 12.63 12.74 12.53 8066
20140516 12.44 12.51 12.55 12.30 11755
20140519 12.45 12.30 12.45 12.22 5599
20140520 12.31 12.41 12.52 12.26 14565
20140521 12.41 12.45 12.49 12.35 7935
20140522 12.45 12.54 12.65 12.36 8546
20140523 12.52 12.67 12.75 12.48 8025
20140526 12.56 12.58 12.78 12.40 9656
20140527 12.57 12.39 12.63 12.22 12390
20140528 12.33 12.20 12.33 12.10 17677
20140529 12.24 12.14 12.24 12.12 7108
20140530 12.24 12.20 12.25 12.14 5092
20140603 12.26 12.29 12.35 12.20 5389
20140604 12.31 12.10 12.31 11.81 13804
20140605 12.13 12.19 12.25 12.00 4523
20140606 12.30 12.23 12.32 12.16 5717
20140609 12.20 12.12 12.25 12.00 4531
20140610 12.15 12.18 12.26 11.98 9337
20140611 12.21 12.17 12.21 12.01 7426
20140612 12.24 12.08 12.26 12.06 13942
20140613 12.18 12.16 12.18 12.03 11008
20140616 12.17 12.34 12.43 12.14 14187
20140617 12.49 12.32 12.49 12.27 5795
20140618 12.38 12.33 12.38 12.11 7405
20140619 12.26 12.07 12.34 11.90 7289
20140620 12.12 12.14 12.18 11.91 5308
20140623 12.15 12.15 12.20 12.11 3493
20140624 12.15 12.18 12.19 12.01 2977
20140625 12.17 12.15 12.21 12.10 3608
20140626 12.16 12.19 12.27 12.09 8402
20140627 12.19 12.12 12.21 12.10 8455
20140630 12.15 12.17 12.26 12.06 16659
20140701 12.15 12.14 12.18 12.09 5059
20140702 12.18 12.11 12.19 12.08 10738
20140703 12.11 12.12 12.18 12.03 17129
20140704 12.08 12.06 12.11 11.98 9283
20140707 11.98 11.97 12.06 11.86 14951
20140708 12.00 11.91 12.00 11.82 18464
20140709 12.03 11.89 12.03 11.76 15662
20140710 11.81 11.94 12.08 11.68 12699
20140711 11.96 11.94 11.98 11.87 8591
20140714 11.96 11.75 11.96 11.69 28928
20140715 11.72 11.79 11.80 11.70 13788
20140716 11.80 11.88 11.92 11.50 26090
20140717 11.78 11.81 11.85 11.64 9513
20140718 11.74 11.90 11.91 11.66 15762
20140721 11.81 11.76 11.85 11.69 10445
20140722 11.69 11.74 11.79 11.67 16682
20140723 11.72 11.61 11.72 11.60 7044
20140724 11.63 11.77 11.80 11.53 13576
20140725 11.78 12.33 12.34 11.78 36167
20140728 12.33 12.69 13.00 12.33 40439
20140729 12.75 13.02 13.16 12.65 71315
20140730 12.90 12.88 13.03 12.83 23993
20140731 12.89 12.80 13.00 12.77 28044
20140801 12.88 12.69 12.92 12.65 17962
20140804 12.69 12.89 12.92 12.69 14639
20140805 12.86 12.99 13.08 12.80 16510
20140806 12.99 13.07 13.08 12.90 14850
20140807 13.01 13.13 13.47 13.01 26428
20140808 13.05 13.48 13.49 13.05 26187
20140811 13.51 13.45 13.66 13.15 32979
20140812 13.36 14.01 14.11 13.31 55570
20140813 14.05 14.68 15.33 13.90 56601
20140814 14.50 14.60 15.16 14.15 45401
20140815 14.53 14.38 14.54 14.03 21831
20140818 14.48 15.22 15.40 14.48 67312
20140819 15.10 15.23 15.80 14.90 29409
20140820 15.31 15.30 15.42 15.06 13122
20140821 15.25 15.38 15.43 14.92 20318
20140822 15.29 15.42 15.50 15.13 11449
20140825 15.32 15.25 15.42 15.11 10890
20140826 15.29 14.94 15.60 14.75 10027
20140827 14.83 14.46 14.98 14.00 36820
20140828 14.36 13.92 14.60 13.65 24211
20140829 13.95 14.29 14.40 13.51 16797
20140901 14.11 14.30 14.55 13.95 32312
20140902 14.31 14.14 14.59 13.89 76161
20140903 14.11 14.04 14.12 13.99 52449
20140904 14.07 14.29 14.30 13.93 46401
20140905 14.26 14.23 14.33 14.08 37304
20140909 14.25 14.13 14.30 14.02 45679
20140910 14.10 14.19 14.26 14.06 28533
20140911 14.25 14.40 14.53 14.21 51895
20140912 14.50 14.97 14.97 14.41 58715
20140915 15.00 15.12 15.46 14.94 44120
20140916 15.01 14.52 15.19 14.46 41236
20140917 14.51 14.39 14.61 14.19 27655
20140918 14.38 14.87 14.88 14.30 39191
20140919 14.75 14.94 15.10 14.70 23984
20140922 14.90 14.81 15.00 14.70 23651
20140923 14.76 15.21 15.30 14.74 24934
20140924 15.19 15.29 15.43 15.03 34425
20140925 15.29 15.73 16.48 15.00 49749
20140926 15.88 16.26 16.55 15.70 41361
20140929 16.26 16.26 16.64 16.10 28404
20140930 16.28 16.07 16.35 15.95 18707
20141008 16.20 15.62 16.20 15.38 68588
20141009 15.62 15.67 15.67 15.33 38594
20141010 15.66 15.44 15.67 15.42 23896
20141013 15.38 15.60 15.65 15.25 22080
20141014 15.54 15.58 15.72 15.48 14555
20141015 15.71 15.70 15.71 15.38 18125
20141016 15.69 15.39 15.69 15.38 18488
20141017 15.41 14.91 15.44 14.40 19308
20141020 14.85 15.30 15.32 14.85 12091
20141021 15.32 15.40 15.64 15.23 15316
20141022 15.43 15.45 15.49 15.12 13670
20141023 15.38 14.94 15.38 14.80 12351
20141024 14.93 14.87 15.07 14.80 7992
20141027 14.84 14.99 15.13 14.84 6291
20141028 15.00 15.70 15.80 15.00 18260
20141029 15.65 15.80 16.00 15.60 25008
20141030 15.78 15.96 16.20 15.71 31114
20141031 15.87 16.03 16.28 15.87 23869
20141103 16.10 16.04 16.25 15.88 23493
20141104 16.04 15.72 16.24 15.53 42341
20141105 15.78 15.80 16.13 15.75 30568
20141106 15.88 15.96 16.05 15.83 24422
20141107 15.91 15.85 16.25 15.82 27756
20141110 15.86 15.85 15.97 15.60 17388
20141111 15.76 15.33 16.19 15.22 16888
20141112 15.20 15.31 15.46 15.18 29177
20141113 15.35 14.85 15.38 14.79 31349
20141114 14.85 14.63 14.97 14.53 32435
20141117 14.65 14.82 14.89 14.55 14749
20141118 14.82 14.70 14.95 14.63 22984
20141119 14.75 15.12 15.24 14.68 22931
20141120 15.29 15.23 15.64 15.16 26384
20141121 15.15 15.17 15.30 14.98 20619
20141124 15.01 14.85 15.12 14.77 55030
20141125 14.84 14.80 14.89 14.68 40904
20141126 14.87 15.63 15.66 14.80 75029
20141127 15.70 16.02 16.03 15.40 61127
20141128 16.04 15.93 16.11 15.50 46593
20141201 15.95 15.54 15.97 15.50 26038
20141202 15.51 15.66 16.12 15.51 47936
20141203 15.70 15.49 15.76 15.40 37441
20141204 15.41 15.70 15.85 15.41 38289
20141205 15.64 15.01 15.76 14.95 33857
20141208 15.02 15.81 15.95 14.91 65136
20141209 15.78 15.55 16.25 15.40 70822
20141210 15.48 16.87 17.00 15.48 58289
20141211 17.00 16.77 17.07 16.51 38443
20141212 16.70 16.94 16.99 16.51 27873
20141215 16.94 17.67 17.72 16.71 37815
20141216 17.65 17.62 17.69 17.20 18086
20141217 17.62 16.90 17.62 16.62 32812
20141218 16.84 16.79 16.89 16.56 16294
20141219 16.61 16.54 16.78 16.31 22509
20141222 16.52 16.37 17.37 16.25 32752
20141223 16.40 15.72 16.45 15.71 22576
20141224 15.80 16.24 16.52 15.80 29754
20141225 16.00 16.10 16.36 16.00 34451
20141226 16.23 16.83 17.05 16.07 45048
20141229 16.85 17.63 17.66 16.85 39063
20141230 17.62 16.82 17.68 16.60 39784
20141231 16.86 17.13 17.26 16.33 36674
20150105 17.02 16.50 17.26 16.34 58897
20150106 16.49 16.53 16.58 16.29 19803
20150107 16.53 16.22 16.54 16.16 19722
20150108 16.20 16.29 16.64 16.07 18825
20150109 16.29 16.13 16.53 16.12 19291
20150112 16.06 15.38 16.06 15.30 28631
20150113 15.36 15.48 15.50 15.18 21170
20150114 15.48 14.75 15.68 14.60 24389
20150115 14.95 15.01 15.15 14.73 34516
20150116 15.03 15.40 15.50 14.97 25294
20150119 15.10 15.35 15.68 14.78 30129
20150120 15.35 15.52 15.62 15.25 19130
20150121 15.54 15.78 15.88 15.41 23322
20150122 15.71 15.79 15.88 15.64 20149
20150123 15.79 15.43 15.80 15.35 25094
20150126 15.43 15.63 15.70 15.38 29219
20150127 15.69 15.52 15.69 15.28 27828
20150128 15.50 15.59 15.68 15.35 22432
20150129 15.50 16.37 16.44 15.42 57309
20150130 16.39 15.99 16.40 15.95 31842
20150202 15.99 16.26 16.50 15.88 40527
20150203 16.30 16.23 16.58 16.12 25158
20150204 16.33 16.04 16.38 15.92 23339
20150205 16.13 15.85 16.20 15.76 25302
20150206 15.75 15.78 16.06 15.70 12622
20150209 15.89 16.08 16.11 15.72 14682
20150210 16.10 15.60 16.12 15.40 19115
20150211 15.57 15.69 15.89 15.54 12430
20150212 15.81 15.59 15.81 15.50 10322
20150213 15.63 15.78 15.95 15.63 18365
20150216 15.98 16.09 16.09 15.78 31299
20150217 16.11 16.13 16.22 16.01 11268
20150225 16.20 16.19 16.45 16.11 21690
20150226 16.24 16.21 16.30 16.07 14423
20150227 16.30 16.41 16.51 16.18 21255
20150302 16.75 16.57 16.75 16.50 28824
20150303 16.51 16.42 16.51 16.32 18960
20150304 16.37 16.38 16.47 16.29 24710
20150305 16.38 16.99 17.22 16.24 52483
20150306 17.47 17.62 17.86 17.28 65891
20150309 17.62 17.97 18.38 17.22 53151
20150310 18.04 18.00 18.50 17.85 37153
20150311 18.00 17.93 18.30 17.79 26958
20150312 18.10 17.41 18.15 17.38 27626
20150313 17.41 17.49 17.64 17.30 22511
20150316 17.58 17.99 18.11 17.57 29961
20150317 18.00 17.99 18.29 17.86 28006
20150318 17.99 18.28 18.30 17.86 26825
20150319 18.20 18.62 18.82 18.09 25091
20150320 18.78 19.75 19.93 18.78 56225
20150323 20.40 21.49 21.73 20.35 78862
20150324 21.50 22.18 22.50 20.75 78426
20150325 21.80 21.31 21.80 21.05 56159
20150326 21.35 20.36 21.46 20.10 55549
20150327 20.50 21.04 21.17 20.40 49359
20150330 21.06 21.40 22.15 21.01 64783
20150331 21.34 21.76 22.15 21.20 61624
20150401 22.10 22.49 22.74 21.76 52276
20150402 22.20 24.15 24.28 22.20 65371
20150403 24.15 26.57 26.57 24.01 133558
20150407 26.80 26.34 26.80 25.51 76081
20150408 26.30 24.54 26.30 23.71 102429
20150409 24.49 23.63 24.49 22.30 72547
20150410 22.99 23.81 24.15 22.56 96005
20150413 24.00 23.72 24.15 23.30 89068
20150414 23.70 23.71 24.72 22.63 104668
20150415 23.50 22.67 23.58 22.40 64989
20150416 22.40 22.59 23.25 21.90 73159
20150417 22.70 22.92 23.37 22.70 76479
20150420 22.96 22.71 23.58 22.65 73104
20150421 22.68 23.18 23.20 22.66 49725
20150422 23.38 23.99 24.00 23.38 82430
20150423 24.22 23.57 24.66 23.26 79070
20150424 23.33 22.82 23.44 22.70 68846
20150427 22.82 22.98 23.32 22.27 80655
20150428 22.81 21.20 22.81 20.96 99010
20150429 20.98 21.54 21.67 20.61 50863
20150430 21.80 21.48 22.11 21.35 53431
20150504 21.85 22.26 22.40 21.39 78092
20150505 22.23 20.87 22.23 20.70 67666
20150506 20.85 20.16 21.07 20.04 68615
20150507 20.16 19.49 20.48 19.43 51348
20150508 19.60 20.24 20.30 19.57 57963
20150511 20.50 21.22 21.35 20.28 65035
20150512 21.23 21.39 21.40 20.80 64208
20150513 21.05 20.97 21.20 20.85 48716
20150514 20.95 21.85 22.23 20.95 84682
20150515 21.85 20.82 21.85 20.70 55632
20150518 20.50 20.61 21.19 20.33 51582
20150519 20.66 21.40 21.53 20.66 67843
20150520 21.56 21.72 22.20 21.41 87346
20150521 21.75 22.99 23.20 21.75 100060
20150522 23.18 23.01 23.49 22.53 92531
20150525 22.80 23.89 23.97 22.51 105921
20150526 23.80 24.67 24.98 23.14 136518
20150527 24.56 24.74 26.26 23.92 217844
20150528 24.80 22.28 25.22 22.27 161966
20150529 22.39 22.75 22.94 21.02 101358
20150601 22.50 24.18 24.22 22.43 98562
20150602 24.25 24.71 24.87 23.90 120612
20150603 24.72 24.45 24.80 23.56 94994
20150604 24.60 25.52 25.63 23.51 136669
20150605 26.02 26.87 28.07 25.51 184863
20150608 27.20 26.93 28.10 26.11 170499
20150609 26.90 25.99 27.13 25.35 129898
20150610 25.69 26.47 27.05 25.41 106005
20150611 26.10 27.37 27.42 25.77 142694
20150612 27.26 28.45 29.52 27.26 165010
20150615 28.35 28.77 29.81 27.92 117006
20150616 28.30 26.83 29.10 26.10 93294
20150617 26.73 27.83 27.90 25.32 94432
20150618 27.50 25.55 27.52 25.50 64300
20150619 25.33 23.58 25.33 23.20 59499
20150623 23.41 24.12 24.28 21.23 58765
20150624 24.15 25.10 26.05 24.15 74612
20150625 25.11 23.68 25.11 22.59 71335
20150626 22.70 21.31 23.25 21.31 55049
20150629 22.00 19.18 22.22 19.18 119486
20150630 18.71 20.35 20.60 17.39 124870
20150701 20.00 18.65 20.39 18.32 94744
20150702 18.62 16.79 18.62 16.79 65095
20150703 16.06 15.11 16.98 15.11 56617
20150706 16.62 14.98 16.62 13.60 125251
20150707 14.05 13.48 14.34 13.48 46850
20150708 12.13 12.24 13.25 12.13 126177
20150709 12.20 13.33 13.33 12.13 71763
20150710 14.50 14.66 14.66 14.01 41100
20150713 16.12 16.13 16.13 15.88 73091
20150714 16.14 17.31 17.74 16.14 145117
20150715 16.85 15.58 16.94 15.58 67566
20150716 14.97 16.50 16.65 14.51 71367
20150717 16.57 17.96 18.15 16.57 83534
20150720 17.92 18.13 18.64 17.31 64500
20150721 17.60 18.24 18.66 17.38 53232
20150722 18.11 18.05 18.40 17.50 52515
20150723 18.11 18.60 18.63 17.95 60284
20150724 18.52 19.71 20.46 18.51 110928
20150727 19.22 17.76 20.67 17.74 90300
20150728 16.50 16.80 18.10 15.99 86368
20150729 17.20 17.83 17.90 15.96 62963
20150730 17.95 17.14 18.40 17.00 93556
