20140102 17.00 17.18 17.27 16.93 37124
20140103 17.10 16.77 17.10 16.58 44829
20140106 16.69 15.68 16.69 15.61 57441
20140107 15.65 16.31 16.85 15.56 88252
20140108 16.12 15.99 16.46 15.80 45608
20140109 15.88 16.44 17.40 15.88 72628
20140110 16.25 16.44 16.66 16.11 41340
20140113 16.55 16.55 16.92 16.25 42776
20140114 16.69 16.82 16.87 16.34 46333
20140115 16.76 16.64 16.85 16.43 35461
20140116 16.70 16.63 16.86 16.45 49788
20140117 16.48 16.00 16.48 15.96 47191
20140120 15.92 15.95 16.15 15.90 20128
20140121 15.90 16.16 16.24 15.90 34685
20140122 16.23 16.99 17.08 16.23 94829
20140123 16.97 16.77 16.97 16.67 58357
20140124 16.65 17.02 17.48 16.61 78848
20140127 16.88 17.13 17.32 16.80 58693
20140128 17.11 17.81 18.13 17.07 120873
20140129 17.63 17.70 17.82 17.47 60283
20140130 17.81 17.73 18.10 17.55 61406
20140207 17.50 17.39 17.50 17.00 56773
20140210 17.50 17.87 17.99 17.41 67698
20140211 18.00 18.17 18.25 17.69 99928
20140212 18.22 18.06 18.22 17.82 66614
20140213 18.00 18.33 18.79 17.85 111152
20140214 18.15 18.57 18.69 18.15 75362
20140217 18.63 18.46 18.77 18.22 72886
20140218 18.42 17.96 18.43 17.90 80088
20140219 18.08 18.08 18.28 17.93 57811
20140220 18.08 18.05 18.49 17.65 82992
20140221 17.95 17.48 17.96 17.35 50599
20140224 17.37 16.45 17.37 16.06 83885
20140225 16.47 15.88 16.53 15.77 61783
20140226 15.68 15.91 15.95 15.42 36827
20140227 16.21 15.81 16.56 15.69 52572
20140228 15.65 15.91 15.94 15.60 27909
20140303 15.91 16.23 16.44 15.83 43203
20140304 16.16 16.21 16.35 15.94 35312
20140305 16.37 16.14 16.43 16.10 27430
20140306 16.20 16.38 16.60 16.18 46882
20140307 16.39 16.19 16.44 16.07 33510
20140310 15.99 15.56 15.99 15.41 33977
20140311 15.44 15.54 15.71 15.39 22669
20140312 15.54 15.63 15.70 15.42 23119
20140313 15.60 16.13 16.27 15.53 52555
20140314 15.96 15.80 16.09 15.67 23201
20140317 15.99 16.12 16.17 15.83 29444
20140318 16.21 16.17 16.50 16.15 25133
20140319 16.11 16.17 16.23 15.90 25924
20140320 16.23 16.03 16.31 15.86 31773
20140321 15.99 16.39 16.49 15.80 50437
20140324 16.40 16.45 16.57 16.25 52497
20140325 16.49 18.10 18.10 16.49 247924
20140326 18.46 17.61 18.58 17.50 201629
20140327 17.61 17.65 17.97 17.28 101425
20140328 17.55 17.13 18.07 16.92 93913
20140331 17.06 16.30 17.30 16.20 68957
20140401 16.28 16.46 16.55 16.11 42138
20140402 16.45 16.68 16.88 16.45 52101
20140403 16.77 16.41 16.77 16.23 41866
20140404 16.39 17.14 17.50 16.29 87390
20140408 16.95 17.19 17.29 16.86 61831
20140409 17.45 17.26 17.60 17.12 54452
20140410 17.20 17.27 17.39 17.16 50827
20140411 17.20 17.03 17.27 16.89 39758
20140414 17.08 17.11 17.19 17.00 27252
20140415 17.05 17.27 17.84 17.00 74028
20140416 17.05 17.11 17.33 17.01 33587
20140417 17.17 17.65 17.96 17.17 139418
20140418 17.50 17.83 17.85 17.33 62980
20140421 17.66 17.92 18.90 17.54 166728
20140422 18.29 19.20 19.29 18.00 247988
20140423 18.98 18.63 19.24 18.45 142294
20140424 18.51 17.77 18.70 17.76 104554
20140425 17.85 17.34 17.86 17.30 77049
20140428 17.19 16.18 17.28 16.00 89333
20140429 16.28 16.59 16.76 16.28 53223
20140430 16.50 16.69 16.88 16.38 39681
20140505 16.65 16.56 16.70 16.21 38943
20140506 16.61 16.73 16.89 16.46 45043
20140507 16.56 16.37 16.68 16.31 35860
20140508 16.31 16.41 16.71 16.25 30282
20140509 16.45 16.31 16.49 16.21 25283
20140512 16.52 16.70 16.78 16.42 42105
20140513 16.75 16.77 16.86 16.51 30517
20140514 16.80 16.70 16.96 16.67 32112
20140515 16.73 16.78 16.95 16.66 49239
20140516 16.73 16.70 16.80 16.45 29441
20140519 16.65 16.38 16.75 16.22 30248
20140520 16.56 16.38 16.65 16.33 26771
20140521 16.30 16.40 16.41 16.12 30332
20140522 16.41 16.48 16.88 16.31 44913
20140523 16.45 16.72 16.75 16.35 34497
20140526 16.76 16.65 16.89 16.50 38690
20140527 16.60 16.54 16.72 16.48 18411
20140528 16.61 16.68 16.70 16.56 23717
20140529 16.68 16.99 17.38 16.55 85438
20140530 16.86 16.71 16.88 16.59 35579
20140603 16.69 16.61 16.76 16.60 22888
20140604 16.65 16.56 16.87 16.42 23492
20140605 16.55 16.60 16.67 16.42 23891
20140606 16.65 16.62 16.99 16.50 58237
20140609 16.50 16.44 16.78 16.42 42721
20140610 16.46 16.57 16.62 16.39 31364
20140611 16.59 16.58 16.61 16.50 18817
20140612 16.45 16.31 16.50 16.25 60292
20140613 16.26 16.34 16.40 16.22 34681
20140616 16.34 16.32 16.38 16.23 31677
20140617 16.32 16.17 16.33 16.10 31529
20140618 16.12 15.86 16.20 15.80 41618
20140619 15.86 15.87 16.27 15.80 36572
20140620 15.88 15.72 15.88 15.56 24461
20140623 15.73 15.74 15.88 15.67 15653
20140624 15.71 15.88 15.90 15.66 18805
20140625 15.82 15.77 15.98 15.73 12608
20140626 15.79 15.91 15.95 15.78 18031
20140627 15.89 15.81 15.92 15.72 27850
20140630 15.83 15.84 15.89 15.75 20339
20140701 15.89 15.96 15.96 15.78 25282
20140702 16.04 15.93 16.07 15.79 20429
20140703 15.85 16.13 16.30 15.85 52421
20140704 16.11 16.04 16.15 15.95 27943
20140707 16.08 16.02 16.25 15.91 27195
20140708 16.02 15.93 16.02 15.66 24059
20140709 15.98 15.59 15.98 15.56 36673
20140710 15.59 15.70 15.82 15.59 20028
20140711 15.79 15.61 15.79 15.37 57746
20140714 15.58 15.60 15.64 15.36 43531
20140715 15.61 15.69 15.76 15.55 45919
20140716 15.72 15.74 15.89 15.60 33901
20140717 15.81 15.72 15.90 15.64 26644
20140718 15.66 15.80 16.00 15.62 50845
20140721 15.92 15.81 15.93 15.71 28273
20140722 15.84 15.83 15.91 15.75 40578
20140723 15.83 15.78 15.87 15.75 29395
20140724 15.80 15.94 16.10 15.56 52938
20140725 16.00 16.17 16.18 15.87 69164
20140728 16.60 16.53 16.78 16.30 118798
20140729 16.49 17.49 18.18 16.41 208275
20140730 17.10 17.28 17.34 17.06 107683
20140731 17.37 17.40 17.45 17.20 69992
20140801 17.38 17.12 17.47 17.10 69427
20140804 17.15 17.22 17.39 17.09 69503
20140805 17.15 17.05 17.26 16.93 52139
20140806 17.00 17.05 17.13 16.95 34246
20140807 17.10 16.82 17.13 16.79 45621
20140808 16.82 16.86 16.94 16.70 35413
20140811 16.95 17.18 17.22 16.88 58050
20140812 17.13 17.13 17.20 16.98 43477
20140813 17.11 17.53 17.68 17.01 138231
20140814 17.40 17.05 17.50 17.02 81581
20140815 17.09 17.22 17.39 16.92 52521
20140818 17.30 17.28 17.36 17.20 40037
20140819 17.30 17.27 17.36 17.10 59323
20140820 17.27 17.33 17.45 17.19 44783
20140821 17.30 17.36 17.39 17.10 57182
20140822 17.36 17.59 17.68 17.34 102421
20140825 17.53 17.34 17.65 17.30 47554
20140826 17.33 16.88 17.36 16.77 51828
20140827 16.90 16.71 16.98 16.64 44120
20140828 16.70 16.89 17.30 16.49 76046
20140829 16.77 16.82 16.90 16.65 28172
20140901 16.86 17.00 17.04 16.83 32579
20140902 17.00 17.19 17.20 16.95 62806
20140903 17.19 17.31 17.36 17.15 50615
20140904 17.29 17.44 17.46 17.25 59028
20140905 17.49 17.80 18.15 17.38 144180
20140909 17.79 17.80 17.88 17.56 70931
20140910 17.80 17.68 17.80 17.54 51540
20140911 17.68 17.47 17.86 17.41 64157
20140912 17.50 17.62 17.69 17.40 40357
20140915 17.62 17.94 18.04 17.51 102305
20140916 18.18 18.15 19.30 18.00 249167
20140917 18.50 18.25 18.50 17.68 113392
20140918 18.25 18.30 18.42 18.05 86240
20140919 18.30 18.10 18.34 17.91 79628
20140922 18.03 17.60 18.03 17.54 61679
20140923 17.64 17.65 17.79 17.59 49925
20140924 17.64 17.89 18.07 17.58 65094
20140925 17.99 17.81 18.10 17.75 64733
20140926 17.76 17.84 17.95 17.72 35692
20140929 18.13 18.08 18.39 17.97 80918
20140930 18.09 18.07 18.17 18.01 58735
20141008 18.15 18.26 18.33 18.10 77343
20141009 18.28 18.27 18.50 18.09 87547
20141010 18.20 18.33 18.38 17.85 91551
20141013 18.25 18.56 18.81 18.20 113423
20141014 18.56 18.49 18.74 18.40 68940
20141015 18.50 18.51 18.63 18.41 50674
20141016 18.36 18.16 18.56 18.15 61998
20141017 18.09 17.89 18.22 17.71 58179
20141020 17.88 17.94 18.08 17.87 35228
20141021 17.99 17.78 18.03 17.77 32011
20141022 17.73 17.63 17.86 17.60 30418
20141023 17.61 17.33 17.85 17.20 35150
20141024 17.48 18.15 18.45 17.40 103131
20141027 18.02 17.80 18.30 17.70 75816
20141028 17.97 18.29 18.39 17.91 91797
20141029 18.36 19.50 19.99 18.29 268201
20141030 19.81 21.45 21.45 19.66 374619
20141031 21.10 21.28 21.87 20.75 270672
20141103 21.26 21.55 22.40 21.08 223061
20141104 21.30 21.44 21.77 20.93 145095
20141105 21.10 21.00 21.66 20.99 112150
20141106 21.01 21.42 21.58 20.83 122520
20141107 21.33 21.84 22.60 21.16 192663
20141110 21.85 22.58 22.87 21.58 155952
20141111 22.84 22.33 23.60 21.80 239883
20141112 22.36 24.56 24.56 22.20 163481
20141113 26.39 27.02 27.02 26.10 501645
20141114 26.39 27.27 29.38 26.38 533702
20141117 27.20 29.28 30.00 26.00 556587
20141118 28.12 29.50 30.50 28.04 407066
20141119 29.30 29.30 30.10 28.73 274902
20141120 28.86 29.00 29.86 28.82 242772
20141121 29.20 29.34 30.38 28.90 356529
20141124 29.93 32.27 32.27 28.91 525012
20141125 31.88 33.29 35.35 31.55 537466
20141126 33.00 33.64 34.10 32.60 347829
20141127 33.30 33.37 33.75 32.78 258772
20141128 33.04 33.08 35.19 32.98 346768
20141201 32.32 30.47 32.70 30.28 410153
20141202 30.30 31.19 31.84 30.01 301566
20141203 31.23 31.49 31.85 30.59 296949
20141204 31.21 32.82 32.97 31.00 336294
20141205 32.50 31.20 32.60 30.42 303161
20141208 31.86 32.18 33.34 31.31 331685
20141209 31.60 32.31 34.60 30.63 514920
20141210 32.60 35.54 35.54 32.50 450851
20141211 36.00 36.56 37.60 35.18 397693
20141212 36.60 35.67 36.61 35.00 245304
20141215 36.10 36.16 37.28 34.80 257032
20141216 35.81 35.66 36.09 35.00 192196
20141217 35.60 35.73 36.93 35.09 214532
20141218 35.88 35.99 36.78 35.30 217556
20141219 35.46 38.00 39.18 35.46 336246
20141222 37.35 35.31 37.82 34.91 280199
20141223 35.33 34.19 36.43 34.00 194824
20141224 34.38 34.56 34.92 33.30 163725
20141225 34.39 34.78 34.85 33.97 155989
20141226 34.95 37.72 38.26 34.71 337406
20141229 38.70 37.02 40.28 36.68 393093
20141230 36.50 36.04 36.86 35.43 177712
20141231 36.15 37.50 38.00 35.80 169240
20150105 37.40 37.49 38.39 36.90 181465
20150106 36.80 37.21 38.53 36.50 160247
20150107 36.72 37.83 38.50 36.72 198646
20150108 37.96 37.03 38.86 36.80 200211
20150109 36.51 35.46 36.78 33.50 204373
20150112 35.00 34.91 35.09 34.10 136993
20150113 34.86 34.41 35.30 34.18 95929
20150114 34.49 33.97 34.80 33.73 83046
20150115 33.90 34.68 34.93 33.85 93384
20150116 34.80 35.32 35.44 34.50 104598
20150119 33.90 32.21 34.62 31.79 192330
20150120 32.61 32.92 33.39 32.30 124460
20150121 33.13 34.89 34.99 32.80 183597
20150122 36.24 36.54 37.38 36.08 257235
20150123 37.20 36.70 37.50 35.84 179696
20150126 36.60 38.24 38.80 35.95 319843
20150127 37.93 37.13 37.93 36.27 196308
20150128 36.67 36.27 36.97 36.00 106450
20150129 35.75 35.20 35.99 35.03 94986
20150130 35.70 34.37 35.92 34.25 100283
20150202 33.50 34.52 35.25 33.40 82742
20150203 34.98 34.82 35.20 34.38 75987
20150204 34.60 34.14 34.72 34.03 97764
20150205 34.81 33.57 34.96 33.53 91766
20150206 33.30 32.98 34.07 32.77 77006
20150209 33.00 32.88 33.35 32.70 57381
20150210 33.00 33.60 33.75 32.81 58017
20150211 33.56 33.66 33.85 33.47 52270
20150212 33.68 34.57 34.89 33.68 87504
20150213 34.90 34.56 35.55 34.51 91651
20150216 34.58 34.35 34.78 34.19 69295
20150217 34.51 34.89 35.40 34.41 95371
20150225 34.95 34.63 35.23 34.02 77064
20150226 34.52 34.91 35.00 34.01 79569
20150227 34.91 34.99 35.35 34.70 74369
20150302 35.35 35.53 35.55 34.85 102960
20150303 35.40 34.20 35.40 34.16 126689
20150304 34.21 34.54 35.04 34.18 93243
20150305 34.65 34.52 34.91 33.88 78022
20150306 34.81 34.48 34.95 34.46 76150
20150309 34.31 34.19 34.35 33.60 82939
20150310 34.20 34.19 34.55 33.93 65464
20150311 34.18 33.89 34.50 33.71 68854
20150312 34.03 34.22 34.50 33.80 76364
20150313 34.12 34.05 34.28 33.74 68753
20150316 34.03 37.46 37.46 34.01 334516
20150317 37.95 37.49 38.68 36.81 300183
20150318 37.04 37.62 38.00 37.04 164455
20150319 37.32 37.35 37.55 36.66 150451
20150320 37.31 37.28 37.74 36.90 143190
20150323 37.41 37.55 37.72 37.02 160087
20150324 37.73 39.01 39.55 37.22 316573
20150325 39.00 37.85 39.96 37.82 240513
20150326 37.49 36.37 37.49 36.31 168048
20150327 36.45 36.79 36.98 36.36 97239
20150330 37.03 38.27 38.59 36.80 194732
20150331 38.91 37.51 39.68 37.41 195892
20150401 37.89 38.01 38.49 37.53 128582
20150402 38.10 38.15 38.59 37.60 136307
20150403 37.99 39.00 39.19 37.76 187516
20150407 39.15 40.39 40.88 38.60 248768
20150408 40.36 41.46 41.90 38.95 276709
20150409 40.92 40.36 41.50 39.48 203361
20150410 40.59 40.84 41.40 39.90 140044
20150413 41.25 43.31 43.74 40.66 247861
20150414 42.89 44.84 46.69 42.60 260662
20150415 44.72 42.00 44.72 41.90 176213
20150416 41.12 41.91 42.67 40.51 137470
20150417 41.90 41.79 43.39 41.73 175632
20150420 41.88 40.31 42.89 40.19 218158
20150421 40.25 41.09 41.40 40.21 116027
20150422 41.65 42.09 42.54 41.15 155381
20150423 42.17 41.96 43.39 41.80 162041
20150424 41.20 43.22 43.38 40.95 224660
20150427 43.70 42.68 44.15 42.14 188654
20150428 43.04 41.53 43.60 41.45 156960
20150429 41.14 41.78 42.49 41.10 97485
20150430 42.00 41.74 42.70 41.71 111167
20150504 41.02 40.19 41.46 40.00 141233
20150505 40.01 38.31 40.01 38.18 127242
20150506 38.63 37.93 39.44 37.73 106878
20150507 37.83 38.27 38.90 37.80 86050
20150508 39.20 38.87 39.28 38.28 92649
20150511 39.30 39.97 40.29 38.88 136215
20150512 40.77 43.97 43.97 40.77 216981
20150513 48.30 48.37 48.37 45.31 556271
20150514 48.00 46.95 48.00 46.15 262071
20150515 46.50 51.65 51.65 45.30 332179
20150518 51.60 52.77 55.00 50.53 319113
20150519 51.50 50.29 55.28 50.00 445375
20150520 49.40 49.25 50.69 48.35 328545
20150521 49.27 49.33 49.69 48.41 207214
20150522 49.85 50.03 50.60 49.27 205868
20150525 49.57 51.10 51.48 49.30 223912
20150526 51.11 56.21 56.21 51.11 319144
20150527 57.20 59.54 60.92 55.09 400910
20150528 60.90 53.59 61.47 53.59 333225
20150529 53.93 56.67 58.63 51.00 267116
20150601 56.70 60.26 60.79 56.70 232056
20150602 61.77 66.29 66.29 61.01 294169
20150603 67.20 67.27 69.60 63.89 268741
20150604 67.37 64.92 67.70 60.68 194716
20150605 65.57 64.55 66.95 62.32 171637
20150608 64.00 65.37 66.89 62.01 193836
20150609 65.00 65.94 68.67 64.01 185094
20150610 66.88 72.01 72.53 66.40 266947
20150611 72.01 71.57 72.59 70.57 182284
20150612 75.00 70.35 76.45 69.90 244115
20150615 68.80 65.51 68.80 64.00 230958
20150616 64.80 65.02 67.50 63.70 158080
20150617 65.00 65.12 65.50 60.83 150255
20150618 65.00 64.92 67.88 64.15 169843
20150619 63.58 61.33 65.90 60.40 127067
20150623 62.00 59.05 62.20 55.20 180743
20150624 59.98 63.75 64.00 56.36 241275
20150625 62.88 58.01 62.88 57.50 165147
20150626 53.07 52.21 56.25 52.21 145525
20150629 54.08 46.99 54.20 46.99 191641
20150630 45.90 49.74 51.51 42.29 274082
20150701 49.00 45.38 50.95 44.77 197015
20150702 46.48 40.84 46.50 40.84 213621
20150703 39.01 37.16 42.87 36.78 229601
20150706 40.88 38.85 40.88 34.18 293720
20150707 37.40 37.98 38.49 34.97 340352
20150708 34.18 34.18 35.26 34.18 214218
20150709 34.17 37.60 37.60 31.00 267617
20150710 39.00 41.36 41.36 38.88 165814
20150713 43.27 45.50 45.50 42.18 243714
20150714 45.30 46.81 48.95 44.00 291398
20150715 45.20 42.13 46.00 42.13 187394
20150716 42.13 43.91 44.95 39.01 165972
20150717 44.30 46.41 46.90 44.30 189627
20150720 46.40 47.60 48.96 45.20 252316
20150721 46.20 46.46 47.50 45.74 149961
20150722 46.35 46.84 47.78 45.80 156856
20150723 47.11 48.76 49.49 47.11 206122
20150724 48.81 48.88 50.58 47.56 288698
20150727 47.89 44.21 51.48 44.05 278575
20150728 42.88 47.05 47.88 41.97 296234
20150729 47.95 49.66 49.88 44.88 211466
20150730 49.50 48.04 50.50 47.71 187899
