20140102 23.34 23.93 24.14 23.11 23049
20140103 23.94 24.03 24.20 23.62 10191
20140106 23.76 23.26 23.99 23.18 11690
20140107 23.20 22.81 23.50 22.78 10455
20140108 22.99 22.58 23.27 22.38 14750
20140109 22.58 22.49 22.80 22.45 13267
20140110 22.49 21.83 22.55 21.70 15260
20140113 22.18 21.58 22.25 21.39 14652
20140114 21.58 21.83 21.88 21.30 9066
20140115 21.80 22.25 22.28 21.68 7202
20140116 22.20 22.58 22.59 22.10 15113
20140117 22.59 23.28 23.30 22.40 17890
20140120 23.80 24.19 24.20 23.41 25939
20140121 24.15 24.00 24.75 23.67 17796
20140122 24.01 24.32 24.55 23.67 15226
20140123 24.08 25.55 25.70 24.03 30189
20140124 25.60 25.83 26.16 25.40 18191
20140127 25.80 25.59 25.81 25.15 16022
20140128 25.58 25.60 26.10 25.45 19310
20140129 25.59 25.18 25.71 24.87 13286
20140130 25.17 25.02 25.48 24.88 6001
20140207 25.02 25.82 25.90 24.55 17229
20140210 25.60 26.64 27.00 25.51 24718
20140211 26.74 26.51 26.96 26.10 11545
20140212 26.62 27.07 27.45 26.32 17123
20140213 27.10 27.36 28.29 27.10 24933
20140214 27.59 27.01 28.00 26.80 32210
20140217 27.03 27.89 28.50 27.03 22650
20140218 27.95 26.98 28.20 26.78 22082
20140219 26.67 26.59 27.20 26.55 15726
20140220 26.60 27.60 28.63 26.60 41393
20140221 27.31 26.88 27.76 26.83 16856
20140224 27.00 26.36 27.00 25.60 19594
20140225 26.56 24.54 26.80 24.28 33198
20140226 24.60 26.29 26.35 24.60 23164
20140227 26.05 25.36 26.05 24.87 17179
20140228 25.25 24.89 26.34 24.68 22132
20140303 25.14 26.47 26.49 24.70 28961
20140304 26.74 27.36 28.80 26.56 44291
20140305 27.65 25.81 27.85 25.60 56187
20140306 25.62 25.99 26.48 25.41 22845
20140307 26.26 26.30 26.58 25.90 23588
20140310 26.30 25.10 26.35 25.04 18374
20140311 25.00 25.13 25.75 24.84 15308
20140312 25.19 25.15 25.46 24.79 11214
20140313 25.43 25.29 25.68 25.00 11090
20140314 25.16 24.83 25.44 24.45 17888
20140317 24.83 25.18 25.35 24.70 12025
20140318 25.09 24.69 25.09 24.43 25891
20140319 24.45 23.79 24.58 23.58 25244
20140320 23.63 23.10 23.63 23.08 31184
20140321 23.00 23.41 23.58 22.91 16635
20140324 23.48 23.13 23.48 22.92 22901
20140325 22.93 23.74 24.68 22.92 31142
20140326 23.67 23.78 24.12 23.48 12180
20140327 23.78 23.99 24.26 23.60 19943
20140328 24.10 24.39 24.56 24.00 15966
20140331 24.30 23.96 24.33 23.84 9730
20140401 23.61 24.10 24.22 23.61 5139
20140402 24.00 24.07 24.34 24.00 7302
20140403 24.17 23.27 24.19 23.17 13095
20140404 23.50 23.72 23.75 23.17 12369
20140408 23.61 23.80 24.18 23.51 19275
20140409 24.00 23.53 24.03 23.38 26666
20140410 23.53 23.68 23.73 23.42 9824
20140411 23.68 23.61 23.77 23.48 11078
20140414 23.75 24.20 24.23 23.69 18894
20140415 24.27 24.09 24.27 23.80 11737
20140416 23.95 24.08 24.23 23.80 9580
20140417 24.11 23.90 24.23 23.81 9037
20140418 23.88 23.33 23.92 23.18 26747
20140421 23.25 23.34 23.57 23.25 9277
20140422 23.30 23.42 23.58 23.21 10049
20140423 23.52 23.60 23.72 23.41 5506
20140424 23.61 23.69 23.75 23.60 7174
20140425 23.72 23.21 23.79 23.18 14004
20140428 23.31 22.34 23.37 22.10 13468
20140429 22.30 22.41 22.69 22.30 6354
20140430 22.42 22.93 22.98 22.42 4897
20140505 22.93 23.21 23.25 22.87 8525
20140506 23.15 23.69 23.85 22.93 11401
20140507 23.68 23.12 23.69 23.11 4600
20140508 23.14 23.15 23.37 22.83 3499
20140509 23.15 23.31 23.36 22.55 7711
20140512 23.32 23.20 23.48 22.81 15720
20140513 23.18 22.99 23.20 22.79 9056
20140514 22.84 22.67 22.97 22.45 11218
20140515 22.70 21.89 22.78 21.80 19322
20140516 21.83 21.92 22.12 21.75 7377
20140519 21.95 21.83 22.10 21.11 15846
20140520 21.95 21.60 21.95 21.40 10222
20140521 21.51 21.84 21.99 21.30 8094
20140522 21.84 21.79 22.21 21.78 9248
20140523 21.76 22.10 22.18 21.76 7930
20140526 22.25 22.17 22.44 22.11 8853
20140527 22.18 22.15 22.34 22.10 9785
20140528 22.00 22.54 22.55 21.90 16876
20140529 22.50 22.38 22.64 22.22 7614
20140530 22.38 22.33 22.45 22.26 3410
20140603 22.33 22.65 22.77 22.33 11924
20140604 22.50 22.60 22.72 22.42 5071
20140605 22.60 22.98 23.00 22.47 8117
20140606 23.00 22.94 23.11 22.83 4472
20140609 22.98 22.96 23.38 22.66 11850
20140610 22.92 23.61 23.71 22.92 13442
20140611 23.53 24.02 24.15 23.52 13448
20140612 23.86 23.84 24.00 23.73 4854
20140613 23.93 24.17 24.39 23.84 9108
20140616 24.22 24.13 24.66 24.10 11931
20140617 24.11 24.80 24.87 24.11 22682
20140618 24.61 24.80 24.95 24.48 9357
20140619 24.60 24.40 24.90 24.25 15989
20140620 24.52 24.29 25.05 24.12 15274
20140623 24.28 24.97 25.02 24.28 12067
20140624 25.10 24.77 25.16 24.65 4992
20140625 24.70 24.55 24.85 24.48 4932
20140626 24.58 24.67 24.83 24.50 8250
20140627 24.65 24.42 24.66 24.33 11536
20140630 24.47 25.31 25.36 24.47 17779
20140701 25.35 26.12 26.27 25.35 27539
20140702 26.15 26.03 26.20 25.61 13920
20140703 26.08 26.37 26.97 25.83 18044
20140704 26.39 26.63 26.84 26.20 13963
20140707 26.79 26.95 27.12 26.60 14024
20140708 26.95 26.67 27.26 26.36 20730
20140709 26.70 27.28 27.45 26.55 14387
20140710 27.32 27.12 27.57 27.03 9468
20140711 27.33 27.09 27.50 26.93 9773
20140714 27.33 27.41 27.42 26.80 8537
20140715 27.19 27.67 27.80 27.19 13107
20140716 27.62 28.63 28.64 27.40 23932
20140717 28.80 27.55 29.26 27.18 39719
20140718 27.00 26.52 27.48 26.11 32360
20140721 26.39 26.23 26.60 25.98 9052
20140722 26.21 27.32 27.58 26.16 20504
20140723 27.30 27.64 27.80 27.30 11587
20140724 27.64 27.63 27.72 26.86 12393
20140725 27.52 27.39 27.61 27.00 6660
20140728 27.40 27.57 27.95 27.40 13054
20140729 27.57 28.40 28.78 27.51 11471
20140730 28.22 28.23 28.35 27.84 7304
20140731 28.24 28.91 30.30 27.98 16416
20140801 28.28 27.33 28.50 27.30 25254
20140804 27.30 27.86 28.03 27.30 24887
20140805 27.99 27.60 27.99 26.95 19470
20140806 27.31 27.41 27.60 27.12 16085
20140807 27.50 27.69 27.95 27.46 12040
20140808 27.60 27.71 27.91 27.27 19154
20140811 27.45 27.50 27.66 27.34 21942
20140812 27.49 27.62 27.69 27.11 18758
20140813 27.60 27.96 28.08 27.39 15953
20140814 27.89 28.02 28.12 27.81 12632
20140815 28.60 28.80 28.82 28.11 18042
20140818 28.69 28.71 28.97 28.51 12708
20140819 28.62 28.30 28.71 28.09 14565
20140820 28.34 28.66 28.68 28.10 12540
20140821 28.71 28.60 28.81 28.28 9028
20140822 28.58 28.51 28.70 28.18 9873
20140825 28.57 27.93 28.57 27.90 8941
20140826 27.88 28.23 28.30 27.80 7914
20140827 27.96 28.27 28.29 27.90 4409
20140828 28.28 27.75 28.30 27.50 5418
20140829 27.70 27.77 27.80 27.60 6519
20140901 27.70 27.78 28.15 27.60 10112
20140902 27.79 28.37 28.54 27.66 11029
20140903 28.40 28.30 28.49 28.16 11227
20140904 28.33 28.43 28.48 28.03 12350
20140905 28.45 28.70 28.71 28.10 12317
20140909 28.78 28.39 28.80 28.19 14329
20140910 28.40 28.65 28.70 28.22 7368
20140911 28.65 28.40 28.83 28.36 9370
20140912 28.29 28.69 28.79 28.29 5935
20140915 28.69 29.54 29.63 28.45 12812
20140916 29.50 29.15 30.55 29.00 23616
20140917 29.40 31.25 31.41 29.40 28245
20140918 31.10 30.54 31.16 30.36 15628
20140919 30.89 30.54 30.98 30.01 8198
20140922 30.40 30.12 30.41 30.00 8893
20140923 30.12 30.17 30.22 29.82 8907
20140924 30.23 30.71 30.86 30.18 7130
20140925 30.55 30.39 30.59 30.02 10298
20140926 30.39 30.16 30.42 30.04 5583
20140929 30.30 30.11 30.38 30.02 5217
20140930 30.26 30.20 30.37 29.91 5521
20141008 30.02 30.40 30.41 29.98 8532
20141009 30.35 29.80 30.35 29.50 22572
20141010 29.70 29.81 30.15 29.25 10157
20141013 29.81 29.52 29.94 29.40 8041
20141014 29.68 28.94 29.68 28.60 14056
20141015 28.77 28.70 29.02 28.04 16628
20141016 28.69 29.28 29.49 28.67 16506
20141017 29.27 29.36 29.45 28.18 11988
20141020 29.37 29.19 29.40 28.90 12935
20141021 29.16 28.60 29.30 28.50 11365
20141022 28.61 28.59 28.80 28.50 7136
20141023 28.31 27.88 28.60 27.69 14117
20141024 27.70 28.04 28.12 27.61 9944
20141027 27.52 28.13 28.27 27.52 9170
20141028 28.20 28.75 28.79 28.20 8418
20141029 28.78 29.84 29.96 28.52 19399
20141030 29.69 29.60 29.90 29.50 8198
20141031 29.60 29.78 29.98 29.45 9623
20141103 29.75 29.49 29.90 29.23 12370
20141104 29.47 29.65 29.70 29.25 6411
20141105 29.44 29.01 29.77 28.88 7804
20141106 28.87 28.49 29.15 28.23 16283
20141107 28.54 28.51 28.98 28.11 15117
20141110 28.51 29.03 29.28 28.30 17629
20141111 29.03 28.42 29.17 28.32 10045
20141112 28.40 29.55 30.10 28.30 20702
20141113 29.49 30.23 30.25 29.20 19294
20141114 30.20 30.34 30.46 29.66 16502
20141117 30.40 30.24 31.00 29.50 28554
20141118 30.05 30.12 30.40 29.81 9411
20141119 30.12 29.94 30.12 29.60 7387
20141120 29.62 29.79 29.85 28.88 11825
20141121 29.62 29.88 30.02 29.35 9117
20141124 30.00 30.66 31.25 29.92 22859
20141125 30.60 33.20 33.27 30.41 27730
20141126 33.40 32.93 34.50 32.83 20724
20141127 32.93 32.52 33.50 32.42 13050
20141128 32.52 31.95 32.88 31.40 15539
20141201 31.95 31.70 32.07 31.45 14870
20141202 32.02 32.98 33.05 32.00 23161
20141203 32.62 33.13 34.42 32.40 28031
20141204 32.98 34.40 34.45 32.98 23257
20141205 34.42 34.05 35.60 33.61 31676
20141208 34.05 33.46 34.08 32.80 20331
20141209 33.30 33.44 34.32 32.50 23392
20141210 33.43 33.71 33.98 32.88 21935
20141211 33.60 34.77 35.24 33.33 18138
20141212 34.79 34.93 35.38 34.14 7684
20141215 35.30 34.36 35.30 33.50 13929
20141216 34.25 34.31 34.45 33.72 7350
20141217 33.10 33.66 34.30 33.04 10203
20141218 33.49 33.72 33.81 33.11 7370
20141219 33.66 33.38 33.95 33.05 12756
20141222 33.21 32.40 33.59 31.80 11435
20141223 32.20 31.40 32.77 30.50 11478
20141224 31.50 32.08 32.18 31.37 5801
20141225 32.21 33.09 33.21 32.20 10953
20141226 33.20 32.40 33.20 31.88 14670
20141229 32.55 32.27 32.64 31.30 33228
20141230 31.73 31.90 32.22 31.33 20805
20141231 31.84 32.33 32.43 31.69 11224
20150105 32.34 32.78 33.19 31.50 24328
20150106 32.69 33.05 33.25 32.32 41249
20150107 33.23 33.98 34.96 33.00 32606
20150108 33.52 34.05 34.40 33.02 18356
20150109 34.00 34.07 34.19 33.58 13935
20150112 34.05 33.55 34.28 33.23 12879
20150113 33.30 34.50 34.50 33.30 13460
20150114 34.58 33.93 34.65 33.70 10133
20150115 33.46 33.85 34.10 33.40 9119
20150116 34.60 34.80 36.28 34.28 29438
20150119 34.00 33.66 35.80 33.61 27110
20150120 33.66 33.70 33.98 33.33 15717
20150121 34.19 34.97 35.19 33.85 20138
20150122 34.70 36.36 36.60 34.50 34062
20150123 36.70 37.95 38.39 36.60 46441
20150126 37.96 38.06 38.28 37.40 23382
20150127 37.75 37.70 38.39 37.07 22394
20150128 37.79 36.87 37.79 36.70 12855
20150129 36.46 35.71 36.46 35.19 22004
20150130 35.30 35.09 35.86 34.78 10526
20150202 34.66 35.17 35.58 34.66 7092
20150203 35.19 35.54 35.91 35.00 10066
20150204 35.49 34.40 35.54 34.07 18434
20150205 34.70 34.64 34.94 34.21 10274
20150206 34.59 34.13 34.59 33.80 11252
20150209 33.80 33.34 34.23 32.87 17627
20150210 33.30 34.55 34.75 33.08 11928
20150211 34.53 34.28 34.53 33.83 8786
20150212 34.10 34.32 34.57 34.05 5101
20150213 34.25 35.50 35.59 34.25 19649
20150216 35.56 35.86 36.59 35.15 13547
20150217 35.82 37.47 37.96 35.80 25920
20150225 37.00 37.37 38.01 35.11 14968
20150226 37.02 36.96 37.79 36.51 10842
20150227 36.96 36.81 37.38 36.62 4358
20150302 37.00 36.79 37.15 36.50 6176
20150303 36.75 36.52 36.85 36.03 9615
20150304 36.48 36.62 36.66 36.08 8500
20150305 36.70 36.61 37.16 36.28 13095
20150306 36.59 36.91 37.88 36.31 16220
20150309 36.36 36.35 36.91 35.42 18068
20150310 36.46 36.98 38.45 36.01 23962
20150311 37.00 36.74 37.60 36.38 11526
20150312 36.98 36.70 37.35 36.23 14513
20150313 36.76 37.58 38.47 36.70 18557
20150316 37.46 38.00 38.20 37.46 25752
20150317 38.01 38.02 38.18 37.57 21882
20150318 38.18 40.10 40.47 38.08 28364
20150319 40.16 40.17 40.45 39.55 20586
20150320 39.95 39.71 40.12 39.30 18996
20150323 39.80 39.68 40.78 39.40 22288
20150324 39.55 40.75 40.88 39.50 31397
20150325 40.50 41.76 42.48 40.44 21487
20150326 42.01 45.94 45.94 40.67 31921
20150327 46.58 47.06 47.56 44.58 30857
20150330 46.20 46.98 48.51 46.20 18204
20150331 46.35 45.30 46.92 45.10 16996
20150401 45.52 45.16 45.52 44.00 35632
20150402 45.09 45.40 45.65 44.63 13451
20150409 45.10 46.00 46.24 43.66 41726
20150410 45.66 46.08 46.50 45.05 21235
20150413 46.23 46.37 47.00 45.65 31068
20150414 46.46 45.34 46.46 44.70 18773
20150415 44.88 43.76 44.88 43.65 28022
20150416 43.50 44.88 44.94 42.01 15779
20150417 45.00 45.07 45.20 44.50 20311
20150420 45.09 45.18 47.80 44.00 35222
20150421 45.18 48.91 49.00 45.15 32259
20150422 48.81 49.08 49.95 48.01 16199
20150423 48.38 48.09 49.08 47.70 10873
20150424 47.49 47.88 48.00 46.65 13342
20150427 47.88 48.26 48.97 47.53 10377
20150428 49.01 53.09 53.09 49.01 35551
20150429 53.40 54.19 58.00 52.37 40759
20150430 54.19 53.10 54.59 52.73 19602
20150504 52.00 51.55 52.70 51.16 24023
20150505 51.67 49.15 51.67 48.70 15340
20150506 49.15 48.14 49.49 47.88 18030
20150507 48.50 47.46 48.65 47.26 10715
20150508 47.63 47.49 48.38 46.90 18022
20150511 48.30 50.26 50.58 47.15 49338
20150512 50.09 53.84 54.24 49.51 41351
20150513 53.05 51.88 53.08 51.87 26530
20150514 52.37 51.88 52.79 51.00 16288
20150515 51.88 52.98 53.60 50.02 25097
20150518 51.10 52.45 53.50 51.02 19314
20150519 51.25 54.02 54.77 51.25 27408
20150520 54.38 55.99 57.60 54.30 39534
20150521 56.10 55.59 56.60 54.50 14875
20150522 55.80 56.51 56.98 55.00 16351
20150525 56.55 57.74 58.00 54.80 25242
20150526 57.01 58.70 59.55 56.21 19381
20150527 58.20 57.47 60.01 57.37 18513
20150528 57.30 54.45 57.40 54.40 25438
20150529 54.46 54.78 55.88 53.00 25825
20150601 54.50 58.27 58.68 53.67 27725
20150602 57.70 60.99 61.07 57.45 21906
20150603 61.30 60.20 61.30 57.58 14524
20150604 59.88 66.22 66.22 57.70 47208
20150605 65.38 63.94 66.20 63.78 26023
20150608 63.00 64.95 66.20 62.66 26069
20150609 64.10 61.99 64.50 61.94 23614
20150610 62.00 60.49 62.00 59.11 51120
20150611 59.83 59.88 60.29 58.44 43375
20150612 60.20 60.16 60.88 59.52 52369
20150615 59.95 58.07 60.88 58.00 35518
20150616 57.00 56.48 58.10 56.40 21919
20150617 56.01 57.81 57.86 54.11 40322
20150618 57.66 57.31 58.09 56.60 21652
20150619 56.00 56.88 59.30 52.11 50962
20150623 57.00 61.40 62.30 52.53 53454
20150624 62.50 60.67 62.50 59.20 45075
20150625 60.02 57.09 60.99 57.00 38201
20150626 55.60 51.38 55.60 51.38 34800
20150629 52.88 51.41 54.50 46.38 41650
20150630 51.20 53.54 54.98 48.00 38196
20150701 53.10 50.61 55.60 50.00 26786
20150702 50.80 48.97 51.98 46.62 30629
20150703 47.32 50.12 51.65 44.18 46162
20150706 46.21 47.35 55.13 45.20 45066
20150707 46.00 42.62 46.00 42.62 19430
20150708 38.36 38.36 38.36 38.36 22637
20150709 34.52 42.20 42.20 34.52 52235
20150710 46.42 46.42 46.42 43.20 28007
20150713 51.06 51.06 51.06 51.06 14156
20150714 53.30 52.30 56.00 50.38 39511
20150715 52.29 47.07 52.29 47.07 22945
20150716 45.70 48.03 49.18 43.00 24440
20150717 48.15 50.58 50.88 48.15 18335
20150720 50.56 49.72 50.98 48.00 20816
20150721 48.11 48.18 49.50 47.73 24817
20150722 48.18 47.34 48.42 46.95 13840
20150723 46.93 49.74 50.30 46.93 23115
20150724 49.80 49.87 51.98 49.28 19463
20150727 48.95 44.88 49.50 44.88 23996
20150728 43.31 44.07 45.97 41.01 35211
20150729 43.88 44.95 45.89 42.03 25217
20150730 44.58 42.67 44.96 42.51 14016
