20140102 7.19 7.27 7.32 7.18 32926
20140103 7.25 7.11 7.28 7.08 37594
20140106 7.11 6.72 7.11 6.70 44147
20140107 6.69 6.75 6.84 6.66 28373
20140108 6.77 6.66 6.84 6.62 32415
20140109 6.68 6.61 6.80 6.60 39245
20140110 6.61 6.41 6.65 6.39 38330
20140113 6.44 6.46 6.51 6.34 39927
20140114 6.50 6.61 6.62 6.45 38160
20140115 6.58 6.71 6.73 6.53 55176
20140116 6.74 6.65 6.83 6.63 62646
20140117 6.64 6.49 6.65 6.47 38621
20140120 6.58 6.56 6.63 6.50 30752
20140121 6.55 6.67 6.67 6.55 39860
20140122 6.70 6.84 6.88 6.67 64486
20140123 6.84 6.86 6.95 6.81 63081
20140124 6.86 6.95 7.02 6.82 62117
20140127 6.91 6.93 7.00 6.80 54201
20140128 6.90 6.83 6.94 6.78 41162
20140129 6.86 6.89 6.95 6.84 47824
20140130 6.86 6.77 6.92 6.74 32063
20140207 6.70 6.88 6.88 6.67 35201
20140210 6.90 7.11 7.12 6.90 64912
20140211 7.08 7.12 7.27 7.08 75262
20140212 7.18 7.68 7.77 7.14 203227
20140213 7.54 7.41 7.62 7.39 138201
20140214 7.40 7.52 7.62 7.36 78518
20140217 7.51 7.64 7.74 7.51 98387
20140218 7.65 7.69 7.86 7.62 116062
20140219 7.63 7.74 7.74 7.52 105318
20140220 7.74 7.60 7.78 7.55 82253
20140221 7.50 7.41 7.60 7.36 64480
20140224 7.45 7.55 7.58 7.27 77976
20140225 7.53 7.76 7.93 7.48 215027
20140226 7.62 8.07 8.13 7.57 300748
20140227 8.00 7.85 8.18 7.77 173344
20140228 7.83 7.71 7.83 7.45 118896
20140303 7.68 8.14 8.17 7.52 195918
20140304 8.01 7.96 8.13 7.83 131212
20140305 8.00 7.80 8.15 7.74 115799
20140306 7.68 7.66 7.77 7.54 90372
20140307 7.62 7.58 7.76 7.57 61367
20140310 7.54 7.06 7.54 7.03 83269
20140311 7.00 6.97 7.10 6.84 56981
20140312 6.98 6.94 7.08 6.82 41541
20140313 6.95 6.93 7.04 6.89 49564
20140314 6.94 7.06 7.08 6.85 56304
20140317 7.01 7.13 7.17 7.01 57600
20140318 7.12 7.10 7.19 7.08 49097
20140319 7.07 7.05 7.10 6.86 50679
20140320 7.07 6.80 7.16 6.80 55649
20140321 6.81 6.95 7.01 6.68 52469
20140324 6.91 7.04 7.08 6.91 49595
20140325 7.03 7.03 7.09 6.98 34063
20140326 7.06 7.09 7.12 7.00 40437
20140327 7.09 6.90 7.09 6.89 36491
20140328 6.86 6.82 7.01 6.78 28028
20140331 6.83 6.82 6.96 6.81 19831
20140401 6.82 7.01 7.07 6.82 37931
20140402 6.98 7.00 7.06 6.94 28865
20140403 7.01 7.02 7.11 6.98 39203
20140404 7.03 7.06 7.09 7.00 30671
20140408 7.17 7.35 7.50 7.17 112461
20140409 7.35 7.35 7.38 7.25 63941
20140410 7.40 7.33 7.43 7.32 51626
20140411 7.28 7.31 7.37 7.23 39784
20140414 7.28 7.34 7.38 7.27 37595
20140415 7.34 7.20 7.35 7.16 44591
20140416 7.20 7.24 7.28 7.16 32687
20140417 7.24 7.18 7.28 7.16 33764
20140418 7.20 7.23 7.24 7.14 27249
20140421 7.18 7.25 7.33 7.12 57358
20140422 7.22 7.14 7.26 6.99 43930
20140423 7.13 7.02 7.18 7.00 25701
20140424 7.02 6.89 7.10 6.85 36771
20140425 6.92 6.79 6.97 6.76 38499
20140428 6.79 6.51 6.79 6.49 30887
20140429 6.52 6.62 6.68 6.51 27335
20140430 6.64 6.63 6.68 6.59 29498
20140505 6.65 6.64 6.66 6.59 29301
20140506 6.64 6.72 6.73 6.64 39707
20140507 6.66 6.63 6.70 6.60 25967
20140508 6.62 6.68 6.75 6.60 23853
20140509 6.67 6.62 6.71 6.55 16880
20140512 6.63 6.83 6.85 6.63 30939
20140513 6.80 6.77 6.83 6.71 24950
20140514 6.75 6.89 6.96 6.75 39903
20140515 6.84 6.84 6.90 6.75 33397
20140516 6.83 6.94 6.99 6.76 114674
20140519 6.91 6.88 6.93 6.82 44435
20140520 6.89 6.86 6.94 6.82 82425
20140521 6.83 6.80 6.84 6.67 71064
20140522 6.80 6.83 6.88 6.71 65305
20140523 6.79 7.01 7.07 6.77 145200
20140526 6.99 7.11 7.15 6.95 121533
20140527 7.09 7.07 7.10 7.01 89132
20140528 7.02 7.06 7.15 7.01 84814
20140529 7.02 6.82 7.04 6.80 68083
20140530 6.80 6.75 6.84 6.70 40237
20140603 6.75 6.68 6.78 6.67 36197
20140604 6.69 6.76 6.78 6.63 29875
20140605 6.75 6.76 6.79 6.68 31428
20140606 6.77 6.68 6.77 6.65 27152
20140609 6.69 6.50 6.70 6.50 52300
20140610 6.54 6.57 6.58 6.42 42812
20140611 6.54 6.59 6.62 6.51 37439
20140612 6.58 6.45 6.59 6.40 73551
20140613 6.44 6.52 6.54 6.41 49045
20140616 6.52 6.63 6.64 6.51 52477
20140617 6.60 6.61 6.67 6.58 55823
20140618 6.60 6.56 6.67 6.49 43653
20140619 6.55 6.44 6.59 6.42 45564
20140620 6.44 6.53 6.54 6.41 30162
20140623 6.54 6.69 6.73 6.51 110091
20140624 6.61 6.68 6.75 6.61 90432
20140625 6.67 6.69 6.76 6.60 57296
20140626 6.72 6.99 7.09 6.68 225625
20140627 6.92 6.94 6.97 6.89 140937
20140630 6.92 6.91 7.03 6.80 141042
20140701 6.84 7.06 7.41 6.82 201301
20140702 6.98 7.04 7.12 6.93 126236
20140703 7.00 6.98 7.08 6.94 78404
20140704 6.98 6.91 6.98 6.90 40550
20140707 6.92 6.87 6.98 6.86 35155
20140708 6.86 6.90 6.95 6.86 32612
20140709 6.91 6.85 6.98 6.84 56684
20140710 6.83 6.83 6.92 6.80 35357
20140711 6.81 6.91 6.93 6.81 37500
20140714 6.93 6.98 7.00 6.91 47842
20140715 6.97 6.97 7.01 6.92 44011
20140716 6.96 6.98 7.04 6.93 42790
20140717 6.98 6.84 6.98 6.84 38534
20140718 6.83 6.83 6.89 6.81 29246
20140721 6.83 6.75 6.86 6.74 31940
20140722 6.76 6.87 6.87 6.74 33842
20140723 6.87 6.86 6.92 6.82 41623
20140724 6.84 6.88 6.92 6.81 45942
20140725 6.90 6.97 7.00 6.90 73690
20140728 6.98 7.18 7.20 6.95 188704
20140729 7.12 7.09 7.13 7.03 144450
20140730 7.11 7.12 7.19 7.07 118511
20140731 7.14 7.18 7.23 7.13 106093
20140801 7.20 7.02 7.24 7.01 112063
20140804 7.05 7.15 7.18 7.03 81706
20140805 7.16 7.29 7.36 7.12 158794
20140806 7.26 7.25 7.29 7.16 89552
20140807 7.25 7.15 7.33 7.13 93638
20140808 7.07 7.17 7.21 7.07 53076
20140811 7.18 7.26 7.30 7.17 80570
20140812 7.29 7.30 7.31 7.22 71016
20140813 7.29 7.35 7.37 7.22 106301
20140814 7.36 7.27 7.38 7.26 99186
20140815 7.26 7.68 7.70 7.26 314492
20140818 7.57 7.64 7.77 7.45 263915
20140819 7.64 7.81 7.84 7.54 210811
20140820 7.73 7.76 8.06 7.67 249273
20140821 7.80 7.75 7.80 7.56 114578
20140822 7.73 7.69 7.77 7.59 107286
20140825 7.68 7.68 7.74 7.61 73926
20140826 7.66 7.39 7.68 7.32 113873
20140827 7.35 7.35 7.42 7.31 56433
20140828 7.36 7.34 7.41 7.30 50915
20140829 7.33 7.44 7.44 7.33 50342
20140901 7.44 7.59 7.62 7.40 93842
20140902 7.58 7.64 7.66 7.57 109296
20140903 7.66 7.71 7.78 7.59 135708
20140904 7.66 7.72 7.76 7.62 149412
20140905 7.76 7.67 7.79 7.65 105557
20140909 7.66 7.71 7.73 7.61 102065
20140910 7.70 7.91 7.99 7.69 226583
20140911 7.86 8.70 8.70 7.83 474576
20140912 8.79 8.59 9.06 8.53 393725
20140915 8.61 8.67 8.79 8.52 210273
20140916 8.68 8.28 8.76 8.26 302670
20140917 8.29 8.53 8.56 8.29 211189
20140918 8.43 8.77 8.86 8.34 255010
20140919 8.71 8.94 9.13 8.65 339099
20140922 8.99 8.78 9.04 8.69 156141
20140923 8.75 8.88 9.19 8.75 247301
20140924 8.79 8.93 8.98 8.52 302350
20140925 8.89 8.79 8.89 8.74 221163
20140926 8.74 9.01 9.10 8.68 256414
20140929 8.99 9.00 9.35 8.92 252593
20140930 9.09 8.81 9.14 8.74 266278
20141008 8.80 8.99 9.00 8.76 139129
20141009 9.01 8.94 9.02 8.79 124171
20141010 8.92 8.71 8.92 8.66 163464
20141013 8.70 8.83 8.85 8.68 113251
20141014 8.84 8.88 8.92 8.74 126200
20141015 8.86 9.02 9.03 8.76 144018
20141016 8.92 9.01 9.35 8.88 242762
20141017 8.94 8.94 9.13 8.70 159122
20141020 9.00 9.47 9.83 8.95 302106
20141021 9.38 9.42 9.47 9.20 182757
20141022 9.36 8.92 9.41 8.85 167060
20141023 8.87 8.38 8.94 8.32 182218
20141024 8.43 8.34 8.48 8.32 66845
20141027 8.37 8.41 8.43 8.21 58482
20141028 8.42 8.63 8.64 8.36 80806
20141029 8.65 8.79 8.80 8.56 131407
20141030 8.72 8.64 8.81 8.61 97312
20141031 8.66 8.71 8.82 8.64 97727
20141103 8.70 8.91 8.98 8.67 105766
20141104 8.93 9.23 9.32 8.80 188133
20141105 9.12 8.91 9.23 8.84 341864
20141106 8.89 8.64 8.93 8.59 225448
20141107 8.63 8.67 8.90 8.60 184603
20141110 8.62 8.72 8.78 8.57 118425
20141111 8.73 8.50 8.87 8.45 143772
20141112 8.50 8.73 8.73 8.47 88465
20141113 8.80 8.79 9.03 8.74 175862
20141114 8.79 8.48 8.79 8.41 125778
20141117 8.50 8.50 8.60 8.31 85161
20141118 8.55 8.67 8.71 8.41 82577
20141119 8.64 8.74 8.80 8.58 85767
20141120 8.70 8.87 8.97 8.69 164026
20141121 8.97 9.13 9.23 8.76 266280
20141124 9.10 9.10 9.19 9.03 187468
20141125 9.09 9.16 9.18 8.88 274799
20141126 9.13 9.06 9.16 8.95 166774
20141127 9.09 9.31 9.55 9.06 331548
20141128 9.34 9.15 9.37 8.98 206910
20141201 9.10 9.22 9.26 8.93 170040
20141202 9.20 9.28 9.46 9.18 215215
20141203 9.34 9.40 9.60 9.12 258311
20141204 9.41 9.40 9.49 9.32 268249
20141205 9.42 8.87 9.46 8.72 223547
20141208 8.84 8.98 9.00 8.71 124109
20141209 8.90 8.71 9.30 8.70 239763
20141210 8.77 9.10 9.10 8.72 115234
20141211 9.05 9.23 9.25 8.94 160031
20141212 9.23 9.48 9.64 9.17 269429
20141215 9.39 9.68 9.86 9.33 291931
20141216 9.70 9.64 9.70 9.45 179349
20141217 9.59 9.35 9.60 9.18 162808
20141218 9.35 9.40 9.46 9.22 160262
20141219 9.34 9.15 9.45 8.92 162006
20141222 9.18 8.61 9.22 8.24 230958
20141223 8.52 8.35 8.71 8.33 89127
20141224 8.47 8.65 8.70 8.40 79479
20141225 8.61 8.61 8.69 8.48 77809
20141226 8.60 8.58 8.60 8.42 98091
20141229 8.57 8.29 8.57 8.25 108903
20141230 8.30 8.03 8.36 7.98 102028
20141231 8.02 8.06 8.12 7.97 64620
20150105 8.10 8.22 8.24 8.03 77570
20150106 8.21 8.49 8.55 8.19 130767
20150107 8.47 8.32 8.47 8.25 98035
20150108 8.32 8.29 8.45 8.25 83468
20150109 8.32 8.19 8.40 8.18 56866
20150112 8.19 8.14 8.30 8.11 47640
20150113 8.17 8.21 8.22 8.11 42913
20150114 8.21 8.19 8.22 8.11 46620
20150115 8.15 8.29 8.32 8.15 56049
20150116 8.27 8.35 8.39 8.25 53006
20150119 8.20 7.88 8.23 7.70 86361
20150120 7.89 8.10 8.11 7.89 50762
20150121 8.11 8.30 8.30 8.09 71782
20150122 8.29 8.44 8.47 8.24 105232
20150123 8.43 8.36 8.44 8.33 65458
20150126 8.36 8.58 8.65 8.36 190389
20150127 8.58 8.64 8.71 8.50 191491
20150128 8.61 8.72 8.85 8.52 174256
20150129 8.56 8.47 8.57 8.40 105023
20150130 8.49 8.49 8.60 8.41 57401
20150202 8.48 8.23 8.55 8.20 74681
20150203 8.26 8.51 8.55 8.23 104462
20150204 8.55 8.52 8.67 8.48 157259
20150205 8.55 8.59 8.64 8.26 182753
20150206 8.46 8.46 8.61 8.38 111607
20150209 8.42 8.47 8.58 8.40 100421
20150210 8.54 8.34 8.54 8.29 75885
20150211 8.36 8.35 8.40 8.31 48727
20150212 8.35 8.53 8.54 8.33 66853
20150213 8.52 8.67 8.71 8.51 121401
20150216 8.68 8.72 8.78 8.57 87268
20150217 8.72 8.85 8.95 8.64 150684
20150225 8.86 8.90 9.08 8.77 99252
20150226 8.87 9.42 9.58 8.85 204783
20150227 9.30 9.24 9.35 9.15 165487
20150302 9.32 9.42 9.51 9.24 154985
20150303 9.38 9.28 9.66 9.15 192124
20150304 9.26 9.40 9.44 9.16 121481
20150305 9.40 9.30 9.42 9.19 129494
20150306 9.24 9.17 9.36 9.10 101362
20150309 9.10 9.50 9.55 9.10 170549
20150310 9.49 9.50 9.66 9.40 151247
20150311 9.43 9.51 9.78 9.43 159288
20150312 9.50 9.52 9.89 9.44 141304
20150313 9.60 9.66 9.76 9.51 114260
20150316 9.63 10.19 10.28 9.61 231021
20150317 10.24 10.40 11.18 10.14 267542
20150318 10.80 10.65 11.16 10.40 334418
20150319 10.50 10.65 10.70 10.32 266437
20150320 10.53 10.50 10.66 10.46 145336
20150323 10.46 10.61 10.65 10.41 200720
20150324 10.56 10.40 10.56 10.05 236774
20150325 10.47 10.47 10.56 10.19 179115
20150326 10.43 10.59 10.60 10.30 188706
20150327 10.55 10.70 10.78 10.55 176840
20150330 10.61 10.52 10.61 10.40 178664
20150331 10.51 10.65 10.78 10.48 177223
20150401 10.68 10.88 10.99 10.66 210419
20150402 10.90 10.85 10.93 10.69 177778
20150403 10.80 11.08 11.15 10.69 247098
20150407 11.05 11.43 11.59 11.00 283456
20150408 11.45 10.90 11.46 10.81 309682
20150409 10.96 10.74 10.99 10.00 276555
20150410 10.51 10.73 10.77 10.42 210844
20150413 10.73 10.90 11.00 10.61 227812
20150414 10.90 10.79 11.05 10.68 230404
20150415 10.79 10.28 10.79 10.26 169233
20150416 10.20 10.39 10.50 10.10 132475
20150417 10.45 10.41 10.57 10.38 164853
20150420 10.30 10.30 10.60 10.20 157019
20150421 10.32 10.63 10.64 10.30 133146
20150422 10.69 10.88 11.00 10.64 241913
20150423 10.84 10.93 11.07 10.84 264776
20150424 10.80 11.37 11.45 10.76 327949
20150427 11.37 12.09 12.39 11.24 424351
20150428 11.88 11.40 12.00 11.22 338589
20150429 11.30 11.47 11.65 11.12 137602
20150430 11.47 11.20 11.60 11.20 139609
20150504 11.25 11.34 11.51 11.12 123236
20150505 11.28 11.42 11.46 11.10 141552
20150506 12.01 11.62 12.50 11.47 269552
20150507 11.00 10.46 11.24 10.40 151723
20150508 10.59 10.62 10.74 10.23 114386
20150511 10.70 10.97 10.98 10.63 139466
20150512 10.97 10.96 11.28 10.79 348264
20150513 10.86 11.33 11.34 10.51 249226
20150514 11.33 11.61 11.65 11.20 259502
20150515 11.51 11.38 11.65 11.13 159971
20150518 11.48 11.69 11.80 11.32 193243
20150519 11.70 11.78 11.85 11.50 195117
20150520 11.75 11.85 12.11 11.66 236753
20150521 11.82 12.14 12.16 11.73 208174
20150522 12.28 12.52 12.68 11.94 272698
20150525 12.38 12.80 12.92 12.33 253344
20150526 12.81 12.95 13.02 12.52 230294
20150527 13.04 14.25 14.25 13.03 235601
20150528 15.68 14.26 15.68 13.90 573379
20150529 14.21 13.88 14.62 13.00 324218
20150601 14.11 14.86 14.88 14.11 274408
20150602 14.86 16.04 16.27 14.61 333925
20150603 16.09 15.88 16.30 15.26 267827
20150604 15.98 16.83 16.95 14.61 300363
20150605 17.06 16.80 17.31 16.09 313694
20150608 16.62 15.97 16.62 15.60 249296
20150609 15.85 16.28 16.35 15.48 195207
20150610 16.19 16.62 17.24 15.88 253816
20150611 16.33 16.48 16.80 16.30 140303
20150612 16.48 16.52 16.86 16.25 187598
20150615 16.55 16.77 17.41 16.47 233789
20150616 16.64 15.35 16.64 15.09 183626
20150617 15.35 15.13 15.64 14.15 174756
20150618 14.90 14.38 15.27 14.36 97571
20150619 13.77 13.12 14.27 13.05 138147
20150623 13.38 13.39 13.45 12.08 147960
20150624 13.55 13.69 13.72 13.02 182693
20150625 13.72 15.06 15.06 13.50 343743
20150626 14.99 13.55 15.68 13.55 509600
20150629 13.95 12.87 14.11 12.20 323559
20150630 12.56 13.11 13.38 11.58 394288
20150701 12.89 11.80 13.34 11.80 279745
20150702 10.88 11.47 11.83 10.62 355005
20150703 10.62 10.51 11.00 10.32 239442
20150706 11.34 9.46 11.34 9.46 334450
20150707 8.69 8.51 8.69 8.51 48276
20150708 7.66 7.66 7.66 7.66 8936
20150709 6.89 8.43 8.43 6.89 566930
20150710 8.33 9.27 9.27 8.31 475462
20150713 9.27 10.20 10.20 9.09 598720
20150714 9.85 9.54 10.59 9.46 501346
20150715 9.30 8.59 9.30 8.59 236114
20150716 7.76 8.34 8.95 7.73 270558
20150717 8.35 8.89 9.13 8.15 247851
20150720 8.86 9.02 9.23 8.70 279136
20150721 8.88 9.39 9.72 8.81 349433
20150722 9.35 9.40 9.66 9.01 291299
20150723 9.39 9.88 9.98 9.38 337589
20150724 9.88 9.53 10.34 9.19 357687
20150727 9.15 8.58 9.48 8.58 255399
20150728 7.80 8.03 8.55 7.72 287557
20150729 8.18 8.59 8.66 7.88 198585
20150730 8.50 8.25 8.77 8.20 199173
