20140102 48.80 47.81 48.98 46.90 25928
20140103 47.60 47.59 48.38 47.01 15607
20140106 47.63 46.70 47.79 46.62 18609
20140107 46.48 46.51 47.15 45.48 29344
20140108 46.46 46.51 46.88 46.00 18004
20140109 46.30 45.44 47.07 45.38 37609
20140110 45.30 44.93 45.92 44.79 20718
20140113 45.04 44.49 45.68 44.00 39955
20140114 44.00 44.06 44.60 43.50 54940
20140115 43.99 43.98 44.70 43.56 29747
20140116 43.90 45.15 45.35 43.70 32600
20140117 44.99 43.93 44.99 43.47 21926
20140120 44.17 43.03 44.20 42.50 18614
20140121 43.19 43.11 43.70 42.75 18678
20140122 43.11 43.74 43.78 43.01 21262
20140123 43.59 43.54 43.90 43.50 23708
20140124 43.55 43.05 43.79 42.68 23256
20140127 42.90 42.00 42.99 41.20 37156
20140128 41.90 40.96 42.30 40.65 37771
20140129 40.70 40.36 41.97 40.25 42116
20140130 40.40 41.98 42.55 40.40 40240
20140207 41.50 41.92 42.36 41.18 14224
20140210 42.77 42.55 42.77 41.80 17480
20140211 42.45 43.41 43.51 42.12 19255
20140212 43.38 42.38 43.70 42.14 20711
20140213 42.48 41.95 43.26 41.77 20621
20140214 41.90 41.82 42.19 41.47 20871
20140217 42.35 41.51 42.35 40.39 85438
20140218 41.10 40.54 41.20 40.40 50498
20140219 40.70 40.53 40.83 40.26 49225
20140220 40.63 41.37 41.76 40.63 75451
20140221 41.35 40.79 41.69 40.64 29905
20140224 40.51 39.67 40.51 38.90 56339
20140225 39.69 39.99 40.08 39.00 31853
20140226 39.50 40.01 40.03 39.26 15835
20140227 40.02 39.61 40.10 39.18 18854
20140228 39.61 40.82 41.03 39.10 32572
20140303 40.82 41.01 41.20 40.23 23636
20140304 41.00 40.57 41.00 39.98 16115
20140305 40.54 39.80 40.56 39.16 23122
20140306 39.50 39.70 40.08 39.13 23725
20140307 39.60 40.73 41.18 39.60 28977
20140310 40.46 40.73 41.60 40.05 25211
20140311 40.98 41.99 42.30 40.50 35476
20140312 41.91 42.07 42.19 41.60 24336
20140313 41.96 41.83 42.27 41.48 21758
20140314 41.51 39.63 41.79 39.20 54448
20140317 39.70 39.54 39.82 39.10 48835
20140318 39.68 39.40 39.88 39.28 53565
20140319 39.29 38.78 39.29 38.31 40799
20140320 38.84 38.79 39.15 38.30 28843
20140321 38.35 39.18 39.28 38.32 29540
20140324 39.00 39.53 39.68 39.00 26978
20140325 39.49 39.62 39.74 39.20 11851
20140326 39.40 38.63 39.40 38.45 45674
20140327 38.56 37.98 38.58 37.90 29767
20140328 37.84 38.18 38.39 37.74 21376
20140331 38.34 38.21 38.58 38.03 13783
20140401 38.21 38.30 38.58 38.00 17795
20140402 38.50 38.70 38.80 38.29 25345
20140403 38.82 37.96 39.10 37.80 34804
20140404 37.94 38.59 38.60 37.88 29624
20140408 38.50 39.16 39.22 38.42 25704
20140409 39.16 39.45 39.99 39.15 17200
20140410 39.50 41.80 42.39 38.99 82761
20140411 41.70 40.94 43.08 40.62 62915
20140414 40.96 40.49 41.19 39.91 26515
20140415 39.99 40.51 40.55 39.77 22589
20140416 40.29 40.38 40.80 40.01 17686
20140417 40.40 40.45 40.92 40.02 17668
20140418 40.12 41.16 41.38 40.03 23833
20140421 40.73 40.08 41.12 40.01 12109
20140422 40.05 40.20 40.43 39.95 12213
20140423 40.08 40.12 40.34 39.99 10797
20140424 40.21 39.63 40.21 39.35 15853
20140425 39.94 38.88 39.94 38.75 15476
20140428 39.28 38.31 39.28 38.10 13527
20140429 38.55 39.44 39.84 38.28 9739
20140430 39.62 40.12 40.45 39.50 35322
20140505 39.80 40.29 40.31 39.20 24295
20140506 40.28 39.71 40.45 39.38 25128
20140507 39.50 39.53 39.89 39.21 11225
20140508 39.35 39.95 40.00 39.35 16065
20140509 40.18 39.60 40.19 39.22 9550
20140512 39.65 40.68 40.72 39.64 18659
20140513 40.69 40.71 40.98 40.51 15900
20140514 40.71 41.05 41.25 40.41 28721
20140515 41.06 39.90 41.09 39.58 18232
20140516 39.99 40.72 40.74 39.80 14694
20140519 41.00 41.29 41.65 40.10 34994
20140520 41.65 41.62 42.10 41.32 29031
20140521 41.50 42.70 42.77 41.23 41632
20140522 42.66 42.79 43.59 42.58 31196
20140523 42.54 43.18 43.25 42.50 20680
20140526 43.60 42.86 43.85 42.60 23024
20140527 42.92 42.12 42.95 41.94 24437
20140528 42.15 42.86 42.88 42.08 24116
20140529 42.98 42.12 43.18 42.10 14619
20140530 42.48 42.50 43.00 42.12 21468
20140603 42.40 42.05 42.87 41.80 25827
20140604 41.79 41.58 42.00 41.03 28632
20140605 41.31 41.60 41.66 41.00 18353
20140606 41.60 41.48 41.60 40.80 13009
20140609 41.58 41.64 42.22 41.35 26765
20140610 41.79 41.61 41.88 41.11 23917
20140611 41.60 41.98 42.03 41.31 32307
20140612 42.00 41.42 42.17 41.31 21928
20140613 41.33 40.82 41.59 40.48 73746
20140616 40.80 40.90 41.08 40.46 42275
20140617 40.60 40.50 40.99 40.41 23161
20140618 40.49 40.82 40.89 40.44 25057
20140619 40.78 40.30 40.78 40.06 18798
20140620 40.11 40.12 40.34 39.82 31718
20140623 40.15 40.01 40.50 39.87 20560
20140624 39.91 39.69 40.10 39.49 20788
20140625 39.60 40.00 40.20 39.40 23809
20140626 40.01 40.09 40.20 39.87 11567
20140627 40.00 40.00 40.14 39.61 18480
20140630 40.02 40.06 40.20 39.81 29804
20140701 40.07 39.74 40.21 39.60 26075
20140702 39.75 39.96 40.03 39.62 22591
20140703 39.90 39.75 40.09 39.59 24989
20140704 39.72 39.75 39.76 39.50 31269
20140707 39.76 39.81 39.87 39.49 17902
20140708 39.71 39.99 40.03 39.52 13944
20140709 40.00 39.00 40.08 38.62 44214
20140710 38.82 38.61 38.94 38.45 33407
20140711 38.65 38.95 39.04 38.36 21140
20140714 38.97 39.27 39.28 38.55 20671
20140715 39.20 39.77 39.99 39.01 35448
20140716 39.80 39.75 40.04 39.35 26429
20140717 39.67 39.81 39.84 39.31 19429
20140718 39.76 40.14 40.15 39.55 23694
20140721 40.11 39.97 40.25 39.80 14781
20140722 39.90 40.31 40.43 39.80 23171
20140723 40.31 40.19 40.49 40.10 12650
20140724 40.19 40.91 41.04 40.19 28967
20140725 40.93 40.94 41.17 40.28 28030
20140728 41.00 41.91 42.15 40.99 49426
20140729 41.96 42.08 42.15 41.61 30607
20140730 41.96 42.22 42.30 41.75 20958
20140731 42.39 42.20 42.39 41.49 20142
20140801 41.80 41.85 42.03 41.47 28659
20140804 41.75 42.29 42.41 41.65 21061
20140805 42.30 41.79 42.36 41.69 24640
20140806 41.50 41.87 41.88 41.30 24690
20140807 41.80 40.17 41.88 39.99 66981
20140808 40.30 40.31 40.33 40.01 20321
20140811 40.44 40.73 40.84 40.42 21587
20140812 40.73 40.32 40.74 40.09 26829
20140813 40.29 40.04 40.29 39.87 31459
20140814 40.06 40.05 40.09 39.81 24288
20140815 40.00 40.11 40.20 39.88 31285
20140818 40.12 40.17 40.36 40.00 41954
20140819 40.17 39.85 40.21 39.70 48667
20140820 39.79 40.01 40.05 39.65 26163
20140821 40.01 39.92 40.05 39.65 17273
20140822 39.90 39.84 39.92 39.48 56507
20140825 39.85 39.58 39.88 39.55 15328
20140826 39.61 38.96 39.68 38.72 27923
20140827 38.82 38.93 39.26 38.80 21407
20140828 38.87 38.67 38.93 38.55 23334
20140829 39.00 39.67 39.99 39.00 35016
20140901 39.90 39.80 40.06 39.50 22071
20140902 39.85 40.02 40.05 39.53 22473
20140903 40.04 40.26 40.34 39.93 39792
20140904 40.38 40.39 40.55 40.17 30401
20140905 40.55 40.70 40.78 40.55 27220
20140909 40.80 40.56 40.83 40.50 19409
20140910 40.56 40.33 40.56 40.10 16446
20140911 40.30 39.90 40.50 39.84 28997
20140912 39.82 40.04 40.05 39.73 19870
20140915 39.89 39.64 40.09 39.40 45530
20140916 39.50 39.40 39.66 39.35 35947
20140917 39.58 39.54 39.60 39.07 25873
20140918 39.40 39.48 39.68 39.23 25736
20140919 39.48 39.48 39.54 39.06 28807
20140922 39.35 39.03 39.36 38.92 22539
20140923 39.04 39.18 39.29 39.00 14488
20140924 39.09 39.52 39.56 38.95 28731
20140925 39.52 39.32 39.70 39.20 30412
20140926 39.27 39.00 39.39 38.90 32480
20140929 39.16 39.07 39.29 38.85 32295
20140930 39.08 39.12 39.13 38.90 31775
20141008 39.19 39.55 39.65 39.01 56345
20141009 39.61 39.83 40.06 39.50 40896
20141010 39.70 39.31 39.81 39.06 50308
20141013 39.25 38.93 39.25 38.60 39370
20141014 38.85 38.77 39.02 38.70 30810
20141015 38.75 38.97 38.99 38.61 16828
20141016 38.82 38.88 39.12 38.73 24774
20141017 38.88 39.11 39.20 38.71 32841
20141020 39.13 39.31 39.44 39.10 25848
20141021 39.39 38.95 39.39 38.83 20097
20141022 38.89 38.80 39.07 38.80 16087
20141023 38.75 38.24 38.94 38.07 27960
20141024 38.28 38.18 38.35 38.00 15592
20141027 38.02 37.39 38.05 37.28 30361
20141028 37.51 37.99 38.03 37.42 24810
20141029 38.09 38.54 38.56 37.83 36398
20141030 38.48 38.95 39.04 38.18 55575
20141031 38.79 38.92 39.25 38.45 35592
20141103 38.93 38.43 38.93 38.10 54007
20141104 38.37 38.14 38.37 37.93 54755
20141105 38.14 37.91 38.20 37.80 24711
20141106 38.05 38.24 38.51 37.63 25766
20141107 38.17 38.32 38.61 38.17 37469
20141110 38.50 38.78 38.86 38.21 41510
20141111 38.79 38.88 39.30 38.41 55127
20141112 38.76 39.11 39.18 38.55 37202
20141113 39.18 39.10 39.21 38.85 30870
20141114 39.11 39.67 39.70 39.11 49982
20141117 40.89 39.34 40.90 39.32 55490
20141118 39.23 38.85 39.23 38.50 37975
20141119 38.92 38.54 39.02 38.46 21617
20141120 38.45 38.53 38.63 38.21 15005
20141121 38.53 38.55 38.68 38.20 23019
20141124 38.70 38.86 39.00 38.41 41807
20141125 38.81 39.38 39.44 38.71 52759
20141126 39.44 39.58 39.70 39.28 41515
20141127 39.70 39.39 39.72 39.10 44768
20141128 39.30 39.15 39.33 38.81 38004
20141201 39.03 39.36 39.49 38.99 39684
20141202 39.38 40.25 40.54 39.30 80317
20141203 40.25 41.50 41.70 40.10 112968
20141204 41.40 41.81 41.98 41.20 50469
20141205 41.91 41.30 42.61 40.67 58858
20141208 41.27 41.80 41.92 40.45 53167
20141209 41.70 41.80 42.78 41.32 99162
20141210 41.80 43.44 43.93 39.58 104494
20141211 42.81 42.05 42.81 41.85 47323
20141212 42.29 42.72 43.00 41.60 59997
20141215 42.33 42.20 42.70 41.97 55717
20141216 41.80 41.65 42.00 41.21 46253
20141217 41.50 40.92 41.59 40.81 74587
20141218 40.92 41.00 41.49 40.88 37326
20141219 41.10 40.66 41.16 40.32 35352
20141222 40.55 39.98 40.60 39.66 42985
20141223 39.94 40.17 40.67 39.76 46203
20141224 40.17 40.62 40.85 39.74 36106
20141225 40.39 40.62 40.93 40.25 40898
20141226 40.61 40.99 41.06 40.02 27855
20141229 40.99 40.58 41.36 40.30 49367
20141230 40.61 40.57 40.81 39.78 42029
20141231 40.30 41.78 42.00 40.16 79145
20150105 41.72 42.46 43.20 41.10 80060
20150106 42.02 42.74 43.00 41.75 67774
20150107 42.57 42.14 42.57 41.81 31041
20150108 42.10 41.94 42.28 41.54 27833
20150109 41.82 41.53 42.96 41.50 51782
20150112 41.50 41.05 41.50 40.62 30512
20150113 41.10 40.96 41.58 40.62 36938
20150114 40.97 41.49 41.99 40.81 37035
20150115 41.50 41.55 41.85 41.10 21757
20150116 41.56 41.71 41.85 41.17 28608
20150119 40.93 40.38 41.79 39.99 35370
20150120 40.25 40.71 41.27 40.25 44396
20150121 40.95 41.18 41.24 40.53 52929
20150122 41.19 41.32 41.45 41.07 47172
20150123 41.33 40.88 41.55 40.71 38529
20150126 40.99 41.20 41.33 40.72 36774
20150127 41.44 42.41 42.60 41.25 97601
20150128 42.43 41.89 42.43 41.70 35351
20150129 41.40 41.14 41.58 41.00 33441
20150130 41.25 41.27 41.68 41.11 38139
20150202 41.00 41.05 41.26 40.82 25235
20150203 41.19 40.87 41.45 40.55 43162
20150204 40.86 40.16 41.02 40.02 38600
20150205 40.36 39.80 40.45 39.70 46536
20150206 39.67 39.53 40.00 39.14 28222
20150209 39.66 39.59 39.89 39.30 22071
20150210 39.68 40.10 40.27 39.59 26201
20150211 40.09 40.16 40.27 39.94 17585
20150212 40.15 39.83 40.16 39.70 22951
20150213 39.89 40.01 40.36 39.89 35253
20150216 40.01 40.09 40.31 40.00 31188
20150217 40.12 39.97 40.32 39.93 27499
20150225 39.84 40.30 40.32 39.60 42094
20150226 40.25 40.30 40.32 39.87 24862
20150227 40.31 40.06 40.44 40.01 36563
20150302 40.11 40.14 40.29 39.79 59606
20150303 40.14 40.26 40.49 40.05 65266
20150304 40.26 40.79 40.81 40.21 54270
20150305 40.50 40.26 40.59 40.03 43251
20150306 40.25 40.10 40.25 39.84 43596
20150309 39.97 40.08 40.12 39.30 43658
20150310 39.94 39.99 40.14 39.80 27879
20150311 39.99 39.78 40.28 39.70 40552
20150312 39.95 39.68 39.99 39.40 40792
20150313 39.70 40.29 40.40 39.62 50157
20150316 40.26 41.05 41.17 40.03 69290
20150317 41.08 40.97 41.48 40.80 82293
20150318 41.05 41.90 41.95 40.95 91565
20150319 41.80 41.43 42.09 41.00 128684
20150320 41.20 41.32 41.40 40.99 98448
20150323 41.50 42.07 42.13 41.50 83876
20150324 42.16 41.69 42.22 41.41 82809
20150325 41.60 42.12 42.41 41.38 106332
20150326 42.00 43.03 43.47 41.83 105822
20150327 42.99 42.80 43.08 42.50 49543
20150330 42.81 43.60 44.17 42.81 90578
20150331 43.30 42.54 43.58 42.40 101369
20150401 42.54 42.91 43.31 42.54 74467
20150402 42.88 42.99 43.88 42.37 100616
20150403 43.00 43.32 43.44 42.81 69486
20150407 43.32 44.60 44.82 43.00 127099
20150408 44.58 44.23 44.84 43.64 94523
20150409 44.00 46.62 46.90 43.80 184127
20150410 46.00 46.31 46.67 45.08 112430
20150413 46.05 46.98 47.30 45.66 89021
20150414 46.60 46.09 46.97 45.88 83577
20150415 46.10 45.39 46.69 45.18 89689
20150416 45.30 46.57 47.60 44.56 76847
20150417 46.41 47.60 48.18 45.77 87008
20150420 47.00 46.48 48.08 46.45 88285
20150421 46.25 46.74 47.20 45.80 169936
20150422 46.75 46.98 47.10 46.47 111511
20150423 46.99 46.39 47.30 46.00 98491
20150424 46.01 46.02 46.54 45.75 90131
20150427 46.05 46.18 46.48 45.48 89889
20150428 46.17 44.11 46.17 44.00 115369
20150429 44.01 44.45 44.69 43.95 69430
20150430 44.44 43.99 44.52 43.90 75245
20150504 43.99 44.59 44.70 43.91 59341
20150505 44.50 43.41 44.55 43.04 77016
20150506 43.66 43.14 43.95 42.80 60008
20150507 43.29 43.53 43.72 42.99 65129
20150508 43.58 44.09 44.17 43.28 52446
20150511 44.38 44.32 44.44 43.80 98112
20150512 44.35 44.33 44.40 43.88 68568
20150513 44.25 45.14 45.47 44.13 97978
20150514 45.15 44.88 45.30 44.43 58988
20150515 44.79 44.66 44.86 43.90 66164
20150518 44.40 44.52 44.66 44.03 48929
20150519 44.29 45.03 45.25 44.06 59634
20150520 45.03 44.96 45.79 44.81 84409
20150521 45.22 45.19 45.42 44.76 56703
20150522 45.32 46.02 46.10 45.32 108706
20150525 45.60 47.39 48.50 45.57 178884
20150526 47.70 52.13 52.13 47.40 371568
20150527 52.88 53.45 53.70 51.41 239180
20150528 53.00 50.16 53.56 50.00 164127
20150529 50.00 49.30 51.58 48.26 145624
20150601 49.50 52.01 52.45 49.50 159548
20150602 52.49 57.21 57.21 51.50 214620
20150603 57.71 57.05 60.21 55.60 234820
20150604 57.00 57.38 59.19 51.87 170162
20150605 57.76 56.32 59.26 55.60 219136
20150608 56.30 56.82 57.08 54.60 157502
20150609 56.00 55.51 56.56 54.81 102162
20150610 55.37 54.99 56.00 53.70 105229
20150611 54.99 55.86 57.01 54.40 134697
20150612 56.00 55.26 56.50 54.90 121563
20150615 55.44 53.54 55.66 53.50 122100
20150616 53.00 51.20 53.59 50.90 102263
20150617 51.50 52.08 52.50 49.90 85401
20150618 52.00 50.67 52.75 50.17 65992
20150619 49.87 47.75 50.94 47.40 97696
20150623 48.08 50.97 51.41 46.98 122334
20150624 51.40 51.80 52.35 50.39 107936
20150625 51.82 49.37 51.97 49.02 97682
20150626 48.32 44.43 48.36 44.43 180453
20150629 45.68 44.23 45.90 40.01 154443
20150630 43.88 46.59 46.60 41.20 143159
20150701 45.10 45.08 47.96 44.55 127254
20150702 44.31 41.75 45.49 40.80 129730
20150703 41.46 38.82 42.70 37.58 159833
20150706 42.30 39.04 42.30 37.00 160444
20150707 37.15 39.61 40.70 37.04 232915
20150708 36.50 35.65 38.38 35.65 266108
20150709 35.65 39.22 39.22 35.60 176085
20150710 39.64 43.14 43.14 39.54 208166
20150713 43.20 45.07 46.66 42.50 253717
20150714 43.23 41.83 44.38 41.65 182245
20150715 41.06 38.98 41.07 38.13 113496
20150716 38.98 39.60 40.18 37.42 89269
20150717 39.88 41.20 41.77 39.65 115882
20150720 41.00 40.78 41.78 39.89 84936
20150721 40.02 40.49 40.89 39.81 66979
20150722 40.50 40.06 40.96 39.60 78324
20150723 40.10 41.38 41.66 39.80 108115
20150724 41.36 40.54 41.97 40.40 115892
20150727 39.89 36.50 40.44 36.49 112836
20150728 35.95 37.93 38.49 34.94 174687
20150729 37.68 38.47 38.55 36.60 185555
20150730 37.95 36.96 37.99 36.89 155402
