20140102 5.27 5.31 5.32 5.23 23880
20140103 5.31 5.14 5.31 5.12 35998
20140106 5.13 4.90 5.14 4.89 33912
20140107 4.92 4.92 4.95 4.87 13546
20140108 4.95 4.83 4.96 4.81 20440
20140109 4.85 4.76 4.88 4.73 22967
20140110 4.69 4.80 4.80 4.69 19423
20140113 4.80 4.79 4.87 4.74 18736
20140114 4.80 4.92 4.95 4.75 26119
20140115 4.90 4.89 4.92 4.85 12782
20140116 4.87 4.88 4.97 4.87 14083
20140117 4.88 4.78 4.90 4.77 13801
20140120 4.77 4.74 4.83 4.72 9075
20140121 4.74 4.89 4.90 4.74 17333
20140122 4.89 4.97 5.00 4.86 26602
20140123 4.96 4.97 5.04 4.96 17684
20140124 4.94 5.03 5.05 4.93 17977
20140127 5.02 4.99 5.03 4.97 17274
20140128 5.00 4.95 5.04 4.94 24153
20140129 4.95 5.03 5.03 4.93 22701
20140130 5.01 4.97 5.05 4.95 13756
20140207 4.93 5.02 5.03 4.91 18716
20140210 5.02 5.13 5.14 5.02 30501
20140211 5.11 5.19 5.23 5.09 40506
20140212 5.19 5.24 5.26 5.14 35121
20140213 5.28 5.23 5.31 5.21 47400
20140214 5.27 5.46 5.51 5.24 106538
20140217 5.48 5.51 5.54 5.36 87027
20140218 5.49 5.44 5.53 5.42 45664
20140219 5.44 5.47 5.52 5.38 46116
20140220 5.47 5.32 5.51 5.31 50505
20140221 5.30 5.20 5.34 5.15 33739
20140224 5.18 5.25 5.33 5.13 25736
20140225 5.25 4.99 5.30 4.95 35561
20140226 4.96 5.01 5.03 4.91 26707
20140227 5.01 4.94 5.02 4.92 37226
20140228 4.99 4.94 4.99 4.86 25446
20140303 4.95 5.05 5.08 4.92 36469
20140304 5.05 5.02 5.05 4.97 23174
20140305 5.03 5.06 5.09 5.02 23007
20140306 5.08 5.04 5.09 4.97 19357
20140307 5.06 4.99 5.07 4.96 18874
20140310 4.95 4.85 4.95 4.79 35035
20140311 5.10 5.34 5.34 5.01 127356
20140312 5.56 5.72 5.87 5.48 344320
20140313 5.60 5.57 5.64 5.40 153391
20140314 5.50 5.42 5.53 5.36 94102
20140317 5.47 5.51 5.63 5.39 95754
20140318 5.48 5.43 5.52 5.40 68403
20140319 5.43 5.63 5.80 5.38 175652
20140320 5.57 5.41 5.65 5.40 103749
20140321 5.36 5.45 5.49 5.25 73150
20140324 5.41 5.51 5.57 5.35 67927
20140325 5.53 5.68 5.69 5.42 102625
20140326 5.65 5.57 5.77 5.55 83957
20140327 5.58 5.45 5.61 5.44 50486
20140328 5.41 5.41 5.56 5.39 52079
20140331 5.43 5.38 5.52 5.32 39965
20140401 5.35 5.44 5.44 5.32 32117
20140402 5.44 5.48 5.53 5.40 39862
20140403 5.46 5.61 5.63 5.46 68491
20140404 5.57 5.58 5.66 5.55 45469
20140408 5.58 5.67 5.68 5.54 56373
20140409 5.68 5.71 5.78 5.60 79678
20140410 5.90 5.60 5.90 5.57 126446
20140411 5.57 5.96 6.13 5.54 211228
20140414 5.88 5.95 6.08 5.82 99091
20140415 5.97 5.89 6.10 5.88 83117
20140416 5.86 5.89 5.96 5.83 56446
20140417 5.89 5.80 5.89 5.76 46111
20140418 5.77 5.69 5.83 5.65 61461
20140421 5.62 5.48 5.66 5.45 57706
20140422 5.46 5.55 5.56 5.38 36867
20140423 5.59 5.61 5.77 5.56 63248
20140424 5.56 5.43 5.60 5.39 40245
20140425 5.39 5.42 5.53 5.39 27545
20140428 5.41 5.17 5.46 5.17 33679
20140429 5.09 5.15 5.17 4.97 29207
20140430 5.16 5.24 5.27 5.11 19859
20140505 5.25 5.30 5.35 5.20 23078
20140506 5.50 5.37 5.50 5.30 23585
20140507 5.30 5.14 5.36 5.12 28747
20140508 5.19 5.65 5.65 5.18 114926
20140604 5.25 5.43 5.65 5.09 104620
20140605 5.36 5.37 5.40 5.15 75241
20140606 5.34 5.33 5.36 5.24 39149
20140609 5.28 5.43 5.53 5.28 51328
20140610 5.50 5.82 5.97 5.35 301501
20140611 5.80 5.85 5.94 5.76 86760
20140612 5.89 5.86 5.91 5.81 72789
20140613 5.94 5.85 5.94 5.78 79082
20140616 5.81 6.31 6.40 5.80 440997
20140617 6.21 6.94 6.94 6.21 569704
20140618 6.70 6.82 6.92 6.61 431425
20140619 6.78 6.82 6.97 6.61 412773
20140620 6.75 7.23 7.33 6.69 566304
20140623 7.09 7.01 7.23 6.75 511548
20140624 6.88 7.17 7.34 6.71 518737
20140625 7.17 6.68 7.18 6.58 539441
20140626 6.57 6.50 6.61 6.39 224847
20140627 6.48 6.51 6.57 6.44 121005
20140630 6.50 6.42 6.51 6.27 149744
20140701 6.40 6.52 6.58 6.35 140400
20140702 6.55 6.57 6.60 6.40 121726
20140703 6.60 6.61 6.66 6.46 171460
20140704 6.57 6.53 6.60 6.50 60628
20140707 6.56 6.50 6.73 6.50 126115
20140708 6.41 6.43 6.54 6.31 102315
20140709 6.40 6.63 6.85 6.40 440930
20140710 6.53 6.68 6.81 6.44 472007
20140711 6.61 6.30 6.66 6.27 356054
20140714 6.20 6.10 6.22 6.02 141697
20140715 6.10 6.15 6.16 6.07 79416
20140716 6.14 6.06 6.14 5.96 81652
20140717 6.03 6.09 6.12 6.00 55749
20140718 6.06 6.10 6.25 6.03 136588
20140721 6.09 6.11 6.13 6.06 41490
20140722 6.08 6.12 6.21 6.02 99546
20140723 6.11 6.20 6.23 6.06 109954
20140724 6.30 6.30 6.42 6.22 157911
20140725 6.24 6.19 6.30 6.10 91510
20140728 6.20 6.21 6.29 6.13 94436
20140729 6.26 6.35 6.40 6.18 122364
20140730 6.32 6.30 6.34 6.22 71313
20140731 6.30 6.36 6.38 6.23 77828
20140801 6.33 6.25 6.40 6.24 85651
20140804 6.24 6.29 6.30 6.19 72322
20140805 6.29 6.36 6.39 6.26 78301
20140806 6.36 6.34 6.36 6.25 65335
20140807 6.33 6.20 6.34 6.18 64797
20140808 6.20 6.53 6.59 6.17 191643
20140811 6.54 6.65 6.75 6.51 205282
20140812 6.61 6.67 6.68 6.52 110164
20140813 6.65 6.60 6.66 6.38 93297
20140814 6.54 6.49 6.70 6.48 80103
20140815 6.49 6.61 6.63 6.44 72098
20140818 6.59 6.67 6.72 6.58 92186
20140819 6.68 6.69 6.73 6.60 74354
20140820 6.70 6.86 7.09 6.64 150337
20140821 6.85 6.78 6.98 6.69 83151
20140822 6.80 6.87 6.91 6.71 72094
20140825 6.88 6.71 6.88 6.70 56911
20140826 6.70 6.50 6.71 6.47 57728
20140827 6.52 6.53 6.63 6.52 33451
20140828 6.55 6.57 6.60 6.48 48463
20140829 6.55 6.68 6.68 6.51 40323
20140901 6.70 6.85 6.93 6.68 73820
20140902 6.94 6.91 6.94 6.82 77248
20140903 6.91 7.01 7.05 6.87 99752
20140904 7.11 7.00 7.13 6.92 82441
20140905 6.98 7.21 7.29 6.97 110662
20140909 7.21 7.19 7.23 7.06 75447
20140910 7.18 7.39 7.46 7.13 115901
20140911 7.38 7.53 7.87 7.33 145277
20140912 7.53 7.82 7.87 7.45 129364
20140915 7.89 7.93 8.19 7.80 115304
20140916 7.97 7.51 8.02 7.48 137863
20140917 7.50 7.59 7.65 7.32 87888
20140918 7.62 7.85 8.16 7.61 89732
20140919 7.89 7.83 7.99 7.70 60346
20140922 7.80 7.56 7.81 7.54 62289
20140923 7.59 7.79 7.87 7.59 63107
20140924 7.79 7.92 7.99 7.70 75056
20140925 8.30 8.09 8.66 7.97 187699
20140926 8.09 8.39 8.50 8.03 125446
20140929 8.39 8.36 8.44 8.22 82198
20140930 8.33 8.32 8.39 8.27 55978
20141008 8.33 8.37 8.38 8.12 68929
20141009 8.32 8.21 8.38 8.15 57662
20141010 8.16 8.27 8.43 8.12 71097
20141013 8.21 8.54 8.57 8.05 78160
20141014 8.50 8.35 8.56 8.30 58017
20141015 8.32 8.47 8.47 8.18 59298
20141016 8.40 8.63 8.82 8.31 99809
20141017 8.62 8.25 8.73 8.15 87103
20141020 8.20 8.27 8.30 8.16 43628
20141021 7.99 7.70 8.13 7.68 119487
20141022 7.70 7.66 7.96 7.63 60169
20141023 7.67 7.63 7.79 7.61 34845
20141024 7.59 7.64 7.75 7.58 24130
20141027 7.59 7.75 7.79 7.58 24371
20141028 7.76 7.89 7.92 7.76 41869
20141029 7.98 8.03 8.09 7.90 70350
20141030 7.94 7.89 8.03 7.87 62097
20141031 7.83 7.89 7.95 7.82 44803
20141103 7.91 8.03 8.09 7.90 64178
20141104 8.01 7.94 8.02 7.85 58250
20141105 7.92 7.96 8.00 7.85 32019
20141106 7.95 7.84 7.95 7.69 62218
20141107 7.84 7.68 7.88 7.53 43973
20141110 7.65 7.85 7.87 7.62 47753
20141111 7.88 7.40 7.88 7.36 66919
20141112 7.40 7.49 7.54 7.37 25740
20141113 7.36 7.20 7.43 7.16 64825
20141114 7.21 7.32 7.33 7.05 48253
20141117 7.28 7.38 7.45 7.15 38447
20141118 7.36 7.48 7.49 7.33 24764
20141119 7.49 7.54 7.55 7.43 25845
20141120 7.50 7.50 7.57 7.43 19407
20141121 7.50 7.58 7.59 7.48 24588
20141124 7.63 7.73 7.84 7.63 51664
20141125 7.72 8.04 8.04 7.69 58993
20141126 8.10 8.14 8.24 7.94 73312
20141127 8.16 8.07 8.16 8.00 57194
20141128 8.08 8.24 8.42 8.02 97125
20141201 8.24 8.39 8.40 7.97 90235
20141202 8.40 9.20 9.23 8.40 290657
20141203 9.11 9.01 9.16 8.79 182647
20141204 8.92 9.01 9.18 8.85 117634
20141205 8.96 8.54 8.96 8.29 131368
20141208 8.50 8.37 8.50 8.31 88381
20141209 8.36 7.88 8.37 7.88 100242
20141210 7.78 8.17 8.28 7.70 71029
20141211 8.18 8.33 8.34 8.02 61234
20141212 8.37 8.39 8.50 8.24 48533
20141215 8.34 8.44 8.49 8.22 47324
20141216 8.45 8.35 8.48 8.25 56712
20141217 8.35 8.12 8.36 8.03 61836
20141218 8.10 8.09 8.24 8.06 44655
20141219 8.08 7.91 8.08 7.70 61047
20141222 7.79 8.18 8.22 7.61 89226
20141223 8.15 8.16 8.37 7.96 64276
20141224 8.17 8.48 8.50 8.17 83030
20141225 8.47 8.51 8.52 8.27 55252
20141226 8.49 8.57 8.67 8.41 62696
20141229 8.56 8.23 8.56 8.12 54598
20141230 8.23 7.98 8.23 7.88 46613
20141231 7.88 8.11 8.12 7.86 30240
20150105 8.10 8.08 8.16 7.93 34882
20150106 8.06 7.99 8.09 7.89 49441
20150107 7.98 8.02 8.09 7.90 33761
20150108 8.03 7.94 8.05 7.90 33875
20150109 7.89 7.89 7.94 7.75 46935
20150112 7.80 7.61 7.86 7.59 35864
20150113 7.65 7.78 7.86 7.65 22732
20150114 7.77 7.72 7.85 7.70 18076
20150115 7.72 7.88 7.92 7.72 27735
20150116 7.88 7.83 7.93 7.76 25721
20150119 7.53 7.48 7.79 7.33 39473
20150120 7.47 7.68 7.68 7.47 25161
20150121 7.90 7.92 8.05 7.86 52074
20150122 7.92 8.43 8.59 7.87 84233
20150123 8.42 8.58 8.69 8.28 93279
20150126 8.70 9.19 9.42 8.70 151309
20150127 9.20 9.26 9.37 8.95 100506
20150128 9.26 9.40 9.68 9.12 105970
20150129 9.33 9.42 9.70 9.27 80322
20150130 9.31 9.07 9.43 9.02 100256
20150202 8.98 9.50 9.66 8.85 105419
20150203 9.49 9.47 9.75 9.38 87099
20150204 9.49 9.44 9.60 9.30 51396
20150205 9.70 9.00 9.75 8.99 176067
20150206 8.91 9.90 9.90 8.91 200208
20150209 10.04 9.69 10.18 9.60 138144
20150210 9.80 9.48 9.83 9.45 79764
20150211 9.49 9.76 10.05 9.41 93650
20150212 9.73 9.91 10.04 9.61 71660
20150213 9.91 10.17 10.50 9.91 110302
20150216 10.18 11.09 11.19 10.17 135604
20150217 11.14 11.39 11.62 10.89 105784
20150225 11.39 11.13 11.51 11.00 71684
20150226 11.17 11.17 11.40 11.06 51096
20150227 11.28 11.08 11.30 10.66 107354
20150302 11.00 11.15 11.28 10.83 77002
20150303 11.10 11.18 11.43 10.92 70013
20150304 11.26 11.24 11.56 11.10 73147
20150305 11.15 11.13 11.21 10.97 60754
20150306 11.17 11.20 11.38 10.89 70923
20150309 11.20 12.17 12.32 11.11 139619
20150310 11.94 12.25 12.43 11.90 94205
20150311 12.23 12.59 12.68 12.05 83601
20150312 12.58 12.41 12.97 12.25 82298
20150313 12.28 12.43 12.58 12.21 62031
20150316 12.58 13.00 13.19 12.45 81200
20150317 12.88 12.98 13.26 12.70 79857
20150318 13.00 13.10 13.30 12.89 75879
20150319 12.98 12.87 13.09 12.57 97176
20150320 12.85 12.92 13.09 12.63 75082
20150323 12.87 12.92 12.97 12.70 81025
20150324 12.89 12.99 13.07 12.29 111573
20150325 12.94 12.82 12.94 12.73 60635
20150326 12.84 13.50 14.10 12.82 118605
20150327 13.51 13.66 13.88 13.34 69903
20150330 13.57 13.99 14.13 13.56 80675
20150331 13.99 15.06 15.30 13.99 143132
20150401 14.83 15.27 15.70 14.83 103169
20150402 15.31 15.12 15.31 14.93 71913
20150403 14.96 15.46 15.70 14.88 79617
20150407 15.49 16.27 16.29 15.49 117801
20150408 16.35 16.17 16.46 15.70 72280
20150409 15.98 15.90 16.04 15.18 77684
20150410 15.90 15.95 16.30 15.71 73772
20150413 15.90 15.89 16.15 15.63 53524
20150414 15.88 15.92 15.93 15.39 74307
20150415 15.82 17.18 17.45 15.80 140074
20150416 16.40 16.74 17.10 16.00 90720
20150417 16.79 16.45 16.99 16.38 76752
20150420 16.20 15.26 16.20 15.18 130392
20150421 15.26 15.73 15.90 14.50 99243
20150422 15.79 16.01 16.18 15.60 66555
20150423 16.06 16.33 16.59 15.90 81104
20150424 16.44 16.34 16.99 16.18 77200
20150427 16.31 16.31 16.86 16.18 70907
20150428 16.30 15.40 16.38 15.26 82455
20150429 15.15 15.86 16.18 14.88 56874
20150430 16.02 16.54 16.81 15.97 88804
20150504 16.60 16.56 16.68 16.20 50234
20150505 16.61 15.99 16.61 15.75 40522
20150506 15.98 15.39 16.20 15.00 48078
20150507 15.39 14.46 15.48 14.45 62039
20150508 14.67 15.01 15.19 14.57 52257
20150511 15.25 15.78 15.84 15.20 65326
20150512 15.68 15.78 15.87 15.55 61215
20150513 15.78 16.13 16.50 15.55 75657
20150514 16.13 16.89 17.20 16.10 109302
20150515 16.89 16.26 16.89 15.50 66570
20150518 16.00 16.52 17.00 16.00 59731
20150519 16.52 17.06 17.30 16.36 75580
20150520 17.20 17.04 18.05 17.00 89662
20150521 16.70 16.89 17.00 16.50 87345
20150522 17.00 18.29 18.43 16.73 136386
20150525 18.18 19.59 19.98 17.83 132012
20150526 19.80 19.96 20.28 19.40 94959
20150527 19.96 20.40 20.98 19.55 107287
20150528 20.37 19.43 21.86 19.18 167788
20150529 18.88 19.00 20.10 18.63 117691
20150601 19.34 19.76 19.98 18.71 112470
20150602 20.02 21.74 21.74 19.82 145112
20150603 21.78 23.26 23.91 21.78 144228
20150604 22.91 24.66 25.58 22.01 170219
20150605 22.99 27.12 27.13 22.19 559248
20150608 25.98 25.50 27.13 25.00 275870
20150609 24.62 24.37 26.99 23.12 301069
20150610 23.50 24.32 25.50 23.12 169940
20150611 24.07 24.10 24.59 23.80 120703
20150612 24.10 23.84 24.35 23.68 149634
20150615 23.72 22.47 23.72 22.00 135180
20150616 22.30 22.54 23.09 21.80 108260
20150617 22.96 23.29 23.38 22.23 106525
20150618 23.29 22.50 23.88 22.40 101241
20150619 21.74 20.25 22.15 20.25 88630
20150623 20.27 18.89 20.80 18.23 137410
20150624 18.95 19.22 19.50 18.55 140988
20150625 19.17 17.73 19.55 17.51 115323
20150626 17.00 15.96 17.00 15.96 110959
20150629 16.30 14.36 16.39 14.36 131952
20150630 13.37 14.80 15.17 12.92 180522
20150701 14.59 13.32 14.99 13.32 124496
20150702 12.70 11.99 13.29 11.99 115016
20150703 10.88 10.79 11.86 10.79 139495
20150706 11.80 9.71 11.80 9.71 170618
20150707 9.11 8.74 9.11 8.74 62602
20150708 7.87 7.87 7.87 7.87 20921
20150709 7.08 8.66 8.66 7.08 239187
20150710 8.86 9.53 9.53 8.76 91199
20150713 10.40 10.48 10.48 10.00 183180
20150714 11.05 11.53 11.53 10.67 290254
20150715 11.05 10.38 11.35 10.38 199596
20150716 9.45 10.75 11.30 9.45 204190
20150717 10.67 11.50 11.72 10.67 168041
20150720 12.00 12.64 12.65 10.53 280209
20150721 13.40 13.90 13.90 12.90 278989
20150722 14.60 13.74 15.26 13.40 329019
20150723 13.50 14.74 14.85 13.45 232465
20150724 14.54 14.24 15.05 14.00 228797
20150727 13.80 12.82 14.58 12.82 181705
20150728 12.00 11.54 12.82 11.54 221627
20150729 11.99 12.69 12.69 11.16 203316
20150730 12.83 13.18 13.96 12.79 254184
