20140102 7.22 7.17 7.22 7.12 35069
20140103 7.15 7.00 7.16 6.98 55398
20140106 7.00 6.80 7.00 6.74 44250
20140107 6.78 6.76 6.83 6.72 24320
20140108 6.79 6.70 6.82 6.68 30620
20140109 6.70 6.67 6.79 6.65 36477
20140110 6.61 6.49 6.70 6.43 34791
20140113 6.50 6.32 6.54 6.24 35921
20140114 6.30 6.40 6.41 6.27 22564
20140115 6.40 6.35 6.40 6.29 25923
20140116 6.36 6.48 6.50 6.32 43248
20140117 6.47 6.30 6.47 6.28 22867
20140120 6.29 6.32 6.36 6.21 17265
20140121 6.32 6.40 6.43 6.32 23865
20140122 6.40 7.04 7.04 6.38 206268
20140123 7.00 6.92 7.12 6.88 104661
20140124 6.90 6.92 7.19 6.83 224778
20140127 6.86 6.78 6.87 6.68 82713
20140128 6.80 6.88 6.94 6.76 53850
20140129 6.82 6.92 7.09 6.82 61465
20140130 6.91 6.99 7.05 6.90 77046
20140207 6.94 6.93 6.98 6.80 51974
20140210 6.91 7.10 7.14 6.90 91538
20140211 7.10 7.30 7.37 7.05 136249
20140212 7.26 7.24 7.32 7.17 77975
20140213 7.25 7.06 7.35 7.06 80834
20140214 7.11 7.54 7.58 7.05 167014
20140217 7.46 7.47 7.48 7.34 139617
20140218 7.46 7.43 7.57 7.38 102946
20140219 7.39 7.39 7.47 7.24 105970
20140220 7.40 7.39 7.60 7.36 157248
20140221 7.37 7.13 7.37 7.08 88590
20140224 7.03 6.56 7.03 6.45 145617
20140225 6.56 6.39 6.66 6.33 90193
20140226 6.48 6.56 6.64 6.47 61561
20140227 6.60 6.45 6.62 6.40 54182
20140228 6.39 6.56 6.57 6.31 55235
20140303 6.49 6.63 6.65 6.44 55382
20140304 6.59 6.64 6.72 6.55 66428
20140305 6.63 6.55 6.66 6.49 52211
20140306 6.55 6.81 6.93 6.48 116413
20140307 6.79 6.62 6.82 6.53 75608
20140310 6.78 6.67 6.89 6.63 125375
20140311 6.63 6.89 6.91 6.58 103485
20140312 6.82 7.03 7.16 6.82 145930
20140313 7.00 7.05 7.10 6.87 98326
20140314 6.99 6.77 7.00 6.70 73146
20140317 6.80 6.86 6.94 6.77 50449
20140318 6.84 6.69 6.88 6.67 77047
20140319 6.69 6.76 6.77 6.46 104499
20140320 6.73 6.69 6.97 6.64 110676
20140321 6.60 7.00 7.08 6.48 177404
20140324 6.97 7.19 7.29 6.93 213010
20140325 7.18 7.10 7.33 7.06 144112
20140326 7.16 7.02 7.16 6.90 100673
20140327 6.99 7.56 7.72 6.89 574405
20140328 7.45 7.70 8.09 7.40 574937
20140331 7.78 7.71 7.81 7.50 207158
20140401 7.71 7.63 7.73 7.45 189045
20140402 7.58 7.78 8.01 7.53 325080
20140403 7.80 7.48 7.81 7.47 239784
20140404 7.41 7.50 7.54 7.33 110742
20140408 7.47 7.53 7.57 7.36 123279
20140409 7.48 7.43 7.54 7.37 127371
20140410 7.41 7.37 7.47 7.28 139143
20140411 7.30 7.39 7.43 7.27 94151
20140414 7.37 7.42 7.43 7.33 58494
20140415 7.42 7.38 7.54 7.32 100461
20140416 7.33 7.39 7.45 7.30 69592
20140417 7.38 7.26 7.44 7.24 84816
20140418 7.25 7.14 7.26 7.13 77224
20140421 7.08 6.94 7.14 6.94 63586
20140422 6.97 7.05 7.07 6.90 65510
20140423 7.03 7.03 7.09 7.01 32327
20140424 7.03 7.13 7.23 7.03 79669
20140425 7.25 7.18 7.42 7.16 121888
20140428 7.14 6.77 7.16 6.71 85892
20140429 6.75 6.93 7.03 6.75 46397
20140430 6.97 7.07 7.12 6.90 44129
20140505 7.06 7.00 7.06 6.91 36701
20140506 6.98 7.04 7.10 6.96 36222
20140507 7.04 6.93 7.04 6.91 30325
20140508 6.92 6.93 7.05 6.90 40149
20140509 6.92 6.76 6.97 6.68 53249
20140512 6.84 6.91 6.98 6.75 48484
20140513 6.90 6.97 7.03 6.89 38962
20140514 7.07 7.01 7.16 7.01 49670
20140515 7.01 6.83 7.02 6.81 36587
20140516 6.81 6.82 6.91 6.75 33853
20140519 6.80 6.71 6.80 6.68 35501
20140520 6.75 6.71 6.77 6.69 25080
20140521 6.72 6.78 6.81 6.67 22375
20140522 6.80 6.77 6.90 6.75 33113
20140523 6.80 6.91 6.98 6.78 54919
20140526 6.91 6.94 6.97 6.87 35536
20140527 6.92 6.88 6.96 6.86 27311
20140528 6.87 6.94 6.97 6.87 39602
20140529 6.91 6.85 6.99 6.85 38504
20140530 6.87 6.76 6.90 6.75 40109
20140603 6.78 6.76 6.83 6.74 27705
20140604 6.75 6.64 6.78 6.60 35073
20140605 6.61 6.71 6.72 6.61 19639
20140606 6.71 6.66 6.73 6.61 26092
20140609 6.68 6.70 6.80 6.64 35362
20140610 6.69 6.77 6.79 6.66 38547
20140611 6.77 6.77 6.78 6.71 23937
20140612 6.74 6.72 6.77 6.72 30197
20140613 6.72 6.80 6.85 6.71 33803
20140616 6.79 6.84 6.89 6.78 41883
20140617 6.84 6.76 6.89 6.74 46439
20140618 6.75 6.64 6.76 6.51 37491
20140619 6.63 6.52 6.67 6.46 38686
20140620 6.51 6.58 6.58 6.48 23343
20140623 6.60 6.52 6.61 6.51 27917
20140624 6.53 6.57 6.59 6.50 31179
20140625 6.56 6.65 6.66 6.51 31925
20140626 6.63 6.71 6.73 6.60 35230
20140627 6.74 6.81 6.82 6.72 52857
20140630 6.88 6.82 6.88 6.80 38457
20140701 6.81 6.84 6.85 6.78 36773
20140702 6.86 6.84 6.86 6.78 34213
20140703 6.82 6.86 6.88 6.78 79955
20140704 4.55 4.58 4.58 4.53 62264
20140707 4.56 4.55 4.68 4.51 116197
20140708 4.53 4.54 4.57 4.46 85595
20140709 4.52 4.46 4.52 4.45 58831
20140710 4.45 4.43 4.47 4.41 59750
20140711 4.43 4.50 4.52 4.40 80051
20140714 4.50 4.53 4.55 4.49 72135
20140715 4.55 4.52 4.55 4.49 62798
20140716 4.51 4.54 4.55 4.49 72526
20140717 4.57 4.51 4.57 4.49 56767
20140718 4.52 4.61 4.70 4.49 183868
20140721 4.61 4.58 4.61 4.52 99397
20140722 4.55 4.95 5.04 4.54 615462
20140723 4.86 4.88 4.92 4.80 282988
20140724 4.87 4.99 5.12 4.82 364259
20140725 4.97 4.93 5.00 4.84 180269
20140728 4.96 4.97 5.04 4.91 215444
20140729 4.98 4.99 5.00 4.92 185515
20140730 4.98 4.89 4.98 4.87 152745
20140731 4.88 4.90 4.94 4.85 149793
20140801 4.89 4.81 4.94 4.79 143576
20140804 4.83 4.89 4.90 4.79 132233
20140805 4.90 4.87 4.91 4.82 111456
20140806 4.88 4.95 4.97 4.85 214274
20140807 4.95 4.90 4.99 4.89 149422
20140808 4.91 4.88 4.92 4.85 76010
20140811 4.87 5.00 5.06 4.86 216174
20140812 5.00 5.02 5.06 4.99 173112
20140813 5.03 4.98 5.04 4.92 138332
20140814 4.98 4.95 5.02 4.93 111738
20140815 4.95 4.97 4.98 4.93 107238
20140818 4.96 5.09 5.14 4.96 260807
20140819 5.11 5.22 5.27 5.06 339418
20140820 5.19 5.24 5.27 5.16 190802
20140821 5.23 5.30 5.40 5.14 261175
20140822 5.28 5.25 5.31 5.22 171484
20140825 5.25 5.15 5.27 5.11 161897
20140826 5.12 5.10 5.20 5.05 152421
20140827 5.07 5.02 5.08 4.94 202064
20140828 5.00 4.97 5.04 4.92 145399
20140829 4.96 5.04 5.06 4.92 95029
20140901 5.03 5.03 5.05 4.96 157691
20140902 5.04 5.15 5.24 5.04 246606
20140903 5.13 5.18 5.22 5.10 239067
20140904 5.19 5.22 5.27 5.16 187259
20140905 5.22 5.23 5.26 5.19 234102
20140909 5.24 5.26 5.27 5.20 194795
20140910 5.25 5.51 5.68 5.22 668987
20140911 5.47 5.54 5.64 5.43 377974
20140912 5.54 5.76 5.84 5.46 422835
20140915 5.78 5.76 5.95 5.61 456822
20140916 5.76 5.65 5.83 5.60 340558
20140917 5.62 5.71 5.73 5.54 238067
20140918 5.69 5.70 5.74 5.65 169695
20140919 5.70 5.70 5.73 5.64 179223
20140922 5.73 5.75 5.90 5.70 283616
20140923 5.79 5.84 5.89 5.76 216760
20140924 5.81 5.88 5.89 5.76 210782
20140925 5.88 5.78 5.89 5.65 306854
20140926 5.77 5.74 5.81 5.70 131469
20140929 5.75 6.10 6.29 5.75 437829
20140930 6.08 6.18 6.33 6.01 285410
20141008 6.30 6.23 6.40 6.15 245161
20141009 6.20 6.14 6.25 6.08 201675
20141010 6.12 6.16 6.19 6.07 140682
20141013 6.16 6.12 6.16 6.04 136020
20141014 6.08 5.97 6.14 5.95 205088
20141015 5.98 6.04 6.07 5.92 189514
20141016 5.99 6.64 6.64 5.96 728265
20141017 7.30 7.30 7.30 7.30 225579
20141020 8.00 7.37 8.00 7.28 2090812
20141021 6.88 6.65 7.00 6.63 1488735
20141022 6.52 6.39 6.64 6.35 860133
20141023 6.39 6.40 6.48 6.25 550429
20141024 6.32 6.49 6.57 6.29 690157
20141027 6.37 6.20 6.41 6.10 465599
20141028 6.24 6.36 6.39 6.18 439107
20141029 6.38 6.59 6.71 6.29 836631
20141030 6.58 6.49 6.59 6.45 418389
20141031 6.51 6.51 6.63 6.47 390088
20141103 6.50 6.55 6.63 6.48 314563
20141104 6.55 6.46 6.56 6.43 312525
20141105 6.47 6.51 6.62 6.43 324147
20141106 6.50 6.71 6.74 6.45 430456
20141107 6.69 6.54 6.77 6.48 364278
20141110 6.55 6.76 6.88 6.46 592297
20141111 6.72 6.62 6.82 6.49 386776
20141112 6.64 6.85 6.96 6.53 565010
20141113 6.80 6.79 6.94 6.74 458153
20141114 6.68 6.62 6.73 6.56 258551
20141117 6.61 6.68 6.96 6.56 195287
20141118 6.66 6.76 6.88 6.63 262443
20141119 6.74 6.70 6.82 6.63 208075
20141120 6.66 6.61 6.74 6.59 172360
20141121 6.63 6.67 6.73 6.60 206927
20141124 6.85 6.95 7.12 6.79 692182
20141125 6.96 7.04 7.26 6.93 592364
20141126 7.04 6.99 7.05 6.90 358917
20141127 7.00 6.96 7.11 6.88 401402
20141128 6.95 7.17 7.23 6.86 623027
20141201 7.17 6.96 7.17 6.95 312125
20141202 6.94 7.06 7.08 6.90 286029
20141203 7.07 7.15 7.48 7.02 528709
20141204 7.15 7.20 7.22 7.05 452617
20141205 7.20 6.85 7.20 6.70 422661
20141208 6.89 7.03 7.07 6.69 391871
20141209 7.06 6.91 7.45 6.84 799594
20141210 6.90 7.13 7.19 6.72 426872
20141211 7.11 7.21 7.25 7.01 382776
20141212 7.17 7.33 7.39 7.10 467488
20141215 7.45 7.35 7.53 7.28 444858
20141216 7.29 7.71 7.87 7.25 615128
20141217 7.77 7.62 7.79 7.43 388848
20141218 7.63 7.79 7.96 7.55 393878
20141219 7.74 7.70 7.83 7.51 330973
20141222 7.55 7.19 7.68 6.93 359978
20141223 7.17 6.84 7.29 6.82 243311
20141224 6.93 6.93 6.94 6.69 148987
20141225 6.95 7.06 7.13 6.88 109469
20141226 7.03 7.11 7.18 7.02 148077
20141229 7.12 7.25 7.45 6.86 334018
20141230 7.22 7.10 7.26 7.06 138581
20141231 7.18 7.30 7.38 6.95 241541
20150105 7.31 7.45 7.69 7.31 406943
20150106 7.31 7.23 7.38 7.14 232543
20150107 7.16 7.23 7.39 7.14 115671
20150108 7.25 7.05 7.27 7.01 132348
20150109 7.03 6.99 7.15 6.98 158332
20150112 6.90 6.64 6.90 6.50 191870
20150113 6.60 6.54 6.64 6.45 133067
20150114 6.53 6.66 6.68 6.53 94483
20150115 6.65 6.76 6.78 6.61 85082
20150116 6.76 6.76 6.80 6.67 111877
20150119 6.60 6.18 6.61 6.08 177441
20150120 6.19 6.37 6.41 6.18 105901
20150121 6.38 6.60 6.64 6.32 192639
20150122 6.61 6.93 7.08 6.60 276931
20150123 6.87 6.93 7.05 6.83 167564
20150126 6.95 7.18 7.26 6.85 220786
20150127 7.23 7.22 7.39 6.98 212723
20150128 7.18 7.30 7.37 7.11 211993
20150129 7.30 7.30 7.42 7.20 158953
20150130 7.36 7.30 7.43 7.10 184710
20150202 7.20 7.11 7.30 7.03 143047
20150203 7.14 7.40 7.44 7.10 219958
20150204 7.37 7.25 7.44 7.20 163682
20150205 7.40 7.17 7.43 7.14 209036
20150206 7.16 7.20 7.30 7.01 133418
20150209 7.16 7.20 7.28 7.11 77628
20150210 7.23 7.34 7.45 7.20 126819
20150211 7.30 7.55 7.55 7.15 265167
20150212 7.56 7.75 7.82 7.46 251479
20150213 7.78 8.25 8.49 7.66 427374
20150216 8.29 8.41 8.71 8.20 386370
20150217 8.50 8.37 8.55 8.22 210323
20150225 8.30 8.69 8.88 8.23 259109
20150226 8.61 8.71 8.98 8.52 249363
20150227 8.69 8.48 8.82 8.42 272922
20150302 8.59 8.43 8.61 8.30 303037
20150303 8.43 8.68 8.80 8.36 344542
20150304 8.87 8.71 9.17 8.49 317680
20150305 8.71 8.47 8.75 8.39 235331
20150306 8.53 8.52 8.67 8.44 192465
20150309 8.50 8.52 8.59 8.18 222010
20150310 8.56 8.69 8.78 8.45 207889
20150311 8.70 8.58 8.85 8.50 172930
20150312 8.58 9.13 9.17 8.50 409850
20150313 9.03 9.20 9.46 9.03 288154
20150316 9.28 9.44 9.57 9.09 381795
20150317 9.44 9.39 9.54 9.25 332645
20150318 9.39 9.44 9.47 9.31 229773
20150319 9.45 9.24 9.48 9.17 284378
20150320 9.24 9.40 9.54 9.20 256119
20150323 9.52 9.44 9.66 9.39 245128
20150324 9.45 9.13 9.45 8.96 404236
20150325 9.20 9.16 9.40 8.97 279541
20150326 9.10 9.17 9.28 9.00 255828
20150327 9.21 9.38 9.40 9.10 262583
20150330 9.43 9.78 9.87 9.30 518607
20150331 9.96 9.55 10.15 9.38 547587
20150401 9.52 9.60 9.63 9.35 258914
20150402 9.60 9.54 9.65 9.40 254101
20150403 9.57 9.88 9.91 9.40 338150
20150407 10.15 10.03 10.15 9.88 348721
20150408 10.09 9.95 10.14 9.65 302857
20150409 10.09 10.95 10.95 10.09 319639
20150410 12.05 12.05 12.05 12.05 67247
20150413 12.70 13.26 13.26 12.24 1178847
20150414 13.15 12.50 13.15 12.41 936959
20150415 12.20 12.30 12.97 11.25 912562
20150416 11.70 12.01 12.29 11.60 478471
20150417 12.01 12.06 12.45 11.82 486386
20150420 12.20 12.20 12.74 11.80 645989
20150421 12.48 12.68 12.74 12.24 534447
20150422 12.19 13.55 13.95 12.19 906152
20150423 13.49 13.32 14.20 13.14 621548
20150424 13.20 12.92 13.27 12.80 383677
20150427 13.00 12.73 13.35 12.46 354296
20150428 12.85 12.13 12.85 12.12 342260
20150429 12.18 12.54 12.72 11.80 275483
20150430 12.54 13.02 13.20 12.34 453224
20150504 13.09 12.69 13.29 12.55 254349
20150505 12.70 11.93 12.78 11.75 281766
20150506 11.90 11.60 12.12 11.44 208175
20150507 11.61 11.59 11.94 11.50 141436
20150508 11.63 12.30 12.30 11.63 207659
20150511 12.57 12.56 12.86 12.41 272168
20150512 12.56 13.45 13.50 12.31 632321
20150513 13.30 14.19 14.58 13.00 748486
20150514 13.75 13.68 14.08 13.55 452947
20150515 13.61 12.89 13.63 12.85 303255
20150518 12.85 13.01 13.21 12.52 225619
20150519 13.02 13.17 13.60 13.00 233026
20150520 13.21 13.62 13.98 13.00 418486
20150521 13.51 14.59 14.62 13.25 669280
20150522 14.66 14.16 14.73 14.04 467919
20150525 14.06 14.28 14.46 13.82 437445
20150526 14.38 14.72 14.95 14.20 457948
20150527 14.80 16.19 16.19 14.50 628092
20150528 16.00 14.63 16.69 14.57 641731
20150529 14.66 14.30 14.99 13.69 395995
20150601 14.59 15.73 15.73 14.59 445749
20150602 15.95 17.04 17.18 15.95 502051
20150603 17.45 16.56 17.45 16.00 389061
20150604 16.75 16.98 17.00 15.37 421925
20150605 17.30 18.68 18.68 17.00 603490
20150608 19.05 18.78 20.15 18.36 752143
20150609 19.00 18.65 19.07 18.02 359258
20150610 18.46 18.88 18.96 18.00 383461
20150611 18.96 19.78 20.19 18.87 385911
20150612 19.82 20.16 20.96 19.16 439570
20150615 20.24 19.15 20.46 18.68 372731
20150616 19.20 18.07 19.20 17.76 239948
20150617 18.00 18.64 18.70 17.00 310883
20150618 18.85 18.00 19.40 17.90 304438
20150619 17.20 16.51 18.21 16.19 218400
20150623 16.55 16.33 17.05 14.90 242778
20150624 16.77 16.69 17.08 16.00 277739
20150625 16.80 16.70 17.85 15.96 363166
20150626 15.99 15.03 16.67 15.03 295029
20150629 15.79 13.53 15.79 13.53 431452
20150630 12.99 14.38 14.40 12.18 507675
20150701 14.40 12.94 14.74 12.94 322676
20150702 12.96 11.65 13.50 11.65 443065
20150703 11.03 10.49 11.55 10.49 292605
20150706 11.43 9.44 11.44 9.44 446335
20150707 8.52 8.50 8.80 8.50 94789
20150708 7.65 7.65 7.65 7.65 11310
20150709 6.89 8.42 8.42 6.89 873769
20150710 8.50 9.26 9.26 8.38 487898
20150713 9.80 10.19 10.19 9.30 475446
20150714 10.59 10.25 11.15 9.99 629028
20150715 9.90 9.23 10.06 9.23 262263
20150716 8.37 9.08 9.68 8.31 336970
20150717 9.08 9.77 9.95 9.01 302478
20150720 9.91 10.05 10.29 9.58 378979
20150721 9.90 10.62 10.89 9.78 408827
20150722 10.58 10.77 10.95 10.11 346037
20150723 10.69 11.27 11.64 10.61 385255
20150724 11.39 11.69 12.31 11.30 547511
20150727 11.35 10.52 12.23 10.52 525424
20150728 9.89 9.92 10.98 9.47 438928
20150729 10.17 10.57 10.59 9.56 309562
20150730 10.60 10.43 11.13 10.30 363610
