20140102 3.66 3.64 3.67 3.63 52483
20140103 3.65 3.52 3.66 3.52 78896
20140106 3.49 3.43 3.49 3.35 71831
20140107 3.40 3.42 3.44 3.38 29111
20140108 3.39 3.41 3.48 3.37 49225
20140109 3.42 3.31 3.42 3.31 76961
20140110 3.30 3.26 3.31 3.20 53254
20140113 3.26 3.21 3.26 3.17 63685
20140114 3.20 3.28 3.28 3.17 44559
20140115 3.28 3.24 3.28 3.22 29000
20140116 3.27 3.26 3.28 3.22 23570
20140117 3.26 3.20 3.26 3.20 23802
20140120 3.21 3.26 3.29 3.15 38874
20140121 3.25 3.25 3.29 3.23 32337
20140122 3.25 3.34 3.35 3.24 48132
20140123 3.33 3.34 3.38 3.32 42754
20140124 3.35 3.38 3.38 3.33 38748
20140127 3.35 3.33 3.37 3.33 23906
20140128 3.32 3.34 3.36 3.30 21370
20140129 3.35 3.33 3.37 3.31 22231
20140130 3.30 3.36 3.37 3.28 22941
20140207 3.33 3.37 3.38 3.30 26185
20140210 3.37 3.45 3.47 3.36 60029
20140211 3.45 3.46 3.48 3.42 45058
20140212 3.46 3.51 3.53 3.41 61922
20140213 3.51 3.47 3.52 3.45 53813
20140214 3.46 3.48 3.50 3.44 30515
20140217 3.49 3.54 3.55 3.49 44141
20140218 3.54 3.49 3.54 3.46 49413
20140219 3.48 3.51 3.53 3.44 48743
20140220 3.51 3.51 3.56 3.49 47220
20140221 3.50 3.43 3.50 3.40 44385
20140224 3.43 3.35 3.44 3.32 32548
20140225 3.35 3.28 3.36 3.25 47510
20140226 3.28 3.30 3.30 3.21 27999
20140227 3.30 3.37 3.55 3.27 71579
20140228 3.34 3.38 3.38 3.29 39055
20140303 3.34 3.40 3.42 3.33 37531
20140304 3.40 3.41 3.44 3.37 33597
20140305 3.43 3.42 3.46 3.39 39263
20140306 3.42 3.44 3.44 3.38 33877
20140307 3.43 3.49 3.52 3.39 67941
20140310 3.47 3.33 3.47 3.31 61204
20140311 3.34 3.36 3.38 3.32 28446
20140312 3.36 3.39 3.40 3.32 27891
20140313 3.37 3.41 3.45 3.37 29218
20140314 3.41 3.45 3.48 3.37 43591
20140317 3.45 3.49 3.50 3.45 34013
20140318 3.49 3.49 3.50 3.44 36730
20140319 3.49 3.50 3.51 3.43 35142
20140320 3.48 3.47 3.57 3.47 55662
20140321 3.45 3.54 3.55 3.43 47429
20140324 3.52 3.62 3.70 3.52 115819
20140325 3.62 3.59 3.71 3.57 66301
20140326 3.59 3.56 3.62 3.50 63326
20140327 3.55 3.52 3.57 3.50 45554
20140328 3.50 3.52 3.55 3.50 36135
20140331 3.55 3.56 3.63 3.52 62123
20140401 3.53 3.57 3.59 3.52 51126
20140402 3.56 3.50 3.63 3.45 113310
20140403 3.52 3.46 3.54 3.44 60694
20140404 3.46 3.48 3.49 3.42 38781
20140408 3.46 3.51 3.52 3.44 49496
20140409 3.52 3.50 3.52 3.47 34295
20140410 3.51 3.53 3.56 3.48 57634
20140411 3.52 3.53 3.55 3.50 60794
20140414 3.53 3.51 3.55 3.48 43847
20140415 3.51 3.46 3.51 3.45 33709
20140416 3.46 3.47 3.50 3.44 39104
20140417 3.49 3.50 3.51 3.47 37389
20140418 3.49 3.54 3.58 3.46 75088
20140421 3.50 3.48 3.57 3.46 60711
20140422 3.48 3.41 3.49 3.36 36865
20140423 3.43 3.48 3.52 3.39 34417
20140424 3.47 3.45 3.51 3.44 36452
20140425 3.46 3.38 3.48 3.35 37031
20140428 3.37 3.30 3.38 3.26 29490
20140429 3.30 3.33 3.33 3.26 23752
20140430 3.33 3.33 3.34 3.30 13521
20140505 3.33 3.33 3.35 3.27 39738
20140506 3.32 3.33 3.36 3.30 33820
20140507 3.33 3.30 3.33 3.28 21658
20140508 3.27 3.31 3.34 3.27 21640
20140509 3.31 3.30 3.33 3.29 19863
20140512 3.33 3.43 3.45 3.31 65933
20140513 3.44 3.46 3.49 3.36 72784
20140514 3.44 3.44 3.49 3.41 36957
20140515 3.45 3.47 3.58 3.44 91287
20140516 3.45 3.45 3.48 3.39 40369
20140519 3.36 3.34 3.36 3.28 34541
20140520 3.32 3.34 3.36 3.30 31010
20140521 3.33 3.32 3.34 3.30 21679
20140522 3.32 3.32 3.35 3.31 25594
20140523 3.31 3.32 3.32 3.29 23375
20140526 3.33 3.32 3.33 3.28 44407
20140527 3.32 3.31 3.32 3.29 30102
20140528 3.30 3.31 3.33 3.27 45947
20140529 3.31 3.26 3.31 3.25 43333
20140530 3.25 3.27 3.29 3.24 28288
20140603 3.28 3.29 3.32 3.28 28983
20140604 3.30 3.26 3.30 3.22 38905
20140605 3.26 3.26 3.26 3.22 32029
20140606 3.26 3.21 3.26 3.19 41362
20140609 3.19 3.20 3.23 3.18 22903
20140610 3.21 3.22 3.22 3.16 35549
20140611 3.21 3.20 3.22 3.18 37293
20140612 3.19 3.17 3.20 3.16 36115
20140613 3.18 3.19 3.20 3.15 38864
20140616 3.19 3.21 3.21 3.17 43447
20140617 3.21 3.19 3.21 3.17 30315
20140618 3.17 3.17 3.19 3.16 28842
20140619 3.17 3.09 3.18 3.06 55019
20140620 3.08 3.09 3.10 3.06 26869
20140623 3.09 3.09 3.12 3.08 27905
20140624 3.09 3.14 3.15 3.08 33583
20140625 3.14 3.12 3.14 3.11 15525
20140626 3.12 3.13 3.14 3.11 50303
20140627 3.13 3.16 3.17 3.10 64977
20140702 3.03 3.11 3.12 2.97 342757
20140703 3.07 3.10 3.12 3.04 218876
20140704 3.08 3.11 3.14 3.06 140130
20140707 3.10 3.09 3.10 3.07 88444
20140708 3.08 3.09 3.09 3.04 85685
20140709 3.07 3.13 3.20 3.07 233539
20140710 3.10 3.22 3.24 3.08 282920
20140711 3.20 3.30 3.33 3.18 273735
20140714 3.28 3.27 3.40 3.24 227756
20140715 3.29 3.28 3.34 3.21 136983
20140716 3.27 3.28 3.35 3.24 129994
20140717 3.27 3.23 3.28 3.20 97894
20140718 3.22 3.22 3.25 3.20 56028
20140721 3.22 3.18 3.22 3.18 42433
20140722 3.18 3.23 3.24 3.17 60320
20140723 3.24 3.26 3.28 3.22 129816
20140724 3.26 3.26 3.28 3.22 92197
20140725 3.27 3.31 3.33 3.24 145236
20140728 3.33 3.38 3.42 3.33 202346
20140729 3.38 3.38 3.41 3.35 120764
20140730 3.36 3.42 3.45 3.34 186731
20140731 3.40 3.44 3.44 3.37 130752
20140801 3.43 3.40 3.53 3.39 198129
20140804 3.39 3.47 3.48 3.38 131965
20140805 3.47 3.47 3.55 3.45 112455
20140806 3.46 3.51 3.53 3.42 157602
20140807 3.51 3.47 3.56 3.45 204554
20140808 3.46 3.56 3.58 3.43 246404
20140811 3.56 3.62 3.65 3.53 227421
20140812 3.61 3.60 3.64 3.56 152412
20140813 3.60 3.68 3.68 3.57 194865
20140814 3.67 3.61 3.70 3.61 164401
20140815 3.61 3.57 3.62 3.54 185403
20140818 3.57 3.60 3.61 3.55 139537
20140819 3.60 3.59 3.60 3.54 151695
20140820 3.57 3.56 3.58 3.54 101771
20140821 3.56 3.64 3.73 3.52 208587
20140822 3.65 3.80 4.00 3.62 430599
20140825 3.75 3.73 3.79 3.68 165005
20140826 3.72 3.60 3.72 3.58 130782
20140827 3.58 3.62 3.67 3.58 78007
20140828 3.62 3.68 3.85 3.60 207438
20140829 3.64 3.64 3.64 3.55 117348
20140901 3.63 3.68 3.69 3.61 92404
20140902 3.69 3.77 3.79 3.68 167066
20140903 3.77 3.86 3.97 3.73 273711
20140904 3.83 3.83 3.86 3.78 168438
20140905 3.84 3.90 3.90 3.81 193668
20140909 3.89 4.29 4.29 3.88 811603
20140910 4.34 4.68 4.71 4.25 1078983
20140912 4.40 4.52 4.64 4.31 605165
20140915 4.47 4.50 4.57 4.41 379655
20140916 4.47 4.26 4.59 4.22 439620
20140917 4.28 4.25 4.29 4.13 252215
20140918 4.20 4.25 4.32 4.15 214016
20140919 4.25 4.33 4.35 4.19 234494
20140922 4.30 4.17 4.30 4.15 187544
20140923 4.16 4.22 4.22 4.13 144178
20140924 4.19 4.27 4.31 4.15 222973
20140925 4.25 4.24 4.34 4.21 271882
20140926 4.21 4.30 4.33 4.20 209669
20140929 4.31 4.31 4.37 4.26 235771
20140930 4.31 4.32 4.33 4.26 161527
20141008 4.31 4.34 4.35 4.27 165909
20141009 4.34 4.36 4.36 4.25 243747
20141010 4.34 4.44 4.57 4.29 403505
20141013 4.40 4.57 4.58 4.39 313182
20141014 4.55 4.50 4.73 4.47 340633
20141015 4.47 4.61 4.69 4.38 380100
20141016 4.57 4.37 4.61 4.37 263787
20141017 4.33 4.18 4.33 4.12 266173
20141020 4.18 4.20 4.24 4.13 173913
20141021 4.21 4.11 4.23 4.10 125733
20141022 4.12 4.03 4.15 4.00 143159
20141023 4.03 3.96 4.06 3.93 124771
20141024 3.97 3.98 4.03 3.96 89938
20141027 3.99 3.96 3.99 3.91 113209
20141028 3.97 4.10 4.10 3.97 150642
20141029 4.15 4.20 4.25 4.08 221540
20141030 4.19 4.21 4.27 4.14 176531
20141031 4.21 4.30 4.45 4.20 364681
20141103 4.30 4.41 4.42 4.25 264142
20141104 4.40 4.40 4.48 4.34 232114
20141105 4.41 4.44 4.65 4.30 335892
20141106 4.38 4.34 4.44 4.23 193922
20141107 4.32 4.20 4.38 4.20 193112
20141110 4.22 4.37 4.37 4.16 196529
20141111 4.36 4.21 4.43 4.16 313938
20141112 4.19 4.25 4.25 4.15 109093
20141113 4.24 4.33 4.40 4.16 289268
20141114 4.27 4.26 4.31 4.21 140449
20141117 4.27 4.23 4.31 4.22 110701
20141118 4.23 4.24 4.25 4.18 104772
20141119 4.22 4.24 4.29 4.18 113894
20141120 4.22 4.20 4.24 4.19 76290
20141121 4.20 4.26 4.27 4.19 123678
20141124 4.30 4.34 4.36 4.24 240452
20141125 4.34 4.41 4.43 4.31 240366
20141126 4.39 4.40 4.44 4.33 214799
20141127 4.41 4.46 4.56 4.39 326025
20141128 4.46 4.53 4.63 4.46 414210
20141201 4.55 4.70 4.74 4.46 604112
20141202 4.62 4.67 4.72 4.57 392836
20141203 4.67 4.72 4.92 4.61 549101
20141204 4.73 4.80 4.80 4.68 420370
20141205 4.80 4.54 4.84 4.41 455482
20141208 4.54 4.61 4.67 4.45 378807
20141209 4.54 4.54 4.94 4.50 687843
20141210 4.53 4.76 4.81 4.49 367142
20141211 4.71 5.24 5.24 4.70 793163
20141212 5.51 5.26 5.52 5.10 995420
20141215 5.13 5.16 5.22 5.00 428092
20141216 5.16 5.37 5.48 5.12 649856
20141217 5.33 5.27 5.49 5.14 473721
20141218 5.21 5.45 5.54 5.12 401431
20141219 5.37 5.77 5.89 5.35 701867
20141222 5.77 5.80 6.05 5.51 706066
20141223 5.62 5.28 5.78 5.22 861166
20141224 5.28 5.10 5.38 5.03 469800
20141225 5.11 5.26 5.38 5.06 445871
20141226 5.27 5.35 5.44 5.20 439792
20141229 5.31 5.39 5.69 5.22 649779
20141230 5.32 5.24 5.39 5.12 376850
20141231 5.24 5.30 5.45 5.18 446965
20150105 5.27 5.53 5.54 5.21 691343
20150106 5.45 5.59 5.60 5.37 610610
20150107 5.52 5.64 5.67 5.47 419438
20150108 5.60 5.46 5.64 5.41 323554
20150109 5.43 5.49 5.79 5.35 636892
20150112 5.40 5.19 5.43 5.16 296824
20150113 5.15 5.35 5.35 5.09 645118
20150114 5.29 5.39 5.44 5.25 590828
20150115 5.36 5.55 5.58 5.33 546791
20150116 5.56 5.59 5.64 5.50 710790
20150119 5.47 5.16 5.47 5.03 448893
20150120 5.17 5.39 5.44 5.17 581119
20150121 5.38 5.58 5.61 5.34 677126
20150122 5.60 5.58 5.69 5.54 667547
20150123 5.53 5.40 5.59 5.38 503058
20150126 5.35 5.47 5.47 5.29 260250
20150127 5.46 5.59 5.64 5.42 509582
20150128 5.53 5.59 5.70 5.46 459044
20150129 5.51 5.73 5.80 5.43 550878
20150130 5.70 5.79 5.98 5.65 767671
20150202 5.70 5.52 5.70 5.51 374944
20150203 5.53 5.48 5.57 5.35 344547
20150204 5.46 5.44 5.64 5.38 330056
20150205 5.47 5.21 5.51 5.21 381734
20150206 5.20 5.08 5.21 5.02 231992
20150209 5.07 4.94 5.07 4.87 209982
20150210 4.92 5.02 5.02 4.92 114979
20150211 5.02 4.98 5.06 4.95 142526
20150212 4.97 4.96 4.99 4.91 135032
20150213 4.99 5.10 5.15 4.99 196270
20150216 5.10 5.12 5.14 5.07 157104
20150217 5.12 5.15 5.17 5.10 128144
20150225 5.16 5.14 5.18 5.09 120914
20150226 5.13 5.21 5.22 5.09 172462
20150227 5.21 5.25 5.28 5.18 201992
20150302 5.29 5.39 5.40 5.23 293568
20150303 5.34 5.27 5.37 5.26 233794
20150304 5.25 5.23 5.26 5.15 205993
20150305 5.22 5.12 5.22 5.10 199501
20150306 5.11 5.15 5.18 5.10 124085
20150309 5.14 5.31 5.35 5.08 210895
20150310 5.26 5.25 5.32 5.22 171341
20150311 5.26 5.24 5.32 5.22 141001
20150312 5.25 5.27 5.29 5.21 179917
20150313 5.30 5.36 5.40 5.26 224907
20150316 5.41 5.48 5.52 5.38 339257
20150317 5.56 5.66 5.67 5.48 476128
20150318 6.23 6.23 6.23 6.23 127760
20150319 6.84 6.52 6.84 6.45 1438675
20150320 6.45 6.54 6.64 6.41 570875
20150323 6.58 6.67 6.75 6.58 542514
20150324 6.71 7.05 7.30 6.61 831850
20150325 7.04 6.89 7.04 6.82 442994
20150326 6.89 6.87 6.99 6.78 346503
20150327 6.87 6.89 6.95 6.82 242494
20150330 6.91 7.04 7.05 6.91 408853
20150331 7.10 6.94 7.15 6.90 369732
20150401 6.94 7.02 7.08 6.93 299048
20150402 7.02 7.23 7.26 6.98 499106
20150403 7.14 7.43 7.46 7.10 480449
20150407 7.45 7.81 7.98 7.45 441368
20150408 7.92 8.59 8.59 7.92 744807
20150409 8.71 9.26 9.45 8.71 860634
20150410 9.40 9.18 9.58 8.71 638026
20150413 9.15 9.10 9.22 8.95 443811
20150414 9.09 8.97 9.09 8.90 433754
20150415 8.97 8.49 8.97 8.47 437232
20150416 8.36 8.68 8.75 8.13 329360
20150417 8.71 9.03 9.17 8.71 481141
20150420 9.00 8.77 9.13 8.75 459237
20150421 8.72 9.02 9.07 8.67 350534
20150422 9.05 9.37 9.49 9.03 456033
20150423 9.37 9.67 9.88 9.25 536470
20150424 9.50 9.28 9.50 9.07 454731
20150427 9.10 9.16 9.30 9.02 354264
20150428 9.12 8.69 9.19 8.68 395978
20150429 8.70 8.88 8.94 8.69 207268
20150430 8.88 8.82 8.93 8.75 204175
20150504 8.79 8.98 9.08 8.75 245011
20150505 8.95 8.42 8.95 8.41 276289
20150506 8.40 8.22 8.56 8.10 220990
20150507 8.22 7.64 8.22 7.61 274976
20150508 7.79 7.92 7.93 7.67 209949
20150511 8.05 8.27 8.30 7.95 186953
20150512 8.29 8.36 8.38 8.23 165471
20150513 8.32 8.22 8.40 8.19 190656
20150514 8.21 8.10 8.27 7.90 269974
20150515 8.05 8.24 8.38 7.89 253819
20150518 8.13 8.20 8.34 8.04 184694
20150519 8.19 8.42 8.48 8.14 242919
20150520 8.45 8.45 8.64 8.33 281639
20150521 8.48 8.88 8.88 8.40 357783
20150522 8.95 9.03 9.24 8.91 375454
20150525 9.01 9.27 9.34 8.94 427770
20150526 9.31 9.43 9.47 9.03 528873
20150527 9.41 9.40 9.44 9.20 473283
20150528 9.38 8.55 9.39 8.52 522149
20150529 8.50 8.40 8.65 8.00 336201
20150601 8.42 8.85 8.88 8.40 279177
20150602 8.91 9.33 9.36 8.87 461438
20150603 9.45 9.25 9.49 9.06 425200
20150604 9.21 9.44 9.47 8.70 545785
20150605 10.08 10.38 10.38 10.08 398389
20150608 11.02 10.40 11.09 10.19 1069797
20150609 10.20 10.87 11.04 10.03 652390
20150610 10.53 11.30 11.60 10.41 666697
20150611 11.23 11.63 11.88 11.05 588338
20150612 12.05 12.79 12.79 12.05 965826
20150615 13.00 14.07 14.07 12.82 899610
20150616 14.39 13.67 14.98 13.35 1203070
20150617 13.50 14.01 14.33 12.47 761338
20150618 13.99 14.69 15.37 13.41 954446
20150619 12.85 12.50 12.99 12.50 321947
20150623 11.25 11.38 11.89 11.25 718844
20150624 11.45 11.60 11.95 11.00 810704
20150625 11.40 10.45 11.47 10.44 800507
20150626 10.01 9.41 10.02 9.41 596347
20150629 9.59 8.47 9.69 8.47 715965
20150630 8.35 9.04 9.19 7.62 849682
20150701 8.90 8.14 9.28 8.14 710025
20150702 8.10 7.33 8.12 7.33 555033
20150703 7.00 6.60 7.29 6.60 466456
20150706 7.20 7.04 7.22 5.99 762221
20150707 6.53 6.34 6.90 6.34 349031
20150708 5.71 6.13 6.49 5.71 670902
20150709 6.01 6.74 6.74 5.91 343601
20150710 7.10 7.41 7.41 6.90 257330
20150713 7.83 8.15 8.15 7.42 454849
20150714 7.90 7.96 8.86 7.83 515898
20150715 7.71 7.16 7.85 7.16 279420
20150716 7.16 7.24 7.51 6.59 242541
20150717 7.30 7.72 7.85 7.29 310104
20150720 7.72 7.79 8.02 7.58 336128
20150721 7.69 8.46 8.57 7.55 509244
20150722 8.28 8.41 8.75 8.09 367455
20150723 8.48 8.72 8.98 8.21 432761
20150724 8.69 8.29 8.98 8.18 378278
20150727 8.10 7.46 8.48 7.46 319896
20150728 7.31 7.63 7.69 6.77 411120
20150729 7.75 8.39 8.39 7.61 470299
20150730 8.41 8.66 9.22 8.36 628110
