20140102 15.86 16.00 16.11 15.78 64373
20140103 15.98 15.93 16.00 15.81 36292
20140106 15.94 15.99 16.30 15.81 55145
20140107 15.89 16.08 16.16 15.89 25010
20140108 16.12 16.05 16.12 15.93 30782
20140109 16.16 16.30 16.50 16.16 56449
20140110 16.21 16.02 16.35 15.97 27997
20140113 16.01 16.21 16.30 15.88 41416
20140114 16.19 16.46 16.47 16.08 32536
20140115 16.44 16.39 16.55 16.26 24771
20140116 16.36 16.18 16.38 16.16 26077
20140117 16.18 16.02 16.24 15.98 19980
20140120 15.96 15.59 16.00 15.51 34065
20140121 15.59 15.72 15.75 15.55 21039
20140122 15.70 16.01 16.05 15.62 32795
20140123 15.93 16.01 16.05 15.91 23850
20140124 15.96 16.15 16.25 15.93 31701
20140127 16.01 15.79 16.05 15.75 38139
20140128 15.65 16.22 16.25 15.51 45037
20140129 16.20 16.15 16.25 16.08 26290
20140130 16.15 15.99 16.18 15.86 23759
20140207 15.88 16.21 16.23 15.88 21022
20140210 16.32 16.58 16.74 16.23 75122
20140211 16.65 16.97 16.98 16.46 100516
20140212 16.96 18.02 18.28 16.85 215184
20140213 17.73 17.38 17.96 17.36 110300
20140214 17.39 17.65 17.75 17.20 59868
20140217 17.74 17.70 17.85 17.50 82564
20140218 17.68 17.30 17.68 17.26 69312
20140219 17.30 17.39 17.65 17.29 43915
20140220 17.43 16.94 17.43 16.90 60460
20140221 16.88 16.98 17.08 16.80 39173
20140224 16.90 17.29 17.40 16.84 52477
20140225 17.40 16.84 17.52 16.73 69862
20140226 16.85 17.30 17.34 16.66 49478
20140227 17.34 17.17 17.57 17.09 58955
20140228 17.25 17.59 17.65 17.01 80939
20140303 17.71 17.62 17.88 17.35 86697
20140304 17.50 17.27 17.51 17.05 65162
20140305 17.26 16.88 17.30 16.87 46204
20140306 16.76 16.61 16.88 16.39 52681
20140307 16.56 16.78 16.88 16.56 36465
20140310 16.73 16.15 16.73 16.05 31552
20140311 16.16 16.24 16.29 16.05 20795
20140312 16.25 16.14 16.25 16.02 34269
20140313 16.19 16.29 16.32 16.11 17668
20140314 16.21 16.17 16.28 16.05 19299
20140317 16.25 16.37 16.45 16.15 17142
20140318 16.37 16.41 16.54 16.27 23437
20140319 16.44 16.11 16.44 16.02 25729
20140320 16.09 15.98 16.20 15.97 22161
20140321 15.84 16.17 16.19 15.76 24718
20140324 16.15 16.26 16.33 16.03 26601
20140325 16.26 16.28 16.45 16.23 18275
20140326 16.31 17.17 17.30 16.20 97366
20140327 17.07 16.67 17.07 16.64 69747
20140328 16.74 16.72 17.14 16.69 67615
20140331 16.72 16.44 16.85 16.38 34507
20140401 16.44 16.58 16.76 16.44 25486
20140402 16.65 16.76 16.87 16.58 28279
20140403 16.77 16.49 16.77 16.43 29942
20140404 16.48 16.55 16.60 16.34 16884
20140408 16.48 16.70 16.74 16.45 26455
20140409 16.70 16.74 16.80 16.65 23994
20140410 16.76 16.77 16.86 16.69 30703
20140411 16.77 16.92 17.04 16.65 47730
20140414 17.00 16.93 17.08 16.83 22145
20140415 16.93 16.70 16.93 16.68 22523
20140416 16.69 16.73 16.87 16.61 27271
20140417 16.80 16.69 16.81 16.61 18519
20140418 16.69 16.66 16.72 16.57 17564
20140421 16.55 16.16 16.68 16.11 28561
20140422 16.15 16.22 16.26 16.00 25399
20140423 16.22 16.13 16.24 16.09 9974
20140424 16.25 15.99 16.25 15.95 21081
20140425 15.89 16.01 16.12 15.89 18979
20140428 15.93 15.54 15.95 15.52 27768
20140429 15.54 15.78 15.80 15.50 16796
20140430 15.82 15.84 15.92 15.71 14895
20140505 15.86 15.95 15.99 15.77 12344
20140506 16.00 16.01 16.11 15.98 10007
20140507 16.00 16.08 16.23 15.94 17355
20140508 16.08 16.17 16.23 16.01 18379
20140509 16.21 16.16 16.30 16.07 21994
20140512 16.22 16.32 16.34 16.05 17903
20140513 16.35 16.12 16.35 16.10 15033
20140514 16.13 16.11 16.19 16.05 15792
20140515 16.05 15.87 16.11 15.83 16683
20140516 15.81 15.95 16.28 15.81 13556
20140519 15.98 16.02 16.07 15.87 13853
20140520 16.07 15.91 16.13 15.87 20395
20140521 15.82 15.89 15.95 15.77 25802
20140522 15.89 15.71 15.95 15.68 23220
20140523 15.71 15.81 15.82 15.69 9847
20140526 15.83 15.94 15.96 15.78 21134
20140527 16.00 15.90 16.05 15.88 14336
20140528 15.88 15.95 15.97 15.85 16401
20140529 15.97 15.77 16.04 15.73 19028
20140530 15.79 15.79 15.92 15.61 16580
20140603 15.82 15.57 15.87 15.50 21666
20140604 15.65 15.36 15.65 15.30 25219
20140605 15.37 15.62 15.64 15.28 19681
20140606 15.60 15.40 15.61 15.36 21903
20140609 15.49 15.31 15.49 15.30 16880
20140610 15.32 15.58 15.61 15.29 22243
20140611 15.63 16.00 16.05 15.53 50322
20140612 16.01 15.82 16.03 15.78 21265
20140613 15.85 16.09 16.10 15.80 25390
20140616 16.06 16.04 16.18 15.89 27811
20140617 16.04 16.03 16.12 15.94 20195
20140618 15.91 15.82 16.01 15.79 20910
20140619 15.79 15.45 15.96 15.39 21649
20140620 15.45 15.57 15.65 15.43 11074
20140623 15.55 15.35 15.55 15.27 13289
20140624 15.30 15.46 15.50 15.30 9963
20140625 15.40 15.47 15.62 15.35 14094
20140626 15.50 15.65 15.67 15.45 18305
20140627 15.64 15.64 15.72 15.51 12398
20140630 15.55 15.67 15.73 15.55 13430
20140701 15.63 15.70 15.73 15.55 16559
20140702 15.71 15.68 15.73 15.56 17358
20140703 15.68 15.81 15.95 15.59 32602
20140704 15.82 15.68 15.86 15.65 16654
20140707 15.66 15.62 15.79 15.59 18011
20140708 15.61 15.63 15.71 15.51 16808
20140709 15.60 15.49 15.67 15.48 17174
20140710 15.45 15.49 15.55 15.43 14038
20140711 15.54 15.77 15.77 15.46 20392
20140714 15.88 16.28 16.30 15.87 68188
20140715 16.21 16.28 16.49 16.10 45526
20140716 16.26 16.19 16.47 16.08 32321
20140717 16.19 16.01 16.20 15.88 23929
20140718 16.00 16.09 16.10 15.89 15133
20140721 16.10 16.18 16.24 15.92 21522
20140722 16.17 16.18 16.28 16.12 19679
20140723 16.20 16.04 16.21 15.91 25917
20140724 16.03 16.18 16.20 15.88 30314
20140725 16.18 16.61 16.74 16.09 84808
20140728 16.65 16.84 16.97 16.51 73933
20140729 16.85 17.06 17.11 16.72 77141
20140730 17.01 16.98 17.06 16.85 42110
20140731 16.92 16.96 17.02 16.88 25163
20140801 16.95 16.82 17.30 16.80 52142
20140804 16.86 17.17 17.23 16.84 45981
20140805 17.20 17.09 17.20 17.00 22383
20140806 17.08 17.05 17.14 16.71 49518
20140807 16.99 16.81 16.99 16.75 25295
20140808 16.74 16.83 16.95 16.74 19545
20140811 16.84 17.00 17.05 16.80 30781
20140812 17.03 16.94 17.05 16.89 21543
20140813 16.91 17.03 17.23 16.91 31518
20140814 17.02 16.86 17.08 16.75 53734
20140815 16.83 17.02 17.04 16.82 29499
20140818 17.09 17.62 17.67 17.05 88140
20140819 17.62 17.58 17.72 17.40 49330
20140820 17.60 17.57 17.80 17.47 42398
20140821 17.55 17.54 17.70 17.36 32816
20140822 17.50 17.82 18.00 17.50 40284
20140825 17.80 17.96 18.20 17.76 68656
20140826 17.88 17.43 18.07 17.39 50907
20140827 17.50 17.31 17.56 17.16 39018
20140828 17.30 17.10 17.37 17.01 31363
20140829 17.11 17.40 17.47 17.06 21299
20140901 17.40 17.48 17.53 17.34 21580
20140902 17.50 17.70 17.73 17.50 34058
20140903 17.70 17.69 17.76 17.48 35151
20140904 17.72 17.79 17.85 17.60 29150
20140905 17.88 17.71 17.88 17.59 28352
20140909 17.82 18.08 18.22 17.75 56433
20140910 18.07 18.05 18.10 17.88 29494
20140911 18.10 17.89 18.29 17.77 42624
20140912 17.80 18.15 18.17 17.80 32649
20140915 18.45 18.17 18.45 18.10 41914
20140916 18.17 17.60 18.23 17.57 70908
20140917 17.69 17.81 17.87 17.50 31285
20140918 17.80 18.29 18.40 17.65 65451
20140919 18.23 18.35 18.50 18.22 57265
20140922 18.50 18.49 18.82 18.30 56995
20140923 18.42 18.67 18.68 18.26 32339
20140924 18.51 18.56 18.65 18.40 69274
20140925 18.50 18.15 18.60 18.01 98230
20140926 18.04 18.30 18.32 18.04 42899
20140929 18.38 18.31 18.41 18.20 42670
20140930 18.34 18.50 18.64 18.28 52447
20141008 18.53 18.99 19.12 18.49 79419
20141009 18.95 18.93 19.07 18.60 56947
20141010 18.88 18.78 19.13 18.72 56122
20141013 18.86 19.12 19.15 18.80 59480
20141014 19.14 18.86 19.24 18.76 40291
20141015 18.96 19.26 19.40 18.53 87475
20141016 19.20 19.31 19.85 18.92 100941
20141017 19.28 19.08 19.31 18.66 72394
20141020 19.08 19.41 19.51 19.08 50740
20141021 19.44 19.34 19.69 19.30 66132
20141022 19.28 18.98 19.37 18.90 44663
20141023 19.08 18.63 19.08 18.52 48471
20141024 18.65 18.91 19.09 18.62 35480
20141027 19.31 19.40 19.52 19.14 68734
20141028 19.50 19.93 20.18 19.44 78127
20141029 20.00 19.87 20.09 19.73 63727
20141030 19.87 21.86 21.86 19.80 137639
20141031 21.86 21.29 21.86 20.91 84641
20141103 21.29 21.67 22.00 20.92 77006
20141104 21.59 20.68 21.79 20.66 73828
20141105 20.55 20.88 21.18 20.35 59760
20141106 20.90 20.58 21.00 20.31 83750
20141107 20.58 20.39 20.63 20.09 82365
20141110 20.25 20.34 20.54 20.00 77230
20141111 20.39 20.28 20.75 19.88 87564
20141112 20.15 20.43 20.55 20.13 46168
20141113 20.44 20.70 20.88 20.40 54295
20141114 20.50 20.36 20.71 20.18 40056
20141117 20.44 21.67 22.31 20.44 130923
20141118 21.50 21.68 21.74 21.23 43459
20141119 21.59 21.72 21.93 21.31 27676
20141120 21.65 21.38 21.68 21.32 26232
20141121 21.20 21.36 21.89 21.10 42157
20141124 21.53 21.38 21.85 21.15 52763
20141125 21.39 21.39 21.63 21.25 49099
20141126 21.40 21.83 22.13 21.28 67605
20141127 21.82 21.62 22.18 21.48 52533
20141128 21.67 20.98 21.68 20.83 73782
20141201 20.90 20.64 20.90 20.38 74006
20141202 20.57 20.79 21.28 20.48 55724
20141203 20.78 20.57 20.79 20.22 88148
20141204 20.59 21.16 21.25 20.59 90930
20141205 21.21 21.08 21.37 20.28 82080
20141208 21.50 22.45 22.98 21.31 213304
20141209 22.20 21.29 22.40 21.26 141059
20141210 21.32 22.41 22.57 21.00 105609
20141211 22.40 22.35 22.42 21.82 59831
20141212 22.37 21.98 22.40 21.84 50913
20141215 21.90 22.19 22.32 21.70 50132
20141216 22.19 21.98 22.33 21.92 39800
20141217 21.88 21.38 21.88 21.23 57120
20141218 21.38 21.40 21.71 21.21 36607
20141219 21.38 21.08 21.38 20.69 51739
20141222 21.00 20.81 21.00 20.34 53375
20141223 20.69 20.59 21.00 20.46 36888
20141224 20.61 20.93 20.95 20.48 40220
20141225 20.93 21.45 21.53 20.81 46217
20141226 21.48 21.81 21.93 21.30 57532
20141229 21.80 20.99 21.81 20.86 59637
20141230 20.81 20.86 21.30 20.72 30952
20141231 20.76 20.25 20.92 20.10 64302
20150105 20.21 20.41 20.74 19.55 66598
20150106 20.38 21.27 21.55 20.01 93669
20150107 21.27 20.59 21.38 20.25 75899
20150108 20.50 20.40 20.74 20.23 41449
20150109 20.36 20.43 20.80 20.23 36217
20150112 20.40 20.45 20.52 19.93 28210
20150113 20.39 20.62 20.97 20.28 44966
20150114 20.70 20.54 20.74 20.44 24390
20150115 20.60 20.95 21.09 20.53 43011
20150116 20.90 21.02 21.08 20.74 36872
20150119 20.60 20.83 21.66 20.35 68362
20150120 21.00 21.89 22.00 21.00 91328
20150121 21.84 22.23 22.98 21.71 93938
20150122 22.23 22.86 22.96 22.15 95638
20150123 22.95 22.68 23.14 22.51 51023
20150126 24.87 24.39 24.94 23.81 169680
20150127 24.58 25.57 25.70 24.28 137524
20150128 25.50 25.50 26.55 25.10 117898
20150129 25.35 25.91 25.98 25.29 70605
20150130 25.80 25.58 26.02 25.02 56297
20150202 25.20 25.57 26.00 24.90 40224
20150203 25.56 26.02 26.18 25.40 58305
20150204 26.00 27.01 27.33 25.79 69143
20150205 27.00 26.95 27.60 26.71 47427
20150206 26.96 26.88 27.75 26.42 44511
20150209 26.75 25.72 27.14 25.51 61261
20150210 25.70 26.98 27.49 25.53 48508
20150211 27.00 26.69 27.29 26.33 32585
20150212 26.63 26.67 26.84 26.01 26197
20150213 26.62 26.64 27.06 26.51 49327
20150216 26.62 27.13 27.30 26.39 40150
20150217 27.13 26.98 27.19 26.88 28127
20150225 27.05 29.68 29.68 27.05 136918
20150226 29.97 29.45 30.00 29.00 66359
20150227 29.50 29.64 29.78 28.77 42589
20150302 29.10 29.23 29.83 28.59 100648
20150303 29.00 28.15 29.00 28.11 71682
20150304 28.11 28.80 28.83 27.68 58745
20150305 28.78 28.72 28.85 28.04 55845
20150306 28.53 28.10 28.62 27.85 35988
20150309 28.00 28.25 28.42 27.72 26954
20150310 28.40 28.59 28.70 28.10 34371
20150311 28.37 28.38 28.55 28.01 38887
20150312 28.22 28.17 28.47 27.66 34283
20150313 28.20 28.41 28.46 27.79 26875
20150316 28.82 29.78 30.04 28.81 60365
20150317 30.60 29.72 32.55 29.50 102726
20150318 29.85 29.83 30.30 29.27 51657
20150319 29.97 29.67 30.00 29.05 56660
20150320 29.56 29.47 29.74 29.10 63786
20150323 29.39 30.96 31.33 29.35 79592
20150324 30.78 30.19 30.96 29.52 71204
20150325 29.97 29.94 30.10 29.50 47523
20150326 29.86 29.97 30.32 29.50 51697
20150327 29.93 30.09 30.47 29.65 43819
20150330 30.05 30.10 30.55 29.51 67431
20150331 30.03 29.97 30.20 29.65 55297
20150401 29.81 30.97 31.28 29.71 86242
20150402 31.00 32.06 32.10 30.98 68181
20150403 32.00 31.96 32.37 31.31 47879
20150407 31.90 31.86 32.00 30.90 77748
20150408 31.80 31.35 31.85 30.40 55526
20150409 31.21 31.50 31.67 30.30 49409
20150410 31.50 32.08 32.40 31.12 66017
20150413 32.20 33.32 34.36 31.55 103552
20150414 33.21 35.93 35.99 32.52 123579
20150415 35.18 34.32 35.60 33.68 88263
20150416 34.00 34.28 35.30 33.30 53787
20150417 34.39 33.60 34.78 33.50 84055
20150420 33.60 32.16 34.18 32.08 72228
20150421 32.25 33.06 33.15 32.00 47121
20150422 33.18 33.98 34.58 33.10 57764
20150423 33.99 33.32 34.00 32.80 61550
20150424 32.80 33.86 34.30 32.60 74934
20150427 33.41 33.37 33.76 32.34 113739
20150428 33.58 32.88 34.18 32.63 94321
20150429 32.89 32.72 32.89 32.02 68990
20150430 32.70 32.50 33.00 32.44 50744
20150504 32.45 33.25 33.77 32.45 75369
20150505 33.16 31.59 33.39 31.21 42399
20150506 31.69 31.58 32.74 30.88 52825
20150507 31.31 31.34 32.33 31.10 31730
20150508 31.72 33.39 34.14 31.62 68500
20150511 33.40 36.73 36.73 33.40 152919
20150512 36.77 38.48 39.29 36.30 156513
20150513 38.00 37.87 39.00 37.30 63304
20150514 37.96 38.20 38.55 36.92 48818
20150515 38.50 37.47 38.50 36.75 56363
20150518 38.30 41.18 41.22 38.30 114650
20150519 41.80 41.67 42.67 40.54 81929
20150520 41.72 41.71 43.00 40.51 57012
20150521 42.44 44.30 45.60 40.99 87900
20150522 44.29 43.78 45.39 42.41 54942
20150525 43.60 44.29 46.48 42.50 82796
20150526 44.01 44.05 45.00 42.49 89857
20150527 44.10 42.74 44.41 41.65 94269
20150528 42.68 39.12 43.50 38.88 81331
20150529 39.05 40.00 41.20 38.10 74851
20150601 40.00 43.80 43.99 40.00 82432
20150602 44.01 47.85 47.85 43.12 104812
20150603 47.85 47.31 49.18 46.70 101903
20150604 47.20 45.20 47.20 43.00 59447
20150605 45.23 44.15 46.80 43.51 77979
20150608 44.31 45.47 45.60 43.80 54878
20150609 45.47 43.60 45.66 43.50 58239
20150610 43.60 44.34 45.20 42.90 51304
20150611 44.02 44.52 46.50 44.01 68718
20150612 44.58 44.89 45.29 44.31 65187
20150615 45.06 42.23 45.15 41.94 77881
20150616 42.00 40.72 42.69 40.60 51223
20150617 40.68 41.60 42.09 39.60 62957
20150618 41.60 38.99 41.80 37.92 63183
20150619 38.59 35.42 38.59 35.13 111789
20150623 36.00 36.08 36.48 33.70 81062
20150624 36.30 38.27 38.37 36.11 79875
20150625 38.13 35.70 38.13 34.88 68226
20150626 35.01 32.13 35.01 32.13 94156
20150629 33.00 29.26 33.27 28.92 134163
20150630 29.26 32.19 32.19 26.72 142418
20150701 32.22 32.22 35.12 31.80 138274
20150702 31.15 32.06 34.93 30.00 150725
20150703 30.53 33.41 34.80 30.50 194265
20150706 36.75 33.42 36.75 30.07 191587
20150707 32.01 30.08 33.00 30.08 74122
20150708 27.07 28.79 30.08 27.07 341808
20150709 27.24 31.67 31.67 27.24 110294
20150710 34.30 34.84 34.84 32.00 63977
20150713 37.90 38.32 38.32 35.01 151063
20150714 41.88 37.92 41.88 36.75 167861
20150715 37.50 39.72 41.00 34.13 101602
20150716 39.67 43.47 43.69 35.83 149047
20150717 42.90 42.87 44.48 41.30 157483
20150720 41.28 40.63 42.00 39.60 128438
20150721 39.70 39.52 41.19 38.60 112597
20150722 39.61 39.67 39.98 38.06 96112
20150723 39.55 40.87 41.19 39.00 100349
20150724 40.84 39.86 40.87 38.78 112312
20150727 38.02 35.87 39.35 35.87 74972
20150728 35.00 39.46 39.46 32.40 170323
20150729 39.48 43.41 43.41 39.40 169187
20150730 44.00 41.78 44.23 40.30 95133
