20140102 6.94 6.92 6.94 6.84 29392
20140103 6.94 6.89 6.96 6.84 19516
20140106 6.82 6.59 6.85 6.56 31181
20140107 6.54 6.62 6.70 6.52 25966
20140108 6.63 6.55 6.68 6.50 27422
20140109 6.56 6.56 6.67 6.51 29863
20140110 6.54 6.44 6.56 6.39 16393
20140113 6.39 6.54 6.69 6.39 14545
20140114 6.55 6.63 6.65 6.44 13499
20140115 6.63 6.63 6.66 6.52 10273
20140116 6.58 6.58 6.65 6.55 13164
20140117 6.60 6.65 6.70 6.52 18595
20140120 6.59 6.62 6.64 6.51 11971
20140121 6.61 6.68 6.68 6.61 13170
20140122 6.68 6.78 6.79 6.67 22317
20140123 6.78 6.77 6.79 6.71 11531
20140124 6.75 6.83 6.86 6.75 18537
20140127 6.81 6.80 6.96 6.75 21652
20140128 6.79 6.79 6.85 6.76 12046
20140129 6.76 6.80 6.83 6.76 10748
20140130 6.80 6.77 6.82 6.76 8822
20140207 6.72 6.78 6.81 6.66 17265
20140210 6.79 6.99 7.00 6.78 38096
20140211 7.00 7.08 7.11 6.92 40652
20140212 7.08 7.11 7.14 7.03 26900
20140213 7.07 6.95 7.10 6.92 42033
20140214 6.93 7.16 7.16 6.93 31943
20140217 7.16 7.17 7.23 7.11 34477
20140218 7.15 7.10 7.15 7.03 31050
20140219 7.06 7.20 7.25 7.06 46928
20140220 7.19 7.17 7.35 7.16 79172
20140221 7.15 7.08 7.16 6.98 35227
20140224 7.04 7.24 7.28 7.00 54877
20140225 7.23 7.04 7.34 6.99 73015
20140226 7.02 7.08 7.09 6.88 29267
20140227 7.09 7.34 7.39 7.03 80691
20140228 7.25 7.21 7.32 7.03 50062
20140303 7.28 7.39 7.40 7.14 92829
20140304 7.32 7.32 7.49 7.18 69062
20140305 7.38 7.20 7.41 7.17 39601
20140306 7.20 7.21 7.25 7.10 30997
20140307 7.19 7.18 7.27 7.16 28792
20140310 7.13 6.89 7.15 6.87 40544
20140311 6.86 6.85 6.92 6.77 19147
20140312 6.81 6.89 6.89 6.77 20218
20140313 6.86 6.93 6.97 6.85 14512
20140314 6.88 6.92 6.95 6.81 16810
20140317 6.91 6.97 6.99 6.86 18240
20140318 6.96 7.03 7.04 6.93 19522
20140319 7.02 7.02 7.04 6.94 15490
20140320 7.02 6.89 7.07 6.83 18725
20140321 6.84 7.05 7.06 6.82 21015
20140324 7.01 7.07 7.07 6.97 24425
20140325 7.06 7.15 7.22 7.03 36908
20140326 7.16 7.36 7.42 7.15 117309
20140327 7.38 7.26 7.43 7.23 48899
20140328 7.21 7.29 7.39 7.18 45704
20140331 7.27 7.36 7.39 7.21 51274
20140401 7.31 7.32 7.35 7.20 44639
20140402 7.33 7.26 7.35 7.22 30344
20140403 7.27 7.52 7.72 7.24 150944
20140404 7.44 7.52 7.57 7.39 73210
20140408 7.49 7.50 7.54 7.43 64167
20140409 7.49 7.42 7.60 7.36 66394
20140410 7.43 7.32 7.44 7.31 62222
20140411 7.33 7.36 7.37 7.28 41474
20140414 7.35 7.50 7.51 7.30 61053
20140415 7.48 7.42 7.48 7.38 29409
20140416 7.45 7.54 7.58 7.40 73837
20140417 7.55 7.52 7.78 7.50 96984
20140418 7.46 7.48 7.50 7.36 49490
20140421 7.39 7.27 7.54 7.25 36057
20140422 7.26 7.35 7.36 7.16 40152
20140423 7.34 7.44 7.53 7.26 39545
20140424 7.38 7.32 7.47 7.30 30037
20140812 8.04 8.04 8.04 8.04 1751
20140813 8.84 8.84 8.84 8.84 2893
20140814 9.72 9.72 9.72 9.72 5252
20140815 10.69 10.69 10.69 10.69 15012
20140818 11.76 11.76 11.76 11.76 37611
20140819 12.94 12.94 12.94 12.94 46728
20140820 14.23 14.23 14.23 14.23 28168
20140821 15.65 15.65 15.65 15.65 21346
20140822 17.00 17.22 17.22 16.53 820568
20140825 17.00 18.49 18.84 16.81 562501
20140826 18.55 20.19 20.27 18.07 572868
20140827 19.90 19.56 20.69 19.49 467680
20140828 19.45 19.40 20.34 19.12 341221
20140829 19.06 18.61 20.99 18.10 595101
20140901 18.99 20.02 20.20 18.55 477714
20140902 19.87 20.08 20.16 19.45 421525
20140903 19.71 20.42 21.47 19.55 498294
20140904 19.80 19.53 19.88 19.01 431855
20140905 19.37 19.04 19.60 18.66 267227
20140909 19.60 19.40 19.98 19.12 227575
20140910 18.51 18.17 18.60 17.76 416937
20140911 18.01 18.22 18.48 18.01 288128
20140912 18.15 18.18 18.26 17.80 177405
20140915 18.13 18.39 18.52 18.06 192786
20140916 18.36 16.82 18.36 16.76 344943
20140917 16.82 16.78 16.97 16.50 157421
20140918 16.77 16.63 16.83 16.16 208922
20140919 16.57 16.87 16.94 16.53 126665
20140922 16.70 16.93 17.17 16.38 169483
20140923 16.79 16.96 17.15 16.43 166890
20140924 16.71 17.02 17.40 16.54 179733
20140925 17.00 16.72 17.15 16.65 139452
20140926 16.50 16.93 17.01 16.50 96075
20140929 16.91 17.27 17.58 16.80 229402
20140930 17.65 16.95 18.10 16.85 288716
20141008 16.02 16.40 16.72 15.69 292651
20141009 16.38 16.69 16.97 16.07 272054
20141010 16.55 16.30 16.65 16.26 106257
20141013 16.30 16.78 16.87 16.05 137578
20141014 16.75 17.06 17.40 16.56 275346
20141015 17.06 16.91 17.30 16.80 173099
20141016 16.81 16.57 17.11 16.50 180304
20141017 16.47 15.19 16.50 15.15 198632
20141020 15.15 15.33 15.39 15.12 112246
20141021 15.33 15.47 15.49 15.16 134076
20141022 15.47 15.18 15.97 15.15 203000
20141023 15.08 15.08 15.24 14.81 89529
20141024 15.00 14.94 15.23 14.91 52787
20141027 14.86 15.24 15.30 14.72 54482
20141028 15.39 15.71 15.75 15.26 119507
20141029 15.88 15.75 16.10 15.55 182592
20141030 15.60 15.53 16.05 15.44 167698
20141031 15.54 15.44 15.63 15.12 103146
20141103 15.49 15.71 15.96 15.35 171416
20141104 15.89 15.32 16.07 15.30 139009
20141105 15.15 15.33 15.56 14.86 108308
20141106 15.16 15.36 15.47 15.16 54766
20141107 15.30 15.47 15.93 15.25 148468
20141110 15.10 15.31 15.35 15.00 65621
20141111 15.27 14.51 15.27 14.37 109912
20141112 14.60 14.92 15.00 14.52 64851
20141113 14.85 14.82 14.99 14.60 51506
20141114 14.75 14.90 15.18 14.75 59729
20141117 14.82 15.50 15.78 14.82 215799
20141118 15.40 15.46 15.77 15.19 131249
20141119 15.50 15.40 15.99 15.37 211898
20141120 15.20 15.07 15.23 14.95 72367
20141121 15.09 15.37 15.39 14.95 76994
20141124 15.48 15.43 15.80 15.21 128179
20141125 15.45 15.74 15.75 15.28 128289
20141126 16.20 15.98 16.59 15.85 341771
20141127 15.81 16.17 16.27 15.62 209156
20141128 16.55 16.22 16.68 16.01 206948
20141201 16.06 15.39 16.06 15.30 143425
20141202 15.29 15.38 15.60 15.18 96653
20141203 15.35 15.59 15.68 15.01 114018
20141204 15.50 15.60 15.70 15.44 112081
20141205 15.68 14.98 15.68 14.51 117771
20141208 14.82 14.98 15.13 14.64 97894
20141209 14.90 14.07 14.91 13.97 123903
20141210 14.07 14.33 14.38 13.82 98097
20141211 14.28 14.80 14.85 14.11 81703
20141212 14.82 14.75 14.87 14.45 66919
20141215 14.67 14.90 14.95 14.56 60953
20141216 14.90 14.68 14.90 14.55 65419
20141217 14.60 14.05 14.75 14.01 97597
20141218 14.40 15.46 15.46 14.40 403891
20141219 15.00 14.26 15.20 14.10 277650
20141222 13.93 12.83 13.93 12.83 128010
20141223 12.50 11.97 12.50 11.76 113308
20141224 12.25 12.34 12.44 12.12 75104
20141225 12.28 12.41 12.59 12.25 68498
20141226 12.47 12.50 12.67 12.30 60514
20141229 12.50 12.03 12.51 11.95 81644
20141230 12.02 12.05 12.37 11.98 43667
20141231 12.05 12.06 12.18 11.90 44561
20150105 12.07 12.42 12.54 12.01 70501
20150106 12.45 12.68 12.80 12.19 86942
20150107 12.61 12.66 12.70 12.48 53286
20150108 12.70 12.85 12.99 12.57 82018
20150109 12.89 12.96 13.68 12.78 133841
20150112 13.31 13.81 13.85 13.09 173797
20150113 13.74 13.67 13.86 13.41 97253
20150114 13.59 13.34 13.60 13.21 71120
20150115 13.35 13.44 13.75 13.30 65026
20150116 13.30 13.40 13.46 13.16 54681
20150119 13.20 13.20 13.75 12.85 74933
20150120 13.29 13.87 13.95 13.29 101546
20150121 13.85 14.16 14.36 13.67 93448
20150122 14.08 14.78 14.86 14.01 99210
20150123 15.16 15.05 16.04 15.01 222596
20150126 14.95 15.46 15.59 14.88 113579
20150127 15.68 15.85 16.20 15.30 156351
20150128 15.69 15.54 15.99 15.51 74212
20150129 15.19 15.25 15.38 15.01 74294
20150130 15.02 15.13 15.38 14.89 59682
20150202 15.02 15.82 15.95 14.90 86881
20150203 15.89 15.82 15.95 15.61 46293
20150204 15.79 15.72 16.19 15.66 64319
20150205 15.84 16.00 16.10 15.55 84359
20150206 15.90 16.92 16.95 15.84 195026
20150209 16.85 16.29 17.05 16.24 105330
20150210 16.20 16.29 16.50 15.49 87271
20150211 16.25 16.36 16.77 16.13 57852
20150212 16.14 16.49 16.67 16.14 38529
20150213 16.58 16.99 17.10 16.58 85110
20150216 16.90 17.56 17.57 16.80 105536
20150217 17.55 18.78 19.30 17.40 157640
20150225 19.00 18.65 19.18 18.40 65609
20150226 18.66 18.70 18.95 18.32 66592
20150227 18.83 19.76 19.88 18.83 117520
20150302 19.75 20.71 20.99 19.40 127093
20150303 20.70 20.00 21.28 19.78 154450
20150304 20.00 20.21 20.73 19.90 80446
20150305 20.32 21.66 21.77 20.32 124164
20150306 21.77 21.21 22.19 20.69 163518
20150309 20.98 21.56 21.67 20.15 97405
20150310 22.12 21.30 22.65 21.23 147200
20150311 21.50 20.19 21.66 19.99 165643
20150312 20.28 20.50 20.80 19.16 120178
20150320 22.55 22.55 22.55 22.55 11822
20150323 23.17 22.14 23.49 21.70 224807
20150324 22.00 21.48 22.00 20.76 212316
20150325 21.20 21.31 21.45 20.96 117069
20150326 21.35 21.10 21.50 20.79 96061
20150327 21.04 21.29 21.43 20.84 60211
20150330 21.41 22.11 22.25 21.20 140974
20150331 22.22 22.98 23.24 22.01 142139
20150401 22.98 23.77 24.54 22.70 119995
20150402 23.90 24.05 24.46 23.76 103015
20150403 23.90 24.47 24.72 23.50 80149
20150407 24.50 24.03 24.58 23.82 101184
20150408 23.90 23.23 23.90 22.81 155621
20150409 23.40 24.10 24.40 22.18 132798
20150410 24.00 24.72 25.29 23.80 102465
20150413 24.80 24.80 25.10 24.16 109110
20150414 24.90 24.61 25.18 24.12 78153
20150415 24.40 23.87 24.48 23.35 74397
20150416 23.32 23.89 24.36 23.03 65421
20150417 23.92 23.79 24.86 23.75 96506
20150420 23.82 23.34 24.49 23.18 111517
20150421 23.30 24.01 24.39 23.25 66784
20150422 24.02 25.23 25.50 24.01 129828
20150423 25.45 26.07 26.68 25.26 146077
20150424 25.85 28.68 28.68 25.62 132447
20150427 29.66 28.67 30.50 27.82 161804
20150428 28.81 27.49 28.88 26.65 116518
20150429 27.46 27.79 28.12 26.86 56453
20150430 28.50 27.78 28.58 27.72 72490
20150504 27.78 27.93 28.62 27.50 70343
20150505 27.90 27.25 28.59 27.13 71781
20150506 27.26 26.77 27.83 26.50 72866
20150507 27.12 26.08 27.30 25.80 60211
20150508 26.35 27.86 27.98 26.11 74033
20150511 27.88 29.26 29.48 27.81 101930
20150512 29.26 30.00 30.45 29.26 96046
20150513 30.32 30.05 30.78 29.98 87948
20150514 29.99 29.36 29.99 29.28 86959
20150515 29.10 30.30 30.50 28.25 104847
20150518 30.11 33.33 33.33 30.11 98676
20150519 34.00 36.66 36.66 34.00 29233
20150520 40.08 37.36 40.10 36.80 153908
20150521 36.97 40.30 41.10 35.50 140321
20150522 40.11 44.33 44.33 39.10 184436
20150525 44.33 45.01 46.26 43.00 131541
20150526 44.82 44.21 44.96 40.60 140146
20150527 44.25 47.04 48.00 42.25 135787
20150528 47.10 43.10 48.20 42.53 138186
20150529 43.11 44.75 46.16 41.11 146074
20150601 44.60 49.23 49.23 44.60 120522
20150602 49.30 54.15 54.15 49.25 95242
20150603 54.95 52.98 55.87 51.60 97905
20150604 52.30 51.77 54.99 48.00 94772
20150605 52.28 50.87 53.35 49.55 91895
20150608 51.80 49.71 52.25 48.84 72928
20150609 49.20 49.70 51.45 48.00 67259
20150610 49.90 50.49 51.49 49.30 86609
20150611 50.30 51.70 52.98 49.51 83723
20150612 51.89 51.63 52.79 51.10 79655
20150615 51.61 48.14 51.63 47.46 95670
20150616 48.60 44.67 48.89 44.60 66991
20150617 45.00 46.76 46.97 44.00 78359
20150618 47.07 45.02 47.58 44.58 40634
20150619 44.02 41.45 45.00 41.00 95059
20150623 41.45 39.87 42.50 37.31 70762
20150624 40.20 41.27 41.88 39.21 64554
20150625 41.30 39.38 41.50 38.70 50811
20150626 38.58 35.64 38.58 35.44 127542
20150629 36.45 39.08 39.20 32.08 180676
20150630 39.50 42.55 42.99 36.53 140648
20150701 41.50 39.48 43.80 38.30 104884
20150702 40.00 35.53 41.35 35.53 115410
20150703 33.96 33.57 38.00 31.98 156881
20150706 36.93 30.21 36.93 30.21 150766
20150707 29.22 27.19 29.49 27.19 58804
20150713 29.91 29.91 29.91 29.91 3405
20150714 32.90 32.90 32.90 32.90 1145
20150715 36.19 31.27 36.19 30.80 187302
20150716 29.99 32.94 33.72 28.28 96905
20150717 33.53 35.30 36.01 32.60 94739
20150720 35.61 35.25 37.30 34.86 94356
20150721 35.05 37.25 38.39 33.50 96306
20150722 37.75 38.77 39.30 37.01 109852
20150723 38.85 38.34 39.51 38.12 100644
20150724 38.83 37.44 38.86 36.78 92249
20150727 36.10 33.70 37.28 33.70 77882
20150728 30.60 30.33 32.99 30.33 109704
20150729 30.60 32.39 33.30 29.20 88949
20150730 32.00 33.02 35.18 32.00 113731
