20140102 2.41 2.40 2.43 2.39 44655
20140103 2.39 2.37 2.39 2.34 66544
20140106 2.37 2.28 2.37 2.28 80617
20140107 2.26 2.31 2.34 2.24 39156
20140108 2.30 2.26 2.32 2.24 53229
20140109 2.27 2.24 2.28 2.23 61880
20140110 2.24 2.22 2.24 2.19 62870
20140113 2.21 2.21 2.25 2.20 32996
20140114 2.21 2.25 2.25 2.21 35890
20140115 2.25 2.21 2.25 2.19 51879
20140116 2.20 2.22 2.24 2.20 32276
20140117 2.22 2.20 2.24 2.20 29072
20140120 2.20 2.19 2.22 2.18 29456
20140121 2.18 2.21 2.22 2.18 29493
20140122 2.21 2.26 2.26 2.20 46755
20140123 2.25 2.25 2.27 2.24 29705
20140124 2.25 2.26 2.28 2.23 57662
20140127 2.25 2.24 2.26 2.21 44778
20140128 2.24 2.25 2.26 2.23 31187
20140129 2.26 2.25 2.26 2.23 34452
20140130 2.23 2.22 2.24 2.19 41494
20140207 2.20 2.23 2.24 2.20 50946
20140210 2.23 2.31 2.33 2.22 105161
20140211 2.31 2.31 2.35 2.29 72321
20140212 2.31 2.33 2.34 2.29 79712
20140213 2.33 2.32 2.36 2.30 89036
20140214 2.32 2.35 2.36 2.31 57794
20140217 2.35 2.35 2.36 2.32 80513
20140218 2.35 2.32 2.35 2.30 73650
20140219 2.33 2.36 2.36 2.30 119693
20140220 2.36 2.42 2.53 2.34 232547
20140221 2.42 2.34 2.42 2.33 106196
20140224 2.33 2.27 2.33 2.26 88965
20140225 2.27 2.23 2.29 2.22 75054
20140226 2.23 2.24 2.26 2.22 83487
20140227 2.25 2.23 2.26 2.22 61567
20140228 2.23 2.25 2.26 2.21 60961
20140303 2.25 2.28 2.29 2.23 61886
20140304 2.26 2.26 2.28 2.24 47494
20140305 2.27 2.26 2.29 2.25 49201
20140306 2.26 2.28 2.29 2.25 60187
20140307 2.27 2.28 2.29 2.26 60779
20140310 2.28 2.20 2.28 2.19 81688
20140311 2.20 2.21 2.22 2.19 42427
20140312 2.22 2.21 2.22 2.19 54998
20140313 2.21 2.21 2.23 2.20 32180
20140314 2.21 2.23 2.26 2.20 64182
20140317 2.23 2.24 2.25 2.22 41782
20140318 2.25 2.24 2.26 2.23 27475
20140319 2.23 2.24 2.24 2.21 34475
20140320 2.24 2.22 2.26 2.21 48164
20140321 2.21 2.29 2.35 2.21 119412
20140324 2.29 2.37 2.38 2.27 148355
20140325 2.39 2.42 2.48 2.37 220864
20140326 2.43 2.38 2.44 2.35 104794
20140327 2.38 2.39 2.41 2.34 89082
20140328 2.39 2.39 2.47 2.37 118309
20140331 2.40 2.35 2.41 2.33 89559
20140401 2.35 2.42 2.44 2.33 124636
20140402 2.40 2.44 2.44 2.38 100031
20140403 2.43 2.41 2.46 2.40 82680
20140404 2.41 2.42 2.44 2.40 62838
20140408 2.41 2.45 2.45 2.41 90201
20140409 2.45 2.47 2.50 2.45 131462
20140410 2.48 2.52 2.58 2.46 315533
20140411 2.50 2.50 2.52 2.47 135842
20140414 2.50 2.48 2.51 2.46 119165
20140415 2.48 2.42 2.48 2.42 76393
20140416 2.42 2.43 2.44 2.41 71926
20140417 2.44 2.44 2.45 2.42 47718
20140418 2.44 2.48 2.48 2.42 92687
20140421 2.46 2.42 2.49 2.41 64313
20140422 2.41 2.41 2.44 2.38 61967
20140423 2.41 2.38 2.42 2.38 34431
20140424 2.42 2.37 2.42 2.37 35914
20140425 2.37 2.35 2.39 2.34 49430
20140428 2.34 2.28 2.36 2.28 68754
20140429 2.28 2.31 2.33 2.28 36160
20140430 2.32 2.37 2.39 2.30 67931
20140505 2.36 2.39 2.41 2.35 86958
20140506 2.39 2.37 2.42 2.36 66899
20140507 2.38 2.33 2.38 2.33 29897
20140508 2.33 2.36 2.37 2.32 37158
20140509 2.35 2.35 2.37 2.33 33534
20140512 2.37 2.46 2.57 2.34 170929
20140513 2.44 2.41 2.47 2.40 94975
20140514 2.40 2.46 2.54 2.39 134896
20140515 2.44 2.48 2.53 2.44 152246
20140516 2.46 2.48 2.50 2.41 99464
20140519 2.48 2.43 2.48 2.41 85165
20140520 2.44 2.44 2.45 2.41 51550
20140521 2.43 2.44 2.46 2.41 60336
20140522 2.44 2.40 2.46 2.40 70499
20140523 2.41 2.40 2.41 2.38 53249
20140526 2.41 2.42 2.42 2.38 41802
20140527 2.41 2.41 2.43 2.40 27830
20140528 2.41 2.45 2.46 2.40 89671
20140529 2.45 2.41 2.45 2.41 45087
20140530 2.42 2.41 2.43 2.40 30617
20140603 2.41 2.41 2.43 2.40 26949
20140604 2.40 2.37 2.42 2.36 42117
20140605 2.37 2.39 2.39 2.35 25040
20140606 2.39 2.37 2.39 2.36 27899
20140609 2.36 2.36 2.38 2.35 37364
20140610 2.36 2.38 2.40 2.36 32848
20140611 2.39 2.39 2.41 2.38 45807
20140612 2.39 2.41 2.43 2.39 47006
20140613 2.41 2.40 2.42 2.39 44322
20140616 2.40 2.38 2.40 2.37 58631
20140617 2.38 2.38 2.39 2.37 28103
20140618 2.38 2.34 2.38 2.32 72349
20140619 2.34 2.29 2.34 2.29 56990
20140620 2.30 2.32 2.32 2.28 52799
20140623 2.32 2.31 2.32 2.29 35500
20140624 2.31 2.30 2.31 2.28 45124
20140625 2.30 2.28 2.30 2.26 41985
20140626 2.28 2.29 2.30 2.28 30054
20140627 2.29 2.32 2.35 2.28 55910
20140630 2.32 2.34 2.34 2.31 63542
20140701 2.33 2.34 2.35 2.31 47106
20140702 2.34 2.37 2.38 2.32 95510
20140703 2.36 2.51 2.61 2.35 497400
20140704 2.50 2.43 2.50 2.41 226195
20140707 2.41 2.42 2.44 2.40 88424
20140708 2.42 2.43 2.43 2.39 50444
20140709 2.42 2.41 2.44 2.40 78265
20140710 2.42 2.47 2.52 2.41 240059
20140711 2.48 2.56 2.64 2.47 255474
20140714 2.54 2.53 2.54 2.50 145286
20140715 2.52 2.55 2.58 2.51 119338
20140716 2.56 2.59 2.72 2.53 251877
20140717 2.59 2.57 2.65 2.53 191830
20140718 2.55 2.54 2.57 2.52 82146
20140721 2.53 2.58 2.60 2.52 104694
20140722 2.58 2.59 2.62 2.56 94448
20140723 2.59 2.53 2.59 2.52 97339
20140724 2.53 2.58 2.60 2.53 129200
20140725 2.57 2.59 2.61 2.57 80317
20140728 2.60 2.63 2.66 2.60 146065
20140729 2.64 2.61 2.65 2.59 144352
20140730 2.61 2.60 2.64 2.59 91568
20140731 2.60 2.62 2.62 2.57 154550
20140801 2.61 2.58 2.65 2.57 156841
20140804 2.58 2.62 2.62 2.57 186670
20140805 2.62 2.64 2.65 2.59 190617
20140806 2.64 2.70 2.72 2.61 292156
20140807 2.70 2.70 2.79 2.68 328500
20140808 2.69 2.81 2.82 2.68 436800
20140811 2.80 2.84 2.88 2.76 300247
20140812 2.83 2.84 2.85 2.79 117276
20140813 2.87 2.89 2.92 2.84 218973
20140814 2.87 2.90 3.03 2.83 364394
20140815 2.89 2.88 2.95 2.85 178292
20140818 2.89 2.97 3.02 2.88 215475
20140819 2.96 2.95 2.96 2.91 113690
20140820 2.96 3.00 3.06 2.92 245190
20140821 3.03 3.00 3.03 2.95 94572
20140822 2.98 3.04 3.07 2.95 166577
20140825 3.04 2.97 3.04 2.97 142291
20140826 2.95 2.88 2.98 2.84 198013
20140827 2.84 2.86 2.89 2.84 70011
20140828 2.87 2.86 2.88 2.85 71281
20140829 2.87 2.94 2.95 2.87 118040
20140901 2.95 2.96 2.97 2.92 79763
20140902 2.97 3.02 3.04 2.96 193705
20140903 3.04 3.08 3.18 3.02 317903
20140904 3.09 3.10 3.12 3.06 159648
20140905 3.10 3.16 3.20 3.06 246153
20140909 3.18 3.14 3.19 3.13 130929
20140910 3.12 3.17 3.27 3.12 184488
20140911 3.15 3.13 3.18 3.11 165710
20140912 3.12 3.19 3.19 3.10 158344
20140915 3.20 3.23 3.25 3.17 143425
20140916 3.24 3.27 3.45 3.22 424794
20140917 3.25 3.28 3.29 3.18 208415
20140918 3.29 3.37 3.40 3.26 192277
20140919 3.37 3.34 3.39 3.30 115842
20140922 3.31 3.23 3.31 3.22 153617
20140923 3.24 3.23 3.26 3.16 208977
20140924 3.20 3.28 3.29 3.19 141638
20140925 3.26 3.35 3.40 3.26 218709
20140926 3.35 3.28 3.35 3.25 173005
20140929 3.34 3.33 3.42 3.32 179147
20140930 3.33 3.35 3.37 3.31 151581
20141008 3.36 3.39 3.40 3.32 163200
20141009 3.39 3.39 3.41 3.35 151919
20141010 3.38 3.51 3.54 3.36 400373
20141013 3.50 3.44 3.50 3.38 301100
20141014 3.39 3.50 3.60 3.38 361033
20141015 3.47 3.60 3.60 3.45 351364
20141016 3.58 3.48 3.60 3.47 262942
20141017 3.46 3.62 3.64 3.43 514106
20141020 3.60 3.61 3.69 3.57 288274
20141021 3.60 3.48 3.61 3.48 299060
20141022 3.50 3.38 3.51 3.37 231854
20141023 3.37 3.27 3.42 3.24 251905
20141024 3.27 3.28 3.31 3.23 160951
20141027 3.27 3.34 3.35 3.23 142232
20141028 3.34 3.46 3.47 3.34 182832
20141029 3.51 3.66 3.75 3.46 562545
20141030 3.75 3.90 4.03 3.66 1046360
20141031 3.83 3.90 3.95 3.77 586244
20141103 3.97 4.17 4.23 3.97 866360
20141118 4.20 4.24 4.59 3.98 1006765
20141119 4.20 4.02 4.21 4.00 631869
20141120 3.96 3.98 4.06 3.92 273605
20141121 3.99 4.05 4.05 3.91 321271
20141124 4.08 4.10 4.20 4.01 480074
20141125 4.08 4.15 4.23 4.07 362737
20141126 4.13 4.09 4.16 4.04 337002
20141127 4.09 4.08 4.13 4.04 273869
20141128 4.22 4.38 4.45 4.22 893796
20141201 4.44 4.57 4.69 4.38 895817
20141202 4.41 4.54 4.60 4.32 698337
20141203 4.51 4.39 4.53 4.35 695726
20141204 4.37 4.45 4.53 4.31 509117
20141205 4.39 4.24 4.45 4.08 700939
20141208 4.21 4.36 4.38 4.12 526517
20141209 4.36 4.42 4.62 4.36 1133748
20141210 4.36 4.53 4.54 4.23 524999
20141211 4.61 4.98 4.98 4.58 1504596
20141212 5.02 4.82 5.10 4.79 879099
20141215 4.91 4.88 4.95 4.70 641860
20141216 4.93 5.06 5.14 4.93 736293
20141217 5.15 5.57 5.57 5.13 1169111
20141218 5.70 6.13 6.13 5.66 987987
20141219 6.74 6.74 6.74 6.74 323081
20141222 7.41 6.43 7.41 6.36 3127213
20141223 6.60 6.10 6.71 6.05 1703482
20141224 6.01 6.01 6.26 5.92 1246560
20141225 6.04 6.45 6.54 5.84 1558272
20141226 6.30 6.39 6.62 6.18 1619420
20141229 6.46 6.55 6.85 6.29 1465111
20141230 6.69 6.22 6.77 6.15 1136845
20141231 6.15 6.29 6.35 6.04 809287
20150105 6.30 6.59 6.60 6.26 1146261
20150106 6.90 7.25 7.25 6.84 1004619
20150107 7.49 6.98 7.60 6.88 1933811
20150108 6.93 6.63 7.14 6.58 1539670
20150109 6.48 6.47 6.72 6.28 1326212
20150112 6.34 6.32 6.42 6.15 771196
20150113 6.52 6.33 6.63 6.30 828477
20150114 6.22 6.12 6.32 6.00 840437
20150115 6.03 6.30 6.30 6.00 681112
20150116 6.37 6.24 6.41 6.14 627630
20150119 5.85 5.62 5.95 5.62 813118
20150120 5.56 5.68 5.81 5.55 886382
20150121 5.78 5.95 6.09 5.70 1074979
20150122 5.89 5.95 5.95 5.80 679381
20150123 5.97 5.92 6.12 5.81 758797
20150126 5.90 6.01 6.04 5.76 618573
20150127 5.99 5.94 6.01 5.83 502863
20150128 5.89 5.80 5.90 5.78 470848
20150129 5.71 5.87 5.92 5.68 466944
20150130 5.89 5.75 5.92 5.72 325021
20150202 5.63 5.81 5.96 5.43 771181
20150203 5.72 5.83 5.85 5.70 338802
20150204 5.88 5.73 6.00 5.67 591535
20150205 5.80 5.86 5.98 5.65 1043111
20150206 5.75 5.48 5.79 5.40 680699
20150209 5.41 5.19 5.43 5.11 561685
20150210 5.16 5.29 5.35 5.16 328973
20150211 5.40 5.33 5.49 5.28 280613
20150212 5.30 5.30 5.34 5.18 349317
20150213 5.30 5.38 5.49 5.27 444912
20150216 5.35 5.40 5.46 5.30 291931
20150217 5.43 5.63 5.70 5.40 691523
20150225 5.63 5.54 5.63 5.51 309902
20150226 5.54 5.84 5.85 5.48 720154
20150227 5.85 5.78 5.87 5.75 401582
20150302 5.80 5.80 5.83 5.68 411686
20150303 5.79 5.78 5.93 5.63 776705
20150304 5.70 5.75 5.81 5.65 412284
20150305 5.71 5.58 5.73 5.51 464370
20150306 5.57 5.71 5.88 5.50 569996
20150309 5.71 5.81 5.83 5.53 643476
20150310 5.77 5.82 5.91 5.75 589430
20150311 5.84 6.01 6.08 5.80 1042579
20150312 5.98 5.92 5.99 5.82 641313
20150313 5.92 6.13 6.27 5.92 957177
20150316 6.31 6.25 6.40 6.17 901942
20150317 6.28 6.88 6.88 6.20 1147002
20150318 7.29 7.16 7.53 7.10 3224484
20150319 7.00 6.93 7.06 6.80 1705699
20150320 6.93 6.92 7.09 6.78 1340085
20150323 6.89 6.98 7.09 6.82 1274598
20150324 6.98 6.96 7.05 6.60 1470402
20150325 6.95 6.86 6.95 6.73 918586
20150326 6.79 6.84 6.99 6.65 923414
20150327 6.80 6.80 6.89 6.74 561004
20150330 6.91 7.01 7.10 6.86 1312016
20150331 7.03 6.78 7.14 6.70 1040004
20150401 6.76 6.85 6.92 6.75 698459
20150402 6.80 6.87 6.93 6.80 687336
20150403 7.02 7.08 7.19 6.88 1447703
20150407 7.10 7.48 7.60 6.99 2141936
20150408 7.42 7.42 7.55 7.22 1646891
20150409 7.42 7.90 7.98 7.23 2377380
20150410 7.74 8.14 8.63 7.63 2248698
20150413 8.16 8.17 8.23 7.97 1321344
20150414 8.16 8.03 8.39 7.91 1383103
20150415 8.00 7.98 8.39 7.71 1645075
20150416 7.77 8.00 8.27 7.66 1154338
20150417 8.20 8.80 8.80 8.18 3002766
20150420 8.80 9.24 9.64 8.61 4116138
20150421 9.25 9.01 9.88 8.70 2456033
20150422 8.85 9.09 9.49 8.70 2310353
20150423 9.18 8.92 9.24 8.84 1389942
20150424 8.80 9.15 9.45 8.71 2213033
20150427 9.31 10.07 10.07 9.20 3502382
20150428 10.07 11.08 11.08 9.80 3972007
20150429 11.16 10.40 11.45 9.97 3212271
20150430 10.23 10.27 10.75 9.95 2136941
20150504 10.01 10.02 10.43 9.80 1615837
20150505 10.02 9.51 10.29 9.41 1636331
20150506 9.50 8.98 9.65 8.61 1693137
20150507 8.83 8.39 8.84 8.30 1262584
20150508 8.46 8.58 8.61 8.31 1114379
20150511 8.74 8.83 8.87 8.41 1311500
20150512 8.82 9.44 9.50 8.69 1743458
20150513 9.39 9.09 9.40 8.91 1318686
20150514 9.09 8.93 9.18 8.83 931085
20150515 8.91 8.62 8.91 8.50 869531
20150518 8.52 8.70 8.99 8.43 882845
20150519 8.64 8.97 8.99 8.58 914352
20150520 9.25 9.36 9.70 9.02 1812464
20150521 9.68 10.30 10.30 9.50 1688142
20150522 11.00 10.07 11.05 10.00 3152156
20150525 9.93 10.22 10.30 9.64 1935011
20150526 10.23 10.19 10.32 9.88 1765543
20150527 10.20 9.92 10.25 9.86 1608350
20150528 9.92 9.47 10.16 9.42 1938125
20150529 9.40 9.05 9.60 8.63 1421662
20150601 9.05 9.53 9.54 9.03 1050029
20150602 9.55 9.64 9.73 9.28 1151957
20150603 9.77 9.55 9.78 9.33 1090043
20150604 9.50 9.45 9.50 8.72 1041985
20150605 9.51 9.84 9.88 9.46 1495118
20150608 9.88 10.32 10.68 9.84 2550116
20150609 10.14 9.95 10.22 9.82 1459450
20150610 9.87 9.91 10.02 9.59 1059448
20150611 9.91 10.09 10.25 9.81 1205876
20150612 10.18 10.39 10.50 9.95 2369807
20150615 10.49 10.65 11.19 10.35 2772616
20150616 10.35 9.89 10.45 9.81 1497915
20150617 9.82 10.19 10.26 9.29 1202860
20150618 10.23 10.06 10.69 9.98 1691881
20150619 9.58 9.05 9.85 9.05 1087481
20150623 9.05 9.47 9.55 8.20 1040798
20150624 9.53 10.08 10.10 9.48 1499639
20150625 10.28 10.87 11.09 10.10 4254733
20150626 10.20 10.17 11.10 9.78 4092073
20150629 10.41 11.19 11.19 10.18 5275789
20150630 11.45 12.00 12.31 10.07 6039787
20150701 11.25 11.57 12.79 11.20 4673969
20150702 11.61 10.41 11.78 10.41 2807457
20150703 9.37 9.37 9.95 9.37 1431506
20150706 10.19 8.43 10.19 8.43 2111590
20150707 7.59 7.59 7.59 7.59 233518
20150708 6.83 6.83 6.83 6.83 52718
20150709 6.15 7.51 7.51 6.15 3805978
20150710 7.40 8.26 8.26 7.13 3893870
20150713 8.30 8.91 8.97 8.08 3705188
20150714 8.59 8.05 8.94 8.03 3110809
20150715 7.70 7.25 7.79 7.25 1698148
20150716 6.70 7.15 7.54 6.55 1368689
20150717 7.21 7.61 7.78 7.21 1346616
20150720 7.63 8.09 8.30 7.50 1936116
20150721 7.85 8.09 8.25 7.72 1754227
20150722 8.07 8.64 8.86 8.00 3151759
20150723 8.75 9.08 9.37 8.48 3662795
20150724 9.07 8.64 9.30 8.37 2859586
20150727 8.30 7.78 8.77 7.78 1556902
20150728 7.09 7.16 7.78 7.00 1882714
20150729 7.41 7.88 7.88 7.25 1636796
20150730 7.88 7.69 8.28 7.50 1674630
