20140102 7.73 7.78 7.80 7.62 24064
20140103 7.77 7.74 7.77 7.65 24924
20140106 7.75 7.39 7.75 7.16 59851
20140107 7.40 7.48 7.60 7.32 56361
20140108 7.50 7.37 7.50 7.25 43532
20140109 7.35 7.34 7.45 7.12 68887
20140110 7.38 7.29 7.60 7.28 39560
20140113 7.29 7.29 7.36 7.23 38633
20140114 7.31 7.37 7.43 7.23 35379
20140115 7.41 7.50 7.52 7.31 35340
20140116 7.55 7.63 7.73 7.53 51198
20140117 7.61 7.65 7.69 7.55 40876
20140120 7.65 7.55 7.75 7.50 35070
20140121 7.56 7.95 7.96 7.53 68529
20140122 7.98 7.94 8.18 7.86 82445
20140123 7.96 7.93 7.98 7.85 48117
20140124 8.03 8.12 8.20 8.00 91976
20140127 8.08 7.90 8.08 7.75 55563
20140128 7.95 7.68 7.97 7.55 52559
20140129 7.65 7.66 7.69 7.55 34032
20140130 7.78 7.66 7.78 7.58 16728
20140207 7.66 7.62 7.66 7.50 19380
20140210 7.65 7.95 8.12 7.60 112445
20140211 7.98 8.05 8.10 7.84 74537
20140212 8.08 7.94 8.08 7.85 54645
20140213 7.93 7.93 8.07 7.83 55964
20140214 7.86 8.12 8.19 7.86 131376
20140217 8.23 8.50 8.51 8.09 140676
20140218 8.50 8.76 8.91 8.42 160176
20140219 8.75 8.79 8.88 8.41 141045
20140220 8.80 8.62 8.95 8.58 93253
20140221 8.65 8.72 8.88 8.52 93662
20140224 8.65 8.82 8.85 8.52 76060
20140225 9.01 9.02 9.67 8.97 184657
20140226 8.94 9.48 9.59 8.82 163420
20140227 9.56 9.68 10.20 9.56 212700
20140228 9.65 9.63 9.77 9.21 109075
20140303 9.60 10.01 10.12 9.55 142373
20140304 10.01 10.80 11.01 9.98 245720
20140305 10.92 10.65 10.94 10.51 136334
20140306 10.59 10.40 10.65 10.15 118477
20140307 10.31 10.73 10.80 10.24 119824
20140310 10.72 9.76 10.72 9.70 99655
20140311 9.76 9.19 9.76 9.05 131944
20140312 9.10 9.43 9.66 9.10 76487
20140313 9.44 9.75 9.87 9.44 63261
20140314 9.75 9.76 9.85 9.55 31822
20140317 9.72 10.10 10.13 9.72 52732
20140318 10.14 10.35 10.60 10.14 56202
20140319 10.40 10.17 10.40 10.02 36577
20140320 10.08 9.79 10.16 9.61 63648
20140321 9.83 9.79 9.83 9.40 44941
20140324 9.78 10.11 10.18 9.74 49458
20140325 10.12 9.87 10.25 9.81 41993
20140326 9.87 9.71 9.96 9.55 62817
20140327 9.81 9.15 9.81 9.14 60828
20140328 9.11 9.14 9.39 9.10 41394
20140331 9.14 8.92 9.27 8.80 37946
20140401 8.83 9.03 9.08 8.79 31871
20140402 9.03 9.35 9.40 9.03 30899
20140403 9.64 9.54 9.97 9.38 97849
20140404 9.50 9.55 9.76 9.36 44865
20140408 9.52 9.45 9.53 9.23 41447
20140409 9.44 9.71 9.74 9.33 43618
20140410 9.69 9.66 9.82 9.58 48750
20140411 9.62 9.49 9.65 9.30 43946
20140414 9.48 9.33 9.56 9.26 40912
20140415 9.27 9.31 9.40 9.23 26270
20140416 9.27 9.33 9.42 9.23 18145
20140417 9.38 9.26 9.38 9.23 23211
20140418 9.13 9.50 9.51 9.13 40941
20140421 9.54 9.63 9.88 9.53 105598
20140422 9.77 9.76 10.05 9.61 125939
20140423 9.79 9.63 9.98 9.60 61177
20140424 9.63 9.88 9.94 9.51 88297
20140425 9.87 9.66 10.05 9.63 83492
20140428 9.41 8.91 9.44 8.69 106552
20140429 8.85 9.07 9.10 8.41 96830
20140430 9.06 9.14 9.27 8.95 37277
20140505 9.14 9.14 9.24 9.01 29118
20140506 9.07 9.16 9.25 9.06 29756
20140507 9.18 9.04 9.22 8.83 43564
20140508 8.98 9.00 9.05 8.80 48809
20140509 9.00 8.86 9.15 8.70 56171
20140512 8.91 8.93 9.03 8.80 38977
20140513 8.93 8.73 8.99 8.60 55280
20140514 8.73 8.83 8.90 8.58 46676
20140515 8.84 8.73 8.86 8.60 31724
20140516 8.73 8.65 8.74 8.58 32602
20140519 8.64 8.62 8.74 8.57 23851
20140520 8.65 8.59 8.75 8.55 22084
20140521 8.59 8.86 8.90 8.37 64369
20140522 8.76 8.79 8.97 8.72 48658
20140523 8.80 8.93 8.95 8.66 68214
20140526 9.00 8.96 9.09 8.91 45008
20140527 8.96 9.20 9.24 8.90 74793
20140528 9.20 9.30 9.32 9.07 67320
20140529 9.29 9.15 9.33 9.09 56615
20140530 9.15 8.99 9.15 8.76 36245
20140603 8.96 8.88 8.98 8.70 48450
20140604 8.84 8.90 8.91 8.66 40301
20140605 8.95 9.00 9.05 8.95 54431
20140606 9.00 9.09 9.23 8.89 66229
20140609 9.10 9.12 9.17 8.94 42556
20140610 9.15 9.14 9.15 9.00 36445
20140611 9.12 9.16 9.19 9.09 31192
20140612 9.16 9.12 9.24 9.10 36625
20140613 9.12 9.34 9.36 9.08 97484
20140616 9.38 9.43 9.53 9.37 72405
20140617 9.41 9.31 9.42 9.27 49149
20140618 9.30 9.26 9.36 9.16 44990
20140619 9.23 9.02 9.28 8.76 59528
20140620 9.01 9.15 9.18 8.85 36180
20140623 9.12 9.10 9.17 9.03 36969
20140624 9.13 9.14 9.26 9.07 19290
20140625 9.15 9.02 9.15 8.90 45234
20140626 9.01 9.10 9.16 9.00 53026
20140627 9.12 9.08 9.13 8.98 46426
20140630 9.11 9.29 9.30 9.06 66023
20140701 9.28 9.18 9.29 9.11 69066
20140702 9.17 9.20 9.25 9.08 58661
20140703 9.24 9.38 9.40 9.13 83883
20140704 9.40 9.34 9.46 9.29 72778
20140707 9.38 9.37 9.49 9.28 80805
20140708 9.37 9.30 9.37 9.21 49792
20140709 9.30 9.27 9.37 9.20 66969
20140710 9.27 9.84 10.12 9.25 210963
20140711 9.80 9.84 10.08 9.70 118339
20140714 9.89 9.91 9.94 9.77 85111
20140715 9.93 9.80 9.94 9.77 73560
20140716 9.87 9.57 9.89 9.48 83006
20140717 9.54 9.57 9.60 9.38 69800
20140718 9.56 9.66 9.77 9.51 52398
20140721 9.67 9.68 9.78 9.45 54087
20140722 9.65 9.66 9.70 9.55 62746
20140723 9.67 9.56 9.73 9.47 47874
20140724 9.60 9.18 9.60 9.12 88130
20140725 9.20 9.22 9.45 9.16 82178
20140728 9.30 9.37 9.44 9.28 93653
20140729 9.42 9.57 9.59 9.36 92900
20140730 9.58 9.53 9.60 9.47 74532
20140731 9.54 9.50 9.58 9.38 76702
20140801 9.50 9.61 9.74 9.41 104098
20140804 9.68 9.71 9.80 9.63 70526
20140805 9.68 9.72 9.77 9.63 50711
20140806 9.72 10.07 10.14 9.61 178792
20140807 10.07 10.27 10.59 10.05 161292
20140808 10.23 10.74 11.00 10.13 159879
20140811 10.74 10.86 11.01 10.60 128091
20140812 10.70 10.88 10.92 10.64 122779
20140813 10.88 10.72 10.94 10.48 110891
20140814 10.74 10.69 10.79 10.50 88701
20140815 10.68 10.77 10.84 10.51 87908
20140818 10.78 11.10 11.20 10.78 130354
20140819 11.08 11.00 11.11 10.85 106235
20140820 11.00 10.99 11.07 10.83 111257
20140821 10.97 11.38 11.40 10.88 231382
20140822 11.17 11.48 11.50 11.00 205336
20140825 11.45 11.01 11.59 10.88 154857
20140826 10.94 10.63 11.01 10.56 122372
20140827 10.63 10.75 10.78 10.53 96004
20140828 10.76 10.32 10.86 10.28 109026
20140829 10.36 10.39 10.50 10.22 88400
20140901 10.44 10.48 10.55 10.38 113110
20140902 10.60 10.82 10.90 10.48 166143
20140903 11.03 11.28 11.52 10.94 259341
20140904 11.29 11.31 11.48 11.03 172585
20140905 11.31 11.31 11.43 11.21 130692
20140909 11.40 11.29 11.61 11.26 117317
20140910 11.42 11.82 11.84 11.18 256144
20140911 11.62 11.57 12.00 11.52 164903
20140912 11.63 11.65 11.73 11.51 86053
20140915 11.70 11.26 11.70 11.17 224538
20140916 11.27 11.12 11.34 11.01 146148
20140917 11.14 11.16 11.30 11.03 77773
20140918 11.10 11.34 11.36 11.10 84097
20140919 11.35 11.22 11.38 11.15 77660
20140922 11.18 10.79 11.19 10.61 100144
20140923 10.80 10.85 10.98 10.73 63715
20140924 10.82 11.07 11.15 10.78 74197
20140925 11.07 11.15 11.33 11.06 84990
20140926 11.16 10.97 11.25 10.92 73159
20140929 10.92 11.04 11.10 10.92 69700
20140930 11.05 10.97 11.14 10.90 78331
20141008 10.91 11.13 11.16 10.91 87858
20141009 11.12 11.21 11.25 11.00 115416
20141010 11.77 11.58 12.18 11.41 452995
20141013 11.40 11.31 11.52 11.20 169034
20141014 11.31 11.22 11.42 11.12 143353
20141015 11.17 11.18 11.28 11.01 119090
20141016 11.19 10.90 11.21 10.85 127231
20141017 10.88 10.64 10.98 10.58 101081
20141020 10.66 10.59 10.74 10.46 150133
20141021 10.60 10.48 10.76 10.46 104422
20141022 10.48 10.10 10.52 10.06 170890
20141023 10.00 10.07 10.17 10.00 85106
20141024 10.05 9.78 10.17 9.52 225411
20141027 9.83 9.79 9.83 9.68 119447
20141028 9.80 10.14 10.18 9.80 145935
20141029 10.17 10.23 10.27 10.00 179039
20141030 10.20 10.11 10.28 10.07 118676
20141031 10.14 9.92 10.18 9.76 156023
20141208 10.91 10.91 10.91 10.91 19351
20141209 12.00 10.14 12.00 9.99 707305
20141210 10.14 10.55 10.75 9.90 269016
20141211 10.57 10.51 10.63 10.30 185069
20141212 10.47 10.48 10.58 10.39 99464
20141215 10.53 10.56 10.64 10.41 150311
20141216 10.54 10.40 10.54 10.38 128868
20141217 10.40 10.05 10.40 10.00 160211
20141218 10.14 10.17 10.18 9.92 120772
20141219 10.19 9.99 10.20 9.91 76460
20141222 9.99 9.82 10.25 9.73 108387
20141223 9.77 9.72 9.97 9.71 58167
20141224 9.80 9.93 9.95 9.74 61072
20141225 9.93 10.10 10.17 9.91 84237
20141226 10.13 10.07 10.23 9.98 54830
20141229 10.10 9.80 10.15 9.77 78637
20141230 9.80 9.62 9.89 9.60 63598
20141231 9.65 10.05 10.10 9.53 108467
20150105 10.02 9.96 10.02 9.78 74159
20150106 9.95 10.04 10.09 9.81 82828
20150107 10.05 9.90 10.07 9.82 88321
20150108 9.73 9.97 10.10 9.73 107323
20150109 9.97 9.85 10.07 9.85 59375
20150112 9.76 9.63 9.84 9.62 64000
20150113 9.62 9.71 9.71 9.60 28624
20150114 9.71 9.67 9.82 9.61 36275
20150115 9.71 9.73 9.80 9.65 32457
20150116 9.79 9.75 9.79 9.67 41899
20150119 9.66 9.39 9.74 9.38 94516
20150120 9.40 9.62 9.63 9.40 54914
20150121 9.64 9.95 10.01 9.62 116349
20150122 10.00 10.00 10.03 9.90 98413
20150123 10.00 10.06 10.16 10.00 113196
20150126 10.06 10.16 10.19 10.01 98740
20150127 10.19 10.25 10.25 10.07 122955
20150128 10.25 10.34 10.35 10.16 133905
20150129 10.45 10.30 10.55 10.27 157765
20150130 10.34 10.16 10.38 10.12 97355
20150202 9.88 9.86 10.00 9.14 128197
20150203 9.82 9.79 9.90 9.70 75395
20150204 9.79 9.72 9.84 9.69 62579
20150205 9.81 9.74 9.83 9.70 54452
20150206 9.71 9.52 9.76 9.46 61032
20150209 9.47 9.50 9.64 9.47 41191
20150210 9.55 9.54 9.60 9.49 53380
20150211 9.54 9.51 9.61 9.47 52296
20150212 9.51 9.59 9.60 9.49 46532
20150213 9.63 9.77 9.85 9.62 69847
20150216 9.80 9.97 9.99 9.78 62417
20150217 10.00 10.19 10.21 9.96 87975
20150225 10.20 10.09 10.24 10.05 50987
20150226 10.09 10.09 10.12 9.95 67751
20150227 10.09 10.21 10.28 10.05 85613
20150302 10.27 10.40 10.43 10.26 107412
20150303 10.33 10.29 10.49 10.26 127407
20150304 10.22 10.39 10.41 10.21 93112
20150305 10.40 10.64 10.67 10.39 169744
20150306 10.63 10.44 10.74 10.42 101491
20150309 10.36 10.60 10.65 10.22 99264
20150310 10.57 11.20 11.48 10.50 388628
20150311 11.30 11.83 11.97 11.20 411722
20150312 11.78 11.47 11.78 11.33 178687
20150313 11.48 11.57 11.76 11.47 110314
20150316 11.60 11.91 12.10 11.51 213771
20150317 11.89 12.22 12.35 11.89 238446
20150318 12.19 12.13 12.46 11.96 198063
20150319 12.02 12.03 12.15 11.92 179840
20150320 12.00 12.04 12.15 11.91 121336
20150323 12.08 12.24 12.30 11.84 282223
20150324 12.22 11.96 12.22 11.75 202782
20150325 11.95 12.14 12.39 11.74 201271
20150326 12.11 11.95 12.22 11.86 141549
20150327 11.97 12.21 12.28 11.75 321294
20150330 12.24 12.62 12.80 12.24 305162
20150331 12.62 12.46 12.79 12.30 171028
20150401 12.54 13.06 13.18 12.40 223826
20150402 13.08 13.35 13.40 12.91 246257
20150403 13.35 13.69 14.00 13.30 272906
20150407 13.69 13.72 14.00 13.69 190515
20150408 13.74 13.34 13.96 13.12 223077
20150409 13.20 13.25 13.34 12.58 223824
20150410 13.29 13.56 13.67 13.28 141970
20150413 13.80 13.72 13.80 13.38 150570
20150414 13.71 13.47 13.72 13.25 146853
20150415 13.44 13.22 13.70 13.00 213024
20150416 13.00 13.18 13.20 12.85 281064
20150417 13.26 13.13 13.37 13.10 153190
20150420 13.13 12.66 13.13 12.64 168768
20150421 12.74 13.26 13.28 12.74 191256
20150422 13.29 13.41 13.57 13.29 182187
20150423 13.42 13.50 13.71 13.30 210164
20150424 13.40 14.28 14.30 13.24 301376
20150427 14.50 14.24 14.55 14.00 244041
20150428 14.13 13.86 14.45 13.53 198693
20150429 13.75 14.32 14.40 13.70 192905
20150430 14.40 13.86 14.44 13.85 155005
20150504 13.89 13.79 14.13 13.60 131579
20150505 13.85 13.11 13.88 12.80 180569
20150506 13.24 13.20 13.57 13.00 134151
20150507 13.19 12.95 13.19 12.90 105339
20150508 13.03 13.39 13.58 13.03 109584
20150511 13.78 13.92 13.96 13.51 182248
20150512 13.88 14.93 15.30 13.82 390524
20150513 14.80 15.50 16.20 14.50 326002
20150514 15.51 15.55 15.80 15.13 201029
20150515 15.55 15.44 15.66 14.91 191777
20150518 15.10 15.02 15.67 14.97 179349
20150519 15.02 15.51 15.55 14.70 191130
20150520 15.53 15.73 16.20 15.35 219126
20150521 15.73 15.96 16.00 15.52 198725
20150522 16.30 16.68 17.20 16.30 315000
20150525 16.50 17.64 17.99 16.36 234208
20150526 17.96 17.95 18.19 17.30 246955
20150527 17.85 17.68 17.85 17.14 249552
20150528 17.70 16.98 18.54 16.87 291402
20150529 16.77 17.32 17.66 16.04 239760
20150601 17.87 18.88 18.99 17.50 258752
20150602 18.90 19.44 19.70 18.80 256870
20150603 19.40 18.79 19.60 18.31 205555
20150604 18.79 18.62 19.47 16.91 215664
20150605 18.77 19.45 19.85 18.75 278713
20150608 19.30 18.35 19.30 18.06 304581
20150609 18.40 17.84 18.63 17.42 230746
20150610 17.90 18.36 18.79 17.42 227975
20150611 18.32 18.89 18.90 17.81 247860
20150612 19.00 19.47 19.50 18.56 285519
20150615 19.60 19.71 20.43 19.11 320231
20150616 19.48 18.33 19.48 18.13 250857
20150617 18.30 18.74 18.78 17.40 181675
20150618 18.73 18.00 18.73 17.70 153198
20150619 17.48 17.07 17.78 16.20 166891
20150623 17.07 17.04 17.35 15.90 134967
20150624 17.29 17.26 17.55 16.71 138619
20150625 17.25 16.50 17.30 15.91 185621
20150626 16.15 14.85 16.15 14.85 122747
20150629 14.99 13.37 15.29 13.37 162749
20150630 12.15 13.44 13.98 12.03 359856
20150701 13.10 12.10 13.55 12.10 317565
20150702 11.75 10.89 11.99 10.89 237518
20150703 10.10 9.80 10.89 9.80 311316
20150720 10.78 10.78 10.78 10.78 5781
20150721 11.86 11.86 11.86 11.86 23836
20150722 13.05 13.05 13.05 12.71 493868
20150723 13.35 14.14 14.28 13.05 792364
20150724 13.65 13.40 14.16 13.18 502995
20150727 13.00 12.06 13.37 12.06 338823
20150728 11.00 11.09 11.90 10.86 309772
20150729 11.49 11.86 11.97 10.92 241479
20150730 12.05 11.51 12.31 11.38 262384
