20140102 8.78 8.75 8.92 8.67 101645
20140103 8.72 8.59 8.78 8.50 109281
20140106 8.60 8.16 8.63 8.14 132793
20140107 8.10 8.10 8.22 8.01 108260
20140108 8.16 8.10 8.32 7.91 157912
20140109 8.13 8.05 8.23 8.00 101720
20140110 8.04 7.83 8.12 7.76 80573
20140113 7.80 7.93 8.02 7.78 74167
20140114 7.93 8.11 8.16 7.81 91996
20140115 8.06 8.12 8.16 8.04 75116
20140116 8.17 8.57 8.64 8.12 218354
20140117 8.44 8.35 8.57 8.30 88936
20140124 8.40 8.58 9.00 8.30 359765
20140127 8.45 8.24 8.46 8.18 202488
20140128 8.25 8.23 8.29 8.19 65875
20140129 8.27 8.15 8.27 8.06 78606
20140130 8.13 8.13 8.31 8.10 68981
20140207 8.11 8.20 8.21 7.94 69840
20140210 8.24 8.60 8.69 8.24 170496
20140211 8.62 8.68 8.93 8.59 210670
20140212 8.68 8.80 8.82 8.64 143455
20140213 8.83 9.05 9.23 8.73 286023
20140214 9.00 9.07 9.12 8.90 161767
20140217 9.08 9.05 9.15 8.99 175044
20140218 9.05 8.84 9.09 8.70 217979
20140219 8.80 8.85 8.94 8.75 198560
20140220 9.05 8.98 9.33 8.93 333887
20140221 8.91 8.77 9.02 8.67 126170
20140224 8.69 8.52 8.69 8.38 115899
20140225 8.64 8.26 8.64 8.15 120332
20140226 8.19 8.19 8.23 7.97 91361
20140227 8.20 8.04 8.27 8.02 124134
20140228 8.02 7.95 8.08 7.78 163683
20140303 7.96 8.53 8.74 7.91 355030
20140304 8.49 8.44 8.49 8.31 139341
20140305 8.48 8.29 8.51 8.25 103247
20140306 8.27 8.17 8.34 8.02 109819
20140307 8.16 8.28 8.33 8.04 128232
20140310 8.16 7.93 8.24 7.90 117838
20140311 7.95 8.05 8.07 7.80 74784
20140312 8.04 8.06 8.12 7.94 78889
20140313 8.13 8.15 8.25 8.02 83844
20140314 8.08 8.02 8.19 7.96 81835
20140317 8.02 8.17 8.18 7.97 84212
20140318 8.19 8.26 8.34 8.13 115413
20140319 8.22 8.23 8.34 8.14 126326
20140320 8.25 8.02 8.31 8.01 85345
20140321 7.99 8.24 8.28 7.92 116112
20140324 8.25 8.29 8.35 8.09 140453
20140325 8.33 8.60 8.76 8.26 362748
20140326 8.66 8.51 8.73 8.42 161525
20140327 8.50 8.69 8.83 8.48 241316
20140328 8.71 8.60 8.97 8.55 259794
20140331 8.60 8.12 8.67 8.01 182448
20140401 8.14 8.23 8.24 8.05 72145
20140402 8.27 8.27 8.29 8.07 97234
20140403 8.35 8.19 8.41 8.15 91795
20140404 8.20 8.26 8.31 8.10 68260
20140408 8.20 8.37 8.41 8.20 87725
20140409 8.37 8.44 8.48 8.32 119634
20140410 8.46 8.55 8.56 8.41 130154
20140411 8.55 8.39 8.55 8.36 131750
20140414 8.42 8.42 8.46 8.35 86738
20140415 8.38 8.41 8.45 8.35 74385
20140416 8.39 8.28 8.41 8.21 83619
20140417 8.31 8.23 8.33 8.21 59207
20140418 8.20 8.24 8.25 8.18 49361
20140421 8.19 8.02 8.21 7.98 123546
20140422 8.02 8.03 8.09 7.84 104527
20140423 7.99 7.79 7.99 7.79 94096
20140424 7.80 7.57 7.82 7.55 96620
20140425 7.57 7.45 7.69 7.42 71671
20140428 7.45 7.10 7.49 7.09 74687
20140429 7.09 7.19 7.19 7.05 87785
20140430 7.18 7.23 7.32 7.15 64682
20140505 7.23 7.42 7.44 7.14 86096
20140506 7.38 7.47 7.51 7.36 75308
20140507 7.45 7.38 7.48 7.34 57381
20140508 7.34 7.37 7.50 7.32 43423
20140509 7.34 7.22 7.42 7.17 46495
20140512 7.33 7.42 7.44 7.24 70549
20140513 7.45 7.38 7.47 7.33 48659
20140514 7.39 7.42 7.46 7.35 36244
20140515 7.41 7.46 7.58 7.36 112658
20140516 7.46 7.55 7.58 7.41 61478
20140519 7.62 7.81 7.99 7.61 205265
20140520 7.88 7.83 7.90 7.65 113405
20140521 7.79 7.78 7.82 7.68 46399
20140522 7.77 7.64 7.84 7.62 79391
20140523 7.63 7.80 7.87 7.62 82970
20140526 7.86 7.80 7.92 7.77 61552
20140527 7.84 7.83 7.90 7.77 64422
20140528 7.83 7.93 7.94 7.81 82279
20140529 7.98 7.83 8.04 7.79 90334
20140530 7.89 8.06 8.07 7.84 134114
20140603 8.08 7.88 8.10 7.87 90726
20140604 7.93 7.80 7.95 7.71 80504
20140605 7.80 7.84 7.88 7.71 67544
20140606 7.85 7.72 7.85 7.71 44441
20140609 7.74 7.60 7.80 7.60 51905
20140610 7.63 7.71 7.74 7.58 42636
20140611 7.70 7.72 7.75 7.63 37796
20140612 7.70 7.48 7.71 7.44 89495
20140613 7.41 7.49 7.57 7.41 81266
20140616 7.49 7.52 7.54 7.45 65862
20140617 7.52 7.42 7.52 7.38 59815
20140618 7.43 7.27 7.43 7.25 67634
20140619 7.27 7.10 7.31 7.01 82092
20140620 7.12 7.16 7.17 7.10 36596
20140623 7.18 7.25 7.26 7.15 36137
20140624 7.22 7.25 7.27 7.20 30320
20140625 7.27 7.30 7.32 7.23 45051
20140626 7.33 7.43 7.49 7.32 97738
20140627 7.43 7.34 7.43 7.33 88078
20140630 7.33 7.27 7.36 7.25 86458
20140701 7.30 7.36 7.45 7.27 93872
20140702 7.37 7.40 7.41 7.34 70522
20140703 7.38 7.47 7.48 7.37 84823
20140704 7.45 7.64 7.65 7.45 208976
20140707 7.64 7.58 7.67 7.51 87560
20140708 7.64 7.68 7.87 7.64 204345
20140709 7.62 7.42 7.68 7.38 134636
20140710 7.42 7.45 7.52 7.39 70248
20140711 7.43 7.59 7.59 7.43 75717
20140714 7.68 7.77 7.81 7.62 131334
20140715 7.74 7.75 7.83 7.64 89747
20140716 7.76 7.82 7.87 7.71 148747
20140717 7.83 7.72 7.88 7.66 68429
20140718 7.71 7.67 7.75 7.65 52132
20140721 7.64 7.63 7.70 7.56 46525
20140722 7.67 7.70 7.76 7.65 76159
20140723 7.68 7.60 7.71 7.53 70565
20140724 7.60 7.62 7.65 7.54 68655
20140725 7.62 7.72 7.72 7.58 73423
20140728 7.77 7.87 7.92 7.73 156778
20140729 7.90 7.87 8.05 7.80 166529
20140730 7.89 7.90 7.94 7.80 106768
20140731 7.96 8.04 8.04 7.88 135463
20140801 8.03 8.07 8.34 8.00 319223
20140804 8.06 8.23 8.30 8.03 155497
20140805 8.23 8.19 8.26 8.12 99947
20140806 8.18 8.11 8.18 8.04 103630
20140807 8.12 8.06 8.20 8.04 102360
20140808 8.06 8.12 8.14 8.05 71254
20140811 8.12 8.17 8.18 8.03 126005
20140812 8.17 8.21 8.28 8.11 128387
20140813 8.20 8.27 8.35 8.17 135937
20140814 8.25 8.06 8.27 8.05 154803
20140815 8.08 8.27 8.33 8.05 182644
20140818 8.32 8.30 8.35 8.23 111435
20140819 8.30 8.39 8.39 8.26 144621
20140820 8.42 8.30 8.42 8.25 107699
20140821 8.31 8.21 8.34 8.12 128725
20140822 8.20 8.30 8.30 8.16 116559
20140825 8.30 8.22 8.30 8.16 87204
20140826 8.21 8.07 8.27 8.01 114404
20140827 8.07 8.22 8.23 7.99 117654
20140828 8.26 8.24 8.38 8.11 119682
20140829 8.27 8.53 8.73 8.08 304615
20140901 8.53 8.73 8.83 8.45 379968
20140902 8.64 8.69 8.73 8.58 252624
20140903 8.68 8.65 8.74 8.59 204952
20140904 8.68 8.77 8.78 8.61 189448
20140905 8.76 8.81 8.87 8.70 257457
20140909 8.92 8.86 9.00 8.75 263913
20140910 8.85 8.70 8.87 8.67 153648
20140911 8.70 8.77 9.12 8.70 284528
20140912 8.71 8.78 8.83 8.61 158372
20140915 8.78 8.86 8.90 8.70 175926
20140916 8.89 8.64 9.07 8.60 278032
20140917 8.70 8.64 8.75 8.51 128422
20140918 8.68 8.68 8.75 8.60 102650
20140919 8.68 8.76 8.81 8.65 104018
20140922 8.79 8.70 8.90 8.68 130616
20140923 8.70 8.84 8.86 8.66 136575
20140924 8.80 8.90 8.97 8.79 179610
20140925 8.93 8.82 8.96 8.80 164750
20140926 8.79 8.80 8.86 8.73 103279
20140929 8.88 8.90 8.96 8.80 167300
20140930 9.00 9.27 9.39 8.99 483857
20141008 9.29 9.28 9.32 9.11 211187
20141009 9.27 9.21 9.29 9.08 211556
20141010 9.21 9.01 9.21 8.98 202056
20141013 8.97 8.91 8.97 8.78 161924
20141014 8.94 8.80 8.98 8.74 167392
20141015 8.80 8.85 8.86 8.70 125396
20141016 8.77 8.66 8.82 8.65 158883
20141017 8.61 8.35 8.71 8.00 236292
20141020 8.45 8.50 8.58 8.41 106765
20141021 8.50 8.34 8.51 8.30 99122
20141022 8.38 8.38 8.50 8.32 94413
20141023 8.33 8.30 8.42 8.24 85798
20141024 8.30 8.37 8.44 8.27 68830
20141027 8.38 8.40 8.42 8.27 82041
20141028 8.42 8.56 8.60 8.40 116514
20141029 8.58 8.73 8.77 8.54 184454
20141030 8.73 8.61 8.76 8.58 128903
20141031 8.62 8.64 8.68 8.52 107619
20141103 8.64 8.74 8.83 8.64 139384
20141104 8.75 8.69 8.79 8.66 107655
20141105 8.66 8.60 8.70 8.55 134778
20141106 8.59 8.60 8.64 8.46 135658
20141107 8.61 8.51 8.71 8.46 182757
20141110 8.52 8.57 8.59 8.46 98898
20141111 8.61 8.60 8.86 8.53 304084
20141112 8.52 8.96 8.97 8.51 425721
20141113 8.99 8.84 9.05 8.73 292892
20141114 8.80 8.83 8.96 8.73 158040
20141117 8.90 8.95 9.04 8.75 209047
20141118 8.95 8.81 8.99 8.78 148496
20141119 8.81 8.79 8.87 8.75 98044
20141120 8.85 8.92 9.02 8.81 228326
20141121 8.90 8.93 8.97 8.84 137841
20141124 9.00 9.07 9.13 8.87 291356
20141125 9.05 9.31 9.48 9.02 471522
20141126 9.26 9.22 9.36 9.15 276142
20141127 9.24 9.23 9.28 9.15 263850
20141128 9.24 9.10 9.37 8.99 277506
20141201 9.08 9.20 9.25 9.03 254914
20141202 9.21 9.22 9.40 9.18 216747
20141203 9.22 9.26 9.33 9.12 292437
20141204 9.28 9.42 9.44 9.21 316885
20141205 9.41 8.99 9.41 8.88 374351
20141208 8.98 8.96 9.06 8.88 230662
20141209 8.91 8.77 9.09 8.69 295548
20141210 8.70 8.93 8.96 8.70 158430
20141211 8.94 8.97 9.02 8.84 141772
20141212 8.94 9.12 9.16 8.94 178393
20141215 9.15 9.21 9.25 8.95 194841
20141216 9.21 9.18 9.28 9.13 151822
20141217 9.25 9.19 9.44 9.09 268419
20141218 9.20 9.31 9.40 9.18 290407
20141219 9.29 9.09 9.35 8.97 220563
20141222 9.38 9.09 9.41 8.95 198213
20141223 9.20 9.45 9.68 9.10 596650
20141224 9.45 9.84 9.87 9.37 563877
20141225 9.81 9.82 9.84 9.59 355173
20141226 9.80 9.76 10.00 9.69 311445
20141229 9.75 9.57 9.97 9.47 367142
20141230 9.55 9.30 9.69 9.24 237512
20141231 9.31 9.38 9.40 9.15 188016
20150105 9.34 9.49 9.57 9.19 212931
20150106 9.47 9.65 9.66 9.29 189308
20150107 9.63 9.50 9.68 9.46 148792
20150108 9.51 9.46 9.58 9.34 134168
20150109 9.45 9.37 9.67 9.35 173614
20150112 9.32 9.09 9.38 9.05 148471
20150113 9.15 9.22 9.28 9.13 82378
20150114 9.16 9.09 9.23 9.03 99512
20150115 9.09 9.15 9.16 9.03 103006
20150116 9.17 9.23 9.24 9.10 142361
20150119 8.92 8.86 9.11 8.72 191018
20150120 8.88 9.04 9.05 8.88 131144
20150121 9.05 9.19 9.22 8.99 169004
20150122 9.20 9.29 9.34 9.14 163775
20150123 9.31 9.33 9.52 9.21 188379
20150126 9.39 9.79 9.85 9.33 373218
20150127 9.79 9.66 9.89 9.51 249352
20150128 9.66 9.62 9.80 9.56 173481
20150129 9.50 10.04 10.08 9.42 358365
20150130 10.00 9.79 10.23 9.76 295086
20150202 9.83 10.16 10.28 9.65 365753
20150203 10.26 10.28 10.48 10.09 404325
20150204 10.29 10.04 10.48 10.02 338117
20150205 10.09 10.12 10.23 9.92 274823
20150206 10.03 9.80 10.29 9.66 253787
20150209 9.70 10.20 10.24 9.70 291716
20150210 10.20 10.19 10.27 10.02 207653
20150211 10.21 10.30 10.31 10.04 191923
20150212 10.30 10.20 10.55 10.19 256261
20150213 10.25 10.38 10.49 10.21 246876
20150216 10.49 10.89 11.07 10.45 374504
20150217 10.94 11.04 11.19 10.79 289691
20150225 11.14 10.80 11.15 10.72 190847
20150226 10.81 10.85 10.95 10.64 149723
20150227 10.86 10.75 10.88 10.70 131123
20150302 10.77 10.81 10.94 10.71 200865
20150303 10.83 10.93 11.09 10.81 249785
20150304 11.00 11.40 11.49 10.98 291012
20150305 11.51 11.74 11.84 11.30 357528
20150306 11.89 12.17 12.33 11.40 465050
20150309 12.34 13.08 13.39 12.17 550126
20150310 12.80 12.89 13.12 12.71 281422
20150311 12.89 12.99 13.08 12.55 234475
20150327 13.19 12.72 14.28 12.45 1024763
20150330 12.55 12.35 12.56 12.12 505964
20150331 12.32 12.25 12.33 12.15 381267
20150401 12.30 12.47 12.55 12.26 330993
20150402 12.51 12.44 12.58 12.25 341842
20150403 12.35 12.44 12.54 12.25 310367
20150407 12.50 12.89 12.93 12.43 517303
20150408 12.89 13.31 13.36 12.41 628681
20150409 13.54 13.90 14.50 13.53 717242
20150410 13.60 13.89 14.04 13.60 366089
20150413 13.92 13.91 14.29 13.80 317279
20150414 13.99 13.90 14.21 13.78 381723
20150415 13.88 13.05 13.88 13.01 316066
20150416 12.89 13.00 13.28 12.40 251452
20150417 13.05 13.14 13.29 13.04 257393
20150420 13.10 12.58 13.10 12.54 309428
20150421 12.50 12.92 12.96 12.50 219516
20150422 12.94 13.28 13.33 12.94 311497
20150423 13.25 13.39 13.68 13.21 340458
20150424 13.15 13.84 13.94 13.03 499577
20150427 14.05 13.74 14.24 13.58 414440
20150428 13.78 13.17 13.89 13.02 300046
20150429 13.04 13.27 13.44 13.00 215209
20150430 13.40 13.37 13.59 13.26 252340
20150504 13.37 13.17 13.38 12.98 210667
20150505 13.17 13.05 13.28 12.90 194024
20150506 13.16 12.84 13.26 12.50 183863
20150507 12.60 12.61 13.21 12.50 109682
20150508 13.09 13.17 13.35 12.80 215644
20150511 13.29 13.95 13.97 13.13 408908
20150512 13.98 13.86 14.11 13.70 386867
20150513 13.98 14.49 14.98 13.89 516037
20150514 14.38 14.20 14.55 14.06 286107
20150515 14.29 13.82 14.34 13.58 279089
20150518 13.75 13.91 14.25 13.68 283751
20150519 14.00 14.64 14.65 13.85 398897
20150520 14.67 14.55 15.06 14.45 446435
20150521 14.53 14.99 15.00 14.50 364113
20150522 15.25 16.49 16.49 14.61 640553
20150525 16.56 16.70 16.98 15.80 605442
20150526 16.70 16.87 17.58 16.65 531817
20150527 16.88 17.14 17.29 16.40 448413
20150528 17.05 15.43 17.21 15.43 531699
20150529 15.25 15.09 15.60 14.52 373788
20150601 15.25 15.87 15.89 15.09 290620
20150602 16.06 16.69 16.75 15.87 381870
20150603 16.81 16.34 16.95 15.98 325040
20150604 16.32 15.89 16.32 14.80 319212
20150605 16.03 16.20 16.48 15.68 338502
20150608 16.48 16.99 17.16 16.39 556145
20150609 17.35 17.20 18.36 17.11 655210
20150610 17.27 17.41 17.93 16.72 431172
20150611 17.61 18.52 18.85 17.31 529290
20150612 19.00 18.42 19.18 18.36 506299
20150615 18.43 17.46 18.48 17.29 408819
20150616 17.25 16.71 17.34 16.39 322299
20150617 16.51 17.16 17.27 16.00 271885
20150618 17.16 16.65 17.55 16.53 262272
20150619 16.01 14.99 16.50 14.99 238845
20150623 15.05 15.19 15.45 13.70 237697
20150624 15.48 15.45 15.60 14.90 295291
20150625 15.55 14.49 15.60 14.13 263239
20150626 14.01 13.04 14.08 13.04 264067
20150629 13.35 11.76 13.48 11.74 339214
20150630 12.00 12.94 12.94 11.55 375795
20150701 13.21 12.89 13.93 12.60 430269
20150702 13.00 11.94 13.40 11.65 326776
20150703 11.49 10.75 12.42 10.75 320604
20150706 11.83 10.15 11.83 9.68 500328
20150707 9.60 9.14 9.74 9.14 243734
20150715 10.05 10.05 10.05 10.05 108059
20150716 9.05 10.37 10.94 9.05 603400
20150717 10.30 11.08 11.27 10.17 450697
20150720 11.15 11.45 11.58 10.79 485598
20150721 11.55 12.28 12.48 11.25 647366
20150722 12.35 12.29 12.69 11.60 590552
20150723 12.35 12.71 12.80 12.25 501659
20150724 12.77 12.19 12.80 11.98 474759
20150727 11.90 10.97 12.34 10.97 393151
20150728 10.30 10.69 11.28 9.91 402196
20150729 10.99 11.31 11.33 10.47 256630
20150730 11.15 10.77 11.43 10.71 306635
