20140929 2.60 3.12 3.12 2.60 3973
20140930 3.43 3.43 3.43 3.43 1822
20141008 3.77 3.77 3.77 3.77 1422
20141009 4.15 4.15 4.15 4.15 2031
20141010 4.57 4.57 4.57 4.57 6223
20141013 5.03 5.03 5.03 5.03 10689
20141014 5.53 5.53 5.53 5.53 12913
20141015 6.08 6.08 6.08 6.08 12229
20141016 6.69 6.69 6.69 6.69 19043
20141017 7.36 7.36 7.36 7.36 60720
20141020 7.95 8.10 8.10 7.60 944849
20141021 8.07 8.71 8.88 7.82 1184739
20141022 8.32 8.52 8.79 8.29 668947
20141023 8.41 8.82 9.27 8.37 744655
20141024 8.65 8.57 8.87 8.42 453454
20141027 8.56 8.01 8.56 7.83 344022
20141028 8.02 8.19 8.36 8.02 311778
20141029 8.29 9.01 9.01 8.20 511972
20141030 9.01 8.90 9.35 8.80 702305
20141031 8.66 8.93 9.14 8.60 406774
20141103 8.89 8.98 9.18 8.71 369537
20141104 8.98 8.73 8.98 8.68 323494
20141105 8.77 9.09 9.59 8.51 574656
20141106 8.90 10.00 10.00 8.87 674598
20141107 10.59 11.00 11.00 10.59 261688
20141110 12.10 12.10 12.10 11.51 789240
20141111 12.70 13.31 13.31 12.55 569888
20141112 13.75 13.75 14.56 11.98 1017417
20141113 12.85 12.82 14.10 12.50 645434
20141114 12.29 11.56 12.52 11.54 487503
20141117 11.39 11.99 12.30 10.89 388349
20141118 11.90 11.77 11.90 11.41 235635
20141119 11.63 11.62 11.88 11.39 212462
20141120 11.38 12.43 12.67 11.38 427717
20141121 12.20 13.14 13.60 12.09 525389
20141124 13.13 13.25 13.75 12.99 475666
20141125 12.87 12.95 13.18 12.65 324040
20141126 12.88 13.31 13.60 12.72 375461
20141127 13.27 13.06 13.42 12.87 266151
20141128 13.06 12.98 13.14 12.70 227321
20141201 12.81 12.85 13.10 12.67 174881
20141202 12.70 13.44 13.85 12.61 493951
20141203 13.35 13.17 13.55 12.90 308916
20141204 13.00 13.03 13.10 12.91 221785
20141205 12.92 12.40 12.99 12.13 243230
20141208 12.32 12.32 12.64 11.68 247377
20141209 12.20 11.48 12.20 11.47 213670
20141210 11.22 11.72 11.83 11.13 109422
20141211 11.90 12.37 12.47 11.72 200114
20141212 12.21 12.14 12.35 12.01 111959
20141215 12.11 11.99 12.11 11.81 98265
20141216 11.89 12.00 12.11 11.86 86868
20141217 11.99 11.69 11.99 11.58 110847
20141218 11.60 11.57 11.91 11.46 77987
20141219 11.54 11.11 11.54 11.01 119648
20141222 11.05 10.19 11.05 10.00 123037
20141223 10.13 10.30 10.68 9.68 83643
20141224 10.31 10.64 10.68 10.26 72240
20141225 10.72 10.62 10.80 10.43 68310
20141226 10.62 10.62 10.64 10.45 66774
20141229 11.35 10.59 11.51 10.52 101125
20141230 10.49 10.19 10.58 10.18 50178
20141231 10.19 10.25 10.34 10.00 43365
20150105 10.27 10.62 10.79 10.10 81525
20150106 10.59 10.69 10.75 10.31 97706
20150107 10.55 10.60 10.70 10.49 70768
20150108 10.55 11.66 11.66 10.43 382650
20150109 11.75 11.29 11.80 11.11 350758
20150112 10.83 10.42 10.83 10.19 158515
20150113 10.34 10.35 10.53 10.20 79750
20150114 10.29 10.29 10.45 10.23 57601
20150115 10.28 10.33 10.38 10.18 60388
20150116 10.32 10.51 10.63 10.30 81244
20150119 10.40 10.50 10.99 10.02 123975
20150120 10.46 10.98 11.25 10.41 152513
20150121 10.98 11.09 11.25 10.89 153288
20150122 11.11 11.08 11.11 10.91 99128
20150123 11.06 10.90 11.08 10.87 83046
20150126 10.95 10.99 11.07 10.90 61094
20150127 11.05 10.88 11.11 10.80 73996
20150128 10.88 10.79 10.88 10.74 47420
20150129 10.74 10.62 10.79 10.61 45158
20150130 10.59 10.46 10.70 10.45 43760
20150202 10.38 10.34 10.43 10.25 33466
20150203 10.38 10.54 10.54 10.37 29273
20150204 10.55 10.39 10.62 10.37 31746
20150205 10.50 10.31 10.51 10.30 33971
20150206 10.30 10.12 10.30 10.10 39721
20150209 10.11 10.03 10.12 10.02 25959
20150210 9.98 10.08 10.11 9.98 29061
20150211 10.08 10.06 10.15 10.02 24084
20150212 10.09 10.66 10.80 10.05 101484
20150213 10.65 10.54 10.74 10.45 72246
20150216 10.54 10.53 10.57 10.42 39614
20150217 10.50 10.55 10.61 10.49 33621
20150225 10.59 10.53 10.59 10.46 30575
20150226 10.49 10.56 10.58 10.43 39601
20150227 10.56 10.70 10.84 10.50 71138
20150311 11.77 11.77 11.77 11.77 42878
20150312 12.95 12.02 12.95 11.94 429180
20150313 11.56 11.80 12.02 11.40 161763
20150316 11.80 11.90 12.05 11.51 184885
20150317 11.95 11.90 12.00 11.80 150186
20150318 11.90 11.95 11.96 11.80 146342
20150319 12.00 12.52 12.94 12.00 303758
20150320 12.55 12.45 12.67 12.35 170703
20150323 12.48 12.49 12.55 12.28 153259
20150324 12.48 12.22 12.48 11.98 153998
20150325 12.22 12.65 12.78 12.01 251240
20150326 12.63 12.43 12.63 12.31 148012
20150327 12.38 12.44 12.50 12.37 92537
20150330 12.58 12.63 12.67 12.39 188090
20150331 12.65 12.79 12.88 12.61 202958
20150401 12.60 12.64 12.88 12.47 209436
20150402 12.66 13.44 13.59 12.56 373892
20150403 13.26 14.78 14.78 13.17 427430
20150407 15.52 14.81 15.68 14.66 462506
20150408 14.92 15.02 15.25 14.58 281448
20150409 14.95 14.23 14.95 13.58 190933
20150410 14.25 14.57 15.21 14.25 182948
20150413 14.70 14.60 14.78 14.40 141610
20150414 14.60 14.60 14.92 14.38 239645
20150415 14.40 14.20 14.86 14.16 196904
20150416 14.01 14.97 15.35 13.36 330214
20150417 15.01 14.86 15.07 14.76 244678
20150420 14.69 15.50 15.56 14.42 365740
20150421 15.58 15.99 16.27 15.36 285121
20150422 15.80 16.14 16.96 15.68 246628
20150423 15.96 15.70 16.25 15.60 187207
20150424 15.48 16.48 16.50 15.25 196583
20150427 16.48 16.27 16.75 16.13 150596
20150428 16.20 15.41 16.20 15.28 139387
20150429 15.06 15.85 15.90 15.06 78083
20150430 15.83 16.28 16.45 15.70 148388
20150504 16.36 16.69 16.85 16.06 148066
20150505 16.69 16.13 16.70 15.65 148426
20150506 16.08 16.21 16.69 15.70 128426
20150507 16.10 16.28 16.35 15.12 91581
20150508 16.33 17.79 17.91 16.19 220534
20150511 17.89 18.04 18.39 17.45 195591
20150512 17.86 18.18 18.43 17.72 142392
20150513 18.08 18.50 18.57 17.79 116736
20150514 18.55 18.46 18.96 18.10 112697
20150515 18.40 18.30 18.49 17.39 102585
20150518 18.20 18.68 18.88 17.86 107359
20150519 18.65 18.38 18.65 18.08 87437
20150520 18.39 19.13 19.44 18.15 157220
20150521 19.15 20.18 20.20 18.81 135943
20150522 20.18 21.13 21.60 19.88 134422
20150525 21.15 23.24 23.24 20.83 159087
20150526 23.81 25.56 25.56 23.80 162091
20150527 26.18 28.12 28.12 26.00 311202
20150528 29.77 30.16 30.93 28.51 408633
20150529 28.03 28.97 30.19 27.10 261500
20150601 28.50 29.52 30.09 26.96 196609
20150602 29.90 29.32 31.76 28.20 217850
20150603 29.20 30.26 30.50 26.92 194908
20150604 30.00 31.99 32.90 28.50 232089
20150605 32.51 31.92 33.05 30.40 179270
20150608 31.84 31.00 31.84 29.70 124689
20150609 31.18 30.45 31.18 30.13 64730
20150610 30.15 30.41 30.50 28.50 99689
20150611 30.48 29.73 30.48 29.00 84788
20150612 29.39 30.34 30.90 28.77 129597
20150615 30.05 29.17 30.05 28.92 57815
20150616 28.09 29.73 30.03 27.51 101059
20150617 29.50 30.06 30.45 28.50 76085
20150618 30.19 30.31 30.97 29.35 104776
20150619 30.17 30.37 30.50 28.50 100255
20150623 30.15 30.98 31.08 29.02 138581
20150624 31.22 33.06 33.99 31.22 338143
20150625 32.90 30.78 32.90 29.75 234844
20150626 28.50 33.77 33.86 27.70 161856
20150629 33.75 30.39 33.75 30.39 316461
20150630 27.35 28.86 30.45 27.35 267850
20150701 27.90 27.14 29.55 25.97 254227
20150702 27.14 24.43 27.98 24.43 141778
20150703 21.99 21.99 22.80 21.99 113779
20150706 23.60 21.43 23.60 19.79 282901
20150707 19.80 19.29 20.00 19.29 110288
20150708 17.36 17.36 17.37 17.36 158745
20150713 19.10 19.10 19.10 19.10 31391
20150714 21.01 21.01 21.01 21.01 5920
20150715 23.11 21.03 23.11 19.50 264157
20150716 19.77 21.66 21.99 19.13 168587
20150717 21.87 23.46 23.80 21.30 169932
20150720 23.18 23.23 24.50 22.72 148324
20150721 22.90 23.46 23.89 22.20 123336
20150722 23.45 23.46 23.89 22.50 107472
20150723 23.12 23.98 24.22 22.00 163366
20150724 23.75 23.82 25.00 23.48 146909
20150727 23.10 22.04 23.99 21.50 187860
20150728 21.00 22.25 22.80 19.84 148795
20150729 22.50 23.57 23.78 21.80 76918
20150730 23.81 22.14 23.90 21.91 198681
