20140102 7.86 7.93 7.97 7.82 14935
20140103 7.93 7.83 7.93 7.75 12518
20140106 7.78 7.49 7.78 7.44 17148
20140107 7.49 7.56 7.60 7.40 10426
20140108 7.66 7.47 7.66 7.45 9574
20140109 7.43 7.50 7.60 7.41 17327
20140110 7.45 7.50 7.55 7.38 23014
20140113 7.55 7.49 7.57 7.39 22272
20140114 7.46 7.53 7.55 7.46 10706
20140115 7.53 7.63 7.68 7.50 28504
20140116 7.58 7.76 7.81 7.58 30787
20140117 7.71 7.68 7.76 7.62 9957
20140120 7.62 7.65 7.74 7.57 10306
20140121 7.63 7.69 7.75 7.63 10746
20140122 7.68 7.78 7.82 7.68 20336
20140123 7.79 7.80 7.83 7.72 16166
20140124 7.79 7.90 7.93 7.74 19510
20140127 7.86 7.75 7.90 7.74 15864
20140128 7.78 7.76 7.81 7.60 16517
20140129 7.72 7.73 7.77 7.65 13393
20140130 7.73 7.67 7.79 7.61 14229
20140207 7.67 7.93 7.93 7.67 30294
20140210 7.95 8.13 8.16 7.93 35324
20140211 8.15 8.15 8.22 8.11 30148
20140212 8.20 8.28 8.33 8.14 40819
20140213 8.28 8.19 8.36 8.16 33488
20140214 8.19 8.28 8.29 8.12 26820
20140217 8.34 8.44 8.55 8.28 43464
20140218 8.40 8.49 8.52 8.36 35619
20140219 8.42 8.54 8.60 8.42 41873
20140220 8.53 8.32 8.67 8.30 43940
20140221 8.32 8.27 8.47 8.11 29745
20140224 8.23 8.48 8.48 8.14 31259
20140225 8.47 8.73 9.25 8.47 155732
20140226 8.60 8.92 8.94 8.50 103364
20140227 8.89 8.75 9.00 8.67 62400
20140228 8.66 8.56 8.73 8.33 45388
20140303 8.59 9.00 9.02 8.51 79934
20140304 8.92 8.84 8.95 8.71 55007
20140305 8.84 8.68 8.95 8.62 46897
20140306 8.69 8.74 8.84 8.56 44615
20140307 8.72 8.56 8.80 8.48 54140
20140310 8.50 8.14 8.58 8.12 36715
20140311 8.14 8.19 8.27 8.10 28029
20140312 8.19 8.14 8.27 8.02 22150
20140313 8.13 8.23 8.25 8.11 20229
20140314 8.18 8.16 8.23 8.09 16199
20140317 8.00 8.13 8.14 7.75 49314
20140318 8.10 8.19 8.23 8.06 29495
20140319 8.16 8.21 8.23 8.06 21374
20140320 8.19 8.06 8.34 8.06 25236
20140321 8.01 8.22 8.24 7.89 21286
20140324 8.23 8.30 8.36 8.20 22827
20140325 8.26 8.41 8.50 8.26 36228
20140326 8.42 8.49 8.58 8.38 34777
20140327 8.49 8.48 8.56 8.43 25425
20140328 8.48 8.26 8.56 8.22 26906
20140331 8.28 8.19 8.36 8.12 14646
20140401 8.16 8.40 8.40 8.16 14238
20140402 8.44 8.35 8.44 8.25 15376
20140403 8.32 8.23 8.38 8.20 11725
20140404 8.23 8.36 8.41 8.22 13512
20140408 8.29 8.45 8.51 8.26 34204
20140409 8.43 8.51 8.52 8.41 32475
20140410 8.51 8.51 8.53 8.42 29004
20140411 8.50 8.41 8.50 8.37 21422
20140414 8.45 8.53 8.57 8.41 24502
20140415 8.50 8.46 8.53 8.43 18809
20140416 8.46 8.50 8.52 8.42 20460
20140417 8.50 8.44 8.55 8.38 24825
20140418 8.40 8.35 8.42 8.30 26427
20140421 8.30 8.09 8.34 8.08 26451
20140422 8.09 8.12 8.14 7.98 19707
20140423 8.18 8.13 8.28 8.08 12527
20140424 8.14 7.96 8.14 7.95 13091
20140425 7.96 7.79 8.05 7.77 18578
20140428 7.79 7.56 7.79 7.54 13607
20140429 7.55 7.65 7.74 7.51 8282
20140430 7.65 7.76 7.78 7.65 8533
20140505 7.74 7.80 7.82 7.66 7398
20140506 7.74 7.80 7.85 7.74 8504
20140507 7.79 7.60 7.79 7.44 13447
20140508 7.60 7.66 7.72 7.60 8269
20140509 7.67 7.71 7.75 7.65 10828
20140512 7.80 7.86 7.88 7.70 12983
20140513 7.84 7.82 7.88 7.78 9962
20140514 7.80 7.84 7.95 7.80 6036
20140515 7.84 7.68 7.89 7.65 7843
20140516 7.66 7.63 7.68 7.52 9629
20140519 7.62 7.57 7.62 7.48 9076
20140520 7.61 7.58 7.65 7.56 7209
20140521 7.57 7.62 7.63 7.51 6484
20140522 7.58 7.59 7.70 7.56 10693
20140523 7.61 7.65 7.66 7.58 6233
20140526 7.65 7.75 7.76 7.65 10308
20140527 7.73 7.75 7.80 7.71 10023
20140528 7.73 7.79 7.81 7.67 13357
20140529 7.76 7.65 7.84 7.62 13469
20140530 7.68 7.73 7.76 7.61 11698
20140603 7.73 7.75 7.79 7.66 11414
20140604 7.73 7.61 7.73 7.59 7544
20140605 7.61 7.69 7.70 7.59 4837
20140606 7.71 7.69 7.73 7.62 8510
20140609 7.69 7.68 7.71 7.64 5971
20140610 7.68 7.72 7.73 7.59 13973
20140611 7.70 7.78 7.79 7.69 13644
20140612 7.78 7.75 7.80 7.71 8629
20140613 7.73 7.81 7.84 7.72 14722
20140616 7.77 7.86 7.87 7.77 14057
20140617 7.81 7.76 7.85 7.74 7846
20140618 7.73 8.00 8.01 7.68 50517
20140619 8.21 8.07 8.52 8.04 129539
20140620 7.89 7.98 8.14 7.81 54844
20140623 7.80 7.74 7.90 7.65 39390
20140624 7.74 7.74 7.82 7.70 24347
20140625 7.71 7.67 7.75 7.65 22232
20140626 7.65 7.81 7.85 7.65 25350
20140627 7.80 7.87 7.92 7.79 28798
20140630 7.93 7.88 7.97 7.85 26212
20140701 7.88 7.94 7.95 7.81 24081
20140702 7.92 8.04 8.05 7.89 37868
20140703 8.05 8.11 8.16 7.98 34360
20140704 8.08 8.03 8.13 8.00 24113
20140707 8.05 8.16 8.23 8.01 32763
20140708 8.17 8.13 8.17 8.05 24702
20140709 8.10 7.98 8.19 7.95 27537
20140710 7.95 7.99 8.05 7.95 17605
20140711 7.97 8.15 8.16 7.97 25453
20140714 8.14 8.24 8.25 8.11 26902
20140715 8.24 8.23 8.29 8.16 32364
20140716 8.21 8.23 8.30 8.15 25789
20140717 8.23 8.11 8.25 8.05 20461
20140718 8.07 8.14 8.21 8.05 15543
20140721 8.14 8.04 8.15 8.01 14107
20140722 8.02 8.15 8.16 8.02 14532
20140723 8.13 8.01 8.15 7.99 19584
20140724 8.01 8.03 8.08 7.96 18101
20140725 8.04 8.19 8.20 8.00 18638
20140728 8.19 8.31 8.34 8.19 41311
20140729 8.31 8.29 8.35 8.25 29465
20140730 8.30 8.35 8.38 8.22 29997
20140731 8.36 8.48 8.56 8.31 49337
20140801 8.46 8.37 8.60 8.36 50190
20140804 8.38 8.56 8.57 8.30 42718
20140805 8.52 8.49 8.57 8.44 20827
20140806 8.51 8.54 8.54 8.43 27108
20140807 8.50 8.43 8.54 8.38 26230
20140808 8.39 8.46 8.49 8.39 16648
20140811 8.44 8.61 8.62 8.44 28177
20140812 8.57 8.68 8.69 8.57 27100
20140813 8.63 8.65 8.73 8.54 30973
20140814 8.65 8.61 8.74 8.56 25216
20140815 8.61 8.74 8.78 8.56 26933
20140818 8.72 8.86 8.90 8.68 40909
20140819 8.86 8.82 8.93 8.74 35113
20140820 8.79 8.76 8.87 8.74 25290
20140821 8.87 8.93 9.10 8.82 68485
20140822 8.91 8.98 9.03 8.79 38536
20140825 8.96 9.28 9.44 8.91 113672
20140826 9.28 8.79 9.30 8.70 84426
20140827 8.77 8.85 8.94 8.72 38627
20140828 8.85 8.72 8.87 8.65 31940
20140829 8.69 8.92 8.92 8.68 27993
20140901 8.90 9.07 9.17 8.88 59702
20140902 9.08 9.17 9.22 9.03 42114
20140903 9.17 9.20 9.29 9.12 38847
20140904 9.30 9.25 9.33 9.13 35369
20140905 9.25 9.19 9.26 9.09 40429
20140909 9.19 9.48 9.49 9.19 63572
20140910 9.43 9.99 10.20 9.37 147417
20140911 9.99 10.02 10.25 9.92 115193
20140912 10.03 10.02 10.19 9.81 53011
20140915 10.00 10.24 10.29 9.87 87973
20140916 10.23 9.77 10.27 9.76 79741
20140917 9.80 9.88 9.92 9.66 43725
20140918 9.92 9.98 10.04 9.82 28550
20140919 9.96 10.02 10.14 9.94 32098
20140922 10.03 9.96 10.09 9.86 33797
20140923 9.95 10.01 10.03 9.84 24187
20140924 9.99 10.20 10.25 9.99 50010
20140925 10.22 10.07 10.30 10.01 52618
20140926 10.01 9.94 10.09 9.87 42665
20140929 9.98 10.00 10.05 9.90 47543
20140930 10.02 10.29 10.40 10.00 71535
20141008 10.39 10.73 10.87 10.33 89151
20141009 10.73 10.68 10.75 10.49 54156
20141010 10.60 10.58 10.62 10.46 32183
20141013 10.53 10.62 10.69 10.37 40463
20141014 10.59 10.50 10.72 10.38 44016
20141015 10.55 10.65 10.82 10.41 63659
20141016 10.56 10.54 10.79 10.40 54514
20141017 10.53 10.15 10.58 10.00 56918
20141020 10.15 10.20 10.28 10.14 27972
20141021 10.18 10.15 10.30 10.13 26280
20141022 10.18 9.88 10.20 9.87 39329
20141023 9.88 9.56 9.90 9.53 38588
20141024 9.56 9.66 9.72 9.50 24093
20141027 9.67 10.06 10.15 9.63 53953
20141028 10.05 10.23 10.25 10.00 33188
20141029 10.25 10.36 10.46 10.21 49861
20141030 10.33 10.33 10.55 10.30 45996
20141031 10.37 10.33 10.40 10.15 39481
20141103 10.33 10.50 10.50 10.31 40223
20141104 10.48 10.67 10.75 10.42 61884
20141105 10.67 10.44 10.69 10.42 35863
20141106 10.43 10.54 10.64 10.40 30387
20141107 10.56 10.56 10.86 10.48 74894
20141110 10.65 10.65 10.71 10.44 53387
20141111 10.76 10.27 10.84 10.10 84173
20141112 10.18 10.54 10.56 10.09 52621
20141113 10.55 10.77 10.86 10.53 86884
20141114 10.60 10.52 10.75 10.45 38927
20141117 10.63 10.58 10.80 10.41 38781
20141118 10.60 11.02 11.08 10.59 92083
20141119 11.00 10.98 11.19 10.82 73969
20141120 11.00 10.95 11.07 10.90 35408
20141121 10.95 11.38 11.47 10.93 81442
20141124 11.53 11.38 11.77 11.35 94628
20141125 11.40 11.55 11.67 11.37 58134
20141126 11.55 11.66 11.95 11.46 76712
20141127 11.69 12.12 12.20 11.61 104214
20141128 12.04 12.04 12.30 11.77 89872
20141201 12.04 12.40 12.75 12.01 113972
20141202 12.35 12.71 12.71 12.35 78480
20141203 12.72 12.21 12.79 12.15 133865
20141204 12.21 12.47 12.50 12.13 104681
20141205 12.43 12.01 12.50 11.72 109754
20141208 11.90 13.18 13.21 11.79 199599
20141209 13.00 11.97 13.47 11.86 147748
20141210 11.99 12.28 12.51 11.99 81204
20141211 12.20 12.38 12.55 12.13 60852
20141212 12.38 12.66 12.85 12.38 53781
20141215 12.66 13.71 13.77 12.55 103981
20141216 13.66 13.97 14.20 13.53 98590
20141217 13.96 13.67 13.96 13.36 96098
20141218 13.50 13.45 13.63 13.20 47009
20141219 13.37 13.36 13.66 13.11 59142
20141222 13.29 12.24 13.29 12.15 67682
20141223 12.23 12.03 12.57 11.93 33920
20141224 12.17 12.09 12.28 11.96 40472
20141225 12.23 12.48 12.51 12.10 33607
20141226 12.58 12.95 13.05 12.46 46939
20141229 13.05 12.40 13.05 12.35 58490
20141230 12.41 11.95 12.56 11.50 50617
20141231 11.79 11.98 12.18 11.75 29920
20150105 12.12 12.02 12.13 11.76 48734
20150106 11.93 12.00 12.08 11.80 45003
20150107 12.04 12.09 12.15 11.90 46782
20150108 12.18 12.09 12.39 12.05 51009
20150109 12.05 11.85 12.14 11.84 40549
20150112 12.00 11.90 12.12 11.81 26998
20150113 11.89 11.92 11.95 11.80 17575
20150114 11.96 12.13 12.20 11.85 28171
20150115 12.13 12.29 12.36 12.06 33186
20150116 12.24 12.22 12.37 12.10 28388
20150119 11.86 12.07 12.15 11.66 59663
20150120 12.10 12.90 13.22 12.09 72790
20150121 12.92 13.11 13.15 12.82 58864
20150122 13.11 13.02 13.15 12.89 38372
20150123 12.98 13.35 13.49 12.94 63927
20150126 13.50 13.54 13.58 13.21 44167
20150127 13.45 13.15 13.49 12.99 44716
20150128 13.18 13.00 13.25 12.94 33793
20150129 12.96 12.70 13.09 12.68 30941
20150130 12.81 12.63 12.86 12.60 24592
20150202 12.41 12.62 12.74 12.36 20924
20150203 12.55 12.88 12.90 12.55 23824
20150204 12.83 12.65 12.89 12.65 18144
20150205 12.73 12.72 12.94 12.60 26868
20150206 12.74 12.59 12.85 12.52 18053
20150209 12.59 12.35 12.60 12.33 16940
20150210 12.35 12.42 12.50 12.32 18041
20150211 12.45 12.89 12.90 12.45 25396
20150212 12.80 12.94 13.09 12.77 23684
20150213 13.04 13.15 13.32 12.98 36593
20150216 13.15 13.24 13.37 13.15 32200
20150217 13.24 13.25 13.36 13.13 32173
20150225 13.25 13.25 13.35 13.14 29842
20150226 13.28 13.61 13.69 13.28 54977
20150227 13.60 13.49 13.72 13.42 34900
20150302 13.50 13.63 13.71 13.40 44689
20150303 13.58 14.89 14.97 13.48 118659
20150304 14.74 15.49 15.71 14.65 95949
20150305 15.39 15.07 15.45 14.96 58240
20150306 15.06 14.69 15.48 14.59 42511
20150309 14.69 14.92 15.05 14.30 47189
20150310 14.99 15.80 15.91 14.93 62349
20150311 15.95 15.36 15.99 15.35 51022
20150312 15.36 15.15 15.68 15.01 36008
20150313 15.20 15.58 15.85 15.20 37196
20150316 15.71 15.75 15.99 15.60 58151
20150317 15.73 15.69 15.88 15.50 47727
20150318 15.66 16.26 16.43 15.60 66074
20150319 16.50 16.11 16.55 15.92 54737
20150320 16.31 16.08 16.38 16.01 55656
20150323 16.20 16.21 16.39 16.10 50162
20150324 16.28 16.18 16.86 15.80 76641
20150325 16.10 15.73 16.10 15.38 128902
20150326 15.60 15.57 15.92 15.42 63432
20150327 15.57 15.72 15.82 15.00 59662
20150330 15.71 15.67 15.80 15.50 54853
20150331 15.67 16.26 16.38 15.51 101853
20150401 16.33 17.89 17.89 16.31 86863
20150402 18.53 19.14 19.68 18.13 189079
20150403 18.79 19.19 19.30 18.61 78502
20150407 19.22 19.28 19.86 19.13 96257
20150408 19.28 19.01 19.49 18.73 89806
20150409 19.01 18.90 19.66 18.60 73833
20150410 18.66 19.28 19.41 18.51 85725
20150413 19.30 20.45 21.15 19.15 101248
20150414 20.60 20.03 20.80 19.80 64015
20150415 19.80 19.40 20.33 19.02 73982
20150416 19.36 19.43 19.80 18.83 40618
20150417 19.44 19.62 20.13 19.44 49999
20150420 19.45 20.77 21.42 19.31 136419
20150421 21.08 22.85 22.85 21.05 210230
20150422 22.30 22.45 22.64 21.93 172572
20150423 22.35 24.22 24.65 22.23 186374
20150424 23.60 25.53 25.99 23.19 136192
20150427 25.51 24.62 25.51 24.39 98861
20150428 24.22 22.32 24.50 22.26 142412
20150429 22.15 23.02 23.45 22.01 81558
20150430 23.10 22.86 23.68 22.81 66922
20150504 22.86 22.39 23.11 22.23 60325
20150505 22.60 21.17 22.88 21.00 67820
20150506 21.44 21.02 22.00 20.60 63092
20150507 20.91 21.17 21.40 20.60 59391
20150508 21.10 22.41 22.50 21.10 73385
20150511 22.66 23.59 23.85 22.41 106659
20150512 23.65 23.68 24.10 23.11 91129
20150513 23.50 24.89 25.45 23.31 134128
20150514 24.86 24.15 25.23 24.10 72791
20150515 24.14 23.61 24.14 23.10 57565
20150518 22.86 25.36 25.50 22.86 92558
20150519 25.21 25.85 25.87 24.70 72952
20150520 25.84 26.05 27.84 25.61 78149
20150521 26.36 28.00 28.08 26.36 106897
20150522 30.50 28.82 30.79 28.40 197147
20150525 28.68 29.24 30.00 27.80 131295
20150526 29.43 32.16 32.16 28.90 172755
20150527 32.09 31.33 33.30 31.15 126248
20150528 31.17 30.19 31.30 30.10 145859
20150529 29.50 30.24 30.99 28.10 90917
20150601 31.46 31.69 32.00 30.21 88610
20150602 31.50 34.00 34.50 31.27 112972
20150603 33.80 35.05 35.20 33.11 91544
20150604 36.70 38.56 38.56 35.35 169453
20150605 39.00 38.02 39.88 36.94 102555
20150608 38.80 41.18 41.82 38.03 138841
20150609 41.20 40.59 42.98 39.52 78630
20150610 40.00 40.42 42.10 39.30 73607
20150611 40.38 40.24 40.38 38.91 78790
20150612 40.25 40.33 42.00 39.11 67125
20150615 40.36 43.74 44.33 40.36 98992
20150616 42.83 39.37 43.00 39.37 103467
20150617 38.80 37.69 38.80 35.43 119812
20150618 37.77 36.29 38.60 36.08 64841
20150619 35.90 32.66 35.90 32.66 59753
20150623 32.58 32.02 33.69 29.39 94692
20150624 33.00 35.22 35.22 32.40 100802
20150625 35.39 32.38 36.60 31.70 92140
20150626 32.99 32.62 34.25 29.14 182455
20150629 34.30 29.82 34.34 29.36 220551
20150630 28.00 32.43 32.80 26.84 148611
20150701 32.43 30.41 34.72 29.33 123363
20150702 31.20 27.95 31.68 27.37 117636
20150703 26.60 25.35 29.79 25.16 127345
20150706 27.89 22.82 27.89 22.82 153448
20150713 25.10 25.10 25.10 25.10 6716
20150714 27.61 27.61 27.61 27.61 4511
20150715 30.37 24.89 30.37 24.88 249509
20150716 23.30 25.36 26.54 23.11 86900
20150717 25.49 27.57 27.88 25.18 95925
20150720 27.88 27.45 28.93 26.50 105193
20150721 26.95 28.78 29.50 26.41 101878
20150722 28.73 29.40 29.98 28.00 89344
20150723 29.45 32.34 32.34 29.45 146239
20150724 33.20 31.44 34.34 30.41 140061
20150727 30.40 28.30 31.55 28.30 107701
20150728 25.47 25.51 28.49 25.47 140295
20150729 26.30 26.81 26.99 23.36 132058
20150730 26.08 25.23 27.20 24.90 117467
