20140102 4.27 4.31 4.35 4.23 27215
20140103 4.31 4.21 4.34 4.19 22511
20140106 4.21 4.06 4.21 4.04 20794
20140107 4.06 4.01 4.06 3.97 34851
20140108 4.04 3.97 4.06 3.94 13314
20140109 3.94 3.87 3.97 3.85 20612
20140110 3.82 3.79 3.87 3.77 20972
20140113 3.79 3.76 3.85 3.73 12189
20140114 3.75 3.89 3.90 3.75 22390
20140115 3.86 3.87 3.91 3.85 11931
20140116 3.88 3.88 3.93 3.85 13845
20140117 3.86 3.86 3.94 3.86 9342
20140120 3.84 3.86 3.92 3.78 11502
20140121 3.86 3.92 3.92 3.86 9987
20140122 3.92 4.01 4.02 3.91 19764
20140123 4.02 4.02 4.07 4.00 21730
20140124 4.00 4.06 4.08 3.99 14836
20140127 4.05 3.99 4.05 3.90 22939
20140128 3.99 3.94 4.01 3.92 15975
20140129 3.95 4.04 4.04 3.95 23577
20140130 4.00 4.09 4.14 4.00 23958
20140207 4.09 4.09 4.11 4.02 13203
20140210 4.11 4.22 4.23 4.11 13639
20140211 4.23 4.27 4.28 4.17 17274
20140212 4.26 4.28 4.31 4.13 34978
20140213 4.26 4.25 4.36 4.23 24862
20140214 4.25 4.32 4.34 4.23 19598
20140217 4.34 4.36 4.38 4.30 24540
20140218 4.35 4.37 4.39 4.32 30843
20140219 4.39 4.45 4.51 4.37 36841
20140220 4.46 4.33 4.48 4.30 21802
20140221 4.32 4.29 4.35 4.24 26268
20140224 4.25 4.24 4.26 4.18 18543
20140225 4.24 4.02 4.29 3.98 33898
20140226 4.02 4.16 4.20 3.92 34036
20140227 4.16 4.15 4.21 4.09 24993
20140228 4.14 4.19 4.20 4.10 15069
20140303 4.19 4.26 4.32 4.13 23195
20140304 4.28 4.29 4.34 4.25 21363
20140305 4.32 4.32 4.38 4.25 24025
20140306 4.28 4.32 4.34 4.23 19486
20140307 4.32 4.49 4.52 4.30 49670
20140310 4.48 4.48 4.69 4.40 75942
20140311 4.43 4.65 4.68 4.26 56535
20140312 4.56 4.58 4.68 4.46 41657
20140313 4.55 4.50 4.59 4.44 35784
20140314 4.46 4.61 4.69 4.41 35381
20140317 4.64 4.82 4.86 4.57 64129
20140318 4.80 4.67 4.81 4.63 39930
20140319 4.68 4.66 4.75 4.64 27595
20140320 4.68 4.56 4.78 4.56 34986
20140321 4.52 4.62 4.62 4.45 29772
20140324 4.58 4.62 4.75 4.58 37649
20140325 4.60 4.62 4.68 4.57 21396
20140603 4.62 4.35 4.68 4.20 78758
20140604 4.32 4.20 4.37 4.08 56384
20140605 4.19 4.30 4.32 4.17 54671
20140606 4.28 4.27 4.31 4.22 35249
20140609 4.28 4.19 4.29 4.18 30354
20140610 4.20 4.29 4.31 4.16 36777
20140611 4.29 4.37 4.38 4.27 26961
20140612 4.34 4.35 4.37 4.30 22428
20140613 4.36 4.37 4.38 4.31 33121
20140616 4.37 4.44 4.45 4.33 34896
20140617 4.44 4.70 4.78 4.40 139595
20140618 4.65 4.66 4.78 4.58 57991
20140619 4.62 4.57 4.70 4.51 39389
20140620 4.58 4.52 4.60 4.44 25336
20140623 4.52 4.51 4.57 4.47 26703
20140624 4.51 4.64 4.73 4.50 49873
20140625 4.64 4.63 4.73 4.56 24316
20140626 4.66 4.61 4.66 4.59 22810
20140627 4.60 4.61 4.73 4.60 53252
20140630 4.60 4.66 4.69 4.59 32889
20140701 4.67 4.72 4.73 4.60 38714
20140702 4.73 4.70 4.74 4.66 22691
20140703 4.71 4.78 4.83 4.67 39017
20140704 4.80 4.81 4.82 4.75 25375
20140707 4.83 4.83 4.86 4.70 26190
20140708 4.83 4.81 4.85 4.79 16346
20140709 4.81 4.66 4.81 4.63 37598
20140710 4.66 4.68 4.72 4.65 20504
20140711 4.70 4.68 4.73 4.65 28512
20140714 4.69 4.77 4.80 4.63 46348
20140715 4.75 4.74 4.78 4.72 29562
20140716 4.74 4.84 4.86 4.73 84023
20140717 4.85 4.78 4.87 4.73 31662
20140718 4.82 4.94 4.98 4.82 62976
20140721 4.90 5.00 5.09 4.85 66939
20140722 4.98 4.98 5.01 4.95 34134
20140723 4.98 4.83 5.08 4.82 40439
20140724 4.88 4.85 4.89 4.81 30900
20140725 4.87 4.88 4.91 4.84 17250
20140728 4.88 4.93 4.97 4.88 23308
20140729 4.95 5.01 5.05 4.90 31729
20140730 5.01 5.08 5.12 4.97 44777
20140731 5.06 5.12 5.14 5.01 34594
20140801 5.08 5.06 5.19 5.05 39719
20140804 5.08 5.11 5.15 5.07 29135
20140805 5.11 5.15 5.16 5.08 42190
20140806 5.13 5.14 5.14 5.06 33795
20140807 5.14 5.15 5.20 5.10 66364
20140808 5.14 5.22 5.25 5.13 40637
20140811 5.22 5.29 5.37 5.21 46443
20140812 5.26 5.43 5.44 5.25 54672
20140813 5.39 5.43 5.56 5.35 52510
20140814 5.41 5.43 5.48 5.39 36020
20140815 5.41 5.61 5.64 5.39 61929
20140818 5.63 6.01 6.17 5.57 166281
20140819 5.98 5.97 6.04 5.86 80597
20140820 5.95 5.90 6.27 5.85 125909
20140821 5.93 5.97 6.01 5.68 90586
20140822 5.92 5.94 5.98 5.88 36219
20140825 5.93 5.94 5.98 5.81 40979
20140826 5.92 5.72 5.94 5.68 41799
20140827 5.71 5.73 5.82 5.69 40173
20140828 5.72 5.70 5.79 5.69 33152
20140829 5.70 5.80 5.83 5.70 34197
20140901 5.80 6.05 6.07 5.80 55576
20140902 6.04 6.09 6.13 5.99 56402
20140903 6.10 6.12 6.20 6.05 60457
20140904 6.14 6.25 6.35 6.12 70407
20140905 6.25 6.20 6.27 6.14 41892
20140909 6.17 6.22 6.24 6.12 51510
20140910 6.22 6.42 6.45 6.18 63737
20140911 6.40 6.63 6.92 6.39 89190
20140912 6.67 6.73 6.81 6.62 64021
20140915 6.73 7.05 7.08 6.60 110223
20140916 7.05 6.73 7.13 6.66 90958
20140917 6.77 6.75 6.85 6.53 63290
20140918 6.75 6.91 6.93 6.70 71252
20140919 6.93 6.99 7.06 6.87 52895
20140922 6.89 6.78 6.94 6.74 58469
20140923 6.78 6.87 6.96 6.73 61003
20140924 6.83 6.94 6.97 6.82 55564
20140925 6.97 6.89 7.02 6.86 52695
20140926 6.88 6.84 6.88 6.70 63251
20140929 6.83 7.11 7.13 6.80 104831
20140930 7.16 7.28 7.40 7.10 67274
20141008 7.25 7.31 7.35 7.11 58255
20141009 7.32 7.44 7.46 7.22 65328
20141010 7.37 7.87 7.89 7.35 109401
20141013 7.73 8.00 8.00 7.57 88044
20141014 7.97 7.75 8.23 7.68 83639
20141015 7.79 7.86 7.88 7.59 58533
20141016 7.85 7.58 7.85 7.50 61941
20141017 7.59 7.19 7.64 7.10 76190
20141020 7.17 7.19 7.22 7.00 63859
20141021 7.14 7.14 7.26 7.09 34606
20141022 7.16 6.97 7.19 6.91 45740
20141023 6.95 6.69 6.95 6.60 57034
20141024 6.67 6.71 6.76 6.58 32881
20141027 6.69 6.74 6.86 6.64 30659
20141028 6.75 7.13 7.19 6.75 52046
20141029 7.14 7.09 7.30 7.04 74340
20141030 7.10 7.15 7.18 7.09 39247
20141031 7.15 7.47 7.49 7.11 78977
20141103 7.53 7.46 7.55 7.32 56398
20141104 7.44 7.22 7.45 7.12 61819
20141105 7.23 7.36 7.43 7.17 51545
20141106 7.32 7.26 7.33 7.19 35133
20141107 7.24 7.15 7.30 7.10 48636
20141110 7.15 7.17 7.23 7.05 41614
20141111 7.17 6.94 7.20 6.85 44455
20141112 6.90 7.06 7.12 6.86 35540
20141113 7.03 6.90 7.10 6.87 28794
20141114 6.90 7.05 7.06 6.87 40998
20141117 7.03 7.15 7.20 7.03 31151
20141118 7.15 7.22 7.25 7.09 55546
20141215 6.98 7.51 7.80 6.91 237929
20141216 7.40 7.29 7.53 7.19 115500
20141217 7.31 6.95 7.32 6.90 114722
20141218 6.95 6.99 7.14 6.61 101429
20141219 7.00 7.05 7.11 6.82 68679
20150122 7.76 7.76 7.76 7.76 22458
20150123 8.53 8.20 8.53 8.04 296953
20150126 8.04 8.11 8.15 7.82 111951
20150127 8.06 8.01 8.14 7.90 61296
20150128 8.02 8.20 8.37 8.01 87774
20150129 8.17 8.01 8.17 7.95 53589
20150130 8.02 7.92 8.08 7.88 43595
20150202 7.92 7.90 7.97 7.81 27297
20150203 7.89 7.98 8.04 7.89 27384
20150204 7.95 8.04 8.17 7.93 44458
20150205 8.13 8.05 8.19 8.01 32961
20150206 8.06 8.24 8.42 7.96 117159
20150209 8.24 9.06 9.06 8.13 181992
20150210 9.06 8.71 9.11 8.60 110206
20150211 8.78 8.79 8.94 8.57 55560
20150212 8.82 8.81 8.92 8.68 52583
20150213 8.79 9.16 9.23 8.76 92599
20150216 9.17 9.19 9.34 9.05 65545
20150217 9.18 9.11 9.20 8.95 50045
20150225 9.17 9.33 9.47 9.00 57332
20150226 9.35 9.49 9.95 9.32 49181
20150227 9.40 9.72 9.80 9.38 55480
20150302 9.73 9.73 9.88 9.53 47006
20150303 9.73 9.98 10.08 9.60 84068
20150304 9.97 9.89 10.16 9.84 65348
20150305 9.84 9.64 9.98 9.60 46490
20150306 9.64 9.60 9.77 9.56 39438
20150309 9.50 10.02 10.07 9.13 47311
20150310 10.07 9.93 10.08 9.91 31963
20150311 9.90 9.79 10.02 9.75 27647
20150312 9.79 10.01 10.16 9.18 51495
