20150629 19.20 23.04 23.04 19.20 520
20150630 25.34 25.34 25.34 25.34 418
20150701 27.87 27.87 27.87 27.87 264
20150702 30.66 30.66 30.66 30.66 2362
20150703 33.73 33.73 33.73 28.59 315841
20150706 37.10 30.42 37.10 30.36 287952
20150707 27.38 27.38 28.00 27.38 60864
20150708 24.64 24.64 24.64 24.64 6891
20150709 22.18 27.10 27.10 22.18 225917
20150710 29.81 29.81 29.81 28.20 78862
20150713 32.79 32.79 32.79 31.34 86260
20150714 35.00 36.07 36.07 33.81 159442
20150715 37.18 32.46 38.69 32.46 183653
20150716 29.21 31.74 34.50 29.21 184788
20150717 31.40 33.97 34.72 31.20 164338
20150720 33.40 32.46 34.32 31.80 147335
20150721 31.43 32.82 33.94 30.70 127712
20150722 32.50 32.27 33.60 31.50 100658
20150723 32.11 35.50 35.50 31.80 129543
20150724 37.00 37.57 38.91 36.18 226383
20150727 36.99 36.17 41.18 36.00 224236
20150728 33.90 39.79 39.79 33.57 243725
20150729 41.40 43.77 43.77 39.86 219043
20150730 45.10 48.12 48.15 43.88 262731
