20140102 8.43 8.42 8.47 8.35 9607
20140103 8.32 8.15 8.42 8.01 15812
20140106 8.15 7.99 8.16 7.96 11150
20140107 8.00 8.04 8.13 7.86 5626
20140108 8.06 7.91 8.15 7.90 6743
20140109 7.92 7.56 8.00 7.16 10881
20140110 7.56 7.43 7.65 7.39 6388
20140113 7.43 7.41 7.52 7.29 4673
20140114 7.40 7.57 7.57 7.35 3523
20140115 7.54 7.59 7.63 7.51 3611
20140116 7.65 7.57 7.65 7.54 3298
20140117 7.57 7.46 7.59 7.40 3640
20140120 7.40 7.36 7.45 7.31 5289
20140121 7.35 7.43 7.47 7.33 3495
20140122 7.44 7.60 7.66 7.40 5235
20140123 7.65 7.68 7.79 7.59 6702
20140124 7.65 7.90 7.91 7.65 7513
20140127 7.92 8.08 8.68 7.90 9889
20140128 8.02 7.97 8.18 7.94 6436
20140129 8.00 8.04 8.15 7.96 4786
20140130 8.10 8.14 8.18 8.03 5077
20140207 8.15 8.23 8.25 8.10 6378
20140210 8.23 8.42 8.47 8.23 11868
20140211 8.42 8.39 8.47 8.31 8416
20140212 8.44 8.50 8.51 8.36 11553
20140213 8.44 8.40 8.53 8.40 7723
20140214 8.40 9.04 9.06 8.32 44688
20140217 9.00 9.05 9.07 8.86 18443
20140218 9.13 9.05 9.26 8.94 41029
20140219 9.10 9.27 9.96 8.81 89292
20140220 9.19 8.79 9.19 8.65 43453
20140221 8.71 8.61 8.79 8.56 18920
20140224 8.58 8.71 8.76 8.47 13679
20140225 8.73 8.40 8.76 8.32 21852
20140226 8.32 8.56 8.61 8.26 11015
20140227 8.56 8.79 8.80 8.52 19788
20140228 8.80 8.69 8.83 8.50 12670
20140303 8.70 9.07 9.11 8.69 26875
20140304 9.00 8.99 9.03 8.85 13961
20140305 9.00 8.95 9.14 8.90 17216
20140306 9.04 9.06 9.10 8.85 12977
20140307 9.10 8.89 9.15 8.85 9901
20140310 8.86 8.57 8.87 8.51 12892
20140311 8.50 8.55 8.64 8.42 10361
20140312 8.55 8.59 8.68 8.42 6963
20140313 8.60 8.61 8.72 8.59 10878
20140314 8.60 8.74 8.83 8.56 10584
20140317 8.84 8.98 9.00 8.75 18265
20140318 8.98 8.95 9.05 8.88 12955
20140319 8.89 9.21 9.29 8.89 25290
20140320 9.21 8.89 9.21 8.83 15097
20140321 8.82 9.29 9.38 8.80 26596
20140324 9.35 9.22 9.55 9.17 25193
20140325 9.15 9.20 9.42 9.15 16857
20140326 9.25 9.26 9.33 9.09 15547
20140327 9.20 9.06 9.28 9.03 16307
20140328 9.10 8.94 9.32 8.80 14882
20140331 8.91 8.62 9.04 8.60 13752
20140401 8.62 8.82 8.82 8.60 8076
20140402 8.82 9.01 9.09 8.80 8619
20140403 9.04 9.04 9.09 8.93 8392
20140404 9.01 9.24 9.33 9.01 13582
20140408 9.23 9.44 9.46 9.15 16016
20140409 9.45 9.43 9.48 9.33 11180
20140410 9.35 9.45 9.53 9.31 14049
20140411 9.47 10.40 10.40 9.46 63149
20140414 10.90 11.42 11.44 10.65 163933
20140415 11.10 10.73 11.10 10.66 88945
20140416 10.68 10.83 10.89 10.56 55342
20140417 10.68 10.49 10.70 10.44 48013
20140418 10.49 10.56 10.64 10.30 36970
20140421 10.54 10.20 10.78 10.15 38689
20140422 10.11 10.15 10.43 9.85 33385
20140423 10.17 10.08 10.19 10.00 17098
20140424 9.99 10.11 10.16 9.92 17406
20140425 10.06 10.23 10.39 9.90 32151
20140428 10.19 9.21 10.35 9.21 42105
20140429 9.20 9.08 9.26 8.77 26718
20140430 9.13 9.23 9.29 9.05 13800
20140505 9.14 9.41 9.43 9.13 14210
20140506 9.41 9.29 9.50 9.23 15053
20140507 9.20 8.99 9.30 8.98 17576
20140508 8.95 9.07 9.22 8.91 12661
20140509 9.04 9.19 9.41 9.04 16202
20140512 9.25 9.56 9.61 9.25 20912
20140513 9.55 9.38 9.59 9.36 14231
20140514 9.38 9.49 9.56 9.38 11024
20140515 9.49 9.48 9.58 9.41 14118
20140516 9.47 9.77 9.84 9.33 16611
20140519 9.69 10.06 10.11 9.59 23216
20140520 10.10 9.95 10.16 9.91 16604
20140521 10.00 10.05 10.11 9.83 14996
20140522 10.10 9.84 10.12 9.83 12025
20140523 9.80 9.75 9.96 9.62 9865
20140526 9.70 10.25 10.47 9.70 27458
20140707 10.12 10.44 11.00 10.05 112478
20140708 10.28 10.24 10.37 9.95 65394
20140709 10.15 10.53 10.85 10.10 74831
20140710 10.55 10.63 10.85 10.47 37752
20140711 10.63 11.00 11.18 10.63 39802
20140714 11.02 11.25 11.68 10.99 42978
20140715 11.30 10.91 11.30 10.50 34575
20140716 10.81 10.53 11.05 10.00 31102
20140717 10.45 11.04 11.09 10.39 26271
20140718 10.97 10.90 11.34 10.86 30163
20140721 10.88 10.71 10.98 10.57 26381
20140722 10.62 10.76 10.84 10.61 16261
20140723 10.67 10.41 10.83 10.40 23509
20140724 10.57 10.55 10.58 10.22 16685
20140725 10.55 10.61 10.65 10.53 9183
20140728 10.65 10.81 10.84 10.60 16986
20140729 10.78 11.15 11.31 10.78 35045
20140730 11.11 11.13 11.20 10.99 22991
20140731 11.13 11.26 11.35 11.09 15233
20140801 11.29 10.99 11.33 10.90 18919
20140804 10.90 11.04 11.10 10.90 17626
20140805 11.03 11.14 11.17 10.95 12043
20140806 11.13 11.30 11.32 11.05 19035
20140807 11.29 11.10 11.38 11.06 13271
20140808 11.08 11.17 11.24 11.08 10606
20140811 11.27 12.29 12.29 11.12 58425
20140812 12.30 12.54 12.83 12.05 64500
20140813 12.53 12.36 12.53 12.06 34171
20140814 12.30 12.46 12.99 12.24 39295
20140815 12.52 12.99 13.18 12.52 40600
20140818 12.99 13.02 13.05 12.80 20583
20140819 13.01 13.06 13.07 12.75 22789
20140820 12.98 12.96 13.06 12.89 13841
20140821 12.91 12.85 13.05 12.71 19268
20140822 12.81 12.84 12.99 12.60 15134
20140825 12.78 14.12 14.12 12.78 66954
20140826 14.08 13.31 14.10 12.88 56404
20140827 13.28 13.42 13.79 13.11 31613
20140828 13.35 13.03 13.58 12.95 21577
20140829 13.05 13.15 13.18 12.78 11748
20140901 13.15 13.59 13.65 12.99 16102
20140902 13.60 13.98 14.15 13.59 23227
20140903 14.00 13.80 14.18 13.63 20713
20140904 13.90 14.00 14.15 13.76 18333
20140905 14.00 14.08 14.18 13.91 13528
20140909 14.18 14.28 14.44 13.90 23035
20140910 14.26 14.24 14.41 14.13 25122
20140911 14.30 14.01 14.40 13.91 24198
20140912 13.91 13.92 14.10 13.88 21403
20140915 14.00 14.24 14.28 13.92 28651
20140916 14.33 13.73 14.38 13.70 31944
20140917 13.71 13.97 13.99 13.69 14378
20140918 13.98 14.45 14.60 13.91 25620
20140919 14.68 15.90 15.90 14.55 43707
20140922 16.75 15.72 16.75 15.55 72619
20140923 15.85 15.97 16.18 15.42 38204
20140924 15.92 15.91 16.36 15.80 29125
20140925 16.00 16.29 16.87 16.00 39946
20140926 16.28 17.27 17.39 16.08 41588
20140929 17.32 17.33 17.50 17.00 40556
20140930 17.15 18.43 18.47 17.15 32130
20141008 18.00 18.36 18.39 17.85 30150
20141009 18.19 17.92 18.40 17.60 29243
20141010 17.95 17.34 17.95 17.11 34329
20141013 17.00 16.90 17.20 16.40 27125
20141014 16.87 17.97 18.19 16.80 32882
20141015 17.99 17.60 18.15 17.25 21269
20141016 17.68 17.20 17.68 17.13 18097
20141017 17.17 16.44 17.26 15.80 41691
20141020 16.39 16.80 16.95 16.01 18047
20141021 16.76 16.59 16.83 16.50 12421
20141022 16.49 16.15 16.78 16.13 14246
20141023 16.13 15.48 16.30 15.33 21903
20141024 15.41 15.55 15.76 15.41 7158
20141027 15.40 15.92 15.99 15.10 11311
20141028 16.05 16.75 16.98 16.05 18423
20141029 16.75 16.93 17.17 16.60 21308
20141030 17.00 16.75 17.00 16.70 14217
20141031 16.75 16.99 17.04 16.52 13999
20141103 16.92 16.60 17.14 16.53 12932
20141104 16.45 15.84 16.45 15.83 22168
20141105 15.70 15.99 16.00 15.65 9945
20141106 15.95 16.16 16.17 15.70 9619
20141107 16.13 16.00 16.15 15.80 14021
20141110 15.92 15.74 16.15 15.68 9085
20141111 15.74 14.64 15.81 14.18 23067
20141112 14.63 15.06 15.08 14.41 12438
20141113 15.08 14.19 15.08 14.05 22128
20141114 14.08 14.24 14.50 14.02 12595
20141117 14.58 14.80 14.85 14.18 15354
20141118 14.86 14.99 15.19 14.65 17905
20141119 14.79 14.90 15.10 14.64 15293
20141120 14.85 14.95 15.03 14.68 14031
20141121 14.88 15.35 15.36 14.86 14417
20141124 15.53 15.45 15.62 15.27 15840
20141125 15.53 15.98 16.56 15.45 19444
20141126 16.05 15.58 16.05 15.38 22115
20141127 15.59 15.69 15.75 15.38 23395
20141128 15.63 15.56 15.63 15.40 15851
20141201 15.50 15.11 15.52 14.14 21937
20141202 15.03 14.98 15.11 14.81 16469
20141203 14.98 14.89 15.00 14.55 21330
20141204 14.81 14.85 14.98 14.81 18848
20141205 14.87 14.31 14.97 14.14 24827
20141208 14.35 14.18 14.47 13.95 29182
20141209 14.08 13.25 14.08 13.18 39212
20141210 13.26 13.94 13.97 13.03 21935
20141211 13.89 14.23 14.45 13.65 23280
20141212 14.26 14.49 14.70 14.23 20144
20141215 14.48 14.46 14.48 14.10 19051
20141216 14.44 14.32 14.44 14.13 16903
20141217 14.35 13.78 14.35 13.70 19197
20141218 13.91 13.80 14.13 13.71 14192
20141219 13.78 13.26 13.89 13.23 14780
20141222 13.18 12.00 13.19 11.93 27190
20141223 12.02 12.14 12.45 11.81 12803
20141224 12.28 12.45 12.49 12.28 12327
20141225 12.57 12.78 12.79 12.46 16407
20141226 12.80 12.61 12.84 12.51 10209
20141229 12.55 12.13 12.57 12.06 13394
20141230 12.18 11.95 12.23 11.90 7015
20141231 11.95 12.15 12.16 11.95 6039
20150105 12.16 12.32 12.34 12.01 13004
20150106 12.35 12.52 12.60 12.24 21480
20150107 12.43 12.50 12.57 12.32 16237
20150108 12.51 12.69 12.70 12.41 15363
20150109 12.93 12.45 12.93 12.44 18263
20150112 12.35 11.93 12.35 11.86 11625
20150113 11.93 12.74 12.90 11.86 31315
20150114 12.69 12.79 12.86 12.35 14279
20150115 12.99 13.38 13.53 11.51 47694
20150116 13.15 13.12 13.21 12.82 25098
20150119 12.85 12.62 13.30 12.40 25181
20150120 12.64 12.98 13.02 12.64 20427
20150121 13.00 13.34 13.45 13.00 25865
20150122 13.37 13.60 13.65 13.24 21434
20150123 13.61 13.71 13.75 13.28 22105
20150126 13.69 13.92 13.98 13.54 21061
20150127 13.88 14.18 14.35 13.71 32221
20150128 14.18 13.97 14.18 13.91 16123
20150129 13.82 13.64 13.82 13.58 13048
20150130 13.56 13.39 13.73 13.18 15194
20150202 13.18 13.48 13.59 13.13 10379
20150203 13.49 13.52 13.59 13.40 13018
20150204 13.52 13.29 13.55 13.28 13253
20150205 13.40 13.31 13.57 13.30 15613
20150206 13.38 13.23 13.45 13.16 10698
20150209 13.20 12.84 13.25 12.63 10685
20150210 12.83 12.90 12.97 12.71 6734
20150211 12.89 13.35 13.40 12.87 21768
20150212 13.32 13.40 13.53 13.24 15848
20150213 13.40 13.71 13.77 13.40 16819
20150216 13.75 13.88 13.92 13.59 15156
20150217 13.82 13.65 13.98 13.60 25713
20150225 13.70 13.84 14.09 13.70 27366
20150226 13.84 13.85 13.91 13.74 16395
20150227 13.88 14.04 14.18 13.82 26931
20150302 14.04 14.34 14.35 13.98 43364
20150303 14.24 14.37 14.63 14.15 31885
20150304 14.37 14.83 15.05 14.30 39483
20150305 14.83 15.47 15.57 14.58 64640
20150306 15.40 14.99 15.40 14.80 44666
20150309 14.87 14.80 15.08 14.72 28611
20150310 14.75 14.97 15.15 14.74 22699
20150311 14.97 14.75 15.06 14.68 25938
20150312 14.75 14.81 14.89 14.69 23534
20150313 14.80 14.85 14.98 14.70 22295
20150316 14.89 15.18 15.26 14.89 41884
20150317 15.22 15.25 15.46 15.06 42917
20150318 15.29 15.72 15.75 15.25 57893
20150319 15.73 15.61 15.73 15.42 43881
20150320 15.60 15.96 15.97 15.50 50328
20150323 15.96 16.07 16.19 15.81 44696
20150324 16.03 15.65 16.04 15.21 57118
20150325 15.56 15.61 15.74 15.21 43873
20150326 15.50 15.69 15.79 15.30 38535
20150327 15.65 16.14 16.47 15.62 63288
20150330 16.14 15.93 16.56 15.90 76969
20150331 15.92 15.86 16.08 15.50 61814
20150401 15.79 16.30 16.38 15.61 79456
20150402 16.56 16.46 16.57 16.20 69373
20150403 16.37 17.27 17.70 16.01 83066
20150407 17.20 17.29 17.53 17.11 58467
20150408 17.29 17.88 18.21 16.98 78111
20150409 17.88 17.28 17.88 16.51 66785
20150410 17.19 18.19 18.36 17.01 68307
20150413 18.17 18.43 18.80 18.10 54275
20150414 18.76 20.27 20.27 18.76 80002
20150415 20.27 18.36 20.34 18.32 78051
20150416 17.90 18.84 19.45 17.30 86839
20150417 18.86 18.36 18.94 18.00 68711
20150420 18.40 18.13 19.00 17.39 106580
20150421 17.77 18.49 18.55 17.77 53192
20150422 18.80 18.66 19.20 18.57 52603
20150423 18.95 19.14 19.30 18.66 78891
20150424 18.95 19.22 20.17 18.50 115078
20150427 19.38 18.96 19.40 18.73 87364
20150428 19.40 17.44 19.40 17.27 99928
20150429 17.46 17.97 18.19 17.31 46027
20150430 17.91 18.02 18.36 17.91 45026
20150504 17.92 18.16 18.42 17.61 39688
20150505 18.10 17.92 18.55 17.90 48248
20150506 18.00 18.13 18.80 17.66 55352
20150507 18.08 17.01 18.23 16.67 43804
20150508 17.20 18.27 18.38 17.20 49066
20150511 18.60 19.04 20.00 18.34 65127
20150512 19.20 19.95 20.28 19.06 76888
20150513 19.50 19.99 20.40 19.30 54045
20150514 19.99 20.32 20.74 19.83 53547
20150515 20.37 20.35 21.02 19.58 53795
20150518 20.28 21.14 21.64 20.01 53924
20150519 21.15 21.92 21.95 20.80 45446
20150520 21.90 22.48 23.63 21.69 46808
20150521 22.35 23.29 23.44 22.21 46814
20150522 23.28 24.24 24.50 22.62 51769
20150525 23.96 24.65 26.34 23.76 92659
20150526 24.70 27.12 27.12 24.38 86327
20150527 27.20 27.77 28.39 26.12 68227
20150528 27.71 24.99 27.77 24.99 57871
20150529 24.85 24.77 25.75 22.66 50613
20150601 24.45 25.90 26.45 24.44 46209
20150602 25.90 28.49 28.49 25.71 82664
20150603 28.88 28.64 29.34 27.47 66861
20150604 28.35 27.32 29.34 25.78 55331
20150605 28.06 28.13 29.18 27.16 64752
20150608 27.80 28.10 28.85 26.75 55381
20150609 28.00 27.01 28.16 26.76 45670
20150610 26.80 27.04 27.68 25.80 48855
20150611 26.98 28.50 28.60 26.70 65280
20150612 28.58 30.04 30.35 28.58 86131
20150615 30.16 30.50 31.29 29.43 69067
20150616 30.30 28.11 30.30 27.98 59655
20150617 27.75 28.33 28.50 26.00 42525
20150618 27.84 27.65 29.29 27.60 42487
20150619 27.25 24.93 27.25 24.90 37964
20150623 24.50 24.33 25.42 22.44 41792
20150624 24.70 24.83 25.08 24.20 37735
20150625 24.84 24.09 25.50 23.30 47403
20150626 22.98 21.94 25.00 21.68 115477
20150629 22.50 19.75 22.96 19.75 63573
20150630 19.71 21.50 21.54 17.78 64054
20150701 21.00 19.35 21.79 19.35 51525
20150702 18.50 17.42 19.33 17.42 48147
20150703 16.11 15.68 16.99 15.68 45634
20150706 17.21 14.11 17.21 14.11 58367
20150708 12.70 12.70 12.70 12.70 743
20150713 13.97 13.97 13.97 13.97 1920
20150714 15.37 15.37 15.37 15.37 4513
20150715 16.87 14.04 16.87 13.91 125755
20150716 13.05 14.67 15.11 13.05 83149
20150717 14.90 16.14 16.14 14.72 63800
20150720 16.29 16.80 17.16 16.01 81888
20150721 16.14 17.12 17.28 16.03 70674
20150722 17.12 17.44 17.88 16.68 89713
20150723 17.65 18.24 18.57 17.33 92337
20150724 18.20 18.14 19.30 18.00 97733
20150727 17.70 16.33 18.36 16.33 65068
20150728 14.99 15.30 16.39 14.70 106197
20150729 15.70 16.24 16.30 14.76 58587
20150730 16.20 15.75 16.95 14.90 52765
