20140102 9.66 9.38 9.66 9.10 183128
20140103 9.03 9.04 9.25 9.02 111265
20140106 9.04 8.57 9.05 8.53 84735
20140107 8.54 8.46 8.54 8.32 55277
20140108 8.46 8.57 8.62 8.39 55950
20140109 8.56 8.42 8.61 8.40 40241
20140110 7.90 7.70 7.94 7.62 90767
20140113 7.64 7.75 7.84 7.53 42525
20140114 7.65 7.77 7.79 7.63 39102
20140115 7.77 7.74 7.80 7.68 32560
20140116 7.72 8.03 8.06 7.65 67457
20140117 7.93 7.74 7.95 7.72 33713
20140120 7.75 7.54 7.75 7.48 29043
20140121 7.51 7.63 7.66 7.50 20855
20140122 7.63 7.82 7.87 7.63 34833
20140123 7.81 7.84 7.89 7.75 34291
20140124 7.84 7.92 8.03 7.78 29999
20140127 7.93 7.87 7.93 7.80 27360
20140128 7.81 7.77 7.88 7.67 27213
20140129 7.72 7.80 7.84 7.72 19242
20140130 7.50 7.07 7.53 7.02 83184
20140207 6.99 7.49 7.56 6.90 57479
20140210 7.49 7.61 7.66 7.37 54331
20140211 7.58 7.58 7.67 7.52 37751
20140212 7.59 8.15 8.28 7.56 100191
20140213 8.08 8.23 8.33 7.97 58844
20140214 8.22 8.28 8.32 8.10 39104
20140217 8.30 8.33 8.40 8.15 36828
20140218 8.35 8.54 8.98 8.28 68791
20140219 8.59 8.36 8.59 8.22 56825
20140220 8.33 8.59 8.75 8.31 64571
20140221 8.60 8.62 8.66 8.40 32027
20140224 8.60 8.51 8.78 8.32 24411
20140225 8.47 8.12 8.62 8.11 30084
20140226 8.15 8.37 8.38 7.91 22095
20140227 8.30 8.18 8.30 8.13 24531
20140228 8.04 8.13 8.15 7.94 20757
20140303 8.11 7.92 8.11 7.83 45688
20140304 7.83 8.01 8.08 7.79 29526
20140305 7.97 7.98 8.02 7.93 17445
20140306 7.92 7.89 7.95 7.81 17143
20140307 7.92 7.93 7.96 7.83 14419
20140310 7.87 7.63 7.87 7.55 17588
20140311 7.56 7.64 7.67 7.56 8047
20140312 7.57 8.01 8.06 7.57 21990
20140313 8.00 7.96 8.05 7.84 17327
20140314 7.90 7.97 8.10 7.85 14378
20140317 8.00 8.04 8.06 7.93 17021
20140318 8.04 8.15 8.25 7.97 15487
20140319 8.15 8.01 8.25 7.94 14217
20140320 7.98 7.77 8.03 7.76 17582
20140321 7.67 7.83 7.90 7.59 15056
20140324 7.83 7.89 7.94 7.82 14664
20140325 7.86 7.95 7.99 7.85 13713
20140326 7.98 8.04 8.13 7.95 17965
20140327 8.03 8.17 8.27 7.84 34534
20140328 8.11 7.89 8.18 7.86 22428
20140331 7.80 8.04 8.16 7.79 13844
20140401 8.01 8.15 8.16 8.00 17149
20140402 8.15 8.13 8.20 8.09 13648
20140403 8.10 8.03 8.17 7.97 12743
20140404 7.98 8.18 8.19 7.97 15325
20140408 8.20 8.28 8.43 8.17 25448
20140409 8.21 8.30 8.36 8.21 17021
20140410 8.16 8.11 8.17 7.98 35568
20140411 8.04 8.09 8.10 8.01 14986
20140414 8.08 8.17 8.18 8.06 16023
20140415 8.17 8.50 8.99 8.07 92360
20140416 8.23 8.39 8.49 8.14 54497
20140417 8.37 8.26 8.37 8.23 24614
20140418 8.26 8.42 8.48 8.25 26212
20140421 8.43 8.58 8.90 8.40 56358
20140422 8.48 8.57 8.85 8.41 41265
20140423 8.50 7.80 8.50 7.77 56226
20140424 7.82 7.80 8.01 7.63 26247
20140425 7.80 7.33 7.84 7.19 48938
20140428 7.61 7.60 7.85 7.50 40052
20140429 7.28 7.67 7.69 7.20 18621
20140430 7.68 7.74 8.15 7.68 21207
20140505 7.76 7.84 7.95 7.74 12473
20140506 7.84 7.89 7.93 7.71 14498
20140507 7.89 7.74 7.89 7.74 7955
20140508 7.75 7.68 7.80 7.62 13038
20140509 7.76 7.87 7.95 7.67 18433
20140512 7.93 8.15 8.19 7.76 33692
20140513 8.17 8.29 8.88 8.15 48287
20140514 8.19 8.08 8.22 8.01 30964
20140515 8.08 7.79 8.08 7.78 16771
20140516 7.80 7.92 7.92 7.80 7639
20140519 7.92 7.90 7.96 7.72 7802
20140520 7.93 8.08 8.16 7.90 21764
20140521 8.21 8.14 8.45 8.13 32724
20140522 8.00 8.08 8.17 7.97 19927
20140523 8.02 8.28 8.30 8.02 29451
20140526 8.23 8.27 8.40 8.21 17286
20140527 8.27 8.43 8.55 8.19 37772
20140528 8.38 8.36 8.40 8.30 23622
20140529 8.35 8.26 8.44 8.23 22239
20140530 8.30 8.45 8.52 8.20 38655
20140603 8.40 8.54 8.79 8.32 56170
20140604 8.46 8.47 8.60 8.30 29194
20140605 8.47 8.49 8.55 8.37 24489
20140606 8.46 8.54 8.59 8.44 17439
20140609 8.55 8.35 8.55 8.32 26259
20140610 8.36 8.36 8.42 8.24 21437
20140611 8.37 8.48 8.55 8.31 24183
20140612 8.45 8.67 8.73 8.40 50958
20140613 8.62 8.52 8.70 8.51 26756
20140616 8.57 8.74 8.99 8.55 72961
20140617 8.71 8.60 8.86 8.50 38410
20140618 8.59 8.84 8.98 8.53 50615
20140619 8.84 9.22 9.32 8.71 95726
20140620 9.01 9.84 9.98 8.99 137231
20140623 9.68 9.97 10.29 9.61 98987
20140624 9.87 9.74 10.05 9.68 70226
20140625 9.79 10.05 10.24 9.61 85825
20140626 9.96 9.99 10.55 9.80 107232
20140627 10.07 10.16 10.38 9.84 80501
20140630 9.99 10.03 10.09 9.70 49168
20140701 10.03 10.49 10.52 9.91 93310
20140702 10.47 10.42 10.48 10.19 55503
20140703 10.55 10.41 10.96 10.38 61548
20140704 10.31 10.14 10.37 10.10 45349
20140707 10.00 10.13 10.28 9.97 25474
20140708 10.08 10.08 10.20 9.90 27065
20140709 10.01 9.82 10.22 9.75 44050
20140710 9.81 10.01 10.11 9.70 39920
20140711 10.02 10.35 10.44 9.96 42024
20140714 10.34 10.73 10.75 10.27 53324
20140715 10.67 10.77 10.95 10.45 38542
20140716 10.77 10.50 10.95 10.49 27347
20140717 10.50 10.45 10.63 10.32 17718
20140718 10.39 10.70 10.86 10.32 30300
20140721 10.66 10.24 10.69 10.00 39228
20140722 10.23 10.36 10.63 10.22 24233
20140723 10.36 10.27 10.50 10.20 20897
20140724 10.24 10.14 10.36 10.03 20609
20140725 10.30 10.59 10.64 10.15 35536
20140728 10.70 11.65 11.65 10.62 74901
20140729 12.34 12.53 12.68 12.02 226931
20140730 12.04 12.08 12.24 11.80 117529
20140731 11.96 12.50 13.08 11.96 137731
20140801 12.25 12.24 12.48 12.06 72836
20140804 12.19 12.47 12.56 12.01 62959
20140805 12.62 12.18 12.78 12.05 61521
20140806 12.24 12.38 12.46 12.00 48337
20140807 12.37 12.09 12.48 12.05 48013
20140808 12.04 11.89 12.15 11.70 42476
20140811 11.98 12.00 12.08 11.68 35828
20140812 11.99 12.23 12.24 11.78 42904
20140813 12.24 12.59 12.66 12.00 73570
20140814 12.37 11.91 12.48 11.90 62629
20140815 11.90 11.99 12.12 11.80 33101
20140818 11.91 12.15 12.16 11.91 32701
20140819 12.15 12.27 12.30 12.10 35582
20140820 12.22 12.10 12.27 12.02 25573
20140821 12.06 12.26 12.43 12.02 53711
20140822 12.26 12.29 12.43 12.08 35421
20140825 12.31 11.98 12.38 11.90 39903
20140826 11.92 11.29 11.97 11.20 53935
20140827 11.18 11.67 11.70 11.18 29887
20140828 11.69 12.44 12.55 11.62 87405
20140829 12.29 12.51 12.97 12.07 78811
20140901 12.57 12.63 12.86 12.36 41523
20140902 12.63 12.76 12.88 12.44 40231
20140903 12.70 14.02 14.04 12.70 103673
20140904 13.80 13.84 13.95 13.54 59024
20140905 13.80 14.26 14.64 13.68 65579
20140909 14.27 14.48 14.50 14.09 44918
20140910 14.30 13.67 15.00 13.60 107827
20140911 13.69 14.18 14.36 13.42 88703
20140912 14.05 13.91 14.05 13.70 41584
20140915 13.91 13.88 14.00 13.62 40167
20140916 13.88 13.38 13.89 13.35 34896
20140917 13.43 13.69 13.70 13.38 22357
20140918 13.56 13.80 13.90 13.50 15651
20140919 13.82 14.27 14.48 13.82 45989
20140922 14.20 13.97 14.28 13.91 23253
20140923 13.93 14.30 14.50 13.88 31703
20140924 14.39 14.35 14.48 14.20 33584
20140925 14.35 14.31 14.60 14.18 26583
20140926 14.30 14.36 14.50 14.23 21300
20140929 14.38 14.22 14.41 14.18 29620
20140930 14.22 13.99 14.29 13.50 40472
20141008 14.01 14.20 14.34 13.80 32623
20141009 14.22 14.38 14.39 14.06 32906
20141010 14.33 14.28 14.39 14.12 23159
20141013 14.21 14.42 14.56 14.21 32683
20141014 14.43 14.79 14.94 14.36 41441
20141015 14.80 14.62 14.97 14.57 30316
20141016 14.50 14.18 14.57 14.15 28786
20141017 14.10 13.86 14.29 13.60 22623
20141020 13.86 13.87 14.00 13.72 14355
20141021 13.87 13.70 13.96 13.64 18113
20141022 13.67 13.36 13.83 13.32 14174
20141023 13.26 13.69 13.76 13.26 20821
20141024 13.70 14.19 14.32 13.62 32046
20141027 14.22 14.11 14.26 13.88 12737
20141028 14.09 14.20 14.26 13.94 19686
20141029 14.22 14.47 14.52 14.08 27603
20141030 14.35 14.12 14.61 14.09 30204
20141031 14.16 13.99 14.17 13.73 22284
20141103 14.06 13.99 14.08 13.82 17588
20141104 13.86 13.94 14.06 13.80 13683
20141105 14.18 15.33 15.33 14.18 105108
20141106 15.15 15.28 15.67 15.08 65474
20141107 15.29 14.72 15.32 14.68 42801
20141110 14.80 14.78 15.15 14.72 30868
20141111 14.80 14.35 14.96 14.10 27839
20141112 14.40 14.66 14.67 14.20 17236
20141113 14.56 14.30 14.59 14.13 25836
20141114 14.30 14.24 14.30 13.80 15441
20141117 14.20 14.29 14.60 14.20 14902
20141118 14.14 14.46 14.50 14.14 13878
20141119 14.46 14.65 14.88 14.38 16759
20141120 14.60 14.49 14.60 14.34 10999
20141121 14.47 14.55 14.59 14.34 11914
20141124 14.60 14.69 14.76 14.54 16953
20141125 14.69 15.01 15.08 14.60 25367
20141126 15.09 14.87 15.15 14.73 27437
20141127 14.86 14.85 14.86 14.62 26144
20141128 15.19 14.70 15.27 14.56 28012
20141201 14.46 14.23 14.68 14.12 27502
20141202 14.24 14.47 14.55 14.24 17865
20141203 14.45 14.94 15.27 14.23 53284
20141204 14.89 14.81 14.98 14.54 40048
20141205 14.80 14.24 14.80 14.10 45682
20141208 14.24 14.23 14.68 14.15 32413
20141209 14.23 13.37 14.33 13.00 48526
20141210 13.38 13.67 13.87 12.03 29616
20141211 13.52 13.64 13.96 13.45 20957
20141212 13.72 13.99 14.13 13.50 27993
20141215 13.80 14.23 14.29 13.80 29755
20141216 14.24 14.08 14.24 13.98 14923
20141217 14.00 13.71 14.21 13.59 15977
20141218 13.71 13.50 13.85 13.46 19150
20141219 13.50 13.23 13.50 12.88 19991
20141222 13.19 12.29 13.27 12.21 25425
20141223 12.28 12.33 12.54 11.68 15475
20141224 12.54 12.42 12.58 12.30 11610
20141225 12.42 12.59 12.61 12.42 10146
20141226 12.56 12.48 12.56 12.18 17417
20141229 12.45 11.97 12.45 11.92 17129
20141230 11.90 13.17 13.17 11.81 24559
20141231 14.39 13.36 14.42 13.25 54288
20150105 13.47 14.31 14.70 13.01 69868
20150106 14.02 13.78 14.02 13.44 43710
20150107 13.70 13.89 14.19 13.58 18254
20150108 13.88 13.53 13.88 13.35 13837
20150109 13.50 13.45 13.72 13.39 12719
20150112 13.39 13.21 13.46 13.11 13723
20150113 13.21 13.73 13.74 13.20 12448
20150114 13.73 13.80 14.09 13.60 15667
20150115 14.00 13.76 14.02 13.56 8792
20150116 13.65 13.67 13.90 13.61 13665
20150119 13.58 13.30 13.96 13.03 24408
20150120 13.30 13.72 13.83 13.30 17510
20150121 13.81 13.84 13.96 13.62 20289
20150122 13.83 14.50 14.69 13.72 44287
20150123 14.50 14.46 14.63 14.23 27054
20150126 14.41 14.46 14.56 14.16 21950
20150127 14.46 14.65 14.88 14.24 27480
20150128 14.99 15.08 15.40 14.97 38274
20150129 14.88 14.94 15.05 14.65 23635
20150130 14.94 14.72 15.10 14.72 11631
20150202 14.48 14.54 14.80 13.51 12599
20150203 14.73 14.57 14.80 14.49 7713
20150204 14.55 14.44 14.60 14.38 13516
20150205 14.44 14.49 14.79 14.35 11549
20150206 14.32 14.90 15.22 14.32 30993
20150209 14.85 14.44 14.85 14.30 15208
20150210 14.19 14.48 14.64 14.19 11768
20150211 14.46 14.41 14.59 14.32 8233
20150212 14.51 14.54 14.63 14.36 10388
20150213 14.57 14.40 14.66 14.30 21711
20150216 14.43 14.57 14.65 14.41 18507
20150217 14.57 14.84 14.89 14.50 16653
20150225 14.91 15.16 15.19 14.81 21797
20150226 15.01 15.24 15.50 15.01 18284
20150227 15.22 15.99 16.21 15.10 44952
20150302 16.00 17.59 17.59 15.67 74030
20150303 17.39 18.61 19.35 17.21 101094
20150304 18.65 18.91 19.20 18.49 58249
20150305 18.71 18.53 19.11 18.32 47075
20150306 18.53 17.93 18.53 17.41 46365
20150309 17.91 17.93 18.17 17.30 29094
20150310 17.99 17.94 18.05 17.70 26445
20150311 18.00 19.73 19.73 17.57 75670
20150312 20.00 19.13 20.88 18.90 70722
20150313 19.00 19.26 19.77 18.51 38877
20150316 18.95 19.48 19.50 18.70 37861
20150317 20.77 19.80 20.99 19.74 75051
20150318 19.69 19.72 19.78 19.32 33740
20150319 19.75 19.48 19.75 19.30 29374
20150320 19.66 19.39 19.66 19.24 22642
20150323 19.34 19.52 19.62 19.11 38892
20150324 19.50 18.93 19.53 18.10 45549
20150325 18.88 18.95 18.99 18.57 27096
20150326 18.89 18.85 19.17 18.60 29022
20150327 18.82 19.26 19.44 18.71 33163
20150330 19.31 19.17 19.47 19.07 37832
20150331 19.20 18.88 19.38 18.80 30222
20150401 18.81 18.94 19.40 18.76 43907
20150402 18.94 20.01 20.10 18.89 88789
20150403 19.68 20.90 21.81 19.37 94704
20150407 20.56 20.66 20.76 20.29 66623
20150408 20.69 19.69 20.70 19.45 67628
20150409 19.70 18.89 19.78 18.20 52588
20150410 18.83 19.32 19.96 18.61 39919
20150413 19.34 19.23 19.50 19.00 37428
20150414 19.15 19.50 19.65 19.00 43191
20150415 19.20 20.23 20.49 19.00 95732
20150416 19.90 19.60 19.90 19.05 57858
20150417 19.51 19.74 20.30 19.45 67170
20150420 19.59 18.60 19.61 18.60 78933
20150421 18.40 18.59 18.75 18.25 65409
20150422 18.64 18.93 18.97 18.55 71549
20150423 18.95 19.84 20.40 18.79 133951
20150424 19.59 19.29 19.59 18.86 78847
20150427 19.34 19.50 20.10 19.34 102027
20150428 19.52 19.23 19.96 19.00 67061
20150429 19.16 19.76 19.85 18.50 85674
20150430 19.58 19.63 20.45 19.57 105014
20150504 19.63 20.96 20.99 19.32 117160
20150505 21.01 19.84 21.16 19.60 91490
20150506 19.57 19.72 20.49 19.56 76756
20150507 19.82 21.69 21.69 19.70 147217
20150508 21.68 22.93 23.68 21.17 160525
20150511 22.80 23.92 24.18 22.51 137502
20150512 23.60 23.44 24.11 23.00 96152
20150513 23.14 23.72 24.90 23.02 104861
20150514 23.20 22.56 23.72 22.48 92332
20150515 22.58 22.28 23.14 22.11 58148
20150518 22.28 23.10 23.18 22.28 66417
20150519 23.12 24.52 24.96 23.12 73329
20150520 24.91 23.97 25.85 23.80 84784
20150521 23.90 24.56 25.08 23.50 68703
20150522 24.60 27.02 27.02 24.46 115352
20150525 26.80 27.99 28.20 26.20 112279
20150526 28.00 27.97 28.45 27.12 81346
20150527 27.82 28.05 28.44 27.45 68815
20150528 27.96 30.01 30.86 27.96 182425
20150529 29.43 33.01 33.01 29.43 110970
20150601 34.70 34.06 35.16 31.89 139934
20150602 33.30 35.86 37.40 33.17 120348
20150603 35.62 34.25 35.69 32.97 108109
20150604 34.00 32.55 34.51 30.83 84341
20150605 33.57 33.33 34.50 32.66 83965
20150608 33.40 36.66 36.66 33.38 126328
20150609 36.00 36.67 37.06 35.12 94274
20150610 36.00 39.63 40.20 35.22 105382
20150611 38.78 42.38 43.00 38.72 80062
20150612 41.80 41.01 43.20 40.11 69123
20150615 40.15 37.96 41.49 37.76 74339
20150616 37.69 36.10 40.04 36.00 69422
20150617 35.80 37.90 38.10 33.00 95831
20150618 37.30 35.40 38.98 35.30 55795
20150619 34.60 32.33 34.78 31.86 61095
20150623 32.41 32.28 33.50 29.30 46290
20150624 33.00 33.74 33.90 31.13 48853
20150625 33.80 34.26 36.50 32.80 69756
20150626 32.70 30.83 33.60 30.83 60977
20150629 32.06 27.75 32.10 27.75 89240
20150630 27.01 28.77 29.76 24.98 69399
20150701 28.77 29.29 31.35 28.01 75057
20150710 28.00 32.19 32.22 28.00 252370
20150713 29.10 32.31 34.30 29.10 249452
20150714 31.03 30.21 33.30 30.15 177584
20150715 28.79 27.19 28.79 27.19 48633
20150716 24.47 24.47 27.19 24.47 144720
20150717 22.52 25.04 25.85 22.52 145570
20150720 24.60 24.20 25.25 23.51 116412
20150721 23.79 26.61 26.62 23.32 146181
20150722 26.60 26.43 27.50 25.70 135441
20150723 26.43 27.42 28.50 25.72 137329
20150724 27.10 27.20 28.70 26.80 132509
20150727 26.21 24.48 26.85 24.48 131682
20150728 22.03 22.03 23.68 22.03 90041
20150729 22.30 21.84 22.90 20.00 111246
20150730 21.85 21.63 23.25 21.10 108791
