20140102 5.24 5.10 5.25 5.07 97535
20140103 5.06 5.03 5.07 5.01 55782
20140106 5.00 4.88 5.02 4.87 63840
20140107 4.88 4.86 4.92 4.82 33491
20140108 4.87 4.76 4.89 4.74 77907
20140109 4.76 4.65 4.82 4.64 110417
20140110 4.62 4.55 4.65 4.51 133130
20140113 4.55 4.54 4.61 4.52 73360
20140114 4.52 4.54 4.54 4.44 116242
20140115 4.53 4.48 4.53 4.45 50464
20140116 4.49 4.52 4.57 4.43 80276
20140117 4.49 4.35 4.51 4.33 72079
20140120 4.34 4.28 4.35 4.26 59651
20140121 4.29 4.32 4.35 4.28 48779
20140122 4.33 4.44 4.45 4.30 69601
20140123 4.45 4.40 4.45 4.39 51168
20140124 4.38 4.47 4.50 4.37 62595
20140127 4.43 4.46 4.48 4.39 59095
20140128 4.44 4.42 4.48 4.42 35889
20140129 4.42 4.40 4.45 4.40 36870
20140130 4.40 4.30 4.42 4.29 38999
20140207 4.30 4.37 4.38 4.28 47623
20140210 4.36 4.46 4.47 4.36 79646
20140211 4.45 4.57 4.69 4.38 161974
20140212 4.53 4.53 4.55 4.50 82619
20140213 4.53 4.52 4.60 4.40 92636
20140214 4.52 4.52 4.55 4.46 81052
20140217 4.54 4.56 4.59 4.50 129435
20140218 4.55 4.47 4.56 4.43 88434
20140219 4.47 4.49 4.52 4.43 72640
20140220 4.50 4.51 4.58 4.49 148828
20140221 4.52 4.40 4.52 4.38 88910
20140224 4.34 4.21 4.35 4.19 122490
20140225 4.21 4.09 4.23 4.08 79369
20140226 4.08 4.10 4.12 4.00 101334
20140227 4.10 4.00 4.11 4.00 88467
20140228 4.00 4.02 4.03 3.94 81438
20140303 4.00 4.01 4.09 3.99 81330
20140304 4.00 3.98 4.01 3.93 83551
20140305 3.98 4.03 4.08 3.96 121175
20140306 4.01 3.99 4.02 3.93 64800
20140307 3.98 3.94 4.01 3.94 66289
20140310 3.89 3.76 3.90 3.74 104091
20140311 3.75 3.80 3.85 3.73 68176
20140312 3.78 3.85 3.87 3.76 88977
20140313 3.85 3.92 3.97 3.81 119873
20140314 3.86 3.84 3.90 3.82 62069
20140317 3.84 3.91 3.94 3.84 66947
20140318 3.90 3.89 3.93 3.88 45180
20140319 3.88 3.88 3.89 3.78 84264
20140320 3.86 3.80 3.88 3.78 71366
20140321 3.79 4.03 4.06 3.77 240821
20140324 4.06 4.08 4.12 3.98 177247
20140325 4.04 4.06 4.12 4.02 120099
20140326 4.07 4.04 4.10 4.02 67772
20140327 4.03 4.05 4.12 4.00 94149
20140328 4.05 4.03 4.09 4.01 80663
20140331 4.04 3.96 4.05 3.93 74191
20140401 3.95 3.99 4.01 3.94 49061
20140402 4.00 4.06 4.12 3.97 117691
20140403 4.08 4.01 4.10 4.00 80381
20140404 3.98 4.03 4.03 3.96 70428
20140408 4.01 4.15 4.20 4.01 169428
20140409 4.13 4.12 4.15 4.10 69747
20140410 4.13 4.20 4.25 4.08 175891
20140411 4.17 4.17 4.20 4.15 78388
20140414 4.16 4.18 4.22 4.16 78649
20140415 4.18 4.09 4.18 4.08 68999
20140416 4.07 4.09 4.14 4.07 38528
20140417 4.09 4.06 4.12 4.05 54960
20140418 4.04 4.03 4.09 4.00 67177
20140421 4.00 3.93 4.04 3.89 95700
20140422 3.91 3.94 3.95 3.90 50175
20140423 3.93 3.93 3.97 3.90 61766
20140424 3.91 3.91 3.95 3.90 53158
20140425 3.93 3.83 3.93 3.82 45341
20140428 3.82 3.79 3.91 3.75 90823
20140429 3.79 3.90 3.91 3.78 77035
20140430 3.90 3.86 3.91 3.85 49300
20140505 3.86 3.86 3.87 3.78 53250
20140506 3.84 3.84 3.88 3.82 40711
20140507 3.83 3.80 3.85 3.79 38437
20140508 3.80 3.90 3.98 3.79 121629
20140509 3.89 3.98 3.99 3.86 133256
20140512 3.99 4.38 4.38 3.95 519625
20140513 4.40 4.23 4.48 4.16 427568
20140514 4.18 4.18 4.27 4.13 183773
20140515 4.17 4.08 4.18 4.05 145727
20140516 4.06 4.10 4.10 4.03 85946
20140519 4.07 4.03 4.08 3.98 76406
20140520 4.04 4.00 4.07 3.99 52982
20140521 4.00 4.09 4.14 3.98 121054
20140522 4.08 4.05 4.13 4.03 67018
20140523 4.03 4.05 4.07 4.02 37966
20140526 4.10 4.09 4.10 4.05 38795
20140527 4.09 4.04 4.09 4.04 32199
20140528 4.05 4.10 4.11 4.03 66412
20140529 4.10 4.02 4.10 4.01 52881
20140530 4.02 4.01 4.06 4.00 44871
20140603 4.01 4.02 4.06 4.01 32996
20140604 4.02 3.99 4.04 3.97 35346
20140605 3.99 3.99 4.01 3.95 29277
20140606 4.00 3.94 4.01 3.90 40404
20140609 3.94 3.95 4.00 3.91 42572
20140610 3.96 3.99 4.00 3.95 57279
20140611 3.98 4.00 4.02 3.97 38398
20140612 3.98 3.98 4.03 3.97 45106
20140613 3.98 4.15 4.18 3.98 228768
20140616 4.18 4.10 4.18 4.10 81801
20140617 4.09 4.04 4.10 4.03 77226
20140618 4.07 4.09 4.11 4.03 73440
20140619 4.08 3.97 4.09 3.94 75913
20140620 3.98 4.00 4.05 3.97 32049
20140623 3.99 4.03 4.08 3.98 36073
20140624 4.01 4.05 4.08 4.01 38582
20140625 4.06 4.04 4.12 3.95 100419
20140626 4.03 4.05 4.07 4.01 40845
20140627 4.04 4.05 4.08 4.01 68266
20140630 4.05 4.04 4.07 4.01 64280
20140701 4.05 4.04 4.08 4.01 71557
20140702 4.05 4.09 4.12 4.01 128906
20140703 4.07 4.09 4.11 4.06 93957
20140704 4.09 4.08 4.10 4.05 63571
20140707 4.07 4.07 4.09 4.04 117796
20140708 4.06 4.04 4.07 4.03 64401
20140709 4.04 4.02 4.07 4.00 94393
20140710 4.02 4.03 4.05 3.99 83989
20140711 3.96 3.95 3.98 3.94 95302
20140714 3.95 3.99 3.99 3.93 59268
20140715 3.99 4.02 4.04 3.96 208240
20140716 4.00 4.00 4.02 3.97 146959
20140717 4.00 3.96 4.01 3.95 90561
20140718 3.97 3.99 4.01 3.95 88958
20140721 3.98 3.95 3.99 3.94 69755
20140722 3.95 4.02 4.04 3.95 211243
20140723 4.02 4.05 4.09 4.02 203346
20140724 4.05 4.14 4.18 4.05 355319
20140725 4.14 4.19 4.23 4.10 284055
20140728 4.21 4.30 4.40 4.18 397591
20140729 4.30 4.27 4.35 4.25 215768
20140730 4.26 4.26 4.36 4.24 226104
20140731 4.25 4.34 4.35 4.24 233829
20140801 4.31 4.31 4.47 4.29 366352
20140804 4.32 4.45 4.46 4.28 323838
20140805 4.46 4.49 4.62 4.43 414130
20140806 4.48 4.53 4.54 4.40 267725
20140807 4.53 4.43 4.59 4.40 267368
20140808 4.40 4.40 4.47 4.36 250359
20140811 4.41 4.44 4.46 4.38 327009
20140812 4.43 4.43 4.44 4.36 278282
20140813 4.41 4.53 4.54 4.36 451413
20140814 4.50 4.40 4.52 4.38 259090
20140815 4.41 4.44 4.48 4.37 179636
20140818 4.44 4.45 4.49 4.43 187715
20140819 4.45 4.47 4.55 4.43 309747
20140820 4.46 4.43 4.47 4.40 145258
20140821 4.43 4.38 4.44 4.36 147575
20140822 4.39 4.40 4.42 4.36 125333
20140825 4.40 4.31 4.41 4.29 150835
20140826 4.30 4.19 4.35 4.18 201620
20140827 4.20 4.18 4.22 4.17 156925
20140828 4.20 4.21 4.26 4.18 145221
20140829 4.19 4.23 4.24 4.17 97193
20140901 4.23 4.28 4.29 4.21 197801
20140902 4.28 4.34 4.35 4.25 233217
20140903 4.32 4.38 4.42 4.32 272143
20140904 4.39 4.39 4.40 4.35 156665
20140905 4.39 4.43 4.45 4.37 234613
20140909 4.43 4.47 4.48 4.41 242597
20140910 4.46 4.43 4.46 4.41 140185
20140911 4.43 4.39 4.48 4.38 244883
20140912 4.39 4.44 4.44 4.35 210202
20140915 4.44 4.52 4.53 4.42 358875
20140916 4.52 4.44 4.63 4.44 480982
20140917 4.42 4.47 4.50 4.40 232559
20140918 4.48 4.57 4.62 4.45 382878
20140919 4.56 4.58 4.61 4.52 311144
20140922 4.58 4.53 4.59 4.51 323100
20140923 4.51 4.55 4.57 4.51 175495
20140924 4.54 4.68 4.72 4.53 508958
20140925 4.71 4.72 4.77 4.66 590584
20140926 4.68 4.70 4.75 4.65 206849
20140929 4.72 4.83 4.84 4.69 358372
20140930 4.93 4.88 5.03 4.86 671760
20141008 4.91 4.90 4.92 4.83 302733
20141009 4.87 4.97 5.00 4.81 411559
20141010 5.01 4.93 5.07 4.90 327962
20141013 4.94 5.03 5.05 4.86 364056
20141014 5.03 4.91 5.03 4.88 276323
20141015 4.92 4.87 4.93 4.82 198579
20141016 4.83 4.79 4.91 4.78 210665
20141017 4.77 4.69 4.83 4.66 331771
20141020 4.70 4.73 4.74 4.68 146438
20141021 4.71 4.68 4.75 4.67 143439
20141022 4.69 4.62 4.71 4.61 131055
20141023 4.61 4.54 4.63 4.49 165409
20141024 4.53 4.51 4.56 4.49 109714
20141027 4.50 4.51 4.53 4.45 85240
20141028 4.51 4.62 4.63 4.50 148424
20141029 4.64 4.70 4.74 4.60 194650
20141030 4.70 4.77 4.80 4.65 216218
20141031 4.80 4.85 4.92 4.71 413596
20141103 4.85 4.92 4.95 4.83 369599
20141104 4.90 5.10 5.15 4.84 731920
20141105 5.04 4.95 5.07 4.90 455862
20141106 4.94 4.97 4.99 4.88 283016
20141107 4.95 4.98 5.05 4.92 412343
20141110 4.96 5.10 5.11 4.93 415789
20141111 5.08 5.01 5.25 4.85 652495
20141112 4.99 5.09 5.14 4.94 413392
20141113 5.12 5.10 5.20 4.94 385966
20141114 5.10 5.13 5.16 5.02 345536
20141117 5.18 5.05 5.19 5.01 246021
20141118 5.02 4.93 5.04 4.89 217807
20141119 4.92 4.94 4.96 4.90 108101
20141120 4.94 4.93 4.98 4.93 125154
20141121 4.93 4.98 5.01 4.91 193736
20141124 5.02 5.05 5.14 4.96 513323
20141125 5.06 5.18 5.19 5.05 646085
20141126 5.18 5.15 5.19 5.07 493635
20141127 5.17 5.21 5.28 5.13 656057
20141128 5.20 5.16 5.21 5.06 561642
20141201 5.16 5.27 5.43 5.13 815199
20141202 5.25 5.32 5.39 5.22 538484
20141203 5.33 5.55 5.58 5.33 955189
20141204 5.57 5.84 5.98 5.57 1426028
20141205 5.82 5.52 5.84 5.27 1080480
20141208 5.45 5.73 5.86 5.37 811071
20141209 5.65 5.50 5.98 5.40 1121968
20141210 5.49 5.62 5.63 5.35 541307
20141211 5.56 5.64 5.69 5.48 519444
20141212 5.65 5.67 5.79 5.62 576887
20141215 5.65 5.58 5.65 5.46 433167
20141216 5.56 5.76 5.79 5.53 739472
20141217 5.75 5.62 5.80 5.52 533903
20141218 5.61 5.59 5.73 5.57 419712
20141219 5.52 5.82 5.85 5.51 989379
20141222 5.85 6.17 6.40 5.85 1409771
20141223 6.02 5.81 6.07 5.76 703612
20141224 5.81 5.76 6.10 5.65 477968
20141225 5.80 5.95 5.96 5.77 471186
20141226 5.98 6.10 6.15 5.92 700723
20141229 6.10 5.98 6.24 5.92 686361
20141230 6.00 5.94 6.13 5.80 615630
20141231 5.96 6.03 6.06 5.83 495006
20150105 6.03 6.63 6.63 6.00 1292722
20150106 6.66 6.44 6.85 6.35 1257266
20150107 6.33 6.50 6.53 6.28 573311
20150108 6.50 6.38 6.68 6.33 617991
20150109 6.30 6.26 6.49 6.24 516930
20150112 6.18 5.98 6.21 5.95 527377
20150113 5.97 5.95 6.04 5.91 250065
20150114 5.96 5.79 6.01 5.74 301231
20150115 5.82 5.97 5.98 5.68 436399
20150116 5.95 5.96 6.06 5.89 367113
20150119 5.65 5.36 5.78 5.36 541388
20150120 5.41 5.46 5.50 5.34 339054
20150121 5.46 5.65 5.68 5.42 393028
20150122 5.65 5.75 5.82 5.60 386225
20150123 5.75 5.75 5.92 5.70 325040
20150126 5.73 5.83 5.84 5.67 235325
20150127 5.84 5.80 5.93 5.68 313724
20150128 5.76 5.67 5.76 5.65 247083
20150129 5.62 5.67 5.74 5.59 220643
20150130 5.68 5.53 5.70 5.51 172977
20150202 5.49 5.40 5.52 5.38 165996
20150203 5.45 5.52 5.53 5.43 162100
20150204 5.57 5.55 5.69 5.52 263072
20150205 5.61 5.40 5.65 5.39 189730
20150206 5.40 5.26 5.47 5.18 196585
20150209 5.23 5.30 5.34 5.23 114452
20150210 5.29 5.36 5.37 5.27 103683
20150211 5.38 5.35 5.42 5.34 90250
20150212 5.36 5.37 5.42 5.28 131670
20150213 5.41 5.41 5.51 5.39 216186
20150216 5.42 5.46 5.48 5.42 129840
20150217 5.50 5.48 5.52 5.46 128980
20150225 5.49 5.44 5.49 5.40 156791
20150226 5.44 5.60 5.60 5.42 259937
20150227 5.56 5.57 5.62 5.55 201839
20150302 5.62 5.67 5.71 5.55 342109
20150303 5.62 5.59 5.67 5.56 252317
20150304 5.58 5.66 5.68 5.54 238866
20150305 5.66 5.53 5.66 5.50 226021
20150306 5.53 5.58 5.65 5.52 253684
20150309 5.54 5.64 5.67 5.48 284536
20150310 5.61 5.70 5.74 5.60 341053
20150311 5.69 5.66 5.73 5.61 209927
20150312 5.65 5.75 5.79 5.65 456628
20150313 5.74 5.87 6.05 5.73 977508
20150316 5.87 5.95 5.95 5.82 473682
20150317 5.95 5.99 6.04 5.90 484192
20150318 5.99 6.16 6.17 5.96 550169
20150319 6.18 6.11 6.26 6.06 802985
20150320 6.12 6.10 6.14 6.05 493150
20150323 6.13 6.22 6.22 6.12 656025
20150324 6.22 6.19 6.28 6.02 635329
20150325 6.18 6.08 6.23 6.05 454667
20150326 6.09 6.21 6.23 6.03 594116
20150327 6.21 6.22 6.33 6.19 579174
20150330 6.22 6.36 6.36 6.20 684533
20150331 6.36 6.23 6.48 6.20 724484
20150401 6.23 6.32 6.33 6.21 474776
20150402 6.33 6.42 6.44 6.30 661312
20150403 6.38 6.51 6.56 6.35 761961
20150407 6.56 6.73 6.76 6.51 836353
20150408 6.69 6.57 6.69 6.48 813576
20150409 6.54 6.67 6.70 6.28 1034473
20150410 6.63 6.78 6.85 6.57 767112
20150413 6.74 6.86 6.89 6.74 703575
20150414 6.88 6.86 7.05 6.81 708621
20150415 6.81 6.65 6.87 6.54 667473
20150416 6.56 6.79 6.82 6.49 579304
20150417 6.83 6.93 7.20 6.80 1567231
20150420 6.84 6.82 7.18 6.74 1272441
20150421 6.75 7.05 7.09 6.72 844218
20150422 7.10 7.26 7.39 7.03 1102155
20150423 7.28 7.54 7.76 7.19 1345915
20150424 7.38 7.48 7.78 7.34 1032986
20150427 7.52 7.82 7.84 7.50 1093445
20150428 7.84 7.49 8.18 7.41 1349450
20150429 7.51 7.74 7.81 7.33 761888
20150430 7.77 7.49 7.80 7.48 662971
20150504 7.48 7.53 7.59 7.37 499494
20150505 7.50 7.10 7.65 7.03 668955
20150506 7.14 6.76 7.18 6.67 631264
20150507 6.64 6.46 6.75 6.39 492994
20150508 6.52 6.64 6.65 6.40 453064
20150511 6.71 6.83 6.85 6.63 492112
20150512 6.83 6.82 6.87 6.73 505636
20150513 6.79 6.81 6.89 6.70 593917
20150514 6.78 6.80 6.82 6.68 481621
20150515 6.79 6.60 6.79 6.55 427973
20150518 6.51 6.61 6.67 6.46 368388
20150519 6.62 6.82 6.85 6.60 513412
20150520 6.82 6.79 6.92 6.76 620426
20150521 6.77 6.92 6.94 6.73 544655
20150522 6.98 7.19 7.20 6.93 800051
20150525 7.19 7.47 7.50 7.14 868231
20150526 7.57 7.67 7.73 7.37 1054933
20150527 7.63 7.91 8.05 7.51 1126362
20150528 7.80 7.20 8.10 7.16 1353114
20150529 7.20 7.39 7.80 6.84 844554
20150601 7.40 8.13 8.13 7.36 1503570
20150602 8.23 8.14 8.41 7.91 1874984
20150603 8.15 8.00 8.25 7.83 1205760
20150604 8.00 8.58 8.64 7.62 1669060
20150605 8.60 8.70 9.02 8.41 1878955
20150608 8.65 8.88 8.96 8.55 1420888
20150609 8.87 9.06 9.40 8.60 1472769
20150610 8.80 8.85 9.14 8.69 968727
20150611 8.77 8.77 8.85 8.60 807389
20150612 8.76 8.94 9.06 8.73 915912
20150615 8.92 8.95 9.20 8.81 982541
20150616 8.87 8.61 9.05 8.50 969609
20150617 8.54 8.80 8.85 8.23 767543
20150618 8.72 8.53 8.90 8.51 704463
20150619 8.35 7.70 8.48 7.68 748750
20150623 7.70 7.92 7.97 7.11 670019
20150624 7.97 8.30 8.34 7.92 809427
20150625 8.31 8.00 8.50 7.81 800305
20150626 7.80 7.20 7.93 7.20 805703
20150629 7.38 7.22 7.49 6.51 891054
20150630 7.08 7.57 7.59 6.67 740704
20150701 7.50 7.03 7.70 6.94 690528
20150702 7.00 6.35 7.14 6.33 680429
20150703 6.13 5.72 6.46 5.72 691313
20150706 6.27 5.91 6.27 5.26 888683
20150707 5.58 5.33 5.76 5.32 690707
20150708 4.80 4.91 5.50 4.80 1649589
20150709 4.73 5.40 5.40 4.73 525298
20150710 5.60 5.94 5.94 5.51 483591
20150713 6.10 6.53 6.53 6.01 978916
20150714 6.35 6.14 6.63 6.07 806909
20150715 5.96 5.53 6.08 5.53 602702
20150716 5.56 5.74 5.89 5.53 421648
20150717 5.75 6.08 6.15 5.75 421127
20150720 6.06 6.04 6.21 5.84 507360
20150721 5.96 6.07 6.16 5.87 379583
20150722 6.02 6.07 6.14 5.84 454418
20150723 6.05 6.26 6.29 5.96 603333
20150724 6.22 6.11 6.54 6.00 769398
20150727 5.91 5.50 6.10 5.50 525673
20150728 5.39 5.48 5.58 5.02 529450
20150729 5.60 5.73 5.74 5.42 296541
20150730 5.69 5.50 5.82 5.42 306306
