20140102 4.22 4.22 4.24 4.17 51484
20140103 4.21 4.13 4.22 4.11 44060
20140106 4.14 3.99 4.14 3.98 49064
20140107 3.96 4.01 4.04 3.96 32254
20140108 4.01 3.98 4.05 3.96 40384
20140109 3.97 3.96 4.06 3.94 45783
20140110 3.94 3.88 3.95 3.81 52612
20140113 3.86 3.89 3.95 3.86 29055
20140114 3.89 3.93 3.94 3.82 34294
20140115 3.93 3.88 3.93 3.84 33569
20140116 3.88 3.92 4.00 3.85 43923
20140117 3.90 3.82 3.92 3.82 36321
20140120 3.82 3.79 3.84 3.77 29439
20140121 3.77 3.82 3.83 3.77 22025
20140122 3.83 3.94 3.97 3.80 58995
20140123 3.93 3.90 3.95 3.89 43733
20140124 3.87 3.95 3.98 3.87 47079
20140127 3.93 3.99 4.02 3.88 63637
20140128 3.99 3.95 4.01 3.90 46546
20140129 3.93 3.91 3.97 3.90 24455
20140130 3.92 3.85 3.93 3.85 20369
20140207 3.85 3.89 3.90 3.80 27576
20140210 3.90 3.98 3.98 3.89 57199
20140211 3.98 4.06 4.17 3.96 113441
20140212 4.03 4.06 4.09 4.01 70029
20140213 4.07 4.03 4.11 4.02 66256
20140214 4.01 4.07 4.09 4.01 50520
20140217 4.08 4.12 4.13 4.06 83250
20140218 4.10 4.02 4.10 4.01 70515
20140219 4.02 4.05 4.08 4.01 56639
20140220 4.05 4.07 4.13 4.05 118699
20140221 4.06 3.96 4.07 3.93 77984
20140224 3.94 3.85 3.94 3.81 59126
20140225 3.85 3.69 3.88 3.67 65517
20140226 3.70 3.70 3.73 3.66 42540
20140227 3.72 3.62 3.73 3.60 58273
20140228 3.62 3.61 3.62 3.50 58797
20140303 3.60 3.64 3.65 3.57 39598
20140304 3.63 3.58 3.63 3.56 36612
20140305 3.59 3.67 3.74 3.59 77075
20140306 3.67 3.67 3.68 3.60 42407
20140307 3.68 3.64 3.71 3.62 36268
20140310 3.63 3.41 3.63 3.37 58946
20140311 3.40 3.46 3.55 3.37 47421
20140312 3.46 3.51 3.55 3.42 45721
20140313 3.51 3.57 3.70 3.46 59652
20140314 3.53 3.51 3.57 3.48 29970
20140317 3.51 3.58 3.63 3.50 29159
20140318 3.56 3.57 3.66 3.55 30224
20140319 3.57 3.59 3.61 3.52 30931
20140320 3.58 3.51 3.61 3.51 30179
20140321 3.52 3.67 3.74 3.46 110068
20140324 3.66 3.69 3.75 3.62 77629
20140325 3.66 3.69 3.74 3.65 70819
20140326 3.70 3.66 3.72 3.62 47552
20140327 3.63 3.64 3.70 3.61 49328
20140328 3.65 3.63 3.67 3.62 43222
20140331 3.64 3.56 3.66 3.55 37785
20140401 3.56 3.65 3.65 3.56 36591
20140402 3.82 3.92 4.02 3.80 277594
20140403 3.91 3.87 3.94 3.86 137061
20140404 3.87 3.91 3.93 3.85 69959
20140408 3.91 4.00 4.03 3.90 127781
20140409 3.98 3.98 4.03 3.95 80099
20140410 3.98 3.99 4.01 3.94 92979
20140411 3.98 3.96 3.98 3.94 58900
20140414 4.00 4.19 4.32 4.00 249493
20140415 4.13 4.14 4.21 4.13 117617
20140416 4.17 4.18 4.18 4.12 75553
20140417 4.18 4.20 4.24 4.17 71184
20140418 4.20 4.20 4.21 4.14 96943
20140421 4.15 4.11 4.18 4.11 87107
20140422 4.10 4.08 4.13 4.01 83250
20140423 4.07 4.10 4.13 4.05 45060
20140424 4.10 4.07 4.11 4.03 39505
20140425 4.08 4.06 4.11 4.05 47554
20140428 4.05 3.96 4.06 3.95 55174
20140429 3.93 4.00 4.02 3.88 61973
20140430 3.99 3.98 4.02 3.95 35132
20140505 3.99 4.03 4.05 3.94 43196
20140506 4.02 4.02 4.04 3.99 32591
20140507 4.01 4.00 4.05 3.98 40811
20140508 3.99 4.07 4.14 3.99 67014
20140509 4.06 4.13 4.14 4.04 84746
20140512 4.17 4.45 4.50 4.12 339169
20140513 4.42 4.24 4.42 4.19 218413
20140514 4.23 4.15 4.23 4.14 85112
20140515 4.15 4.07 4.18 4.04 83901
20140516 4.05 4.07 4.08 4.01 40035
20140519 4.06 4.04 4.06 4.01 31593
20140520 4.05 4.05 4.09 4.04 27975
20140521 4.04 4.11 4.16 4.02 57563
20140522 4.11 4.06 4.13 4.05 35976
20140523 4.04 4.06 4.08 4.04 24368
20140526 4.08 4.07 4.10 4.05 25863
20140527 4.06 4.05 4.09 4.04 30964
20140528 4.05 4.09 4.10 4.05 29071
20140529 4.09 4.05 4.10 4.04 29567
20140530 4.05 4.10 4.15 4.04 44632
20140603 4.09 4.13 4.15 4.09 36571
20140604 4.14 4.07 4.14 4.04 32265
20140605 4.07 4.12 4.13 4.05 20621
20140606 4.13 4.15 4.15 4.08 22406
20140609 4.15 4.12 4.16 4.11 19000
20140610 4.13 4.15 4.15 4.10 32231
20140611 4.13 4.15 4.15 4.12 20928
20140612 4.14 4.10 4.14 4.09 29730
20140613 4.11 4.15 4.18 4.08 35001
20140616 4.15 4.18 4.19 4.13 40900
20140617 4.17 4.19 4.20 4.14 34590
20140618 4.23 4.27 4.38 4.20 187340
20140619 4.27 4.15 4.31 4.09 101232
20140620 4.15 4.28 4.29 4.13 111997
20140623 4.30 4.21 4.36 4.21 217323
20140624 3.56 3.49 3.60 3.46 189000
20140625 3.48 3.43 3.54 3.35 129793
20140626 3.40 3.40 3.44 3.37 85595
20140627 3.41 3.40 3.43 3.38 58070
20140630 3.39 3.39 3.42 3.38 61899
20140701 3.40 3.47 3.48 3.38 102618
20140702 3.46 3.50 3.54 3.42 97878
20140703 3.50 3.49 3.50 3.46 60219
20140704 3.49 3.45 3.49 3.44 46395
20140707 3.45 3.44 3.47 3.41 31027
20140708 3.46 3.44 3.47 3.41 27312
20140709 3.45 3.38 3.45 3.36 52059
20140710 3.38 3.39 3.42 3.37 32641
20140711 3.39 3.41 3.42 3.38 35166
20140714 3.39 3.44 3.44 3.39 32548
20140715 3.44 3.48 3.50 3.43 62559
20140716 3.47 3.45 3.47 3.44 35285
20140717 3.47 3.45 3.48 3.43 30541
20140718 3.46 3.46 3.48 3.42 36619
20140721 3.46 3.42 3.46 3.40 35457
20140722 3.41 3.47 3.49 3.40 68191
20140723 3.46 3.47 3.52 3.44 81232
20140724 3.49 3.55 3.59 3.46 150896
20140725 3.54 3.65 3.66 3.51 165977
20140728 3.71 4.02 4.02 3.71 297188
20140729 4.18 4.23 4.39 4.08 863172
20140730 4.16 4.25 4.58 4.13 549398
20140731 4.20 4.25 4.33 4.14 359552
20140801 4.22 4.68 4.68 4.17 1016990
20140804 4.66 5.15 5.15 4.60 773700
20140805 5.47 5.40 5.67 5.26 1186799
20140806 5.41 5.60 5.63 5.29 951281
20140807 5.46 5.19 5.47 5.16 618186
20140808 5.20 5.10 5.24 5.05 385358
20140811 5.07 5.14 5.21 5.06 341976
20140812 5.10 5.15 5.25 4.99 493564
20140813 5.10 5.62 5.67 5.06 1053908
20140814 5.42 5.06 5.44 5.06 784298
20140815 4.98 5.00 5.12 4.80 442426
20140818 4.94 5.04 5.15 4.91 337862
20140819 5.04 5.07 5.16 4.97 331848
20140820 5.02 5.01 5.03 4.90 315150
20140821 5.01 4.96 5.01 4.89 190207
20140822 4.96 4.94 4.97 4.90 152775
20140825 4.93 4.76 4.95 4.71 240640
20140826 4.72 4.78 4.92 4.72 228909
20140827 4.75 4.80 4.90 4.63 180233
20140828 4.76 4.77 4.94 4.76 180943
20140829 4.77 4.78 4.82 4.62 118330
20140901 4.76 4.88 4.89 4.76 148732
20140902 4.88 5.01 5.02 4.83 270431
20140903 5.01 5.02 5.20 4.95 340616
20140904 5.00 4.98 5.01 4.91 179667
20140905 5.00 4.99 5.04 4.92 187848
20140909 5.00 5.08 5.20 4.90 294567
20140910 5.03 5.01 5.08 4.96 138678
20140911 4.97 4.92 5.07 4.86 186758
20140912 4.89 4.95 4.97 4.86 101334
20140915 4.95 5.08 5.12 4.95 248555
20140916 5.08 4.88 5.10 4.86 177050
20140917 4.88 4.84 4.90 4.75 116640
20140918 4.84 4.90 4.98 4.80 98553
20140919 4.88 4.92 4.97 4.86 92559
20140922 4.90 4.96 5.03 4.87 147699
20140923 4.96 5.00 5.02 4.93 128813
20140924 4.99 5.20 5.25 4.95 461277
20140925 5.16 5.26 5.39 5.16 425979
20140926 5.25 5.29 5.34 5.17 163914
20140929 5.22 5.52 5.55 5.21 299183
20140930 5.73 5.55 5.92 5.53 413745
20141008 5.41 5.57 5.68 5.32 263921
20141009 5.48 5.73 5.84 5.46 279660
20141010 5.73 5.65 5.90 5.61 220058
20141013 5.60 5.76 5.80 5.47 203693
20141014 5.71 5.64 5.78 5.54 156163
20141015 5.61 5.45 5.62 5.38 178545
20141016 5.42 5.31 5.49 5.30 126258
20141017 5.32 5.25 5.33 5.03 138098
20141020 5.22 5.49 5.50 5.22 173048
20141021 5.52 5.38 5.58 5.37 94799
20141022 5.39 5.34 5.39 5.21 114689
20141023 5.34 5.18 5.35 5.11 100383
20141024 5.19 5.28 5.31 5.15 79460
20141027 5.28 5.27 5.32 5.15 76790
20141028 5.28 5.39 5.39 5.25 63732
20141029 5.40 5.45 5.53 5.34 136212
20141030 5.40 5.43 5.54 5.31 120682
20141031 5.44 5.63 5.76 5.31 302942
20141103 5.62 5.59 5.72 5.52 158318
20141104 5.56 5.78 5.83 5.52 272284
20141105 5.73 5.56 5.89 5.55 168345
20141106 5.60 5.49 5.60 5.41 110028
20141107 5.47 5.36 5.57 5.33 113238
20141110 5.35 5.45 5.46 5.32 82633
20141111 5.44 5.33 5.71 5.29 172197
20141112 5.32 5.43 5.48 5.21 95475
20141113 5.49 5.40 5.50 5.27 106432
20141114 5.32 5.43 5.49 5.32 78713
20141117 5.44 5.34 5.47 5.32 69871
20141118 5.28 5.24 5.37 5.23 85083
20141119 5.23 5.25 5.30 5.20 56776
20141120 5.23 5.27 5.29 5.21 44652
20141121 5.25 5.26 5.29 5.20 60781
20141124 5.32 5.35 5.40 5.26 104391
20141125 5.39 5.54 5.54 5.35 166175
20141126 5.51 5.55 5.60 5.46 127365
20141127 5.55 5.62 5.81 5.51 226447
20141128 5.63 5.48 5.64 5.36 282310
20141201 5.48 5.52 5.75 5.33 326909
20141202 5.47 5.56 5.60 5.40 255775
20141203 5.55 5.78 5.86 5.50 465940
20141204 5.78 6.36 6.36 5.78 332201
20141205 6.71 6.74 6.89 6.12 1008295
20141208 6.48 6.60 6.79 6.21 654178
20141209 6.40 5.94 6.85 5.94 678708
20141210 5.84 5.95 5.96 5.61 378569
20141211 5.82 5.96 6.04 5.76 314151
20141212 5.94 6.04 6.13 5.91 256401
20141215 5.98 5.97 6.00 5.80 154832
20141216 6.03 6.20 6.22 5.89 383638
20141217 6.18 5.93 6.18 5.85 268704
20141218 5.86 5.97 6.09 5.84 293864
20141219 5.88 6.05 6.15 5.80 328383
20141222 6.04 6.30 6.43 5.99 642825
20141223 6.19 5.82 6.19 5.67 291347
20141224 5.80 5.64 5.88 5.60 206508
20141225 5.70 5.76 5.77 5.64 135527
20141226 5.75 5.83 5.86 5.70 182906
20141229 5.87 5.76 5.97 5.70 200247
20141230 5.74 5.47 5.80 5.42 205173
20141231 5.46 5.40 5.50 5.26 200081
20150105 5.38 5.94 5.94 5.38 380506
20150106 6.00 5.83 6.14 5.77 400293
20150107 5.70 5.74 5.87 5.65 220359
20150108 5.72 5.66 5.85 5.58 158804
20150109 5.58 5.52 5.69 5.50 139204
20150112 5.48 5.34 5.48 5.30 111518
20150113 5.35 5.40 5.43 5.35 66159
20150114 5.40 5.31 5.45 5.26 75072
20150115 5.31 5.40 5.42 5.16 157829
20150116 5.39 5.38 5.45 5.30 104860
20150119 5.26 4.91 5.26 4.84 192489
20150120 4.90 5.07 5.12 4.88 116217
20150121 5.08 5.22 5.22 5.05 127362
20150122 5.24 5.30 5.35 5.18 138827
20150123 5.35 5.26 5.39 5.24 102869
20150126 5.27 5.34 5.38 5.22 91923
20150127 5.34 5.32 5.37 5.20 130759
20150128 5.31 5.28 5.35 5.27 80612
20150129 5.23 5.28 5.33 5.21 69144
20150130 5.29 5.13 5.31 5.09 92544
20150202 5.08 5.07 5.13 5.00 71446
20150203 5.04 5.17 5.17 5.04 58219
20150204 5.21 5.34 5.50 5.14 222365
20150205 5.37 5.18 5.40 5.18 99271
20150206 5.12 5.04 5.18 4.99 87402
20150209 5.04 5.02 5.07 5.00 47091
20150210 5.02 5.03 5.06 5.00 52411
20150211 5.03 5.03 5.10 5.00 51130
20150212 5.04 5.06 5.07 5.01 41152
20150213 5.09 5.23 5.50 5.09 287154
20150216 5.24 5.28 5.32 5.22 75908
20150217 5.34 5.33 5.39 5.29 72863
20150225 5.35 5.35 5.39 5.31 83493
20150226 5.36 5.56 5.64 5.33 213290
20150227 5.58 5.53 5.60 5.50 127247
20150302 5.55 5.55 5.62 5.38 228112
20150303 5.50 5.54 5.58 5.42 175606
20150304 5.54 5.62 5.65 5.50 156643
20150305 5.61 5.54 5.65 5.48 120220
20150306 5.53 5.69 5.70 5.48 227305
20150309 5.67 5.69 5.72 5.54 136224
20150310 5.63 5.92 6.01 5.63 328004
20150311 5.94 5.91 5.97 5.77 284508
20150312 5.85 6.03 6.20 5.83 370982
20150313 6.11 6.63 6.63 6.11 385502
20150316 6.84 7.18 7.29 6.57 1142124
20150317 7.09 7.30 7.58 7.05 835394
20150318 7.20 7.41 7.65 7.15 657571
20150319 7.41 7.83 8.15 7.26 666318
20150320 7.76 7.96 8.01 7.69 445857
20150323 8.05 8.23 8.25 7.82 544177
20150324 8.23 7.97 8.40 7.52 785957
20150325 7.87 7.63 7.88 7.51 514252
20150326 7.56 7.54 7.80 7.49 406343
20150327 7.61 7.61 7.75 7.55 322634
20150330 7.57 7.85 8.10 7.57 390408
20150331 7.86 7.63 7.88 7.50 492516
20150401 7.62 7.79 7.81 7.55 436490
20150402 7.81 8.15 8.35 7.80 530120
20150403 8.10 8.97 8.97 8.00 467325
20150407 9.38 9.87 9.87 8.94 1355160
20150408 9.77 9.47 9.92 9.28 703856
20150409 9.51 9.15 9.66 8.60 423433
20150410 9.25 9.54 9.99 9.19 791450
20150413 9.68 9.56 9.68 9.10 746078
20150414 9.50 9.27 9.51 9.10 568247
20150415 9.27 8.69 9.33 8.62 410308
20150416 8.65 8.91 9.04 8.50 569834
20150417 8.94 8.89 9.19 8.79 518243
20150420 8.74 8.53 9.10 8.30 698369
20150421 8.46 8.93 8.96 8.38 929805
20150422 9.05 9.65 9.79 8.84 1280085
20150423 9.72 10.17 10.55 9.50 1149126
20150424 10.00 10.03 10.64 9.70 869036
20150427 10.15 10.00 10.49 9.81 648651
20150428 10.09 9.30 10.09 9.21 668470
20150429 9.79 10.23 10.23 9.41 863453
20150430 10.30 11.25 11.25 10.25 823162
20150504 11.25 10.47 11.25 10.41 1350569
20150505 10.35 10.46 10.95 10.02 791625
20150506 10.46 10.01 10.80 9.63 668452
20150507 9.82 9.60 10.10 9.40 467075
20150508 9.80 10.02 10.15 9.61 576057
20150511 10.17 10.61 10.80 9.88 663804
20150512 10.63 10.51 11.15 10.43 809439
20150513 10.50 10.65 10.99 10.03 782957
20150514 10.50 10.31 10.65 10.22 480783
20150515 10.36 9.83 10.39 9.79 514307
20150518 9.75 10.35 10.66 9.50 735492
20150519 10.92 10.78 11.37 10.52 1126306
20150520 11.00 11.80 11.86 10.80 1335108
20150521 11.40 12.65 12.89 11.30 1194184
20150522 12.70 12.62 13.56 12.38 1021227
20150525 12.33 12.72 13.02 12.11 822203
20150526 12.71 12.85 12.99 12.40 782754
20150527 12.93 13.19 13.69 12.93 764741
20150528 13.19 11.87 13.25 11.87 871518
20150529 11.55 11.41 11.99 10.71 727291
20150601 11.58 12.55 12.55 11.49 753953
20150602 12.61 12.56 12.70 12.10 773720
20150603 12.56 12.00 12.57 11.78 652857
20150604 11.91 13.20 13.20 11.51 1007782
20150605 13.69 13.90 14.18 12.93 1332030
20150608 13.83 14.19 14.94 13.52 973013
20150609 14.20 14.46 15.00 13.79 913487
20150610 14.01 14.01 14.63 13.80 646461
20150611 14.02 13.80 14.24 13.59 533300
20150612 13.81 14.07 14.24 13.80 595499
20150615 14.09 13.67 14.30 13.54 596159
20150616 13.41 12.88 13.42 12.81 478197
20150617 12.89 12.91 13.02 11.66 550547
20150618 12.86 12.30 12.98 12.11 421766
20150619 11.97 11.70 12.49 11.61 362948
20150623 11.50 11.88 11.98 10.54 357959
20150624 12.03 12.33 12.49 11.79 452162
20150625 12.33 11.56 12.33 11.52 410984
20150626 11.09 10.40 11.20 10.40 405023
20150629 10.55 9.36 10.62 9.36 583029
20150630 9.05 9.67 9.83 8.42 614840
20150701 9.50 8.74 10.10 8.70 543390
20150702 8.77 7.87 9.00 7.87 485168
20150703 7.39 7.08 7.85 7.08 443605
20150706 7.77 6.46 7.77 6.37 636058
20150707 6.17 5.81 6.40 5.81 364699
20150708 5.23 5.23 5.68 5.23 1028968
20150709 5.07 5.75 5.75 5.07 445906
20150710 6.17 6.33 6.33 6.01 181153
20150713 6.90 6.96 6.96 6.68 467123
20150714 7.24 7.10 7.49 7.00 898784
20150715 6.87 6.39 6.95 6.39 420656
20150716 6.32 6.44 6.78 5.85 418399
20150717 6.51 6.97 7.07 6.44 525237
20150720 6.97 7.06 7.30 6.82 579519
20150721 6.88 7.18 7.29 6.78 472966
20150722 7.19 7.24 7.37 6.89 511128
20150723 7.24 7.74 7.95 7.15 819078
20150724 7.65 7.67 8.23 7.58 940649
20150727 7.39 6.90 7.85 6.90 601430
20150728 6.32 6.39 6.85 6.21 515897
20150729 6.65 6.78 6.85 6.25 365996
20150730 6.68 6.53 7.00 6.50 365963
