20140102 6.80 6.84 6.84 6.77 13848
20140103 6.83 6.85 6.88 6.75 19740
20140106 6.84 6.94 6.95 6.77 45523
20140107 6.89 6.92 7.00 6.86 33908
20140108 6.92 6.92 6.94 6.79 31648
20140109 6.87 6.86 6.98 6.80 27082
20140110 6.81 7.08 7.09 6.65 80812
20140113 7.05 7.22 7.24 6.96 77469
20140114 7.15 7.13 7.21 7.08 52004
20140115 7.13 7.11 7.15 6.97 36090
20140116 7.13 7.03 7.13 7.01 23445
20140117 6.98 6.74 6.98 6.73 31028
20140120 6.68 6.56 6.73 6.55 24340
20140121 6.56 6.64 6.69 6.56 12336
20140122 6.64 6.80 6.80 6.61 20113
20140123 6.80 6.76 6.82 6.74 15602
20140124 6.75 6.84 6.87 6.74 20446
20140127 6.83 6.93 6.94 6.82 20814
20140128 6.94 6.92 7.03 6.87 19314
20140129 6.98 6.90 6.98 6.87 12282
20140130 6.89 6.81 6.96 6.80 12484
20140207 6.71 6.82 6.83 6.66 15182
20140210 6.83 6.96 6.98 6.82 22870
20140211 6.99 7.05 7.06 6.93 34461
20140212 7.05 7.10 7.13 6.98 35163
20140213 7.07 7.09 7.16 7.00 40293
20140214 7.07 7.80 7.80 7.05 149305
20140217 8.05 8.11 8.18 7.88 284756
20140218 8.06 8.23 8.41 7.95 209936
20140219 8.20 8.14 8.24 8.02 119908
20140220 8.13 7.80 8.29 7.71 123924
20140221 7.79 7.69 7.88 7.56 87672
20140224 7.63 7.67 7.72 7.50 68710
20140225 7.68 7.30 7.71 7.30 82006
20140226 7.29 7.35 7.36 7.09 57460
20140227 7.35 7.16 7.45 7.12 57498
20140228 7.19 7.31 7.33 7.15 41456
20140303 7.33 7.45 7.46 7.26 50644
20140304 7.39 7.54 7.66 7.24 70891
20140305 7.51 7.46 7.55 7.40 41714
20140306 7.42 7.37 7.45 7.28 32392
20140307 7.35 7.27 7.45 7.19 36079
20140310 7.23 6.88 7.23 6.86 41838
20140311 6.88 6.88 7.01 6.78 21427
20140312 6.85 6.84 6.97 6.69 33921
20140313 6.84 6.92 6.93 6.80 23619
20140314 6.91 6.89 6.92 6.80 21267
20140317 6.89 6.98 6.98 6.81 25080
20140318 7.23 7.08 7.27 7.03 49496
20140319 7.00 7.13 7.15 6.99 24895
20140320 7.13 7.05 7.17 6.97 28444
20140321 7.03 7.14 7.17 6.86 31779
20140324 7.16 7.19 7.21 7.08 27396
20140325 7.10 7.14 7.19 7.07 30151
20140326 7.13 7.08 7.15 7.07 20416
20140327 7.08 6.92 7.08 6.89 27614
20140328 6.89 6.84 6.94 6.81 16968
20140331 6.83 6.91 6.91 6.82 13709
20140401 6.90 6.98 7.02 6.83 15992
20140402 6.98 7.05 7.07 6.89 26654
20140403 7.04 7.17 7.21 7.03 51447
20140404 7.13 7.17 7.22 7.12 34609
20140408 7.16 7.21 7.23 7.10 31435
20140409 7.22 7.21 7.24 7.12 36629
20140410 7.20 7.24 7.26 7.12 34076
20140411 7.20 7.27 7.29 7.18 26330
20140414 7.28 7.42 7.54 7.22 132044
20140415 7.36 7.47 7.60 7.26 93038
20140416 7.40 7.47 7.55 7.36 85383
20140417 7.45 7.44 7.46 7.31 46311
20140418 7.41 7.40 7.47 7.37 30580
20140421 7.36 7.46 7.54 7.26 84892
20140422 7.40 7.56 7.57 7.36 91182
20140423 7.50 7.44 7.55 7.40 43331
20140424 7.45 7.12 7.45 7.11 47712
20140425 7.11 6.90 7.11 6.88 35538
20140428 6.91 6.94 6.96 6.78 24832
20140429 6.96 7.06 7.07 6.90 19407
20140430 7.05 7.10 7.12 6.97 16539
20140505 7.10 7.11 7.13 7.03 16010
20140506 7.08 7.08 7.17 7.08 17172
20140507 7.05 6.95 7.09 6.94 23794
20140508 6.92 7.02 7.07 6.91 20376
20140509 7.02 6.98 7.06 6.94 13037
20140512 7.01 7.14 7.15 6.99 21073
20140513 7.17 7.25 7.26 7.13 28453
20140514 7.31 7.36 7.44 7.28 45914
20140515 7.37 7.35 7.38 7.24 26744
20140516 7.33 7.36 7.38 7.25 30617
20140519 6.98 6.76 6.99 6.70 23953
20140520 6.77 6.75 6.81 6.72 10696
20140521 6.76 6.79 6.80 6.70 11391
20140522 6.80 6.71 6.87 6.69 22385
20140523 6.71 6.69 6.74 6.61 24329
20140526 6.71 6.78 6.79 6.67 18634
20140527 6.78 6.96 7.08 6.75 51927
20140528 6.90 6.91 6.97 6.85 27344
20140529 6.90 6.76 6.94 6.73 28878
20140530 6.76 6.82 7.00 6.76 34163
20140603 6.84 6.76 6.90 6.75 16919
20140604 6.75 6.67 6.76 6.64 22283
20140605 6.67 6.72 6.74 6.62 14350
20140606 6.68 6.74 6.75 6.61 21335
20140609 6.71 6.75 6.82 6.70 13787
20140610 6.76 6.85 6.85 6.74 21350
20140611 6.81 6.83 6.90 6.80 17248
20140612 6.79 6.76 6.83 6.69 25435
20140613 6.73 6.86 6.90 6.71 29453
20140616 6.90 6.89 6.93 6.84 23384
20140617 6.89 6.78 6.92 6.75 20442
20140618 6.78 6.70 6.84 6.69 16528
20140619 6.69 6.63 6.74 6.57 24356
20140620 6.60 6.66 6.68 6.58 10440
20140623 6.67 6.71 6.74 6.61 17605
20140624 6.72 6.80 6.80 6.71 16759
20140625 6.76 6.76 6.80 6.72 8087
20140626 6.73 6.89 6.90 6.73 29874
20140627 6.88 6.96 6.97 6.84 57995
20140630 6.95 6.98 7.03 6.89 76229
20140701 6.93 6.96 7.14 6.86 83257
20140702 6.92 6.93 6.95 6.86 38646
20140703 6.93 6.95 7.03 6.89 30280
20140704 6.97 6.92 6.98 6.89 21112
20140707 6.91 7.04 7.07 6.87 47333
20140708 7.01 7.04 7.09 6.96 26025
20140709 7.06 6.87 7.06 6.85 38348
20140710 6.86 6.86 6.90 6.81 21580
20140711 6.86 6.93 6.94 6.84 16635
20140714 6.95 7.00 7.00 6.90 24901
20140715 7.02 6.98 7.02 6.93 22942
20140716 6.99 7.09 7.11 6.97 54116
20140717 7.10 7.04 7.13 6.96 28128
20140718 7.04 6.98 7.11 6.97 27841
20140721 6.97 6.89 7.03 6.87 21548
20140722 6.92 7.00 7.02 6.89 20480
20140723 6.99 6.94 7.05 6.93 23761
20140724 6.96 7.06 7.10 6.94 51774
20140725 7.06 7.12 7.18 7.06 55404
20140728 7.15 7.20 7.26 7.12 67339
20140729 7.21 7.20 7.22 7.14 65555
20140730 7.18 7.19 7.20 7.09 57171
20140731 7.19 7.23 7.29 7.18 44376
20140801 7.21 7.13 7.26 7.11 52963
20140804 7.13 7.28 7.29 7.12 59741
20140805 7.29 7.33 7.34 7.25 47067
20140806 7.33 7.26 7.33 7.24 42070
20140807 7.28 7.19 7.37 7.17 57071
20140808 7.20 7.22 7.26 7.16 34488
20140811 7.23 7.31 7.32 7.21 41232
20140812 7.34 7.37 7.43 7.34 83191
20140813 7.38 7.36 7.38 7.26 49325
20140814 7.36 7.25 7.36 7.24 40654
20140815 7.26 7.32 7.33 7.24 38172
20140818 7.35 7.36 7.38 7.31 48499
20140819 7.37 7.41 7.43 7.33 52033
20140820 7.41 7.41 7.46 7.37 55357
20140821 7.43 7.36 7.44 7.28 46253
20140822 7.36 7.41 7.43 7.35 39928
20140825 7.41 7.37 7.42 7.33 28831
20140826 7.37 7.21 7.39 7.19 52289
20140827 7.19 7.45 7.62 7.19 97044
20140828 7.41 7.29 7.46 7.26 82556
20140829 7.28 7.36 7.39 7.28 45982
20140901 7.39 7.47 7.49 7.35 98259
20140902 7.47 8.22 8.22 7.46 334126
20140903 8.48 8.86 8.98 8.40 594637
20140904 8.60 8.67 8.73 8.53 315966
20140905 8.69 8.60 8.83 8.55 232695
20140909 8.67 8.65 8.78 8.41 205746
20140910 8.55 8.93 8.95 8.43 275137
20140911 8.85 8.69 8.93 8.61 209017
20140912 8.71 8.78 8.86 8.62 116916
20140915 8.81 8.92 9.20 8.66 213382
20140916 8.98 8.67 9.17 8.61 244151
20140917 8.68 8.71 8.75 8.43 110526
20140918 8.66 8.66 8.73 8.55 72625
20140919 8.67 8.67 8.71 8.52 77290
20140922 8.68 8.72 8.88 8.61 108915
20140923 8.70 8.81 8.85 8.64 101754
20140924 8.81 8.87 9.11 8.78 147886
20140925 8.88 8.81 8.95 8.68 115233
20140926 8.78 8.88 8.90 8.73 76852
20140929 8.90 8.84 8.96 8.78 89037
20140930 8.87 9.00 9.06 8.80 122834
20141008 8.96 9.12 9.16 8.89 113668
20141009 9.16 9.29 9.48 9.09 143474
20141010 9.29 9.18 9.37 9.10 93667
20141013 9.12 9.00 9.12 8.84 84654
20141014 8.97 8.82 9.01 8.76 74374
20141015 8.82 8.80 8.90 8.71 76128
20141016 8.76 8.67 8.85 8.61 66640
20141017 8.64 8.48 8.74 8.30 78436
20141020 8.52 8.59 8.61 8.45 35025
20141021 8.54 8.56 8.72 8.53 44736
20141022 8.52 8.37 8.70 8.33 47108
20141023 8.34 8.15 8.38 8.12 56822
20141024 8.15 8.17 8.26 8.10 30376
20141027 8.16 8.28 8.29 8.11 26750
20141028 8.27 8.43 8.45 8.25 43743
20141029 8.46 8.51 8.56 8.43 59583
20141030 8.53 8.53 8.58 8.45 48876
20141031 8.56 8.54 8.61 8.41 57645
20141103 8.56 8.80 8.81 8.53 93883
20141104 8.80 8.80 8.87 8.66 67780
20141105 8.75 8.71 8.94 8.70 62565
20141106 8.71 8.56 8.75 8.46 69264
20141107 8.56 8.38 8.64 8.33 65182
20141110 8.38 8.50 8.55 8.38 44040
20141111 8.53 8.17 8.56 8.08 73370
20141112 8.15 8.25 8.27 8.12 43305
20141113 8.25 8.13 8.26 8.01 59967
20141114 8.09 8.15 8.17 8.06 27191
20141117 8.23 8.31 8.31 8.13 37461
20141118 8.30 8.30 8.32 8.21 25684
20141119 8.30 8.31 8.38 8.27 29790
20141120 8.33 8.30 8.38 8.28 22793
20141121 8.30 8.32 8.33 8.19 34821
20141124 8.35 8.45 8.55 8.33 67628
20141125 8.44 8.54 8.55 8.39 53566
20141126 8.55 8.56 8.61 8.45 61858
20141127 8.66 8.55 8.72 8.50 94946
20141128 8.56 8.54 8.56 8.41 69633
20141201 8.51 8.70 8.71 8.48 95803
20141202 8.69 8.72 8.79 8.63 87480
20141203 8.73 8.80 8.83 8.61 112117
20141204 8.78 8.86 8.88 8.78 102837
20141205 8.87 8.47 8.88 8.43 125890
20141208 8.48 8.53 8.58 8.35 66189
20141209 8.53 8.34 8.66 8.30 114243
20141210 8.31 8.49 8.50 8.30 66801
20141211 8.55 8.76 8.84 8.49 128614
20141212 8.81 8.87 9.12 8.80 124754
20141215 8.86 8.99 9.07 8.74 92061
20141216 9.13 8.97 9.15 8.88 79890
20141217 8.98 8.74 9.04 8.67 93938
20141218 8.73 8.76 8.84 8.69 63842
20141219 8.73 8.74 8.83 8.58 74972
20141223 8.88 9.61 9.61 8.86 87588
20141224 10.18 9.83 10.57 9.71 399936
20141225 9.91 10.81 10.81 9.60 405566
20141226 10.52 10.50 10.79 10.36 297201
20141229 10.20 10.25 10.47 10.12 168630
20141230 10.18 9.88 10.22 9.83 151884
20141231 9.88 10.05 10.15 9.80 100970
20150105 10.07 10.12 10.29 9.88 141847
20150106 10.08 10.35 10.36 10.01 123490
20150107 10.35 10.13 10.52 10.10 101082
20150108 10.03 9.99 10.11 9.90 91210
20150109 9.95 10.00 10.08 9.91 68960
20150112 10.01 10.21 10.34 9.70 98550
20150113 10.14 10.30 10.52 10.12 85413
20150114 10.30 10.02 10.30 9.95 68122
20150115 10.01 10.07 10.12 9.92 45265
20150116 10.07 10.23 10.30 10.03 62210
20150119 9.98 9.77 10.20 9.52 105367
20150120 9.88 9.93 10.06 9.78 61175
20150121 9.91 10.33 10.35 9.91 111196
20150122 10.32 10.73 10.77 10.30 144305
20150123 10.74 10.47 10.79 10.43 89529
20150126 10.52 11.31 11.52 10.41 182561
20150127 11.20 11.37 11.57 11.10 127493
20150128 11.28 11.15 11.45 11.11 71543
20150129 11.09 10.83 11.11 10.81 72257
20150130 10.84 10.88 11.06 10.73 47633
20150202 10.80 10.89 11.15 10.60 54824
20150203 10.79 10.98 11.14 10.79 45071
20150204 11.05 10.74 11.06 10.74 49188
20150205 10.86 10.62 10.96 10.62 60732
20150206 10.51 10.39 10.69 10.32 46954
20150209 10.40 10.20 10.47 10.08 62468
20150210 10.24 10.30 10.36 10.15 28982
20150211 10.34 10.97 10.98 10.25 64777
20150212 11.11 10.90 11.14 10.81 44869
20150213 10.98 10.97 11.08 10.86 48563
20150216 11.01 11.13 11.30 10.93 54361
20150217 11.11 11.13 11.30 11.06 36643
20150225 11.13 11.68 11.96 11.08 122582
20150226 11.70 11.71 11.88 11.55 65125
20150227 11.75 12.45 12.65 11.75 164352
20150302 13.49 13.70 13.70 12.99 389965
20150303 14.18 15.07 15.07 14.03 359937
20150304 15.57 16.58 16.58 15.35 216006
20150305 18.19 17.66 18.19 16.63 646429
20150306 17.56 17.67 18.64 17.31 430137
20150309 17.40 17.38 17.74 16.80 314174
20150310 17.20 17.54 18.09 17.10 253752
20150311 17.16 17.14 17.43 16.90 202611
20150312 17.12 17.07 17.58 16.62 173963
20150313 17.03 17.31 17.48 16.87 157015
20150316 17.40 18.06 18.22 17.32 312609
20150317 18.10 19.87 19.87 17.78 387344
20150318 20.70 21.86 21.86 20.60 260415
20150319 22.79 21.09 22.90 20.65 476611
20150320 21.28 22.54 22.80 21.02 358419
20150323 22.35 24.79 24.79 22.03 364786
20150324 24.82 26.35 27.21 24.00 426762
20150325 26.20 28.99 28.99 25.70 397094
20150326 28.50 28.35 31.26 27.90 515472
20150327 28.47 28.83 29.59 26.00 406078
20150330 28.13 28.16 28.95 27.80 269323
20150331 28.16 29.40 30.27 27.50 364642
20150401 29.70 32.34 32.34 29.70 262650
20150402 33.90 35.57 35.57 31.60 457836
20150403 37.50 39.13 39.13 36.57 434140
20150407 40.49 43.04 43.04 40.02 336277
20150408 43.60 47.34 47.34 41.00 453464
20150409 46.38 49.18 52.00 42.71 501514
20150410 20.50 21.48 21.48 20.50 261993
20150413 21.70 19.79 21.70 19.33 1927148
20150414 19.00 18.38 19.39 18.00 1884850
20150415 17.60 16.54 17.62 16.54 1225486
20150416 15.15 17.23 17.25 15.15 1450869
20150417 16.75 16.36 17.10 16.20 999575
20150420 15.89 15.10 15.90 15.01 1443972
20150421 14.60 15.50 15.79 14.60 1224921
20150422 15.50 15.65 16.09 15.18 1234746
20150423 15.81 15.92 16.20 15.40 1353720
20150424 15.36 15.16 15.59 14.80 1598975
20150427 15.16 15.10 15.49 15.01 1065993
20150428 15.14 14.61 15.14 14.42 926613
20150429 14.40 14.34 14.87 14.28 1170318
20150430 14.40 14.01 14.56 13.99 879448
20150504 14.07 14.45 14.47 13.90 798559
20150505 14.35 14.01 14.50 13.92 696131
20150506 13.96 13.20 14.17 13.10 810849
20150507 13.00 12.52 13.09 12.23 796786
20150508 12.70 13.03 13.21 12.60 817499
20150511 13.10 13.64 13.68 13.00 910601
20150512 13.60 13.70 14.31 13.43 2060241
20150513 13.45 13.59 13.97 13.19 1373008
20150514 13.40 14.95 14.95 13.39 1786539
20150515 15.55 15.29 16.35 15.01 3267207
20150518 14.50 14.31 14.88 14.24 1802269
20150519 14.18 14.61 14.99 14.00 1309937
20150520 14.72 14.87 15.31 14.38 1584280
20150521 15.04 16.36 16.36 14.76 2512049
20150522 16.95 16.25 16.96 15.71 2502242
20150525 15.50 16.25 16.66 15.18 1928934
20150526 16.25 16.53 16.56 16.06 1914596
20150527 16.60 16.11 16.80 16.00 1657858
20150528 16.00 14.50 16.18 14.50 1611726
20150529 14.25 13.94 14.70 13.16 1112403
20150601 13.89 14.61 14.67 13.80 847551
20150602 14.65 15.56 15.58 14.47 1199234
20150603 15.59 15.11 15.73 14.71 1062887
20150604 15.09 14.77 15.09 13.88 853670
20150605 14.92 15.46 15.50 14.84 1239622
20150608 15.70 16.26 16.29 15.40 1920359
20150609 16.30 15.74 16.48 15.45 1251054
20150610 15.48 15.69 16.00 15.04 872932
20150611 15.55 15.70 15.76 15.35 813352
20150612 15.70 15.54 15.86 15.38 834690
20150615 15.52 14.93 15.52 14.88 869829
20150616 14.61 13.99 14.62 13.91 720039
20150617 13.90 14.38 14.46 13.50 585125
20150618 14.40 13.57 14.41 13.55 555487
20150619 13.30 12.21 13.48 12.21 582099
20150623 12.00 11.95 12.38 10.99 604415
20150624 11.98 12.30 12.31 11.97 582076
20150625 12.41 11.56 12.41 11.33 515050
20150626 11.11 10.40 11.30 10.40 587012
20150629 10.66 9.36 10.77 9.36 681099
20150630 9.05 9.77 9.78 8.42 864190
20150701 9.73 8.98 10.10 8.94 769903
20150702 8.99 8.09 9.14 8.08 639155
20150703 7.79 7.28 8.17 7.28 624974
20150706 7.99 7.27 7.99 6.67 702881
20150707 7.01 6.54 7.21 6.54 580180
20150708 5.90 6.76 6.98 5.89 1295982
20150709 6.76 7.44 7.44 6.76 694440
20150710 7.98 8.18 8.18 7.61 452210
20150713 8.78 9.00 9.00 8.41 929393
20150714 9.20 9.07 9.75 8.60 1352095
20150715 8.70 8.16 8.95 8.16 653099
20150716 8.16 8.34 8.60 7.50 587905
20150717 8.36 8.90 9.00 8.36 593658
20150720 8.90 8.82 9.16 8.61 665229
20150721 8.62 8.90 9.00 8.52 530329
20150722 8.85 9.08 9.15 8.64 659926
20150723 9.08 9.46 9.60 8.86 918260
20150724 9.38 9.09 9.68 9.00 911890
20150727 8.70 8.18 8.97 8.18 645519
20150728 7.70 7.74 8.09 7.36 632671
20150729 7.90 8.18 8.20 7.60 365966
20150730 8.18 7.79 8.27 7.66 386891
