20140102 9.54 9.68 9.84 9.47 29649
20140103 9.70 9.59 9.74 9.49 17229
20140106 9.54 9.25 9.64 9.23 18747
20140107 9.25 9.16 9.32 9.06 15551
20140108 9.09 8.88 9.24 8.75 29238
20140109 8.85 8.68 8.94 8.63 24308
20140110 8.65 8.47 8.68 8.27 31865
20140113 8.45 8.39 8.55 8.30 16837
20140114 8.35 8.47 8.49 8.31 18898
20140115 8.48 8.60 8.72 8.48 23444
20140116 8.54 8.86 8.98 8.52 33749
20140117 8.73 8.68 8.83 8.65 17454
20140120 8.56 8.58 8.68 8.46 13022
20140121 8.53 8.67 8.68 8.51 12249
20140122 8.65 8.85 8.87 8.63 24566
20140123 8.81 8.75 8.85 8.69 23584
20140124 8.76 9.05 9.08 8.69 46462
20140127 9.00 8.93 9.05 8.85 30340
20140128 8.95 8.83 8.96 8.81 18161
20140129 8.87 8.97 9.01 8.82 20424
20140130 8.92 8.65 8.99 8.58 21858
20140207 8.65 9.19 9.29 8.65 52370
20140210 9.27 9.94 9.96 9.27 107287
20140211 9.82 9.82 9.91 9.69 66243
20140212 9.82 9.88 10.20 9.70 81850
20140213 9.87 9.79 10.08 9.72 47359
20140214 9.67 9.83 9.86 9.65 31270
20140217 9.94 9.86 9.95 9.78 39523
20140218 9.84 10.14 10.21 9.70 72834
20140219 10.00 10.10 10.28 9.97 63736
20140220 10.10 9.99 10.24 9.90 49356
20140221 10.01 10.06 10.44 9.99 71967
20140224 9.94 9.50 9.95 9.21 60374
20140225 9.40 9.09 9.44 9.05 55712
20140226 9.05 9.31 9.39 8.88 56694
20140227 9.34 9.23 9.68 9.08 53795
20140228 9.09 9.66 9.70 8.91 62749
20140303 9.61 9.89 10.07 9.50 76375
20140304 9.75 10.37 10.70 9.70 157263
20140305 10.20 10.01 10.29 9.93 78766
20140306 10.00 10.00 10.15 9.80 47151
20140307 10.02 9.92 10.26 9.87 49891
20140310 9.75 9.17 9.89 9.15 51465
20140311 9.17 9.29 9.36 9.10 28042
20140312 9.29 9.36 9.40 9.13 25485
20140313 9.40 9.36 9.57 9.33 26853
20140314 9.35 9.47 9.57 9.21 25458
20140317 9.47 9.66 9.75 9.47 33795
20140318 9.54 9.72 9.72 9.53 33114
20140319 9.63 9.74 9.79 9.40 60735
20140320 9.71 9.33 9.76 9.30 47901
20140321 9.25 9.53 9.62 9.21 35978
20140324 9.56 9.66 9.73 9.54 35720
20140325 9.66 9.68 9.88 9.59 39397
20140326 9.70 9.63 9.80 9.58 27710
20140327 9.61 9.44 9.65 9.40 30678
20140328 9.33 9.14 9.56 9.10 31267
20140331 9.29 9.19 9.35 9.11 22152
20140401 9.19 9.23 9.26 9.05 20816
20140402 9.19 9.29 9.41 9.19 25778
20140403 9.35 9.22 9.35 9.18 27089
20140404 9.18 9.26 9.35 9.18 15451
20140408 9.26 9.36 9.40 9.26 28873
20140409 9.36 9.47 9.51 9.34 31801
20140410 9.45 9.46 9.60 9.43 34722
20140411 9.41 9.41 9.50 9.35 21242
20140414 9.47 9.69 9.70 9.39 45689
20140415 9.64 10.12 10.66 9.60 232014
20140416 9.88 10.40 10.42 9.75 200960
20140417 10.28 10.11 10.44 9.98 94177
20140418 10.01 9.99 10.27 9.98 58107
20140421 9.85 9.97 10.23 9.81 55248
20140422 9.89 9.86 10.08 9.60 50370
20140423 9.84 9.73 9.88 9.64 31223
20140424 9.71 9.62 9.87 9.61 29498
20140425 9.60 9.00 9.66 8.99 58871
20140428 9.00 8.75 9.12 8.64 42555
20140429 8.76 9.03 9.10 8.69 26536
20140430 9.05 8.93 9.08 8.90 19586
20140505 8.93 9.00 9.09 8.82 20462
20140506 9.02 9.17 9.18 8.94 23957
20140507 9.18 8.89 9.18 8.88 19375
20140508 8.89 8.88 9.03 8.72 16554
20140509 8.84 8.86 8.95 8.79 17781
20140512 8.93 9.14 9.16 8.91 25348
20140513 9.10 9.17 9.35 9.08 31512
20140514 9.20 9.07 9.23 9.03 15414
20140515 9.02 8.90 9.11 8.89 15764
20140516 8.86 8.93 9.00 8.78 13439
20140519 8.88 8.79 8.90 8.77 16742
20140520 8.86 8.80 8.91 8.78 13622
20140521 8.77 8.86 8.89 8.72 8092
20140522 8.86 8.82 8.93 8.81 13359
20140523 8.85 8.87 8.95 8.76 15726
20140526 8.91 9.00 9.05 8.91 22691
20140527 8.94 9.22 9.45 8.94 69546
20140528 9.13 9.13 9.18 9.04 38952
20140529 9.13 9.49 9.52 9.05 84539
20140530 9.58 9.44 9.85 9.42 87340
20140603 9.38 9.37 9.45 9.12 51479
20140604 9.28 9.43 9.52 9.23 41400
20140605 9.39 9.44 9.48 9.31 28928
20140606 9.46 9.43 9.46 9.35 20719
20140609 9.36 9.43 9.48 9.35 19135
20140610 9.38 9.46 9.46 9.37 21023
20140611 9.45 9.41 9.45 9.33 21088
20140612 9.34 9.59 9.77 9.34 34519
20140613 9.58 9.62 9.75 9.48 24557
20140616 9.54 9.56 9.65 9.51 17153
20140617 9.53 9.55 9.71 9.52 25141
20140618 9.53 9.72 9.95 9.50 64427
20140619 9.72 9.32 9.73 9.21 42407
20140620 9.30 9.35 9.47 9.26 20144
20140623 9.35 9.32 9.43 9.25 16197
20140624 9.29 9.40 9.43 9.26 18422
20140625 9.41 9.36 9.47 9.28 15219
20140626 9.40 9.77 10.24 9.31 80298
20140627 9.94 9.97 10.37 9.79 174784
20140630 9.87 9.89 9.97 9.70 77639
20140701 9.80 9.95 10.15 9.80 80993
20140702 10.38 10.23 10.88 10.05 167655
20140703 10.13 11.25 11.25 10.12 316540
20140704 11.25 10.74 11.25 10.58 289048
20140707 10.61 10.76 10.85 10.55 129709
20140708 10.62 10.97 11.18 10.44 186679
20140709 10.86 10.55 11.05 10.48 129035
20140710 10.70 10.98 11.37 10.58 184184
20140711 10.95 11.21 11.46 10.93 189771
20140714 11.22 11.62 11.97 11.20 218717
20140715 11.50 11.49 11.55 11.22 115393
20140716 11.45 11.17 11.48 11.11 89197
20140717 11.19 10.84 11.31 10.74 77856
20140718 10.87 11.92 11.92 10.80 280222
20140721 11.99 12.04 12.29 11.66 296066
20140722 11.98 12.17 12.66 11.84 248920
20140723 12.18 12.67 12.95 12.12 288631
20140724 12.56 12.36 12.69 12.12 173222
20140725 12.41 12.46 12.63 12.18 106401
20140728 12.60 12.44 12.80 12.25 144812
20140729 12.30 12.51 12.89 12.22 148837
20140730 12.38 12.84 13.18 12.30 169081
20140731 12.78 12.86 13.26 12.63 173355
20140801 12.71 12.56 13.09 12.50 119119
20140804 12.47 12.59 12.72 12.42 89711
20140805 12.00 12.21 12.50 12.00 158657
20140806 12.18 12.77 12.92 12.09 180065
20140807 12.93 12.59 13.20 12.56 186411
20140808 12.50 12.44 12.70 12.26 103430
20140811 12.44 12.59 12.66 12.39 113249
20140812 12.52 12.73 12.78 12.40 109632
20140813 12.74 13.01 13.04 12.44 150949
20140814 12.80 12.69 13.20 12.66 135288
20140815 12.60 12.83 13.10 12.59 102130
20140818 12.89 13.11 13.18 12.73 120885
20140819 13.11 13.54 13.66 12.92 207037
20140820 13.41 13.38 13.72 13.31 92516
20140821 13.43 13.74 13.98 13.35 157264
20140822 13.75 13.76 13.89 13.51 85074
20140825 13.70 13.16 13.88 13.03 127394
20140826 12.82 12.10 12.87 11.84 315106
20140827 12.00 11.89 12.04 11.70 127543
20140828 11.87 11.68 12.00 11.59 88834
20140829 11.68 11.85 11.88 11.60 71383
20140901 11.89 12.17 12.23 11.86 104029
20140902 12.12 12.20 12.25 12.02 89641
20140903 12.19 12.29 12.47 12.10 95600
20140904 12.31 12.31 12.46 12.18 144109
20140905 12.41 12.18 12.42 12.05 116380
20140909 12.17 12.16 12.40 12.08 127247
20140910 12.16 12.33 12.38 12.10 123391
20140911 12.31 12.30 12.40 12.07 119220
20140912 12.18 12.19 12.25 12.08 85549
20140915 12.15 12.05 12.15 11.91 107857
20140916 12.08 11.43 12.12 11.39 121825
20140917 11.43 11.59 11.71 11.31 73405
20140918 11.48 11.42 11.66 11.30 69628
20140919 11.43 11.59 11.63 11.40 68473
20140922 11.80 12.41 12.70 11.80 323376
20140923 12.35 12.48 12.74 12.26 181367
20140924 12.48 12.60 12.67 12.25 179219
20140925 12.69 12.40 12.72 12.35 136218
20140926 12.39 12.43 12.50 12.32 79764
20140929 12.40 12.64 12.78 12.36 146317
20140930 12.69 12.50 12.69 12.40 104383
20141008 12.58 12.62 12.65 12.45 95307
20141009 12.57 12.99 13.02 12.53 197846
20141010 12.87 12.70 12.95 12.63 114133
20141013 12.68 12.56 12.68 12.31 67198
20141014 12.50 12.33 12.56 12.26 84304
20141015 12.35 12.47 12.53 12.31 63387
20141016 12.39 11.92 12.47 11.86 98285
20141017 11.90 12.07 12.20 11.40 121774
20141020 12.05 11.98 12.15 11.90 44972
20141021 11.97 12.30 12.35 11.85 75935
20141022 12.54 12.13 12.58 12.11 81253
20141023 12.05 11.79 12.24 11.76 44421
20141024 11.80 12.19 12.31 11.75 64315
20141027 12.14 12.34 12.50 12.05 97032
20141028 12.35 12.51 12.54 12.22 101647
20141029 12.51 12.57 12.65 12.36 148761
20141030 12.56 12.88 13.02 12.50 219169
20141031 12.71 12.69 12.84 12.48 129084
20141103 12.75 12.79 12.89 12.65 95309
20141104 12.72 12.46 12.73 12.41 80858
20141105 12.40 12.34 12.63 12.30 57047
20141106 12.38 12.20 12.41 12.10 67063
20141107 12.25 11.93 12.39 11.90 77998
20141110 12.00 12.22 12.36 11.99 64402
20141111 12.33 11.81 12.33 11.65 73086
20141112 11.75 12.07 12.09 11.70 38575
20141113 12.07 11.79 12.13 11.64 46929
20141114 11.75 11.79 11.97 11.66 47644
20141117 11.87 12.05 12.20 11.73 48764
20141118 12.18 12.06 12.18 11.96 42955
20141119 12.09 12.10 12.13 11.88 50676
20141120 12.00 11.91 12.09 11.88 32638
20141121 11.80 12.00 12.11 11.77 53082
20141124 12.23 12.39 12.54 12.10 139086
20141125 12.39 12.43 12.50 12.24 84889
20141126 12.45 12.68 12.92 12.21 150129
20141127 12.55 12.53 12.68 12.43 95461
20141128 12.47 12.31 12.59 12.24 109230
20141201 12.30 12.37 12.55 12.22 90632
20141202 12.35 12.44 12.46 12.30 80653
20141203 12.44 12.69 12.78 12.41 184209
20141204 12.69 12.78 12.87 12.50 177862
20141205 12.85 12.25 12.97 12.14 158346
20141208 12.15 12.30 12.40 11.91 105799
20141209 12.25 12.34 12.73 11.96 167957
20141210 12.52 13.09 13.10 12.52 244893
20141211 12.97 13.42 13.64 12.83 262020
20141212 13.36 13.91 14.42 13.19 306767
20141215 13.91 14.25 14.70 13.73 279465
20141216 14.14 14.04 14.25 13.81 128240
20141217 13.99 13.60 13.99 13.20 148687
20141218 13.55 13.58 13.86 13.50 89195
20141219 13.48 13.76 13.87 13.32 132345
20141222 13.69 12.38 13.69 12.38 194003
20141223 12.26 12.42 12.77 11.55 141911
20141224 12.18 12.09 12.26 11.94 89101
20141225 12.15 12.22 12.29 12.08 60748
20141226 12.21 12.17 12.30 12.10 65775
20141229 12.21 11.95 12.23 11.72 78303
20141230 11.98 12.01 12.28 11.80 56682
20141231 11.95 12.11 12.15 11.70 59898
20150105 12.09 12.37 12.47 12.09 102048
20150106 12.30 12.22 12.30 12.05 70865
20150107 12.22 12.21 12.43 12.07 51905
20150108 12.21 11.98 12.22 11.92 48213
20150109 11.97 12.03 12.19 11.81 45889
20150112 11.90 11.88 12.18 11.85 41003
20150113 11.80 11.93 12.10 11.73 43174
20150114 11.93 11.82 12.15 11.76 43060
20150115 11.88 11.95 11.97 11.79 26454
20150116 11.98 12.14 12.15 11.92 55155
20150119 11.97 11.76 12.36 11.61 105221
20150120 11.77 12.04 12.04 11.73 60558
20150121 12.00 12.37 12.40 12.00 120185
20150122 12.39 12.45 12.48 12.25 83278
20150123 12.44 12.26 12.49 12.20 66070
20150126 12.26 12.47 12.48 12.09 82927
20150127 12.49 12.70 12.75 12.45 126581
20150128 12.64 12.60 12.78 12.51 68884
20150129 12.58 12.48 12.60 12.41 53121
20150130 12.50 12.53 12.67 12.30 66086
20150202 12.41 12.16 12.41 12.12 50539
20150203 12.22 12.34 12.36 12.17 38284
20150204 12.39 12.16 12.39 12.00 51959
20150205 12.25 12.08 12.36 12.05 37486
20150206 12.01 11.69 12.05 11.65 54672
20150209 11.59 11.63 11.79 11.48 37454
20150210 11.70 11.79 11.80 11.63 23389
20150211 11.80 11.86 11.96 11.74 29081
20150212 11.86 11.81 11.97 11.77 28878
20150213 11.86 12.07 12.13 11.83 53666
20150216 12.07 12.46 12.60 12.07 83133
20150217 12.54 12.52 12.66 12.40 57695
20150225 12.58 12.63 12.68 12.41 57334
20150226 12.58 12.82 13.09 12.54 99816
20150227 12.87 12.82 12.97 12.71 62474
20150302 12.98 14.10 14.10 12.81 244588
20150303 14.25 14.69 15.40 14.11 345880
20150304 14.62 14.87 15.30 14.60 199619
20150305 14.80 15.06 15.12 14.42 126127
20150306 15.06 14.80 15.94 14.80 140925
20150309 14.82 15.70 15.80 14.35 167000
20150310 15.70 16.41 16.79 15.29 186727
20150311 16.40 17.10 17.40 16.10 162309
20150312 17.00 16.50 17.33 16.31 131970
20150313 16.50 16.58 16.90 15.80 127729
20150316 16.40 16.65 16.83 16.19 108447
20150317 18.07 17.13 18.20 17.05 221756
20150318 17.05 17.20 17.21 16.62 136981
20150319 17.10 16.91 17.19 16.83 83308
20150320 16.91 16.65 16.91 16.30 136255
20150323 16.68 16.87 16.93 16.51 109706
20150324 16.90 16.72 16.96 16.12 100375
20150325 16.71 16.48 16.71 16.25 96049
20150326 16.44 16.66 16.79 16.18 100102
20150327 16.60 17.22 17.28 16.56 158451
20150330 17.35 17.24 17.86 16.99 165801
20150331 17.37 16.77 17.44 16.65 131040
20150401 16.66 16.85 17.12 16.61 92586
20150402 16.86 17.36 17.62 16.85 187447
20150403 17.10 19.10 19.10 17.05 258712
20150407 19.75 19.19 20.08 19.09 379569
20150408 19.22 18.74 19.22 18.27 240059
20150409 18.55 18.00 18.58 17.37 192780
20150410 17.95 18.50 18.78 17.51 190119
20150413 18.48 18.27 18.52 17.91 181409
20150414 18.18 18.56 18.78 17.80 219658
20150415 18.40 18.42 19.00 17.88 209451
20150416 18.01 17.88 18.25 17.35 129662
20150417 18.00 17.68 18.35 17.48 228369
20150420 17.69 17.50 18.20 17.46 158844
20150421 17.51 17.84 17.91 17.40 131998
20150422 18.16 18.89 19.10 18.00 320944
20150423 18.88 19.01 19.30 18.62 277599
20150424 18.65 18.39 18.97 18.18 169797
20150427 19.90 18.56 19.90 18.42 228568
20150428 18.40 17.36 18.50 17.01 168067
20150429 17.23 17.51 17.78 16.80 109456
20150430 17.70 17.45 17.89 17.45 94551
20150504 17.64 17.28 17.64 17.17 82656
20150505 17.28 16.58 17.32 16.41 98549
20150506 16.65 16.47 17.07 16.32 92844
20150507 16.40 15.65 16.65 15.50 76617
20150508 15.96 16.19 16.30 15.75 91473
20150511 16.48 16.69 16.76 16.20 107658
20150512 16.70 16.68 16.87 16.50 118775
20150513 17.16 18.35 18.35 17.16 272607
20150514 18.68 17.89 18.97 17.62 333826
20150515 17.58 17.08 17.58 16.90 146155
20150518 16.91 17.10 17.58 16.70 116672
20150519 17.13 17.58 17.60 17.02 121884
20150520 17.65 17.91 18.26 17.48 179099
20150521 17.98 18.25 18.39 17.73 199916
20150522 18.72 18.93 19.18 18.20 298945
20150525 18.77 19.24 19.30 18.39 250786
20150526 19.25 19.42 19.49 18.70 290402
20150527 19.38 20.25 20.97 18.80 332082
20150528 20.23 18.24 20.80 18.23 257647
20150529 17.80 18.08 18.78 17.40 175859
20150601 18.10 19.12 19.25 18.08 165310
20150602 19.28 21.03 21.03 18.90 215197
20150603 21.66 22.36 23.00 21.50 428190
20150604 22.30 21.68 22.30 20.38 271813
20150605 22.11 22.88 23.30 21.14 309307
20150608 22.38 22.23 23.50 22.00 250404
20150609 21.50 22.16 22.86 21.50 148365
20150610 22.00 22.42 22.80 21.62 171051
20150611 22.55 24.66 24.66 22.47 307359
20150612 25.20 23.99 25.20 23.87 255251
20150615 24.33 23.78 25.15 23.65 199954
20150616 23.48 21.60 23.48 21.52 165432
20150617 21.75 22.42 22.50 20.65 150782
20150618 22.44 21.74 22.86 21.42 126045
20150619 21.15 19.57 21.36 19.56 125337
20150623 19.55 20.13 20.38 17.90 124163
20150624 20.42 20.30 20.78 19.60 122119
20150625 20.30 21.05 22.20 19.71 219683
20150626 19.93 18.95 20.34 18.95 124124
20150629 19.49 17.06 19.65 17.06 147868
20150630 16.80 17.61 17.83 15.35 154473
20150701 17.70 15.85 18.35 15.85 163584
20150702 15.85 14.27 16.15 14.27 158272
20150703 13.69 12.84 14.31 12.84 135734
20150706 14.10 11.94 14.10 11.56 244352
20150707 11.30 10.75 11.50 10.75 145372
20150708 9.68 9.93 10.28 9.68 511623
20150709 9.71 10.92 10.92 9.71 142381
20150710 11.48 12.01 12.01 11.12 52207
20150713 13.20 13.21 13.21 12.66 147805
20150714 13.64 13.80 14.40 13.25 217085
20150715 13.22 12.42 13.77 12.42 117277
20150716 12.42 12.79 13.21 11.20 133655
20150717 13.05 13.68 13.89 12.83 120924
20150720 13.55 14.04 14.40 13.33 200938
20150721 13.56 14.30 14.80 13.36 167544
20150722 13.91 14.55 14.75 13.77 193040
20150723 14.31 16.01 16.01 14.30 290011
20150724 16.00 16.53 17.40 15.68 317572
20150727 16.01 14.88 16.72 14.88 201446
20150728 13.39 13.77 15.75 13.39 202239
20150729 14.25 14.68 14.82 13.01 180579
20150730 14.50 15.55 16.15 14.35 344473
