20140102 7.03 7.13 7.15 6.96 11085
20140103 7.09 7.01 7.15 6.90 9322
20140106 7.08 6.74 7.08 6.61 12988
20140107 6.73 6.69 6.74 6.60 8381
20140108 6.68 6.50 6.73 6.45 17531
20140109 6.50 6.41 6.62 6.27 8842
20140110 6.38 6.47 6.56 6.25 13169
20140113 6.42 6.58 6.76 6.35 11396
20140114 6.71 6.88 7.13 6.71 30303
20140115 6.80 6.78 6.88 6.62 12979
20140116 6.73 6.69 6.76 6.63 17230
20140117 6.69 6.50 6.69 6.48 7031
20140120 6.45 6.42 6.62 6.41 4722
20140121 6.44 6.70 6.73 6.43 9842
20140122 6.62 6.78 6.80 6.61 8748
20140123 6.78 6.80 6.92 6.63 14123
20140124 6.74 6.83 6.91 6.73 10281
20140127 6.83 6.98 7.22 6.83 20615
20140128 6.95 7.03 7.15 6.88 12861
20140129 6.94 7.02 7.13 6.85 6915
20140130 7.02 7.04 7.09 6.96 5944
20140207 7.04 7.09 7.09 6.86 5548
20140210 7.17 7.31 7.35 7.09 19578
20140211 7.48 7.29 7.49 7.24 9643
20140212 7.21 7.33 7.36 7.21 13906
20140213 7.28 7.28 7.38 7.23 12845
20140214 7.36 7.35 7.36 7.22 13834
20140217 7.32 7.35 7.39 7.27 13132
20140218 7.35 7.35 7.38 7.28 11328
20140219 7.30 7.34 7.45 7.30 12889
20140220 7.40 7.10 7.40 7.10 16809
20140221 7.10 7.08 7.16 7.02 11559
20140224 7.08 6.98 7.10 6.90 11976
20140225 6.99 6.75 7.00 6.70 13470
20140226 6.72 6.81 6.84 6.63 9704
20140227 6.79 6.76 6.95 6.76 7882
20140228 6.70 7.00 7.02 6.70 9080
20140303 7.01 7.16 7.19 6.98 15377
20140304 7.24 7.15 7.30 7.01 17723
20140305 7.05 7.21 7.30 7.02 15098
20140306 7.17 7.18 7.20 7.03 12240
20140307 7.20 7.21 7.25 7.10 9782
20140310 7.18 6.97 7.18 6.89 9880
20140311 6.96 6.98 7.05 6.68 7625
20140312 6.98 6.99 7.03 6.85 6186
20140313 7.01 7.12 7.20 7.01 8341
20140314 7.01 7.11 7.15 7.01 9159
20140317 7.11 7.23 7.26 7.03 13883
20140318 7.29 7.21 7.29 7.19 10031
20140319 7.02 7.21 7.27 7.02 14155
20140320 7.28 7.24 7.49 7.20 34856
20140321 7.21 7.31 7.33 7.13 26375
20140324 7.35 7.58 7.60 7.30 47973
20140325 7.58 7.52 7.58 7.45 29087
20140326 7.54 7.50 7.57 7.36 14059
20140327 7.46 7.37 7.49 7.36 15767
20140328 7.31 7.42 7.46 7.24 11932
20140331 7.39 7.06 7.48 7.06 16474
20140401 7.08 7.16 7.17 7.06 11584
20140402 7.16 7.18 7.50 7.15 15364
20140403 7.13 7.13 7.25 7.07 7118
20140404 7.24 7.26 7.29 7.12 12849
20140408 7.15 7.25 7.29 7.06 8290
20140409 7.26 7.27 7.30 7.20 11296
20140410 7.27 7.27 7.32 7.20 11173
20140411 7.25 7.28 7.31 7.22 12405
20140414 7.28 7.40 7.43 7.20 20672
20140415 7.38 7.39 7.42 7.30 14750
20140416 7.39 7.32 7.41 7.28 14985
20140417 7.30 7.26 7.35 7.22 14230
20140418 7.20 7.21 7.27 7.14 14505
20140421 7.20 7.03 7.20 7.03 15338
20140422 7.04 7.06 7.10 6.93 12253
20140423 7.10 7.06 7.15 7.04 5805
20140424 7.10 7.05 7.10 6.96 4012
20140425 7.08 7.00 7.10 6.97 10565
20140428 7.00 6.75 7.00 6.69 15362
20140429 6.71 6.81 6.85 6.66 7763
20140430 6.80 6.96 6.98 6.74 7044
20140505 6.81 7.01 7.01 6.81 4948
20140506 7.00 6.95 7.09 6.91 5661
20140507 6.86 6.82 6.95 6.76 4432
20140508 6.73 6.86 6.92 6.73 3361
20140509 6.86 6.87 6.96 6.80 4082
20140512 6.87 7.05 7.06 6.80 9181
20140513 6.99 6.96 7.08 6.93 9594
20140514 6.95 6.91 6.98 6.81 9737
20140515 6.84 6.84 6.93 6.77 5689
20140516 6.76 6.78 6.87 6.76 5330
20140519 6.77 6.73 6.78 6.59 6356
20140520 6.73 6.71 6.76 6.55 11314
20140521 6.67 6.64 6.72 6.55 9493
20140522 6.61 6.58 6.67 6.56 11397
20140523 6.58 6.63 6.66 6.57 5943
20140526 6.63 6.75 6.84 6.63 13998
20140527 6.76 6.72 6.83 6.71 4222
20140528 6.72 6.81 6.87 6.72 8750
20140529 6.80 6.77 6.89 6.75 5200
20140530 6.77 6.83 6.87 6.77 7144
20140603 6.88 6.85 6.89 6.81 6106
20140604 6.87 6.78 6.87 6.65 7797
20140605 6.72 6.81 6.84 6.70 5439
20140606 6.81 6.84 6.84 6.74 8605
20140609 6.81 6.74 6.88 6.72 6727
20140610 6.74 6.81 6.82 6.72 6186
20140611 6.82 6.82 6.84 6.77 7942
20140612 6.82 6.86 6.95 6.80 11297
20140613 6.85 6.92 7.00 6.83 8505
20140616 6.90 6.97 7.02 6.90 11431
20140617 6.98 6.91 7.00 6.85 7396
20140618 6.88 6.92 7.00 6.88 6803
20140619 6.92 6.69 6.92 6.67 7797
20140620 6.68 6.82 6.83 6.62 6948
20140623 6.89 6.83 6.89 6.62 6646
20140624 6.80 6.79 6.87 6.76 8514
20140625 6.77 6.79 6.82 6.72 10949
20140626 6.79 6.82 6.83 6.78 9320
20140627 6.80 7.12 7.33 6.77 32667
20140630 7.00 7.11 7.18 6.98 16599
20140701 7.18 7.14 7.19 7.05 11323
20140702 7.12 7.23 7.30 7.12 14304
20140703 7.20 7.24 7.28 7.17 8723
20140704 7.24 7.28 7.29 7.16 11970
20140707 7.30 7.23 7.30 7.15 15723
20140708 7.23 7.15 7.23 7.12 17217
20140709 7.15 7.08 7.18 7.08 8090
20140710 7.08 7.07 7.12 7.02 11891
20140711 7.07 7.10 7.16 7.02 12509
20140714 7.10 7.14 7.25 7.08 23115
20140715 7.14 7.50 7.65 7.14 56268
20140716 7.50 7.40 7.50 7.31 28764
20140717 7.35 7.30 7.41 7.25 11751
20140718 7.30 7.43 7.47 7.25 19127
20140721 7.42 7.25 7.44 7.20 9018
20140722 7.27 7.34 7.35 7.20 28103
20140723 7.29 7.17 7.29 7.13 21027
20140724 7.20 7.18 7.23 7.07 11088
20140725 7.17 7.13 7.26 7.10 21682
20140728 7.16 7.23 7.25 7.12 28945
20140729 7.23 7.30 7.35 7.23 17620
20140730 7.29 7.29 7.35 7.24 15852
20140731 7.32 7.35 7.36 7.28 21380
20140801 7.35 7.23 7.36 7.22 18648
20140804 7.25 7.37 7.39 7.17 26561
20140805 7.37 7.37 7.39 7.28 22902
20140806 7.37 7.39 7.48 7.33 23347
20140807 7.40 7.40 7.49 7.36 22808
20140808 7.44 7.82 8.04 7.40 76262
20140811 7.70 7.81 7.83 7.65 33247
20140812 7.79 7.84 7.89 7.71 25442
20140813 7.80 7.85 7.87 7.71 17191
20140814 7.83 7.69 7.88 7.69 19696
20140815 7.71 7.83 7.94 7.70 22924
20140818 7.83 7.94 8.00 7.77 24400
20140819 7.93 8.24 8.53 7.88 55685
20140820 8.24 8.20 8.38 8.16 30552
20140821 8.26 8.21 8.26 8.11 21673
20140822 8.15 8.21 8.32 8.15 22136
20140825 8.21 8.27 8.54 8.18 25986
20140826 8.30 8.01 8.33 7.91 34317
20140827 8.00 8.14 8.18 7.97 16206
20140828 8.16 8.08 8.36 8.01 22646
20140829 8.06 8.16 8.25 8.06 16973
20140901 8.11 8.43 8.46 8.11 27504
20140902 8.43 8.65 8.66 8.35 41293
20140903 8.62 8.71 8.93 8.57 34510
20140904 8.66 8.78 8.90 8.65 34188
20140905 8.78 8.91 8.93 8.60 40503
20140909 8.89 9.12 9.20 8.80 39387
20140910 9.10 9.18 9.30 9.00 33081
20140911 9.18 8.97 9.40 8.75 59467
20140912 8.99 9.27 9.27 8.83 28369
20140915 9.27 9.30 9.44 9.02 41348
20140916 9.29 8.85 9.30 8.80 39233
20140917 8.81 8.89 8.99 8.71 33667
20140918 8.90 9.11 9.13 8.80 36271
20140919 9.11 9.30 9.46 9.00 34998
20140922 9.18 9.06 9.24 8.93 33981
20140923 9.11 9.07 9.18 8.97 40939
20140924 9.05 9.10 9.16 9.03 30128
20140925 9.13 9.12 9.23 8.99 35519
20140926 9.12 9.23 9.30 9.03 35376
20140929 9.25 9.69 9.70 9.15 59231
20140930 9.70 10.03 10.27 9.69 60461
20141008 9.91 10.00 10.09 9.85 35289
20141009 10.00 10.18 10.29 9.95 44451
20141010 10.18 10.52 10.68 10.00 63000
20141013 10.55 10.55 10.62 10.13 46204
20141014 10.31 10.26 10.55 10.16 36750
20141015 10.18 10.42 10.49 10.18 37451
20141016 10.40 10.22 10.45 10.17 29836
20141017 10.16 10.10 10.30 9.68 59861
20141020 9.98 10.21 10.42 9.98 34156
20141021 10.12 10.24 10.35 10.02 20768
20141022 10.27 10.08 10.33 10.06 21722
20141023 10.07 9.87 10.10 9.73 22793
20141024 9.80 9.87 10.05 9.80 19738
20141027 9.87 10.07 10.14 9.68 22675
20141028 10.07 10.29 10.35 10.03 28293
20141029 10.35 10.42 10.45 10.25 37881
20141030 10.40 10.60 10.70 10.39 42480
20141031 10.65 11.43 11.60 10.43 78482
20141103 11.34 11.46 11.57 11.17 46412
20141104 11.38 11.44 11.72 11.29 33175
20141105 11.32 11.40 11.54 11.10 37964
20141106 11.42 11.71 11.90 11.21 45133
20141107 11.76 11.69 11.77 11.48 33328
20141110 11.51 11.28 11.61 11.26 30794
20141111 11.28 10.47 11.30 10.40 72157
20141112 10.46 10.82 10.83 10.43 32177
20141113 10.79 10.58 10.95 10.49 29070
20141114 10.55 10.57 10.63 10.43 23186
20141117 10.57 10.67 10.88 10.38 24840
20141118 10.71 11.21 11.26 10.65 38077
20141119 11.27 11.49 11.70 11.05 42905
20141120 11.41 11.60 11.78 11.30 32535
20141121 11.67 11.48 11.73 11.40 23685
20141124 11.50 11.46 11.63 11.23 44021
20141125 11.48 11.74 11.95 11.27 41039
20141126 11.65 11.99 12.15 11.50 45310
20141127 12.05 12.44 12.59 11.95 54373
20141128 12.64 12.40 12.64 12.23 44235
20141201 12.42 12.10 12.66 12.03 32158
20141202 12.08 12.12 12.22 11.86 22891
20141203 12.10 11.97 12.21 11.47 51701
20141204 12.00 11.88 12.10 11.60 39807
20141205 12.00 10.93 12.00 10.69 84354
20141208 10.79 10.85 11.38 10.57 48908
20141209 10.68 9.89 10.69 9.88 73918
20141210 9.80 10.31 10.47 9.76 39090
20141211 10.00 10.20 10.35 10.00 42960
20141212 10.20 11.22 11.22 10.03 113158
20141215 11.21 11.48 11.55 10.88 78770
20141216 11.15 11.61 12.20 11.15 77320
20141217 11.47 12.27 12.40 11.10 122790
20141218 12.10 11.97 12.36 11.83 44940
20141219 11.93 11.66 12.15 11.35 41500
20141222 11.39 11.33 11.70 10.66 71417
20141223 11.03 10.87 11.19 10.80 20104
20141224 10.88 11.29 11.31 10.85 21416
20141225 11.27 11.18 11.27 11.03 33430
20141226 11.05 11.22 11.25 11.02 18180
20141229 11.21 10.89 11.21 10.80 27904
20141230 10.76 10.44 10.99 10.30 25141
20141231 10.44 10.61 10.65 10.44 22369
20150105 10.60 10.81 10.98 10.55 25776
20150106 10.76 10.97 10.99 10.50 24805
20150107 10.98 11.30 11.47 10.98 33620
20150108 11.22 11.19 11.45 11.16 22583
20150109 11.25 11.14 11.44 11.10 26462
20150112 11.23 10.74 11.23 10.59 24965
20150113 10.80 10.92 11.08 10.55 17004
20150114 10.92 10.78 10.94 10.60 17707
20150115 10.79 10.79 10.84 10.70 18798
20150116 10.79 10.84 10.89 10.63 17816
20150119 10.65 11.00 11.18 10.43 37796
20150120 11.10 11.70 11.88 11.08 61984
20150529 12.87 12.87 12.87 12.87 12640
20150601 14.16 14.16 14.16 14.16 3606
20150602 15.58 15.58 15.58 15.58 3509
20150603 17.14 17.14 17.14 17.14 10133
20150604 18.85 18.85 18.85 18.80 315661
20150605 18.90 18.77 19.73 17.90 326258
20150608 18.98 18.05 19.27 18.01 219394
20150609 18.06 18.56 18.65 17.85 164268
20150610 18.46 18.89 19.41 18.22 242316
20150611 18.85 19.96 20.64 18.13 206356
20150612 19.79 21.47 21.96 19.63 208545
20150615 21.92 20.84 23.00 20.58 197568
20150616 20.50 19.46 20.50 19.19 153327
20150617 19.46 20.06 20.36 18.49 140157
20150618 19.80 18.70 19.99 18.40 106885
20150619 18.10 16.83 18.45 16.83 95388
20150623 16.66 16.40 17.20 15.38 91377
20150624 16.53 17.25 17.45 16.53 127511
20150625 17.41 16.95 18.18 16.77 94476
20150626 15.99 15.26 17.49 15.26 132694
20150629 15.60 13.73 15.97 13.73 113009
20150630 13.85 15.10 15.10 12.41 154285
20150701 14.70 13.59 15.50 13.59 97253
20150702 13.59 12.23 14.02 12.23 110912
20150703 11.65 11.01 12.37 11.01 143684
20150706 12.11 9.91 12.11 9.91 149871
20150707 9.05 8.92 9.35 8.92 45749
20150708 8.03 8.03 8.03 8.03 3759
20150709 7.23 8.83 8.83 7.23 120184
20150710 9.01 9.71 9.71 8.93 42215
20150713 10.60 10.68 10.68 10.10 96232
20150714 11.30 11.75 11.75 11.23 190216
20150715 11.50 10.58 11.97 10.58 149947
20150716 9.81 11.57 11.60 9.68 95920
20150717 11.50 12.14 12.50 11.21 85020
20150720 12.14 13.15 13.19 11.93 110353
20150721 12.89 13.26 13.70 12.50 89305
20150722 13.20 13.44 13.70 12.66 87853
20150723 13.30 14.73 14.78 13.18 100543
20150724 14.50 14.17 14.94 14.10 87857
20150727 13.78 12.75 14.53 12.75 110784
20150728 12.00 12.07 13.10 11.48 84063
20150729 12.80 13.08 13.10 11.70 50386
20150730 13.06 12.69 13.49 12.50 63257
