20140102 2.06 2.06 2.07 2.05 41065
20140103 2.06 2.04 2.06 2.02 67472
20140106 2.03 1.99 2.04 1.97 97445
20140107 1.98 1.98 2.00 1.97 41564
20140108 1.98 1.98 1.99 1.97 46297
20140109 1.98 1.96 2.00 1.95 67222
20140110 1.96 1.94 1.96 1.92 71482
20140113 1.93 1.94 1.96 1.92 51677
20140114 1.94 1.97 1.97 1.93 52419
20140115 1.96 2.01 2.01 1.95 100546
20140116 2.00 2.00 2.04 1.99 87665
20140117 2.00 1.96 2.00 1.94 67943
20140120 1.95 1.95 1.97 1.93 40291
20140121 1.96 2.02 2.02 1.95 94768
20140122 2.02 2.07 2.07 2.01 157778
20140123 2.06 2.07 2.08 2.04 108459
20140124 2.10 2.09 2.13 2.07 274794
20140127 2.08 2.04 2.08 2.04 112460
20140128 2.03 2.04 2.06 2.03 60114
20140129 2.05 2.05 2.05 2.03 44655
20140130 2.05 2.01 2.05 2.01 43645
20140207 2.02 2.05 2.05 2.01 55948
20140210 2.06 2.09 2.09 2.05 133573
20140211 2.08 2.08 2.10 2.07 113328
20140212 2.08 2.11 2.13 2.07 198438
20140213 2.10 2.07 2.11 2.07 133776
20140214 2.07 2.11 2.11 2.07 153687
20140217 2.11 2.13 2.14 2.10 160644
20140218 2.12 2.12 2.14 2.10 138033
20140219 2.11 2.15 2.16 2.10 203078
20140220 2.14 2.13 2.15 2.11 142705
20140221 2.13 2.10 2.13 2.09 107070
20140224 2.08 2.05 2.09 2.03 156632
20140225 2.05 1.98 2.06 1.97 180899
20140226 1.99 2.01 2.01 1.97 78283
20140227 2.01 1.99 2.02 1.98 76032
20140228 1.99 2.01 2.01 1.98 82648
20140303 2.01 2.04 2.04 2.00 90023
20140304 2.04 2.03 2.04 2.02 65145
20140305 2.03 2.02 2.06 2.02 93860
20140306 2.02 2.05 2.05 2.01 67592
20140307 2.05 2.02 2.05 2.02 49974
20140310 2.02 1.99 2.03 1.97 97600
20140311 1.99 2.00 2.01 1.97 62529
20140312 2.00 2.01 2.02 1.98 68414
20140313 2.01 2.03 2.03 2.00 57486
20140314 2.02 2.03 2.03 1.99 104019
20140317 2.04 2.09 2.09 2.04 192787
20140318 2.08 2.05 2.08 2.04 168107
20140319 2.05 2.04 2.06 2.02 94986
20140320 2.04 2.02 2.06 2.02 89526
20140321 2.02 2.11 2.11 2.00 251893
20140324 2.13 2.10 2.14 2.07 248366
20140325 2.11 2.09 2.12 2.08 165834
20140326 2.09 2.12 2.12 2.07 138714
20140327 2.10 2.09 2.12 2.08 94601
20140328 2.09 2.07 2.11 2.07 98558
20140331 2.07 2.07 2.10 2.06 82652
20140401 2.07 2.09 2.09 2.07 63194
20140402 2.09 2.11 2.12 2.07 168014
20140403 2.10 2.08 2.12 2.07 119842
20140404 2.08 2.11 2.12 2.07 117454
20140408 2.10 2.12 2.13 2.09 137778
20140409 2.11 2.11 2.13 2.10 119282
20140410 2.11 2.11 2.12 2.09 134653
20140411 2.10 2.11 2.11 2.09 133165
20140414 2.10 2.15 2.18 2.09 286713
20140415 2.15 2.12 2.15 2.10 263781
20140416 2.11 2.10 2.12 2.10 92440
20140417 2.10 2.09 2.12 2.09 86324
20140418 2.09 2.09 2.10 2.08 65386
20140421 2.09 2.05 2.09 2.04 104907
20140422 2.05 2.06 2.07 2.03 111037
20140423 2.05 2.04 2.07 2.03 104404
20140424 2.04 2.05 2.06 2.03 82495
20140425 2.05 2.02 2.07 2.01 94480
20140428 2.01 1.98 2.03 1.97 98398
20140429 1.97 1.97 1.98 1.94 110128
20140430 1.97 1.98 1.99 1.96 69485
20140505 1.98 1.99 1.99 1.96 56395
20140506 1.99 1.99 2.01 1.98 60224
20140507 1.99 1.97 1.99 1.97 50597
20140508 1.97 1.99 2.01 1.96 54401
20140509 1.98 1.97 1.99 1.96 60516
20140512 1.98 2.01 2.02 1.97 89297
20140513 2.01 2.00 2.02 1.99 53522
20140514 2.00 2.00 2.01 1.99 43489
20140515 2.00 1.98 2.01 1.97 61164
20140516 1.98 1.99 2.00 1.96 63428
20140519 1.98 1.97 1.99 1.96 49868
20140520 1.98 1.98 1.99 1.97 33207
20140521 1.97 1.98 1.99 1.96 48555
20140522 1.98 1.98 2.00 1.97 57028
20140523 1.97 1.98 1.99 1.96 36129
20140526 1.99 1.98 2.00 1.97 57284
20140527 1.98 1.99 2.00 1.98 34228
20140528 1.99 2.00 2.00 1.98 66923
20140529 2.00 1.99 2.00 1.98 50565
20140530 1.99 1.98 2.00 1.97 53892
20140603 1.98 1.98 2.00 1.98 52349
20140604 1.98 1.97 1.99 1.96 39282
20140605 1.97 1.99 1.99 1.96 35996
20140606 1.99 1.96 1.99 1.96 32752
20140609 1.96 1.97 1.98 1.96 54114
20140610 1.97 1.98 1.99 1.96 53048
20140611 1.99 1.99 1.99 1.97 33569
20140612 1.98 1.98 1.99 1.97 39206
20140613 1.98 2.00 2.00 1.98 54247
20140616 1.99 1.99 2.00 1.98 56347
20140617 1.98 1.98 1.99 1.97 40837
20140618 1.98 1.98 1.99 1.97 68737
20140619 1.98 1.97 1.99 1.95 53481
20140620 1.96 1.96 1.98 1.95 55559
20140623 1.96 1.96 1.97 1.95 43162
20140624 1.95 1.96 1.97 1.95 46600
20140625 1.96 1.95 1.96 1.95 29125
20140626 1.95 1.97 1.98 1.95 63739
20140627 1.97 2.00 2.03 1.96 166799
20140630 2.00 2.02 2.02 1.98 88688
20140701 2.02 2.01 2.02 2.00 65371
20140702 2.02 2.02 2.03 2.00 86246
20140703 2.01 2.06 2.07 2.01 214629
20140704 2.06 2.05 2.07 2.04 123339
20140707 2.06 2.06 2.07 2.04 108833
20140708 2.05 2.05 2.06 2.03 109278
20140709 2.04 2.00 2.05 2.00 124745
20140710 2.00 2.02 2.03 2.00 74669
20140711 2.01 2.03 2.04 2.01 67780
20140714 2.03 2.05 2.06 2.03 104543
20140715 2.06 2.06 2.06 2.04 110118
20140716 2.06 2.05 2.07 2.05 134337
20140717 2.06 2.03 2.06 2.03 87024
20140718 2.04 2.04 2.06 2.03 56304
20140721 2.04 2.05 2.06 2.03 52312
20140722 2.05 2.06 2.06 2.03 94031
20140723 2.06 2.05 2.07 2.04 137018
20140724 2.04 2.06 2.06 2.03 160554
20140725 2.06 2.08 2.09 2.04 266779
20140728 2.08 2.10 2.11 2.08 266605
20140729 2.11 2.11 2.12 2.09 241517
20140730 2.11 2.12 2.12 2.09 198846
20140731 2.11 2.19 2.28 2.11 833890
20140801 2.17 2.15 2.19 2.14 384760
20140804 2.15 2.20 2.21 2.15 331800
20140805 2.20 2.20 2.23 2.18 264897
20140806 2.20 2.27 2.31 2.18 562403
20140807 2.26 2.22 2.29 2.20 373456
20140808 2.23 2.21 2.24 2.18 201888
20140811 2.22 2.24 2.25 2.21 194899
20140812 2.24 2.24 2.25 2.20 188390
20140813 2.24 2.22 2.24 2.19 184798
20140814 2.21 2.20 2.25 2.19 225823
20140815 2.20 2.22 2.22 2.19 190448
20140818 2.21 2.25 2.27 2.21 267031
20140819 2.25 2.26 2.28 2.23 209769
20140820 2.26 2.27 2.28 2.25 265338
20140821 2.26 2.31 2.37 2.26 540711
20140822 2.31 2.30 2.31 2.27 226850
20140825 2.30 2.28 2.32 2.27 212679
20140826 2.28 2.23 2.29 2.21 248635
20140827 2.23 2.25 2.26 2.21 178598
20140828 2.23 2.22 2.25 2.21 139270
20140829 2.22 2.25 2.25 2.21 117075
20140901 2.29 2.30 2.34 2.28 298088
20140902 2.30 2.34 2.35 2.28 292889
20140903 2.34 2.34 2.35 2.32 227443
20140904 2.33 2.39 2.45 2.31 465497
20140905 2.38 2.40 2.42 2.36 259251
20140909 2.42 2.45 2.48 2.41 365854
20140910 2.44 2.52 2.53 2.42 442486
20140911 2.51 2.77 2.77 2.50 628031
20140912 2.85 2.93 3.05 2.83 2286010
20140915 2.88 2.89 2.93 2.79 1025493
20140916 2.85 3.06 3.18 2.84 1972522
20140917 3.09 3.25 3.37 2.93 1908902
20140918 3.10 3.12 3.35 3.07 1261862
20140919 3.10 3.05 3.12 3.00 839209
20140922 3.03 2.99 3.03 2.96 521505
20140923 3.00 3.09 3.09 2.96 639061
20140924 3.06 3.11 3.19 3.04 661260
20140925 3.10 3.06 3.13 3.01 595662
20140926 3.04 3.18 3.33 3.00 1044163
20140929 3.13 3.12 3.20 3.09 600343
20140930 3.14 3.14 3.21 3.10 433136
20141008 3.17 3.18 3.24 3.16 382760
20141009 3.19 3.34 3.35 3.19 798262
20141010 3.34 3.29 3.39 3.27 503538
20141013 3.28 3.30 3.44 3.26 605522
20141014 3.31 3.20 3.34 3.17 608184
20141015 3.22 3.21 3.25 3.13 448836
20141016 3.18 3.07 3.22 3.00 559737
20141017 3.06 2.98 3.06 2.83 524375
20141020 3.00 3.03 3.03 2.92 269053
20141021 3.04 2.98 3.04 2.97 206092
20141022 2.98 2.90 2.99 2.86 229923
20141023 2.88 2.80 2.89 2.79 280461
20141024 2.79 2.82 2.86 2.79 181191
20141027 2.83 2.85 2.89 2.81 166501
20141028 2.86 2.95 2.95 2.86 222178
20141029 2.97 3.00 3.05 2.96 329656
20141030 3.01 3.11 3.19 2.99 595610
20141031 3.13 3.08 3.19 3.03 514956
20141103 3.07 3.20 3.23 3.04 671903
20141104 3.19 3.28 3.30 3.15 803266
20141105 3.42 3.61 3.61 3.42 1284624
20141106 3.65 3.43 3.65 3.33 1577414
20141107 3.40 3.28 3.50 3.24 1077818
20141110 3.32 3.35 3.37 3.21 593245
20141111 3.35 3.16 3.36 3.13 614418
20141112 3.14 3.21 3.22 3.12 268077
20141113 3.21 3.17 3.21 3.13 253132
20141114 3.13 3.19 3.19 3.11 250443
20141117 3.20 3.19 3.24 3.16 277341
20141118 3.18 3.21 3.23 3.16 185173
20141119 3.21 3.21 3.23 3.18 184914
20141120 3.21 3.32 3.32 3.19 470479
20141121 3.32 3.30 3.34 3.27 249955
20141124 3.34 3.35 3.40 3.28 503392
20141125 3.35 3.33 3.37 3.29 408643
20141126 3.33 3.38 3.50 3.24 990715
20141127 3.35 3.34 3.37 3.28 527546
20141128 3.34 3.30 3.36 3.25 406896
20141201 3.33 3.27 3.34 3.26 378634
20141202 3.27 3.29 3.31 3.26 338516
20141203 3.28 3.34 3.38 3.27 637609
20141204 3.34 3.39 3.42 3.32 689118
20141205 3.40 3.24 3.42 3.13 667496
20141208 3.21 3.31 3.34 3.16 482803
20141209 3.28 3.21 3.43 3.13 978438
20141210 3.17 3.27 3.28 3.15 387002
20141211 3.26 3.46 3.48 3.25 886627
20141212 3.40 3.44 3.55 3.39 802824
20141215 3.43 3.60 3.73 3.35 1044604
20141216 3.57 3.80 3.86 3.53 1336235
20141217 3.80 3.68 3.80 3.61 870045
20141218 3.63 3.62 3.71 3.60 431075
20141219 3.62 3.81 3.82 3.53 993574
20141222 3.90 3.71 4.05 3.66 955908
20141223 3.66 3.47 3.70 3.46 464232
20141224 3.49 3.58 3.60 3.42 334048
20141225 3.58 3.76 3.79 3.54 523376
20141226 3.78 3.72 3.91 3.69 639573
20141229 3.71 3.72 3.78 3.68 512040
20141230 3.74 3.88 3.99 3.73 1023653
20141231 3.84 3.83 3.88 3.73 559040
20150105 3.82 3.90 3.97 3.80 635385
20150106 3.93 3.94 4.03 3.87 600558
20150107 3.94 3.85 3.94 3.81 487818
20150108 3.88 3.71 3.88 3.70 422017
20150109 3.71 3.69 3.78 3.68 262068
20150112 3.68 3.52 3.69 3.50 316537
20150113 3.52 3.55 3.61 3.50 154334
20150114 3.57 3.53 3.58 3.51 153299
20150115 3.52 3.59 3.60 3.49 255114
20150116 3.60 3.61 3.64 3.57 173934
20150119 3.48 3.25 3.51 3.25 438369
20150120 3.26 3.37 3.40 3.26 266647
20150121 3.38 3.48 3.49 3.37 257691
20150122 3.50 3.51 3.55 3.47 234823
20150123 3.50 3.48 3.55 3.46 212241
20150126 3.48 3.55 3.56 3.45 194384
20150127 3.56 3.61 3.62 3.52 306561
20150128 3.61 3.77 3.80 3.54 651976
20150129 3.68 3.67 3.74 3.65 367368
20150130 3.67 3.56 3.71 3.55 243116
20150202 3.55 3.56 3.63 3.45 189765
20150203 3.56 3.62 3.67 3.56 157623
20150204 3.64 3.62 3.66 3.60 183077
20150205 3.67 3.49 3.68 3.47 191621
20150206 3.49 3.38 3.53 3.36 183207
20150209 3.36 3.39 3.43 3.36 95289
20150210 3.40 3.44 3.47 3.37 102103
20150211 3.46 3.45 3.49 3.43 82176
20150212 3.45 3.51 3.53 3.45 122790
20150213 3.50 3.56 3.60 3.50 142494
20150216 3.58 3.72 3.79 3.56 429264
20150217 3.73 3.66 3.75 3.65 211284
20150225 3.68 3.70 3.75 3.64 230658
20150226 3.70 3.77 3.77 3.67 317759
20150227 3.77 3.75 3.79 3.73 224405
20150302 3.80 3.78 3.82 3.75 276907
20150303 3.78 3.85 3.90 3.68 627324
20150304 3.81 3.88 3.92 3.80 424788
20150305 3.90 3.96 4.02 3.89 652800
20150306 3.96 4.20 4.35 3.91 941825
20150309 4.14 4.30 4.34 4.11 620968
20150310 4.31 4.30 4.48 4.24 546243
20150311 4.31 4.73 4.73 4.31 1101396
20150312 4.79 4.76 5.06 4.56 1347351
20150313 4.72 4.74 4.78 4.58 579661
20150316 4.78 4.90 5.03 4.63 823537
20150317 4.92 4.89 4.97 4.81 642743
20150318 4.93 4.90 4.96 4.83 611064
20150319 4.89 4.85 4.90 4.80 735427
20150320 4.82 5.11 5.17 4.82 891637
20150323 5.14 5.21 5.24 5.02 792030
20150324 5.28 5.37 5.47 5.05 862275
20150325 5.37 5.78 5.90 5.26 1044462
20150326 5.80 5.90 6.05 5.56 1106313
20150327 5.90 5.86 5.97 5.78 466522
20150330 5.91 5.99 6.15 5.81 586066
20150331 6.02 5.87 6.15 5.82 607897
20150401 5.87 5.93 6.00 5.70 654798
20150402 5.93 6.03 6.03 5.78 604755
20150403 6.01 6.24 6.34 5.93 698356
20150407 6.25 6.24 6.34 6.15 732659
20150408 6.19 6.05 6.23 5.91 839080
20150409 6.02 5.84 6.02 5.55 659505
20150410 5.84 5.87 5.93 5.71 427716
20150413 5.87 6.08 6.19 5.79 627196
20150414 6.08 6.09 6.21 5.96 705554
20150415 6.00 5.90 6.08 5.80 533326
20150416 5.81 5.94 6.01 5.75 432413
20150417 5.95 6.53 6.53 5.95 1342432
20150420 6.58 6.46 6.78 6.20 1124810
20150421 6.47 6.68 6.69 6.39 603715
20150422 6.75 7.14 7.25 6.75 711992
20150423 7.15 7.37 7.47 6.99 766641
20150424 7.19 7.17 7.32 6.98 569054
20150427 7.16 7.25 7.65 7.15 560614
20150428 7.33 6.87 7.33 6.73 719160
20150429 6.85 6.99 7.10 6.68 448174
20150430 6.97 6.97 7.08 6.83 430867
20150504 6.97 6.93 7.06 6.81 357665
20150505 7.01 6.78 7.17 6.70 465880
20150506 6.85 6.42 6.89 6.25 459187
20150507 6.30 5.99 6.42 5.93 465927
20150508 5.98 6.14 6.15 5.98 387322
20150511 6.32 6.31 6.38 6.18 541179
20150512 6.32 6.49 6.54 6.32 419178
20150513 6.57 6.30 6.58 6.25 511589
20150514 6.30 6.74 6.89 6.26 738319
20150515 6.68 7.01 7.20 6.56 855068
20150518 7.03 6.87 7.24 6.83 561561
20150519 6.89 7.00 7.06 6.82 445909
20150520 7.00 7.14 7.25 6.92 653771
20150521 7.15 7.23 7.28 7.05 565340
20150522 7.37 7.46 7.58 7.20 776187
20150525 7.46 8.20 8.21 7.34 1016136
20150526 8.20 8.95 9.00 8.01 1128363
20150527 8.99 9.09 9.48 8.51 1004196
20150528 9.11 8.31 9.31 8.23 907119
20150529 8.31 8.32 8.60 7.50 775400
20150601 8.35 8.92 8.99 8.21 662819
20150602 8.92 9.81 9.81 8.92 846447
20150603 10.10 10.44 10.68 9.44 1079100
20150604 10.41 10.12 10.55 9.40 893792
20150605 10.19 10.05 10.52 9.80 960230
20150608 10.03 9.90 10.03 9.60 728168
20150609 9.79 10.12 10.25 9.65 629761
20150610 10.12 10.79 10.97 9.85 842249
20150611 10.79 11.87 11.87 10.79 955886
20150612 12.05 11.89 12.45 11.31 1239355
20150615 11.70 11.66 11.99 11.45 638096
20150616 11.40 10.81 11.55 10.76 657285
20150617 10.81 11.25 11.31 9.95 715289
20150618 11.20 11.00 11.72 10.90 694223
20150619 10.58 9.90 10.95 9.90 482795
20150623 9.90 9.59 10.10 8.91 548954
20150624 9.72 9.82 10.19 9.50 537945
20150625 9.90 9.10 9.99 8.86 539531
20150626 8.70 8.19 8.70 8.19 453567
20150629 8.35 7.37 8.57 7.37 668859
20150630 7.11 7.65 7.73 6.63 805120
20150701 7.64 7.83 8.42 7.27 1213488
20150702 7.75 7.16 8.21 7.14 1089164
20150703 6.86 6.44 7.51 6.44 812801
20150706 7.08 5.80 7.08 5.80 987180
20150707 5.31 5.22 5.51 5.22 487312
20150714 5.74 5.74 5.74 5.74 14949
20150715 6.31 5.91 6.31 5.67 1338187
20150716 5.41 6.03 6.36 5.41 770678
20150717 6.06 6.44 6.55 6.00 811582
20150720 6.55 6.66 6.75 6.30 927084
20150721 6.49 6.69 6.77 6.39 645734
20150722 6.58 6.68 6.74 6.34 721694
20150723 6.60 7.12 7.20 6.56 903262
20150724 7.10 7.26 7.47 7.00 1103739
20150727 6.99 6.53 7.20 6.53 675549
20150728 5.92 5.88 6.50 5.88 696984
20150729 6.05 6.33 6.40 5.67 514581
20150730 6.40 6.14 6.55 5.91 546050
