20140102 3.88 3.88 3.92 3.85 19374
20140103 3.85 3.65 3.89 3.60 83141
20140106 3.60 3.47 3.62 3.47 37082
20140107 3.49 3.53 3.55 3.46 21364
20140108 3.53 3.40 3.58 3.35 45522
20140109 3.40 3.30 3.44 3.30 26171
20140110 3.30 3.30 3.35 3.26 21986
20140113 3.30 3.22 3.35 3.21 26816
20140114 3.22 3.31 3.32 3.21 22548
20140115 3.30 3.37 3.39 3.23 24644
20140116 3.35 3.34 3.38 3.32 17935
20140117 3.35 3.24 3.35 3.22 24579
20140120 3.23 3.22 3.28 3.19 27410
20140121 3.21 3.26 3.26 3.20 20511
20140122 3.26 3.39 3.39 3.24 32015
20140123 3.39 3.41 3.47 3.39 41231
20140124 3.38 3.43 3.46 3.35 58764
20140127 3.39 3.36 3.41 3.35 31918
20140128 3.36 3.31 3.38 3.30 25319
20140129 3.33 3.34 3.35 3.29 22002
20140130 3.34 3.35 3.39 3.30 25801
20140207 3.33 3.37 3.38 3.26 24416
20140210 3.37 3.47 3.47 3.35 57241
20140211 3.45 3.49 3.52 3.42 83122
20140212 3.50 3.58 3.65 3.45 160480
20140213 3.55 3.43 3.55 3.42 135325
20140214 3.47 3.48 3.53 3.44 78891
20140217 3.53 3.55 3.56 3.48 159019
20140218 3.54 3.63 3.66 3.51 214787
20140219 3.61 3.65 3.73 3.56 155123
20140220 3.64 3.59 3.70 3.58 88948
20140221 3.59 3.58 3.65 3.54 62700
20140224 3.55 3.41 3.58 3.37 142586
20140225 3.41 3.29 3.44 3.24 74752
20140226 3.29 3.31 3.33 3.25 45213
20140227 3.32 3.29 3.39 3.28 60048
20140228 3.29 3.27 3.29 3.20 43041
20140303 3.27 3.34 3.34 3.25 44867
20140304 3.31 3.34 3.34 3.28 29545
20140305 3.35 3.34 3.38 3.33 42968
20140306 3.32 3.36 3.38 3.29 34638
20140307 3.36 3.39 3.45 3.36 48943
20140310 3.36 3.26 3.38 3.21 45633
20140311 3.24 3.25 3.32 3.21 36178
20140312 3.25 3.21 3.31 3.13 55581
20140313 3.21 3.21 3.28 3.18 32492
20140314 3.21 3.20 3.23 3.18 30073
20140317 3.22 3.24 3.24 3.19 20868
20140318 3.24 3.24 3.26 3.22 24302
20140319 3.23 3.34 3.40 3.23 57831
20140320 3.32 3.27 3.36 3.27 36142
20140321 3.27 3.36 3.45 3.25 69718
20140324 3.38 3.48 3.53 3.36 104629
20140325 3.46 3.44 3.49 3.39 62442
20140326 3.45 3.47 3.47 3.39 40777
20140327 3.46 3.41 3.47 3.40 40392
20140328 3.42 3.75 3.75 3.41 251788
20140331 3.71 3.60 3.76 3.57 209957
20140401 3.62 3.78 3.82 3.58 208322
20140402 3.73 3.75 3.86 3.70 142450
20140403 3.70 3.66 3.75 3.61 100535
20140404 3.65 3.67 3.68 3.62 57065
20140408 3.67 3.77 3.79 3.64 99167
20140409 3.75 3.76 3.77 3.71 54479
20140410 3.75 3.75 3.82 3.73 79492
20140411 3.75 3.80 3.88 3.71 106807
20140414 3.79 3.79 3.81 3.73 63234
20140415 3.79 3.76 3.86 3.74 74167
20140416 3.76 3.69 3.81 3.64 73071
20140417 3.68 3.63 3.69 3.61 55884
20140418 3.61 3.63 3.64 3.59 40534
20140421 3.60 3.52 3.66 3.51 53118
20140422 3.50 3.48 3.54 3.40 72895
20140423 3.49 3.52 3.54 3.45 29749
20140424 3.51 3.45 3.53 3.43 29282
20140425 3.46 3.38 3.48 3.35 48343
20140428 3.34 3.22 3.44 3.20 54335
20140429 3.22 3.26 3.26 3.21 25188
20140430 3.27 3.29 3.29 3.23 18822
20140505 3.28 3.30 3.31 3.23 29455
20140506 3.30 3.37 3.46 3.30 52490
20140507 3.36 3.35 3.42 3.31 22438
20140508 3.32 3.35 3.41 3.32 22036
20140509 3.34 3.36 3.39 3.32 17006
20140512 3.38 3.45 3.46 3.35 50736
20140513 3.44 3.45 3.47 3.40 27320
20140514 3.45 3.41 3.45 3.39 18287
20140515 3.40 3.35 3.45 3.34 23463
20140516 3.37 3.32 3.37 3.26 28347
20140519 3.27 3.28 3.30 3.25 19433
20140520 3.28 3.26 3.33 3.23 16142
20140521 3.25 3.30 3.32 3.24 13957
20140522 3.31 3.29 3.35 3.29 17048
20140526 3.50 3.39 3.52 3.36 51240
20140527 3.41 3.39 3.43 3.36 20236
20140528 3.37 3.40 3.42 3.36 21600
20140529 3.40 3.32 3.41 3.32 28764
20140530 3.33 3.36 3.37 3.33 16485
20140603 3.36 3.33 3.38 3.33 20024
20140604 3.34 3.29 3.34 3.27 15630
20140605 3.30 3.30 3.31 3.26 16595
20140606 3.31 3.29 3.31 3.28 13506
20140609 3.28 3.26 3.30 3.26 10561
20140610 3.27 3.29 3.31 3.25 23063
20140611 3.29 3.30 3.31 3.28 17461
20140612 3.30 3.26 3.31 3.25 26691
20140613 3.26 3.31 3.31 3.25 21998
20140616 3.31 3.37 3.40 3.29 37286
20140617 3.36 3.32 3.37 3.31 17793
20140618 3.30 3.28 3.33 3.27 14871
20140619 3.28 3.19 3.30 3.17 24111
20140620 3.20 3.19 3.20 3.13 20582
20140623 3.18 3.19 3.21 3.18 13365
20140624 3.20 3.51 3.51 3.20 107541
20140625 3.56 3.48 3.57 3.38 113465
20140626 3.47 3.47 3.48 3.39 90274
20140627 3.42 3.44 3.51 3.42 61222
20140630 3.43 3.48 3.52 3.40 70506
20140701 3.45 3.54 3.68 3.43 85725
20140702 3.56 3.52 3.56 3.44 64189
20140703 3.51 3.47 3.52 3.46 45635
20140704 3.47 3.47 3.51 3.43 39882
20140707 3.45 3.45 3.47 3.43 29551
20140708 3.45 3.45 3.45 3.39 31559
20140709 3.44 3.37 3.45 3.36 46534
20140710 3.36 3.39 3.39 3.30 35681
20140711 3.37 3.43 3.46 3.37 36639
20140714 3.44 3.47 3.48 3.36 60750
20140715 3.45 3.50 3.56 3.42 66067
20140716 3.50 3.45 3.50 3.40 50370
20140717 3.45 3.49 3.58 3.45 72822
20140718 3.47 3.51 3.52 3.47 37768
20140721 3.50 3.49 3.51 3.44 31461
20140722 3.50 3.53 3.56 3.47 58623
20140723 3.53 3.54 3.56 3.49 42477
20140724 3.54 3.59 3.60 3.51 71037
20140725 3.59 3.64 3.75 3.56 103449
20140728 3.65 3.69 3.70 3.62 94725
20140729 3.69 3.69 3.71 3.64 87351
20140730 3.69 3.69 3.75 3.63 84361
20140731 3.69 3.76 3.76 3.66 93318
20140801 3.74 3.68 3.85 3.68 106416
20140804 3.71 3.75 3.75 3.66 61721
20140805 3.73 3.79 3.83 3.72 67422
20140806 3.79 3.87 3.91 3.71 113761
20140807 3.87 3.84 4.00 3.80 124662
20140808 3.83 3.81 3.85 3.77 54802
20140811 3.81 3.85 3.85 3.79 49769
20140812 3.85 3.83 3.89 3.79 67205
20140813 3.83 3.80 3.83 3.75 49862
20140814 3.79 3.74 3.82 3.73 46716
20140815 3.74 3.79 3.80 3.73 50776
20140818 3.78 3.82 3.82 3.77 41231
20140819 3.82 3.87 3.90 3.80 82098
20140820 3.85 3.83 3.91 3.81 68523
20140821 3.82 3.85 3.87 3.79 60975
20140822 3.85 3.93 3.94 3.83 84768
20140825 3.91 3.96 4.00 3.86 97171
20140826 3.94 4.06 4.09 3.91 152008
20140827 4.05 3.97 4.18 3.97 126299
20140828 3.95 4.24 4.37 3.91 297678
20140829 4.15 4.17 4.20 4.09 112199
20140901 4.17 4.22 4.35 4.12 93057
20140902 4.21 4.25 4.35 4.20 104477
20140903 4.24 4.40 4.50 4.22 140985
20140904 4.42 4.38 4.50 4.31 120397
20140905 4.38 4.40 4.50 4.35 103915
20140909 4.40 4.65 4.72 4.37 198000
20140910 4.63 4.85 4.95 4.55 217774
20140911 4.80 4.73 4.83 4.65 164956
20140912 4.69 4.85 4.88 4.65 119967
20140915 4.83 5.07 5.07 4.78 132944
20140916 5.06 4.82 5.07 4.74 157426
20140917 4.78 4.74 4.79 4.62 109758
20140918 4.75 4.68 4.76 4.65 56870
20140919 4.66 4.70 4.73 4.63 55034
20140922 4.74 4.85 4.99 4.71 140468
20140923 4.87 4.84 4.92 4.79 52682
20140924 4.84 4.87 4.88 4.78 46654
20140925 4.87 4.93 5.07 4.84 93681
20140926 4.95 4.91 4.96 4.75 113090
20140929 4.89 4.84 4.91 4.82 70812
20140930 4.84 4.95 4.97 4.82 67325
20141008 4.97 5.26 5.36 4.90 185101
20141009 5.26 5.18 5.31 5.08 129510
20141010 5.15 5.29 5.30 5.13 79419
20141013 5.25 5.51 5.62 5.20 184960
20141014 5.50 5.58 5.73 5.42 139116
20141015 5.51 5.67 5.73 5.40 154557
20141016 5.60 5.54 5.74 5.49 141844
20141017 5.51 5.43 5.60 5.29 106934
20141020 5.44 5.89 5.97 5.43 177260
20141021 5.85 6.07 6.40 5.83 194435
20141022 6.00 5.89 6.08 5.84 99304
20141023 5.85 5.75 5.96 5.67 102445
20141024 5.76 5.71 5.93 5.62 84097
20141027 5.67 5.80 5.86 5.65 64989
20141028 5.81 5.91 5.93 5.80 78286
20141029 5.92 6.09 6.22 5.91 157533
20141030 6.08 6.02 6.25 6.00 110688
20141031 6.00 5.90 6.18 5.81 132997
20141103 5.86 6.01 6.08 5.86 111738
20141104 6.05 6.17 6.18 5.93 137411
20141105 6.17 6.06 6.24 6.05 95945
20141106 6.05 6.03 6.09 5.97 51032
20141107 6.05 6.07 6.13 5.97 85510
20141110 6.07 6.08 6.14 5.98 70957
20141111 6.10 5.50 6.12 5.47 229285
20141112 5.48 5.62 5.66 5.28 125606
20141113 5.57 5.45 5.60 5.32 101612
20141114 5.43 5.40 5.47 5.29 53787
20141117 5.38 5.39 5.47 5.30 51776
20141118 5.41 5.42 5.51 5.38 43465
20141119 5.40 5.45 5.45 5.37 38085
20141120 5.43 5.59 5.64 5.39 78570
20141121 5.56 5.60 5.64 5.54 53749
20141124 5.64 5.60 5.67 5.55 68970
20141125 5.63 5.94 5.97 5.60 146007
20141126 5.93 5.97 6.05 5.85 102016
20141127 5.96 5.99 6.04 5.90 76646
20141128 5.99 5.89 5.99 5.80 101150
20141201 5.85 5.71 5.89 5.60 99112
20141202 5.72 5.84 5.89 5.68 85393
20141203 5.83 5.97 6.05 5.79 135919
20141204 5.93 6.00 6.01 5.91 113209
20141205 6.00 5.62 6.00 5.49 170520
20141208 5.60 5.79 5.83 5.49 128976
20141209 5.70 5.67 6.05 5.64 171550
20141210 5.67 5.79 5.83 5.53 82823
20141211 5.77 6.26 6.35 5.72 255622
20141212 6.20 6.02 6.20 6.00 178126
20141215 6.03 5.99 6.04 5.85 125293
20141216 5.99 6.11 6.16 5.92 165559
20150331 6.72 6.72 6.72 6.72 3000
20150401 7.39 7.39 7.39 7.39 4720
20150402 8.13 8.13 8.13 8.13 4401
20150403 8.94 8.94 8.94 8.94 9074
20150407 9.83 9.83 9.83 9.83 19905
20150408 10.81 10.81 10.81 10.81 94123
20150409 11.89 11.89 11.89 11.13 1076476
20150410 11.89 11.68 12.00 11.25 612947
20150413 11.68 11.93 12.35 11.49 666080
20150414 11.96 12.27 12.33 11.70 551397
20150415 12.18 11.46 12.18 11.40 383191
20150416 11.00 11.06 11.45 10.83 331005
20150417 11.17 10.97 11.25 10.68 330205
20150420 10.80 10.23 10.92 10.08 307343
20150421 10.23 10.69 10.73 10.23 188052
20150422 10.70 10.92 11.00 10.51 260079
20150423 10.90 11.19 11.31 10.69 399009
20150424 10.90 10.72 10.94 10.50 271312
20150427 10.69 10.89 11.10 10.68 295286
20150428 10.89 10.31 11.02 10.11 220684
20150429 10.32 10.58 10.64 10.32 146541
20150430 10.74 10.59 10.80 10.45 197525
20150504 10.60 10.79 11.09 10.44 245383
20150505 10.71 10.29 10.80 10.02 210349
20150506 10.30 10.17 10.71 10.10 148267
20150507 10.15 9.90 10.33 9.88 98804
20150508 10.04 10.29 10.30 9.95 123663
20150511 10.36 10.79 11.00 10.16 320067
20150512 10.67 10.90 10.98 10.56 229087
20150513 10.92 11.33 11.60 10.75 480146
20150514 11.28 11.04 11.32 10.90 251101
20150515 11.04 10.93 11.34 10.81 225755
20150518 10.85 11.13 11.15 10.72 213234
20150519 11.30 11.97 12.20 11.12 428008
20150520 11.80 11.87 12.35 11.70 392562
20150521 11.87 12.69 12.98 11.81 406221
20150522 12.69 13.00 13.37 12.56 377690
20150525 12.95 13.77 14.00 12.81 324699
20150526 13.78 13.88 14.75 13.72 349699
20150527 13.91 13.55 14.31 13.33 314751
20150528 13.51 12.28 13.84 12.25 368547
20150529 12.28 12.51 12.79 11.35 273345
20150601 12.74 12.97 13.00 12.50 266133
20150602 13.01 13.37 13.40 12.70 302543
20150603 13.38 12.86 13.50 12.56 256083
20150604 12.67 12.39 12.79 11.68 220689
20150605 12.64 12.85 12.98 12.40 257000
20150608 12.94 13.34 13.67 12.75 313878
20150609 13.40 13.05 13.49 12.90 231035
20150610 12.90 13.29 13.57 12.70 267672
20150611 13.28 14.27 14.43 13.20 389971
20150612 14.19 14.26 14.42 13.92 277753
20150615 14.43 15.63 15.69 14.43 404239
20150616 15.12 14.07 15.27 14.07 358995
20150617 13.90 13.95 14.35 12.96 295515
20150618 13.99 13.38 14.33 13.30 203427
20150619 12.83 12.04 13.23 12.04 159217
20150623 12.04 11.94 12.28 10.88 166662
20150624 12.07 12.31 12.68 11.96 180082
20150625 12.22 11.36 12.27 11.23 189957
20150626 11.01 10.22 11.01 10.22 221544
20150629 10.35 9.20 10.56 9.20 214469
20150630 9.05 9.49 9.60 8.28 321791
20150701 9.41 8.82 9.90 8.79 274434
20150702 9.00 7.94 9.09 7.94 194725
20150703 7.50 7.15 8.05 7.15 196044
20150706 7.87 6.67 7.87 6.44 267551
20150707 6.40 6.00 6.55 6.00 148506
20150709 5.40 6.60 6.60 5.40 283368
20150710 6.83 7.26 7.26 6.70 147892
20150713 7.71 7.99 7.99 7.46 260167
20150714 8.10 8.19 8.58 7.83 411327
20150715 7.85 7.39 8.09 7.37 247142
20150716 7.08 7.48 7.81 6.80 183769
20150717 7.58 8.23 8.23 7.46 220017
20150720 8.58 9.05 9.05 8.08 333532
20150721 9.00 9.01 9.31 8.67 313359
20150722 9.02 8.83 9.14 8.58 230341
20150723 8.83 9.08 9.19 8.59 294557
20150724 9.04 8.69 9.12 8.55 300084
20150727 8.57 7.82 8.95 7.82 214310
20150728 7.08 7.12 7.79 7.04 242365
20150729 7.22 7.58 7.60 6.96 205198
20150730 7.59 7.26 7.76 7.24 186424
