20140102 3.62 3.62 3.63 3.52 94400
20140103 3.59 3.55 3.63 3.50 82962
20140106 3.51 3.38 3.51 3.37 70723
20140107 3.39 3.41 3.44 3.34 42343
20140108 3.41 3.47 3.47 3.38 83498
20140109 3.44 3.69 3.82 3.41 312017
20140110 3.63 3.61 3.71 3.55 182892
20140113 3.61 3.49 3.62 3.44 118176
20140114 3.48 3.67 3.81 3.45 180085
20140115 3.64 3.71 3.74 3.63 139750
20140116 3.69 3.65 3.74 3.63 84162
20140117 3.63 3.61 3.66 3.55 67531
20140120 3.57 3.64 3.71 3.56 68914
20140121 3.63 3.67 3.72 3.61 86286
20140122 3.67 3.75 3.78 3.66 153628
20140123 3.74 3.71 3.80 3.71 97867
20140124 3.69 4.08 4.08 3.65 271998
20140127 4.10 3.98 4.14 3.94 382380
20140128 3.96 3.94 4.01 3.90 146098
20140129 3.96 4.12 4.26 3.93 278077
20140130 4.08 4.07 4.19 4.05 174348
20140207 4.03 4.28 4.40 3.96 298385
20140210 4.35 4.71 4.71 4.29 535791
20140211 4.75 5.18 5.18 4.72 742635
20140212 5.27 5.70 5.70 5.20 557303
20140213 6.19 5.97 6.27 5.83 1562224
20140214 6.01 5.85 6.02 5.72 972196
20140217 5.80 5.98 6.29 5.75 1291017
20140218 5.85 5.87 5.93 5.71 746575
20140219 5.72 5.74 5.85 5.62 583629
20140220 5.82 5.45 5.94 5.41 770897
20140221 5.35 5.50 5.57 5.28 536837
20140224 5.50 5.51 5.53 5.33 325145
20140225 5.56 4.96 5.56 4.96 637426
20140226 4.87 4.97 5.04 4.81 428856
20140227 4.99 4.80 5.13 4.75 503618
20140228 4.75 5.02 5.11 4.74 489618
20140303 4.95 5.00 5.06 4.91 363403
20140304 4.94 5.01 5.03 4.85 286599
20140305 5.02 5.08 5.17 4.95 520296
20140306 5.05 5.20 5.29 4.99 449830
20140307 5.17 4.99 5.17 4.96 331197
20140310 4.90 4.51 4.90 4.49 403536
20140311 4.45 4.56 4.59 4.45 196850
20140312 4.55 4.55 4.62 4.40 199296
20140313 4.53 4.62 4.77 4.50 227269
20140314 4.55 4.55 4.70 4.47 166522
20140317 4.53 4.68 4.69 4.47 183624
20140318 4.65 4.66 4.72 4.62 174190
20140319 4.64 4.72 4.85 4.54 311551
20140320 4.65 4.45 4.73 4.43 191122
20140321 4.43 4.56 4.58 4.37 183706
20140324 4.54 4.63 4.67 4.50 194729
20140325 4.59 4.72 4.97 4.55 379594
20140326 4.67 4.75 4.80 4.64 210351
20140327 4.68 4.64 4.78 4.56 191569
20140328 4.61 4.43 4.66 4.42 177932
20140331 4.50 4.42 4.55 4.38 94798
20140401 4.40 4.58 4.63 4.38 145491
20140402 4.55 4.52 4.61 4.48 119143
20140403 4.52 4.69 4.76 4.50 306113
20140404 4.65 4.74 4.74 4.63 157663
20140408 4.73 4.78 4.84 4.70 185632
20140409 4.79 4.93 4.98 4.77 276163
20140410 4.94 4.87 4.98 4.85 239432
20140411 4.88 4.84 4.90 4.77 154828
20140414 4.85 4.85 4.94 4.80 151742
20140415 4.83 4.82 4.94 4.77 155259
20140416 4.81 5.00 5.13 4.81 374219
20140417 5.00 4.97 5.00 4.91 169809
20140418 4.95 4.84 4.96 4.82 156542
20140421 4.79 4.59 4.83 4.56 160605
20140422 4.57 4.59 4.63 4.45 155172
20140423 4.60 4.53 4.60 4.49 91724
20140424 4.53 4.46 4.57 4.44 87619
20140425 4.48 4.31 4.50 4.30 97856
20140428 4.28 4.06 4.29 4.03 115161
20140429 4.04 4.18 4.19 4.04 73432
20140430 4.18 4.22 4.27 4.15 75825
20140505 4.19 4.28 4.31 4.15 64196
20140506 4.28 4.29 4.33 4.22 59956
20140507 4.25 4.11 4.27 4.09 71320
20140508 4.08 4.16 4.27 4.08 67440
20140509 4.16 4.16 4.20 4.08 60252
20140512 4.21 4.29 4.32 4.19 76411
20140513 4.29 4.31 4.32 4.23 59628
20140514 4.31 4.37 4.45 4.26 109621
20140515 4.35 4.22 4.37 4.21 65112
20140516 4.24 4.28 4.31 4.19 62712
20140519 4.27 4.26 4.32 4.21 41585
20140520 4.28 4.31 4.36 4.26 59500
20140521 4.30 4.37 4.38 4.24 65040
20140522 4.34 4.33 4.40 4.32 54483
20140523 4.32 4.63 4.76 4.29 470822
20140526 4.53 4.59 4.61 4.47 259287
20140527 4.55 4.50 4.68 4.48 158439
20140528 4.52 4.65 4.67 4.47 163815
20140529 4.62 4.55 4.69 4.52 124640
20140530 4.55 4.68 4.69 4.43 205051
20140603 4.82 4.63 4.92 4.62 220358
20140604 4.55 4.55 4.59 4.44 127572
20140605 4.51 4.60 4.62 4.50 75839
20140606 4.60 4.53 4.60 4.52 78766
20140609 4.51 4.42 4.53 4.41 84644
20140610 4.45 4.57 4.62 4.40 106397
20140611 4.54 4.54 4.59 4.50 89210
20140612 4.50 4.48 4.55 4.45 85961
20140613 4.48 4.54 4.62 4.45 116290
20140616 4.54 4.57 4.60 4.51 102167
20140617 4.56 4.46 4.57 4.44 93458
20140618 4.45 4.35 4.50 4.33 94699
20140619 4.34 4.19 4.36 4.12 108827
20140620 4.20 4.24 4.26 4.17 49913
20140623 4.24 4.31 4.40 4.23 79232
20140624 4.30 4.30 4.33 4.27 41531
20140625 4.30 4.28 4.31 4.24 39074
20140626 4.29 4.35 4.35 4.28 61862
20140627 4.34 4.36 4.42 4.31 93743
20140630 4.35 4.48 4.59 4.35 198144
20140701 4.46 4.49 4.54 4.44 92915
20140702 4.49 4.49 4.52 4.43 101614
20140703 4.50 4.55 4.66 4.46 173751
20140704 4.51 4.50 4.55 4.45 95940
20140707 4.49 4.50 4.58 4.46 65972
20140708 4.51 4.51 4.53 4.44 68649
20140709 4.51 4.31 4.51 4.29 113129
20140710 4.30 4.33 4.37 4.29 76234
20140711 4.32 4.36 4.42 4.29 67785
20140714 4.40 4.49 4.54 4.37 110598
20140715 4.45 4.57 4.57 4.43 166203
20140716 4.58 4.56 4.66 4.53 193152
20140717 4.56 4.54 4.64 4.50 157066
20140718 4.55 4.46 4.56 4.46 96705
20140721 4.45 4.47 4.50 4.41 84407
20140722 4.45 4.54 4.61 4.44 172053
20140723 4.55 4.41 4.57 4.40 136595
20140724 4.43 4.47 4.52 4.41 99900
20140725 4.48 4.55 4.57 4.45 113344
20140728 4.55 4.61 4.64 4.54 178862
20140729 4.62 4.65 4.71 4.58 222623
20140730 4.65 4.75 4.78 4.59 258329
20140731 4.74 4.80 4.84 4.65 208218
20140801 4.74 4.63 4.80 4.62 197343
20140804 4.67 4.72 4.79 4.67 174173
20140805 4.74 4.81 4.84 4.67 217499
20140806 4.81 4.77 4.81 4.72 150037
20140807 4.77 4.65 4.80 4.64 155218
20140808 4.62 4.69 4.75 4.62 107439
20140811 4.69 4.76 4.83 4.67 172187
20140812 4.78 4.86 4.96 4.75 309559
20140813 4.85 5.35 5.35 4.78 378137
20140814 5.51 5.51 5.89 5.45 1094637
20140815 5.42 5.64 5.84 5.34 824300
20140818 5.53 5.90 5.98 5.45 813133
20140819 5.80 5.79 5.85 5.66 547534
20140820 5.75 5.54 5.77 5.52 444868
20140821 5.56 5.61 5.74 5.47 368899
20140822 5.56 5.56 5.60 5.49 234850
20140825 5.50 5.42 5.54 5.36 245531
20140826 5.40 5.26 5.42 5.22 222513
20140827 5.30 5.25 5.33 5.19 145039
20140828 5.26 5.25 5.37 5.24 170839
20140829 5.23 5.32 5.35 5.23 139845
20140901 5.32 5.39 5.45 5.32 173167
20140902 5.41 5.45 5.47 5.37 199499
20140903 5.46 5.46 5.54 5.42 226378
20140904 5.48 5.60 5.76 5.44 380775
20140905 5.58 5.53 5.59 5.47 249459
20140909 5.54 5.52 5.57 5.42 241104
20140910 5.51 5.56 5.66 5.45 269718
20140911 5.57 5.49 5.63 5.45 243051
20140912 5.52 5.72 5.82 5.49 457470
20140915 5.73 5.71 5.75 5.65 270207
20140916 5.70 5.40 5.70 5.37 312189
20140917 5.39 5.46 5.54 5.25 220322
20140918 5.38 5.47 5.49 5.36 130336
20140919 5.43 5.51 5.52 5.41 147993
20140922 5.60 5.71 5.85 5.46 592813
20140923 5.61 5.69 5.71 5.56 328241
20140924 5.66 5.75 5.79 5.62 287368
20140925 5.77 5.61 5.82 5.57 293313
20140926 5.62 5.60 5.67 5.58 161024
20140929 5.63 5.68 5.68 5.61 180061
20140930 5.68 5.74 5.78 5.64 233932
20141008 5.75 6.06 6.23 5.67 607153
20141009 6.04 5.94 6.04 5.87 342756
20141010 5.91 5.94 6.04 5.87 236000
20141013 5.92 5.81 5.93 5.70 215024
20141014 5.83 5.86 5.88 5.65 245563
20141015 5.80 6.08 6.17 5.71 487405
20141016 5.98 5.87 6.06 5.84 322795
20141017 5.81 5.63 5.85 5.51 270958
20141020 5.64 5.67 5.69 5.59 154386
20141021 5.67 5.51 5.71 5.51 175264
20141022 5.51 5.47 5.57 5.43 157687
20141023 5.47 5.43 5.52 5.30 163480
20141024 5.44 5.36 5.46 5.33 88618
20141027 5.40 5.49 5.63 5.34 158121
20141028 5.51 5.59 5.61 5.47 198093
20141029 5.61 5.71 5.76 5.59 249182
20141030 5.72 5.61 5.73 5.55 224788
20141031 5.63 5.63 5.68 5.56 134251
20141103 5.63 5.69 5.73 5.60 195626
20141104 5.68 5.60 5.68 5.58 162589
20141105 5.60 5.60 5.66 5.55 121073
20141106 5.62 5.76 5.79 5.58 343227
20141107 5.71 5.57 5.76 5.55 246152
20141110 5.53 5.60 5.60 5.49 128502
20141111 5.61 5.27 5.62 5.23 224753
20141112 5.26 5.34 5.34 5.22 104754
20141113 5.33 5.19 5.35 5.11 161800
20141114 5.15 5.20 5.22 5.11 70531
20141117 5.20 5.25 5.30 5.20 79176
20141118 5.26 5.34 5.35 5.21 118086
20141119 5.34 5.39 5.43 5.31 113466
20141120 5.36 5.40 5.43 5.36 111624
20141121 5.40 5.49 5.60 5.40 174927
20141124 5.51 5.59 5.68 5.48 347351
20141125 5.57 5.69 5.75 5.53 379388
20141126 5.70 5.71 5.72 5.62 327248
20141127 5.69 5.61 5.69 5.54 244627
20141128 5.59 5.56 5.61 5.52 144914
20141201 5.57 5.67 5.72 5.53 169434
20141202 5.69 5.65 5.74 5.63 250788
20141203 5.65 5.75 5.76 5.55 344310
20141204 5.74 5.76 5.81 5.69 279457
20141205 5.75 5.43 5.75 5.39 275866
20141208 5.43 5.46 5.52 5.40 163315
20141209 5.42 5.16 5.44 5.16 261745
20141210 5.09 5.28 5.29 5.07 121133
20141211 5.24 5.36 5.37 5.22 132362
20141212 5.36 5.40 5.42 5.32 109093
20141215 5.38 5.47 5.48 5.36 123034
20141216 5.47 5.45 5.49 5.38 125245
20141217 5.44 5.29 5.44 5.23 150553
20141218 5.25 5.26 5.34 5.24 93801
20141219 5.25 5.18 5.25 5.09 143722
20141222 5.12 4.82 5.15 4.80 181460
20141223 4.81 4.82 4.94 4.80 77171
20141224 4.86 5.00 5.01 4.83 97032
20141225 4.98 5.06 5.11 4.97 83823
20141226 5.05 5.19 5.34 5.04 159118
20141229 5.15 5.07 5.20 5.00 100636
20141230 5.07 4.88 5.08 4.87 93431
20141231 4.89 4.95 4.96 4.88 59750
20150105 4.95 4.99 5.02 4.86 128706
20150106 4.95 5.07 5.08 4.92 126478
20150107 5.04 5.02 5.08 4.96 92398
20150108 5.00 5.15 5.18 4.97 185529
20150109 5.11 5.10 5.23 5.08 161846
20150112 5.07 5.14 5.17 5.03 110588
20150113 5.12 5.23 5.31 5.10 250755
20150114 5.22 5.11 5.25 5.08 97309
20150115 5.12 5.12 5.16 5.08 67239
20150116 5.11 5.30 5.43 5.10 395316
20150119 5.19 5.26 5.56 5.11 448553
20150120 5.24 5.48 5.50 5.24 290848
20150121 5.48 5.51 5.56 5.43 261962
20150122 5.51 5.66 5.71 5.47 333561
20150123 5.66 5.60 5.72 5.54 258221
20150126 5.60 5.62 5.67 5.55 171667
20150127 5.60 5.79 5.80 5.53 364938
20150128 5.75 5.70 5.80 5.64 201965
20150129 5.64 5.51 5.67 5.49 236748
20150130 5.52 5.66 5.78 5.51 294990
20150202 5.65 5.73 5.84 5.53 232927
20150203 5.73 5.78 5.81 5.69 159510
20150204 5.80 5.98 6.10 5.73 402981
20150205 5.98 5.90 6.09 5.89 275387
20150206 5.87 5.80 5.97 5.60 284698
20150209 5.73 5.92 5.95 5.67 228600
20150210 5.90 5.79 5.96 5.73 151221
20150211 5.76 5.73 5.82 5.67 149618
20150212 5.71 6.30 6.30 5.70 863938
20150213 6.30 6.18 6.32 6.10 619897
20150216 6.18 6.32 6.40 6.09 558288
20150217 6.33 6.29 6.36 6.24 234303
20150225 6.30 6.78 6.92 6.20 553291
20150226 6.70 6.79 6.89 6.61 311817
20150227 6.76 6.84 7.14 6.70 365954
20150302 6.78 6.89 6.95 6.73 278838
20150303 6.84 6.69 6.87 6.62 287965
20150304 6.68 6.83 6.89 6.66 217843
20150305 6.85 6.71 6.85 6.55 185029
20150306 6.71 6.78 6.88 6.60 211028
20150309 6.78 6.97 7.09 6.70 270923
20150310 7.02 6.93 7.04 6.91 160978
20150311 6.90 6.83 7.04 6.68 186694
20150312 6.79 6.73 6.90 6.66 186966
20150313 6.72 6.80 6.88 6.59 178674
20150316 6.81 6.95 7.00 6.70 229442
20150317 6.96 7.12 7.27 6.92 323077
20150318 7.09 7.38 7.45 7.07 305586
20150319 7.33 7.23 7.35 7.13 289638
20150320 7.19 7.26 7.31 7.15 206965
20150323 7.26 7.53 7.59 7.16 356515
20150324 7.51 7.30 7.52 7.10 349651
20150325 7.26 7.37 7.47 7.18 236157
20150326 7.32 7.21 7.35 7.15 246770
20150327 7.17 7.39 7.55 7.16 283696
20150330 7.40 7.39 7.49 7.26 212453
20150331 7.38 7.41 7.52 7.30 254284
20150401 7.41 7.68 7.82 7.38 359065
20150402 7.65 7.80 7.95 7.63 298881
20150403 7.76 7.90 8.00 7.65 266079
20150407 7.88 8.10 8.25 7.80 336787
20150408 8.11 7.86 8.16 7.65 332018
20150409 7.85 7.62 7.85 7.30 294477
20150410 7.60 7.84 7.98 7.55 241329
20150413 7.84 8.26 8.34 7.77 457291
20150414 8.28 8.81 9.09 8.20 650297
20150415 8.67 9.27 9.69 8.66 635068
20150416 9.25 9.29 9.47 8.67 332818
20150417 9.21 9.18 9.45 9.06 322828
20150420 9.15 8.66 9.15 8.61 391961
20150421 8.64 9.13 9.14 8.61 285029
20150422 9.16 10.04 10.04 9.15 589120
20150423 10.09 10.17 10.28 9.71 470634
20150424 9.87 9.87 10.12 9.67 422813
20150427 9.92 9.98 10.03 9.72 251730
20150428 9.98 9.11 9.98 8.98 571351
20150429 9.10 9.18 9.27 8.74 215857
20150430 9.23 9.07 9.24 9.00 195792
20150504 9.00 9.04 9.18 8.82 223419
20150505 9.01 9.50 9.80 8.98 461239
20150506 9.35 9.35 9.78 9.18 333870
20150507 9.34 8.82 9.34 8.42 350179
20150508 8.82 9.18 9.33 8.82 235897
20150511 9.30 9.62 9.70 9.10 355863
20150512 9.60 9.77 9.86 9.44 459515
20150513 9.73 9.89 10.12 9.50 352869
20150514 9.83 10.88 10.88 9.76 550305
20150522 11.97 11.97 11.97 11.97 9694
20150525 13.17 13.17 13.17 13.17 4310
20150526 14.49 14.28 14.49 12.95 2914662
20150527 13.60 14.91 15.44 13.20 1923054
20150528 14.65 13.42 15.29 13.42 1224138
20150529 13.20 13.60 14.10 12.30 961689
20150601 13.65 14.15 14.28 13.35 765860
20150602 14.16 14.18 14.57 13.70 726214
20150603 14.19 14.88 15.28 13.42 959346
20150604 14.87 16.37 16.37 14.32 1100185
20150605 16.99 18.01 18.01 16.97 588696
20150608 19.00 16.77 19.00 16.51 1270618
20150609 16.36 17.30 17.52 16.01 700643
20150610 16.94 18.11 19.01 16.71 706174
20150611 17.99 17.78 18.48 17.50 509855
20150612 17.80 17.63 18.15 17.21 585574
20150615 17.40 17.23 17.89 17.20 436131
20150616 17.00 17.33 17.80 15.96 689600
20150617 17.11 17.81 18.00 17.00 625706
20150618 17.75 17.95 19.19 17.57 715334
20150619 17.51 17.58 18.78 16.80 783213
20150623 17.65 16.28 18.00 15.82 744087
20150624 16.30 16.34 16.75 15.60 487794
20150625 16.26 16.45 16.80 15.92 532692
20150626 15.92 16.01 16.21 14.88 744808
20150629 16.54 16.02 16.72 14.97 707793
20150630 15.96 16.21 16.51 14.90 773075
20150701 16.25 15.94 16.50 15.68 707762
20150702 15.00 15.01 16.15 14.35 991763
20150703 14.50 13.70 15.02 13.51 862076
20150706 15.00 12.33 15.00 12.33 416245
20150707 11.10 11.10 11.10 11.10 19884
20150708 9.99 9.99 9.99 9.99 3586
20150709 8.99 10.99 10.99 8.99 950938
20150710 10.98 12.09 12.09 10.50 1016418
20150713 12.16 12.54 13.12 11.80 1439816
20150714 11.99 11.29 12.49 11.29 1171526
20150715 10.50 10.16 10.51 10.16 412884
20150716 9.14 9.22 10.10 9.14 1316463
20150717 9.21 9.72 9.98 9.01 964344
20150720 9.72 10.09 10.25 9.51 927411
20150721 9.90 11.10 11.10 9.71 914243
20150722 11.30 11.02 11.55 10.47 1044580
20150723 10.99 11.37 11.56 10.70 790294
20150724 11.37 11.00 11.88 10.70 907306
20150727 10.60 9.90 10.92 9.90 677759
20150728 8.92 8.91 9.85 8.91 936018
20150729 9.08 9.20 9.29 8.10 779362
20150730 9.00 8.50 9.20 8.38 675887
