20140102 8.08 8.09 8.11 7.95 10813
20140103 8.07 8.00 8.07 7.95 7070
20140106 7.98 7.76 8.07 7.74 9606
20140107 7.68 7.85 7.90 7.67 5376
20140108 7.85 7.80 7.97 7.78 7414
20140109 7.76 7.85 7.92 7.76 8171
20140110 7.78 7.71 7.93 7.69 7056
20140113 7.71 7.86 8.04 7.71 12232
20140114 7.85 7.79 7.86 7.63 9694
20140115 7.77 7.78 7.83 7.71 7347
20140116 7.75 7.85 7.92 7.72 8708
20140117 7.81 7.68 7.86 7.64 6749
20140120 7.75 7.62 7.75 7.61 5130
20140121 7.68 7.70 7.75 7.62 3008
20140122 7.76 7.88 7.89 7.76 8728
20140123 7.89 7.92 7.99 7.84 14025
20140124 7.90 7.96 8.03 7.88 9571
20140127 7.90 7.96 8.00 7.86 5927
20140128 7.97 7.93 8.02 7.89 4752
20140129 7.96 7.97 8.01 7.93 6948
20140130 7.99 7.96 8.01 7.95 4816
20140207 7.99 8.11 8.12 7.96 9538
20140210 8.11 8.26 8.27 8.09 21223
20140211 8.25 8.44 8.49 8.14 33168
20140212 8.45 8.38 8.47 8.27 24746
20140213 8.35 8.20 8.42 8.18 17144
20140214 8.26 8.32 8.34 8.22 11569
20140217 8.35 8.39 8.41 8.32 17141
20140218 8.36 8.33 8.41 8.26 14279
20140219 8.33 8.39 8.41 8.28 15500
20140220 8.42 8.29 8.63 8.28 42495
20140221 8.25 8.39 8.40 8.12 24962
20140224 8.33 8.30 8.38 8.18 26247
20140225 8.29 7.78 8.31 7.76 21988
20140226 7.86 7.88 7.91 7.78 8832
20140227 8.01 7.82 8.02 7.81 9901
20140228 7.82 7.96 8.00 7.74 12982
20140303 7.92 8.06 8.10 7.87 7720
20140304 8.01 8.02 8.05 7.94 8869
20140305 8.05 8.06 8.12 8.02 10399
20140306 8.00 8.01 8.07 7.93 6257
20140307 8.03 8.02 8.12 7.99 5561
20140310 8.01 7.81 8.01 7.80 8802
20140311 7.76 7.79 7.87 7.73 4161
20140312 7.80 7.80 7.83 7.73 5884
20140313 7.83 7.83 7.89 7.76 9417
20140314 7.76 7.82 7.85 7.73 7071
20140317 7.85 8.03 8.06 7.75 10073
20140318 7.99 8.04 8.08 7.98 8395
20140319 8.05 8.02 8.09 7.96 11265
20140320 8.00 7.86 8.06 7.85 5581
20140321 7.79 8.05 8.06 7.78 10151
20140324 8.05 8.17 8.17 8.01 15101
20140325 8.17 8.23 8.40 8.09 24670
20140326 8.23 8.22 8.26 8.12 11113
20140327 8.18 8.12 8.25 8.10 9143
20140328 8.12 8.16 8.33 8.08 14052
20140331 8.15 8.04 8.19 8.02 8486
20140401 8.02 8.09 8.10 8.01 8074
20140402 8.08 8.07 8.17 8.06 6037
20140403 8.09 8.22 8.35 8.07 21791
20140404 8.15 8.23 8.27 8.08 14216
20140408 8.22 8.30 8.32 8.16 16924
20140409 8.29 8.33 8.35 8.23 14393
20140410 8.33 8.28 8.37 8.25 13032
20140411 8.28 8.33 8.38 8.24 15963
20140414 8.29 8.37 8.38 8.25 13070
20140415 8.49 8.31 8.60 8.31 20624
20140416 8.25 8.34 8.40 8.25 10450
20140417 8.33 8.31 8.41 8.30 7418
20140418 8.28 8.31 8.38 8.27 6718
20140421 8.25 8.14 8.30 8.11 11109
20140422 8.14 8.16 8.18 8.00 7585
20140423 8.16 8.17 8.24 8.12 4836
20140424 8.17 8.11 8.24 8.10 6113
20140425 8.15 7.97 8.18 7.92 8991
20140428 8.00 7.85 8.02 7.81 7791
20140429 7.82 7.79 7.82 7.67 9835
20140430 7.89 7.82 7.90 7.75 4438
20140505 7.81 7.87 7.88 7.79 3655
20140506 7.86 7.87 7.95 7.85 4950
20140507 7.86 7.83 7.92 7.76 6485
20140508 7.78 7.85 7.95 7.78 7116
20140509 7.90 7.97 8.09 7.83 9748
20140512 7.97 8.28 8.35 7.95 24502
20140513 8.23 8.17 8.27 8.15 13021
20140514 8.12 8.16 8.19 8.10 6829
20140515 8.16 8.05 8.16 8.02 6026
20140516 8.03 8.09 8.11 8.00 4035
20140519 8.19 8.17 8.19 8.03 5457
20140520 8.13 8.20 8.27 8.13 5301
20140521 8.18 8.22 8.25 8.07 7309
20140522 8.20 8.21 8.28 8.19 4756
20140523 8.17 8.27 8.28 8.17 8453
20140526 8.29 8.26 8.30 8.23 6107
20140527 8.29 8.15 8.29 8.13 7523
20140528 8.12 8.35 8.40 8.12 19542
20140529 8.32 8.22 8.41 8.21 7801
20140530 8.22 8.33 8.53 8.20 33157
20140603 8.33 8.30 8.42 8.17 19399
20140604 8.29 8.21 8.29 8.14 8711
20140605 8.21 8.28 8.30 8.15 7899
20140606 8.28 8.26 8.35 8.19 7890
20140609 8.23 8.50 8.58 8.23 41570
20140610 8.72 8.89 9.30 8.72 107783
20140611 8.74 9.78 9.78 8.70 203979
20140612 9.95 10.76 10.76 9.81 185278
20140613 11.50 11.65 11.84 11.12 404718
20140616 11.60 11.63 11.93 11.30 275515
20140617 11.60 11.18 11.82 11.01 243265
20140618 11.03 11.23 11.53 10.78 268429
20140619 10.96 10.54 11.05 10.31 169268
20140620 10.61 10.76 10.87 10.45 140642
20140623 10.75 10.81 11.17 10.63 158133
20140624 10.79 11.24 11.27 10.53 201393
20140625 11.05 10.54 11.05 10.38 150597
20140626 10.50 10.74 10.88 10.45 124550
20140627 10.69 11.15 11.68 10.46 224991
20140630 10.93 10.87 10.97 10.60 114769
20140701 10.80 11.08 11.35 10.60 149084
20140702 10.86 11.27 11.29 10.60 136635
20140703 11.39 11.44 11.56 10.92 168205
20140704 11.13 11.05 11.39 11.00 105320
20140707 10.86 10.57 10.97 10.52 99187
20140708 10.56 10.78 10.83 10.38 71356
20140709 10.72 10.17 10.88 10.15 87930
20140710 10.20 10.01 10.30 9.90 75257
20140711 9.97 10.00 10.15 9.91 48867
20140714 10.07 10.35 10.38 9.96 54985
20140715 10.22 10.29 10.50 10.18 54455
20140716 10.28 10.10 10.44 10.02 47164
20140717 10.07 10.19 10.25 10.02 33094
20140718 10.18 10.21 10.52 10.11 48435
20140721 10.12 9.95 10.14 9.93 43193
20140722 10.17 10.95 10.95 10.17 100633
20140723 11.27 11.33 11.49 11.00 248259
20140724 11.22 11.00 11.27 10.66 119959
20140725 10.86 11.26 11.62 10.84 127428
20140728 11.34 11.39 11.86 11.07 168830
20140729 11.40 11.25 11.45 11.03 124040
20140730 11.00 11.11 11.24 10.91 81925
20140731 11.20 11.41 11.99 11.15 163365
20140801 11.18 11.25 11.48 11.07 112563
20140804 11.25 12.38 12.38 11.13 194524
20140805 13.02 13.05 13.55 12.63 361636
20140806 12.60 13.37 14.09 12.41 285202
20140807 13.01 12.57 13.14 12.51 168530
20140808 12.65 12.49 12.78 12.45 97608
20140811 12.42 12.73 12.75 12.30 90235
20140812 12.67 12.87 12.95 12.40 118420
20140813 12.80 12.83 12.97 12.55 85821
20140814 12.68 12.20 12.84 12.19 97241
20140815 12.06 12.18 12.33 11.99 65711
20140818 12.33 12.34 12.60 12.31 68819
20140819 12.44 12.42 12.47 12.21 59227
20140820 12.41 12.42 12.60 12.33 49416
20140821 12.70 12.77 13.40 12.57 138794
20140822 12.51 12.66 12.74 12.44 68310
20140825 12.60 12.16 12.60 12.15 59860
20140826 12.10 11.73 12.20 11.57 51904
20140827 11.79 11.81 11.97 11.79 31966
20140828 11.74 11.58 11.86 11.50 37223
20140829 11.58 11.76 11.79 11.45 31074
20140901 11.70 12.17 12.25 11.65 61019
20140902 12.17 12.55 12.56 12.09 80527
20140903 12.65 12.39 12.65 12.27 70615
20140904 12.30 12.39 12.45 12.25 42031
20140905 12.43 12.52 12.58 12.26 70034
20140909 12.56 12.35 12.62 12.20 55008
20140910 12.13 12.18 12.25 11.90 54246
20140911 12.13 12.09 12.34 12.02 49431
20140912 12.03 12.49 12.68 11.98 79406
20140915 12.49 12.60 12.68 12.46 79682
20140916 12.57 12.06 12.60 12.00 92486
20140917 12.00 12.05 12.09 11.70 43406
20140918 11.90 11.95 12.06 11.88 26391
20140919 11.91 12.10 12.11 11.91 28142
20140922 12.08 11.70 12.08 11.68 42816
20140923 11.70 11.69 11.82 11.35 64311
20140924 11.55 11.84 11.88 11.50 37265
20140925 11.83 11.80 12.04 11.79 41134
20140926 11.70 11.79 11.94 11.58 25700
20140929 11.79 11.78 11.93 11.67 75548
20140930 11.81 11.89 11.96 11.67 64218
20141008 11.88 12.14 12.19 11.80 79866
20141009 12.16 12.42 12.45 12.15 92689
20141010 12.33 12.20 12.48 12.14 58040
20141013 12.21 12.39 12.48 11.96 52606
20141014 12.30 12.27 12.37 12.12 34066
20141015 12.24 12.39 12.42 12.09 42201
20141016 12.28 11.95 12.37 11.92 42680
20141017 11.81 11.52 11.92 11.30 49530
20141020 11.55 12.01 12.09 11.47 43887
20141021 12.05 12.24 12.29 11.70 50723
20141022 12.50 12.13 12.93 12.06 104124
20141023 11.83 11.65 12.25 11.51 55635
20141024 11.63 11.50 11.73 11.40 29935
20141027 11.50 11.69 11.71 11.33 20591
20141028 11.69 12.25 12.37 11.61 57812
20141029 12.17 12.42 12.60 12.17 93784
20141030 12.47 12.48 12.59 12.23 86036
20141031 12.65 12.41 12.78 12.21 62048
20141103 12.75 13.09 13.13 12.50 154089
20141104 13.05 12.89 13.35 12.81 100650
20141105 12.77 12.46 12.87 12.39 60264
20141106 12.40 12.97 13.00 12.33 64811
20141107 13.76 13.59 14.27 13.40 296957
20141110 13.50 13.59 13.80 13.11 154933
20141111 13.37 12.44 13.49 12.23 157003
20141112 12.47 12.84 12.93 12.31 72847
20141113 12.83 13.19 13.23 12.42 106401
20141114 13.04 12.83 13.05 12.60 50931
20141117 12.83 12.69 12.93 12.55 41911
20141118 12.65 12.61 12.78 12.48 28806
20141119 12.63 12.65 12.75 12.56 29268
20141120 12.60 12.66 12.84 12.52 33091
20141121 12.60 12.76 12.78 12.59 34738
20141124 12.90 13.05 13.15 12.70 76456
20141125 13.03 13.30 13.37 12.87 70768
20141126 13.30 13.31 13.56 13.15 87376
20141127 13.22 13.03 13.40 12.92 80666
20141128 13.12 12.95 13.17 12.72 64404
20141201 12.94 13.04 13.47 12.77 82624
20141202 13.09 13.24 13.38 13.01 63705
20141203 13.23 13.82 14.20 13.11 146727
20141204 13.79 13.99 14.25 13.72 117587
20141205 13.96 13.10 13.96 12.72 94245
20141208 13.10 13.14 13.35 12.79 60198
20141209 13.08 12.28 13.35 12.23 91255
20141210 12.23 12.71 12.83 12.11 64751
20141211 12.60 12.59 12.79 12.43 76296
20141212 12.50 12.63 12.75 12.49 58823
20141215 12.60 12.46 12.68 12.41 110822
20141216 12.51 12.91 12.96 12.45 92539
20141217 12.70 12.51 12.87 12.40 72228
20141218 12.48 12.60 12.78 12.46 42083
20141219 12.61 12.91 13.20 12.51 97191
20141222 13.10 12.83 13.60 12.65 101081
20141223 12.70 12.25 12.74 12.11 59518
20141224 12.20 12.39 12.45 12.18 31003
20141225 12.50 12.66 12.74 12.41 37963
20141226 12.66 12.49 12.75 12.38 55091
20141229 12.50 12.03 12.53 11.91 88103
20141230 11.99 12.45 12.50 11.80 61398
20141231 13.18 12.82 13.50 12.66 154021
20150105 12.96 13.11 13.33 12.30 133419
20150106 12.97 12.89 13.24 12.71 82585
20150107 12.76 12.82 13.10 12.71 53557
20150108 12.77 12.41 12.83 12.40 46866
20150109 12.40 12.40 12.60 12.32 37579
20150112 12.30 12.07 12.30 11.99 35687
20150113 12.08 12.18 12.19 12.01 25589
20150114 12.15 12.05 12.26 11.97 25074
20150115 12.03 12.41 12.60 12.03 34708
20150116 12.45 12.47 12.78 12.36 48628
20150119 12.10 11.59 12.29 11.44 45008
20150120 11.69 12.07 12.13 11.69 35971
20150121 12.07 12.45 12.48 12.00 47305
20150122 12.63 12.71 12.86 12.34 66472
20150123 12.71 12.41 12.79 12.40 42168
20150126 12.42 12.65 12.66 12.29 29309
20150127 12.65 12.69 12.80 12.51 39738
20150128 12.65 13.01 13.12 12.51 82197
20150129 12.88 12.75 13.10 12.74 34264
20150130 13.15 13.01 13.58 12.90 131511
20150202 12.83 13.08 13.35 12.83 68440
20150203 13.16 13.19 13.27 12.96 45871
20150204 13.22 12.83 13.22 12.80 57737
20150205 13.10 12.59 13.10 12.51 51429
20150206 12.59 12.21 12.65 12.13 34623
20150209 12.12 12.25 12.32 12.08 21151
20150210 12.25 12.16 12.26 11.83 41360
20150211 12.15 12.28 12.30 12.02 32483
20150212 12.28 12.46 12.48 12.23 20901
20150213 12.47 12.49 12.63 12.40 34266
20150216 12.49 12.86 12.93 12.49 40628
20150217 12.84 12.94 13.03 12.80 33408
20150225 12.96 12.74 12.96 12.72 29151
20150226 12.74 12.98 12.98 12.74 42834
20150227 12.98 13.05 13.08 12.90 48723
20150302 13.20 13.12 13.30 13.09 76681
20150303 12.95 13.57 14.05 12.78 156177
20150304 13.45 13.72 13.82 13.23 109416
20150305 13.60 13.69 13.71 13.37 71953
20150306 13.69 15.06 15.06 13.69 241552
20150309 15.00 15.42 15.46 14.65 222123
20150310 15.16 15.32 15.67 14.90 118769
20150311 15.22 15.02 15.47 14.91 101737
20150312 14.97 14.71 15.65 14.65 109422
20150313 14.77 14.81 15.13 14.60 74568
20150316 14.86 15.20 15.24 14.71 80985
20150317 15.25 15.22 15.63 15.03 95007
20150318 15.20 15.93 15.95 15.10 108444
20150319 15.56 16.00 16.44 15.56 118476
20150320 16.03 15.85 16.35 15.66 102858
20150323 15.92 16.44 16.52 15.80 128410
20150324 16.41 16.28 16.76 15.60 116804
20150325 15.85 15.61 15.86 15.24 186340
20150326 15.30 15.43 15.57 15.18 88024
20150327 15.40 15.73 15.90 15.36 87148
20150330 15.89 15.82 15.93 15.49 96228
20150331 15.88 15.80 16.23 15.58 118962
20150401 15.75 16.24 16.40 15.70 97693
20150402 16.17 16.48 16.59 16.01 113634
20150403 16.35 16.40 16.68 16.16 93354
20150407 16.57 17.37 17.46 16.44 156194
20150408 17.57 16.80 17.59 16.50 120952
20150409 17.02 16.28 17.11 16.02 127355
20150410 16.25 16.69 16.86 16.12 76010
20150413 16.65 17.02 17.13 16.50 84300
20150414 17.02 16.59 17.03 16.46 76429
20150415 17.07 17.42 18.25 17.06 192566
20150416 17.20 17.42 17.44 16.42 125755
20150417 17.79 17.65 18.08 17.49 151625
20150420 17.49 16.78 17.56 16.73 125533
20150421 16.74 17.14 17.17 16.62 69898
20150422 17.11 17.62 18.00 17.11 109549
20150423 17.71 18.28 18.85 17.42 175956
20150424 17.90 17.97 18.55 17.72 110102
20150427 18.16 18.34 18.86 18.00 123959
20150428 18.21 17.23 18.28 17.00 118743
20150429 17.11 17.51 17.67 17.11 71289
20150430 17.52 16.98 17.65 16.92 98548
20150504 17.07 17.21 17.23 16.83 76234
20150505 17.15 16.20 17.18 16.13 80807
20150506 16.22 15.69 16.64 15.55 65201
20150507 15.53 15.54 15.75 15.22 40770
20150508 15.75 15.95 16.00 15.56 51231
20150511 16.10 16.44 16.47 16.10 59982
20150512 16.46 16.46 16.49 16.18 59588
20150513 16.41 16.54 16.75 16.23 58951
20150514 16.54 16.93 17.00 16.40 81728
20150515 16.79 16.62 17.30 16.47 81219
20150518 16.60 16.42 16.61 16.30 59517
20150519 16.48 16.92 16.95 16.45 90905
20150520 16.99 17.08 17.39 16.82 94553
20150521 17.17 17.68 17.80 17.05 104589
20150522 17.88 17.72 17.96 17.40 111572
20150525 17.63 18.28 18.43 17.53 126166
20150526 18.18 18.51 18.60 18.11 129748
20150527 18.42 19.07 19.10 18.19 125140
20150528 19.20 17.73 19.79 17.65 143442
20150529 17.85 17.89 18.25 16.94 108631
20150601 17.70 19.68 19.68 17.70 151672
20150602 20.20 21.15 21.38 19.78 169319
20150603 21.19 20.70 21.27 20.11 126777
20150604 20.70 20.44 20.88 18.69 107209
20150605 20.80 21.59 22.28 20.50 158701
20150608 21.43 20.62 21.98 20.30 140763
20150609 20.50 20.51 20.62 20.02 94079
20150610 20.41 20.95 21.29 20.15 92699
20150611 20.77 21.95 21.97 20.51 129031
20150612 21.93 21.63 22.37 21.50 115001
20150615 21.69 21.58 22.19 21.01 95918
20150616 21.20 19.95 21.20 19.56 99892
20150617 19.95 20.24 20.40 19.12 83087
20150618 20.07 19.39 20.40 19.36 64349
20150619 19.10 17.93 19.48 17.90 63610
20150623 17.48 18.71 18.80 17.27 56965
20150624 20.00 19.87 20.50 19.37 121476
20150625 19.55 18.63 19.80 18.10 78176
20150626 18.17 16.78 18.17 16.77 90867
20150629 17.40 15.29 17.40 15.10 93956
20150630 15.21 16.37 16.40 14.02 97871
20150701 16.01 15.30 16.65 15.03 84182
20150702 15.31 13.94 15.59 13.89 82430
20150703 13.77 13.28 14.77 12.65 81196
20150706 14.60 12.92 14.61 12.20 86111
20150707 12.58 11.63 12.69 11.63 70703
20150708 10.47 10.47 10.47 10.47 37749
20150709 9.43 11.52 11.52 9.43 112009
20150710 12.00 12.67 12.67 11.90 117079
20150713 13.20 13.94 13.94 13.10 126398
20150714 14.10 13.84 14.87 13.61 152470
20150715 13.43 12.46 13.68 12.46 88237
20150716 11.71 12.76 13.18 11.68 89534
20150717 12.80 13.70 13.92 12.80 73999
20150720 13.90 13.91 14.34 13.35 99009
20150721 13.44 13.88 14.10 13.40 71397
20150722 14.51 14.40 14.98 14.12 144256
20150723 14.51 14.92 15.20 14.20 133766
20150724 14.70 14.46 15.09 14.31 119405
20150727 14.06 13.01 14.47 13.01 93442
20150728 12.32 12.80 13.26 11.75 94040
20150729 12.88 13.57 13.61 12.52 57318
20150730 13.41 12.99 13.63 12.77 75160
