20140102 8.03 8.21 8.28 8.03 16744
20140103 8.21 8.20 8.29 8.11 11460
20140106 8.13 8.00 8.13 7.90 16861
20140107 7.89 7.91 8.01 7.81 8843
20140108 7.85 7.64 7.97 7.60 32856
20140109 7.54 7.27 7.61 7.26 32686
20140110 7.25 7.08 7.33 7.04 20472
20140113 7.08 6.88 7.21 6.84 26751
20140114 6.87 7.18 7.25 6.86 20445
20140115 7.13 7.07 7.20 7.01 14679
20140116 7.07 7.16 7.21 7.05 13263
20140117 7.17 7.09 7.17 7.06 9561
20140120 7.02 7.08 7.14 6.88 20820
20140121 7.07 7.07 7.11 6.98 18684
20140122 7.01 7.28 7.35 6.90 37051
20140123 7.21 7.23 7.33 7.21 19996
20140124 7.21 7.27 7.30 7.20 19425
20140127 7.24 7.33 7.40 7.16 19219
20140128 7.37 7.29 7.38 7.25 13066
20140129 7.28 7.32 7.36 7.21 13361
20140130 7.34 7.28 7.37 7.27 8147
20140207 7.31 7.64 7.72 7.28 30505
20140210 7.65 7.78 7.84 7.61 34217
20140211 7.78 7.66 7.81 7.60 26292
20140212 7.68 7.93 8.00 7.60 40275
20140213 7.87 7.94 8.02 7.80 35071
20140214 7.88 7.95 7.97 7.76 29143
20140217 7.90 8.16 8.19 7.90 38513
20140218 8.10 8.13 8.30 8.08 35898
20140219 8.12 8.15 8.25 8.01 23289
20140220 8.18 8.09 8.25 7.98 26458
20140221 8.02 7.97 8.16 7.90 19329
20140224 7.90 8.02 8.05 7.85 16347
20140225 8.04 7.85 8.34 7.81 37284
20140226 7.80 7.69 7.80 7.54 21940
20140227 7.69 7.79 8.03 7.65 20544
20140228 7.79 7.92 7.94 7.70 11935
20140303 7.93 8.16 8.28 7.93 28309
20140304 8.16 8.28 8.37 8.11 30616
20140305 8.28 8.29 8.38 8.17 33877
20140306 8.29 8.32 8.41 8.20 25070
20140307 8.30 8.20 8.52 8.15 39690
20140310 8.14 8.29 8.40 8.06 40892
20140311 8.21 8.70 8.97 8.20 74190
20140312 8.61 8.61 8.70 8.43 42671
20140313 8.68 8.61 8.69 8.48 34609
20140314 8.57 8.70 8.92 8.51 40566
20140317 8.78 8.70 8.90 8.65 31778
20140318 8.64 8.50 8.75 8.47 37232
20140319 8.51 8.55 8.65 8.29 32639
20140320 8.54 8.38 8.62 8.37 23259
20140321 8.38 8.57 8.57 8.31 20126
20140324 8.58 8.55 8.74 8.47 32055
20140325 8.54 9.08 9.12 8.52 40251
20140326 9.00 9.13 9.42 8.90 79524
20140327 9.06 9.02 9.31 8.90 40475
20140328 8.92 8.73 9.26 8.65 35591
20140331 8.73 8.67 8.86 8.60 17517
20140401 8.67 8.80 8.85 8.59 18426
20140402 8.75 8.93 8.93 8.70 20893
20140403 8.76 8.79 9.05 8.76 11598
20140404 8.76 8.72 8.83 8.67 15358
20140408 8.72 8.37 8.72 8.16 54685
20140409 8.38 8.43 8.45 8.25 26893
20140410 8.40 8.37 8.43 8.30 19932
20140411 8.33 8.40 8.41 8.20 24745
20140414 8.36 8.38 8.42 8.31 13552
20140415 8.34 8.47 8.56 8.30 22379
20140416 8.46 8.30 8.49 8.29 19401
20140417 8.30 8.28 8.36 8.25 12707
20140418 8.28 8.34 8.35 8.23 11589
20140421 8.31 8.16 8.32 8.15 17280
20140422 8.16 8.12 8.21 8.06 14829
20140423 8.20 8.08 8.20 8.06 6016
20140424 8.10 7.85 8.12 7.85 16577
20140425 7.88 7.72 7.88 7.64 17347
20140428 7.68 7.41 7.70 7.38 15539
20140429 7.41 7.45 7.47 7.35 11534
20140430 7.42 7.48 7.52 7.36 10092
20140505 7.50 7.60 7.64 7.45 10996
20140506 7.60 7.60 7.69 7.55 12501
20140507 7.60 7.36 7.60 7.35 13828
20140508 7.36 7.25 7.45 7.24 16151
20140509 7.31 7.27 7.32 7.12 9330
20140512 7.33 7.53 7.55 7.29 16219
20140513 7.53 7.47 7.57 7.37 13240
20140514 7.50 7.44 7.50 7.40 8515
20140515 7.49 7.30 7.49 7.23 11556
20140516 7.31 7.28 7.33 7.23 4132
20140519 7.27 7.43 7.48 7.20 10239
20140520 7.51 7.57 7.63 7.40 14852
20140521 7.60 7.60 7.66 7.48 11045
20141022 8.35 8.35 8.35 8.35 14161
20141023 9.19 9.19 9.19 9.03 309011
20141024 9.20 9.04 9.84 9.00 363330
20141027 8.86 9.03 9.31 8.80 176469
20141028 9.02 9.47 9.68 8.97 202161
20141029 9.46 9.57 9.84 9.41 183811
20141030 9.56 9.31 9.56 9.27 144363
20141031 9.26 9.77 10.24 9.26 175040
20141103 9.81 9.99 10.12 9.71 129475
20141104 9.91 9.69 9.96 9.67 78892
20141105 9.67 9.81 10.18 9.67 75490
20141106 9.86 9.85 9.91 9.55 64485
20141107 9.82 9.51 9.85 9.43 76119
20141110 9.52 9.61 9.73 9.50 43311
20141111 9.61 9.24 9.61 9.08 78310
20141112 9.24 9.29 9.38 9.19 52560
20141113 9.29 9.14 9.29 9.12 39184
20141114 9.15 9.21 9.22 9.01 44197
20141117 9.26 9.35 9.40 9.16 36345
20141118 9.35 9.42 9.50 9.24 43902
20141119 9.42 9.51 9.54 9.33 35083
20141120 9.48 9.42 9.50 9.37 31338
20141121 9.38 10.36 10.36 9.35 123760
20141124 10.83 11.02 11.30 10.48 226098
20141125 11.06 11.78 12.12 11.06 221393
20141126 11.66 11.68 11.74 11.44 109436
20141127 11.71 11.50 11.99 11.36 100906
20141128 11.45 11.67 11.78 11.15 88905
20141201 11.65 11.31 11.65 10.89 83316
20141202 11.16 11.22 11.46 11.15 59057
20141203 11.28 10.98 11.29 10.72 71500
20141204 11.05 11.32 11.56 10.90 72725
20141205 11.28 10.88 11.39 10.64 68911
20141208 10.88 10.79 11.05 10.58 68051
20141209 10.60 11.16 11.32 10.52 96705
20141210 11.18 11.58 11.79 11.10 93478
20141211 11.70 11.40 11.70 11.22 53892
20141212 11.53 11.42 11.57 11.34 37672
20141215 11.46 11.90 12.25 11.25 96801
20141216 12.09 11.78 12.10 11.60 53605
20141217 11.85 11.14 11.85 11.00 56918
20141218 11.18 11.00 11.45 10.95 60661
20141219 11.00 10.58 11.00 10.30 56250
20141222 10.40 9.58 10.53 9.52 103559
20141223 9.53 9.10 9.72 8.93 59839
20141224 9.20 9.43 9.50 9.20 47017
20141225 9.41 9.56 9.62 9.30 37063
20141226 9.56 9.51 9.65 9.42 33157
20141229 9.51 9.45 9.53 9.01 61316
20141230 9.37 9.50 9.54 9.19 32026
20141231 9.55 9.62 9.99 9.23 39523
20150105 9.58 9.82 9.85 9.45 43527
20150106 9.75 10.07 10.29 9.64 40602
20150107 10.06 10.01 10.13 9.85 30571
20150108 10.01 9.98 10.16 9.85 21809
20150109 10.04 9.80 10.15 9.72 24783
20150112 9.82 9.43 9.85 9.00 36527
20150113 9.35 9.50 9.62 9.26 25958
20150114 9.51 9.48 9.60 9.38 17497
20150115 9.48 9.49 9.53 9.37 18392
20150116 9.49 9.69 9.77 9.47 22201
20150119 9.48 9.68 10.10 9.21 45011
20150120 9.66 10.65 10.65 9.66 93337
20150121 10.97 10.86 11.23 10.76 105738
20150122 10.68 11.10 11.28 10.68 67568
20150123 11.06 10.81 11.18 10.74 47651
20150126 10.84 11.13 11.26 10.84 46253
20150127 11.13 11.20 11.30 10.95 39513
20150128 11.13 10.95 11.13 10.90 30499
20150129 10.83 11.19 11.31 10.76 49107
20150130 11.14 10.96 11.24 10.91 28156
20150202 10.80 11.44 11.72 10.71 58553
20150203 11.43 11.98 12.03 11.28 92396
20150204 12.04 12.08 12.40 11.83 84481
20150205 12.10 12.26 12.75 11.96 77168
20150206 12.20 12.02 12.73 12.00 63099
20150209 11.95 12.74 12.79 11.71 83783
20150210 12.74 12.64 13.38 12.46 69176
20150211 12.64 12.96 13.28 12.50 64383
20150212 12.90 13.75 13.77 12.90 89012
20150213 13.78 14.72 14.80 13.53 107219
20150216 14.70 14.51 15.10 14.30 129291
20150217 14.59 15.96 15.96 14.21 121019
20150225 15.96 14.58 16.54 14.36 147486
20150226 14.32 14.11 14.50 13.71 108928
20150227 14.15 14.23 14.98 14.02 127310
20150302 14.15 14.84 15.09 14.07 118253
20150303 14.63 14.33 14.83 14.30 66072
20150304 14.31 14.35 14.72 14.20 55175
20150305 14.35 13.92 14.39 13.74 110045
20150306 14.10 14.11 14.36 13.97 70592
20150309 14.05 14.29 14.41 13.80 43439
20150310 14.29 14.75 14.96 14.29 90860
20150311 14.63 14.28 14.72 14.06 75470
20150312 14.28 14.15 14.28 13.76 60449
20150313 14.18 14.49 14.68 14.01 52498
20150316 14.63 14.91 15.10 14.59 79017
20150317 15.07 15.72 16.09 14.84 113346
20150318 15.63 15.72 15.76 15.40 61943
20150319 15.67 15.47 15.67 15.25 54536
20150320 15.48 15.31 15.60 15.30 51261
20150323 15.41 16.84 16.84 15.32 82972
20150324 17.40 17.70 18.28 16.67 162303
20150325 17.54 17.32 17.69 16.91 76687
20150326 17.15 16.78 17.17 16.70 63232
20150327 16.70 16.82 17.09 16.62 46657
20150330 16.82 17.58 17.99 16.80 76541
20150331 17.61 17.57 18.66 17.54 60808
20150401 17.57 17.74 17.85 17.32 47266
20150402 17.92 18.10 18.41 17.70 65877
20150403 18.00 18.31 18.38 17.80 88500
20150407 18.33 18.65 19.00 18.08 69148
20150408 18.57 18.02 18.87 17.91 88844
20150409 17.77 17.50 17.90 16.30 94548
20150410 17.28 17.81 17.90 17.00 52351
20150413 17.90 18.30 18.55 17.20 71143
20150414 18.32 18.02 18.32 17.80 56127
20150415 17.94 19.82 19.82 17.80 121724
20150416 19.70 20.54 21.33 18.60 104353
20150417 20.00 19.95 21.38 19.80 89007
20150420 19.72 19.97 20.68 19.23 99508
20150421 19.84 21.36 21.51 19.75 76519
20150422 21.10 21.30 21.72 21.00 64459
20150423 21.10 20.74 21.35 20.38 64028
20150424 20.78 20.18 20.95 19.90 54865
20150427 20.23 22.20 22.20 20.23 116728
20150428 22.50 23.18 23.87 22.20 130173
20150429 23.18 23.22 24.15 21.70 92240
20150430 23.08 25.53 25.54 22.78 97222
20150504 25.35 24.91 25.95 24.40 80126
20150505 24.55 23.88 24.75 23.03 78916
20150506 23.81 23.99 24.45 23.55 52757
20150507 24.10 22.71 24.10 22.60 47324
20150508 22.82 23.90 24.08 22.82 44254
20150511 24.03 25.01 25.10 23.52 71716
20150512 25.05 24.93 25.10 24.28 61553
20150513 24.70 26.02 26.50 24.41 92895
20150514 25.89 24.98 26.70 24.65 73680
20150515 24.30 24.23 24.69 23.50 60702
20150518 24.33 26.02 26.36 23.94 82821
20150519 25.60 25.67 25.98 24.99 53760
20150520 25.81 26.05 26.98 25.80 64923
20150521 25.92 27.48 27.56 25.92 73830
20150522 27.47 27.99 29.20 26.58 82219
20150525 27.30 28.27 28.58 26.68 67278
20150526 28.74 30.71 30.77 28.15 87434
20150527 30.77 29.85 30.77 29.30 87154
20150528 29.65 26.88 30.29 26.87 79982
20150529 27.00 26.58 27.49 25.80 96089
20150601 26.70 27.93 27.94 26.43 59326
20150602 28.03 29.58 30.09 27.60 78035
20150603 29.80 28.58 30.00 27.60 66641
20150604 28.68 27.75 28.98 25.72 63888
20150605 27.85 29.78 30.22 27.82 101544
20150608 29.78 30.16 31.09 29.08 116411
20150609 30.00 29.56 30.38 28.60 64106
20150610 29.00 31.11 31.80 28.55 89482
20150611 30.95 32.37 32.40 30.56 81468
20150612 32.33 33.23 35.35 31.50 84512
20150615 33.30 34.89 35.69 32.97 92828
20150616 34.70 32.01 34.70 31.55 91864
20150617 31.08 34.78 35.10 29.80 83957
20150618 34.50 35.20 38.25 34.17 116832
20150619 33.00 31.68 34.02 31.68 77703
20150623 31.68 29.29 32.39 28.51 82806
20150624 29.96 29.00 30.30 27.80 101403
20150625 29.25 29.04 31.20 28.00 87991
20150626 27.00 26.13 27.49 26.13 58020
20150629 26.13 23.52 26.13 23.52 70686
20150630 21.17 23.10 24.25 21.17 124303
20150701 22.15 20.79 24.20 20.79 95988
20150702 19.13 18.71 19.98 18.71 122645
20150703 16.90 16.84 17.90 16.84 85985
20150706 18.25 15.16 18.27 15.16 115363
20150707 13.64 13.64 13.64 13.64 14475
20150708 12.28 12.28 12.28 12.28 2514
20150709 11.05 13.51 13.51 11.05 185466
20150710 14.00 14.86 14.86 13.55 118808
20150713 15.50 16.35 16.35 15.50 135435
20150714 16.78 16.73 17.91 16.30 214118
20150715 16.00 15.06 16.22 15.06 108162
20150716 13.60 14.47 15.60 13.55 161572
20150717 14.54 15.72 15.88 14.50 143904
20150720 15.98 16.48 16.78 15.68 146766
20150721 16.40 18.13 18.13 15.77 149882
20150722 18.50 19.40 19.76 17.19 225347
20150723 19.38 21.34 21.34 19.00 259301
20150724 21.53 21.12 22.99 20.45 216677
20150727 20.10 19.01 22.50 19.01 233769
20150728 17.62 18.06 19.51 17.11 169992
20150729 18.68 19.87 19.87 18.10 188557
20150730 20.14 20.83 21.86 19.90 226179
