20140102 3.22 3.21 3.24 3.19 54648
20140103 3.20 3.12 3.20 3.11 62331
20140106 3.12 3.03 3.12 3.02 72100
20140107 3.02 3.05 3.07 3.00 42673
20140108 3.06 3.03 3.08 3.01 55580
20140109 3.03 2.99 3.04 2.98 53461
20140110 2.98 2.95 2.99 2.93 53112
20140113 2.95 2.93 2.97 2.90 37456
20140114 2.93 2.98 2.98 2.90 43779
20140115 2.97 2.97 2.98 2.94 36348
20140116 2.98 2.98 3.00 2.95 29118
20140117 2.98 2.94 2.98 2.94 31365
20140120 2.93 2.94 3.00 2.90 36429
20140121 2.94 3.01 3.02 2.92 54565
20140122 2.99 3.06 3.06 2.99 50420
20140123 3.07 3.04 3.07 3.02 40331
20140124 3.04 3.07 3.09 3.02 61367
20140127 3.05 3.03 3.06 3.02 51989
20140128 3.03 3.04 3.05 3.01 27998
20140129 3.04 3.04 3.05 3.02 27468
20140130 3.04 3.03 3.04 3.01 23028
20140207 3.00 3.03 3.03 2.97 32160
20140210 3.03 3.10 3.11 3.02 73776
20140211 3.09 3.12 3.13 3.08 72336
20140212 3.13 3.17 3.17 3.09 105001
20140213 3.16 3.14 3.19 3.12 87126
20140214 3.13 3.17 3.18 3.12 79841
20140217 3.17 3.20 3.20 3.16 111693
20140218 3.19 3.28 3.34 3.16 194857
20140219 3.25 3.24 3.29 3.22 135585
20140220 3.25 3.19 3.27 3.18 97715
20140221 3.19 3.19 3.25 3.17 83465
20140224 3.18 3.12 3.18 3.09 67548
20140225 3.10 3.07 3.17 3.06 94138
20140226 3.07 3.06 3.07 3.01 63783
20140227 3.06 3.12 3.21 3.04 110670
20140228 3.09 3.11 3.11 3.06 69362
20140303 3.12 3.20 3.22 3.09 135219
20140304 3.17 3.18 3.24 3.13 109667
20140305 3.19 3.16 3.21 3.15 71321
20140306 3.16 3.17 3.19 3.12 67915
20140307 3.16 3.15 3.19 3.13 47460
20140310 3.14 3.00 3.14 2.95 109617
20140311 2.99 3.02 3.05 2.98 53098
20140312 3.02 3.05 3.08 2.99 61778
20140313 3.05 3.05 3.08 3.03 57816
20140314 3.04 3.01 3.05 2.99 45888
20140317 3.01 3.04 3.06 3.01 39394
20140318 3.04 3.07 3.09 3.04 54655
20140319 3.07 3.07 3.07 3.02 57573
20140320 3.06 3.03 3.10 3.03 62001
20140321 3.03 3.10 3.11 3.02 70285
20140324 3.11 3.16 3.16 3.10 113285
20140325 3.15 3.17 3.23 3.14 145605
20140326 3.18 3.15 3.19 3.14 53441
20140327 3.15 3.14 3.20 3.10 93098
20140328 3.13 3.17 3.23 3.13 112951
20140331 3.18 3.12 3.19 3.11 65697
20140401 3.13 3.17 3.18 3.11 62603
20140402 3.17 3.18 3.20 3.15 82096
20140403 3.18 3.14 3.19 3.13 58302
20140404 3.13 3.20 3.22 3.12 97210
20140408 3.20 3.24 3.25 3.18 119050
20140409 3.23 3.20 3.24 3.18 71701
20140410 3.21 3.20 3.22 3.19 89404
20140411 3.19 3.20 3.20 3.18 66138
20140414 3.20 3.18 3.20 3.16 59159
20140415 3.18 3.16 3.20 3.15 51999
20140416 3.15 3.21 3.22 3.15 90893
20140417 3.21 3.19 3.21 3.18 53869
20140418 3.20 3.18 3.21 3.16 54337
20140421 3.17 3.13 3.18 3.13 53767
20140422 3.13 3.13 3.15 3.09 58871
20140423 3.13 3.11 3.15 3.11 48256
20140424 3.13 3.06 3.13 3.06 48477
20140425 3.07 3.02 3.09 3.02 42816
20140428 3.00 2.94 3.02 2.94 67704
20140429 2.96 2.96 2.97 2.91 56839
20140430 2.96 2.96 2.97 2.93 41678
20140505 2.97 2.99 2.99 2.95 38210
20140506 2.99 2.98 3.00 2.96 46964
20140507 2.97 2.94 2.97 2.92 39029
20140508 2.93 2.95 2.98 2.92 32350
20140509 2.96 2.94 2.97 2.93 27313
20140512 2.96 3.02 3.03 2.95 57924
20140513 3.00 3.01 3.02 2.98 36736
20140514 3.01 3.00 3.02 2.98 26142
20140515 3.00 2.95 3.00 2.94 31522
20140516 2.94 2.96 2.97 2.93 19925
20140519 2.97 2.97 2.97 2.93 25047
20140520 2.97 2.96 2.99 2.95 23773
20140521 2.97 2.97 2.98 2.93 27027
20140522 2.97 2.95 2.99 2.95 23624
20140523 2.95 2.97 2.97 2.94 22632
20140526 2.99 3.06 3.11 2.98 130040
20140527 3.03 3.01 3.04 2.99 79560
20140528 3.01 3.01 3.03 2.99 35842
20140529 3.01 2.99 3.02 2.98 29647
20140530 2.99 2.99 3.01 2.98 26923
20140603 2.99 2.99 3.01 2.98 20174
20140604 2.99 2.97 2.99 2.95 27510
20140605 2.96 3.04 3.10 2.95 71424
20140606 3.02 3.02 3.04 2.99 52277
20140609 3.00 2.99 3.03 2.98 25402
20140610 3.00 3.00 3.02 2.98 30618
20140611 3.00 3.01 3.02 3.00 16920
20140612 3.01 2.99 3.01 2.98 24351
20140613 2.99 3.01 3.02 2.99 27762
20140616 3.01 3.02 3.03 3.00 30822
20140617 3.02 3.00 3.02 2.99 29800
20140618 3.00 2.98 3.01 2.97 24754
20140619 2.97 2.93 2.99 2.92 38257
20140620 2.93 2.94 2.94 2.92 33803
20140623 2.94 2.95 2.96 2.93 20577
20140624 2.95 2.96 2.98 2.94 26459
20140625 2.97 2.96 2.97 2.94 16918
20140703 3.18 3.13 3.22 3.08 408476
20140704 3.11 3.39 3.44 3.10 623941
20140707 3.30 3.40 3.43 3.22 374328
20140708 3.36 3.35 3.40 3.30 160938
20140709 3.33 3.44 3.54 3.33 385047
20140710 3.47 3.51 3.64 3.46 303222
20140711 3.44 3.46 3.56 3.43 181107
20140714 3.44 3.52 3.66 3.43 170736
20140715 3.54 3.48 3.55 3.42 159202
20140716 3.45 3.83 3.83 3.45 886997
20140717 3.99 4.05 4.19 3.87 1111458
20140718 4.04 4.46 4.46 4.04 727493
20140721 4.69 4.37 4.74 4.26 1050879
20140722 4.30 4.81 4.81 4.30 939803
20140723 4.95 4.80 4.95 4.61 898478
20140724 4.73 4.42 4.79 4.32 906816
20140725 4.42 4.43 4.52 4.33 408109
20140728 4.43 4.46 4.51 4.30 386008
20140729 4.42 4.65 4.80 4.41 651150
20140730 4.60 4.56 4.68 4.38 448558
20140731 4.50 4.63 4.68 4.46 325838
20140801 4.57 4.54 4.73 4.50 357300
20140804 4.50 4.57 4.64 4.47 298685
20140805 4.58 4.47 4.59 4.40 341990
20140806 4.45 4.38 4.47 4.37 263325
20140807 4.40 4.35 4.47 4.32 228882
20140808 4.37 4.52 4.59 4.35 485106
20140811 4.52 4.70 4.73 4.47 454438
20140812 4.69 4.72 4.73 4.64 232744
20140813 4.71 4.63 4.71 4.54 216963
20140814 4.62 4.42 4.62 4.40 464684
20140815 4.41 4.44 4.46 4.34 167389
20140818 4.44 4.52 4.63 4.41 318298
20140819 4.52 4.49 4.56 4.43 226655
20140820 4.48 4.50 4.52 4.43 192580
20140821 4.44 4.31 4.45 4.20 264959
20140822 4.29 4.24 4.30 4.21 262753
20140825 4.28 4.43 4.56 4.25 510445
20140826 4.39 4.39 4.49 4.33 206467
20140827 4.40 4.33 4.43 4.30 121233
20140828 4.34 4.19 4.34 4.17 174591
20140829 4.18 4.19 4.22 4.10 123992
20140901 4.19 4.30 4.35 4.14 153362
20140902 4.37 4.34 4.39 4.31 166821
20140903 4.35 4.39 4.42 4.30 243415
20140904 4.36 4.54 4.60 4.30 393195
20140905 4.52 4.55 4.64 4.51 289091
20140909 4.54 4.57 4.66 4.47 238284
20140910 4.58 4.52 4.60 4.50 144208
20140911 4.52 4.44 4.54 4.40 284458
20140912 4.44 4.48 4.52 4.40 198120
20140915 4.46 4.46 4.50 4.39 262446
20140916 4.46 4.40 4.56 4.39 308794
20140917 4.40 4.32 4.43 4.23 222161
20140918 4.32 4.41 4.41 4.26 167474
20140919 4.39 4.41 4.47 4.31 194307
20140922 4.40 4.42 4.51 4.39 221140
20140923 4.43 4.67 4.80 4.39 598801
20140924 4.64 4.70 4.72 4.60 479684
20140925 4.71 4.64 4.79 4.63 289411
20140926 4.65 4.83 4.88 4.63 460606
20140929 4.83 4.84 4.91 4.78 373326
20140930 4.85 4.83 4.89 4.78 238775
20141008 4.86 4.77 4.86 4.70 285484
20141009 4.77 5.25 5.25 4.72 775626
20141010 5.27 5.34 5.39 5.17 713642
20141013 5.30 5.19 5.30 5.06 507096
20141014 5.10 5.14 5.25 5.08 341308
20141015 5.15 5.09 5.18 5.01 485515
20141016 5.03 4.84 5.14 4.80 435881
20141017 4.77 4.78 4.88 4.65 305620
20141020 4.78 4.84 4.86 4.71 187190
20141021 4.87 4.85 4.93 4.82 240666
20141022 4.85 4.72 4.86 4.68 142956
20141023 4.66 4.57 4.71 4.51 192430
20141024 4.59 4.56 4.61 4.52 102606
20141027 4.53 4.59 4.61 4.53 69766
20141028 4.60 4.73 4.75 4.58 162724
20141029 4.75 4.82 4.90 4.70 300773
20141030 4.81 4.80 4.87 4.77 249473
20141031 4.81 4.77 4.83 4.71 218487
20141103 4.77 4.93 4.94 4.77 277200
20141104 4.92 4.89 4.96 4.85 201978
20141105 4.86 4.76 4.90 4.68 257438
20141106 4.76 4.77 4.78 4.68 161852
20141107 4.78 4.69 4.79 4.68 188063
20141110 4.69 4.77 4.81 4.68 220460
20141111 4.79 4.65 4.84 4.61 228189
20141112 4.63 4.78 4.82 4.61 175234
20141113 4.76 4.68 4.81 4.65 165645
20141114 4.68 4.68 4.71 4.63 85441
20141117 4.67 4.70 4.75 4.66 137224
20141118 4.68 4.73 4.73 4.68 72926
20141119 4.74 4.78 4.79 4.71 130983
20141120 4.79 5.10 5.25 4.78 901802
20141121 5.08 5.12 5.15 4.99 497082
20141124 5.20 5.10 5.22 5.06 420257
20141125 5.14 5.18 5.25 5.06 370977
20141126 5.17 5.10 5.17 5.03 383361
20141127 5.10 5.07 5.11 5.04 214456
20141128 5.06 5.07 5.11 5.02 285080
20141201 5.08 5.10 5.25 5.06 448489
20141202 5.07 5.11 5.14 5.04 293942
20141203 5.11 5.17 5.19 5.03 466859
20141204 5.24 5.28 5.35 5.18 550794
20141205 5.22 4.99 5.33 4.91 594803
20141208 4.95 5.02 5.04 4.88 339768
20141209 5.01 4.82 5.02 4.79 429529
20141210 4.81 4.93 4.95 4.78 219583
20141211 4.93 5.10 5.13 4.89 374857
20141212 5.10 5.09 5.14 5.05 233267
20141215 5.08 5.41 5.48 5.06 701006
20141216 5.37 5.30 5.41 5.22 442982
20141217 5.30 5.18 5.31 5.15 348116
20141218 5.18 5.17 5.30 5.15 214329
20141219 5.20 5.19 5.24 5.04 289293
20141222 5.22 5.05 5.26 4.99 309847
20141223 5.05 5.01 5.08 4.93 146262
20141224 5.01 5.09 5.11 4.97 138087
20141225 5.09 5.11 5.12 5.05 135181
20141226 5.11 5.16 5.16 5.07 213662
20141229 5.26 5.23 5.34 5.16 336473
20141230 5.23 5.03 5.23 5.00 294098
20141231 5.01 5.05 5.07 4.98 151422
20150105 5.06 5.14 5.16 5.05 241653
20150106 5.14 5.18 5.19 5.05 270178
20150107 5.22 5.13 5.22 5.10 181287
20150108 5.13 5.15 5.24 5.08 286718
20150109 5.14 5.04 5.15 5.03 198180
20150112 5.00 4.84 5.03 4.82 212549
20150113 4.82 4.84 4.88 4.79 115194
20150114 4.84 4.80 4.88 4.78 118964
20150115 4.85 4.88 4.93 4.81 92204
20150116 4.89 4.87 4.93 4.83 109312
20150119 4.70 4.57 4.79 4.45 225052
20150120 4.60 4.70 4.71 4.60 112940
20150121 4.72 4.80 4.83 4.69 146190
20150122 4.81 4.89 4.92 4.77 156480
20150123 4.87 4.94 4.98 4.87 187809
20150126 5.00 5.11 5.12 4.96 252810
20150127 5.10 5.05 5.11 4.95 199686
20150128 5.06 5.13 5.16 5.02 246546
20150129 5.13 5.07 5.13 5.02 144572
20150130 5.09 4.95 5.10 4.94 126943
20150202 4.93 4.91 4.95 4.83 77670
20150203 4.91 5.03 5.04 4.91 108222
20150204 5.06 4.99 5.07 4.96 111126
20150205 5.05 4.94 5.06 4.91 105429
20150206 4.92 4.85 4.97 4.81 81518
20150209 4.82 4.84 4.88 4.80 61166
20150210 4.81 4.85 4.89 4.81 72141
20150211 4.88 4.79 4.89 4.74 196276
20150212 4.78 4.81 4.85 4.77 85756
20150213 4.84 4.94 4.98 4.84 165716
20150216 4.97 5.04 5.04 4.97 147433
20150217 5.05 5.16 5.29 5.05 478944
20150225 5.18 5.14 5.23 5.13 213379
20150226 5.14 5.16 5.17 5.04 232478
20150227 5.17 5.16 5.19 5.09 216513
20150302 5.19 5.68 5.68 5.16 707803
20150303 5.88 6.25 6.25 5.80 2283307
20150304 6.21 6.16 6.23 5.98 1436995
20150305 6.10 6.04 6.12 5.94 846889
20150306 6.04 5.83 6.13 5.80 774433
20150309 5.85 5.94 5.96 5.78 482305
20150310 5.93 5.95 6.06 5.87 426627
20150311 5.94 6.03 6.05 5.80 596593
20150312 6.10 5.91 6.10 5.89 521422
20150313 5.84 5.91 5.98 5.83 344956
20150316 5.96 6.04 6.08 5.90 545991
20150317 6.06 6.11 6.25 6.00 790110
20150318 6.14 6.19 6.23 6.04 668223
20150319 6.19 6.48 6.68 6.09 977355
20150320 6.39 6.47 6.60 6.37 556924
20150323 6.47 6.53 6.62 6.45 590909
20150324 6.65 6.40 6.69 6.23 741138
20150325 6.40 6.30 6.46 6.27 464330
20150326 6.30 6.47 6.50 6.21 490517
20150327 6.45 6.46 6.58 6.38 430116
20150330 6.46 6.56 6.64 6.44 601427
20150331 6.54 6.43 6.60 6.37 545026
20150401 6.39 6.48 6.51 6.32 473387
20150402 6.50 6.75 6.86 6.50 937044
20150403 6.98 7.08 7.37 6.98 1095380
20150407 7.10 7.19 7.27 6.98 746934
20150408 7.19 7.05 7.22 6.91 597273
20150409 7.05 6.86 7.08 6.68 564537
20150410 6.85 7.09 7.18 6.80 480203
20150413 7.12 7.24 7.28 7.06 648125
20150414 7.24 7.13 7.28 7.07 546538
20150415 7.14 6.84 7.18 6.83 520057
20150416 6.80 6.94 7.01 6.66 411518
20150417 7.00 6.96 7.08 6.90 501842
20150420 6.99 6.74 6.99 6.72 620913
20150421 6.76 7.41 7.41 6.76 1146234
20150422 7.41 7.58 7.59 7.22 1460343
20150423 7.55 7.42 7.55 7.35 976281
20150424 7.26 7.64 7.89 7.19 1263967
20150427 7.67 7.61 7.75 7.53 803180
20150428 7.58 7.42 7.85 7.27 835735
20150429 7.39 8.16 8.16 7.32 1715516
20150430 8.13 7.95 8.27 7.93 1062312
20150504 7.95 8.24 8.35 7.90 888334
20150505 8.24 8.01 8.64 7.80 936754
20150506 8.02 8.20 8.58 7.87 929357
20150507 8.02 7.70 8.39 7.66 774156
20150508 7.83 8.04 8.11 7.55 983042
20150511 8.00 8.68 8.75 7.92 1236723
20150512 8.72 9.10 9.19 8.51 1177840
20150513 9.01 9.09 9.40 8.81 1063256
20150514 9.13 9.04 9.24 8.86 601882
20150515 8.99 8.71 8.99 8.55 738897
20150518 8.65 8.93 8.97 8.57 618490
20150519 8.93 9.06 9.26 8.90 660645
20150520 9.15 9.97 9.97 9.13 892122
20150521 10.30 10.68 10.97 10.20 1753574
20150522 10.45 11.12 11.48 10.28 1455802
20150525 11.10 11.19 11.60 10.90 1152840
20150526 11.42 11.35 11.50 10.92 1174068
20150527 11.33 11.41 11.75 10.88 1288454
20150528 11.42 10.27 11.45 10.27 1237712
20150529 10.17 9.86 10.48 9.34 973722
20150601 9.86 10.43 10.46 9.86 747369
20150602 10.45 10.71 10.88 10.23 830224
20150603 10.72 11.78 11.78 10.61 1735512
20150604 11.81 11.34 11.81 10.60 1419900
20150605 11.82 11.47 12.00 11.07 1217811
20150608 11.35 11.03 11.39 10.90 950446
20150609 11.03 10.99 11.29 10.70 797802
20150610 10.98 11.22 11.46 10.73 917060
20150611 11.35 11.59 11.80 11.11 1100421
20150612 11.65 12.22 12.65 11.65 1407905
20150615 12.31 12.12 12.41 11.73 1152589
20150616 11.86 11.54 12.10 11.20 785095
20150617 11.51 11.67 11.78 10.50 787978
20150618 11.69 11.47 12.00 11.39 748907
20150619 11.00 10.32 11.25 10.32 628916
20150623 10.05 10.17 10.32 9.36 698303
20150624 10.33 10.58 10.80 10.02 613951
20150625 10.70 9.85 10.73 9.63 568861
20150626 9.58 8.87 9.58 8.87 655298
20150629 9.20 7.98 9.27 7.98 749228
20150630 7.76 8.37 8.46 7.18 917210
20150701 8.15 7.53 8.52 7.53 669796
20150702 7.35 6.78 7.68 6.78 774710
20150703 6.40 6.10 6.80 6.10 720296
20150706 6.71 5.51 6.71 5.49 1054089
20150707 5.30 4.96 5.30 4.96 475534
20150708 4.46 4.46 4.46 4.46 103142
20150709 4.10 4.91 4.91 4.10 972835
20150710 5.33 5.40 5.40 5.05 459167
20150713 5.94 5.94 5.94 5.70 788471
20150714 6.20 6.53 6.53 6.01 1443772
20150715 6.31 5.88 6.45 5.88 847747
20150716 5.36 5.97 6.18 5.33 695642
20150717 5.96 6.40 6.52 5.90 774120
20150720 6.38 6.52 6.68 6.19 966510
20150721 6.38 6.95 7.05 6.28 1002434
20150722 6.94 6.89 7.08 6.64 927879
20150723 6.83 7.06 7.14 6.79 844601
20150724 7.15 6.81 7.25 6.70 913640
20150727 6.60 6.13 6.89 6.13 726228
20150728 5.60 5.72 6.18 5.52 789987
20150729 5.81 6.12 6.13 5.55 674306
20150730 6.10 6.03 6.37 5.97 769326
