20140102 3.85 3.92 3.92 3.83 39933
20140103 3.90 3.86 3.91 3.84 24995
20140106 3.85 4.08 4.14 3.85 245191
20140107 4.04 4.02 4.10 4.00 69975
20140108 4.03 3.94 4.03 3.93 50951
20140109 3.95 3.87 3.97 3.86 42577
20140110 3.90 3.82 3.93 3.81 37186
20140113 3.80 3.76 3.88 3.75 41944
20140114 3.78 3.82 3.85 3.74 27890
20140115 3.81 3.89 3.91 3.81 39922
20140116 3.86 3.87 3.93 3.84 23129
20140117 3.90 3.83 3.90 3.81 30404
20140120 3.80 3.87 3.91 3.80 21451
20140121 3.88 3.90 3.92 3.84 23676
20140122 3.91 3.96 4.00 3.89 52471
20140123 3.96 3.97 4.06 3.92 77951
20140124 3.96 4.02 4.06 3.93 49822
20140127 4.02 4.01 4.04 3.98 26723
20140128 4.01 4.00 4.01 3.95 34856
20140129 4.00 4.04 4.12 3.97 50728
20140130 4.04 4.02 4.07 4.00 25560
20140207 4.01 4.05 4.09 3.97 28427
20140210 4.06 4.11 4.15 4.05 62500
20140211 4.13 4.15 4.16 4.08 72686
20140212 4.16 4.16 4.18 4.10 57600
20140213 4.16 4.16 4.20 4.13 76865
20140214 4.16 4.24 4.24 4.12 89639
20140217 4.26 4.45 4.53 4.24 278183
20140218 4.43 4.34 4.46 4.30 224291
20140219 4.36 4.39 4.42 4.33 112518
20140220 4.38 4.27 4.40 4.23 125153
20140221 4.24 4.24 4.30 4.18 59721
20140224 4.23 4.28 4.28 4.18 46947
20140225 4.28 4.14 4.34 4.00 94710
20140226 4.16 4.19 4.20 4.10 33438
20140227 4.25 4.20 4.37 4.18 68553
20140228 4.20 4.24 4.28 4.12 43760
20140303 4.24 4.32 4.33 4.23 46074
20140304 4.33 4.31 4.36 4.28 60075
20140305 4.32 4.35 4.41 4.25 72470
20140306 4.33 4.36 4.38 4.30 54860
20140307 4.36 4.41 4.44 4.31 95774
20140310 4.43 4.33 4.51 4.32 140680
20140311 4.39 4.26 4.43 4.18 102730
20140312 4.28 4.22 4.31 4.13 69634
20140313 4.23 4.31 4.31 4.20 58829
20140314 4.30 4.31 4.34 4.26 46930
20140317 4.33 4.34 4.34 4.25 37427
20140318 4.34 4.43 4.48 4.31 137638
20140319 4.43 4.46 4.49 4.36 76142
20140320 4.43 4.29 4.43 4.29 70729
20140321 4.29 4.42 4.44 4.25 64402
20140324 4.44 4.48 4.50 4.39 105667
20140325 4.48 4.48 4.51 4.44 51132
20140326 4.50 4.45 4.53 4.40 51722
20140327 4.43 4.37 4.43 4.34 45612
20140328 4.37 4.35 4.44 4.29 59302
20140331 4.35 4.30 4.38 4.28 28889
20140401 4.31 4.36 4.38 4.29 30834
20140402 4.36 4.41 4.43 4.36 44466
20140403 4.42 4.41 4.44 4.38 28737
20140404 4.46 4.60 4.73 4.43 214332
20140408 4.57 4.63 4.66 4.47 120587
20140409 4.61 4.68 4.75 4.59 122751
20140410 4.67 4.63 4.76 4.62 97649
20140411 4.61 4.68 4.69 4.54 89774
20140414 4.67 4.69 4.79 4.66 85800
20140415 4.69 4.73 4.75 4.62 120933
20140416 4.73 5.00 5.07 4.67 222692
20140417 5.01 4.95 5.03 4.90 126591
20140418 4.91 4.88 4.95 4.85 70943
20140421 4.88 4.78 4.96 4.76 111451
20140422 4.78 4.74 4.83 4.62 95260
20140423 4.74 4.74 4.78 4.68 49482
20140424 4.73 4.71 4.76 4.65 57769
20140425 4.72 4.73 4.80 4.68 95693
20140428 4.71 4.66 4.77 4.56 94302
20140429 4.61 4.77 4.78 4.58 52750
20140430 4.77 4.79 4.88 4.75 45714
20140505 4.80 4.85 4.86 4.73 46043
20140506 4.85 4.89 4.90 4.81 46237
20140507 4.89 4.88 4.90 4.84 59404
20140508 4.85 4.85 4.94 4.85 85297
20140509 4.84 4.67 4.85 4.65 73774
20140512 4.70 4.89 4.90 4.70 76977
20140513 4.89 4.91 5.00 4.84 77080
20140514 4.90 4.84 4.99 4.83 73178
20140515 4.84 4.84 4.87 4.77 52990
20140516 4.84 4.93 4.94 4.82 74570
20140519 4.94 4.85 4.95 4.70 110671
20140520 4.81 4.92 4.92 4.80 66933
20140521 4.91 4.91 4.94 4.83 48750
20140522 4.91 4.87 4.94 4.85 47339
20140523 4.85 4.87 4.91 4.81 36850
20140526 4.89 4.87 5.00 4.85 77923
20140527 4.87 4.75 4.87 4.75 111214
20140528 4.75 4.63 4.86 4.50 231847
20140529 4.58 4.70 4.71 4.55 106889
20140530 4.71 4.65 4.72 4.62 36322
20140603 4.66 4.65 4.67 4.61 20143
20140604 4.65 4.59 4.74 4.57 35540
20140605 4.58 4.61 4.62 4.53 24451
20140606 4.62 4.59 4.66 4.56 19811
20140609 4.60 4.49 4.60 4.49 24644
20140610 4.49 4.51 4.53 4.37 147152
20140611 4.48 4.56 4.57 4.44 66041
20140612 4.58 4.76 4.76 4.50 104384
20140613 4.71 4.73 4.78 4.71 35038
20140616 4.73 4.75 4.78 4.68 28277
20140617 4.75 4.65 4.75 4.65 24940
20140618 4.63 4.61 4.66 4.59 24123
20140619 4.61 4.53 4.67 4.50 34954
20140620 4.51 4.56 4.65 4.50 37250
20140623 4.59 4.59 4.61 4.55 34723
20140624 4.61 4.63 4.64 4.56 23100
20140625 4.65 4.59 4.65 4.57 12684
20140626 4.60 4.67 4.67 4.59 27060
20140627 4.70 4.70 4.77 4.63 23860
20140630 4.72 4.71 4.76 4.68 21067
20140701 4.71 4.86 4.90 4.67 78944
20140702 4.86 4.89 4.95 4.80 68884
20140703 4.92 4.85 4.93 4.83 49577
20140704 4.82 4.85 4.92 4.80 48381
20140707 4.84 4.90 4.91 4.84 27674
20140708 4.92 4.89 4.92 4.84 30267
20140709 4.92 4.79 4.92 4.78 48086
20140710 4.79 4.88 4.92 4.75 44569
20140711 4.87 4.95 4.95 4.85 49908
20140714 4.94 5.23 5.34 4.92 178378
20140715 5.23 5.23 5.26 5.15 59722
20140716 5.24 5.15 5.25 5.10 45574
20140717 5.18 5.12 5.20 5.10 46879
20140718 5.15 5.19 5.21 5.08 42107
20140721 5.19 5.03 5.19 4.96 72435
20140722 5.03 5.04 5.06 4.96 51738
20140723 5.01 5.03 5.09 5.00 35898
20140724 5.03 4.97 5.06 4.84 104426
20140725 4.97 4.97 5.01 4.92 34351
20140728 4.98 5.06 5.08 4.96 54382
20140729 5.08 5.08 5.21 5.03 115542
20140730 5.03 5.15 5.19 5.03 67304
20140731 5.15 5.17 5.18 5.11 38967
20140801 5.17 5.11 5.21 5.10 67202
20140804 5.08 5.29 5.32 5.07 111664
20140805 5.28 5.29 5.31 5.22 45469
20140806 5.29 5.40 5.47 5.25 88824
20140807 5.39 5.34 5.52 5.33 83874
20140808 5.35 5.34 5.40 5.29 41941
20140811 5.36 5.49 5.57 5.30 88652
20140812 5.47 5.68 5.74 5.45 105074
20140813 5.69 5.67 5.71 5.56 55644
20140814 5.69 5.58 5.79 5.58 82344
20140815 5.63 5.72 5.76 5.63 56613
20140818 5.75 5.75 5.79 5.67 52728
20140819 5.79 5.64 5.79 5.60 66502
20140820 5.65 5.55 5.67 5.50 90562
20140821 5.54 5.56 5.59 5.47 62635
20140822 5.55 5.52 5.59 5.44 70808
20140825 5.51 5.54 5.65 5.50 83299
20140826 5.56 5.38 5.60 5.34 73471
20140827 5.40 5.42 5.44 5.36 49675
20140828 5.42 5.41 5.44 5.35 28144
20140829 5.42 5.44 5.45 5.07 100785
20140901 5.45 5.52 5.56 5.39 79308
20140902 5.53 5.60 5.65 5.46 81393
20140903 5.66 5.69 5.71 5.58 170461
20140904 5.69 5.68 5.78 5.56 146987
20140905 5.69 5.68 5.69 5.59 122882
20140909 5.70 5.74 5.80 5.70 122221
20140910 5.71 5.77 5.79 5.69 79570
20140911 5.77 5.74 5.89 5.71 111844
20140912 5.74 5.78 5.82 5.71 64713
20140915 5.80 5.81 5.87 5.70 116891
20140916 5.83 5.63 5.84 5.61 114614
20140917 5.62 5.69 5.71 5.50 77171
20140918 5.68 5.66 5.72 5.62 69891
20140919 5.67 5.62 5.68 5.59 93706
20140922 5.58 5.45 5.62 5.45 78279
20140923 5.46 5.73 5.74 5.45 114324
20140924 5.76 5.78 5.79 5.69 87453
20140925 5.78 5.80 5.83 5.68 117420
20140926 5.79 6.01 6.02 5.79 177864
20140929 6.01 6.61 6.61 6.01 500604
20140930 6.54 6.56 6.62 6.45 225802
20141008 6.50 6.70 6.85 6.50 228390
20141009 6.73 6.59 6.75 6.49 188996
20141010 6.56 6.50 6.56 6.43 107018
20141013 6.50 6.73 6.75 6.43 194889
20141014 6.74 6.71 6.85 6.60 149335
20141015 6.70 6.79 6.84 6.62 124268
20141016 6.79 7.00 7.44 6.70 258040
20141017 7.00 6.81 7.10 6.69 183868
20141020 6.85 6.88 7.08 6.76 96285
20141021 6.88 7.19 7.36 6.85 215755
20141022 7.19 7.26 7.57 7.10 183089
20141023 7.25 6.96 7.25 6.92 185922
20141024 6.93 6.77 7.03 6.74 114422
20141027 6.77 6.78 6.96 6.62 114377
20141028 6.80 7.15 7.19 6.76 186881
20141029 7.16 7.19 7.29 7.11 177622
20141030 7.19 7.22 7.30 7.15 101442
20141031 7.25 7.21 7.43 7.11 146122
20141103 7.20 7.36 7.36 7.03 139282
20141104 7.38 7.36 7.44 7.25 92246
20141105 7.30 7.19 7.43 7.10 93742
20141106 7.12 7.13 7.22 7.04 64798
20141107 7.13 7.07 7.22 7.05 78451
20141110 7.09 7.11 7.20 7.06 58478
20141111 7.18 6.69 7.19 6.67 130189
20141112 6.68 6.86 6.97 6.63 68268
20141113 6.90 6.72 6.91 6.64 57516
20141114 6.66 6.75 6.80 6.58 49250
20141117 6.75 6.92 7.02 6.72 63850
20141118 6.91 6.93 7.00 6.89 52215
20141119 6.89 7.09 7.10 6.81 71407
20141120 7.13 7.07 7.29 7.07 72337
20141121 7.08 7.09 7.17 6.98 57432
20141124 7.10 7.11 7.25 7.07 67967
20141125 7.16 7.41 7.50 7.13 145955
20141126 7.40 7.69 7.75 7.38 169501
20141127 7.70 7.62 7.80 7.55 105022
20141128 7.60 7.55 7.60 7.43 98738
20141201 7.54 7.34 7.54 7.25 90387
20141202 7.34 7.38 7.56 7.32 79995
20141203 7.38 7.30 7.38 7.16 118789
20141204 7.31 7.24 7.33 7.19 136287
20141205 7.24 7.40 7.56 7.09 218434
20141208 7.41 7.20 7.41 7.10 158970
20141209 7.15 6.81 7.17 6.77 152829
20141210 6.90 7.22 7.25 6.80 114856
20141211 7.23 7.21 7.55 7.20 220594
20141212 7.23 7.31 7.40 7.19 105826
20141215 7.32 7.50 7.54 7.27 149340
20141216 7.50 7.33 7.50 7.25 119283
20141217 7.30 7.18 7.30 7.06 112417
20141218 7.18 7.06 7.27 7.00 195566
20141219 7.10 6.97 7.11 6.89 92565
20141222 6.92 6.79 7.10 6.75 119484
20141223 6.90 6.65 6.93 6.60 75016
20141224 6.73 6.78 6.78 6.59 84927
20141225 6.80 7.00 7.02 6.59 180166
20141226 6.90 7.17 7.18 6.90 127841
20141229 7.17 7.23 7.42 6.95 193488
20141230 7.20 7.10 7.32 7.09 78608
20141231 7.13 7.09 7.17 6.89 83630
20150105 7.05 7.07 7.14 6.88 80719
20150106 7.06 7.06 7.10 6.91 74541
20150107 7.03 7.18 7.21 6.96 84226
20150108 7.19 7.19 7.25 7.10 79878
20150109 7.19 7.01 7.20 7.00 54828
20150112 7.08 6.96 7.09 6.86 55957
20150113 6.97 7.03 7.13 6.90 40996
20150114 7.05 7.14 7.23 6.96 80724
20150115 7.15 7.20 7.39 7.13 82575
20150116 7.24 7.17 7.27 7.05 55349
20150119 7.00 6.86 7.12 6.65 163880
20150120 6.91 7.02 7.07 6.82 110582
20150121 7.00 7.03 7.09 6.97 142159
20150122 7.03 7.24 7.25 6.91 146123
20150123 7.26 7.19 7.33 7.18 140694
20150126 7.19 7.80 7.81 7.18 350550
20150127 7.80 8.01 8.30 7.71 362497
20150128 7.93 8.16 8.25 7.81 185800
20150129 8.10 7.99 8.14 7.88 114201
20150130 8.00 8.28 8.34 7.85 183341
20150202 8.19 8.33 8.49 7.98 166236
20150203 8.58 8.53 9.05 8.37 359857
20150204 8.41 8.50 8.61 8.32 144835
20150205 8.57 8.32 8.60 8.31 137013
20150206 8.30 8.09 8.36 8.01 94715
20150209 8.00 8.22 8.33 7.95 77715
20150210 8.22 8.19 8.32 8.14 41968
20150211 8.19 8.30 8.32 8.08 87150
20150212 8.30 8.38 8.38 8.16 58169
20150213 8.38 8.48 8.68 8.36 123067
20150216 8.51 8.53 8.57 8.42 116923
20150217 8.49 8.71 8.75 8.49 109635
20150225 8.72 8.72 8.95 8.61 108531
20150226 8.72 8.75 8.94 8.66 120505
20150227 8.76 9.09 9.15 8.70 165360
20150302 9.20 9.15 9.25 8.94 127778
20150303 9.16 9.16 9.49 9.03 166898
20150304 9.17 9.19 9.26 9.07 93894
20150305 9.17 9.21 9.23 9.03 127517
20150306 9.20 8.99 9.23 8.98 125060
20150309 8.98 9.04 9.07 8.75 78298
20150310 9.00 9.13 9.15 8.90 120476
20150311 9.10 9.07 9.19 8.98 111457
20150312 9.04 9.18 9.25 8.95 147904
20150313 9.17 9.27 9.45 8.98 261430
20150316 9.30 9.49 9.53 9.22 251105
20150317 9.52 9.43 9.55 9.31 224310
20150318 9.42 9.61 9.65 9.40 238677
20150319 9.62 9.86 10.15 9.56 297786
20150320 9.83 10.84 10.85 9.83 384122
20150323 10.90 11.36 11.84 10.84 482989
20150324 11.53 11.93 12.15 11.32 802315
20150325 11.93 12.03 12.18 11.60 542164
20150326 11.91 11.60 12.07 11.51 452152
20150327 11.62 11.80 12.00 11.61 306349
20150330 11.90 11.83 11.98 11.66 351793
20150331 11.85 11.84 12.17 11.71 382467
20150401 11.84 12.59 12.97 11.81 474563
20150402 12.65 13.05 13.07 12.60 440157
20150403 13.05 14.26 14.29 12.85 466391
20150407 14.38 14.51 14.80 13.99 603507
20150408 14.51 14.64 15.23 14.21 677928
20150409 14.50 13.88 14.56 13.39 496845
20150410 13.85 14.66 14.99 13.67 490495
20150413 14.89 15.29 15.50 14.60 506499
20150414 15.28 14.94 15.28 14.75 371377
20150415 15.20 14.12 15.44 13.95 418178
20150416 13.80 14.04 14.35 13.20 311197
20150417 14.23 13.80 14.27 13.50 439843
20150420 13.70 12.94 13.70 12.85 429138
20150421 12.81 13.69 13.90 12.81 288674
20150422 13.80 14.02 14.07 13.70 353371
20150423 14.06 13.79 14.06 13.69 273830
20150424 13.49 13.54 13.68 13.25 260486
20150427 13.58 13.57 13.97 13.50 289527
20150428 13.51 12.99 13.63 12.86 285944
20150429 12.80 13.59 13.60 12.76 286278
20150430 13.55 13.62 13.85 13.21 315552
20150504 13.75 13.96 14.09 13.52 348619
20150505 14.00 13.36 14.07 13.29 257791
20150506 13.43 13.08 13.56 12.95 209130
20150507 13.05 12.33 13.08 12.28 177300
20150508 12.60 12.86 12.88 12.45 181686
20150511 12.95 13.74 13.87 12.86 392890
20150512 13.80 14.42 14.49 13.66 731622
20150513 14.38 15.29 15.72 14.12 803386
20150514 15.36 15.62 16.00 14.94 610198
20150515 15.35 15.50 16.05 15.05 555957
20150518 15.40 16.28 16.38 15.31 635138
20150519 16.38 16.01 16.46 15.85 540770
20150520 15.94 16.17 16.35 15.80 488773
20150521 16.00 16.29 16.38 15.98 452233
20150522 16.56 17.92 17.92 16.56 652311
20150525 18.30 18.88 19.58 17.77 692899
20150526 19.64 19.20 19.64 18.80 630136
20150527 19.20 20.97 21.11 18.90 717561
20150528 21.00 18.87 22.56 18.87 1133369
20150529 18.33 18.63 18.99 17.05 702135
20150601 18.50 20.39 20.42 18.37 651252
20150602 20.27 22.43 22.43 19.85 703030
20150603 22.30 23.53 24.20 21.81 735900
20150604 23.43 22.87 23.50 21.18 806803
20150605 23.07 22.88 23.60 21.51 661900
20150608 22.89 22.57 23.10 21.76 591417
20150609 22.70 23.15 23.59 22.40 652067
20150610 22.95 22.93 23.50 22.55 622472
20150611 11.60 11.19 11.78 11.01 901521
20150612 10.86 11.27 11.37 10.59 1540700
20150615 11.37 11.41 11.79 11.18 1384486
20150616 11.18 10.82 11.38 10.61 871243
20150617 10.84 10.63 10.95 10.14 710535
20150618 10.70 10.83 11.30 10.56 909041
20150619 10.42 10.09 11.15 9.77 886797
20150623 10.21 9.56 10.46 9.08 780574
20150624 9.69 9.89 9.96 9.40 724686
20150625 9.94 9.27 9.96 9.05 647311
20150626 9.00 8.34 9.05 8.34 626974
20150629 8.55 7.51 8.64 7.51 797007
20150630 7.30 7.82 7.88 6.76 944673
20150701 7.79 7.28 8.17 7.04 943221
20150702 7.29 6.55 7.39 6.55 723367
20150703 6.27 5.90 6.57 5.90 690662
20150706 6.45 5.31 6.45 5.31 837001
20150707 4.95 4.78 5.05 4.78 360499
20150713 5.26 5.26 5.26 5.26 12803
20150714 5.79 5.79 5.79 5.79 18574
20150715 6.37 5.61 6.37 5.39 1826931
20150716 5.11 5.86 5.99 5.10 992713
20150717 5.88 6.37 6.44 5.80 1018062
20150720 6.47 6.49 6.74 6.28 1060003
20150721 6.35 6.47 6.60 6.26 797621
20150722 6.46 6.72 6.90 6.40 1051874
20150723 6.70 6.99 7.10 6.58 1150884
20150724 6.94 6.76 7.16 6.66 1111645
20150727 6.60 6.08 6.68 6.08 797296
20150728 5.50 5.55 6.03 5.47 830098
20150729 5.75 5.92 5.94 5.42 558267
20150730 5.90 5.66 6.00 5.55 576673
