20140120 10.23 8.63 10.23 8.60 125018
20140121 8.46 8.58 8.75 8.31 53344
20140122 8.52 8.54 8.66 8.37 61413
20140123 8.53 8.34 8.58 8.32 64413
20140124 8.28 8.36 8.46 8.28 47408
20140127 8.32 8.03 8.33 7.96 77905
20140128 7.95 7.23 7.95 7.23 131806
20140129 7.15 7.31 7.34 7.13 55681
20140130 7.26 7.06 7.30 7.05 36466
20140207 7.09 7.40 7.45 7.07 60065
20140210 7.41 7.80 7.85 7.41 86855
20140211 7.85 7.71 7.85 7.60 62137
20140212 7.69 7.91 7.95 7.65 55941
20140213 7.91 7.96 8.14 7.80 70014
20140214 7.93 7.97 8.02 7.83 37953
20140217 7.98 8.07 8.11 7.95 37630
20140218 8.09 7.96 8.14 7.94 38491
20140219 7.98 7.92 8.01 7.78 42357
20140220 7.93 8.05 8.20 7.84 78389
20140221 8.05 7.83 8.07 7.77 44285
20140224 7.84 7.56 7.85 7.53 42796
20140225 7.56 7.37 7.78 7.30 39051
20140226 7.38 7.70 7.70 7.29 35689
20140227 7.69 8.05 8.07 7.63 74463
20140228 8.00 8.03 8.19 7.87 54507
20140303 8.00 8.08 8.16 7.85 42979
20140304 8.08 8.36 8.40 8.08 83246
20140305 8.33 8.30 8.52 8.18 72406
20140306 8.28 8.15 8.29 7.98 48005
20140307 8.11 8.17 8.27 8.01 30447
20140310 8.11 8.00 8.27 7.99 44093
20140311 7.98 8.35 8.36 7.82 69332
20140312 8.33 8.25 8.47 8.20 45539
20140313 8.08 8.47 8.69 8.00 80548
20140314 8.44 8.54 8.64 8.25 79921
20140317 8.53 8.75 8.85 8.43 88855
20140318 8.83 8.54 8.87 8.51 76607
20140319 8.47 8.97 8.98 8.46 109616
20140320 8.88 9.23 9.33 8.83 141638
20140321 9.19 9.27 9.31 8.98 99436
20140324 9.27 9.05 9.27 8.89 93218
20140325 9.01 8.74 9.01 8.70 79012
20140326 8.72 8.88 8.95 8.65 56915
20140327 8.86 8.65 8.87 8.57 56344
20140328 8.64 7.99 8.68 7.98 72318
20140331 7.94 7.87 8.06 7.73 36787
20140401 7.86 8.31 8.40 7.74 67001
20140402 8.30 8.28 8.41 8.23 29453
20140403 8.25 8.30 8.42 8.18 34846
20140404 8.30 8.31 8.42 8.18 27015
20140408 8.30 8.84 9.00 8.20 87831
20140409 8.69 9.03 9.25 8.68 117354
20140410 9.09 9.05 9.22 8.90 89624
20140411 9.05 9.09 9.21 8.96 42256
20140507 8.61 9.05 9.80 8.61 148971
20140508 8.83 8.89 9.18 8.83 90442
20140509 8.89 8.23 8.89 8.06 74712
20140512 8.37 8.93 8.97 8.06 95532
20140513 8.87 9.15 9.46 8.75 136772
20140514 9.10 9.15 9.23 9.05 51304
20140515 9.19 9.37 9.46 9.02 66318
20140516 9.35 9.61 9.68 9.16 79617
20140519 9.52 9.85 9.92 9.41 100498
20140520 9.78 10.00 10.15 9.20 198095
20140521 9.78 9.71 9.95 9.68 73446
20140522 9.60 9.45 9.77 9.41 61908
20140523 9.42 9.50 9.67 9.35 53915
20140526 9.30 9.55 9.66 9.11 78441
20140527 9.46 9.67 9.83 9.40 63431
20140528 9.72 9.92 10.10 9.43 117818
20140529 9.83 9.78 9.98 9.70 84381
20140530 9.74 9.67 9.85 9.56 53803
20140603 9.61 9.58 9.79 9.53 38245
20140604 9.55 9.75 9.78 9.51 45609
20140605 9.70 9.83 9.99 9.67 46137
20140606 9.77 9.85 10.05 9.77 42757
20140609 9.84 10.00 10.15 9.82 49580
20140610 10.07 10.19 10.34 9.95 73473
20140611 10.15 10.20 10.31 10.05 57367
20140612 10.21 10.29 10.36 9.95 64337
20140613 10.23 10.26 10.35 10.15 39894
20140616 10.23 10.42 10.47 10.15 41723
20140617 10.42 10.82 10.86 10.35 83878
20140618 10.82 11.51 11.90 10.68 151981
20140619 11.54 11.06 12.16 11.04 153165
20140620 10.82 11.41 11.48 10.66 98121
20140623 11.31 12.20 12.29 11.23 140656
20140624 12.10 11.99 12.28 11.80 104657
20140625 11.85 11.72 12.10 11.52 75262
20140626 11.72 11.73 11.97 11.60 58234
20140627 11.73 11.75 12.02 11.55 65648
20140630 11.65 11.65 11.90 11.61 47408
20140701 11.78 11.73 12.01 11.59 51018
20140702 11.70 11.86 11.97 11.66 56453
20140703 11.84 11.77 11.99 11.68 47759
20140704 11.84 11.29 11.84 11.28 58643
20140707 11.34 12.15 12.18 11.32 73901
20140708 12.15 12.02 12.33 11.84 47345
20140709 12.17 11.85 12.17 11.64 42353
20140710 11.82 11.52 11.95 11.50 36157
20141020 12.67 12.67 12.67 12.67 4995
20141021 13.94 13.94 13.94 13.94 6019
20141022 15.33 13.74 15.33 13.15 377605
20141023 13.46 12.48 13.46 12.37 243488
20141024 12.34 12.34 12.74 12.01 146651
20141027 12.33 13.26 13.45 12.30 260096
20141028 13.15 13.46 13.67 12.71 191873
20141029 13.39 13.51 13.68 13.15 131744
20141030 13.54 13.43 13.97 13.21 172271
20141031 13.44 12.97 13.50 12.81 98397
20141103 12.88 13.31 13.33 12.75 94667
20141104 13.23 13.58 13.64 13.17 99989
20141105 13.52 13.65 13.82 13.46 77502
20141106 13.53 13.71 13.86 13.43 80625
20141107 13.77 13.51 13.91 13.47 65652
20141110 13.59 13.96 14.16 13.57 94685
20141111 13.96 14.81 15.10 13.80 176070
20141112 14.49 14.85 15.35 14.32 122386
20141113 14.82 15.52 15.55 14.72 100250
20141114 15.39 17.01 17.06 15.30 142932
20141117 16.85 16.82 17.43 16.36 178404
20141118 16.95 16.85 17.30 16.55 84393
20141119 16.90 16.68 17.12 16.40 114453
20141120 16.67 17.22 17.45 16.53 114481
20141121 17.00 16.99 17.45 16.65 121150
20141124 16.80 17.31 17.42 16.80 103721
20141125 17.37 18.55 18.57 17.18 105723
20141126 18.53 17.86 18.60 17.70 93611
20141127 17.78 17.89 18.11 17.47 98863
20141128 17.76 17.63 18.18 17.46 68064
20141201 17.63 16.82 17.90 16.68 83616
20141202 16.89 17.03 17.15 16.75 81430
20141203 17.05 17.55 17.58 16.83 67637
20141204 17.61 17.66 18.11 17.40 60892
20141205 17.55 17.51 17.99 17.16 73726
20141208 17.40 17.05 17.76 16.40 90678
20141209 17.05 18.35 18.41 16.61 157501
20141210 18.33 18.47 18.88 17.90 88399
20141211 18.48 18.75 18.96 18.08 113139
20141212 18.00 17.44 18.80 16.88 235328
20141215 17.00 16.62 17.00 15.90 177941
20141216 16.33 15.90 16.49 15.59 105112
20141217 15.93 16.60 16.61 15.78 163940
20141218 16.70 16.73 17.00 16.31 67666
20141219 16.73 16.37 16.89 16.01 51090
20141222 16.40 16.07 16.48 14.88 78241
20141223 15.98 15.96 16.11 15.57 26595
20141224 15.96 15.97 16.10 15.66 20003
20141225 16.00 16.11 16.17 15.89 63396
20141226 16.10 16.21 16.37 16.00 41382
20141229 16.28 16.24 16.40 15.61 27801
20141230 16.21 16.20 16.29 15.96 15516
20141231 16.01 16.52 16.57 16.01 24633
20150105 16.60 16.58 16.73 16.35 34932
20150106 16.57 16.76 16.77 16.39 25069
20150107 16.76 17.30 17.31 16.71 36771
20150108 17.33 17.62 17.89 17.10 39263
20150109 17.61 17.47 17.90 17.29 27947
20150112 17.42 17.09 17.42 16.77 24513
20150113 17.18 17.30 17.71 17.05 19343
20150114 17.28 16.92 17.50 16.80 28354
20150115 17.00 17.16 17.33 16.52 28637
20150116 17.20 17.34 17.39 17.02 45188
20150119 17.21 16.89 17.28 16.60 40789
20150120 16.97 17.49 17.67 16.82 49359
20150121 17.43 17.60 17.65 17.11 47436
20150122 17.61 18.48 18.50 17.47 89960
20150123 18.60 18.45 18.89 17.97 81936
20150126 18.40 19.69 19.78 18.21 105580
20150127 19.69 19.81 20.43 19.52 74857
20150128 19.78 19.97 20.14 19.36 47438
20150129 20.00 20.08 20.79 19.95 77406
20150130 20.10 19.70 20.26 19.50 48669
20150202 19.70 19.30 19.87 18.88 40317
20150203 19.25 19.62 19.66 19.03 38926
20150204 19.69 19.63 19.88 19.48 19407
20150205 19.61 19.33 19.61 18.98 19285
20150206 19.35 19.33 19.50 19.05 22857
20150209 19.28 19.64 19.70 19.07 57182
20150210 19.65 19.76 20.00 19.38 39604
20150211 19.70 19.69 20.10 19.35 52416
20150212 19.70 19.67 19.80 19.29 94316
20150213 19.60 19.67 19.80 19.40 44509
20150216 19.53 19.72 19.80 19.53 28906
20150217 19.70 20.28 20.35 19.38 62604
20150225 20.38 20.15 20.40 20.04 24488
20150226 20.10 19.89 20.15 19.69 35658
20150227 19.89 20.06 20.50 19.26 45118
20150302 20.06 19.66 20.06 19.45 28811
20150303 20.09 19.90 20.19 19.59 76977
20150304 19.63 19.85 20.20 19.63 36933
20150305 19.78 19.99 20.26 19.41 123649
20150306 20.00 19.90 20.14 19.69 49854
20150309 19.96 20.44 20.80 19.68 73815
20150310 19.99 20.30 20.80 19.99 57893
20150311 20.32 19.95 20.66 19.89 57644
20150312 19.80 20.35 20.64 19.75 115439
20150313 20.44 20.02 20.48 19.88 80573
20150316 20.40 20.46 20.94 20.11 117540
20150317 20.45 21.56 22.02 20.21 177798
20150318 21.59 22.21 22.48 21.33 147217
20150319 22.16 21.96 22.36 21.46 76839
20150320 21.78 21.79 22.11 21.63 55075
20150323 21.78 21.99 22.08 21.65 105769
20150324 22.01 21.55 22.08 20.85 102052
20150325 21.39 20.77 21.39 20.50 98089
20150326 20.50 20.94 21.08 19.99 111956
20150327 20.65 21.12 21.26 20.60 51220
20150330 19.88 20.22 20.59 19.31 118097
20150331 20.09 20.22 20.35 19.80 62075
20150401 20.18 20.68 20.90 20.11 72274
20150402 20.70 22.21 22.27 20.69 130189
20150403 22.00 22.90 23.30 21.64 128100
20150407 22.85 22.66 23.10 22.50 69762
20150408 22.68 22.24 23.30 21.90 67415
20150409 21.91 21.90 22.45 21.11 55381
20150410 21.98 22.09 22.40 21.63 51308
20150413 22.15 21.97 22.34 21.54 65593
20150414 21.91 24.17 24.17 21.69 126057
20150415 24.69 24.29 25.55 23.80 111813
20150416 24.05 24.19 24.40 22.18 76183
20150417 23.95 24.27 24.75 23.80 50672
20150420 24.20 24.22 24.90 22.68 97441
20150421 24.16 25.08 25.15 23.51 102813
20150422 25.00 25.21 25.98 24.90 115606
20150423 25.01 24.71 25.30 24.52 68078
20150424 24.30 23.91 24.60 23.50 65744
20150427 23.91 24.17 24.50 23.34 112684
20150428 24.04 24.69 24.87 23.50 152388
20150429 24.56 24.62 24.75 23.70 77650
20150430 24.46 24.45 24.99 24.01 72357
20150504 24.45 23.98 24.45 23.84 45007
20150505 23.61 22.87 23.80 22.18 50444
20150506 22.78 22.94 23.23 21.88 53074
20150507 22.92 22.59 22.92 22.17 26166
20150508 22.57 22.90 23.21 22.50 42627
20150511 22.90 23.40 23.54 22.90 36987
20150512 23.40 22.92 23.45 22.80 41333
20150513 22.98 24.20 24.28 22.51 79696
20150514 24.48 24.54 24.85 23.82 94641
20150515 24.67 24.44 24.67 23.59 70349
20150518 24.21 24.04 24.59 23.76 57831
20150519 23.22 26.44 26.44 23.22 250709
20150520 26.45 27.04 28.08 26.17 170167
20150521 26.99 27.52 27.70 26.58 81358
20150522 28.24 29.77 30.27 27.70 191580
20150525 30.50 29.48 30.50 29.10 139834
20150526 29.49 30.71 32.43 28.74 129879
20150527 30.50 33.74 33.78 29.91 219495
20150528 33.75 32.91 34.90 32.53 117820
20150529 32.88 33.50 34.80 30.90 124683
20150601 34.00 36.73 36.85 33.46 154489
20150602 36.85 37.02 37.55 36.13 87503
20150603 37.08 38.55 39.00 36.00 96067
20150604 38.56 37.64 38.90 35.00 64201
20150605 37.98 37.90 38.30 36.50 91198
20150608 37.50 37.74 38.30 37.04 72333
20150609 38.19 37.67 40.00 37.06 91680
20150610 37.75 37.44 37.88 37.10 63458
20150611 36.59 36.03 36.97 34.12 275086
20150612 35.75 36.11 36.49 35.00 174410
20150615 36.00 37.21 38.60 35.30 132399
20150616 37.24 36.89 38.20 36.11 115216
20150617 36.78 38.29 38.35 36.78 98980
20150618 37.70 37.09 39.39 36.96 92211
20150619 36.50 33.38 36.50 33.38 55482
20150623 33.50 33.19 34.80 30.04 90120
20150624 33.25 33.30 33.50 32.53 59526
20150625 33.31 33.93 35.30 32.31 64566
20150626 32.20 30.54 33.00 30.54 33296
20150629 30.92 29.90 32.00 27.49 106031
20150630 28.80 30.70 31.30 26.91 95415
20150701 31.00 29.51 31.50 27.90 69714
20150702 29.45 26.58 29.45 26.56 57518
