20140102 41.20 43.16 43.20 41.20 29093
20140103 43.03 42.28 43.03 41.61 17819
20140106 42.10 40.98 42.10 40.70 28100
20140107 40.25 40.50 41.00 40.08 35791
20140108 40.50 40.79 41.50 40.17 33617
20140109 40.65 39.50 40.98 38.60 83959
20140110 39.00 39.75 39.89 37.85 57266
20140113 39.73 38.95 39.75 38.36 34700
20140114 37.00 38.70 38.73 35.06 90692
20140115 37.97 37.30 38.12 36.85 53266
20140116 37.00 35.87 37.00 35.51 72157
20140117 35.89 36.09 36.91 35.87 56128
20140120 36.09 35.27 36.09 34.70 38357
20140121 35.80 36.00 36.95 35.50 37392
20140122 36.01 37.03 37.10 36.01 54161
20140123 37.25 36.58 37.81 36.45 42565
20140124 36.40 36.43 36.71 35.90 51705
20140127 36.38 35.90 36.38 35.60 43861
20140128 36.00 37.19 37.39 36.00 56624
20140129 37.40 37.53 37.71 37.26 36435
20140130 37.51 36.55 37.51 36.00 41931
20140207 35.60 36.14 36.51 34.80 54942
20140210 36.28 37.77 38.50 36.18 54621
20140211 38.20 37.74 38.51 37.21 56593
20140212 37.84 37.57 38.30 37.16 50799
20140213 37.90 37.51 38.30 37.00 56359
20140214 37.55 37.69 37.88 37.19 34976
20140217 37.72 37.67 37.98 37.20 40259
20140218 37.65 36.52 37.65 36.19 58028
20140219 36.30 35.70 36.30 35.40 74503
20140220 35.64 35.24 36.20 35.20 55859
20140221 35.02 35.34 35.96 34.85 39465
20140224 34.90 33.26 34.90 33.00 63391
20140225 33.40 31.92 33.61 31.20 105812
20140226 31.44 31.47 32.05 30.67 75769
20140227 31.52 30.15 31.74 30.00 88794
20140228 30.15 30.89 31.30 29.67 56208
20140303 30.87 30.74 31.30 30.51 54928
20140304 30.55 29.49 30.55 29.17 81014
20140305 29.50 29.63 29.97 29.15 57567
20140306 29.65 29.09 29.86 28.60 68748
20140307 29.28 30.81 30.95 28.90 111146
20140310 30.50 31.84 32.64 30.23 160868
20140311 31.83 32.85 33.19 31.68 122823
20140312 32.85 32.37 33.50 31.48 68111
20140313 32.06 33.18 33.55 31.51 88855
20140314 32.93 32.47 33.28 32.35 53756
20140317 32.58 33.09 33.23 32.21 51214
20140318 33.07 32.57 33.15 32.38 45222
20140319 32.40 33.08 35.45 31.18 180729
20140320 32.00 30.57 32.59 30.50 104250
20140321 30.15 31.30 31.70 29.59 75082
20140324 31.29 33.46 33.48 30.71 137068
20140325 33.45 33.89 35.20 33.08 138549
20140326 33.89 33.73 34.23 32.87 73182
20140327 34.16 33.57 34.40 33.17 66318
20140328 33.60 32.86 34.18 32.75 50767
20140331 32.68 32.47 33.16 32.18 38771
20140401 32.36 32.62 32.66 32.00 40982
20140402 32.75 33.44 34.20 32.75 63635
20140403 33.23 33.59 34.40 33.10 56947
20140404 33.58 33.92 34.43 33.33 55064
20140408 33.92 36.23 36.25 33.77 124911
20140409 36.20 35.96 36.49 35.72 60196
20140410 35.90 36.11 36.78 35.50 64449
20140411 36.12 35.38 36.15 35.35 45722
20140414 35.20 36.94 37.30 35.20 82903
20140415 37.40 36.38 37.58 36.28 45999
20140416 36.29 35.95 36.49 35.50 41884
20140417 35.97 36.40 36.67 35.65 31745
20140418 35.90 34.39 35.92 34.03 120100
20140421 33.99 32.82 33.99 32.81 98570
20140422 32.76 32.94 33.20 31.90 65613
20140423 32.66 32.10 32.68 32.01 30094
20140424 32.07 32.71 33.14 32.02 42828
20140425 33.00 32.18 33.12 32.01 23855
20140428 32.43 31.60 32.43 31.41 40409
20140429 31.49 32.30 32.44 31.45 30944
20140430 32.45 32.80 33.45 32.10 35283
20140505 32.85 33.62 33.66 32.75 37552
20140506 33.61 33.21 33.90 33.06 26250
20140507 33.38 31.88 33.48 31.71 39420
20140509 28.69 28.69 28.69 28.69 23689
20140512 26.59 27.27 27.77 26.28 277105
20140513 26.97 28.00 28.20 26.59 128222
20140514 27.51 27.50 27.98 27.43 70381
20140515 27.50 26.73 27.60 26.53 73423
20140516 26.63 26.99 27.30 26.42 50745
20140519 26.97 26.69 27.10 26.20 69223
20140520 26.85 26.90 27.27 26.68 53914
20140521 26.90 28.40 28.46 26.60 98459
20140522 28.45 28.38 28.96 27.90 72653
20140523 27.79 27.78 27.90 27.42 36568
20140526 28.20 28.17 28.80 27.95 51126
20140527 28.20 28.18 28.56 27.92 37185
20140528 28.15 28.43 28.58 28.05 34854
20140529 28.44 28.77 28.95 28.44 53384
20140530 28.77 28.65 28.98 28.50 37315
20140603 28.66 28.07 28.80 27.60 49383
20140604 27.94 28.20 28.35 27.50 41028
20140605 28.04 28.35 28.60 28.01 24849
20140606 28.35 27.90 28.43 27.80 27403
20140609 27.10 26.29 27.10 25.53 110508
20140610 26.70 26.55 26.70 26.11 49075
20140611 26.55 26.68 26.80 26.32 51756
20140612 26.69 27.07 27.32 26.41 41788
20140613 26.90 27.16 27.39 26.80 67746
20140616 26.98 27.42 27.57 26.77 48816
20140617 27.35 27.00 27.36 26.84 37142
20140618 26.91 26.51 27.18 26.45 35829
20140619 26.50 26.23 26.62 25.99 29197
20140620 26.23 26.26 26.37 26.00 20974
20140623 26.26 26.13 26.30 26.02 36772
20140624 26.11 26.20 26.30 26.01 37035
20140625 26.18 25.55 26.18 25.22 41498
20140626 25.61 25.56 25.78 25.45 38052
20140627 25.57 25.34 25.59 24.86 76149
20140630 25.34 25.30 25.34 25.00 56219
20140701 25.32 25.54 25.59 25.17 48735
20140702 25.57 25.53 25.66 25.25 57848
20140703 25.53 25.47 25.63 25.21 111445
20140704 25.58 26.72 26.86 25.43 161226
20140707 26.75 26.57 27.16 26.25 93159
20140708 26.61 27.00 27.22 26.31 89164
20140709 26.90 26.34 26.95 26.26 70492
20140710 26.33 26.40 26.59 26.19 34287
20140711 26.30 26.40 27.17 26.21 80647
20140714 26.55 27.44 27.48 26.26 111683
20140715 27.30 27.25 27.55 26.78 64640
20140716 27.28 27.84 28.43 27.27 101457
20140717 27.85 28.67 28.98 27.56 111969
20140718 28.60 28.60 29.25 28.42 75349
20140721 28.55 27.83 28.59 27.70 63906
20140722 27.78 29.99 30.20 27.78 144339
20140723 29.55 30.03 30.98 29.29 107367
20140724 30.60 30.77 31.50 30.05 93385
20140725 30.99 30.76 31.59 30.20 53412
20140728 30.60 30.75 31.34 30.46 76642
20140729 30.74 30.98 31.36 29.98 107646
20140730 30.84 30.51 30.98 30.20 63038
20140731 30.37 30.76 30.79 30.05 47217
20140801 30.70 31.45 32.00 30.49 98675
20140804 31.43 33.28 33.29 31.30 86553
20140805 33.00 33.19 33.33 32.60 46444
20140806 33.10 33.18 33.76 32.35 65602
20140807 33.15 32.50 33.77 32.41 51975
20140808 32.40 32.87 32.98 32.22 44203
20140811 32.91 32.99 33.27 32.41 47253
20140812 32.97 32.90 33.18 32.56 35232
20140813 32.92 32.69 33.36 32.26 61351
20140814 32.40 30.96 32.40 30.80 106206
20140815 31.08 30.88 31.33 30.50 79438
20140818 30.91 31.03 31.19 30.86 45587
20140819 31.05 31.00 31.20 30.50 57660
20140820 31.00 30.73 31.04 30.51 43133
20140821 30.76 30.37 30.85 30.15 42379
20140822 30.37 31.05 31.09 30.03 66171
20140825 31.15 31.97 32.19 31.12 100637
20140826 31.97 31.42 32.19 31.22 50434
20140827 31.40 31.93 32.23 31.30 67270
20140828 31.93 31.61 32.14 31.36 31112
20140829 31.61 31.75 32.00 30.60 55435
20140901 31.66 31.68 32.30 31.02 48862
20140902 31.68 31.57 31.84 31.15 57950
20140903 31.54 32.50 32.67 31.52 105299
20140904 32.55 32.50 32.75 32.21 64594
20140905 32.46 33.01 33.15 32.21 72447
20140909 33.01 32.08 33.01 31.94 96178
20140910 32.00 31.94 32.00 31.35 47814
20140911 31.95 31.68 32.20 31.59 53761
20140912 31.70 31.87 31.98 31.62 50143
20140915 31.80 31.10 31.80 31.00 75558
20140916 31.10 30.52 31.22 30.50 60078
20140917 30.85 31.14 31.20 30.51 44905
20140918 31.12 30.87 31.15 30.60 43663
20140919 30.99 31.01 31.09 30.68 35009
20140922 31.05 31.35 31.49 30.91 61021
20140923 31.20 31.01 31.33 30.73 36582
20140924 30.90 31.16 31.30 30.65 47449
20140925 31.24 30.89 31.42 30.75 40920
20140926 30.80 30.58 30.88 30.57 30834
20140929 30.57 30.26 30.57 29.92 56762
20140930 30.27 30.41 30.45 30.00 42193
20141008 30.42 30.72 30.77 30.20 39884
20141009 31.14 32.31 32.67 31.14 130943
20141010 32.31 32.10 32.31 31.66 53188
20141013 32.10 31.95 32.10 31.49 45515
20141014 31.95 31.56 31.95 31.40 52057
20141015 31.50 31.11 31.50 30.86 44855
20141016 30.89 30.80 31.31 30.71 34294
20141017 30.61 31.19 31.50 30.51 37139
20141020 31.20 31.28 31.63 31.02 28474
20141021 31.30 30.62 31.36 30.60 34256
20141022 30.75 30.95 31.35 30.65 33238
20141023 31.12 31.27 31.33 30.50 43125
20141024 30.55 29.18 30.60 29.11 111831
20141027 29.13 29.76 30.00 27.60 65540
20141028 29.65 29.83 30.14 29.51 36249
20141029 29.82 29.96 30.25 29.76 38469
20141030 30.21 30.14 30.39 29.97 37612
20141031 30.14 30.63 30.75 30.00 40989
20141103 30.63 30.45 31.12 30.22 45599
20141104 31.35 31.45 32.55 31.30 88546
20141105 31.48 32.80 33.19 31.48 133129
20141106 32.88 32.34 33.15 31.94 64390
20141107 32.35 32.45 32.81 31.69 70032
20141110 32.40 32.71 33.20 32.15 67059
20141111 32.81 32.38 33.10 32.32 70348
20141112 32.50 32.80 33.00 32.47 30818
20141113 32.85 32.88 33.20 32.39 51138
20141114 32.78 31.81 33.00 31.55 54838
20141117 31.81 31.83 32.58 31.68 34703
20141118 31.70 32.12 32.41 31.55 28107
20141119 32.08 32.24 32.83 31.81 29440
20141120 31.81 31.70 32.23 31.47 33896
20141121 31.70 31.84 31.96 31.70 25398
20141124 32.00 33.38 33.50 31.95 105591
20141125 33.38 34.52 34.56 33.30 92014
20141126 34.55 34.30 35.49 33.80 63384
20141127 34.31 34.36 34.59 33.80 39733
20141128 34.36 36.43 36.80 33.82 106418
20141201 36.43 35.94 37.80 35.53 75521
20141202 35.67 37.91 38.50 35.67 93069
20141203 38.00 38.27 39.40 37.40 83414
20141204 38.42 38.60 39.30 38.23 63943
20141205 40.01 42.38 42.46 39.50 165402
20141208 41.66 42.51 43.49 41.12 106209
20141209 42.38 38.64 42.38 38.50 147153
20141210 38.80 41.54 42.30 38.80 85592
20141211 41.54 40.82 41.90 40.10 65507
20141212 40.85 40.28 41.67 39.89 55231
20141215 40.26 40.19 40.85 39.50 61732
20141216 40.20 39.65 40.25 39.30 55429
20141217 39.67 38.90 40.18 38.30 105809
20141218 38.90 38.41 39.38 38.15 87045
20141219 38.45 39.25 39.50 38.45 66167
20141222 39.28 39.57 39.89 38.30 90151
20141223 39.60 38.98 39.96 38.66 62004
20141224 38.97 37.32 39.45 36.90 95704
20141225 37.00 38.83 38.88 37.00 55524
20141226 38.89 39.03 39.28 38.02 57933
20141229 39.60 41.12 41.75 39.51 108013
20141230 40.88 41.25 42.07 40.19 70460
20141231 40.60 41.55 41.95 40.60 41177
20150105 41.55 44.73 45.25 41.20 117174
20150106 43.75 44.53 48.55 43.65 112236
20150107 44.99 42.93 45.00 41.91 83072
20150108 42.51 42.55 43.98 41.65 74684
20150109 42.65 42.80 44.58 42.65 83895
20150112 42.88 43.63 43.99 42.42 65773
20150113 43.70 44.76 45.29 43.70 54722
20150114 44.30 43.53 45.28 43.50 38037
20150115 43.00 43.10 43.80 41.62 48769
20150116 43.25 42.29 43.80 41.97 53824
20150119 41.00 39.41 41.88 39.00 69618
20150120 39.80 42.16 42.91 39.55 89041
20150121 42.48 43.38 43.86 41.42 56979
20150122 43.28 43.81 44.45 42.88 53053
20150123 43.98 44.10 45.13 43.68 54492
20150126 44.31 44.10 44.95 43.28 34893
20150127 45.50 46.13 48.00 44.95 74028
20150128 46.20 45.24 46.95 44.84 43731
20150129 44.80 44.73 45.00 43.81 37847
20150130 44.50 44.30 46.20 44.16 35383
20150202 43.80 44.79 45.17 43.79 31255
20150203 46.10 47.03 47.31 45.51 66952
20150204 48.00 46.99 49.37 46.88 46499
20150205 47.50 45.93 48.21 45.80 48839
20150206 47.75 48.35 49.50 47.68 104336
20150209 48.30 50.18 50.77 48.27 76422
20150210 49.50 50.35 51.00 49.23 59288
20150211 49.60 50.66 52.31 49.51 44619
20150212 50.66 50.67 51.00 49.50 32563
20150213 50.70 49.95 51.17 49.45 47695
20150216 49.00 49.91 50.50 48.12 37603
20150217 49.90 51.09 52.30 49.82 30136
20150225 51.50 50.01 51.50 48.56 39543
20150226 50.50 49.56 50.50 48.80 36820
20150227 49.61 48.98 50.00 48.80 37497
20150302 48.98 48.87 49.11 48.11 43965
20150303 48.90 48.28 49.12 48.18 48239
20150304 48.28 50.06 50.10 47.42 88694
20150305 50.16 47.99 50.16 47.40 82835
20150306 47.75 47.92 48.88 47.06 50959
20150309 48.15 48.45 48.70 47.10 53952
20150310 48.45 48.04 48.47 47.68 31052
20150311 48.06 47.86 48.46 47.30 35581
20150312 47.75 48.00 48.29 47.04 38687
20150313 48.00 49.30 49.72 47.62 67626
20150316 49.30 49.77 49.88 48.20 63126
20150317 49.82 50.14 50.20 49.31 45243
20150318 50.14 49.96 50.14 49.50 45486
20150319 50.60 50.06 50.88 49.88 53469
20150320 50.06 48.88 50.20 48.51 88721
20150323 50.18 51.68 51.83 49.99 125139
20150324 51.88 53.39 54.88 51.00 105946
20150325 52.55 52.81 53.49 51.90 70377
20150326 52.81 52.32 54.00 51.81 62217
20150327 52.31 51.93 52.56 51.24 35607
20150330 52.21 53.10 53.76 51.91 55477
20150331 53.58 52.01 54.47 51.80 67297
20150401 52.00 52.50 53.00 51.50 61348
20150402 52.50 51.41 52.94 50.80 93188
20150403 51.21 51.45 51.66 50.43 75254
20150407 51.51 55.81 55.86 51.51 142139
20150408 55.60 55.26 56.30 54.00 110644
20150409 55.30 54.50 55.53 52.30 68640
20150410 53.98 54.06 54.86 53.43 79757
20150413 53.83 54.88 54.98 52.58 90804
20150414 54.60 53.41 54.60 53.18 56397
20150415 53.10 53.71 55.34 52.72 63342
20150416 53.70 55.47 55.50 53.31 71192
20150417 55.81 56.53 58.36 55.81 86291
20150420 56.60 53.15 57.00 53.09 114308
20150421 53.10 55.00 55.40 53.00 81631
20150422 55.00 55.74 55.95 54.11 103574
20150423 55.70 58.17 59.50 55.00 162115
20150424 57.00 56.51 57.00 55.10 92305
20150427 56.40 56.71 57.06 55.05 117785
20150428 55.50 53.94 56.00 53.13 133361
20150429 53.97 54.26 54.59 53.02 74462
20150430 54.40 52.60 54.77 52.00 111338
20150504 52.11 52.85 53.65 52.11 58857
20150505 52.48 50.19 52.78 49.98 93282
20150506 50.99 50.07 51.44 49.80 87205
20150507 49.97 49.11 50.01 48.88 73927
20150508 49.58 49.89 50.17 49.11 85020
20150511 50.00 51.09 51.15 48.90 209593
20150512 50.85 50.04 51.08 49.88 179050
20150513 50.00 48.57 50.00 48.20 210161
20150514 48.27 47.99 49.20 47.60 183043
20150515 48.28 47.08 48.50 46.50 202525
20150518 47.17 47.66 48.67 47.13 196189
20150519 47.86 49.13 49.22 47.86 199434
20150520 49.60 48.81 49.92 48.61 207146
20150521 48.72 49.34 49.38 48.16 192678
20150522 49.97 51.42 51.50 49.40 254686
20150525 51.45 52.33 52.83 51.45 226625
20150526 51.98 50.75 51.98 50.00 265595
20150527 50.75 49.43 51.00 49.30 241752
20150528 49.39 47.06 49.40 46.93 248482
20150529 47.01 46.28 47.48 44.77 170542
20150601 46.20 47.85 47.94 45.73 220980
20150602 47.60 47.08 47.75 46.13 235851
20150603 47.07 47.78 48.52 46.50 216050
20150604 47.80 47.26 48.58 45.58 274147
20150605 47.56 47.97 48.35 47.22 303745
20150608 48.48 49.92 50.10 48.38 401912
20150609 50.28 48.95 50.29 48.59 253892
20150610 48.50 48.65 49.07 47.51 202390
20150611 48.78 47.99 48.78 47.63 182246
20150612 48.18 47.97 48.45 47.63 160212
20150615 47.99 46.49 48.10 46.33 190572
20150616 45.93 46.13 46.36 45.52 123577
20150617 46.13 46.02 46.39 44.64 147309
20150618 46.17 42.76 46.17 42.70 168576
20150713 38.50 44.89 46.88 38.50 684929
20150714 42.66 40.40 43.45 40.40 480827
20150715 37.18 36.36 38.39 36.36 254364
20150716 36.36 34.27 36.36 32.72 298990
20150717 34.28 36.20 36.95 34.27 251590
20150720 36.24 35.09 36.50 34.60 274266
20150721 34.50 35.60 35.76 34.02 211211
20150722 35.83 35.59 36.49 34.76 225188
20150723 35.57 38.51 39.15 35.02 374462
20150724 37.77 38.50 39.66 37.26 420268
20150727 37.35 34.65 38.25 34.65 245017
20150728 33.60 33.20 34.12 31.19 299309
20150729 33.80 34.00 34.10 31.80 279106
20150730 33.95 32.10 33.95 31.30 162701
