20140102 5.10 5.10 5.14 5.08 20854
20140103 5.06 5.05 5.11 5.02 33204
20140106 5.01 4.84 5.02 4.79 70259
20140107 4.84 4.82 4.86 4.79 26719
20140108 4.85 4.71 4.86 4.70 52603
20140109 4.71 4.67 4.73 4.65 33712
20140110 4.68 4.43 4.71 4.38 127707
20140113 4.43 4.49 4.54 4.42 59132
20140114 4.50 4.51 4.53 4.40 36269
20140115 4.51 4.48 4.52 4.42 30156
20140116 4.48 4.49 4.51 4.42 35118
20140117 4.46 4.39 4.49 4.39 41681
20140120 4.40 4.41 4.43 4.38 23383
20140121 4.42 4.47 4.49 4.40 27722
20140122 4.45 4.61 4.61 4.45 56197
20140123 4.61 4.59 4.64 4.58 29972
20140124 4.55 4.61 4.65 4.55 31114
20140127 4.60 4.57 4.60 4.52 28742
20140128 4.59 4.52 4.61 4.50 29677
20140129 4.53 4.53 4.57 4.49 38189
20140130 4.54 4.50 4.57 4.49 31531
20140207 4.47 4.54 4.55 4.45 24831
20140210 4.59 4.68 4.75 4.56 66617
20140211 4.70 4.69 4.72 4.66 57492
20140212 4.70 4.75 4.76 4.65 71637
20140213 4.74 4.67 4.76 4.66 53694
20140214 4.67 4.79 4.82 4.66 83754
20140217 4.81 4.78 4.82 4.70 72377
20140218 4.80 4.70 4.81 4.68 58407
20140219 4.70 4.75 4.79 4.67 50594
20140220 4.77 4.89 4.91 4.72 171312
20140221 4.95 4.80 4.95 4.76 139091
20140224 4.75 4.70 4.75 4.66 83641
20140225 4.70 4.69 4.79 4.62 95547
20140226 4.74 4.61 4.75 4.53 72136
20140227 4.62 4.61 4.67 4.57 66971
20140228 4.60 4.61 4.63 4.48 58976
20140303 4.57 4.65 4.69 4.55 55001
20140304 4.63 4.65 4.73 4.57 55275
20140305 4.68 4.73 4.78 4.62 96909
20140306 4.72 4.65 4.72 4.55 75407
20140307 4.62 4.58 4.66 4.58 40335
20140310 4.58 4.41 4.58 4.39 62543
20140311 4.44 4.44 4.47 4.38 37195
20140312 4.43 4.42 4.46 4.35 52989
20140313 4.44 4.54 4.54 4.40 58868
20140314 4.55 4.45 4.55 4.43 46581
20140317 4.45 4.49 4.49 4.44 26384
20140318 4.49 4.50 4.55 4.47 34363
20140319 4.50 4.54 4.60 4.43 66178
20140320 4.50 4.57 4.74 4.50 125275
20140321 4.50 4.67 4.70 4.50 92718
20140324 4.66 4.73 4.78 4.65 106770
20140325 4.73 4.69 4.73 4.65 62118
20140326 4.68 4.66 4.71 4.62 35805
20140327 4.66 4.62 4.71 4.61 53045
20140328 4.64 4.69 4.75 4.63 88628
20140331 4.72 4.93 4.95 4.72 273776
20140401 4.89 5.09 5.10 4.81 260204
20140402 5.10 5.03 5.11 4.99 165384
20140403 5.28 5.05 5.42 5.04 426388
20140404 4.89 4.97 5.01 4.89 172363
20140408 4.95 5.03 5.06 4.93 115669
20140409 5.05 5.03 5.14 5.01 108883
20140410 5.04 5.19 5.38 4.99 284834
20140411 5.15 5.08 5.15 5.00 132973
20140414 5.06 5.05 5.12 5.02 62647
20140415 5.02 4.91 5.05 4.88 110998
20140416 4.91 4.93 4.96 4.88 61037
20140417 4.91 4.90 4.96 4.89 38945
20140418 4.87 4.95 4.95 4.85 41586
20140421 4.90 4.80 4.94 4.77 61025
20140422 4.80 4.82 4.85 4.74 72611
20140423 4.82 4.83 4.87 4.80 30682
20140424 4.83 4.73 4.86 4.71 47578
20140425 4.75 4.68 4.79 4.66 49976
20140428 4.68 4.60 4.71 4.59 46243
20140429 4.60 4.65 4.66 4.59 35640
20140430 4.65 4.63 4.67 4.55 60065
20140505 4.78 4.76 4.90 4.71 99500
20140506 4.77 4.80 4.81 4.72 73404
20140507 4.75 4.96 5.09 4.75 238789
20140508 4.90 4.95 5.09 4.87 157040
20140509 4.95 4.98 5.03 4.91 80622
20140512 5.00 5.03 5.06 4.95 132999
20140513 5.06 4.95 5.07 4.93 92516
20140514 4.94 4.90 4.97 4.88 54186
20140515 4.89 4.79 4.91 4.78 69036
20140516 4.80 4.81 4.85 4.73 40373
20140519 4.78 4.72 4.81 4.69 39173
20140520 4.75 4.73 4.78 4.71 27985
20140521 4.70 4.81 4.81 4.67 41830
20140522 4.79 4.77 4.86 4.75 41890
20140523 4.75 4.79 4.80 4.74 26774
20140526 4.81 4.79 4.84 4.76 41740
20140527 4.76 4.71 4.78 4.71 49926
20140528 4.71 4.75 4.75 4.66 49470
20140529 4.75 4.67 4.78 4.67 52681
20140530 4.69 4.67 4.71 4.64 32108
20140603 4.67 4.64 4.71 4.62 37549
20140604 4.65 4.65 4.65 4.57 37493
20140605 4.62 4.68 4.68 4.62 33899
20140606 4.69 4.59 4.69 4.54 64571
20140609 4.58 4.54 4.59 4.53 54010
20140610 4.54 4.57 4.59 4.53 37904
20140611 4.58 4.59 4.60 4.56 46615
20140612 4.59 4.57 4.60 4.53 40604
20140613 4.57 4.65 4.68 4.57 111806
20140616 4.67 4.69 4.69 4.62 80694
20140617 4.68 4.64 4.68 4.64 43780
20140618 4.64 4.58 4.65 4.56 51735
20140619 4.58 4.55 4.68 4.53 77421
20140620 4.45 4.47 4.48 4.45 47832
20140623 4.49 4.48 4.51 4.46 37620
20140624 4.50 4.51 4.51 4.47 37031
20140625 4.52 4.48 4.52 4.48 21506
20140626 4.50 4.53 4.55 4.47 47022
20140627 4.54 4.57 4.58 4.50 53884
20140630 4.52 4.63 4.68 4.52 84646
20140701 4.64 4.61 4.65 4.58 45085
20140702 4.61 4.61 4.65 4.59 44229
20140703 4.61 4.64 4.64 4.60 61071
20140704 4.65 4.60 4.69 4.59 51631
20140707 4.65 4.73 4.77 4.64 161228
20140708 4.74 4.73 4.75 4.68 76553
20140709 4.75 4.66 4.84 4.66 135686
20140710 4.67 4.73 4.76 4.65 99541
20140711 4.76 4.83 4.88 4.72 187758
20140714 4.83 4.85 4.88 4.78 133452
20140715 4.85 4.85 4.92 4.79 126285
20140716 4.87 4.84 4.90 4.78 119713
20140717 4.86 4.82 4.88 4.77 102108
20140718 4.77 4.78 4.81 4.72 85069
20140721 4.78 4.76 4.81 4.74 47900
20140722 4.76 4.81 4.83 4.74 88206
20140723 4.83 5.29 5.29 4.77 764477
20140724 5.29 5.63 5.75 5.23 1206096
20140725 5.50 5.57 5.60 5.38 682133
20140728 5.54 5.58 5.67 5.40 513518
20140729 5.56 5.51 5.60 5.46 394314
20140730 5.46 5.45 5.53 5.40 307030
20140731 5.51 5.49 5.56 5.43 273835
20140801 5.45 5.48 5.65 5.42 386462
20140804 5.51 5.70 5.78 5.49 481802
20140805 5.69 5.64 5.73 5.58 280651
20140806 5.60 5.56 5.61 5.47 208391
20140807 5.54 5.44 5.61 5.43 176555
20140808 5.46 5.41 5.49 5.36 174435
20140811 5.40 5.50 5.53 5.40 192767
20140812 5.51 5.46 5.52 5.42 132416
20140813 5.47 5.50 5.58 5.46 205549
20140814 5.50 5.46 5.57 5.44 136834
20140815 5.47 5.53 5.54 5.41 140713
20140818 5.57 5.55 5.59 5.51 126502
20140819 5.54 5.53 5.55 5.44 149398
20140820 5.53 5.56 5.60 5.47 180113
20140821 5.53 5.64 5.76 5.51 311615
20140822 5.64 5.59 5.64 5.46 221535
20140825 5.64 5.65 5.74 5.60 309727
20140826 5.65 5.50 5.65 5.48 163597
20140827 5.48 5.46 5.53 5.45 100506
20140828 5.47 5.48 5.51 5.43 73730
20140829 5.49 5.44 5.50 5.33 94503
20140901 5.45 5.49 5.51 5.42 89878
20140902 5.50 5.59 5.60 5.49 163974
20140903 5.61 5.66 5.71 5.61 246870
20140904 5.66 5.70 5.75 5.60 209065
20140905 5.73 5.70 5.73 5.63 179112
20140909 5.69 5.67 5.71 5.61 196785
20140910 5.66 6.01 6.22 5.63 531882
20140911 5.93 5.93 6.07 5.86 301985
20140912 5.91 5.98 5.98 5.85 156059
20140915 5.98 5.99 6.07 5.93 171310
20140916 5.99 5.89 6.25 5.87 386557
20140917 5.93 5.96 6.05 5.80 213266
20140918 5.97 5.93 5.97 5.85 189577
20140919 5.95 5.94 5.96 5.88 120246
20140922 5.92 5.76 5.93 5.73 161889
20140923 5.75 5.79 5.83 5.75 131900
20140924 5.79 5.90 5.93 5.75 166972
20140925 5.90 5.86 6.03 5.85 223350
20140926 5.84 5.86 5.91 5.79 105929
20140929 5.90 5.86 6.01 5.77 398475
20140930 5.82 5.92 5.94 5.82 187250
20141008 5.96 5.98 5.98 5.90 201499
20141009 6.00 6.07 6.10 5.95 327337
20141010 6.03 5.96 6.05 5.93 187478
20141013 5.92 5.94 5.98 5.90 161887
20141014 5.95 5.97 6.03 5.91 191293
20141015 6.00 6.11 6.12 5.95 355525
20141016 6.09 6.39 6.72 6.04 925728
20141017 6.30 6.16 6.35 6.05 497375
20141020 6.17 6.20 6.28 6.12 201307
20141021 6.25 6.13 6.34 6.12 229718
20141022 6.15 6.15 6.33 6.06 285677
20141023 6.15 6.26 6.47 6.11 492009
20141024 6.25 6.44 6.54 6.24 547486
20141027 6.37 6.81 6.95 6.28 764611
20141028 6.82 7.32 7.45 6.66 1150686
20141029 7.25 7.29 7.79 7.16 1348236
20141030 7.24 7.52 7.80 7.10 1316219
20141031 7.40 7.28 7.46 7.16 687281
20141103 7.29 7.33 7.48 7.19 493434
20141104 7.38 7.59 7.76 7.25 943863
20141105 7.51 7.27 7.59 7.26 502938
20141106 7.34 7.37 7.44 7.26 394453
20141107 7.39 7.03 7.42 6.91 623743
20141110 7.05 7.16 7.23 6.90 458620
20141111 7.15 6.87 7.19 6.81 431578
20141112 6.90 7.28 7.35 6.88 575716
20141113 7.27 7.16 7.29 7.06 320470
20141114 7.11 7.18 7.29 7.01 265061
20141117 7.21 7.45 7.53 7.15 586411
20141118 7.39 7.41 7.49 7.30 320733
20141119 7.41 7.20 7.44 7.16 315940
20141120 7.20 7.23 7.41 7.10 326076
20141121 7.28 7.25 7.32 7.15 295947
20141124 7.36 7.55 7.68 7.25 732097
20141125 7.50 7.90 7.99 7.43 836930
20141126 8.01 7.86 8.16 7.71 737839
20141127 7.86 7.88 7.99 7.70 465625
20141128 7.83 8.15 8.33 7.69 826187
20141201 8.19 7.89 8.19 7.88 536401
20141202 7.81 7.92 8.03 7.80 431785
20141203 7.92 7.84 8.10 7.67 613719
20141204 7.84 7.97 8.00 7.76 560790
20141205 7.96 7.63 7.96 7.48 564110
20141208 7.55 8.14 8.35 7.47 866512
20141209 8.14 7.79 8.57 7.71 1258354
20141210 7.70 8.12 8.23 7.67 599586
20141211 8.00 8.17 8.33 7.92 582037
20141212 8.27 8.99 8.99 8.19 1142524
20141215 9.05 9.89 9.89 9.00 1785283
20141216 10.22 10.88 10.88 9.90 1722735
20141217 11.30 11.97 11.97 11.05 2346995
20141218 12.50 13.17 13.17 12.03 1753259
20141219 13.76 14.49 14.49 13.58 1857550
20141222 15.70 13.87 15.94 13.80 3091639
20141223 13.52 14.70 15.26 12.91 3318142
20141224 14.10 14.16 14.87 13.91 1974260
20141225 14.40 15.58 15.58 14.11 2609149
20141226 16.00 15.68 16.83 14.77 3293781
20141229 14.96 15.78 16.53 14.71 2386785
20141230 15.25 15.27 15.57 14.79 1266784
20141231 15.50 15.05 16.00 14.91 1135328
20150105 14.96 14.60 15.00 14.30 1168126
20150106 14.55 14.97 14.99 14.37 1230959
20150107 14.97 15.38 15.63 14.54 1483927
20150108 14.98 14.35 15.09 14.27 1036564
20150109 14.11 14.54 15.50 14.03 1285597
20150112 14.05 13.73 14.30 13.50 731118
20150113 13.75 13.55 13.98 13.35 581725
20150114 13.58 13.64 13.85 13.26 486411
20150115 13.60 14.11 14.28 13.44 860873
20150116 14.05 14.00 14.50 13.71 887974
20150119 12.99 12.60 13.24 12.60 653665
20150120 12.23 12.85 13.15 12.23 711280
20150121 12.90 13.42 13.68 12.66 1144905
20150122 13.23 13.28 13.49 13.01 811637
20150123 13.33 13.14 13.59 13.09 706442
20150126 13.01 13.08 13.14 12.87 473188
20150127 13.08 14.39 14.39 12.95 1634649
20150128 14.34 15.19 15.83 14.20 2578286
20150129 14.80 16.44 16.58 14.70 2261849
20150130 16.00 15.34 16.80 15.21 1678810
20150202 15.02 13.97 15.12 13.90 1316846
20150203 13.89 13.83 14.14 13.16 1297682
20150204 13.59 15.21 15.21 13.36 1816853
20150205 15.20 15.34 16.15 14.83 2203030
20150206 14.80 14.31 15.20 14.25 1064673
20150209 14.00 14.15 14.55 13.91 677912
20150210 14.01 15.57 15.57 14.00 1496711
20150211 15.62 15.28 16.10 15.10 1767680
20150212 15.08 15.47 16.35 14.96 1730661
20150213 15.47 15.98 16.16 15.17 1622649
20150216 16.00 17.17 17.55 15.83 2004123
20150217 16.94 16.70 17.45 16.67 1416266
20150225 16.77 18.37 18.37 16.77 1794287
20150226 18.34 20.21 20.21 17.73 1762297
20150227 21.00 22.23 22.23 20.65 2031192
20150302 22.78 21.51 23.20 21.28 2217241
20150303 21.20 23.66 23.66 21.08 2418514
20150304 23.79 23.11 23.97 22.60 1826119
20150305 22.76 24.01 25.37 21.30 2209776
20150306 23.00 22.15 23.98 21.89 1527513
20150309 21.51 21.94 22.94 21.00 1053231
20150310 21.98 21.31 22.14 21.20 1036840
20150311 21.25 21.50 22.15 21.07 1067623
20150312 21.11 21.21 21.80 20.81 967488
20150313 21.21 22.15 22.98 21.18 1543545
20150316 22.18 22.40 22.59 21.70 1152151
20150317 22.66 22.99 23.72 22.66 1517001
20150318 22.70 23.19 23.45 22.50 1363188
20150319 23.13 24.88 25.50 22.79 2113479
20150320 24.00 23.96 24.66 23.80 1678029
20150323 24.10 24.51 25.30 23.80 1642960
20150324 24.23 24.51 25.20 23.10 1751333
20150325 24.00 23.92 24.98 23.51 1254947
20150326 23.54 23.23 24.09 23.18 859753
20150327 23.23 23.40 23.94 23.12 701849
20150330 23.71 24.14 25.25 23.70 1494262
20150331 24.15 23.39 24.28 23.13 967077
20150401 23.40 23.58 23.78 23.20 744996
20150402 23.60 23.32 23.60 23.21 627152
20150403 23.20 22.99 23.20 22.81 658193
20150407 23.15 23.35 23.50 23.05 735105
20150408 23.37 24.31 24.85 23.20 1790621
20150409 24.00 22.92 24.00 22.03 1087601
20150410 22.60 22.95 23.38 22.24 559114
20150413 23.19 24.13 24.60 23.01 1526624
20150414 24.00 26.51 26.54 23.45 2437300
20150415 26.45 27.12 29.16 25.65 2617805
20150416 25.70 25.49 27.45 24.41 2087831
20150417 25.40 27.04 27.80 24.66 2400578
20150420 26.68 26.92 28.88 25.45 2429820
20150421 26.60 25.09 26.60 24.23 1733856
20150422 24.70 24.86 25.37 23.80 1162216
20150423 24.90 24.85 25.34 24.51 862661
20150424 24.50 25.49 26.40 24.30 1123673
20150427 25.72 26.89 27.30 25.01 1992897
20150428 26.01 25.66 27.99 25.00 1643772
20150429 24.79 24.50 25.18 24.01 997946
20150430 24.50 24.14 24.78 24.05 638298
20150504 24.23 25.80 26.11 23.95 1336554
20150505 25.80 23.94 26.40 23.70 971004
20150506 23.85 22.85 24.40 22.50 779809
20150507 22.89 20.57 23.10 20.57 725387
20150508 20.54 21.36 21.50 20.01 771708
20150511 21.78 21.98 22.47 21.25 720564
20150512 21.90 22.13 22.30 21.68 652825
20150513 22.39 22.09 23.18 21.79 748389
20150514 22.12 21.60 22.34 21.20 552326
20150515 21.71 23.76 23.76 21.70 1897350
20150518 23.49 22.88 23.49 22.60 1252596
20150519 22.84 23.37 23.60 22.60 967340
20150520 23.40 23.14 23.60 22.74 997515
20150521 23.17 23.20 23.39 22.75 690661
20150522 23.62 24.14 24.90 23.62 1292218
20150525 24.00 25.35 25.99 23.74 1431569
20150526 25.30 25.09 25.38 24.48 1246937
20150527 24.88 24.21 24.88 24.16 1013602
20150528 24.20 21.88 24.60 21.79 1008899
20150529 21.87 21.11 22.22 19.89 770947
20150601 21.15 22.33 22.49 21.15 644943
20150602 22.34 22.79 22.99 21.94 690312
20150603 22.80 24.19 24.80 22.80 1174168
20150604 24.30 23.65 24.45 21.88 747484
20150605 24.02 26.02 26.02 23.44 1761814
20150608 26.85 24.99 26.98 24.80 1715804
20150609 24.40 23.34 24.50 23.00 1105754
20150610 22.78 23.22 23.29 22.11 566846
20150611 23.52 23.38 23.85 22.61 592786
20150612 23.38 22.84 23.38 22.63 528698
20150615 22.75 22.23 23.10 22.01 537027
20150616 21.80 20.59 21.97 20.31 588951
20150617 20.59 21.85 21.96 20.53 517354
20150618 21.85 20.38 21.86 20.30 418242
20150619 20.00 18.34 20.68 18.34 422000
20150623 18.34 18.96 19.20 16.76 542335
20150624 19.01 20.04 20.27 18.58 698657
20150625 19.81 18.91 19.98 18.68 476907
20150626 18.03 16.97 19.39 16.97 495034
20150629 17.36 15.52 17.50 15.27 642129
20150630 15.40 16.77 16.92 13.97 875892
20150701 16.00 15.09 16.95 15.09 620224
20150702 15.09 13.59 15.63 13.58 604282
20150703 13.00 12.23 13.59 12.23 564194
20150706 13.43 12.43 13.44 11.11 800336
20150707 11.70 12.67 13.00 11.46 1093436
20150708 11.41 11.40 12.45 11.40 1227915
20150709 11.40 12.54 12.54 11.40 828402
20150710 12.71 13.79 13.79 12.70 760248
20150713 14.40 15.17 15.17 14.00 966059
20150714 14.80 14.48 15.97 14.10 1000853
20150715 14.10 13.08 14.49 13.03 708265
20150716 13.08 13.19 13.79 12.18 521026
20150717 13.27 14.51 14.51 13.19 500882
20150720 14.95 15.43 15.90 14.51 1115175
20150721 15.00 16.48 16.97 14.78 1440685
20150722 15.96 15.80 16.30 15.20 1176359
20150723 15.78 16.06 16.20 15.56 781396
20150724 15.98 15.86 16.86 15.60 1053457
20150727 14.70 14.27 15.30 14.27 697445
20150728 13.50 13.21 13.97 12.84 678178
20150729 13.45 14.53 14.53 13.06 869759
20150730 14.50 14.53 15.53 14.33 949135
