20140102 2.78 2.77 2.78 2.74 74843
20140103 2.77 2.72 2.77 2.70 93111
20140106 2.72 2.62 2.72 2.62 94035
20140107 2.63 2.62 2.66 2.56 75585
20140108 2.62 2.65 2.67 2.60 87021
20140109 2.63 2.63 2.69 2.62 91331
20140110 2.62 2.58 2.62 2.57 78812
20140113 2.58 2.55 2.61 2.52 73142
20140114 2.54 2.62 2.62 2.52 83426
20140115 2.60 2.63 2.63 2.58 74615
20140116 2.63 2.62 2.65 2.60 60400
20140117 2.60 2.62 2.65 2.57 81957
20140120 2.61 2.67 2.68 2.59 92122
20140121 2.67 2.69 2.70 2.65 77621
20140122 2.69 2.73 2.75 2.68 99456
20140123 2.71 2.72 2.75 2.71 85246
20140124 2.73 2.75 2.76 2.72 135248
20140127 2.73 2.84 2.94 2.71 310789
20140128 2.84 2.81 2.84 2.79 117921
20140129 2.80 2.84 2.85 2.77 124032
20140130 2.83 2.85 2.90 2.81 142837
20140207 2.82 2.91 2.92 2.80 218040
20140210 2.91 2.94 2.96 2.90 249868
20140211 2.93 2.94 3.00 2.92 286410
20140212 2.93 2.97 2.98 2.92 201966
20140213 2.97 2.87 2.97 2.87 286756
20140214 2.87 2.92 2.93 2.86 177257
20140217 2.93 2.98 3.01 2.91 300034
20140218 2.97 3.00 3.06 2.97 342927
20140219 2.99 3.30 3.30 2.99 1026670
20140220 3.35 3.13 3.36 3.10 1086662
20140221 3.13 3.15 3.22 3.08 547650
20140224 3.11 3.15 3.17 3.04 389544
20140225 3.15 3.13 3.33 3.09 795033
20140226 3.09 3.07 3.11 2.97 392772
20140227 3.06 3.06 3.16 3.05 336360
20140228 3.06 3.08 3.12 3.02 232232
20140303 3.07 3.17 3.20 3.07 388010
20140304 3.12 3.13 3.16 3.08 277492
20140305 3.15 3.09 3.16 3.08 235232
20140306 3.08 3.08 3.10 3.03 198609
20140307 3.08 3.07 3.10 3.04 173655
20140310 3.05 2.93 3.05 2.92 235240
20140311 2.93 2.93 2.97 2.89 140970
20140312 2.93 2.89 2.94 2.84 146016
20140313 2.88 2.93 2.94 2.88 88397
20140314 2.93 2.94 2.97 2.91 111495
20140317 2.95 2.99 3.00 2.93 126215
20140318 3.00 3.06 3.06 2.98 205758
20140319 3.05 3.02 3.05 3.00 136862
20140320 3.01 2.95 3.07 2.95 123436
20140321 2.95 3.03 3.03 2.91 138623
20140324 3.04 3.05 3.05 3.00 133123
20140325 3.04 3.08 3.10 3.02 210368
20140326 3.07 3.06 3.09 3.03 124418
20140327 3.06 3.01 3.06 3.00 103541
20140328 3.01 2.94 3.05 2.93 169423
20140331 2.94 2.95 2.97 2.91 78261
20140401 2.95 2.97 2.99 2.95 65188
20140402 2.97 2.95 2.99 2.92 76323
20140403 2.95 2.93 2.97 2.92 80608
20140404 2.93 3.09 3.18 2.93 406094
20140408 3.06 3.09 3.11 3.05 193349
20140409 3.09 3.10 3.15 3.09 167144
20140410 3.10 3.12 3.13 3.07 166028
20140411 3.10 3.20 3.24 3.08 470839
20140414 3.16 3.14 3.18 3.12 253174
20140415 3.13 3.15 3.15 3.10 179872
20140416 3.16 3.13 3.17 3.11 114783
20140417 3.13 3.12 3.16 3.11 118182
20140418 3.11 3.08 3.12 3.08 136709
20140421 3.06 3.05 3.11 3.03 133045
20140422 3.05 3.04 3.08 3.00 129752
20140423 3.03 3.05 3.06 3.02 141510
20140424 3.05 3.03 3.06 3.01 92995
20140425 3.02 2.99 3.04 2.98 181330
20140428 2.98 2.88 2.98 2.87 168691
20140429 2.88 2.94 2.95 2.88 100930
20140430 2.94 2.99 2.99 2.93 77617
20140505 2.98 2.97 2.98 2.93 84730
20140506 2.94 2.94 2.99 2.93 93185
20140507 2.95 2.90 2.95 2.89 73239
20140603 3.19 3.19 3.19 3.19 39275
20140604 3.51 3.51 3.51 3.43 715938
20140605 3.55 3.40 3.56 3.34 1512911
20140606 3.38 3.31 3.50 3.27 977064
20140609 3.29 3.26 3.33 3.23 525930
20140610 3.25 3.33 3.37 3.22 585415
20140611 3.31 3.27 3.35 3.25 405586
20140612 3.25 3.27 3.32 3.23 436712
20140613 3.27 3.32 3.37 3.23 495561
20140616 3.32 3.37 3.43 3.30 540296
20140617 3.34 3.40 3.44 3.32 483509
20140618 3.39 3.31 3.40 3.30 323322
20140619 3.30 3.15 3.31 3.14 389033
20140620 3.15 3.18 3.22 3.11 178035
20140623 3.20 3.18 3.25 3.16 213997
20140624 3.18 3.17 3.20 3.15 193685
20140625 3.17 3.14 3.18 3.12 157065
20140626 3.15 3.20 3.21 3.14 188211
20140627 3.18 3.20 3.23 3.17 173828
20140630 3.20 3.19 3.22 3.18 172148
20140701 3.20 3.23 3.26 3.18 210344
20140702 3.24 3.23 3.25 3.19 194466
20140703 3.23 3.24 3.26 3.20 221038
20140704 3.24 3.21 3.26 3.21 143030
20140707 3.21 3.17 3.22 3.16 223666
20140708 3.17 3.25 3.26 3.15 330784
20140709 3.24 3.18 3.25 3.18 166439
20140710 3.16 3.18 3.23 3.16 159873
20140711 3.18 3.21 3.23 3.17 123512
20140714 3.22 3.29 3.31 3.22 323592
20140715 3.28 3.38 3.42 3.27 572782
20140716 3.36 3.33 3.37 3.32 294489
20140717 3.33 3.30 3.34 3.26 214275
20140718 3.30 3.37 3.42 3.26 447552
20140721 3.38 3.42 3.43 3.36 319560
20140722 3.43 3.41 3.48 3.39 414887
20140723 3.40 3.36 3.42 3.34 251913
20140724 3.37 3.36 3.40 3.34 199112
20140725 3.36 3.38 3.39 3.35 177201
20140728 3.39 3.45 3.49 3.38 356276
20140729 3.45 3.50 3.56 3.43 529634
20140730 3.50 3.51 3.52 3.45 292963
20140731 3.58 3.86 3.86 3.57 548823
20140801 3.90 3.91 4.15 3.80 1900543
20140804 3.88 3.94 4.04 3.84 832978
20140805 3.92 3.91 3.94 3.85 570767
20140806 3.94 4.00 4.02 3.83 632437
20140807 4.02 3.89 4.05 3.86 590373
20140808 3.90 3.93 3.97 3.85 398401
20140811 3.93 4.20 4.31 3.90 1250089
20140812 4.20 4.21 4.38 4.12 980894
20140813 4.23 4.17 4.25 4.08 672054
20140814 4.15 4.15 4.24 4.11 510465
20140815 4.13 4.17 4.24 4.08 495938
20140818 4.16 4.16 4.19 4.12 424878
20140819 4.16 4.25 4.31 4.13 735750
20140820 4.25 4.21 4.28 4.18 392735
20140821 4.23 4.25 4.30 4.19 390813
20140822 4.25 4.15 4.25 4.12 514615
20140825 4.13 4.03 4.16 4.03 434262
20140826 4.03 3.93 4.05 3.90 412515
20140827 3.91 3.93 4.00 3.91 219967
20140828 3.93 3.90 3.96 3.88 244445
20140829 3.90 3.93 3.94 3.86 175468
20140901 3.94 4.04 4.04 3.92 282505
20140902 4.06 4.08 4.09 4.03 272253
20140903 4.10 4.06 4.11 4.03 307601
20140904 4.04 4.09 4.10 4.04 313037
20140905 4.10 4.11 4.13 4.03 387950
20140909 4.11 4.14 4.17 4.06 326283
20140910 4.13 4.16 4.18 4.08 402052
20140911 4.16 4.13 4.22 4.11 408031
20140912 4.13 4.18 4.21 4.08 328017
20140915 4.17 4.22 4.24 4.15 460612
20140916 4.20 4.15 4.34 4.14 785922
20140917 4.14 4.13 4.20 4.06 363401
20140918 4.13 4.16 4.22 4.11 289738
20140919 4.17 4.11 4.17 4.06 371702
20140922 4.09 3.99 4.09 3.98 343305
20140923 3.98 4.03 4.04 3.97 192034
20140924 4.03 4.06 4.09 4.00 332996
20140925 4.08 4.05 4.11 4.03 320564
20140926 4.04 4.14 4.14 4.01 383299
20140929 4.16 4.32 4.34 4.13 1137017
20140930 4.41 4.75 4.75 4.33 1865396
20141008 4.95 5.16 5.22 4.85 3584507
20141009 5.00 5.02 5.04 4.94 1925591
20141010 4.97 5.06 5.28 4.93 1942508
20141013 4.98 4.98 5.02 4.90 967096
20141014 4.96 5.00 5.06 4.90 879630
20141015 4.95 5.04 5.10 4.93 943747
20141016 5.05 4.85 5.05 4.82 940914
20141017 4.80 4.70 4.86 4.63 739813
20141020 4.78 4.87 4.93 4.68 705018
20141021 4.81 5.14 5.36 4.78 2570901
20141022 5.00 5.03 5.27 4.91 1618631
20141023 5.03 5.00 5.18 4.84 1051577
20141024 5.05 5.36 5.50 4.97 3461017
20141027 5.20 4.97 5.24 4.91 2546588
20141028 4.93 5.17 5.19 4.92 1493141
20141029 5.23 5.49 5.68 5.20 2711532
20141030 5.46 5.43 5.62 5.38 1741709
20141031 5.48 5.40 5.48 5.28 1044439
20141103 5.40 5.41 5.57 5.36 1104533
20141104 5.36 5.22 5.36 5.16 1223013
20141105 5.20 5.28 5.29 5.12 806967
20141106 5.27 5.20 5.31 5.15 605738
20141107 5.23 5.14 5.26 5.12 785649
20141110 5.09 5.14 5.15 4.98 1077518
20141111 5.15 4.92 5.15 4.88 806393
20141112 4.90 5.08 5.08 4.88 567863
20141113 5.07 4.99 5.12 4.96 433533
20141114 4.96 5.03 5.05 4.94 362606
20141117 5.05 5.02 5.07 4.99 477344
20141118 5.04 4.99 5.05 4.96 317176
20141119 5.02 5.28 5.40 4.96 1667739
20141120 5.23 5.15 5.27 5.11 694195
20141121 5.15 5.16 5.19 5.11 471901
20141124 5.21 5.19 5.23 5.14 672651
20141125 5.18 5.27 5.38 5.16 844905
20141126 5.28 5.24 5.31 5.16 669043
20141127 5.24 5.32 5.36 5.21 1053092
20141128 5.32 5.29 5.36 5.23 697113
20141201 5.29 5.41 5.42 5.17 1078021
20141202 5.46 5.44 5.57 5.38 1319071
20141203 5.44 5.40 5.46 5.31 982550
20141204 5.39 5.43 5.49 5.35 992199
20141205 5.41 5.14 5.42 5.01 1225979
20141208 5.05 5.15 5.20 5.01 696406
20141209 5.14 4.99 5.20 4.98 937394
20141210 4.99 5.11 5.13 4.96 510673
20141211 5.09 5.33 5.35 5.05 1207394
20141212 5.36 5.32 5.44 5.25 862172
20141215 5.41 5.43 5.45 5.30 956579
20141216 5.40 5.34 5.42 5.28 689876
20141217 5.31 5.20 5.34 5.13 691751
20141218 5.20 5.17 5.20 5.13 417968
20141219 5.14 5.23 5.24 5.10 552167
20141222 5.18 4.71 5.18 4.71 1590247
20141223 4.72 4.58 4.83 4.55 727834
20141224 4.65 4.70 4.73 4.62 430982
20141225 4.72 4.76 4.77 4.67 470662
20141226 4.75 4.72 4.75 4.68 475302
20141229 4.72 4.61 4.72 4.59 522966
20141230 4.63 4.72 4.82 4.62 637820
20141231 4.69 4.68 4.70 4.61 360789
20150105 4.67 4.75 4.77 4.61 561361
20150106 4.67 4.73 4.73 4.58 709810
20150107 4.70 4.66 4.71 4.62 412662
20150108 4.64 4.65 4.69 4.61 437427
20150109 4.65 4.73 4.86 4.63 895360
20150112 4.74 4.79 4.80 4.69 547248
20150113 4.76 4.99 5.10 4.74 1160565
20150114 4.93 4.88 4.99 4.85 573865
20150115 4.87 4.90 4.98 4.85 440777
20150116 4.91 4.99 5.03 4.85 768734
20150119 4.86 4.81 5.12 4.66 861642
20150120 4.82 5.20 5.27 4.82 1630791
20150121 5.20 5.20 5.23 5.08 1110451
20150122 5.18 5.24 5.29 5.15 772721
20150123 5.22 5.11 5.25 5.08 742934
20150126 5.11 5.22 5.25 5.10 716673
20150127 5.22 5.15 5.24 5.08 612628
20150128 5.13 5.15 5.27 5.11 644794
20150129 5.13 5.07 5.16 5.03 504753
20150130 5.17 5.17 5.34 5.12 1082453
20150202 5.18 5.30 5.40 5.13 1156358
20150203 5.36 5.41 5.45 5.22 1260584
20150204 5.36 5.30 5.41 5.27 748047
20150205 5.35 5.48 5.68 5.26 1775155
20150206 5.44 5.29 5.51 5.23 882400
20150209 5.25 5.12 5.31 5.07 708340
20150210 5.12 5.17 5.19 5.09 358102
20150211 5.17 5.32 5.39 5.17 621863
20150212 5.35 5.40 5.48 5.29 736128
20150213 5.42 5.41 5.50 5.36 781781
20150216 5.43 5.75 5.76 5.38 1297294
20150217 5.72 5.71 5.81 5.63 1010256
20150225 5.73 5.94 6.26 5.73 1647823
20150226 5.94 6.07 6.15 5.89 1107567
20150227 6.07 6.10 6.17 5.97 875380
20150302 6.12 6.34 6.36 6.05 1113092
20150303 6.31 6.28 6.67 6.23 1542160
20150304 6.24 6.27 6.36 6.18 1017556
20150305 6.24 6.07 6.27 6.05 1074173
20150306 6.10 6.10 6.26 6.07 765590
20150309 6.07 6.13 6.15 5.91 603488
20150310 6.15 6.43 6.55 6.10 1160268
20150311 6.45 6.35 6.47 6.29 725100
20150312 6.35 6.55 6.85 6.32 1304695
20150313 6.61 6.64 6.84 6.55 886831
20150316 6.66 7.30 7.30 6.64 2325575
20150317 7.43 7.72 8.02 7.31 2701221
20150318 7.73 7.74 7.98 7.60 1770139
20150319 7.70 7.69 7.73 7.50 1598828
20150320 7.72 8.46 8.46 7.71 2039296
20150323 8.90 9.03 9.15 8.53 2760199
20150324 8.99 8.88 8.99 8.31 2427785
20150325 8.77 9.17 9.70 8.56 2145135
20150326 9.00 8.91 9.44 8.80 1569530
20150327 8.82 8.77 8.91 8.62 1072338
20150330 8.77 8.91 9.04 8.62 1188929
20150331 8.91 8.81 9.01 8.70 1198298
20150401 8.77 9.15 9.27 8.71 1501559
20150402 9.19 10.07 10.07 9.19 2581610
20150403 10.10 10.68 11.07 9.85 2700557
20150407 10.68 11.75 11.75 10.53 3112260
20150408 12.05 11.64 12.30 11.30 3548791
20150409 11.34 11.03 11.75 10.60 2202470
20150410 11.20 11.47 11.95 10.90 2155965
20150413 11.44 12.10 12.36 11.25 1960620
20150414 12.22 11.84 12.70 11.74 1938193
20150415 11.72 11.06 11.73 11.00 1755013
20150416 10.70 11.04 11.45 10.30 1323623
20150417 11.08 10.84 11.27 10.70 1562749
20150420 10.67 10.25 10.67 10.21 1769089
20150421 10.15 11.19 11.21 10.11 1670787
20150422 11.21 11.24 11.58 10.93 1750728
20150423 11.24 11.37 11.48 11.00 1500675
20150424 11.18 11.89 12.08 11.01 2238613
20150427 11.96 11.68 12.22 11.55 1656278
20150428 11.59 10.70 11.59 10.55 2123732
20150429 10.60 10.80 11.09 10.40 1209589
20150430 10.85 10.91 11.35 10.85 1345695
20150504 10.91 10.67 10.91 10.51 917858
20150505 10.58 10.03 10.58 9.98 1255746
20150506 10.03 9.97 10.38 9.80 877226
20150507 9.80 9.20 9.90 9.10 1025669
20150508 9.35 9.88 9.89 9.35 1257759
20150511 10.01 10.87 10.87 10.01 1745505
20150512 11.24 10.86 11.33 10.70 2080869
20150513 10.73 11.15 11.43 10.41 1945234
20150514 11.18 10.84 11.28 10.80 1195569
20150515 10.85 10.38 10.85 10.22 1034796
20150518 10.38 10.39 10.76 10.18 897466
20150519 10.37 10.64 10.78 10.31 1017947
20150520 10.67 11.07 11.49 10.67 2062207
20150521 11.07 12.18 12.18 11.07 3165175
20150522 12.70 12.03 12.70 11.82 3336956
20150525 11.79 12.15 12.34 11.70 2278088
20150526 12.17 13.37 13.37 12.15 2183962
20150527 14.13 14.06 14.71 13.50 4580782
20150528 13.85 12.65 14.25 12.65 3164134
20150529 12.22 12.49 13.15 11.40 2410548
20150601 12.49 13.24 13.54 12.20 1957341
20150602 13.26 13.45 13.65 13.00 2015286
20150603 13.51 13.98 14.14 13.20 2240551
20150604 13.88 13.48 13.90 12.59 1940632
20150605 13.56 13.78 14.20 13.47 2089110
20150608 13.76 13.24 13.77 13.04 1651771
20150609 13.18 13.13 13.50 12.93 1283117
20150610 13.11 13.33 13.60 12.76 1602165
20150611 13.29 13.07 13.29 12.80 1310916
20150612 13.07 13.54 13.90 13.07 2144642
20150615 13.55 13.12 13.64 13.00 1467856
20150616 13.00 12.31 13.03 12.16 1186695
20150617 12.26 12.95 12.98 12.20 1052660
20150618 13.14 12.49 13.45 12.42 1279327
20150619 12.00 11.24 12.28 11.24 1083414
20150623 11.24 11.07 11.48 10.13 1050709
20150624 11.28 11.30 11.40 10.83 1088521
20150625 11.40 10.68 11.46 10.50 1078530
20150626 10.17 9.61 10.33 9.61 1056529
20150629 9.75 8.65 9.85 8.65 1320467
20150630 8.15 9.10 9.17 7.79 1554108
20150701 8.80 8.19 9.34 8.19 1306198
20150702 8.19 7.37 8.30 7.37 1385267
20150703 6.92 6.63 7.52 6.63 1341708
20150706 7.29 6.86 7.29 5.97 1932273
20150707 6.50 6.17 6.80 6.17 1122180
20150708 5.55 5.62 6.43 5.55 3090724
20150713 6.18 6.18 6.18 6.18 31221
20150714 6.80 6.80 6.80 6.80 28552
20150715 7.48 7.08 7.48 7.06 3067977
20150716 6.50 7.31 7.66 6.39 2042169
20150717 7.35 8.04 8.04 7.33 1735025
20150720 8.15 8.19 8.43 7.88 2034883
20150721 8.00 8.14 8.28 7.88 1199821
20150722 8.04 8.44 8.55 8.00 1497793
20150723 8.44 8.56 8.64 8.15 1464947
20150724 8.51 8.25 8.90 8.11 1558688
20150727 7.97 7.43 8.32 7.43 1183055
20150728 7.24 7.04 7.58 6.70 1235843
20150729 7.20 7.68 7.70 6.86 1012867
20150730 7.50 7.76 8.23 7.50 1478780
