20140102 12.80 12.94 13.06 12.68 26422
20140103 12.91 12.76 12.91 12.66 25031
20140106 12.76 12.47 12.80 12.45 32387
20140107 12.48 12.58 12.81 12.48 20761
20140108 12.58 12.23 12.81 12.17 38328
20140109 12.20 11.99 12.43 11.97 28253
20140110 11.99 11.66 12.10 11.49 26611
20140113 11.50 11.49 11.69 10.97 54492
20140114 11.49 11.69 11.70 11.24 23617
20140115 11.65 11.50 11.65 11.45 18377
20140116 11.50 11.62 11.65 11.43 15757
20140117 11.62 11.52 11.65 11.43 14997
20140120 11.52 11.11 11.64 11.03 17939
20140121 11.11 10.97 11.20 10.85 32558
20140122 10.96 11.47 11.48 10.91 40180
20140123 11.93 12.62 12.62 11.93 80647
20140124 13.00 12.71 13.57 12.70 189567
20140127 12.56 12.31 12.58 12.00 90250
20140128 12.31 13.34 13.40 12.22 122362
20140129 13.25 13.25 13.41 13.03 69084
20140130 13.20 13.23 13.37 13.02 36721
20140207 13.15 12.95 13.15 12.70 58457
20140210 12.92 13.12 13.18 12.75 68661
20140211 13.10 13.26 13.32 12.85 84059
20140212 13.50 13.43 13.80 13.30 93336
20140213 13.46 12.96 13.53 12.95 65405
20140214 12.89 13.42 13.55 12.82 89265
20140217 13.52 14.11 14.18 13.52 120293
20140218 14.13 13.82 14.18 13.65 87125
20140219 13.81 13.77 13.85 13.45 59253
20140220 13.85 13.16 13.89 13.15 65297
20140221 13.15 13.10 13.26 12.94 46648
20140224 13.05 12.43 13.07 12.21 61032
20140225 12.56 12.18 12.66 12.00 38928
20140226 12.19 12.00 12.28 11.71 32354
20140227 12.07 12.02 12.35 11.98 27802
20140228 12.02 12.21 12.22 11.89 20741
20140303 12.12 12.43 12.47 12.10 36131
20140304 12.42 12.03 12.42 11.94 39246
20140305 12.04 11.78 12.14 11.71 45834
20140306 11.76 11.56 11.85 11.36 48439
20140307 11.60 11.61 11.93 11.40 53359
20140310 11.55 11.10 11.55 11.05 35380
20140311 11.01 11.21 11.24 11.00 20886
20140312 11.21 11.23 11.36 11.11 21099
20140313 11.35 11.30 11.49 11.20 32221
20140314 11.27 11.08 11.27 11.00 26973
20140317 11.15 11.27 11.31 11.10 27138
20140318 11.31 11.19 11.50 11.12 48333
20140319 11.16 10.96 11.18 10.85 42913
20140320 10.88 10.81 11.05 10.80 27496
20140321 10.78 11.03 11.07 10.48 42744
20140324 11.00 11.17 11.21 10.96 33429
20140325 11.18 11.44 11.47 11.07 37548
20140326 11.36 11.44 11.52 11.24 30525
20140327 11.35 11.30 11.89 11.29 76876
20140328 11.21 10.84 11.30 10.81 42917
20140331 10.82 10.65 10.95 10.50 38043
20140401 10.58 10.70 10.70 10.40 50508
20140402 10.72 10.49 10.74 10.44 46246
20140403 10.45 10.55 10.58 10.45 31692
20140404 10.57 10.62 10.63 10.45 18747
20140408 10.60 10.84 10.85 10.56 30037
20140409 10.85 10.81 10.88 10.75 24568
20140410 10.81 10.90 10.96 10.80 30124
20140411 10.89 10.83 10.90 10.75 24152
20140414 10.83 10.91 11.04 10.82 31658
20140415 10.91 10.65 10.91 10.62 36164
20140416 10.61 10.60 10.63 10.45 38045
20140417 10.60 10.54 10.62 10.49 18893
20140418 10.54 10.63 10.63 10.49 17865
20140421 10.57 10.45 10.59 10.43 25215
20140422 10.43 10.28 10.49 10.18 36302
20140423 10.28 10.30 10.44 10.26 19783
20140424 10.33 10.04 10.35 10.02 30823
20140425 10.05 9.74 10.10 9.74 34428
20140428 9.72 9.17 9.72 9.10 31978
20140429 9.15 9.27 9.29 9.15 21136
20140430 9.18 9.29 9.30 9.10 33468
20140505 9.35 9.28 9.35 9.19 24391
20140506 9.28 9.29 9.35 9.22 29080
20140507 9.31 9.02 9.31 8.98 26738
20140508 9.00 9.11 9.21 8.91 22027
20140509 9.07 8.96 9.12 8.95 16653
20140512 9.03 9.30 9.35 9.03 25418
20140513 9.30 9.22 9.31 9.15 18419
20140514 9.22 9.23 9.32 9.19 16015
20140515 9.23 9.01 9.24 9.00 20620
20140516 9.00 9.13 9.15 8.98 13156
20140519 9.16 9.01 9.16 8.96 12561
20140520 9.08 9.09 9.28 9.03 11581
20140521 9.07 9.21 9.25 9.00 15273
20140522 9.20 9.11 9.27 9.08 18330
20140523 9.12 9.19 9.21 9.07 11980
20140526 9.23 9.29 9.30 9.21 17069
20140527 9.33 9.24 9.33 9.20 9181
20140528 9.18 9.27 9.28 9.13 19330
20140529 9.25 9.14 9.26 9.11 13935
20140530 9.14 9.16 9.21 9.11 13119
20140603 9.14 9.14 9.20 9.11 8735
20140604 9.11 9.04 9.18 8.96 20968
20140605 9.02 9.05 9.07 8.94 13511
20140606 9.07 9.04 9.07 8.99 11898
20140609 8.99 8.97 9.05 8.94 11833
20140610 8.97 9.10 9.12 8.96 13630
20140611 9.10 9.07 9.10 9.02 11421
20140612 9.05 9.10 9.10 9.01 9556
20140613 9.12 9.21 9.22 9.03 20124
20140616 9.17 9.10 9.19 9.09 18635
20140617 9.10 9.04 9.14 8.98 15244
20140618 9.01 8.77 9.02 8.74 27005
20140619 8.76 8.33 8.83 8.30 27971
20140620 8.30 8.33 8.39 8.20 18267
20140623 8.35 8.28 8.35 8.25 15909
20140624 8.29 8.33 8.33 8.23 18441
20140625 8.35 9.16 9.16 8.29 51362
20140626 9.45 9.15 9.55 9.14 137611
20140627 9.13 9.45 9.46 8.92 113315
20140630 9.52 10.09 10.40 9.52 143901
20140701 10.15 10.17 10.46 9.90 89844
20140702 10.01 10.15 10.42 9.96 65449
20140703 10.12 10.79 11.02 10.00 122971
20140704 10.63 10.81 11.07 10.50 70312
20140707 10.92 10.56 10.99 10.50 55685
20140708 10.62 10.33 10.65 10.12 74446
20140709 10.38 10.24 10.48 10.21 35830
20140710 10.18 10.00 10.33 9.99 38728
20140711 9.99 10.52 10.68 9.91 72738
20140714 10.55 10.63 10.72 10.25 58577
20140715 10.59 10.35 10.63 10.30 35634
20140716 10.30 10.14 10.45 10.09 28214
20140717 10.17 10.20 10.30 10.08 22134
20140718 10.11 10.13 10.25 10.05 19596
20140721 10.11 10.30 10.39 10.11 25252
20140722 10.25 10.34 10.39 10.20 26417
20140723 10.29 10.15 10.49 10.11 27801
20140724 10.15 9.80 10.20 9.78 55413
20140725 9.79 9.83 9.93 9.78 25566
20140728 9.85 10.03 10.10 9.79 38805
20140729 10.05 10.42 10.70 10.05 62515
20140730 10.42 10.28 10.42 10.20 32820
20140731 10.28 10.44 10.52 10.23 38608
20140801 10.40 10.39 10.55 10.30 49037
20140804 10.40 10.88 10.88 10.40 83560
20140805 10.95 10.82 10.97 10.70 47309
20140806 10.83 10.63 10.83 10.60 49209
20140807 10.62 10.58 10.75 10.50 44743
20140808 10.56 10.63 10.66 10.50 28390
20140811 10.65 10.68 10.72 10.59 34027
20140812 10.80 11.12 11.18 10.62 101296
20140813 11.01 11.02 11.09 10.77 60652
20140814 11.00 10.68 11.00 10.66 47241
20140815 10.65 10.70 10.77 10.51 35519
20140818 10.71 10.74 10.76 10.60 36088
20140819 10.76 10.68 10.80 10.65 39761
20140820 10.65 10.88 11.05 10.60 68790
20140821 10.87 10.96 11.00 10.75 53658
20140822 10.96 11.39 11.43 10.88 120116
20140825 11.45 11.41 11.86 11.23 104825
20140826 11.28 10.98 11.59 10.89 69957
20140827 10.98 12.00 12.08 10.87 173652
20140828 11.90 11.71 11.90 11.50 110580
20140829 11.50 11.61 11.69 11.41 59671
20140901 11.60 11.84 12.05 11.56 59528
20140902 11.85 11.97 11.97 11.75 64008
20140903 11.99 11.83 12.07 11.83 76149
20140904 11.69 11.84 11.89 11.65 47166
20140905 11.89 12.25 12.40 11.84 104979
20140909 12.32 12.56 12.82 12.11 98862
20140910 12.40 12.36 12.88 12.30 104853
20140911 12.42 12.13 12.42 12.07 67604
20140912 12.10 12.29 12.29 11.99 51182
20140915 12.30 12.19 12.32 12.04 55025
20140916 12.18 11.44 12.19 11.41 92845
20140917 11.45 11.36 11.60 11.22 56739
20140918 11.39 11.33 11.53 11.24 44619
20140919 11.25 11.54 11.58 11.24 40682
20140922 11.50 11.26 11.53 11.25 32474
20140923 11.26 11.86 11.93 11.26 63681
20140924 11.62 11.91 11.99 11.62 58593
20140925 11.87 11.78 11.99 11.68 47378
20140926 11.74 11.84 11.86 11.66 26913
20140929 11.90 11.95 12.12 11.82 50483
20140930 11.96 12.07 12.16 11.95 50522
20141008 12.08 11.92 12.12 11.83 55431
20141009 11.93 11.70 11.95 11.51 79745
20141010 11.68 11.41 11.68 11.30 79346
20141013 11.42 11.48 11.49 11.27 49813
20141014 11.42 11.37 11.57 11.28 55310
20141015 11.37 11.40 11.43 11.27 32048
20141016 11.35 11.36 11.56 11.28 41824
20141017 11.37 10.91 11.37 10.87 52680
20141020 10.96 11.24 11.25 10.90 37756
20141021 11.25 11.36 11.53 11.25 50411
20141022 11.30 11.01 11.40 11.00 33635
20141023 11.01 10.69 11.06 10.63 30996
20141024 10.71 10.73 10.80 10.66 16676
20141027 10.73 10.70 10.73 10.50 22515
20141028 10.75 11.21 11.26 10.71 35757
20141029 11.20 11.34 11.46 11.16 52480
20141030 11.48 11.51 11.52 11.28 56722
20141031 11.47 11.52 11.53 11.29 55433
20141103 11.52 11.67 11.83 11.46 81107
20141104 11.61 11.51 11.66 11.46 37815
20141105 11.50 11.50 11.64 11.46 27829
20141106 11.49 11.35 11.51 11.28 34897
20141107 11.37 11.09 11.45 11.07 42711
20141110 11.11 11.23 11.27 11.11 27888
20141111 11.22 10.93 11.36 10.86 42003
20141112 10.97 11.30 11.30 10.94 34373
20141113 11.35 11.17 11.39 11.12 31025
20141114 11.16 11.10 11.20 11.04 22800
20141117 11.11 11.12 11.22 11.09 20262
20141118 11.09 11.13 11.21 11.06 21594
20141119 11.13 10.95 11.18 10.94 32998
20141120 10.97 10.87 11.04 10.80 27373
20141121 10.87 11.19 11.22 10.84 42569
20141124 11.25 11.41 11.46 11.17 64265
20141125 11.41 11.56 11.63 11.28 63179
20141126 11.56 11.56 11.65 11.37 52293
20141127 11.85 11.74 11.85 11.54 74833
20141128 11.80 11.69 11.97 11.55 65497
20141201 11.67 11.93 12.56 11.61 173336
20141202 11.80 12.28 12.35 11.71 159444
20141203 12.51 13.20 13.51 12.50 265197
20141204 13.19 13.41 13.68 13.00 161415
20141205 13.50 13.14 13.58 12.38 170942
20141208 13.12 14.19 14.45 13.01 210284
20141209 14.20 13.05 14.42 13.01 187020
20141210 13.04 14.05 14.30 12.71 149466
20141211 14.00 14.10 14.25 13.78 93605
20141212 14.10 14.70 14.73 13.92 135910
20141215 14.50 14.54 14.68 14.25 84029
20141216 14.47 14.39 15.11 14.36 98801
20141217 14.25 13.47 14.26 13.13 148693
20141218 13.41 13.99 14.02 13.18 133719
20141219 13.80 13.79 14.04 13.40 64741
20141222 13.59 12.65 13.62 12.62 93472
20141223 12.41 12.31 12.92 12.28 79339
20141224 12.39 13.11 13.25 12.39 92368
20141225 13.13 13.57 13.62 12.98 64261
20141226 13.75 13.49 13.75 13.26 45950
20141229 13.40 14.02 14.20 13.15 103170
20141230 13.95 14.60 14.95 13.85 164188
20141231 14.46 14.40 14.82 14.20 76008
20150105 14.43 14.80 15.10 14.42 107119
20150106 14.58 14.60 14.80 14.20 75399
20150107 14.40 14.47 14.75 14.25 46799
20150108 14.52 14.05 14.56 13.97 67726
20150109 14.07 13.73 14.40 13.61 76425
20150112 13.70 13.38 13.70 13.20 56723
20150113 13.40 13.48 13.49 13.26 26790
20150114 13.49 13.08 13.55 13.00 42570
20150115 13.06 13.22 13.32 12.94 57907
20150116 13.27 13.61 13.62 13.27 47949
20150119 13.45 12.59 13.55 12.31 97846
20150120 12.72 12.95 13.07 12.72 66684
20150121 13.00 13.45 13.50 12.92 66046
20150122 13.47 13.43 13.58 13.28 88951
20150123 13.43 13.26 13.50 13.22 52560
20150126 13.34 13.57 13.57 13.19 71291
20150127 13.67 14.14 14.20 13.51 112912
20150128 14.16 13.78 14.16 13.70 83081
20150129 13.70 13.47 13.70 13.43 49816
20150130 13.33 13.30 13.58 13.26 44777
20150202 13.20 13.25 13.35 12.97 42482
20150203 13.26 13.26 13.43 13.11 85776
20150204 13.28 13.07 13.39 13.03 70273
20150205 13.12 13.11 13.22 13.03 53334
20150206 13.02 12.69 13.11 12.55 53373
20150209 12.65 12.65 12.78 12.60 26277
20150210 12.65 12.85 12.85 12.61 38578
20150211 12.85 13.04 13.06 12.85 31554
20150212 13.04 13.05 13.10 12.85 28247
20150213 13.20 13.31 13.50 13.20 68800
20150216 13.63 13.57 13.76 13.40 101783
20150217 13.55 13.62 13.85 13.41 72837
20150225 13.90 13.65 14.15 13.62 118201
20150226 13.63 13.82 13.94 13.55 89640
20150227 13.85 13.75 13.90 13.71 53219
20150302 13.80 13.73 13.89 13.61 67326
20150303 13.65 13.35 13.65 13.32 84457
20150304 13.38 13.50 13.54 13.32 76158
20150305 13.52 13.45 13.52 13.33 58187
20150306 13.55 14.36 14.60 13.50 211199
20150309 14.34 15.01 15.10 14.01 230794
20150310 14.90 15.28 15.56 14.80 188869
20150311 15.30 15.17 15.30 14.68 129414
20150312 15.02 15.00 15.40 14.82 71540
20150313 15.08 14.92 15.14 14.75 58536
20150316 15.00 15.14 15.22 14.92 108147
20150317 15.20 15.93 16.10 15.17 140962
20150318 15.90 16.51 16.58 15.70 154515
20150319 16.59 16.90 17.31 16.21 184750
20150320 17.00 18.59 18.59 16.80 197837
20150323 18.85 19.64 20.40 18.85 207734
20150324 19.79 18.66 19.79 18.25 277483
20150325 18.00 17.91 18.30 17.70 297077
20150326 17.71 16.78 17.71 16.40 425527
20150330 15.35 16.06 16.78 15.35 521174
20150331 15.86 16.48 16.50 15.75 390030
20150401 16.40 16.66 16.67 16.25 300742
20150402 16.60 16.86 16.98 16.53 251240
20150403 16.78 16.85 16.89 16.54 211918
20150407 16.88 17.73 17.90 16.83 331163
20150408 17.65 17.41 17.70 17.10 238168
20150409 17.38 16.89 17.40 16.23 186198
20150410 16.70 17.23 17.50 16.60 159878
20150413 17.22 17.83 17.97 17.15 271041
20150414 17.95 17.56 17.99 17.34 176719
20150415 17.44 16.53 17.55 16.50 152733
20150416 16.21 16.89 17.04 16.06 113641
20150417 16.91 16.81 17.15 16.63 150355
20150420 16.78 16.13 16.78 16.01 182355
20150421 16.10 16.72 16.75 16.02 123151
20150422 16.82 17.54 17.62 16.78 234878
20150423 17.54 18.17 18.20 17.25 324642
20150424 17.89 18.87 19.00 17.67 370231
20150512 20.76 20.76 20.76 20.76 11167
20150513 22.84 22.84 22.84 22.40 261427
20150514 24.00 25.12 25.12 23.10 305191
20150515 26.58 26.94 27.63 24.06 502399
20150518 26.98 28.26 29.63 25.81 418211
20150519 28.10 27.87 29.00 27.48 242944
20150520 27.92 28.71 30.50 27.92 307089
20150521 28.71 30.79 31.08 28.71 321288
20150522 30.55 33.61 33.87 30.50 284387
20150525 33.18 36.97 36.97 32.89 221213
20150526 37.15 36.45 39.45 35.90 273409
20150527 36.46 34.75 36.46 33.30 257597
20150528 34.69 33.70 36.18 33.30 231135
20150529 34.09 34.98 36.00 33.00 211922
20150601 34.95 38.48 38.48 34.01 294434
20150602 39.50 40.46 41.94 39.30 256388
20150603 40.68 38.94 41.05 37.99 166886
20150604 38.60 37.70 38.60 35.05 190933
20150605 40.00 38.29 40.00 37.02 168518
20150608 38.88 38.02 39.70 37.00 164388
20150609 37.80 37.36 38.55 36.58 169236
20150610 37.36 38.93 40.95 36.70 245872
20150611 40.10 39.96 40.88 38.90 312793
20150612 20.09 21.46 21.84 20.09 331403
20150615 20.99 20.56 21.44 20.19 610679
20150616 20.09 19.33 20.50 19.00 231556
20150617 19.33 19.14 20.00 18.00 221304
20150618 19.18 18.30 19.59 18.15 235125
20150619 17.92 16.47 17.92 16.47 220048
20150623 16.20 15.60 16.20 14.82 516902
20150624 15.80 15.80 16.00 15.00 340988
20150625 15.80 16.39 17.07 15.70 551250
20150626 16.00 14.75 16.00 14.75 288220
20150629 15.29 13.28 15.30 13.28 317212
20150630 12.28 13.87 14.30 11.95 371233
20150701 13.85 12.80 14.87 12.49 373220
20150702 12.78 11.52 12.83 11.52 283380
20150703 10.61 11.07 12.50 10.37 977430
20150706 12.18 10.71 12.18 10.50 431412
20150721 11.78 11.78 11.78 11.78 12905
20150722 12.96 12.96 12.96 12.96 4756
20150723 14.26 14.26 14.26 14.26 15534
20150724 15.69 15.69 15.69 15.69 119424
20150727 16.00 14.12 16.30 14.12 1184627
20150728 13.10 13.00 14.25 12.71 504023
20150729 13.39 13.82 14.06 12.86 553145
20150730 13.79 13.48 14.00 13.00 421786
