20140102 45.01 45.84 45.97 44.40 2843
20140103 45.80 45.71 46.15 45.21 2866
20140106 45.71 45.75 47.30 45.30 9169
20140107 45.75 45.72 45.94 45.00 3108
20140108 45.62 45.99 46.39 45.30 4964
20140109 46.00 43.49 46.19 43.05 6110
20140110 43.51 42.79 43.86 42.42 6087
20140113 42.78 42.62 42.80 42.17 4291
20140114 42.62 43.32 43.47 42.12 2898
20140115 43.32 44.05 44.80 42.35 6859
20140116 43.88 44.29 44.45 43.70 3361
20140117 44.20 44.42 44.66 43.76 2318
20140120 44.76 43.66 45.47 42.88 3655
20140121 43.23 43.20 43.99 42.90 2633
20140122 43.42 43.29 43.69 43.00 5679
20140123 43.29 44.23 44.77 43.15 6994
20140124 44.04 43.95 44.80 43.50 5527
20140127 43.60 43.43 44.00 43.00 3649
20140128 42.95 41.53 43.46 41.26 7545
20140129 41.55 41.71 42.00 41.40 3476
20140130 41.71 43.02 43.39 41.50 6450
20140207 42.90 43.57 44.15 42.46 7309
20140210 43.97 44.05 44.14 43.00 6145
20140211 44.91 44.34 44.91 43.61 9057
20140212 44.50 44.33 44.50 43.43 9399
20140213 44.48 43.94 44.79 43.46 6907
20140214 43.80 44.12 44.35 43.40 6490
20140217 44.13 44.67 45.32 44.00 9907
20140218 44.75 44.61 44.87 44.00 8052
20140219 44.61 44.10 44.70 43.80 7612
20140220 44.12 43.24 44.46 43.08 6119
20140221 43.13 42.95 43.51 42.68 6065
20140224 43.00 42.68 43.49 42.29 3382
20140225 42.71 40.79 43.10 40.51 5291
20140226 40.90 40.16 40.90 39.45 3877
20140227 40.36 40.20 41.14 40.10 4258
20140228 40.20 39.82 40.46 39.25 4298
20140303 40.02 40.73 40.75 39.00 7221
20140304 40.53 40.52 40.98 40.10 2312
20140305 40.77 40.00 40.77 39.97 3462
20140306 40.14 39.79 40.40 39.50 2145
20140307 39.80 40.20 40.49 39.80 2008
20140310 40.20 38.76 40.20 38.37 4098
20140311 38.85 38.41 38.85 38.10 2184
20140312 38.70 39.60 39.89 38.60 3811
20140313 39.52 39.55 40.25 39.35 1993
20140314 39.00 39.08 39.55 38.80 3179
20140317 39.50 39.62 40.00 39.08 2726
20140318 39.70 39.80 40.14 39.60 5349
20140319 39.97 38.96 39.97 38.94 2906
20140320 39.00 38.70 39.73 38.60 5168
20140321 38.69 38.00 38.69 36.90 7748
20140324 38.09 38.17 38.50 37.74 3219
20140325 38.23 38.02 38.28 37.81 2719
20140326 38.26 38.68 38.78 37.90 4227
20140327 38.58 37.81 38.58 37.80 3359
20140328 37.79 37.20 37.95 37.10 2426
20140331 37.19 38.24 39.50 37.00 4949
20140401 38.05 38.29 38.88 37.74 3598
20140402 38.29 37.72 38.31 37.50 2526
20140403 37.95 36.84 37.95 36.52 5694
20140404 36.66 37.34 37.50 36.50 3535
20140408 37.35 37.53 38.18 37.00 5999
20140409 37.53 37.98 38.30 37.50 3914
20140410 38.00 38.04 38.39 37.74 3434
20140411 37.94 38.17 38.21 37.52 3051
20140414 38.22 39.05 39.60 38.05 9539
20140415 39.48 39.11 39.56 38.95 3931
20140416 38.95 39.65 39.88 38.53 5739
20140417 39.70 39.42 39.99 39.41 3284
20140418 39.42 39.72 39.97 39.20 2384
20140421 39.73 40.12 40.49 39.55 5016
20140422 40.00 38.97 40.57 38.71 4903
20140423 40.30 40.96 41.60 39.80 14581
20140424 41.00 40.28 41.50 40.09 5388
20140425 39.85 38.98 40.29 38.73 5003
20140428 38.55 37.61 38.55 37.51 5317
20140429 37.65 38.04 38.23 37.64 1812
20140430 38.20 38.27 38.70 38.00 2430
20140505 38.10 39.00 39.00 38.01 2732
20140506 39.02 38.76 39.42 38.72 2607
20140507 38.90 39.54 40.48 38.50 6902
20140508 39.54 39.82 40.28 39.16 2794
20140509 39.65 39.85 40.08 39.46 2734
20140512 39.98 40.33 40.59 39.81 4221
20140513 40.10 40.20 40.35 39.50 3543
20140514 39.50 40.43 40.92 39.50 3937
20140515 40.43 39.59 40.60 39.56 4506
20140516 39.70 40.74 40.78 39.68 7019
20140519 41.21 41.86 42.29 40.85 8612
20140520 41.41 46.05 46.05 41.41 32693
20140521 46.05 45.45 46.30 44.40 18315
20140522 45.38 45.47 46.95 45.00 19063
20140523 45.05 45.89 46.65 45.05 10579
20140526 45.95 47.14 47.28 45.58 16833
20140527 47.15 45.35 47.15 45.10 12028
20140528 45.38 46.47 46.89 44.64 12424
20140529 46.46 45.27 46.60 45.20 6867
20140530 45.15 46.00 46.01 45.15 5021
20140603 46.03 45.45 46.72 45.27 5869
20140604 45.20 44.37 45.59 43.60 7731
20140605 44.01 44.85 45.19 44.01 3918
20140606 44.72 45.51 46.30 44.72 4266
20140609 45.17 44.91 45.70 44.56 4312
20140610 44.90 45.80 46.20 44.42 6913
20140611 45.70 45.89 46.10 45.40 4790
20140612 45.73 48.30 49.90 45.68 21741
20140613 48.10 49.46 49.73 47.45 14081
20140616 49.57 48.80 49.97 48.50 12438
20140617 48.89 47.87 49.63 47.51 9888
20140618 47.50 48.17 49.17 47.47 6190
20140619 48.01 45.06 48.33 44.80 14411
20140620 45.08 46.02 46.15 45.08 4960
20140623 46.47 47.33 47.70 46.23 5035
20140624 47.40 47.34 47.60 46.43 7998
20140625 47.20 48.06 48.96 47.20 8993
20140626 47.80 48.40 48.76 47.73 9721
20140627 48.20 50.15 50.80 48.01 12197
20140630 49.81 53.55 54.49 49.81 28098
20140701 53.00 53.77 54.99 52.61 23890
20140702 53.30 55.53 56.00 53.28 22605
20140703 55.32 54.07 55.98 53.88 14414
20140704 53.99 57.29 57.51 53.96 21480
20140707 57.10 56.53 59.00 56.07 26183
20140708 56.50 56.05 57.07 54.00 20710
20140709 55.50 55.40 58.00 54.68 29901
20140710 55.43 53.66 55.87 52.61 24985
20140711 53.31 53.65 53.97 52.83 12039
20140714 53.76 54.02 54.60 53.58 12899
20140715 54.30 54.82 55.55 53.81 22263
20140716 27.42 25.75 28.09 25.63 32044
20140717 25.10 24.73 25.69 24.30 39147
20140718 24.54 25.09 25.33 24.52 19215
20140721 25.07 24.66 25.27 23.88 26951
20140722 24.60 24.89 25.06 24.06 18640
20140723 24.92 27.38 27.38 24.85 85246
20140724 27.55 27.75 29.98 27.32 108840
20140725 27.90 27.17 28.35 26.81 56426
20140728 27.28 29.89 29.89 27.02 83397
20140729 31.01 30.82 31.95 30.31 96097
20140730 30.83 31.08 31.36 29.64 79868
20140731 30.66 31.53 32.88 30.21 81319
20140801 31.36 30.83 32.28 30.75 45686
20140804 30.85 31.97 32.50 30.85 60728
20140805 31.86 31.30 31.90 30.91 51882
20140806 31.30 31.07 31.65 30.55 32978
20140807 30.96 31.21 32.18 30.80 38970
20140808 31.20 31.94 32.00 31.10 34648
20140811 32.06 31.63 32.33 31.27 48999
20140812 31.69 30.31 31.69 30.13 69902
20140813 30.35 30.70 30.94 30.05 32104
20140814 30.68 29.79 30.68 29.70 34776
20140815 29.97 30.28 30.42 29.80 18716
20140818 30.35 30.33 30.50 29.80 30756
20140819 30.30 31.53 31.60 30.10 57759
20140820 31.40 30.94 31.48 30.61 34882
20140821 30.77 31.05 31.52 30.77 32557
20140822 31.10 31.40 32.15 30.99 42607
20140825 31.48 30.74 31.68 30.50 29610
20140826 30.60 29.54 30.85 29.22 30942
20140827 29.44 29.69 30.25 29.44 19141
20140828 29.88 29.50 30.29 29.48 20028
20140829 29.66 30.25 30.29 29.35 22871
20140901 31.42 32.14 32.95 31.42 91501
20140902 32.55 35.35 35.35 32.55 111498
20140903 36.65 37.33 38.50 36.28 161907
20140904 37.02 40.19 41.06 36.40 187634
20140905 39.20 39.45 40.00 38.77 110634
20140909 39.15 39.13 39.95 38.85 79664
20140910 38.96 38.70 39.12 37.95 66305
20140911 38.88 38.23 38.89 37.78 66906
20140912 38.12 38.49 38.66 37.75 46931
20140915 38.52 41.57 41.90 38.20 118778
20140916 40.82 38.45 41.30 38.18 95210
20140917 38.23 37.74 38.83 36.70 55003
20140918 37.61 37.96 38.20 36.91 30028
20140919 38.01 38.56 39.09 37.61 45343
20140922 38.37 37.83 38.37 37.18 27029
20140923 37.65 39.96 40.49 37.65 68708
20140924 39.61 39.75 40.86 39.22 57649
20140925 39.90 41.31 41.60 39.22 65007
20140926 41.00 41.04 43.20 40.60 62121
20140929 41.18 41.12 42.00 40.44 42070
20140930 41.11 40.54 41.12 40.08 35448
20141008 40.54 40.85 41.16 40.01 30864
20141009 41.05 40.31 41.10 39.50 37019
20141010 40.03 39.61 40.05 38.81 52916
20141013 38.68 39.31 39.95 38.68 34412
20141014 39.68 39.97 41.89 39.42 61917
20141015 39.98 39.30 40.29 38.90 29313
20141016 39.00 38.71 39.55 38.70 28332
20141017 38.06 37.10 38.44 36.21 63350
20141020 37.10 37.37 37.49 36.75 24338
20141021 37.37 37.13 37.69 37.03 16648
20141022 37.07 37.23 38.19 36.56 22891
20141023 37.20 37.76 38.30 36.88 29216
20141024 37.76 37.47 38.28 37.42 21538
20141027 36.99 38.22 38.50 36.32 30261
20141028 38.20 39.74 40.15 37.90 50109
20141029 40.10 39.74 40.97 39.49 54259
20141030 39.78 38.50 39.84 38.38 44930
20141031 38.67 38.45 39.02 38.18 28645
20141103 38.40 38.55 38.81 37.93 30812
20141104 38.59 39.64 40.55 38.23 47334
20141105 39.60 39.34 39.94 38.69 41324
20141106 39.30 39.54 39.81 38.83 31762
20141107 39.72 39.23 40.85 38.88 49199
20141110 39.21 39.00 39.55 38.62 37718
20141111 39.05 37.23 39.43 36.85 39801
20141112 37.23 37.59 37.77 37.10 13491
20141113 37.71 36.02 37.75 35.60 35453
20141114 35.77 35.78 36.50 35.35 16614
20141117 35.79 36.01 36.50 35.62 18975
20141118 36.22 36.66 36.98 35.96 20281
20141119 36.66 36.41 36.75 35.98 17191
20141120 36.40 35.85 36.75 35.45 22898
20141121 35.85 36.71 37.00 35.58 28174
20141124 37.07 37.19 37.48 36.50 21412
20141125 37.25 38.43 38.99 37.25 38528
20141126 38.57 38.19 39.00 37.73 22006
20141127 38.29 38.78 38.94 38.19 26422
20141128 39.00 38.05 39.00 37.41 25546
20141201 38.05 37.03 38.05 37.01 19783
20141202 37.14 37.18 37.58 36.82 15844
20141203 37.10 37.94 37.99 36.02 48011
20141204 37.81 38.44 38.99 37.76 35691
20141205 39.00 42.28 42.28 39.00 154828
20141208 46.01 46.51 46.51 45.02 44863
20141209 51.00 45.30 51.16 45.11 188449
20141210 45.00 49.83 49.83 44.08 92546
20141211 50.50 53.66 54.81 50.50 144407
20141212 52.50 53.24 55.40 51.00 77482
20141215 50.00 57.15 58.56 49.83 105034
20141216 58.21 55.81 58.67 54.51 85632
20141217 55.00 53.83 56.49 53.56 68204
20141218 53.83 54.75 56.78 53.27 68873
20141219 53.30 54.94 55.05 51.58 52001
20141222 53.99 52.91 55.20 52.80 47163
20141223 52.00 51.73 54.48 49.50 29848
20141224 51.90 54.08 54.44 51.02 34770
20141225 54.42 53.98 55.20 53.28 24072
20141226 53.10 52.32 53.57 52.28 26763
20141229 52.40 50.06 52.40 48.00 46533
20141230 50.22 48.45 50.52 48.10 21816
20141231 49.00 49.86 50.68 49.00 18687
20150105 50.06 46.69 50.17 46.23 40265
20150106 46.24 47.29 48.95 45.45 30651
20150107 47.11 48.16 49.99 47.02 27968
20150108 48.22 47.81 48.80 47.20 26028
20150109 47.52 47.74 50.00 47.25 31102
20150112 46.99 46.14 48.25 45.50 30541
20150113 46.14 47.95 48.95 45.98 24404
20150114 47.95 47.88 48.89 46.96 17785
20150115 48.24 48.79 48.81 47.30 30076
20150116 48.80 48.20 48.80 47.85 16250
20150119 46.99 48.27 50.59 46.00 57046
20150120 48.10 51.28 51.55 47.35 47777
20150121 51.35 52.94 54.10 51.35 47502
20150122 52.94 54.14 55.00 50.91 56766
20150123 54.38 52.27 54.66 51.71 32977
20150126 52.78 52.84 54.49 52.00 27377
20150127 52.57 52.26 52.80 51.00 26609
20150128 52.26 51.14 53.20 50.89 28376
20150129 50.50 51.05 51.28 49.61 28980
20150130 51.00 49.99 51.12 49.50 18177
20150202 49.49 48.48 49.80 48.00 28794
20150203 48.48 49.37 49.70 48.47 13522
20150204 49.60 48.48 49.80 48.42 17691
20150205 48.86 46.99 49.00 46.80 29381
20150206 47.02 45.45 47.32 45.20 18130
20150209 45.80 49.16 50.00 45.39 34101
20150210 49.77 49.10 49.77 48.01 14828
20150211 48.79 50.07 50.94 48.52 26384
20150212 50.07 50.00 50.46 49.30 11819
20150213 50.15 50.88 51.27 49.64 18885
20150216 50.88 51.39 51.51 50.21 18276
20150217 51.50 51.35 51.72 50.36 20318
20150225 51.29 50.30 51.70 49.77 17801
20150226 50.32 50.18 50.59 49.91 16730
20150227 50.48 51.41 53.70 50.40 37413
20150302 51.47 51.64 52.10 50.20 26564
20150303 51.64 52.76 53.24 51.08 38758
20150304 52.37 52.56 53.88 51.80 28995
20150305 52.54 49.91 52.55 48.80 56038
20150306 49.16 47.18 49.75 46.75 64360
20150309 46.99 47.37 47.80 46.52 24764
20150310 47.25 47.84 48.48 47.25 24010
20150311 47.80 47.57 48.40 47.30 20072
20150312 47.90 47.31 48.00 46.87 18213
20150313 48.05 48.86 49.60 48.05 28502
20150316 48.96 49.69 49.70 48.90 32627
20150317 50.02 50.20 51.29 49.80 41625
20150318 50.06 51.18 51.43 50.00 44053
20150319 51.99 50.24 52.23 49.84 57531
20150320 50.24 50.95 51.20 50.02 37806
20150323 50.97 50.85 51.50 50.40 52395
20150324 51.00 53.82 53.90 50.56 96351
20150325 54.00 57.85 59.20 53.02 133459
20150326 57.05 55.46 59.00 54.00 71781
20150327 55.20 54.56 55.35 53.30 39885
20150330 54.50 54.66 55.50 53.33 40832
20150331 54.60 53.48 54.60 53.35 53198
20150401 53.02 53.62 53.89 52.61 39526
20150402 53.73 55.00 55.03 53.05 51104
20150403 54.69 55.52 56.30 54.05 52389
20150407 55.50 55.99 56.80 55.32 55812
20150408 56.00 54.01 56.58 52.96 46962
20150409 54.05 52.29 54.40 51.60 40948
20150410 52.00 53.73 54.50 51.98 33034
20150413 54.00 53.47 54.50 52.65 33763
20150414 53.90 52.65 54.10 52.20 34401
20150415 52.84 50.37 52.90 50.20 34919
20150416 50.01 52.50 52.69 48.00 33750
20150417 52.69 53.81 54.35 52.69 48590
20150420 53.27 53.82 55.78 52.00 62902
20150421 53.91 57.25 58.50 53.91 82968
20150422 58.10 61.74 62.98 57.26 98961
20150423 61.87 59.31 62.88 59.00 63001
20150424 58.51 58.22 60.70 57.59 48799
20150427 58.70 59.49 62.17 58.70 45257
20150428 59.30 56.99 60.67 55.32 57952
20150429 56.95 61.01 62.29 55.10 52092
20150430 59.36 59.18 61.44 59.00 38227
20150504 59.00 62.45 63.70 57.10 69619
20150505 62.48 61.70 64.47 61.20 55360
20150506 61.63 61.16 64.13 60.01 52464
20150507 60.70 62.13 63.50 60.02 35694
20150508 62.10 67.99 68.34 62.10 63823
20150511 68.09 68.09 70.60 67.00 56041
20150512 68.10 71.64 71.80 67.50 51766
20150513 70.80 69.40 71.91 68.99 38490
20150514 69.18 67.62 70.19 67.40 24930
20150515 67.62 67.99 69.99 67.10 31963
20150518 67.80 72.16 73.50 67.31 37696
20150519 71.10 70.82 72.00 69.17 22869
20150626 63.74 63.74 69.99 63.74 55921
20150629 61.55 57.37 63.70 57.37 55462
20150630 52.15 57.96 59.87 51.63 72899
20150701 56.47 55.00 61.18 53.50 59713
20150702 50.00 49.50 55.00 49.50 55282
20150703 45.56 44.55 49.99 44.55 66038
20150706 48.89 40.10 49.01 40.10 66306
20150707 36.35 36.09 37.25 36.09 21648
20150708 32.48 32.48 32.48 32.48 8666
20150714 35.73 35.73 35.73 35.73 299
20150715 39.30 39.30 39.30 38.00 137778
20150716 37.45 42.94 43.23 35.75 132423
20150717 43.00 47.23 47.23 43.00 85960
20150720 49.30 51.49 51.95 48.97 126469
20150721 51.44 51.53 53.40 49.92 81868
20150722 50.80 53.25 54.80 49.98 67769
20150723 53.00 58.58 58.58 52.52 68439
20150724 58.40 57.88 62.90 55.85 76070
20150727 56.40 52.09 61.00 52.09 68646
20150728 47.10 51.90 55.15 46.88 70200
20150729 53.30 57.09 57.09 50.00 62144
20150730 58.01 56.57 60.89 56.19 81595
