20140102 0.864 0.855 0.868 0.851 1627
20140103 0.849 0.840 0.853 0.835 766
20140106 0.829 0.828 0.845 0.820 687
20140107 0.828 0.831 0.834 0.828 422
20140108 0.820 0.828 0.837 0.820 415
20140109 0.860 0.837 0.860 0.824 474
20140110 0.836 0.827 0.836 0.820 515
20140113 0.818 0.822 0.847 0.818 285
20140114 0.834 0.825 0.834 0.821 203
20140115 0.824 0.834 0.836 0.823 287
20140116 0.837 0.840 0.840 0.834 291
20140117 0.825 0.832 0.844 0.825 137
20140120 0.826 0.826 0.842 0.825 226
20140121 0.815 0.833 0.838 0.815 161
20140122 0.822 0.840 0.845 0.819 927
20140123 0.826 0.756 0.826 0.756 8785
20140124 0.716 0.726 0.734 0.712 7923
20140127 0.718 0.719 0.723 0.715 1368
20140128 0.719 0.718 0.723 0.716 1180
20140129 0.715 0.704 0.716 0.703 2631
20140130 0.696 0.651 0.709 0.646 4750
20140207 0.657 0.654 0.661 0.652 2441
20140210 0.652 0.692 0.693 0.652 4258
20140211 0.690 0.689 0.692 0.683 1312
20140212 0.695 0.692 0.698 0.689 1717
20140213 0.690 0.690 0.704 0.670 2585
20140214 0.696 0.692 0.696 0.688 1085
20140217 0.690 0.698 0.701 0.690 1400
20140218 0.703 0.705 0.708 0.695 2275
20140219 0.705 0.703 0.707 0.701 895
20140220 0.710 0.695 0.710 0.693 633
20140221 0.700 0.696 0.704 0.692 173
20140224 0.692 0.678 0.692 0.667 1583
20140225 0.670 0.666 0.681 0.666 1293
20140226 0.664 0.660 0.666 0.658 721
20140227 0.651 0.658 0.660 0.647 1378
20140228 0.652 0.664 0.664 0.650 555
20140303 0.665 0.667 0.688 0.650 1821
20140304 0.669 0.665 0.669 0.657 1170
20140305 0.665 0.690 0.696 0.665 2784
20140306 0.672 0.691 0.696 0.672 766
20140307 0.690 0.676 0.690 0.674 578
20140310 0.672 0.664 0.673 0.661 842
20140311 0.662 0.659 0.670 0.650 791
20140312 0.652 0.660 0.665 0.650 214
20140313 0.650 0.654 0.665 0.650 1399
20140314 0.653 0.627 0.653 0.611 2072
20140317 0.627 0.630 0.636 0.620 512
20140318 0.630 0.631 0.638 0.630 880
20140319 0.635 0.630 0.636 0.628 277
20140320 0.622 0.627 0.636 0.622 1141
20140321 0.615 0.634 0.634 0.615 520
20140324 0.635 0.639 0.639 0.632 536
20140325 0.639 0.648 0.659 0.631 2074
20140326 0.644 0.645 0.645 0.638 574
20140327 0.639 0.641 0.646 0.639 645
20140328 0.641 0.644 0.647 0.634 353
20140331 0.638 0.633 0.640 0.633 554
20140401 0.639 0.632 0.639 0.623 944
20140402 0.626 0.631 0.632 0.626 453
20140403 0.628 0.626 0.631 0.626 240
20140404 0.625 0.623 0.625 0.621 720
20140408 0.621 0.630 0.630 0.621 546
20140409 0.625 0.630 0.632 0.624 574
20140410 0.626 0.631 0.638 0.626 919
20140411 0.628 0.625 0.630 0.623 468
20140415 0.596 0.594 0.600 0.594 2017
20140416 0.573 0.615 0.616 0.564 8834
20140417 0.600 0.604 0.610 0.588 3153
20140418 0.603 0.604 0.606 0.595 1007
20140421 0.597 0.584 0.599 0.584 536
20140422 0.574 0.591 0.594 0.574 1356
20140423 0.583 0.583 0.589 0.575 1941
20140424 0.577 0.571 0.577 0.557 5229
20140425 0.558 0.548 0.568 0.542 2739
20140428 0.543 0.536 0.551 0.521 3420
20140429 0.535 0.539 0.548 0.516 1571
20140430 0.544 0.560 0.564 0.542 3983
20140505 0.560 0.559 0.560 0.542 1884
20140506 0.559 0.556 0.559 0.550 425
20140507 0.557 0.558 0.570 0.547 3045
20140508 0.558 0.562 0.568 0.550 1878
20140509 0.558 0.561 0.565 0.549 1118
20140512 0.552 0.572 0.575 0.548 2708
20140513 0.565 0.569 0.572 0.553 1483
20140514 0.575 0.562 0.575 0.553 1972
20140515 0.553 0.571 0.573 0.549 5167
20140516 0.565 0.565 0.575 0.556 1580
20140519 0.565 0.565 0.565 0.555 449
20140520 0.565 0.560 0.565 0.550 2150
20140521 0.559 0.561 0.564 0.555 2218
20140522 0.561 0.558 0.572 0.554 1764
20140523 0.555 0.560 0.562 0.553 343
20140526 0.552 0.563 0.564 0.552 2494
20140527 0.563 0.562 0.563 0.560 262
20140528 0.562 0.562 0.562 0.562 129
20140529 0.562 0.556 0.562 0.555 503
20140530 0.553 0.554 0.562 0.553 154
20140603 0.555 0.559 0.560 0.553 1477
20140604 0.564 0.562 0.564 0.555 1224
20140605 0.562 0.568 0.570 0.556 878
20140606 0.562 0.569 0.571 0.562 152
20140609 0.572 0.574 0.574 0.567 543
20140610 0.578 0.589 0.590 0.570 2000
20140611 0.585 0.588 0.590 0.579 1313
20140612 0.595 0.587 0.595 0.578 1150
20140613 0.595 0.590 0.595 0.585 2781
20140616 0.590 0.590 0.591 0.585 1010
20140617 0.589 0.588 0.589 0.588 303
20140618 0.575 0.586 0.588 0.575 339
20140619 0.578 0.590 0.600 0.574 2365
20140620 0.605 0.597 0.605 0.590 633
20140623 0.602 0.602 0.602 0.590 2144
20140624 0.602 0.601 0.603 0.590 1644
20140625 0.604 0.607 0.608 0.590 1052
20140626 0.610 0.603 0.615 0.590 1895
20140627 0.600 0.610 0.613 0.590 2174
20140630 0.608 0.610 0.611 0.595 1276
20140701 0.610 0.617 0.622 0.600 2095
20140702 0.622 0.611 0.624 0.611 665
20140703 0.611 0.624 0.625 0.606 1399
20140704 0.611 0.628 0.630 0.610 1369
20140707 0.614 0.604 0.621 0.604 1354
20140708 0.623 0.619 0.623 0.592 1944
20140709 0.622 0.616 0.622 0.597 1886
20140710 0.619 0.614 0.619 0.607 1095
20140711 0.617 0.614 0.617 0.600 2096
20140714 0.610 0.622 0.625 0.608 1765
20140715 0.623 0.623 0.625 0.610 1227
20140716 0.624 0.623 0.625 0.615 794
20140717 0.623 0.634 0.640 0.623 5206
20140718 0.635 0.636 0.637 0.623 493
20140721 0.623 0.626 0.638 0.623 90
20140722 0.633 0.632 0.637 0.628 260
20140723 0.624 0.626 0.646 0.624 372
20140724 0.625 0.622 0.625 0.620 702
20140725 0.638 0.624 0.639 0.622 310
20140728 0.622 0.641 0.645 0.622 1147
20140729 0.645 0.636 0.645 0.631 440
20140730 0.633 0.646 0.647 0.633 1686
20140731 0.647 0.671 0.678 0.638 1733
20140801 0.667 0.671 0.675 0.660 1445
20140804 0.660 0.693 0.698 0.659 4506
20140805 0.687 0.683 0.687 0.668 2357
20140806 0.683 0.695 0.698 0.670 4529
20140807 0.697 0.692 0.697 0.683 2569
20140808 0.692 0.708 0.710 0.692 5770
20140811 0.705 0.721 0.721 0.696 6165
20140812 0.723 0.725 0.725 0.711 3655
20140813 0.728 0.722 0.728 0.708 4528
20140814 0.722 0.692 0.723 0.690 10824
20140815 0.690 0.710 0.712 0.678 8589
20140818 0.710 0.714 0.718 0.702 1074
20140819 0.716 0.731 0.732 0.716 3907
20140820 0.724 0.729 0.732 0.718 1625
20140821 0.732 0.730 0.732 0.724 994
20140822 0.728 0.730 0.732 0.725 510
20140825 0.734 0.730 0.734 0.722 799
20140826 0.717 0.719 0.724 0.714 1289
20140827 0.715 0.719 0.723 0.710 553
20140828 0.718 0.726 0.726 0.714 687
20140829 0.726 0.731 0.731 0.722 773
20140901 0.732 0.734 0.737 0.724 1528
20140902 0.736 0.749 0.750 0.731 5920
20140903 0.750 0.747 0.750 0.734 706
20140904 0.748 0.750 0.750 0.740 605
20140905 0.753 0.748 0.753 0.741 380
20140909 0.749 0.746 0.752 0.742 1000
20140910 0.754 0.752 0.754 0.743 867
20140911 0.749 0.755 0.765 0.745 3287
20140912 0.757 0.766 0.766 0.754 1476
20140915 0.768 0.791 0.793 0.768 1462
20140916 0.786 0.765 0.791 0.764 1447
20140917 0.765 0.763 0.773 0.755 905
20140918 0.756 0.760 0.780 0.751 1171
20140919 0.768 0.774 0.774 0.760 555
20140922 0.755 0.772 0.778 0.754 578
20140923 0.774 0.774 0.776 0.767 572
20140924 0.777 0.784 0.786 0.777 701
20140925 0.777 0.788 0.790 0.777 1063
20140926 0.802 0.791 0.802 0.788 281
20140929 0.800 0.831 0.831 0.791 5039
20140930 0.836 0.840 0.870 0.834 6488
20141008 0.850 0.850 0.855 0.832 1163
20141009 0.843 0.834 0.863 0.825 1600
20141010 0.834 0.840 0.848 0.834 1998
20141013 0.842 0.820 0.842 0.810 1140
20141014 0.822 0.818 0.823 0.815 2819
20141015 0.810 0.812 0.814 0.799 3601
20141016 0.800 0.800 0.812 0.796 1282
20141017 0.791 0.768 0.791 0.760 2638
20141020 0.759 0.753 0.760 0.732 3006
20141021 0.752 0.749 0.759 0.740 1519
20141022 0.748 0.744 0.759 0.744 1115
20141023 0.756 0.741 0.756 0.739 1072
20141024 0.740 0.740 0.741 0.740 809
20141027 0.754 0.753 0.756 0.746 673
20141028 0.759 0.774 0.776 0.755 1015
20141029 0.775 0.779 0.782 0.773 420
20141030 0.788 0.773 0.789 0.772 921
20141031 0.775 0.773 0.780 0.764 251
20141103 0.787 0.772 0.789 0.771 1353
20141104 0.772 0.778 0.778 0.772 402
20141209 0.788 0.739 0.816 0.739 2942
20141210 0.721 0.758 0.768 0.703 2815
20141211 0.751 0.796 0.796 0.751 7090
20141212 0.820 0.822 0.836 0.800 4515
20141215 0.799 0.782 0.835 0.781 10404
20141216 0.752 0.782 0.788 0.752 4672
20141217 0.746 0.763 0.788 0.746 2594
20141219 0.728 0.767 0.778 0.727 5282
20141222 0.742 0.741 0.744 0.729 2594
20141223 0.710 0.726 0.738 0.710 319
20141224 0.748 0.762 0.762 0.748 4010
20141225 0.790 0.790 0.796 0.763 4169
20141226 0.767 0.783 0.795 0.767 1157
20141229 0.778 0.770 0.792 0.756 1116
20141230 0.764 0.761 0.789 0.760 3434
20141231 0.760 0.758 0.776 0.749 2698
20150105 0.758 0.766 0.771 0.755 1328
20150106 0.756 0.760 0.774 0.756 760
20150107 0.768 0.790 0.794 0.757 7037
20150108 0.784 0.784 0.806 0.779 3059
20150109 0.779 0.787 0.788 0.779 700
20150112 0.794 0.777 0.795 0.770 971
20150113 0.789 0.785 0.790 0.777 979
20150114 0.787 0.778 0.795 0.776 513
20150115 0.790 0.779 0.794 0.778 2175
20150116 0.778 0.779 0.790 0.778 1031
20150119 0.779 0.769 0.780 0.765 912
20150120 0.763 0.780 0.780 0.762 1226
20150121 0.774 0.790 0.804 0.774 1806
20150122 0.784 0.797 0.801 0.783 1033
20150123 0.800 0.800 0.808 0.792 1969
20150126 0.800 0.804 0.815 0.800 1010
20150127 0.813 0.820 0.830 0.810 2791
20150128 0.826 0.826 0.833 0.812 2424
20150129 0.820 0.826 0.831 0.818 1653
20150130 0.819 0.820 0.830 0.810 1246
20150202 0.793 0.804 0.811 0.793 678
20150203 0.816 0.812 0.816 0.809 543
20150204 0.812 0.819 0.820 0.812 1143
20150205 0.825 0.810 0.825 0.810 1296
20150206 0.819 0.800 0.819 0.800 846
20150209 0.789 0.817 0.817 0.789 1726
20150210 0.817 0.807 0.817 0.802 718
20150211 0.792 0.804 0.810 0.792 868
20150212 0.801 0.799 0.801 0.796 1977
20150213 0.810 0.804 0.815 0.800 1314
20150216 0.814 0.823 0.828 0.808 1999
20150217 0.828 0.829 0.830 0.792 2716
20150225 0.817 0.816 0.829 0.814 868
20150226 0.815 0.832 0.832 0.815 1411
20150227 0.825 0.830 0.832 0.823 1205
20150303 0.842 0.850 0.897 0.830 19786
20150304 0.840 0.850 0.868 0.823 15536
20150305 0.850 0.851 0.860 0.841 9312
20150306 0.857 0.874 0.888 0.840 13034
20150309 0.877 0.870 0.895 0.864 12212
20150310 0.870 0.871 0.878 0.862 4285
20150311 0.877 0.913 0.916 0.871 16599
20150312 0.912 0.908 0.918 0.901 8617
20150313 0.905 0.926 0.936 0.905 11737
20150316 0.935 0.927 0.955 0.920 10642
20150317 0.926 0.900 0.928 0.899 10796
20150318 0.909 0.925 0.928 0.902 8665
20150319 0.930 0.934 0.941 0.925 6994
20150320 0.930 0.934 0.934 0.924 5024
20150323 0.934 0.957 0.963 0.925 13275
20150324 0.952 1.001 1.013 0.950 16359
20150325 1.000 1.038 1.050 0.990 8975
20150326 1.031 1.009 1.048 1.005 6547
20150327 1.006 1.080 1.090 0.988 10280
20150330 1.001 1.028 1.033 1.000 15091
20150331 1.022 1.017 1.028 1.008 4863
