20140102 0.718 0.719 0.722 0.716 1737
20140103 0.717 0.711 0.720 0.710 2815
20140106 0.711 0.698 0.711 0.695 5328
20140107 0.694 0.700 0.701 0.693 2699
20140108 0.706 0.699 0.706 0.699 595
20140109 0.703 0.699 0.705 0.699 1831
20140110 0.694 0.698 0.703 0.694 1178
20140113 0.702 0.696 0.704 0.694 946
20140114 0.695 0.702 0.707 0.695 1578
20140115 0.700 0.706 0.709 0.699 1713
20140116 0.709 0.707 0.710 0.703 919
20140117 0.702 0.706 0.711 0.696 3594
20140120 0.706 0.701 0.706 0.700 976
20140121 0.701 0.705 0.711 0.701 3770
20140122 0.710 0.712 0.713 0.706 3384
20140123 0.716 0.712 0.716 0.707 2145
20140124 0.711 0.713 0.715 0.709 2769
20140127 0.715 0.706 0.715 0.706 1895
20140128 0.705 0.704 0.707 0.700 2787
20140129 0.710 0.706 0.710 0.702 1445
20140130 0.705 0.705 0.707 0.703 1463
20140207 0.706 0.700 0.706 0.697 1603
20140210 0.701 0.710 0.712 0.701 5026
20140211 0.708 0.711 0.713 0.708 3889
20140212 0.707 0.715 0.716 0.707 5073
20140213 0.716 0.711 0.716 0.710 3342
20140214 0.711 0.709 0.714 0.708 2788
20140217 0.710 0.713 0.716 0.710 2703
20140218 0.712 0.721 0.727 0.712 12718
20140219 0.719 0.720 0.725 0.717 5051
20140220 0.720 0.716 0.720 0.715 2433
20140221 0.715 0.714 0.720 0.713 2617
20140224 0.716 0.711 0.719 0.706 3145
20140225 0.707 0.703 0.716 0.692 5935
20140226 0.696 0.699 0.702 0.695 4596
20140227 0.700 0.701 0.707 0.700 2398
20140228 0.700 0.703 0.703 0.695 1966
20140303 0.700 0.705 0.709 0.696 5004
20140304 0.700 0.701 0.705 0.699 3667
20140305 0.701 0.701 0.703 0.697 2127
20140306 0.703 0.700 0.703 0.692 1793
20140307 0.708 0.697 0.708 0.695 2152
20140310 0.693 0.687 0.703 0.687 4513
20140311 0.689 0.701 0.718 0.687 4418
20140312 0.698 0.695 0.698 0.688 1594
20140313 0.696 0.697 0.702 0.695 1069
20140314 0.699 0.694 0.699 0.692 305
20140317 0.690 0.698 0.698 0.687 1832
20140318 0.699 0.696 0.699 0.692 1206
20140319 0.692 0.701 0.701 0.692 3126
20140320 0.697 0.693 0.698 0.692 919
20140321 0.690 0.697 0.702 0.689 2570
20140324 0.699 0.703 0.706 0.694 6773
20140325 0.702 0.707 0.710 0.700 5355
20140326 0.712 0.707 0.712 0.702 3135
20140327 0.707 0.705 0.709 0.702 2102
20140328 0.705 0.705 0.713 0.703 5693
20140331 0.702 0.694 0.710 0.689 4189
20140401 0.694 0.695 0.695 0.691 1541
20140402 0.700 0.699 0.709 0.697 3745
20140403 0.702 0.700 0.704 0.695 2042
20140404 0.700 0.703 0.705 0.696 2233
20140408 0.703 0.709 0.710 0.701 4931
20140409 0.710 0.709 0.715 0.704 2039
20140410 0.710 0.711 0.712 0.709 3964
20140411 0.708 0.713 0.716 0.706 4789
20140414 0.714 0.712 0.716 0.707 3328
20140415 0.710 0.710 0.715 0.708 4105
20140416 0.706 0.711 0.714 0.706 3049
20140417 0.711 0.714 0.715 0.711 1554
20140418 0.714 0.713 0.714 0.708 1125
20140421 0.710 0.706 0.712 0.705 1927
20140422 0.703 0.708 0.712 0.703 2045
20140423 0.709 0.708 0.709 0.704 1114
20140424 0.706 0.706 0.708 0.704 549
20140425 0.704 0.702 0.708 0.701 1286
20140428 0.702 0.694 0.702 0.693 2967
20140429 0.693 0.701 0.702 0.693 1558
20140430 0.703 0.702 0.705 0.701 1465
20140505 0.707 0.709 0.715 0.697 4653
20140506 0.707 0.711 0.713 0.704 1942
20140507 0.712 0.724 0.735 0.707 28218
20140508 0.722 0.720 0.722 0.713 6225
20140509 0.719 0.715 0.721 0.712 3644
20140512 0.719 0.717 0.725 0.715 8195
20140513 0.722 0.716 0.722 0.711 4188
20140514 0.720 0.715 0.720 0.713 874
20140515 0.719 0.710 0.719 0.708 2038
20140516 0.711 0.710 0.713 0.703 2601
20140519 0.710 0.713 0.715 0.704 1758
20140520 0.720 0.715 0.724 0.711 4322
20140521 0.712 0.713 0.714 0.702 2396
20140522 0.713 0.710 0.716 0.709 1921
20140523 0.706 0.714 0.716 0.706 2135
20140526 0.713 0.723 0.724 0.713 7095
20140527 0.722 0.718 0.722 0.716 1897
20140528 0.717 0.720 0.721 0.714 2774
20140529 0.718 0.717 0.725 0.717 4441
20140530 0.717 0.714 0.717 0.713 2474
20140603 0.719 0.711 0.719 0.711 2361
20140604 0.711 0.708 0.712 0.704 4352
20140605 0.706 0.706 0.711 0.705 2436
20140606 0.706 0.704 0.710 0.704 2277
20140609 0.704 0.705 0.709 0.701 2018
20140610 0.702 0.708 0.709 0.702 1895
20140611 0.708 0.703 0.708 0.701 5565
20140612 0.701 0.704 0.706 0.701 1059
20140613 0.703 0.705 0.706 0.701 1365
20140616 0.705 0.705 0.708 0.705 1424
20140617 0.704 0.705 0.705 0.702 1348
20140618 0.702 0.703 0.704 0.699 1970
20140619 0.688 0.679 0.691 0.677 2034
20140620 0.679 0.681 0.683 0.676 1636
20140623 0.684 0.685 0.690 0.681 1085
20140624 0.689 0.685 0.689 0.680 1621
20140625 0.681 0.678 0.685 0.677 980
20140626 0.678 0.679 0.683 0.676 1808
20140627 0.680 0.682 0.683 0.677 1791
20140630 0.684 0.681 0.685 0.680 1394
20140701 0.681 0.684 0.685 0.679 1068
20140702 0.684 0.684 0.686 0.678 2166
20140703 0.685 0.687 0.688 0.683 3268
20140704 0.688 0.690 0.692 0.688 3049
20140707 0.690 0.689 0.693 0.687 847
20140710 0.681 0.679 0.686 0.675 6289
20140711 0.679 0.686 0.686 0.678 1739
20140714 0.687 0.687 0.687 0.680 1568
20140715 0.682 0.688 0.689 0.682 2975
20140716 0.685 0.687 0.688 0.685 1387
20140717 0.684 0.687 0.688 0.680 3536
20140718 0.681 0.688 0.688 0.681 1783
20140721 0.688 0.685 0.688 0.683 1056
20140722 0.686 0.686 0.688 0.683 2398
20140723 0.688 0.683 0.688 0.683 3992
20140724 0.686 0.686 0.686 0.683 2066
20140725 0.688 0.689 0.689 0.684 2933
20140728 0.690 0.695 0.696 0.690 5386
20140729 0.697 0.695 0.699 0.693 5643
20140730 0.693 0.697 0.698 0.692 3930
20140731 0.697 0.702 0.702 0.695 7540
20140801 0.702 0.699 0.702 0.698 3431
20140804 0.699 0.701 0.701 0.698 3982
20140805 0.702 0.706 0.707 0.701 6386
20140806 0.703 0.709 0.710 0.703 5355
20140807 0.709 0.706 0.712 0.705 7965
20140808 0.705 0.720 0.735 0.704 21856
20140811 0.721 0.720 0.727 0.715 10222
20140812 0.721 0.719 0.721 0.717 5815
20140813 0.723 0.723 0.723 0.715 8253
20140814 0.723 0.725 0.729 0.722 9245
20140815 0.726 0.727 0.727 0.723 4803
20140818 0.728 0.728 0.730 0.725 5767
20140819 0.731 0.728 0.731 0.726 5762
20140820 0.728 0.725 0.728 0.724 6632
20140821 0.724 0.720 0.726 0.717 8399
20140822 0.719 0.725 0.725 0.719 4865
20140825 0.725 0.723 0.728 0.722 5567
20140826 0.725 0.720 0.727 0.717 6595
20140827 0.718 0.721 0.724 0.718 2613
20140828 0.718 0.723 0.725 0.718 3844
20140829 0.723 0.725 0.725 0.718 4856
20140901 0.725 0.731 0.731 0.725 6055
20140902 0.733 0.732 0.734 0.730 7146
20140903 0.731 0.733 0.735 0.731 8066
20140904 0.733 0.734 0.735 0.732 7005
20140905 0.735 0.734 0.735 0.732 8707
20140909 0.734 0.738 0.739 0.734 8542
20140910 0.738 0.737 0.739 0.732 5451
20140911 0.738 0.736 0.747 0.735 12757
20140912 0.736 0.743 0.743 0.734 5860
20140915 0.743 0.752 0.755 0.743 11779
20140916 0.753 0.740 0.759 0.739 15299
20140917 0.740 0.748 0.748 0.739 7201
20140918 0.749 0.752 0.756 0.745 6025
20140919 0.749 0.753 0.755 0.746 9156
20140922 0.751 0.747 0.753 0.744 8498
20140923 0.748 0.748 0.750 0.740 9035
20140924 0.735 0.753 0.755 0.735 11291
20140925 0.753 0.755 0.761 0.752 10628
20140926 0.755 0.760 0.762 0.752 7965
20140929 0.760 0.761 0.763 0.757 7133
20140930 0.762 0.765 0.766 0.759 6870
20141008 0.765 0.762 0.765 0.759 5651
20141009 0.761 0.754 0.762 0.750 6625
20141010 0.754 0.754 0.757 0.751 5191
20141013 0.751 0.761 0.761 0.746 12459
20141014 0.761 0.757 0.763 0.755 6630
20141015 0.756 0.760 0.762 0.752 5896
20141016 0.760 0.765 0.772 0.756 19656
20141017 0.759 0.768 0.771 0.749 12826
20141020 0.764 0.765 0.770 0.761 4369
20141021 0.765 0.753 0.765 0.751 10738
20141022 0.758 0.749 0.758 0.741 6561
20141023 0.749 0.742 0.751 0.737 7326
20141024 0.739 0.736 0.743 0.734 9380
20141027 0.735 0.737 0.738 0.732 3185
20141028 0.736 0.749 0.749 0.736 6624
20141029 0.750 0.753 0.755 0.747 5859
20141030 0.751 0.750 0.753 0.748 3536
20141031 0.754 0.752 0.754 0.745 4104
20141103 0.752 0.750 0.755 0.741 5863
20141104 0.750 0.746 0.750 0.742 5569
20141105 0.747 0.742 0.747 0.742 3169
20141106 0.742 0.746 0.746 0.742 2169
20141107 0.744 0.744 0.749 0.742 3837
20141110 0.744 0.750 0.750 0.744 6149
20141111 0.747 0.745 0.757 0.740 8040
20141112 0.738 0.749 0.751 0.738 6966
20141113 0.751 0.744 0.751 0.740 4389
20141114 0.744 0.743 0.747 0.739 4429
20141117 0.740 0.743 0.747 0.740 4215
20141118 0.741 0.744 0.746 0.740 2707
20141119 0.745 0.747 0.749 0.741 4824
20141120 0.747 0.753 0.753 0.744 5942
20141121 0.753 0.758 0.759 0.753 8508
20141124 0.762 0.764 0.764 0.758 9834
20141125 0.764 0.772 0.773 0.762 18281
20141126 0.774 0.771 0.775 0.767 10486
20141127 0.769 0.769 0.775 0.767 6118
20141128 0.769 0.770 0.775 0.762 10844
20150324 0.847 0.847 0.847 0.847 4113
20150325 0.932 0.932 0.932 0.932 4256
20150326 1.025 1.025 1.025 0.990 167574
20150327 1.030 1.021 1.075 1.011 88021
20150330 1.024 1.001 1.035 0.993 63318
20150331 1.005 0.988 1.005 0.980 40513
20150401 0.984 1.006 1.015 0.984 32180
20150402 1.006 1.032 1.047 0.996 38857
20150403 1.050 1.135 1.135 1.047 103533
20150407 1.150 1.137 1.168 1.122 51436
20150408 1.134 1.136 1.167 1.094 50689
20150409 1.138 1.152 1.160 1.128 36465
20150410 1.165 1.267 1.267 1.150 38352
20150413 1.394 1.394 1.394 1.394 1979
20150414 1.533 1.533 1.533 1.480 172765
20150415 1.582 1.686 1.686 1.582 112453
20150416 1.751 1.785 1.840 1.686 134631
20150417 1.802 1.671 1.860 1.650 109123
20150420 1.684 1.542 1.709 1.540 88120
20150421 1.550 1.696 1.696 1.550 78800
20150422 1.740 1.752 1.797 1.730 73610
20150423 1.752 1.755 1.783 1.723 39063
20150424 1.711 1.733 1.749 1.695 41720
20150427 1.733 1.783 1.839 1.733 36291
20150428 1.789 1.734 1.790 1.701 34677
20150429 1.710 1.743 1.756 1.706 27108
20150430 1.710 1.739 1.773 1.700 33505
20150504 1.735 1.690 1.735 1.659 36414
20150505 1.689 1.682 1.715 1.666 29493
20150506 1.677 1.651 1.698 1.645 26312
20150507 1.649 1.550 1.650 1.548 45265
20150508 1.573 1.568 1.598 1.548 28831
20150511 1.599 1.638 1.642 1.566 33146
20150512 1.640 1.614 1.640 1.588 22217
20150513 1.606 1.651 1.677 1.598 27360
20150514 1.636 1.644 1.675 1.635 19091
20150515 1.645 1.732 1.771 1.593 47151
20150518 1.711 1.751 1.787 1.701 42011
20150519 1.739 1.886 1.888 1.739 82482
20150520 1.892 1.926 1.971 1.853 62112
20150521 1.929 1.983 1.989 1.929 37761
20150522 1.995 1.916 2.060 1.790 48615
20150525 1.882 1.973 1.998 1.850 39649
20150526 1.970 1.964 1.995 1.915 38736
20150527 1.947 1.908 1.976 1.885 27173
20150528 1.900 1.765 1.929 1.762 42172
20150529 1.762 1.791 1.830 1.741 34726
20150601 1.810 1.893 1.913 1.810 30829
20150602 1.895 2.067 2.070 1.882 76577
20150603 2.096 2.170 2.181 2.020 86378
20150604 2.123 2.210 2.277 2.020 81089
20150605 2.221 2.125 2.248 2.100 42022
20150608 2.100 1.972 2.100 1.970 45086
20150609 1.938 2.042 2.052 1.930 41982
20150610 2.038 2.073 2.135 2.000 39222
20150611 2.060 2.040 2.071 2.026 19688
20150625 1.836 1.836 2.040 1.836 28430
20150626 1.652 1.652 1.653 1.652 10261
20150629 1.530 1.487 1.580 1.487 37726
20150630 1.338 1.566 1.587 1.338 77963
20150701 1.519 1.409 1.565 1.409 46147
20150702 1.420 1.278 1.430 1.270 44915
20150703 1.267 1.150 1.298 1.150 56553
20150706 1.265 1.035 1.265 1.035 71943
20150707 0.990 0.932 0.990 0.932 29054
20150708 0.839 0.839 0.839 0.839 4505
20150709 0.755 0.923 0.923 0.755 70211
20150710 0.971 1.015 1.015 0.971 28296
20150713 1.110 1.117 1.117 1.016 76209
20150714 1.108 1.083 1.174 1.061 60939
20150715 1.058 0.975 1.068 0.975 49401
20150716 0.930 1.015 1.055 0.890 35332
20150717 1.030 1.102 1.117 1.020 39968
20150720 1.111 1.127 1.139 1.062 34616
20150721 1.121 1.166 1.179 1.093 42494
20150722 1.150 1.144 1.169 1.102 24496
20150723 1.145 1.211 1.251 1.133 35176
20150724 1.271 1.322 1.332 1.271 88093
20150727 1.332 1.190 1.333 1.190 58901
20150728 1.077 1.215 1.255 1.075 80228
20150729 1.205 1.237 1.240 1.133 40461
20150730 1.226 1.165 1.230 1.160 24372
