20140102 0.535 0.540 0.541 0.532 6626
20140103 0.540 0.544 0.544 0.535 13823
20140106 0.546 0.526 0.546 0.524 11121
20140107 0.528 0.536 0.544 0.527 15794
20140108 0.536 0.530 0.542 0.529 8085
20140109 0.533 0.525 0.537 0.524 9254
20140110 0.520 0.521 0.528 0.520 6079
20140113 0.521 0.511 0.530 0.506 10908
20140114 0.511 0.517 0.517 0.511 2615
20140115 0.517 0.517 0.521 0.514 1170
20140116 0.519 0.520 0.521 0.516 1812
20140117 0.517 0.519 0.522 0.516 2272
20140120 0.519 0.518 0.520 0.514 1659
20140121 0.514 0.527 0.528 0.514 5605
20140122 0.523 0.535 0.537 0.523 6451
20140123 0.531 0.532 0.536 0.525 4371
20140124 0.531 0.531 0.536 0.528 3965
20140127 0.528 0.531 0.532 0.528 2347
20140128 0.529 0.531 0.532 0.529 1860
20140129 0.530 0.532 0.534 0.529 2791
20140130 0.534 0.532 0.534 0.528 4066
20140207 0.530 0.529 0.533 0.526 2275
20140210 0.531 0.534 0.535 0.527 5824
20140211 0.536 0.534 0.536 0.531 3816
20140212 0.536 0.532 0.536 0.526 6650
20140213 0.531 0.529 0.531 0.525 3701
20140214 0.525 0.522 0.528 0.520 5649
20140217 0.521 0.516 0.526 0.514 10941
20140218 0.518 0.513 0.520 0.507 10112
20140219 0.511 0.514 0.515 0.509 4260
20140220 0.515 0.515 0.518 0.510 4135
20140221 0.512 0.515 0.515 0.510 1711
20140224 0.509 0.507 0.509 0.497 6763
20140225 0.505 0.493 0.505 0.487 7853
20140226 0.496 0.495 0.496 0.483 4811
20140227 0.495 0.491 0.495 0.487 5830
20140228 0.488 0.490 0.492 0.483 3453
20140303 0.492 0.492 0.498 0.490 5344
20140304 0.491 0.490 0.492 0.485 3812
20140305 0.486 0.495 0.496 0.486 3423
20140306 0.496 0.498 0.498 0.492 2714
20140307 0.497 0.494 0.501 0.493 3432
20140310 0.491 0.478 0.492 0.473 5033
20140311 0.479 0.480 0.485 0.477 1870
20140312 0.480 0.481 0.482 0.477 1626
20140313 0.479 0.484 0.486 0.479 1452
20140314 0.478 0.483 0.483 0.478 1349
20140317 0.483 0.484 0.486 0.483 768
20140318 0.496 0.490 0.496 0.486 3387
20140319 0.490 0.493 0.496 0.487 2690
20140320 0.489 0.490 0.497 0.488 3303
20140321 0.491 0.496 0.497 0.485 4842
20140324 0.494 0.496 0.497 0.490 2473
20140325 0.496 0.494 0.496 0.489 2804
20140326 0.495 0.493 0.496 0.490 2511
20140327 0.490 0.486 0.490 0.485 2922
20140328 0.485 0.486 0.490 0.483 1557
20140331 0.483 0.481 0.483 0.477 1624
20140401 0.482 0.488 0.489 0.482 1198
20140402 0.488 0.486 0.488 0.482 563
20140403 0.487 0.483 0.487 0.476 3939
20140404 0.476 0.482 0.486 0.476 1742
20140408 0.479 0.483 0.485 0.477 2126
20140409 0.482 0.486 0.490 0.482 1486
20140410 0.485 0.488 0.488 0.484 1865
20140411 0.484 0.485 0.487 0.480 1398
20140414 0.484 0.481 0.484 0.479 2671
20140415 0.479 0.475 0.479 0.474 3810
20140416 0.474 0.475 0.478 0.474 1581
20140417 0.475 0.477 0.480 0.474 2407
20140418 0.478 0.476 0.478 0.474 1241
20140421 0.474 0.472 0.475 0.469 2265
20140422 0.472 0.467 0.472 0.462 3454
20140423 0.464 0.447 0.464 0.440 6357
20140424 0.440 0.450 0.452 0.440 1852
20140425 0.458 0.446 0.458 0.445 1635
20140428 0.439 0.430 0.447 0.428 3970
20140429 0.437 0.431 0.437 0.427 2769
20140430 0.431 0.436 0.436 0.431 2219
20140505 0.438 0.438 0.439 0.433 2241
20140506 0.439 0.439 0.442 0.437 2936
20140507 0.435 0.429 0.439 0.429 3031
20140508 0.429 0.434 0.438 0.429 3958
20140509 0.430 0.431 0.431 0.427 1232
20140512 0.432 0.440 0.440 0.432 2832
20140513 0.440 0.439 0.441 0.437 632
20140514 0.439 0.438 0.440 0.436 887
20140515 0.435 0.435 0.439 0.431 1028
20140516 0.438 0.443 0.448 0.430 2724
20140519 0.435 0.439 0.443 0.433 601
20140520 0.441 0.439 0.442 0.436 735
20140521 0.432 0.438 0.438 0.432 1030
20140522 0.442 0.438 0.443 0.433 1964
20140523 0.441 0.444 0.444 0.437 1808
20140526 0.445 0.443 0.445 0.441 849
20140527 0.443 0.443 0.444 0.440 1129
20140528 0.440 0.443 0.443 0.436 889
20140529 0.440 0.444 0.444 0.440 2007
20140530 0.442 0.433 0.443 0.430 999
20140603 0.432 0.420 0.434 0.418 4281
20140604 0.423 0.418 0.425 0.411 1107
20140605 0.420 0.425 0.425 0.420 738
20140606 0.425 0.425 0.425 0.418 525
20140609 0.413 0.423 0.426 0.413 587
20140610 0.421 0.424 0.426 0.421 1014
20140611 0.427 0.425 0.429 0.424 1080
20140612 0.412 0.423 0.427 0.412 572
20140613 0.417 0.427 0.428 0.417 1486
20140616 0.423 0.424 0.424 0.420 1398
20140617 0.424 0.424 0.424 0.420 568
20140618 0.418 0.420 0.423 0.416 1888
20140619 0.410 0.414 0.420 0.409 1963
20140620 0.414 0.413 0.417 0.407 2023
20140623 0.412 0.412 0.415 0.410 1150
20140624 0.410 0.416 0.417 0.410 746
20140625 0.408 0.413 0.413 0.408 537
20140626 0.419 0.415 0.419 0.409 1344
20140627 0.411 0.418 0.419 0.411 1108
20140630 0.419 0.430 0.433 0.417 6308
20140701 0.425 0.430 0.431 0.425 1237
20140702 0.425 0.430 0.430 0.425 1305
20140703 0.425 0.441 0.449 0.425 8115
20140704 0.438 0.442 0.442 0.435 1682
20140707 0.441 0.437 0.446 0.436 2025
20140708 0.439 0.442 0.444 0.437 1777
20140709 0.442 0.437 0.444 0.435 2004
20140710 0.437 0.438 0.440 0.436 1302
20140711 0.435 0.444 0.444 0.435 2061
20140714 0.443 0.451 0.452 0.440 3403
20140715 0.452 0.452 0.458 0.451 4330
20140716 0.456 0.449 0.456 0.445 2800
20140717 0.447 0.442 0.448 0.441 2207
20140718 0.440 0.451 0.451 0.440 4092
20140721 0.451 0.452 0.454 0.447 1729
20140722 0.453 0.455 0.455 0.451 1800
20140723 0.450 0.455 0.459 0.450 2291
20140724 0.454 0.459 0.459 0.442 3959
20140725 0.459 0.459 0.464 0.453 2335
20140728 0.459 0.468 0.472 0.459 8786
20140729 0.468 0.466 0.471 0.463 3937
20140730 0.466 0.478 0.482 0.466 13622
20140731 0.478 0.479 0.484 0.475 7997
20140801 0.478 0.474 0.480 0.473 7119
20140804 0.475 0.480 0.482 0.475 4293
20140805 0.479 0.480 0.482 0.478 3106
20140806 0.480 0.478 0.480 0.473 5774
20140807 0.477 0.475 0.479 0.474 4268
20140808 0.475 0.473 0.478 0.472 3501
20140811 0.475 0.482 0.485 0.472 8645
20140812 0.482 0.479 0.482 0.479 3829
20140813 0.483 0.495 0.508 0.483 22686
20140814 0.495 0.500 0.507 0.492 9838
20140815 0.500 0.506 0.507 0.493 11115
20140818 0.506 0.508 0.513 0.503 9804
20140819 0.508 0.506 0.512 0.502 8006
20140820 0.505 0.502 0.508 0.502 7505
20140821 0.505 0.500 0.508 0.492 10920
20140822 0.500 0.502 0.502 0.495 3349
20140825 0.503 0.495 0.503 0.494 7177
20140826 0.498 0.489 0.498 0.488 6781
20140827 0.491 0.495 0.496 0.489 7680
20140828 0.495 0.501 0.504 0.494 7093
20140829 0.500 0.506 0.506 0.500 4904
20140901 0.504 0.509 0.509 0.504 5076
20140902 0.509 0.510 0.511 0.506 5065
20140903 0.510 0.506 0.510 0.505 7062
20140904 0.508 0.507 0.508 0.504 5729
20140905 0.506 0.510 0.513 0.506 9400
20140909 0.510 0.509 0.512 0.506 4691
20140910 0.509 0.507 0.509 0.504 6758
20140911 0.506 0.511 0.516 0.505 18097
20140912 0.509 0.516 0.518 0.508 10459
20140915 0.516 0.528 0.532 0.516 18737
20140916 0.528 0.515 0.533 0.513 16061
20140917 0.512 0.519 0.519 0.512 8520
20140918 0.519 0.528 0.529 0.519 9487
20140919 0.530 0.533 0.534 0.527 13630
20140922 0.528 0.522 0.530 0.520 12518
20140923 0.521 0.526 0.526 0.518 9627
20140924 0.525 0.539 0.540 0.519 18220
20140925 0.540 0.537 0.541 0.534 8414
20140926 0.535 0.537 0.540 0.533 5728
20140929 0.537 0.542 0.544 0.537 5726
20140930 0.542 0.542 0.542 0.538 5196
20141008 0.542 0.554 0.556 0.539 14653
20141009 0.554 0.543 0.554 0.530 13844
20141010 0.541 0.533 0.541 0.530 7662
20141013 0.532 0.534 0.539 0.528 8139
20141014 0.534 0.525 0.537 0.521 6387
20141015 0.523 0.530 0.530 0.522 6591
20141016 0.528 0.522 0.528 0.520 6842
20141017 0.522 0.513 0.524 0.508 8625
20141020 0.508 0.521 0.523 0.508 4557
20141021 0.516 0.514 0.525 0.514 5294
20141022 0.513 0.512 0.521 0.511 4122
20141023 0.512 0.511 0.516 0.508 5306
20141024 0.512 0.516 0.521 0.512 3630
20141027 0.516 0.517 0.520 0.510 2818
20141028 0.502 0.514 0.514 0.501 22137
20141029 0.512 0.517 0.523 0.510 12390
20141030 0.517 0.519 0.520 0.513 4599
20141031 0.519 0.517 0.521 0.513 4311
20141103 0.520 0.520 0.522 0.515 5506
20141104 0.521 0.511 0.521 0.509 6658
20141105 0.511 0.509 0.515 0.507 3855
20141106 0.509 0.509 0.516 0.508 2652
20141107 0.511 0.505 0.513 0.505 3112
20141110 0.511 0.509 0.513 0.506 3944
20141111 0.509 0.501 0.514 0.498 8880
20141112 0.501 0.503 0.507 0.500 6498
20141113 0.507 0.494 0.507 0.492 5891
20141114 0.494 0.491 0.498 0.490 5187
20141117 0.492 0.498 0.499 0.492 2880
20141118 0.498 0.497 0.500 0.495 1791
20141119 0.497 0.500 0.501 0.492 2106
20141120 0.500 0.502 0.502 0.495 2614
20141121 0.504 0.505 0.505 0.500 3549
20141124 0.508 0.516 0.520 0.506 13156
20141125 0.516 0.520 0.525 0.512 15372
20141126 0.524 0.518 0.524 0.517 7175
20141127 0.517 0.518 0.522 0.517 5327
20141128 0.516 0.515 0.522 0.512 7662
20141201 0.514 0.508 0.519 0.508 7049
20141202 0.508 0.511 0.513 0.507 2924
20141203 0.511 0.517 0.520 0.511 10077
20141204 0.518 0.547 0.555 0.518 52035
20141205 0.547 0.536 0.549 0.524 22309
20141208 0.536 0.538 0.539 0.529 12722
20141209 0.538 0.523 0.538 0.522 17960
20141210 0.522 0.546 0.548 0.518 24059
20141211 0.545 0.544 0.549 0.537 13153
20141212 0.548 0.544 0.550 0.540 10157
20141215 0.544 0.549 0.550 0.542 10279
20141216 0.551 0.543 0.554 0.541 9709
20141217 0.543 0.541 0.548 0.536 9230
20141218 0.541 0.541 0.545 0.533 7201
20141219 0.540 0.536 0.543 0.526 15659
20141222 0.531 0.521 0.539 0.520 9763
20141223 0.528 0.522 0.538 0.522 6664
20141224 0.523 0.529 0.530 0.522 3123
20141225 0.530 0.532 0.535 0.528 2847
20141226 0.531 0.535 0.538 0.530 5202
20141229 0.540 0.536 0.545 0.532 9441
20141230 0.533 0.529 0.537 0.524 4584
20141231 0.533 0.540 0.541 0.525 7110
20150105 0.538 0.544 0.546 0.531 11182
20150106 0.540 0.544 0.547 0.536 5803
20150107 0.544 0.539 0.545 0.534 5696
20150108 0.539 0.535 0.539 0.533 3560
20150109 0.535 0.536 0.539 0.533 3348
20150112 0.533 0.528 0.537 0.528 6975
20150113 0.528 0.534 0.535 0.528 2835
20150114 0.533 0.534 0.536 0.532 2384
20150115 0.532 0.535 0.537 0.532 2831
20150116 0.537 0.531 0.537 0.530 4878
20150119 0.521 0.510 0.531 0.504 11548
20150120 0.511 0.518 0.522 0.511 5637
20150121 0.525 0.526 0.527 0.520 5559
20150122 0.528 0.528 0.530 0.522 2747
20150123 0.528 0.526 0.530 0.523 1992
20150126 0.528 0.530 0.531 0.526 5509
20150127 0.528 0.535 0.536 0.525 4701
20150128 0.535 0.539 0.542 0.534 5958
20150129 0.533 0.533 0.538 0.533 4518
20150130 0.533 0.521 0.533 0.519 9705
20150202 0.516 0.521 0.525 0.515 3126
20150203 0.522 0.525 0.526 0.522 2482
20150204 0.525 0.522 0.525 0.520 4042
20150205 0.527 0.523 0.527 0.520 2924
20150206 0.521 0.520 0.525 0.517 3665
20150209 0.518 0.520 0.524 0.518 1238
20150210 0.520 0.527 0.530 0.520 3551
20150211 0.529 0.527 0.529 0.526 1644
20150212 0.526 0.530 0.530 0.525 2189
20150213 0.532 0.532 0.533 0.527 3531
20150216 0.528 0.536 0.537 0.527 5407
20150217 0.537 0.538 0.538 0.533 8596
20150225 0.536 0.533 0.537 0.532 2047
20150226 0.531 0.533 0.536 0.528 3793
20150227 0.535 0.535 0.536 0.532 2375
20150302 0.534 0.538 0.538 0.532 3978
20150303 0.535 0.531 0.536 0.530 8115
20150304 0.531 0.525 0.534 0.509 7388
20150305 0.524 0.530 0.530 0.520 8749
20150306 0.530 0.530 0.534 0.525 6027
20150309 0.530 0.531 0.532 0.525 3942
20150310 0.531 0.531 0.533 0.526 5994
20150311 0.534 0.533 0.534 0.530 2251
20150312 0.534 0.538 0.543 0.534 15594
20150313 0.541 0.540 0.542 0.538 6401
20150316 0.544 0.542 0.545 0.539 8246
20150317 0.542 0.543 0.545 0.539 9394
20150318 0.545 0.549 0.550 0.542 10270
20150319 0.549 0.547 0.554 0.544 9969
20150320 0.552 0.550 0.553 0.548 8303
20150323 0.551 0.582 0.592 0.551 44137
20150324 0.582 0.590 0.598 0.570 26350
20150325 0.588 0.585 0.590 0.572 12702
20150326 0.577 0.583 0.589 0.577 12098
20150327 0.580 0.576 0.583 0.569 12590
20150330 0.580 0.574 0.580 0.566 18038
20150331 0.575 0.576 0.589 0.572 16657
20150401 0.578 0.579 0.581 0.573 9291
20150402 0.580 0.578 0.580 0.573 17047
20150403 0.578 0.583 0.584 0.572 15290
20150407 0.585 0.590 0.593 0.584 14242
20150408 0.593 0.587 0.598 0.582 16857
20150409 0.589 0.594 0.595 0.581 28343
20150410 0.592 0.653 0.653 0.592 39275
20150413 0.718 0.718 0.718 0.718 2744
20150414 0.790 0.733 0.790 0.730 139862
20150415 0.740 0.762 0.780 0.733 53148
20150416 0.756 0.783 0.784 0.741 41729
20150417 0.789 0.781 0.837 0.770 53394
20150420 0.782 0.707 0.789 0.703 55490
20150421 0.713 0.739 0.740 0.713 26440
20150422 0.744 0.762 0.765 0.739 24655
20150423 0.760 0.762 0.769 0.752 24450
20150424 0.746 0.763 0.765 0.733 25145
20150427 0.765 0.770 0.804 0.763 21486
20150428 0.770 0.745 0.781 0.739 21311
20150429 0.753 0.778 0.780 0.740 19686
20150430 0.780 0.798 0.805 0.775 40429
20150504 0.800 0.836 0.844 0.783 51975
20150505 0.836 0.821 0.853 0.811 46440
20150506 0.821 0.850 0.876 0.819 67078
20150507 0.848 0.844 0.868 0.831 55566
20150508 0.846 0.864 0.865 0.843 41147
20150511 0.942 0.950 0.950 0.902 87923
20150512 0.980 0.943 1.001 0.915 73310
20150513 0.952 1.018 1.035 0.941 80385
20150514 1.023 1.120 1.120 1.001 76804
20150515 1.170 1.189 1.220 1.126 117465
20150518 1.192 1.300 1.308 1.152 88848
20150519 1.307 1.275 1.397 1.245 107255
20150520 1.275 1.286 1.367 1.259 74030
20150521 1.276 1.300 1.305 1.242 66747
20150522 1.306 1.253 1.335 1.172 70703
20150525 1.220 1.310 1.322 1.202 56742
20150526 1.330 1.441 1.441 1.330 97559
20150527 1.482 1.436 1.495 1.395 65603
20150528 1.426 1.323 1.428 1.301 77429
20150529 1.333 1.448 1.455 1.262 111918
20150601 1.440 1.579 1.588 1.428 94872
20150602 1.599 1.648 1.699 1.568 75017
20150603 1.644 1.593 1.644 1.550 60982
20150604 1.590 1.525 1.590 1.450 70714
20150605 1.525 1.458 1.555 1.440 47265
20150608 1.450 1.312 1.460 1.312 86844
20150609 1.290 1.300 1.366 1.194 56626
20150610 1.282 1.361 1.389 1.226 46300
20150611 1.355 1.344 1.364 1.319 27460
20150612 1.336 1.347 1.390 1.331 34851
20150615 1.350 1.291 1.350 1.286 29253
20150616 1.268 1.350 1.381 1.252 62486
20150617 1.353 1.380 1.388 1.286 56930
20150618 1.377 1.451 1.498 1.352 74732
20150619 1.420 1.383 1.495 1.378 65724
20150623 1.383 1.317 1.418 1.245 79661
20150624 1.317 1.240 1.329 1.195 54395
20150625 1.242 1.116 1.243 1.116 56384
20150626 1.130 1.028 1.192 1.004 94308
20150629 1.080 0.999 1.088 0.930 70522
20150630 1.012 1.099 1.099 0.931 81217
20150701 1.103 1.056 1.150 1.033 63984
20150702 1.075 1.055 1.130 1.020 79541
20150703 1.046 0.974 1.099 0.950 85571
20150706 1.071 0.877 1.071 0.877 90256
20150707 0.808 0.789 0.818 0.789 25598
20150708 0.710 0.710 0.710 0.710 3320
20150709 0.639 0.781 0.781 0.639 100461
20150710 0.825 0.859 0.859 0.798 57323
20150713 0.910 0.923 0.936 0.859 90254
20150714 0.883 0.862 0.923 0.831 79102
20150715 0.844 0.776 0.844 0.776 66414
20150716 0.748 0.814 0.846 0.740 46671
20150717 0.835 0.890 0.895 0.820 56690
20150720 0.888 0.887 0.918 0.860 46449
20150721 0.870 0.887 0.907 0.853 25807
20150722 0.888 0.909 0.910 0.871 29513
20150723 0.900 0.973 0.977 0.896 44211
20150724 0.966 0.947 0.999 0.936 53716
20150727 0.930 0.865 0.958 0.860 71556
20150728 0.813 0.952 0.952 0.813 84939
20150729 0.999 1.030 1.036 0.933 77513
20150730 1.045 0.999 1.064 0.996 64454
