20140102 0.410 0.411 0.412 0.409 1977
20140103 0.412 0.405 0.412 0.400 3760
20140106 0.401 0.398 0.401 0.396 2003
20140107 0.398 0.401 0.402 0.398 3319
20140108 0.400 0.396 0.404 0.395 2905
20140109 0.400 0.400 0.402 0.397 2268
20140110 0.400 0.400 0.401 0.390 1837
20140113 0.400 0.400 0.404 0.399 3708
20140114 0.398 0.405 0.407 0.398 5234
20140115 0.406 0.406 0.407 0.402 1010
20140116 0.406 0.407 0.408 0.406 1553
20140117 0.406 0.405 0.406 0.403 506
20140120 0.402 0.399 0.404 0.396 3014
20140121 0.400 0.404 0.405 0.399 907
20140122 0.401 0.408 0.409 0.401 2939
20140123 0.410 0.405 0.410 0.404 2050
20140124 0.403 0.410 0.412 0.402 6491
20140127 0.411 0.409 0.411 0.407 770
20140128 0.411 0.409 0.411 0.408 1394
20140129 0.411 0.410 0.412 0.408 1494
20140130 0.410 0.408 0.410 0.406 1552
20140207 0.406 0.408 0.408 0.405 1677
20140210 0.408 0.410 0.411 0.406 4666
20140211 0.408 0.406 0.411 0.404 3511
20140212 0.408 0.406 0.408 0.404 3313
20140213 0.405 0.407 0.409 0.402 2763
20140214 0.405 0.405 0.406 0.402 4063
20140217 0.405 0.403 0.405 0.402 2561
20140218 0.403 0.402 0.404 0.399 6372
20140219 0.400 0.404 0.405 0.400 3213
20140220 0.404 0.403 0.405 0.400 4505
20140221 0.400 0.402 0.404 0.399 1264
20140224 0.402 0.383 0.402 0.370 11686
20140225 0.381 0.368 0.386 0.366 10722
20140226 0.362 0.370 0.372 0.362 2298
20140227 0.372 0.367 0.372 0.367 1114
20140228 0.367 0.372 0.372 0.364 2584
20140303 0.372 0.374 0.376 0.371 2458
20140304 0.376 0.371 0.376 0.369 2993
20140305 0.374 0.372 0.379 0.370 5057
20140306 0.372 0.378 0.380 0.371 3404
20140307 0.375 0.380 0.381 0.375 2708
20140310 0.378 0.363 0.378 0.361 3646
20140311 0.365 0.384 0.385 0.364 9992
20140312 0.380 0.379 0.390 0.379 7784
20140313 0.380 0.379 0.383 0.378 754
20140314 0.381 0.381 0.387 0.379 3645
20140317 0.384 0.383 0.384 0.381 725
20140318 0.382 0.378 0.383 0.376 1129
20140319 0.380 0.373 0.383 0.372 2126
20140320 0.373 0.372 0.380 0.372 1742
20140321 0.368 0.376 0.376 0.367 1531
20140324 0.375 0.386 0.390 0.375 7349
20140325 0.387 0.384 0.394 0.382 7809
20140326 0.384 0.383 0.387 0.381 1642
20140327 0.382 0.393 0.400 0.381 12635
20140328 0.390 0.385 0.390 0.382 6455
20140331 0.382 0.382 0.387 0.379 1632
20140401 0.380 0.386 0.386 0.379 638
20140402 0.386 0.391 0.393 0.386 6723
20140403 0.393 0.389 0.394 0.386 1907
20140404 0.386 0.392 0.393 0.386 2281
20140408 0.387 0.391 0.392 0.387 1317
20140409 0.391 0.390 0.392 0.389 2643
20140410 0.388 0.389 0.390 0.386 3467
20140411 0.389 0.386 0.389 0.383 5139
20140414 0.386 0.389 0.391 0.385 2494
20140415 0.387 0.390 0.394 0.383 5852
20140416 0.391 0.393 0.396 0.389 4874
20140417 0.395 0.396 0.403 0.395 13281
20140418 0.393 0.394 0.395 0.391 1741
20140421 0.390 0.389 0.394 0.386 2245
20140422 0.386 0.391 0.394 0.385 2937
20140423 0.393 0.389 0.394 0.388 1474
20140424 0.388 0.388 0.390 0.385 1062
20140425 0.384 0.385 0.389 0.384 1874
20140428 0.383 0.372 0.383 0.372 3474
20140429 0.378 0.378 0.381 0.372 1449
20140430 0.377 0.379 0.382 0.375 2384
20140505 0.376 0.380 0.383 0.376 1661
20140506 0.378 0.380 0.380 0.377 576
20140507 0.377 0.374 0.377 0.374 2218
20140508 0.371 0.376 0.377 0.371 1289
20140509 0.377 0.373 0.377 0.370 2518
20140512 0.374 0.374 0.374 0.370 2866
20140513 0.374 0.368 0.374 0.368 1877
20140514 0.371 0.367 0.372 0.367 1123
20140515 0.367 0.367 0.368 0.365 1599
20140516 0.365 0.365 0.365 0.361 1296
20140519 0.362 0.363 0.365 0.359 1322
20140520 0.366 0.360 0.366 0.360 1297
20140521 0.357 0.356 0.362 0.354 1915
20140522 0.358 0.357 0.360 0.355 1823
20140523 0.357 0.362 0.362 0.356 1688
20140526 0.361 0.361 0.362 0.359 767
20140527 0.358 0.361 0.362 0.358 510
20140528 0.359 0.360 0.361 0.356 1669
20140529 0.360 0.358 0.360 0.357 879
20140530 0.356 0.338 0.360 0.322 7531
20140603 0.341 0.341 0.345 0.336 1734
20140604 0.335 0.329 0.339 0.325 4943
20140605 0.323 0.334 0.335 0.323 2028
20140606 0.336 0.331 0.336 0.327 1257
20140609 0.331 0.328 0.333 0.327 1163
20140610 0.326 0.332 0.332 0.326 1571
20140611 0.323 0.329 0.332 0.323 486
20140612 0.330 0.328 0.330 0.327 1619
20140613 0.328 0.329 0.332 0.325 606
20140616 0.332 0.332 0.332 0.330 896
20140617 0.332 0.329 0.332 0.328 2425
20140618 0.328 0.329 0.332 0.324 5462
20140619 0.332 0.326 0.334 0.320 6108
20140620 0.326 0.327 0.327 0.324 2092
20140624 0.326 0.326 0.327 0.322 1956
20140625 0.322 0.321 0.325 0.317 3157
20140626 0.316 0.322 0.322 0.316 1590
20140627 0.320 0.323 0.323 0.319 1427
20140630 0.321 0.328 0.328 0.321 1975
20140701 0.328 0.329 0.330 0.326 1337
20140702 0.328 0.329 0.330 0.327 1363
20140703 0.329 0.331 0.333 0.327 4131
20140704 0.334 0.325 0.334 0.323 3788
20140707 0.327 0.341 0.344 0.327 13612
20140708 0.342 0.361 0.366 0.342 27044
20140709 0.356 0.377 0.380 0.356 27290
20140710 0.377 0.381 0.388 0.370 14312
20140711 0.381 0.377 0.381 0.370 3233
20140714 0.370 0.375 0.378 0.370 3868
20140715 0.372 0.376 0.377 0.371 3692
20140716 0.376 0.371 0.377 0.371 1459
20140717 0.370 0.383 0.387 0.368 10276
20140718 0.379 0.382 0.388 0.377 6264
20140721 0.382 0.387 0.390 0.382 5564
20140722 0.387 0.386 0.391 0.383 5215
20140723 0.384 0.380 0.384 0.375 5529
20140724 0.380 0.386 0.391 0.378 5606
20140725 0.389 0.388 0.389 0.383 3760
20140728 0.388 0.393 0.394 0.387 9486
20140729 0.394 0.400 0.400 0.390 17119
20140730 0.400 0.403 0.406 0.398 8988
20140731 0.398 0.411 0.412 0.398 9430
20140801 0.410 0.421 0.424 0.410 25995
20140804 0.420 0.417 0.420 0.414 6158
20140805 0.414 0.416 0.417 0.413 3222
20140806 0.413 0.426 0.430 0.412 13116
20140807 0.428 0.434 0.436 0.423 21243
20140808 0.440 0.434 0.440 0.430 7513
20140811 0.430 0.434 0.436 0.428 17261
20140812 0.434 0.436 0.437 0.428 11713
20140813 0.435 0.433 0.436 0.429 9874
20140814 0.430 0.430 0.435 0.429 8864
20140815 0.430 0.433 0.434 0.430 3774
20140818 0.432 0.427 0.433 0.425 12725
20140819 0.427 0.425 0.429 0.423 13018
20140820 0.423 0.432 0.434 0.423 9010
20140821 0.430 0.440 0.441 0.427 17754
20140822 0.441 0.437 0.441 0.435 3091
20140825 0.440 0.435 0.440 0.428 5209
20140826 0.431 0.427 0.435 0.427 4495
20140827 0.428 0.424 0.428 0.424 2618
20140828 0.424 0.424 0.426 0.417 4808
20140829 0.422 0.431 0.432 0.422 4760
20140901 0.427 0.437 0.440 0.426 11488
20140902 0.433 0.435 0.440 0.432 3662
20140903 0.435 0.436 0.439 0.435 3363
20140904 0.436 0.448 0.450 0.435 16779
20140905 0.448 0.450 0.451 0.443 8063
20140909 0.450 0.447 0.450 0.444 2518
20140910 0.454 0.451 0.454 0.445 3941
20140911 0.450 0.450 0.454 0.446 8298
20140912 0.448 0.477 0.479 0.448 30596
20140915 0.474 0.479 0.480 0.470 10020
20140916 0.479 0.469 0.479 0.468 7925
20140917 0.460 0.480 0.482 0.460 14843
20140918 0.475 0.521 0.528 0.475 51926
20140919 0.521 0.545 0.548 0.517 31201
20140922 0.546 0.548 0.564 0.524 17577
20140923 0.537 0.557 0.566 0.537 12798
20140924 0.546 0.565 0.565 0.546 11582
20140925 0.568 0.558 0.568 0.557 8193
20140926 0.555 0.545 0.556 0.540 8900
20140929 0.545 0.554 0.555 0.545 6669
20140930 0.555 0.562 0.562 0.545 7056
20141008 0.562 0.563 0.575 0.561 2908
20141009 0.558 0.540 0.562 0.526 18296
20141010 0.538 0.528 0.538 0.520 8974
20141013 0.521 0.536 0.537 0.516 9732
20141014 0.533 0.535 0.542 0.533 6186
20141015 0.539 0.548 0.552 0.536 9806
20141016 0.546 0.546 0.558 0.546 13403
20141017 0.545 0.547 0.553 0.539 7532
20141020 0.545 0.553 0.553 0.540 9468
20141021 0.549 0.547 0.553 0.546 7060
20141022 0.525 0.534 0.545 0.506 12312
20141023 0.533 0.526 0.534 0.526 4046
20141024 0.526 0.524 0.539 0.521 4271
20141027 0.521 0.534 0.539 0.519 4998
20141028 0.526 0.539 0.540 0.520 4765
20141029 0.539 0.551 0.551 0.528 8511
20141030 0.550 0.561 0.565 0.550 9810
20141031 0.560 0.563 0.565 0.551 8636
20141103 0.572 0.575 0.576 0.565 12127
20141104 0.571 0.558 0.580 0.555 6602
20141105 0.555 0.553 0.565 0.550 1906
20141106 0.546 0.550 0.557 0.545 3691
20141107 0.554 0.545 0.554 0.544 1949
20141110 0.546 0.536 0.546 0.532 5778
20141111 0.534 0.530 0.546 0.524 12059
20141112 0.520 0.539 0.542 0.520 3890
20141113 0.531 0.525 0.538 0.515 3693
20141114 0.520 0.520 0.526 0.520 1411
20141117 0.527 0.531 0.534 0.527 1343
20141118 0.532 0.526 0.532 0.519 3160
20141119 0.521 0.522 0.528 0.515 1917
20141120 0.526 0.522 0.526 0.520 2631
20141121 0.520 0.526 0.528 0.517 1811
20141124 0.551 0.542 0.551 0.536 9707
20141125 0.536 0.546 0.547 0.536 8935
20141126 0.549 0.551 0.551 0.542 4475
20141127 0.550 0.552 0.554 0.544 9861
20141128 0.554 0.551 0.555 0.543 5197
20141201 0.552 0.540 0.552 0.537 4917
20141202 0.536 0.543 0.545 0.536 4054
20141203 0.545 0.548 0.561 0.545 8844
20141204 0.546 0.552 0.553 0.546 5448
20141205 0.555 0.541 0.555 0.535 4703
20141208 0.540 0.540 0.541 0.532 11009
20141209 0.534 0.514 0.540 0.511 13301
20141210 0.520 0.520 0.532 0.500 14342
20141211 0.526 0.522 0.526 0.515 4774
20141212 0.530 0.520 0.530 0.517 4579
20141215 0.522 0.522 0.524 0.518 3364
20141216 0.523 0.543 0.548 0.507 25347
20141217 0.539 0.539 0.546 0.534 4615
20141218 0.542 0.551 0.573 0.533 23685
20141219 0.551 0.547 0.563 0.547 7538
20141222 0.548 0.532 0.549 0.531 6062
20141223 0.521 0.530 0.540 0.521 4790
20141224 0.532 0.536 0.540 0.529 1044
20141225 0.533 0.535 0.544 0.528 4701
20141226 0.540 0.535 0.540 0.527 3199
20141229 0.532 0.520 0.535 0.515 7446
20141230 0.521 0.514 0.525 0.512 1612
20141231 0.510 0.531 0.533 0.510 8432
20150105 0.538 0.535 0.538 0.520 5336
20150106 0.529 0.531 0.533 0.526 1766
20150107 0.526 0.545 0.545 0.526 7046
20150108 0.535 0.552 0.565 0.535 23775
20150109 0.552 0.548 0.556 0.548 2846
20150112 0.539 0.542 0.549 0.538 2019
20150113 0.532 0.542 0.546 0.532 1182
20150114 0.540 0.540 0.548 0.539 1127
20150115 0.541 0.557 0.558 0.541 10496
20150116 0.562 0.555 0.563 0.551 4140
20150119 0.551 0.528 0.551 0.520 5929
20150120 0.538 0.537 0.538 0.528 3829
20150121 0.542 0.545 0.546 0.535 5361
20150122 0.540 0.542 0.546 0.540 1137
20150123 0.540 0.534 0.548 0.530 3177
20150126 0.532 0.534 0.540 0.531 3210
20150127 0.532 0.550 0.552 0.532 11264
20150128 0.554 0.550 0.555 0.540 3556
20150129 0.545 0.550 0.554 0.542 3395
20150130 0.551 0.548 0.554 0.544 1274
20150202 0.548 0.543 0.548 0.543 1126
20150203 0.544 0.543 0.553 0.542 1130
20150204 0.542 0.539 0.544 0.537 1943
20150205 0.541 0.548 0.553 0.541 8306
20150206 0.544 0.548 0.552 0.544 6903
20150209 0.551 0.541 0.551 0.540 4050
20150210 0.550 0.544 0.550 0.534 5852
20150211 0.543 0.545 0.550 0.540 3456
20150212 0.544 0.547 0.550 0.544 2137
20150213 0.550 0.561 0.567 0.550 11243
20150216 0.561 0.575 0.578 0.560 14093
20150217 0.571 0.585 0.586 0.571 14827
20150225 0.585 0.622 0.637 0.580 24656
20150226 0.622 0.610 0.650 0.608 19192
20150227 0.603 0.618 0.618 0.602 10385
20150302 0.627 0.619 0.634 0.605 13003
20150303 0.618 0.613 0.626 0.607 6478
20150304 0.612 0.609 0.616 0.607 3653
20150305 0.609 0.608 0.610 0.600 3956
20150306 0.610 0.609 0.617 0.607 2520
20150309 0.604 0.608 0.611 0.604 2200
20150310 0.608 0.610 0.616 0.604 4579
20150311 0.609 0.608 0.612 0.606 2580
20150312 0.608 0.609 0.609 0.601 4541
20150313 0.609 0.610 0.615 0.606 4603
20150316 0.610 0.621 0.621 0.610 7298
20150317 0.618 0.630 0.637 0.614 10536
20150318 0.637 0.649 0.650 0.625 13185
20150319 0.636 0.646 0.659 0.636 5619
20150320 0.650 0.643 0.652 0.643 2599
20150323 0.650 0.655 0.660 0.643 6568
20150324 0.657 0.688 0.697 0.657 24481
20150325 0.700 0.681 0.705 0.660 9775
20150326 0.678 0.661 0.678 0.660 7458
20150327 0.661 0.670 0.671 0.661 4814
20150330 0.667 0.681 0.682 0.659 10365
20150331 0.693 0.679 0.706 0.677 10582
20150401 0.678 0.675 0.688 0.670 5936
20150402 0.674 0.666 0.679 0.661 6539
20150403 0.660 0.692 0.693 0.660 13128
20150407 0.692 0.688 0.698 0.685 7667
20150408 0.690 0.691 0.695 0.676 11322
20150409 0.695 0.706 0.707 0.685 13210
20150410 0.706 0.777 0.777 0.696 16551
20150413 0.855 0.855 0.855 0.855 1352
20150414 0.941 0.941 0.941 0.880 103257
20150415 0.950 1.004 1.030 0.950 54248
20150416 1.007 1.002 1.058 0.977 38946
20150417 1.003 0.969 1.025 0.961 22755
20150420 0.969 0.873 0.970 0.873 25363
20150421 0.900 0.898 0.915 0.882 17170
20150422 0.926 0.988 0.988 0.902 25209
20150423 0.996 0.992 1.025 0.985 24229
20150424 0.972 0.981 0.984 0.956 10385
20150427 0.986 0.990 1.016 0.980 9024
20150428 0.990 0.981 1.019 0.962 17058
20150429 0.958 0.981 0.992 0.915 9246
20150430 0.979 0.989 1.004 0.979 8226
20150504 0.967 1.044 1.058 0.967 28844
20150505 1.041 1.003 1.062 0.994 14109
20150506 0.991 0.997 1.028 0.991 9215
20150507 0.990 0.975 0.990 0.936 13928
20150508 0.978 0.988 0.990 0.946 12094
20150511 0.999 1.018 1.038 0.999 19799
20150512 1.035 1.020 1.035 1.017 13926
20150513 1.020 1.083 1.099 1.001 34200
20150514 1.091 1.123 1.148 1.084 32694
20150515 1.106 1.204 1.230 1.091 24077
20150518 1.215 1.273 1.288 1.200 35490
20150519 1.263 1.309 1.327 1.258 26048
20150520 1.312 1.354 1.401 1.298 20683
20150521 1.369 1.405 1.430 1.340 26269
20150522 1.456 1.490 1.499 1.294 36600
20150525 1.532 1.598 1.600 1.500 36991
20150526 1.639 1.604 1.640 1.550 24939
20150527 1.604 1.561 1.608 1.558 23461
20150528 1.558 1.448 1.572 1.444 25543
20150529 1.440 1.504 1.521 1.313 22734
20150601 1.506 1.558 1.559 1.500 16120
20150602 1.559 1.564 1.595 1.511 12870
20150603 1.566 1.720 1.720 1.525 27225
20150604 1.730 1.691 1.738 1.605 23836
20150605 1.701 1.688 1.701 1.637 20075
20150608 1.669 1.546 1.671 1.535 19276
20150609 1.532 1.444 1.570 1.439 22153
20150610 1.444 1.460 1.480 1.400 17076
20150611 1.461 1.422 1.466 1.392 18508
20150612 1.425 1.458 1.480 1.422 20585
20150615 1.485 1.424 1.487 1.395 10352
20150616 1.390 1.382 1.419 1.320 12850
20150617 1.381 1.366 1.394 1.251 13759
20150618 1.350 1.329 1.379 1.320 8949
20150619 1.312 1.315 1.366 1.310 15177
20150623 1.302 1.268 1.315 1.186 14305
20150624 1.264 1.262 1.312 1.228 8840
20150625 1.253 1.154 1.270 1.150 10906
