20140102 1.395 1.395 1.399 1.381 1670
20140103 1.388 1.354 1.395 1.352 5065
20140106 1.355 1.319 1.355 1.319 5419
20140107 1.319 1.329 1.345 1.316 1614
20140108 1.320 1.334 1.344 1.320 1313
20140109 1.326 1.337 1.345 1.326 2113
20140110 1.337 1.296 1.337 1.290 5846
20140113 1.302 1.299 1.313 1.290 2471
20140114 1.303 1.325 1.325 1.300 2351
20140115 1.321 1.331 1.335 1.310 1848
20140116 1.331 1.329 1.331 1.326 220
20140117 1.318 1.322 1.334 1.316 801
20140120 1.312 1.315 1.318 1.308 983
20140121 1.310 1.333 1.333 1.310 2082
20140122 1.328 1.352 1.354 1.328 6528
20140123 1.340 1.348 1.355 1.331 1577
20140124 1.354 1.351 1.362 1.348 2387
20140127 1.350 1.350 1.352 1.348 1058
20140128 1.350 1.336 1.351 1.329 3939
20140129 1.330 1.332 1.338 1.324 2671
20140130 1.326 1.317 1.330 1.316 3693
20140207 1.310 1.279 1.310 1.275 9014
20140210 1.280 1.292 1.295 1.276 8834
20140211 1.292 1.292 1.310 1.280 6008
20140212 1.286 1.296 1.299 1.286 2682
20140213 1.296 1.300 1.311 1.291 7578
20140214 1.300 1.308 1.310 1.292 3973
20140217 1.308 1.298 1.315 1.296 5726
20140218 1.296 1.285 1.297 1.285 3838
20140219 1.286 1.291 1.298 1.280 2724
20140220 1.296 1.298 1.315 1.295 3883
20140221 1.294 1.288 1.296 1.282 2810
20140224 1.291 1.263 1.291 1.252 4400
20140225 1.261 1.230 1.269 1.215 6672
20140226 1.240 1.192 1.240 1.190 7120
20140227 1.198 1.186 1.217 1.185 4478
20140228 1.186 1.199 1.200 1.180 1900
20140303 1.183 1.257 1.268 1.183 9647
20140304 1.258 1.230 1.258 1.228 5271
20140305 1.229 1.231 1.240 1.229 1961
20140306 1.230 1.210 1.240 1.203 3609
20140307 1.210 1.185 1.222 1.185 3674
20140310 1.183 1.133 1.183 1.128 6242
20140311 1.133 1.146 1.149 1.132 3789
20140312 1.146 1.158 1.178 1.136 4408
20140313 1.158 1.154 1.178 1.150 3750
20140314 1.154 1.140 1.154 1.135 1649
20140317 1.105 1.139 1.160 1.105 2727
20140318 1.150 1.154 1.159 1.138 1643
20140319 1.156 1.158 1.162 1.142 1280
20140320 1.165 1.164 1.180 1.158 3907
20140321 1.162 1.190 1.220 1.162 10302
20140324 1.182 1.217 1.228 1.182 8900
20140325 1.222 1.255 1.264 1.219 12082
20140326 1.234 1.241 1.255 1.234 4500
20140327 1.240 1.255 1.269 1.240 8967
20140328 1.255 1.279 1.281 1.248 13523
20140331 1.268 1.228 1.285 1.220 8548
20140401 1.238 1.233 1.241 1.221 4268
20140402 1.225 1.250 1.251 1.223 2486
20140403 1.255 1.264 1.268 1.249 3394
20140404 1.260 1.284 1.285 1.250 5384
20140408 1.287 1.288 1.293 1.281 2971
20140409 1.298 1.280 1.298 1.260 4123
20140410 1.283 1.281 1.289 1.278 2567
20140411 1.290 1.292 1.297 1.276 4034
20140414 1.297 1.283 1.300 1.280 3918
20140415 1.290 1.280 1.290 1.276 3006
20140416 1.282 1.291 1.293 1.280 3195
20140417 1.295 1.303 1.309 1.290 5806
20140418 1.302 1.301 1.308 1.288 4728
20140421 1.299 1.301 1.327 1.295 13542
20140422 1.298 1.305 1.310 1.290 9376
20140423 1.305 1.290 1.310 1.275 3652
20140424 1.288 1.286 1.295 1.276 3858
20140425 1.289 1.304 1.310 1.289 8072
20140428 1.298 1.277 1.298 1.262 5364
20140429 1.277 1.307 1.311 1.263 9370
20140430 1.304 1.345 1.353 1.301 13291
20140505 1.336 1.340 1.366 1.331 4888
20140506 1.350 1.335 1.350 1.332 3364
20140507 1.335 1.335 1.347 1.330 5387
20140508 1.331 1.342 1.356 1.331 3363
20140509 1.340 1.342 1.348 1.320 4601
20140512 1.353 1.351 1.358 1.342 4515
20140513 1.350 1.343 1.355 1.340 3339
20140514 1.335 1.329 1.343 1.325 3160
20140515 1.322 1.295 1.328 1.281 4218
20140516 1.292 1.288 1.309 1.284 2762
20140519 1.288 1.265 1.288 1.265 3827
20140520 1.265 1.217 1.275 1.201 11814
20140521 1.216 1.229 1.231 1.206 3640
20140522 1.227 1.224 1.240 1.221 11609
20140523 1.224 1.223 1.225 1.215 4370
20140526 1.223 1.228 1.233 1.223 5007
20140527 1.237 1.228 1.237 1.221 3213
20140528 1.228 1.221 1.228 1.209 6100
20140529 1.221 1.217 1.233 1.217 7917
20140530 1.219 1.224 1.232 1.219 6684
20140603 1.224 1.215 1.227 1.211 3269
20140604 1.215 1.204 1.217 1.202 4608
20140605 1.222 1.201 1.222 1.198 5064
20140606 1.200 1.198 1.205 1.195 2704
20140609 1.192 1.199 1.200 1.189 1733
20140610 1.200 1.205 1.206 1.196 3855
20140611 1.201 1.200 1.206 1.190 3857
20140612 1.192 1.179 1.195 1.170 3631
20140613 1.181 1.199 1.201 1.179 1632
20140616 1.200 1.198 1.200 1.194 4425
20140617 1.197 1.197 1.200 1.194 2542
20140618 1.200 1.198 1.201 1.196 4086
20140619 1.199 1.199 1.201 1.193 2175
20140620 1.199 1.193 1.200 1.191 1924
20140623 1.194 1.198 1.198 1.180 2218
20140624 1.200 1.191 1.200 1.188 1490
20140625 1.190 1.183 1.193 1.174 2676
20140626 1.182 1.188 1.193 1.176 1129
20140627 1.185 1.190 1.196 1.170 2507
20140630 1.192 1.186 1.194 1.181 2721
20140701 1.192 1.183 1.192 1.183 1841
20140702 1.181 1.198 1.201 1.177 4527
20140703 1.198 1.199 1.208 1.194 6885
20140704 1.207 1.200 1.207 1.199 5289
20140707 1.201 1.200 1.204 1.195 4685
20140708 1.200 1.201 1.201 1.198 3438
20140709 1.200 1.186 1.201 1.184 3325
20140710 1.186 1.186 1.195 1.180 3293
20140711 1.179 1.194 1.194 1.179 3205
20140714 1.194 1.197 1.198 1.192 1900
20140715 1.198 1.201 1.202 1.198 10626
20140716 1.203 1.198 1.209 1.198 4454
20140717 1.195 1.198 1.200 1.195 3026
20140718 1.191 1.195 1.200 1.191 3878
20140721 1.193 1.198 1.200 1.193 3257
20140722 1.195 1.205 1.205 1.195 9137
20140723 1.196 1.180 1.196 1.175 3641
20140724 1.178 1.191 1.193 1.176 2974
20140725 1.183 1.201 1.201 1.183 7376
20140728 1.205 1.223 1.226 1.204 12144
20140729 1.220 1.220 1.235 1.218 14218
20140730 1.225 1.225 1.232 1.221 5806
20140731 1.228 1.235 1.236 1.225 5871
20140801 1.228 1.240 1.256 1.228 10177
20140804 1.246 1.241 1.251 1.235 8538
20140805 1.248 1.239 1.263 1.237 8144
20140806 1.240 1.262 1.264 1.239 12432
20140807 1.265 1.253 1.266 1.251 9356
20140808 1.252 1.251 1.266 1.250 6975
20140811 1.252 1.260 1.262 1.245 8526
20140812 1.263 1.273 1.275 1.259 11235
20140813 1.272 1.272 1.279 1.261 10896
20140814 1.270 1.261 1.278 1.260 9275
20140815 1.259 1.264 1.270 1.259 6942
20140818 1.266 1.279 1.281 1.266 10880
20140819 1.280 1.274 1.283 1.271 11078
20140820 1.275 1.264 1.275 1.263 10110
20140821 1.264 1.257 1.270 1.246 11343
20140822 1.253 1.260 1.265 1.253 7597
20140825 1.259 1.246 1.259 1.245 5491
20140826 1.250 1.251 1.263 1.246 12557
20140827 1.250 1.247 1.257 1.240 9512
20140828 1.250 1.250 1.251 1.241 12497
20140829 1.249 1.265 1.270 1.243 20773
20140901 1.267 1.273 1.276 1.262 15529
20140902 1.271 1.272 1.276 1.265 16984
20140903 1.275 1.273 1.277 1.270 11995
20140904 1.272 1.280 1.287 1.271 15004
20140905 1.284 1.278 1.284 1.276 9005
20140910 1.280 1.279 1.285 1.269 13218
20140911 1.275 1.275 1.283 1.270 16379
20140912 1.273 1.276 1.276 1.269 12889
20140915 1.278 1.280 1.286 1.273 15440
20140916 1.281 1.291 1.300 1.281 35020
20140917 1.288 1.295 1.296 1.282 12165
20140918 1.295 1.299 1.300 1.288 9685
20140919 1.299 1.315 1.322 1.299 21653
20140922 1.321 1.302 1.338 1.302 16651
20140923 1.304 1.303 1.307 1.293 9618
20140924 1.298 1.322 1.323 1.297 12874
20140925 1.328 1.320 1.338 1.315 9911
20140926 1.312 1.316 1.324 1.307 9028
20140929 1.310 1.314 1.327 1.310 9911
20140930 1.313 1.336 1.337 1.313 17046
20141008 1.336 1.336 1.343 1.328 10196
20141009 1.335 1.305 1.335 1.301 15200
20141010 1.304 1.300 1.308 1.297 13351
20141013 1.296 1.294 1.301 1.260 19080
20141014 1.293 1.282 1.294 1.277 9360
20141015 1.288 1.306 1.310 1.278 10861
20141016 1.300 1.287 1.306 1.286 6337
20141017 1.287 1.279 1.290 1.268 9996
20141020 1.279 1.278 1.283 1.270 6492
20141021 1.275 1.276 1.286 1.273 2999
20141022 1.278 1.280 1.285 1.270 2808
20141023 1.282 1.260 1.284 1.260 5134
20141024 1.251 1.263 1.271 1.251 2652
20141027 1.269 1.267 1.280 1.258 3249
20141028 1.267 1.286 1.287 1.267 6242
20141029 1.288 1.300 1.307 1.274 8858
20141030 1.309 1.319 1.326 1.301 23471
20141031 1.320 1.318 1.324 1.313 10923
20141103 1.318 1.315 1.323 1.309 8051
20141104 1.308 1.307 1.315 1.302 4547
20141105 1.303 1.304 1.310 1.301 3081
20141106 1.301 1.302 1.308 1.301 3246
20141107 1.302 1.312 1.332 1.302 8566
20141110 1.310 1.321 1.322 1.310 6921
20141111 1.322 1.320 1.337 1.305 13243
20141112 1.323 1.365 1.398 1.323 42645
20141113 1.364 1.356 1.378 1.350 13154
20141114 1.365 1.381 1.386 1.365 25403
20141117 1.386 1.379 1.389 1.368 14491
20141118 1.381 1.365 1.381 1.363 6751
20141119 1.366 1.379 1.392 1.360 8376
20141120 1.379 1.396 1.397 1.379 15579
20141121 1.392 1.394 1.398 1.389 7898
20141124 1.403 1.416 1.418 1.393 16725
20141125 1.422 1.547 1.555 1.420 58275
20141126 1.550 1.536 1.554 1.505 29425
20141127 1.519 1.535 1.540 1.515 13949
20141128 1.522 1.534 1.555 1.521 17694
20141201 1.531 1.488 1.532 1.476 19121
20141202 1.485 1.520 1.529 1.480 16938
20141203 1.520 1.540 1.588 1.519 20022
20141204 1.525 1.577 1.580 1.523 18202
20141205 1.566 1.577 1.587 1.511 28187
20141208 1.554 1.615 1.622 1.548 23382
20141209 1.613 1.622 1.735 1.585 40369
20141210 1.627 1.730 1.734 1.627 41823
20141211 1.730 1.719 1.757 1.700 22799
20141212 1.710 1.747 1.759 1.710 17126
20141215 1.739 1.770 1.777 1.733 16673
20141216 1.770 1.758 1.770 1.748 10050
20141217 1.737 1.701 1.762 1.683 19148
20141218 1.710 1.721 1.726 1.696 20570
20141219 1.709 1.770 1.789 1.697 23660
20141222 1.783 1.700 1.783 1.680 20946
20141223 1.694 1.632 1.731 1.628 20486
20141224 1.632 1.648 1.656 1.613 11432
20141225 1.650 1.678 1.678 1.648 7285
20141226 1.678 1.723 1.724 1.675 12119
20141229 1.726 1.691 1.747 1.676 11883
20141230 1.688 1.679 1.698 1.668 6303
20141231 1.688 1.723 1.723 1.678 9062
20150105 1.723 1.750 1.755 1.718 19007
20150106 1.732 1.753 1.768 1.728 15062
20150107 1.750 1.760 1.778 1.736 14598
20150108 1.744 1.726 1.758 1.725 9172
20150109 1.726 1.715 1.740 1.712 8617
20150112 1.711 1.645 1.711 1.634 20840
20150113 1.640 1.657 1.677 1.640 6094
20150114 1.657 1.664 1.677 1.650 5662
20150115 1.679 1.685 1.690 1.668 4739
20150116 1.686 1.680 1.695 1.678 9581
20150119 1.656 1.597 1.677 1.563 13172
20150120 1.604 1.630 1.645 1.604 8813
20150121 1.641 1.664 1.666 1.635 7893
20150122 1.666 1.681 1.698 1.666 7468
20150123 1.674 1.700 1.715 1.674 13068
20150126 1.689 1.736 1.737 1.677 15729
20150127 1.745 1.718 1.747 1.701 9555
20150128 1.710 1.715 1.730 1.700 5912
20150129 1.707 1.701 1.717 1.700 6759
20150130 1.712 1.683 1.718 1.681 7885
20150202 1.680 1.684 1.700 1.665 4328
20150203 1.684 1.690 1.700 1.683 3536
20150204 1.684 1.673 1.696 1.670 6032
20150205 1.691 1.643 1.696 1.636 15336
20150206 1.643 1.632 1.665 1.629 9680
20150209 1.627 1.636 1.655 1.627 5430
20150210 1.636 1.650 1.650 1.631 8443
20150211 1.655 1.664 1.670 1.650 6571
20150212 1.664 1.692 1.692 1.664 8617
20150213 1.683 1.690 1.700 1.683 4341
20150216 1.691 1.690 1.692 1.683 4220
20150217 1.690 1.699 1.710 1.685 7271
20150225 1.699 1.678 1.699 1.675 3933
20150226 1.684 1.680 1.688 1.671 3290
20150227 1.680 1.681 1.689 1.679 4423
20150302 1.686 1.699 1.700 1.685 6165
20150303 1.698 1.670 1.698 1.670 6066
20150304 1.676 1.740 1.745 1.670 23987
20150424 1.914 1.914 1.914 1.914 1022
20150427 2.105 2.105 2.105 2.105 3517
20150428 2.315 2.097 2.315 2.053 68017
20150429 2.100 2.270 2.272 2.099 38985
20150430 2.260 2.269 2.299 2.240 26871
20150504 2.259 2.260 2.267 2.179 24004
20150505 2.262 2.193 2.262 2.176 18234
20150506 2.171 2.135 2.219 2.101 19524
20150507 2.116 2.113 2.135 2.065 16736
20150508 2.119 2.117 2.158 2.022 12670
20150511 2.136 2.197 2.220 2.136 20680
20150512 2.199 2.381 2.412 2.199 37354
20150513 2.401 2.376 2.410 2.332 19391
20150514 2.375 2.334 2.375 2.316 17312
20150515 2.366 2.454 2.494 2.290 26381
20150518 2.452 2.497 2.518 2.420 27112
20150519 2.500 2.503 2.578 2.432 25936
20150520 2.512 2.584 2.631 2.469 21973
20150521 2.587 2.625 2.655 2.587 20822
20150522 2.630 2.577 2.670 2.450 24077
20150525 2.559 2.597 2.658 2.550 17533
20150526 2.595 2.619 2.649 2.580 17676
20150527 2.622 2.591 2.622 2.538 16644
20150528 2.576 2.415 2.591 2.402 20186
20150529 2.412 2.496 2.530 2.375 21327
20150601 2.500 2.580 2.588 2.492 17739
20150602 2.578 2.606 2.619 2.556 18534
20150603 2.600 2.564 2.618 2.500 15541
20150604 2.650 2.619 2.656 2.503 21414
20150605 2.620 2.582 2.650 2.568 14468
20150608 2.573 2.598 2.645 2.520 22243
20150609 2.580 2.561 2.608 2.540 8933
20150610 2.548 2.644 2.680 2.510 29407
20150611 2.644 2.671 2.684 2.610 17745
20150612 2.688 2.681 2.788 2.681 18668
20150615 2.678 2.600 2.681 2.600 11192
20150616 2.585 2.562 2.631 2.554 10889
20150617 2.517 2.520 2.578 2.400 16520
20150618 2.501 2.538 2.603 2.490 14064
20150619 2.506 2.437 2.545 2.351 18809
20150623 2.432 2.431 2.450 2.222 18728
20150624 2.438 2.424 2.498 2.316 15403
20150625 2.439 2.250 2.442 2.228 14867
20150626 2.238 2.026 2.238 2.025 32608
20150629 2.065 2.000 2.126 1.824 25702
20150630 2.001 2.200 2.200 1.950 22632
20150701 2.200 2.128 2.300 2.113 15484
20150702 2.155 2.083 2.208 2.081 15085
20150703 2.043 1.979 2.195 1.900 19766
20150706 2.177 1.968 2.177 1.830 37950
20150707 1.953 1.771 1.975 1.771 32956
20150708 1.594 1.594 1.594 1.594 5664
20150709 1.450 1.753 1.753 1.449 28068
20150710 1.840 1.928 1.928 1.839 15064
20150713 2.100 2.121 2.121 1.980 37171
20150714 2.100 2.057 2.210 2.031 24648
20150715 2.003 1.895 2.099 1.860 20127
20150716 1.893 2.001 2.050 1.812 16698
20150717 2.000 2.110 2.134 2.000 16642
20150720 2.100 2.146 2.177 2.080 18147
20150721 2.146 2.135 2.155 2.085 7585
20150722 2.136 2.154 2.157 2.105 10837
20150723 2.160 2.170 2.185 2.143 19035
20150724 2.170 2.132 2.197 2.120 10704
20150727 2.112 1.921 2.145 1.920 14953
20150728 1.918 2.076 2.113 1.810 18373
20150729 2.075 2.140 2.150 2.031 15017
20150730 2.099 2.049 2.129 2.048 7987
