20140102 0.620 0.620 0.620 0.618 2900
20140103 0.613 0.612 0.616 0.609 4038
20140106 0.607 0.596 0.609 0.593 6178
20140107 0.599 0.595 0.602 0.593 4195
20140108 0.595 0.594 0.599 0.592 2211
20140109 0.594 0.595 0.600 0.594 2444
20140110 0.596 0.589 0.596 0.587 2898
20140113 0.600 0.596 0.602 0.589 1699
20140114 0.595 0.600 0.600 0.589 1615
20140115 0.603 0.596 0.603 0.590 1394
20140116 0.592 0.594 0.598 0.590 1471
20140117 0.593 0.593 0.593 0.588 1417
20140120 0.597 0.591 0.597 0.590 1008
20140121 0.602 0.597 0.602 0.593 955
20140122 0.599 0.609 0.617 0.597 7347
20140123 0.608 0.628 0.639 0.606 14422
20140124 0.624 0.625 0.634 0.620 10753
20140127 0.622 0.624 0.628 0.616 3491
20140128 0.622 0.625 0.626 0.617 2693
20140129 0.624 0.627 0.630 0.621 3650
20140130 0.623 0.619 0.626 0.619 1691
20140207 0.619 0.624 0.624 0.617 2163
20140210 0.628 0.628 0.630 0.621 4499
20140211 0.626 0.632 0.634 0.624 5201
20140212 0.630 0.629 0.632 0.626 2395
20140213 0.627 0.622 0.629 0.619 3377
20140214 0.622 0.620 0.624 0.619 3364
20140217 0.622 0.618 0.626 0.617 2686
20140218 0.620 0.621 0.624 0.618 4318
20140219 0.621 0.622 0.633 0.621 4096
20140220 0.619 0.613 0.620 0.610 6579
20140221 0.612 0.614 0.615 0.606 3188
20140224 0.613 0.593 0.613 0.576 8863
20140225 0.594 0.581 0.603 0.577 5569
20140226 0.579 0.584 0.588 0.574 6158
20140227 0.584 0.580 0.592 0.579 4263
20140228 0.580 0.585 0.588 0.576 3274
20140303 0.587 0.595 0.597 0.586 5251
20140304 0.595 0.589 0.595 0.588 2547
20140305 0.590 0.590 0.594 0.588 2813
20140306 0.594 0.589 0.595 0.580 2579
20140307 0.591 0.584 0.591 0.581 1558
20140310 0.578 0.568 0.578 0.562 4004
20140311 0.562 0.564 0.571 0.560 2427
20140312 0.565 0.564 0.567 0.560 1099
20140313 0.568 0.568 0.573 0.564 1048
20140314 0.568 0.560 0.568 0.558 1103
20140317 0.560 0.570 0.575 0.560 3029
20140318 0.575 0.600 0.600 0.575 12140
20140319 0.591 0.595 0.605 0.589 5151
20140320 0.588 0.587 0.597 0.586 4813
20140321 0.587 0.595 0.596 0.587 1530
20140324 0.590 0.596 0.597 0.590 949
20140325 0.598 0.600 0.604 0.593 4245
20140326 0.596 0.596 0.599 0.591 1525
20140327 0.590 0.599 0.601 0.590 2872
20140328 0.596 0.600 0.605 0.596 5504
20140331 0.606 0.585 0.620 0.573 11833
20140401 0.580 0.586 0.586 0.578 3176
20140402 0.582 0.586 0.587 0.582 921
20140403 0.586 0.582 0.586 0.577 2127
20140404 0.585 0.586 0.586 0.579 1051
20140408 0.588 0.588 0.588 0.581 917
20140409 0.593 0.600 0.603 0.589 3625
20140410 0.606 0.623 0.632 0.606 16668
20140411 0.624 0.613 0.627 0.609 8760
20140414 0.608 0.610 0.617 0.606 3212
20140415 0.610 0.614 0.620 0.609 9521
20140416 0.613 0.610 0.617 0.607 2141
20140417 0.615 0.612 0.620 0.611 2186
20140418 0.608 0.628 0.630 0.608 16376
20140421 0.623 0.618 0.626 0.613 6504
20140422 0.616 0.620 0.624 0.616 3357
20140423 0.617 0.610 0.625 0.609 3633
20140424 0.610 0.609 0.611 0.604 2802
20140425 0.609 0.606 0.618 0.603 3681
20140428 0.603 0.576 0.603 0.573 8190
20140429 0.577 0.588 0.589 0.577 2543
20140430 0.588 0.593 0.597 0.581 2199
20140505 0.593 0.595 0.595 0.583 1705
20140506 0.594 0.594 0.596 0.588 1108
20140507 0.594 0.589 0.594 0.583 1151
20140508 0.583 0.591 0.593 0.580 1626
20140509 0.591 0.581 0.591 0.581 1403
20140512 0.592 0.595 0.597 0.587 1835
20140513 0.597 0.595 0.597 0.590 1524
20140514 0.595 0.591 0.595 0.591 687
20140515 0.594 0.593 0.599 0.587 3541
20140516 0.587 0.591 0.596 0.587 1454
20140519 0.588 0.595 0.597 0.588 3314
20140520 0.600 0.595 0.601 0.592 1062
20140521 0.592 0.596 0.597 0.591 1237
20140522 0.598 0.600 0.608 0.596 2908
20140523 0.600 0.602 0.604 0.597 972
20140526 0.601 0.604 0.604 0.600 2076
20140527 0.602 0.599 0.604 0.597 478
20140528 0.597 0.603 0.603 0.590 3135
20140529 0.599 0.602 0.603 0.596 1034
20140530 0.603 0.597 0.603 0.596 608
20140603 0.598 0.596 0.598 0.591 1769
20140604 0.591 0.598 0.600 0.590 1224
20140605 0.595 0.598 0.599 0.595 567
20140606 0.597 0.598 0.600 0.594 1421
20140609 0.598 0.598 0.599 0.595 1523
20140610 0.597 0.601 0.602 0.595 1528
20140611 0.601 0.602 0.602 0.595 829
20140612 0.600 0.596 0.603 0.595 1332
20140613 0.595 0.600 0.600 0.593 1616
20140616 0.600 0.600 0.600 0.592 1171
20140617 0.594 0.585 0.600 0.580 2759
20140618 0.584 0.585 0.590 0.583 1854
20140619 0.591 0.586 0.591 0.582 1067
20140620 0.589 0.589 0.589 0.585 390
20140623 0.591 0.589 0.591 0.585 431
20140624 0.585 0.586 0.588 0.582 1255
20140625 0.584 0.585 0.588 0.580 1950
20140626 0.581 0.586 0.586 0.581 1642
20140627 0.583 0.589 0.590 0.582 957
20140630 0.588 0.591 0.594 0.586 1170
20140701 0.588 0.592 0.596 0.588 459
20140702 0.586 0.590 0.594 0.586 1406
20140703 0.589 0.598 0.599 0.584 3806
20140704 0.598 0.596 0.599 0.592 1473
20140707 0.595 0.599 0.599 0.593 1431
20140708 0.602 0.599 0.602 0.594 1127
20140709 0.602 0.592 0.602 0.592 828
20140710 0.591 0.592 0.595 0.591 921
20140711 0.595 0.595 0.595 0.590 519
20140714 0.591 0.595 0.598 0.591 1834
20140715 0.591 0.591 0.596 0.590 1845
20140716 0.589 0.588 0.594 0.586 1989
20140717 0.586 0.587 0.594 0.585 1627
20140718 0.585 0.590 0.592 0.585 784
20140721 0.586 0.589 0.593 0.583 3641
20140722 0.587 0.591 0.593 0.587 930
20140723 0.593 0.589 0.595 0.588 2081
20140724 0.590 0.595 0.596 0.587 3077
20140725 0.596 0.595 0.596 0.592 848
20140728 0.595 0.604 0.604 0.595 6828
20140729 0.606 0.605 0.610 0.600 6215
20140730 0.605 0.606 0.607 0.601 3209
20140731 0.605 0.608 0.608 0.605 2399
20140801 0.608 0.604 0.608 0.603 3562
20140804 0.605 0.607 0.607 0.603 2381
20140805 0.606 0.607 0.607 0.602 2256
20140806 0.606 0.609 0.609 0.605 3482
20140807 0.610 0.604 0.610 0.603 3387
20140808 0.603 0.608 0.608 0.603 3473
20140811 0.609 0.611 0.614 0.605 4046
20140812 0.610 0.614 0.615 0.610 4441
20140813 0.615 0.618 0.618 0.611 6212
20140814 0.615 0.619 0.624 0.615 5268
20140815 0.616 0.623 0.623 0.616 3792
20140818 0.625 0.630 0.634 0.624 8850
20140819 0.629 0.627 0.633 0.625 5099
20140820 0.629 0.625 0.630 0.624 4244
20140821 0.624 0.633 0.634 0.623 9154
20140822 0.633 0.634 0.634 0.629 4618
20140825 0.631 0.632 0.633 0.624 4702
20140826 0.632 0.622 0.633 0.621 5449
20140827 0.622 0.634 0.645 0.622 15416
20140828 0.635 0.640 0.640 0.632 7574
20140829 0.640 0.642 0.642 0.635 4780
20140901 0.642 0.644 0.646 0.642 5833
20140902 0.643 0.645 0.646 0.641 3914
20140903 0.647 0.648 0.649 0.642 10090
20140904 0.653 0.649 0.653 0.645 5781
20140905 0.648 0.654 0.655 0.646 9664
20140909 0.656 0.657 0.662 0.655 5930
20140910 0.655 0.655 0.662 0.651 8871
20140911 0.658 0.655 0.662 0.652 10677
20140912 0.654 0.675 0.675 0.652 13527
20140915 0.672 0.684 0.687 0.672 9696
20140916 0.687 0.663 0.693 0.661 15411
20140917 0.666 0.678 0.682 0.663 7047
20140918 0.678 0.684 0.688 0.678 5227
20140919 0.683 0.690 0.691 0.679 6428
20140922 0.689 0.678 0.689 0.675 7030
20140923 0.678 0.692 0.692 0.673 11044
20140924 0.691 0.709 0.712 0.690 10944
20140925 0.705 0.706 0.714 0.705 5063
20140926 0.704 0.711 0.713 0.701 5410
20140929 0.713 0.730 0.744 0.713 10508
20140930 0.722 0.731 0.735 0.712 9111
20141008 0.731 0.738 0.738 0.723 6076
20141009 0.733 0.719 0.744 0.714 12056
20141010 0.717 0.714 0.725 0.710 6526
20141013 0.707 0.702 0.714 0.699 6704
20141014 0.700 0.702 0.709 0.697 6025
20141015 0.702 0.710 0.710 0.692 5497
20141016 0.707 0.701 0.708 0.700 3867
20141017 0.695 0.684 0.700 0.673 14320
20141020 0.680 0.690 0.693 0.671 7689
20141021 0.690 0.695 0.699 0.681 10659
20141022 0.693 0.682 0.693 0.679 6791
20141023 0.676 0.678 0.686 0.676 4524
20141024 0.679 0.683 0.690 0.677 2177
20141027 0.681 0.685 0.685 0.675 1824
20141028 0.690 0.692 0.694 0.679 3657
20141029 0.695 0.701 0.704 0.691 5896
20141030 0.701 0.701 0.706 0.690 4100
20141031 0.700 0.696 0.700 0.690 2908
20141103 0.696 0.698 0.702 0.696 3156
20141104 0.697 0.686 0.697 0.685 4330
20141105 0.686 0.687 0.694 0.684 2029
20141106 0.687 0.692 0.692 0.686 1137
20141107 0.686 0.687 0.693 0.681 3134
20141110 0.684 0.697 0.702 0.684 4338
20141111 0.698 0.686 0.703 0.680 5583
20141112 0.679 0.693 0.698 0.679 3793
20141113 0.692 0.694 0.697 0.685 3376
20141114 0.691 0.690 0.694 0.681 4382
20141117 0.684 0.691 0.696 0.682 2972
20141118 0.688 0.686 0.688 0.682 1987
20141119 0.682 0.690 0.691 0.682 1941
20141120 0.687 0.689 0.691 0.685 1211
20141121 0.693 0.692 0.693 0.683 2718
20141124 0.702 0.700 0.704 0.693 7795
20141125 0.703 0.715 0.715 0.698 14706
20141126 0.721 0.710 0.721 0.700 6705
20141127 0.710 0.714 0.717 0.708 4183
20141128 0.713 0.712 0.716 0.709 5159
20141201 0.713 0.705 0.714 0.703 6032
20141202 0.705 0.708 0.713 0.701 4922
20141203 0.708 0.713 0.720 0.705 12367
20141204 0.717 0.714 0.717 0.706 18100
20141205 0.715 0.701 0.718 0.692 9522
20141208 0.700 0.689 0.700 0.678 15711
20141209 0.688 0.640 0.688 0.639 38538
20141210 0.644 0.667 0.673 0.644 19009
20141211 0.668 0.680 0.687 0.668 14979
20141212 0.676 0.678 0.686 0.673 8545
20141215 0.678 0.673 0.679 0.665 10092
20141216 0.673 0.675 0.679 0.653 9189
20141217 0.670 0.668 0.674 0.660 5019
20141218 0.666 0.668 0.669 0.660 7169
20141219 0.668 0.682 0.685 0.668 20256
20141222 0.682 0.652 0.682 0.640 11463
20141223 0.653 0.645 0.656 0.643 4725
20141224 0.650 0.657 0.658 0.646 2895
20141225 0.656 0.663 0.664 0.655 2915
20141226 0.667 0.664 0.669 0.659 4405
20141229 0.664 0.650 0.665 0.650 9738
20141230 0.653 0.650 0.656 0.646 2396
20141231 0.644 0.653 0.654 0.644 3393
20150105 0.653 0.662 0.663 0.645 4652
20150106 0.666 0.671 0.672 0.663 8600
20150107 0.671 0.670 0.673 0.665 3165
20150108 0.668 0.665 0.673 0.664 5050
20150109 0.665 0.668 0.671 0.660 2724
20150112 0.662 0.658 0.667 0.656 4395
20150113 0.662 0.660 0.663 0.656 1897
20150114 0.665 0.663 0.665 0.661 2069
20150115 0.664 0.669 0.669 0.664 1974
20150116 0.669 0.673 0.674 0.660 2799
20150119 0.662 0.656 0.677 0.646 7111
20150120 0.660 0.680 0.681 0.660 7231
20150421 0.748 0.748 0.748 0.748 5501
20150422 0.823 0.823 0.823 0.823 912
20150423 0.905 0.905 0.905 0.905 11698
20150424 0.950 0.928 0.952 0.900 125706
20150427 0.929 0.915 0.944 0.903 53263
20150428 0.915 0.888 0.920 0.883 27226
20150429 0.888 0.903 0.911 0.888 17696
20150430 0.895 0.907 0.920 0.895 17206
20150504 0.908 0.921 0.929 0.903 22696
20150505 0.913 0.891 0.920 0.890 17325
20150506 0.893 0.892 0.916 0.892 18502
20150507 0.892 0.887 0.899 0.881 17999
20150508 0.886 0.901 0.905 0.886 10704
20150511 0.914 0.928 0.932 0.900 27356
20150512 0.929 0.929 0.931 0.916 17830
20150513 0.928 0.923 0.931 0.917 18117
20150514 0.922 0.940 0.948 0.922 26149
20150515 0.940 1.018 1.024 0.940 47146
20150518 1.025 1.120 1.120 1.025 56998
20150519 1.140 1.159 1.229 1.100 53643
20150520 1.155 1.198 1.248 1.155 30022
20150521 1.204 1.213 1.253 1.200 29200
20150522 1.225 1.196 1.250 1.123 40626
20150525 1.186 1.196 1.210 1.161 17881
20150526 1.200 1.244 1.258 1.198 26862
20150527 1.275 1.269 1.275 1.211 26030
20150528 1.269 1.144 1.284 1.142 31097
20150529 1.142 1.147 1.190 1.120 28625
20150601 1.151 1.207 1.220 1.151 22704
20150602 1.218 1.239 1.239 1.202 31443
20150603 1.248 1.218 1.248 1.174 23036
20150604 1.212 1.191 1.226 1.140 23072
20150605 1.199 1.210 1.230 1.183 21390
20150608 1.208 1.261 1.275 1.160 52551
20150609 1.261 1.240 1.347 1.240 53038
20150610 1.222 1.251 1.268 1.182 22628
20150611 1.251 1.376 1.376 1.229 59705
20150612 1.425 1.383 1.489 1.379 53800
20150615 1.389 1.329 1.400 1.320 27389
20150616 1.326 1.270 1.326 1.260 23498
20150617 1.266 1.293 1.299 1.190 28250
20150618 1.263 1.292 1.354 1.263 23297
20150619 1.272 1.292 1.350 1.234 40791
20150623 1.270 1.233 1.292 1.163 37999
20150624 1.235 1.350 1.351 1.231 51221
20150625 1.366 1.301 1.396 1.270 52806
20150626 1.260 1.171 1.260 1.171 38858
20150629 1.208 1.055 1.218 1.054 45811
20150630 1.060 1.144 1.146 0.950 42142
20150701 1.100 1.032 1.150 1.030 29182
20150702 1.040 0.967 1.055 0.950 28924
20150703 0.940 0.881 0.972 0.872 39178
20150706 0.969 0.810 0.969 0.793 36938
20150707 0.810 0.729 0.810 0.729 12822
20150708 0.656 0.656 0.656 0.656 4700
20150709 0.590 0.722 0.722 0.590 34960
20150710 0.755 0.794 0.794 0.755 17825
20150713 0.852 0.873 0.873 0.795 43175
20150714 0.870 0.850 0.910 0.828 40982
20150715 0.841 0.765 0.849 0.765 28032
20150716 0.750 0.798 0.840 0.694 12275
20150717 0.806 0.859 0.871 0.800 15477
20150720 0.873 0.895 0.912 0.827 23469
20150721 0.869 0.889 0.896 0.856 18143
20150722 0.864 0.886 0.899 0.860 8655
20150723 0.894 0.921 0.939 0.880 19997
20150724 0.921 0.904 0.931 0.890 15995
20150727 0.885 0.814 0.900 0.814 19889
20150728 0.761 0.855 0.856 0.745 24223
20150729 0.856 0.890 0.890 0.820 17671
20150730 0.885 0.867 0.924 0.861 23541
