20140102 12.01 12.06 12.11 12.00 13030
20140103 12.03 11.79 12.03 11.75 16721
20140106 11.76 11.33 11.79 11.32 18081
20140107 11.38 11.39 11.48 11.29 8749
20140108 11.44 11.28 11.50 11.16 18669
20140109 11.27 10.91 11.37 10.90 12674
20140110 10.91 10.85 11.03 10.62 14091
20140113 10.90 10.75 10.93 10.68 5476
20140114 10.76 10.88 10.88 10.69 14785
20140115 10.95 10.81 10.98 10.70 11900
20140116 10.76 10.92 10.99 10.76 8833
20140117 10.86 10.56 10.90 10.56 16725
20140120 10.55 10.31 10.65 10.28 19838
20140121 10.31 10.38 10.48 10.29 18349
20140122 10.38 10.69 10.72 10.31 14244
20140123 10.69 10.63 10.74 10.61 13245
20140124 10.61 10.85 10.87 10.61 14508
20140127 10.78 10.77 10.79 10.67 14239
20140128 10.76 10.85 10.88 10.75 12585
20140129 10.89 10.92 10.92 10.83 8800
20140130 10.90 10.74 10.90 10.71 7936
20140207 10.61 10.82 10.83 10.61 10218
20140210 10.82 11.15 11.16 10.80 21780
20140211 11.16 11.16 11.22 11.00 16338
20140212 11.14 11.28 11.36 11.08 17759
20140213 11.28 11.07 11.28 11.04 17423
20140214 11.08 11.23 11.26 11.08 16337
20140217 11.26 11.33 11.39 11.26 23299
20140218 11.33 11.23 11.33 11.15 20976
20140219 11.17 11.25 11.32 11.14 16574
20140220 11.29 11.24 11.47 11.22 24128
20140221 11.20 11.05 11.28 10.93 20192
20140224 10.95 10.81 11.03 10.75 15376
20140225 10.88 10.45 10.94 10.40 16690
20140226 10.46 10.54 10.54 10.33 10132
20140227 10.50 10.67 10.79 10.46 17519
20140228 10.67 10.76 10.81 10.50 17833
20140303 10.79 10.84 10.90 10.70 14835
20140304 10.76 10.86 10.88 10.72 10785
20140305 10.89 10.83 10.93 10.77 9988
20140306 10.77 10.78 10.83 10.62 8839
20140307 10.77 10.75 10.85 10.70 10860
20140310 10.66 10.30 10.66 10.28 12963
20140311 10.31 10.39 10.43 10.23 6121
20140312 10.31 10.41 10.50 10.31 7393
20140313 10.43 10.47 10.62 10.40 9762
20140314 10.45 10.50 10.52 10.42 6647
20140317 10.50 10.65 10.67 10.47 7806
20140318 10.59 10.65 10.78 10.59 9968
20140319 10.66 10.60 10.67 10.52 5996
20140320 10.60 10.50 10.69 10.50 10170
20140321 10.40 10.81 10.96 10.38 16979
20140324 10.84 11.00 11.11 10.82 17839
20140325 11.00 11.00 11.16 10.92 12919
20140326 11.13 11.07 11.20 11.03 12594
20140327 11.00 10.94 11.12 10.91 9191
20140328 10.91 10.85 10.97 10.76 9937
20140331 10.85 10.83 10.95 10.75 10621
20140401 10.87 10.95 10.98 10.75 12179
20140402 10.87 11.02 11.05 10.87 13304
20140403 11.02 11.13 11.15 10.92 14098
20140404 11.06 11.15 11.16 11.06 9905
20140408 11.15 11.25 11.28 11.08 21049
20140409 11.24 11.22 11.35 11.22 20435
20140410 12.34 12.34 12.34 12.34 22170
20140411 12.90 13.36 13.50 12.78 171859
20140414 13.25 13.54 13.55 13.15 81615
20140415 13.46 13.22 13.46 13.10 72101
20140416 13.21 13.06 13.31 12.95 46927
20140417 13.04 13.08 13.20 12.98 29483
20140418 13.01 13.10 13.19 12.97 23591
20140421 13.01 12.85 13.19 12.77 37131
20140422 12.81 12.60 12.90 12.39 36930
20140423 12.63 12.80 12.88 12.60 23637
20140424 12.76 12.65 12.80 12.63 16112
20140425 12.67 12.74 12.95 12.59 27141
20140428 12.64 12.30 12.74 12.30 24767
20140429 12.24 12.44 12.45 12.21 16823
20140430 12.47 12.65 12.69 12.40 23046
20140505 12.63 12.92 12.92 12.53 28548
20140506 12.96 12.95 13.18 12.86 37178
20140507 12.90 13.00 13.09 12.83 23585
20140508 13.00 12.89 13.01 12.85 15706
20140509 12.85 12.61 12.89 12.48 18801
20140512 12.79 12.91 12.95 12.63 21942
20140513 12.85 12.70 12.92 12.65 13255
20140514 12.72 12.68 12.75 12.62 11197
20140515 12.70 12.57 12.77 12.57 10957
20140516 12.54 12.60 12.66 12.45 11162
20140519 12.60 12.50 12.63 12.43 9011
20140520 12.55 12.52 12.63 12.49 9122
20140521 12.53 12.66 12.66 12.41 11818
20140522 12.68 12.66 12.80 12.61 13788
20140523 12.67 12.69 12.70 12.53 10602
20140526 12.72 12.83 12.90 12.65 18356
20140527 12.83 12.71 12.84 12.66 14581
20140528 12.64 12.72 12.75 12.56 14434
20140529 12.74 12.48 12.78 12.45 12870
20140530 12.52 12.56 12.59 12.45 8119
20140603 12.59 12.48 12.59 12.47 8285
20140604 12.47 12.37 12.47 12.28 10835
20140605 12.38 12.66 12.67 12.29 12038
20140606 12.64 12.45 12.64 12.39 10338
20140609 12.41 12.43 12.55 12.37 6644
20140610 12.49 12.60 12.62 12.37 11134
20140611 12.55 12.85 12.86 12.53 21342
20140612 12.81 12.76 12.88 12.68 12285
20140613 12.76 12.91 12.96 12.71 20299
20140616 12.92 12.95 13.04 12.86 19438
20140617 12.93 12.77 12.93 12.73 14883
20140618 12.77 12.60 12.78 12.50 12466
20140619 12.52 12.19 12.62 12.10 15266
20140620 12.18 12.34 12.36 12.10 11138
20140623 12.34 12.47 12.52 12.31 14930
20140624 12.46 12.56 12.57 12.42 14052
20140625 12.54 12.49 12.54 12.42 5516
20140626 12.51 12.80 12.82 12.49 19353
20140627 12.90 12.99 13.02 12.69 33971
20140630 13.10 12.87 13.15 12.84 40029
20140701 12.94 12.90 12.96 12.79 24103
20140702 12.93 12.90 12.93 12.82 24360
20140703 12.96 12.82 13.01 12.82 35287
20140704 6.20 6.19 6.28 6.18 43937
20140707 6.19 6.12 6.24 6.08 35300
20140708 6.30 6.73 6.73 6.27 176859
20140709 6.89 7.22 7.40 6.81 417695
20140710 7.44 7.94 7.94 7.41 328213
20140711 8.20 7.58 8.49 7.53 568719
20140714 7.58 7.58 7.71 7.40 279524
20140715 7.48 7.29 7.50 7.28 210172
20140716 7.29 7.24 7.41 7.24 146003
20140717 7.28 7.23 7.42 7.15 109236
20140718 7.25 7.14 7.27 7.10 111562
20140721 7.10 7.07 7.18 7.00 81955
20140722 7.06 7.21 7.25 7.01 109042
20140723 7.19 6.98 7.23 6.90 109097
20140724 6.96 7.01 7.10 6.94 78286
20140725 7.05 7.17 7.17 7.00 80544
20140728 7.22 7.27 7.32 7.18 110544
20140729 7.30 7.27 7.31 7.23 84181
20140730 7.25 7.35 7.38 7.21 102663
20140731 7.32 7.29 7.36 7.24 90097
20140801 7.28 7.20 7.31 7.19 79242
20140804 7.19 7.30 7.30 7.18 76412
20140805 7.29 7.32 7.35 7.27 71190
20140806 7.35 7.31 7.36 7.25 62070
20140807 7.31 7.21 7.33 7.21 79079
20140808 7.23 7.28 7.29 7.22 44112
20140811 7.30 7.57 7.58 7.27 167151
20140812 7.58 7.83 7.95 7.52 299335
20140813 7.80 7.69 7.80 7.61 121234
20140814 7.69 7.63 7.76 7.62 86216
20140815 7.61 7.65 7.70 7.60 68468
20140818 7.66 7.73 7.73 7.62 80632
20140819 7.75 7.89 7.94 7.74 151541
20140820 7.89 7.88 7.97 7.78 99986
20140821 7.85 7.80 7.91 7.70 79504
20140822 7.78 7.84 7.90 7.73 78665
20140825 7.84 7.70 7.89 7.68 73668
20140826 7.70 7.63 7.74 7.57 77936
20140827 7.58 7.72 7.72 7.58 63998
20140828 7.71 7.81 7.89 7.65 98089
20140829 7.81 7.77 7.81 7.70 48871
20140901 7.79 7.95 7.95 7.79 95068
20140902 7.98 8.07 8.14 7.98 136615
20140903 8.07 8.08 8.22 8.05 100329
20140904 8.14 8.89 8.89 8.10 234774
20140905 9.12 8.94 9.36 8.90 324341
20140909 8.99 8.99 8.99 8.70 137256
20140910 8.97 9.56 9.89 8.81 239818
20140911 9.66 9.75 9.96 9.36 223319
20140912 9.58 9.63 9.80 9.51 107154
20140915 9.59 9.80 9.95 9.50 162340
20140916 9.78 9.36 9.96 9.33 195123
20140917 9.38 9.29 9.58 9.00 107697
20140918 9.29 9.30 9.42 9.17 52290
20140919 9.34 9.37 9.40 9.21 51132
20140922 9.36 9.45 9.74 9.29 81559
20140923 9.45 9.44 9.48 9.31 49069
20140924 9.44 9.55 9.60 9.43 64549
20140925 9.55 9.46 9.68 9.46 64813
20140926 9.65 9.89 9.95 9.56 121893
20140929 9.86 10.55 10.75 9.86 170460
20140930 10.50 10.43 10.64 10.36 79938
20141008 10.44 10.48 10.48 10.25 78228
20141009 10.48 10.44 10.66 10.33 96746
20141010 10.31 10.16 10.39 10.11 86223
20141013 10.16 10.27 10.32 9.89 74651
20141014 10.22 10.06 10.32 10.02 53588
20141015 10.06 9.97 10.06 9.80 73171
20141016 9.85 9.62 9.98 9.60 64874
20141017 9.58 9.42 9.72 9.30 69096
20141020 9.42 9.82 9.86 9.42 52417
20141021 9.83 9.94 10.36 9.76 93574
20141022 9.94 9.78 10.22 9.75 66525
20141023 9.66 9.29 9.75 9.19 77842
20141024 9.28 9.50 9.58 9.28 44647
20141027 9.47 9.54 9.65 9.35 33725
20141028 9.62 9.94 9.94 9.62 49999
20141029 10.01 9.93 10.10 9.76 101429
20141030 9.93 10.13 10.23 9.82 109489
20141031 10.13 10.07 10.19 9.91 73749
20141103 10.05 10.08 10.17 9.98 66612
20141104 10.04 9.97 10.04 9.85 58643
20141105 9.91 10.13 10.25 9.91 111733
20141106 10.14 10.04 10.14 9.91 57340
20141107 10.02 10.12 10.35 10.00 137638
20141110 10.20 10.29 10.33 10.08 110957
20141111 10.32 9.82 10.36 9.71 110169
20141112 9.83 9.98 9.99 9.76 47696
20141113 10.04 10.39 10.47 9.95 179060
20141114 10.20 10.09 10.35 9.98 99832
20141117 10.19 10.07 10.22 10.02 55826
20141118 10.04 10.19 10.26 10.00 85530
20141119 10.15 10.19 10.29 10.08 61177
20141120 10.13 10.24 10.33 10.06 63180
20141121 10.24 10.91 11.00 10.14 203022
20141124 10.97 11.54 12.00 10.86 365514
20141125 11.54 11.47 11.80 11.32 131896
20141126 11.50 12.20 12.58 11.50 241872
20141127 12.60 12.68 12.76 12.00 219118
20141128 12.51 12.90 13.47 12.42 235050
20141201 13.08 14.18 14.18 12.83 286074
20141202 14.03 14.31 14.70 13.50 284106
20141203 14.35 14.51 15.71 14.10 269796
20141204 14.80 15.20 15.49 14.25 244747
20141205 15.46 14.92 16.15 14.35 279858
20141208 14.35 15.21 15.47 14.22 287712
20141209 15.96 13.69 15.96 13.69 368131
20141210 13.20 13.47 13.59 12.32 224175
20141211 13.20 13.40 13.98 13.01 155284
20141212 13.35 13.45 13.71 13.16 109129
20141215 13.48 13.54 13.60 12.81 119330
20141216 13.53 14.28 14.28 13.38 203680
20141217 14.50 14.27 14.97 13.86 229713
20141218 14.18 13.90 14.26 13.66 110290
20141219 13.90 13.67 14.06 13.11 113670
20141222 13.50 12.94 13.67 12.90 97914
20141223 12.93 12.67 13.20 12.65 58641
20141224 12.81 12.75 13.00 12.71 57404
20141225 12.78 13.07 13.20 12.78 63610
20141226 13.12 13.62 13.64 13.00 110240
20141229 13.75 13.11 13.87 13.00 127445
20141230 13.11 13.00 13.14 12.60 81626
20141231 12.90 13.40 13.40 12.76 94235
20150105 13.40 13.31 13.50 13.05 93922
20150106 13.20 13.18 13.27 13.01 66052
20150107 13.21 13.35 13.55 13.16 77745
20150108 13.28 12.92 13.31 12.89 63162
20150109 12.81 12.72 12.98 12.68 61526
20150112 12.73 12.30 12.76 12.27 57598
20150113 12.25 12.31 12.47 12.25 46037
20150114 12.33 12.33 12.45 12.29 34111
20150115 12.33 12.54 12.57 12.30 53778
20150116 12.58 12.91 12.97 12.56 70310
20150119 12.30 11.98 12.74 11.86 77478
20150120 12.06 12.30 12.32 12.05 47440
20150121 12.34 12.84 12.86 12.30 74780
20150122 12.88 13.38 13.39 12.72 97306
20150123 13.36 13.18 13.65 13.10 88021
20150126 13.17 13.47 13.48 13.15 59838
20150127 13.48 13.40 13.56 13.02 67581
20150128 13.32 13.15 13.34 13.10 41789
20150129 13.07 13.28 13.36 12.98 53889
20150130 13.28 12.89 13.40 12.89 51350
20150202 12.55 12.43 12.69 12.37 39199
20150203 12.48 12.64 12.65 12.39 35552
20150204 12.65 12.55 12.80 12.48 34767
20150205 12.78 12.37 12.80 12.37 31573
20150206 12.36 11.99 12.39 11.97 40133
20150209 11.95 12.09 12.18 11.93 16960
20150210 12.18 12.20 12.23 12.06 23471
20150211 12.25 12.38 12.40 12.20 20758
20150212 12.45 12.42 12.46 12.31 18233
20150213 12.45 12.53 12.63 12.43 29065
20150216 12.63 12.67 12.72 12.53 27478
20150217 12.72 12.85 12.92 12.59 37405
20150225 12.86 12.72 12.94 12.71 29756
20150226 12.71 12.92 12.92 12.65 31887
20150227 12.92 12.92 12.96 12.82 31802
20150302 13.08 13.04 13.12 12.90 55015
20150303 12.99 12.79 12.99 12.76 49840
20150304 12.80 12.77 12.85 12.66 47340
20150305 12.77 12.58 12.77 12.51 64429
20150306 12.64 12.58 12.71 12.53 56203
20150309 12.54 12.70 12.71 12.37 47900
20150310 12.77 13.97 13.97 12.70 239513
20150311 14.15 14.41 15.05 14.15 272961
20150312 14.23 14.66 14.92 14.21 170725
20150313 14.65 14.64 15.00 14.30 126321
20150316 14.94 14.86 14.96 14.51 160346
20150317 14.79 14.73 15.18 14.58 186494
20150318 14.65 14.79 14.93 14.40 150426
20150319 14.85 14.75 14.93 14.51 149563
20150320 14.77 15.30 15.75 14.63 224933
20150323 15.55 15.37 15.57 15.12 249329
20150324 15.32 14.78 15.34 14.30 202286
20150325 14.85 14.91 14.96 14.52 133525
20150326 14.86 14.68 15.19 14.61 124529
20150327 14.61 14.78 15.14 14.61 178794
20150330 14.80 14.81 14.87 14.70 152270
20150331 14.84 14.86 15.15 14.80 163220
20150401 14.87 15.28 15.30 14.73 203882
20150402 15.34 15.48 15.68 15.10 203210
20150403 15.40 15.66 15.67 15.21 197877
20150407 15.80 15.97 16.33 15.80 199187
20150408 16.10 15.47 16.11 15.34 169741
20150409 15.33 17.02 17.02 15.33 378236
20150410 16.88 16.82 16.98 16.51 247534
20150413 16.82 17.39 17.75 16.60 248805
20150414 17.30 17.00 17.50 16.89 163426
20150415 16.95 16.00 16.95 16.00 138793
20150416 15.72 15.95 16.28 15.44 118412
20150417 16.13 16.00 16.37 15.97 125982
20150420 16.00 15.28 16.02 15.28 166982
20150421 15.32 15.75 15.85 15.31 99444
20150422 15.81 16.45 16.74 15.81 170701
20150423 16.50 16.11 16.50 15.95 162131
20150424 15.78 15.79 15.97 15.50 111369
20150427 15.80 15.90 16.13 15.70 134309
20150428 15.89 15.02 15.89 14.97 146173
20150429 14.98 15.17 15.44 14.81 76443
20150430 15.21 15.11 15.37 15.11 87341
20150504 15.17 15.76 15.77 15.13 150991
20150505 15.79 14.81 15.79 14.81 116275
20150506 14.81 14.25 15.00 14.01 96950
20150507 14.18 13.73 14.35 13.73 76864
20150508 13.95 14.08 14.12 13.84 69121
20150511 14.16 14.44 14.44 14.02 111089
20150512 14.45 14.72 14.84 14.45 115508
20150513 14.71 14.52 14.71 14.33 97721
20150514 14.46 14.71 14.79 14.44 90308
20150515 14.72 14.26 14.72 14.18 72593
20150518 14.15 13.85 14.15 13.85 126404
20150519 13.92 14.32 14.48 13.88 118906
20150520 14.35 14.43 14.64 14.30 155155
20150521 14.45 14.89 14.90 14.45 148951
20150522 15.05 15.34 15.44 15.05 174825
20150525 15.32 15.86 15.97 15.22 197291
20150526 15.96 16.03 16.06 15.50 238839
20150527 16.07 16.50 16.69 15.70 277863
20150528 16.46 15.27 16.66 15.20 305924
20150529 15.19 15.05 15.42 14.17 168969
20150601 15.10 15.93 16.20 15.10 200934
20150602 15.94 16.44 16.51 15.71 252894
20150603 16.59 16.16 16.99 15.91 232719
20150604 16.18 15.94 16.34 15.05 182056
20150605 16.15 16.90 16.96 15.96 377607
20150608 17.00 17.90 18.25 16.71 491900
20150609 17.99 17.48 18.02 17.20 294108
20150610 17.26 17.45 17.80 16.92 214830
20150611 17.40 17.79 17.97 17.28 239555
20150612 18.00 17.87 18.10 17.61 230564
20150615 17.97 17.10 18.08 17.05 231874
20150616 16.90 16.22 16.95 16.02 180816
20150617 16.21 16.69 16.80 15.81 153018
20150618 16.64 16.07 16.85 16.03 123377
20150619 15.90 14.62 15.94 14.60 111209
20150623 14.68 15.12 15.12 13.67 109241
20150624 15.28 15.87 16.05 15.24 162711
20150625 15.88 15.09 15.90 14.78 128004
20150626 14.70 13.58 14.89 13.58 134089
20150629 14.09 12.95 14.14 12.22 163582
20150630 12.99 14.00 14.00 12.60 153446
20150701 13.90 13.35 14.40 13.18 132244
20150702 13.55 12.35 13.75 12.03 123929
20150703 11.99 11.12 12.56 11.12 144648
20150706 12.23 10.38 12.23 10.01 174452
20150707 10.07 9.34 10.20 9.34 89208
20150708 8.41 8.41 8.41 8.41 30182
20150709 7.57 9.25 9.25 7.57 178951
20150710 9.51 10.18 10.18 9.42 141899
20150713 10.70 11.20 11.20 10.50 192093
20150714 11.20 11.08 11.85 10.85 277601
20150715 10.72 9.97 10.83 9.97 155545
20150716 9.47 10.09 10.46 9.22 125461
20150717 10.20 10.73 10.85 10.11 117875
20150720 10.80 10.85 11.05 10.51 125825
20150721 10.76 10.86 11.01 10.53 138996
20150722 10.82 11.16 11.20 10.63 189935
20150723 11.25 11.50 11.59 11.06 175545
20150724 11.56 11.17 11.79 11.05 192867
20150727 11.00 10.05 11.40 10.05 158573
20150728 9.59 9.92 10.28 9.07 149029
20150729 10.07 10.48 10.48 9.76 106234
20150730 10.40 10.07 10.62 10.06 95311
