20140102 15.98 16.29 16.56 15.74 174019
20140103 16.00 16.10 16.27 15.88 68326
20140106 16.18 16.24 16.44 15.92 79279
20140107 16.10 15.69 16.10 15.61 53200
20140108 15.75 15.41 16.08 15.31 51578
20140109 15.31 15.02 15.48 15.01 49154
20140110 15.02 15.09 15.16 14.80 27276
20140113 15.12 15.00 15.30 14.96 21547
20140114 14.91 15.00 15.00 14.46 35656
20140115 15.04 15.50 15.64 15.04 56247
20140116 15.50 15.49 15.73 15.38 36124
20140117 15.50 15.28 15.65 15.08 29217
20140120 15.28 14.85 15.40 14.71 55878
20140121 14.85 14.67 15.01 14.55 60623
20140122 14.68 14.91 15.07 14.33 106037
20140123 14.90 14.65 14.96 14.51 80224
20140124 14.63 14.76 14.78 14.48 92623
20140127 14.76 14.60 14.95 14.50 84109
20140128 14.70 14.62 14.84 14.48 37137
20140129 14.61 14.23 14.62 14.10 81630
20140130 14.21 14.18 14.32 14.11 25378
20140207 14.15 14.45 14.49 14.05 38249
20140210 14.47 14.70 14.72 14.39 91420
20140211 14.72 14.83 14.86 14.59 75615
20140212 14.84 14.95 14.99 14.66 77436
20140213 14.90 14.63 15.00 14.37 69571
20140214 14.63 14.80 14.83 14.60 67470
20140217 15.08 15.84 16.25 15.07 189315
20140218 15.85 15.66 15.85 15.46 99999
20140219 15.57 16.00 16.12 15.47 137354
20140220 16.07 15.90 16.46 15.77 133627
20140221 15.85 15.53 16.10 15.30 70591
20140224 15.40 16.12 16.20 15.35 111170
20140225 16.12 15.58 16.37 15.43 116974
20140226 15.64 16.04 16.06 14.88 88287
20140227 16.05 15.75 16.46 15.68 103114
20140228 15.63 15.23 15.70 14.76 104590
20140303 15.18 15.49 15.57 14.86 73886
20140304 15.04 15.10 15.38 14.89 90432
20140305 15.15 15.10 15.35 14.91 59166
20140306 15.06 14.87 15.08 14.79 52491
20140307 14.86 14.84 15.06 14.77 39134
20140310 14.87 14.00 14.87 13.98 75344
20140311 14.01 14.09 14.19 13.98 39865
20140312 14.09 14.27 14.34 14.03 31367
20140313 14.33 14.28 14.78 14.16 69637
20140314 14.27 13.97 14.28 13.88 42841
20140317 14.05 14.25 14.43 14.01 40331
20140318 14.27 14.40 14.53 14.20 38161
20140319 14.41 14.20 14.49 14.01 45494
20140320 14.19 14.04 14.37 14.03 32629
20140321 14.00 14.30 14.53 13.81 58992
20140324 14.37 14.42 14.50 14.08 50107
20140325 14.70 15.29 15.65 14.63 150570
20140326 15.10 14.87 15.34 14.78 79805
20140327 14.86 14.77 14.98 14.65 54869
20140328 14.70 14.58 14.89 14.50 32045
20140331 14.65 14.72 14.99 14.60 31733
20140401 14.66 15.06 15.07 14.66 47075
20140402 15.10 15.10 15.28 15.04 46622
20140403 15.14 15.00 15.16 14.86 29214
20140404 14.99 15.00 15.05 14.71 33459
20140408 14.92 15.20 15.25 14.89 42044
20140409 15.28 15.17 15.31 15.07 44909
20140410 15.15 15.17 15.27 15.11 32964
20140411 15.15 14.92 15.16 14.83 56877
20140414 14.88 15.03 15.09 14.77 34881
20140415 15.00 14.95 15.00 14.79 32956
20140416 14.90 15.00 15.01 14.66 48781
20140417 15.05 15.12 15.18 14.97 46613
20140418 15.12 15.19 15.25 15.04 44914
20140421 15.18 15.25 15.54 15.11 63787
20140422 15.23 15.48 15.48 14.99 66811
20140423 15.54 15.45 15.76 15.37 62345
20140424 15.43 15.52 15.62 15.25 53983
20140425 15.59 15.00 15.65 15.00 85475
20140428 14.98 14.35 14.98 14.25 61974
20140429 14.35 14.64 14.68 14.10 41713
20140430 14.63 14.61 14.79 14.47 27858
20140505 14.59 14.88 14.88 14.45 29367
20140506 14.81 14.64 14.92 14.60 32719
20140507 14.61 14.33 14.61 14.33 28612
20140508 14.33 14.41 14.65 14.30 25685
20140509 14.38 14.40 14.57 14.30 22086
20140512 14.53 14.66 14.70 14.39 40170
20140513 14.65 14.71 14.76 14.58 23463
20140514 14.71 14.76 14.82 14.66 20106
20140515 14.76 14.42 14.78 14.42 19422
20140516 14.40 14.37 14.54 14.24 16737
20140519 14.40 14.41 14.45 14.29 12732
20140520 14.55 14.51 14.67 14.44 19632
20140521 14.48 14.62 14.62 14.36 15935
20140522 14.60 14.60 14.81 14.55 19182
20140523 14.57 14.54 14.69 14.40 23060
20140526 14.54 14.67 14.73 14.54 26421
20140527 14.67 14.68 14.75 14.56 21102
20140528 14.65 14.74 14.81 14.41 37949
20140529 14.73 14.77 14.93 14.60 45935
20140530 14.83 14.80 14.90 14.69 26421
20140603 14.84 14.50 14.90 14.38 36662
20140604 14.48 14.39 14.50 14.35 24265
20140605 14.38 14.46 14.49 14.34 18688
20140606 14.43 14.42 14.51 14.36 16226
20140609 14.38 14.25 14.45 14.24 28092
20140610 14.35 14.32 14.41 14.25 27899
20140611 14.36 14.40 14.45 14.30 33185
20140612 14.41 14.22 14.44 14.20 30453
20140613 14.23 14.33 14.38 14.05 41121
20140616 14.33 14.38 14.42 14.26 36386
20140617 14.38 14.24 14.39 14.17 26588
20140618 14.23 13.93 14.23 13.92 41350
20140619 13.93 13.63 14.03 13.60 30219
20140620 13.65 13.70 13.82 13.64 22433
20140623 13.72 13.74 13.83 13.63 27536
20140624 13.77 14.00 14.20 13.71 36093
20140625 14.18 13.98 14.18 13.98 35139
20140626 14.06 14.10 14.21 14.02 27231
20140627 14.11 14.03 14.12 13.96 37757
20140630 14.03 14.04 14.12 13.94 28510
20140701 14.04 14.07 14.11 14.00 27460
20140702 14.10 14.20 14.20 14.00 44295
20140703 14.18 14.25 14.33 14.05 40039
20140704 14.25 14.09 14.25 14.06 35498
20140707 14.13 14.09 14.17 14.04 20837
20140708 14.09 14.15 14.23 14.08 27672
20140709 14.15 13.80 14.20 13.79 51679
20140710 13.82 13.75 13.93 13.68 35870
20140711 13.76 13.81 13.87 13.74 28762
20140714 13.87 14.17 14.24 13.81 57988
20140715 14.17 14.40 14.68 14.10 99435
20140716 14.30 14.23 14.42 14.16 38427
20140717 14.19 14.03 14.38 13.99 44244
20140718 14.04 14.36 14.41 13.97 56854
20140721 14.36 14.50 14.54 14.32 60691
20140722 14.45 14.40 14.52 14.26 41546
20140723 14.40 14.49 14.54 14.35 46595
20140724 14.46 14.35 14.58 14.29 48437
20140725 14.42 14.51 14.54 14.36 42118
20140728 14.59 14.99 15.08 14.53 129846
20140729 14.89 14.97 15.20 14.80 105546
20140730 15.00 14.85 15.07 14.73 92622
20140731 14.90 15.18 15.28 14.88 131346
20140801 15.15 15.12 15.47 15.02 120465
20140804 15.20 15.27 15.33 15.11 66595
20140805 15.29 15.18 15.29 14.98 82273
20140806 15.15 15.39 15.39 15.05 112626
20140807 15.45 15.22 15.49 15.17 88231
20140808 15.20 15.21 15.34 15.17 48759
20140811 15.20 15.37 15.38 15.13 82155
20140812 15.41 15.37 15.65 15.30 112438
20140813 15.35 15.30 15.49 15.21 77208
20140814 15.34 15.32 15.60 15.30 92766
20140815 15.32 15.89 16.05 15.32 159461
20140818 15.89 15.85 15.99 15.78 82235
20140819 15.85 15.68 15.89 15.52 93168
20140820 15.65 15.82 15.94 15.55 75444
20140821 15.80 15.57 15.80 15.47 98653
20140822 15.58 15.69 15.75 15.54 51354
20140825 15.61 15.39 15.66 15.38 58787
20140826 15.38 15.13 15.48 15.06 55943
20140827 15.09 15.12 15.23 15.01 34189
20140828 15.19 15.18 15.26 15.02 31092
20140829 15.18 15.35 15.38 15.12 37173
20140901 15.30 15.39 15.40 15.28 39295
20140902 15.40 15.62 15.65 15.38 88353
20140903 15.59 15.60 15.67 15.50 68522
20140904 15.58 15.64 15.72 15.58 49308
20140905 15.65 15.65 15.71 15.47 68960
20140909 15.67 15.85 16.04 15.67 118400
20140910 15.75 15.83 15.90 15.65 46974
20140911 15.75 15.88 16.00 15.69 59154
20140912 15.84 16.33 16.50 15.81 105652
20140915 16.22 16.24 16.29 16.05 72816
20140916 16.20 15.65 16.24 15.57 85388
20140917 15.69 15.80 15.98 15.58 46982
20140918 15.86 16.16 16.24 15.83 74201
20140919 16.17 16.15 16.28 16.01 56420
20140922 16.00 15.86 16.10 15.73 51864
20140923 15.81 15.93 16.00 15.81 37285
20140924 15.93 16.44 16.59 15.93 143148
20140925 16.50 16.31 16.53 16.20 69900
20140926 16.50 16.80 16.99 16.40 134361
20140929 17.06 17.31 17.65 17.06 131047
20140930 17.36 17.21 17.55 17.02 79873
20141008 17.21 17.27 17.37 17.08 72128
20141009 17.25 17.43 17.55 17.21 95726
20141010 17.41 17.12 17.41 17.07 75677
20141013 17.12 17.36 17.45 16.80 78495
20141014 17.20 17.29 17.44 17.11 60205
20141015 17.21 17.45 17.46 17.08 66901
20141016 17.40 17.50 18.02 17.28 121529
20141017 17.55 18.01 18.18 17.46 132914
20141020 18.12 18.00 18.30 17.79 69359
20141021 18.03 17.59 18.09 17.59 57925
20141022 17.59 17.20 17.75 17.18 48727
20141023 17.22 17.20 17.47 17.01 55769
20141024 17.22 16.98 17.40 16.90 41163
20141027 16.87 16.92 16.96 16.49 70966
20141028 16.95 17.24 17.30 16.95 55928
20141029 17.29 17.47 17.48 17.13 78100
20141030 17.46 17.44 17.57 17.31 57126
20141031 17.47 17.23 17.50 17.00 71460
20141103 17.26 17.55 17.55 17.00 68881
20141104 17.47 17.38 17.72 17.11 52739
20141105 17.43 17.40 17.66 17.22 40734
20141106 17.30 16.89 17.40 16.82 112426
20141107 16.81 16.66 16.92 16.51 131980
20141110 16.67 16.86 16.88 16.42 115514
20141111 16.86 16.72 17.04 16.50 102341
20141112 16.62 16.88 16.89 16.60 54272
20141113 16.85 17.15 17.31 16.76 119825
20141114 17.12 17.00 17.12 16.70 50387
20141117 17.00 16.99 17.17 16.75 37711
20141118 16.99 17.08 17.19 16.89 36654
20141119 17.01 16.73 17.08 16.69 69254
20141120 16.68 16.88 16.91 16.57 41673
20141121 16.90 16.90 16.96 16.77 40546
20141124 17.01 17.20 17.37 16.75 112000
20141125 17.25 17.34 17.38 17.10 96726
20141126 17.35 17.40 17.46 17.20 97543
20141127 17.44 17.30 17.48 17.18 88459
20141128 17.20 17.59 17.65 17.20 150817
20141201 17.65 17.88 17.98 17.25 148172
20141202 17.85 17.91 17.96 17.65 139322
20141203 17.91 17.83 18.29 17.60 149430
20141204 17.83 17.71 17.99 17.60 241629
20141205 17.77 17.19 17.77 17.00 154510
20141208 17.30 17.42 17.56 17.30 131340
20141209 17.43 17.70 18.29 17.04 285283
20141210 17.70 18.85 19.10 17.51 231910
20141211 18.73 18.74 19.15 18.33 160124
20141212 18.85 19.51 19.55 18.60 169085
20141215 19.25 19.44 19.65 19.06 123611
20141216 19.44 19.10 19.50 18.69 125195
20141217 19.10 18.88 19.10 18.65 79574
20141218 18.74 18.93 19.26 18.74 74052
20141219 18.93 19.18 19.28 18.46 104917
20141222 19.18 19.90 19.92 18.30 183476
20141223 19.59 19.82 20.08 19.32 168473
20141224 19.83 18.80 19.98 18.80 121091
20141225 18.69 18.88 19.12 18.65 79295
20141226 19.00 18.86 19.08 18.73 55699
20141229 18.87 18.23 19.32 18.09 170703
20141230 18.18 18.26 18.45 17.79 83553
20141231 18.34 18.68 18.72 18.02 75265
20150105 18.75 19.12 19.45 18.53 165394
20150106 19.10 19.34 19.75 19.00 143338
20150107 19.33 19.39 19.75 19.18 89614
20150108 19.46 19.26 19.58 19.18 63283
20150109 19.26 19.10 19.45 19.00 79819
20150112 19.01 18.63 19.03 18.49 49746
20150113 18.63 18.81 18.93 18.50 42528
20150114 18.64 18.30 18.93 18.15 52549
20150115 18.71 19.29 19.64 18.71 113955
20150116 19.25 19.50 19.56 19.17 83092
20150119 19.00 20.31 20.86 18.75 281943
20150120 20.31 20.97 21.00 20.15 209105
20150121 21.00 20.94 21.09 20.65 140897
20150122 20.83 20.80 21.10 20.55 136697
20150123 20.78 20.86 21.48 20.50 179444
20150126 20.74 20.89 20.98 20.66 76111
20150127 20.95 21.23 21.46 20.76 120706
20150128 21.23 20.84 21.23 20.72 70485
20150129 20.60 20.63 20.89 20.30 78297
20150130 20.67 20.25 20.94 20.12 78203
20150202 20.30 20.40 21.02 20.26 65179
20150203 20.38 20.55 20.63 20.06 55292
20150204 20.60 19.99 20.60 19.89 100466
20150205 20.28 19.85 20.36 19.80 50037
20150206 19.80 19.93 20.07 19.72 39682
20150209 19.98 20.25 20.38 19.90 53472
20150210 20.22 20.00 20.22 19.81 38751
20150211 20.01 20.20 20.33 19.93 55107
20150212 20.16 20.05 20.19 19.90 51974
20150213 20.06 20.63 20.65 20.06 77352
20150216 20.69 20.76 20.97 20.55 66940
20150217 20.78 20.59 20.88 20.46 56472
20150225 20.59 20.41 20.67 20.20 38701
20150226 20.42 20.92 20.95 20.38 64033
20150227 20.92 21.10 21.15 20.81 78146
20150302 21.19 21.16 21.32 21.00 81053
20150303 21.08 20.80 21.08 20.71 92479
20150304 20.70 22.69 22.88 20.70 226220
20150422 24.96 24.96 24.96 24.96 2069
20150423 27.46 27.46 27.46 27.46 13970
20150424 28.70 26.86 28.70 26.28 393325
20150427 27.16 26.02 27.16 25.89 229778
20150428 26.02 25.08 26.02 24.90 180482
20150429 25.08 25.31 25.72 25.08 119192
20150430 25.21 24.89 25.45 24.80 106196
20150504 25.05 25.30 25.79 25.05 121810
20150505 25.39 24.02 25.43 23.88 139550
20150506 24.14 23.51 24.39 23.10 113398
20150507 23.43 24.04 24.55 23.39 108384
20150508 24.39 24.30 24.46 23.96 83993
20150511 24.45 25.03 25.05 24.00 159223
20150512 24.89 25.14 25.49 24.85 142677
20150513 25.01 26.11 26.27 24.64 222312
20150514 26.00 25.49 26.00 25.30 132440
20150515 25.50 24.40 25.50 24.27 110574
20150518 24.47 24.49 25.09 24.22 72411
20150519 24.45 24.98 25.20 24.40 90341
20150520 25.16 25.02 25.80 24.87 134895
20150521 25.00 26.40 26.49 25.00 208620
20150522 26.50 27.15 27.24 26.16 253690
20150525 26.88 27.32 27.50 26.60 191412
20150526 27.35 27.51 27.60 26.93 189671
20150527 27.65 26.77 27.79 26.50 206720
20150528 27.27 25.78 27.68 25.58 253858
20150529 25.50 25.00 26.26 24.00 171043
20150601 25.15 26.48 26.58 25.12 130589
20150602 26.60 27.00 27.16 26.37 138789
20150603 27.00 27.17 27.76 26.38 167468
20150604 27.08 26.25 27.13 25.16 142730
20150605 26.51 28.10 28.10 26.51 269693
20150608 28.20 29.11 29.30 27.38 275974
20150609 29.01 28.71 29.55 28.23 194417
20150610 28.51 28.67 29.45 27.96 152069
20150611 28.35 29.31 29.57 27.70 204162
20150612 29.31 29.94 30.75 29.11 250274
20150615 29.90 28.27 30.69 28.20 239673
20150616 27.90 26.89 27.93 26.75 150253
20150617 26.89 27.38 27.50 26.38 124503
20150618 27.40 26.30 27.84 26.30 113681
20150619 25.80 24.22 26.61 24.08 129315
20150623 24.40 25.44 25.50 22.38 140244
20150624 25.68 25.74 25.99 25.01 165432
20150625 25.85 24.84 26.47 24.40 168070
20150626 23.05 22.36 23.08 22.36 196541
20150629 22.55 21.51 22.95 20.12 225215
20150630 21.51 22.91 23.05 19.80 226191
20150701 23.00 21.76 23.86 21.56 222164
20150702 22.00 19.60 22.00 19.58 218208
20150703 19.01 18.02 20.01 17.87 181591
20150706 19.82 17.00 19.82 16.22 296985
20150707 16.58 15.30 16.70 15.30 281478
20150708 13.77 15.02 16.12 13.77 394760
20150709 15.10 16.52 16.52 15.10 195074
20150710 17.69 18.17 18.17 17.31 98819
20150713 19.80 19.99 19.99 19.08 242239
20150714 20.46 20.25 21.38 19.55 330262
20150715 19.85 18.59 20.40 18.36 204697
20150716 18.59 19.63 20.10 17.90 172460
20150717 19.88 20.70 21.20 19.75 258678
20150720 20.60 21.26 21.64 20.20 300005
20150721 21.20 22.34 22.58 20.70 317860
20150722 22.48 21.56 22.50 20.93 315401
20150723 21.62 21.93 22.10 21.45 250388
20150724 21.80 21.29 22.36 21.02 219701
20150727 20.75 19.16 21.85 19.16 269840
20150728 18.48 20.16 20.41 17.88 267308
20150729 20.40 21.90 22.00 19.94 226623
20150730 21.59 21.33 23.39 21.26 312416
