20140102 10.56 10.77 10.84 10.51 90911
20140103 10.71 10.53 10.87 10.40 97696
20140106 10.38 10.07 10.38 10.05 79980
20140107 10.07 10.23 10.36 10.02 54018
20140108 10.24 10.27 10.42 10.12 57252
20140109 10.27 10.28 10.53 10.27 82665
20140110 10.18 9.65 10.18 9.61 84296
20140113 9.69 9.55 9.82 9.42 60045
20140114 9.50 9.77 9.77 9.50 39154
20140115 9.78 9.95 10.00 9.71 50810
20140116 9.86 9.57 9.87 9.40 141970
20140117 9.50 9.13 9.51 9.11 79498
20140120 9.02 9.09 9.23 9.01 40865
20140121 9.25 9.22 9.47 9.07 87394
20140122 9.13 9.50 9.73 9.13 156203
20140123 9.40 9.40 9.57 9.34 104704
20140124 9.38 9.47 9.59 9.31 94841
20140127 9.40 9.48 9.49 9.24 109781
20140128 9.50 9.70 9.73 9.46 155714
20140129 9.63 9.55 9.68 9.49 78997
20140130 9.10 8.60 9.10 8.60 150444
20140207 8.42 8.60 8.65 8.39 68540
20140210 8.60 8.86 8.92 8.60 104660
20140211 8.86 8.91 8.98 8.77 94508
20140212 8.91 9.05 9.09 8.81 92480
20140213 9.14 8.81 9.14 8.80 87211
20140214 8.81 9.04 9.08 8.81 78668
20140217 9.04 9.19 9.22 9.03 115804
20140218 9.18 9.16 9.29 9.05 100653
20140219 9.14 9.38 9.61 9.08 182524
20140220 9.37 9.21 9.67 9.20 155750
20140221 9.21 8.90 9.27 8.82 115151
20140224 8.92 9.10 9.12 8.85 67181
20140225 9.11 8.62 9.16 8.46 91241
20140226 8.56 8.77 8.78 8.40 56739
20140227 8.69 8.66 8.91 8.66 54524
20140228 8.35 8.39 8.48 8.02 98450
20140303 8.31 8.30 8.38 8.17 68326
20140304 8.27 8.15 8.27 8.10 63643
20140305 8.16 8.22 8.31 8.12 64903
20140306 8.14 8.40 8.57 8.10 82046
20140307 8.40 8.40 8.63 8.31 77266
20140310 8.29 7.95 8.30 7.95 61042
20140311 7.90 7.85 7.97 7.72 45480
20140312 7.83 7.85 7.94 7.73 27589
20140313 7.88 7.94 7.96 7.83 28089
20140314 7.93 7.80 7.93 7.75 28764
20140317 7.84 8.00 8.03 7.81 38299
20140318 8.08 7.97 8.08 7.94 37101
20140319 7.95 8.07 8.18 7.84 56249
20140320 8.01 7.83 8.05 7.81 42229
20140321 7.83 8.05 8.05 7.74 41964
20140324 8.00 8.01 8.06 7.94 42323
20140325 8.12 8.46 8.59 8.11 163593
20140326 8.30 8.60 8.81 8.25 161103
20140327 8.51 8.43 8.71 8.40 110076
20140328 8.39 8.16 8.47 8.13 64531
20140401 7.70 7.83 7.91 7.36 120832
20140402 7.85 7.71 7.90 7.62 65162
20140403 7.72 7.56 7.72 7.54 62945
20140404 7.53 7.53 7.61 7.40 92790
20140408 7.45 7.57 7.58 7.43 50459
20140409 7.57 7.70 7.71 7.57 61370
20140410 7.69 7.80 7.85 7.63 74954
20140411 7.73 7.67 7.75 7.64 51489
20140414 7.56 7.70 7.72 7.53 47073
20140415 7.69 7.57 7.71 7.56 44822
20140416 7.57 7.54 7.62 7.49 29563
20140417 7.57 7.66 7.70 7.50 56511
20140418 7.62 7.81 7.85 7.50 97720
20140421 7.71 7.55 7.74 7.53 72789
20140422 7.54 7.55 7.59 7.45 29217
20140423 7.56 7.59 7.62 7.53 21899
20140424 7.58 7.39 7.64 7.37 44345
20140425 7.37 6.79 7.43 6.76 64695
20140428 6.80 6.38 6.85 6.34 66298
20140429 6.38 6.42 6.48 6.31 34207
20140430 6.42 6.50 6.54 6.37 27500
20140505 6.51 6.55 6.59 6.46 24784
20140506 6.58 6.59 6.67 6.56 22721
20140507 6.57 6.44 6.60 6.43 26084
20140508 6.40 6.49 6.56 6.38 19509
20140509 6.51 6.42 6.51 6.36 22474
20140512 6.44 6.62 6.64 6.44 35074
20140513 6.64 7.28 7.28 6.62 107398
20140514 7.43 7.09 7.43 7.08 154042
20140515 7.00 7.79 7.80 6.95 245616
20140516 7.62 8.32 8.51 7.52 356556
20140519 8.19 8.54 8.84 7.87 349951
20140520 8.40 8.29 8.81 8.24 276701
20140521 8.25 8.28 8.57 8.05 190887
20140522 8.27 8.19 8.59 8.16 226864
20140523 8.08 8.10 8.25 7.95 191377
20140526 8.05 8.36 8.41 8.00 225768
20140527 8.30 7.99 8.37 7.96 205938
20140528 7.91 8.13 8.14 7.81 163516
20140529 8.07 7.94 8.11 7.89 110114
20140530 7.88 8.18 8.25 7.85 194096
20140603 8.16 8.19 8.31 8.07 154833
20140604 8.14 8.45 8.59 8.12 257146
20140605 8.35 8.40 8.45 8.24 134602
20140606 8.35 8.13 8.65 8.02 150175
20140609 8.02 7.86 8.12 7.81 118323
20140610 7.86 7.95 7.99 7.72 86204
20140611 7.97 7.92 7.97 7.78 66929
20140612 7.89 7.75 7.94 7.75 88492
20140613 7.70 7.83 7.85 7.65 78836
20140616 7.92 8.20 8.28 7.88 189072
20140617 8.11 8.00 8.15 7.99 99913
20140618 8.00 8.56 8.56 7.98 284768
20140619 8.50 8.15 8.55 8.03 183379
20140620 8.10 8.37 8.45 7.86 161024
20140623 8.30 8.27 8.50 8.23 136219
20140624 8.24 8.68 8.76 8.19 262785
20140625 8.60 8.73 8.87 8.42 242210
20140626 8.60 8.64 8.92 8.57 250208
20140627 8.65 8.50 8.69 8.48 159932
20140630 8.50 8.50 8.59 8.37 129211
20140701 8.44 8.49 8.59 8.44 90792
20140702 8.50 8.40 8.56 8.33 109209
20140703 8.36 8.37 8.38 8.26 119969
20140704 8.37 8.70 8.87 8.28 261527
20140707 8.62 9.14 9.18 8.59 288427
20140708 9.12 9.11 9.25 8.88 204173
20140709 9.08 8.95 9.38 8.94 222320
20140710 8.90 9.08 9.18 8.82 125733
20140711 9.14 9.07 9.27 8.91 140190
20140714 9.07 9.15 9.19 8.89 100632
20140715 9.12 9.45 9.47 9.01 194611
20140716 9.41 9.09 9.45 9.06 144841
20140717 9.02 8.90 9.14 8.80 93432
20140718 8.90 9.12 9.18 8.90 97461
20140721 9.11 8.86 9.11 8.82 67712
20140722 8.88 9.06 9.07 8.88 64311
20140723 9.06 8.64 9.10 8.60 101718
20140724 8.69 8.33 8.76 8.25 116959
20140725 8.31 8.44 8.45 8.31 56339
20140728 8.44 8.60 8.63 8.44 67350
20140729 8.60 8.66 8.74 8.59 73283
20140730 8.66 9.02 9.12 8.63 163320
20140731 9.02 8.97 9.03 8.85 89768
20140801 8.96 8.69 9.07 8.68 103667
20140804 8.74 8.81 8.88 8.63 58936
20140805 8.83 9.30 9.60 8.77 282895
20140806 9.30 9.15 9.30 9.03 167330
20140807 9.12 9.22 9.26 9.10 111609
20140808 9.21 9.24 9.40 9.11 117040
20140811 9.21 9.37 9.38 9.17 131120
20140812 9.37 9.47 9.55 9.24 164256
20140813 9.40 9.35 9.54 9.21 115690
20140814 9.32 9.35 9.52 9.20 112380
20140815 9.33 9.33 9.41 9.23 68644
20140818 9.33 9.38 9.40 9.26 66078
20140819 9.41 9.24 9.45 9.18 99729
20140820 9.24 9.18 9.33 9.16 81405
20140821 9.15 9.19 9.23 9.07 64014
20140822 9.19 9.33 9.34 9.16 90517
20140825 9.27 9.10 9.37 9.08 77828
20140826 9.15 9.12 9.21 9.03 64316
20140827 9.01 9.14 9.17 9.01 47925
20140828 9.14 9.31 9.54 9.14 112828
20140829 9.20 9.23 9.29 9.09 51069
20140901 9.24 9.34 9.35 9.23 78535
20140902 9.37 9.43 9.47 9.29 132492
20140903 9.44 9.64 9.76 9.37 226139
20140904 9.61 9.63 9.63 9.47 132946
20140905 9.66 9.54 9.68 9.42 101155
20140909 9.55 9.48 9.55 9.38 87600
20140910 9.46 9.56 9.67 9.41 121777
20140911 9.44 9.46 9.65 9.36 150814
20140912 9.75 10.41 10.41 9.75 281705
20140915 10.80 11.25 11.45 10.61 718246
20140916 10.88 10.57 11.06 10.53 391496
20140917 10.75 11.19 11.63 10.65 541748
20140918 10.76 12.31 12.31 10.65 558814
20140919 12.33 12.18 13.08 12.05 782579
20140922 11.95 12.49 13.06 11.79 641032
20140923 12.20 12.32 12.71 12.10 350868
20140924 12.37 12.19 12.53 11.86 302041
20140925 12.18 12.10 12.31 11.98 284208
20140926 12.00 12.29 12.49 11.88 330555
20140929 12.09 11.95 12.50 11.91 414099
20140930 11.81 11.62 11.98 11.52 297601
20141008 11.62 11.94 11.95 11.55 196709
20141009 11.94 11.80 11.99 11.61 165854
20141010 11.76 11.75 11.81 11.61 130271
20141013 11.75 12.16 12.22 11.71 269928
20141014 12.43 12.12 12.60 12.08 336710
20141015 11.98 11.89 12.23 11.70 140906
20141016 11.80 11.23 11.80 11.22 192280
20141017 11.15 10.82 11.26 10.55 133452
20141020 10.89 11.06 11.12 10.80 105584
20141021 11.12 10.80 11.12 10.80 73994
20141022 10.75 10.62 10.90 10.62 62805
20141023 10.61 10.36 10.68 10.24 114050
20141024 10.38 10.50 10.53 10.31 64366
20141027 10.49 10.67 10.71 10.36 68711
20141028 10.70 10.98 10.99 10.64 106210
20141029 10.94 10.99 11.06 10.82 136904
20141030 10.91 10.91 11.10 10.88 112395
20141031 10.91 10.83 10.95 10.57 86024
20141103 10.78 11.02 11.04 10.74 98229
20141104 11.07 10.84 11.07 10.81 64608
20141105 10.80 11.29 11.38 10.71 188793
20141106 11.15 11.23 11.39 11.10 126313
20141107 11.28 10.83 11.30 10.77 117121
20141110 10.77 10.95 10.98 10.75 61717
20141111 11.05 10.11 11.05 9.90 120109
20141112 10.02 10.03 10.17 9.81 129317
20141113 10.05 9.87 10.13 9.69 94647
20141114 9.79 9.96 9.96 9.70 57428
20141117 10.00 10.08 10.17 9.87 74298
20141118 10.05 10.05 10.16 10.00 57509
20141119 10.10 10.08 10.18 9.87 113901
20141120 10.05 10.18 10.31 10.01 155039
20141121 10.20 10.24 10.30 10.12 99110
20141124 10.24 10.30 10.32 10.13 135818
20141125 10.31 10.58 10.60 10.28 157461
20141126 10.54 10.54 10.58 10.33 132355
20141127 10.54 10.59 10.77 10.45 140532
20141128 10.45 10.22 10.53 10.17 158525
20141201 10.20 9.93 10.20 9.90 103597
20141202 9.92 10.03 10.11 9.90 78808
20141203 10.03 10.28 10.29 9.90 144097
20141204 10.21 10.47 10.48 10.21 147477
20141205 10.48 9.98 10.53 9.71 137353
20141208 9.90 10.00 10.20 9.77 99501
20141209 10.00 9.53 10.01 9.50 129756
20141210 9.40 9.80 9.82 9.35 86853
20141211 9.77 9.97 10.05 9.68 87532
20141212 10.03 10.00 10.07 9.91 71149
20141215 9.99 10.28 10.30 9.91 143398
20141216 10.28 10.39 10.52 10.06 187158
20141217 10.39 10.08 10.39 10.02 107598
20141218 10.06 10.17 10.30 10.00 81284
20141219 10.17 9.90 10.17 9.62 112527
20141222 9.82 9.05 9.89 8.91 115302
20141223 9.05 8.89 9.22 8.88 56467
20141224 8.90 9.03 9.18 8.90 57436
20141225 9.12 9.10 9.15 9.00 56572
20141226 9.11 9.17 9.17 9.05 58833
20141229 9.15 8.94 9.17 8.90 63484
20141230 8.90 8.51 8.95 8.50 78845
20141231 8.51 8.63 8.65 8.44 59516
20150105 8.63 8.88 8.95 8.50 67342
20150106 8.84 9.00 9.02 8.72 67991
20150107 9.00 9.01 9.05 8.83 65170
20150108 9.00 9.14 9.38 8.92 107850
20150109 9.00 8.87 9.08 8.87 64858
20150112 8.86 8.65 8.87 8.58 46503
20150113 8.65 8.85 8.88 8.58 47139
20150114 8.86 8.92 8.92 8.81 38149
20150115 8.92 8.95 9.04 8.86 46922
20150116 8.87 8.92 9.01 8.85 51141
20150119 8.78 8.49 8.78 8.10 75254
20150120 8.49 8.68 8.72 8.49 64435
20150121 8.68 9.04 9.06 8.65 145057
20150122 8.99 9.54 9.90 8.95 291632
20150123 9.40 9.26 9.55 9.21 157873
20150126 9.26 9.47 9.48 9.26 90376
20150127 9.48 9.53 9.61 9.35 94628
20150128 9.56 9.74 9.95 9.56 232551
20150129 9.55 9.49 9.70 9.45 90979
20150130 9.46 9.31 9.63 9.30 71930
20150202 9.37 9.58 9.78 9.34 114941
20150203 9.65 9.78 9.85 9.60 117992
20150204 9.62 9.58 10.05 9.48 130377
20150205 9.58 9.40 9.70 9.36 87407
20150206 9.38 9.21 9.45 9.11 55291
20150209 9.18 9.15 9.33 9.14 36790
20150210 9.15 9.20 9.22 9.09 33543
20150211 9.24 9.34 9.43 9.21 36680
20150212 9.37 9.36 9.48 9.26 42452
20150213 9.38 9.45 9.58 9.36 70435
20150216 9.46 9.63 9.66 9.46 77388
20150217 9.66 9.66 9.75 9.55 87417
20150225 9.72 9.59 9.72 9.56 63832
20150226 9.61 9.80 9.82 9.58 103412
20150227 9.73 9.79 9.88 9.72 91205
20150302 9.81 9.95 10.00 9.79 136615
20150303 9.98 10.17 10.20 9.86 210508
20150304 10.21 10.16 10.39 10.07 177616
20150305 10.07 10.03 10.19 9.89 145495
20150306 10.16 10.48 10.50 10.06 287871
20150309 10.51 10.35 10.51 10.24 175315
20150310 10.38 10.36 10.54 10.30 170660
20150311 10.36 10.17 10.45 10.12 135931
20150312 10.17 10.12 10.30 10.04 88778
20150313 10.13 10.22 10.24 10.12 72866
20150316 10.25 10.41 10.42 10.19 147966
20150317 10.45 10.54 10.57 10.35 246397
20150318 10.46 10.76 10.85 10.46 252293
20150319 10.75 10.90 10.94 10.63 246265
20150320 10.80 10.88 10.92 10.72 170191
20150323 10.89 11.12 11.19 10.80 266543
20150324 11.08 10.80 11.13 10.50 239010
20150325 10.71 11.24 11.27 10.71 261385
20150326 11.18 11.55 11.72 11.08 389127
20150327 11.52 11.42 11.59 11.23 193154
20150330 11.40 11.42 11.53 11.30 194264
20150331 11.40 11.19 11.41 11.16 193184
20150401 11.20 11.42 11.50 11.15 199704
20150402 11.45 11.65 11.76 11.33 284516
20150403 11.55 11.66 11.69 11.38 264518
20150407 11.71 12.09 12.29 11.63 342249
20150408 12.05 11.78 12.05 11.52 247994
20150409 11.75 11.41 11.96 11.02 185631
20150410 11.45 11.66 11.69 11.33 181387
20150413 11.73 11.88 11.97 11.61 222173
20150414 11.92 11.97 12.02 11.72 239475
20150415 11.93 11.22 11.94 11.20 198744
20150416 11.15 11.36 11.47 11.00 141479
20150417 11.42 11.80 11.90 11.36 303104
20150420 11.65 12.30 12.39 11.52 478215
20150421 12.25 12.91 13.14 12.01 560506
20150422 12.91 12.87 13.03 12.71 436704
20150423 12.87 12.86 12.93 12.63 289185
20150424 12.68 13.16 13.18 12.51 435568
20150427 13.09 12.94 13.45 12.83 369737
20150428 12.96 12.47 13.27 12.40 282941
20150429 12.35 13.72 13.72 12.27 399689
20150430 13.63 13.41 14.45 13.35 507494
20150504 13.30 13.44 13.64 13.20 241362
20150505 13.43 13.43 13.90 13.31 295523
20150506 13.49 12.55 13.59 12.27 244193
20150507 12.55 11.70 12.55 11.66 176500
20150508 11.88 12.11 12.14 11.75 129513
20150511 12.28 12.74 12.88 12.06 186896
20150512 12.91 12.99 13.09 12.75 187815
20150513 12.99 13.18 13.30 12.66 234798
20150514 13.31 13.30 13.40 13.07 215648
20150515 13.25 12.71 13.25 12.65 180149
20150518 12.61 13.40 13.50 12.50 242150
20150519 13.41 13.71 14.00 13.20 251627
20150520 13.82 13.69 14.40 13.57 354696
20150521 13.60 13.96 14.09 13.50 240760
20150522 14.40 14.22 14.45 13.92 298722
20150525 14.18 14.80 14.98 14.01 301256
20150526 14.82 15.54 15.65 14.60 323746
20150527 15.73 15.37 15.83 15.00 297637
20150528 15.29 13.84 15.85 13.83 340936
20150529 13.81 13.94 14.38 12.90 241544
20150601 14.02 14.77 14.80 13.84 215020
20150602 14.99 15.50 15.50 14.80 272446
20150603 15.57 16.48 17.00 15.57 344114
20150604 16.46 16.31 16.48 14.83 258360
20150605 16.50 16.67 17.32 16.30 280670
20150608 16.68 16.22 16.98 16.18 204260
20150609 16.22 16.27 16.48 15.81 181884
20150610 15.82 16.33 16.63 15.82 184689
20150611 16.37 17.10 17.19 16.11 234452
20150612 17.11 17.32 18.00 16.91 262136
20150615 17.32 17.01 17.46 16.97 194331
20150616 16.81 16.15 16.81 15.82 175772
20150617 16.43 16.25 16.43 15.18 168272
20150618 16.05 15.68 16.48 15.63 150584
20150619 15.50 14.11 15.50 14.11 160081
20150623 14.00 14.28 14.39 12.71 168987
20150624 14.10 14.63 14.80 14.10 163289
20150625 14.72 13.87 14.74 13.53 141529
20150626 13.50 12.48 13.50 12.48 164913
20150629 12.74 11.24 12.74 11.23 171381
20150630 11.01 12.01 12.09 10.12 202136
20150701 11.82 10.81 12.24 10.81 189480
20150702 10.75 10.01 11.36 9.81 206264
20150703 9.75 9.30 10.52 9.01 220148
20150706 10.23 8.74 10.23 8.37 284735
20150707 7.95 7.87 8.45 7.87 111964
20150708 7.08 8.08 8.49 7.08 467010
20150709 8.08 8.89 8.89 8.08 175985
20150710 9.01 9.78 9.78 8.98 176033
20150713 10.20 10.76 10.76 9.90 263696
20150714 10.55 10.37 11.28 10.11 301162
20150715 10.03 9.33 10.08 9.33 172283
20150716 9.33 9.59 9.98 8.50 146961
20150717 9.70 10.19 10.39 9.60 142844
20150720 10.20 10.25 10.51 9.81 162087
20150721 10.00 10.26 10.45 9.86 119654
20150722 10.21 10.53 10.65 9.98 176407
20150723 10.58 10.80 10.87 10.38 193227
20150724 10.88 10.48 11.19 10.30 239487
20150727 10.12 9.43 10.42 9.43 159851
20150728 8.65 9.55 9.81 8.55 183064
20150729 9.80 10.05 10.10 9.15 117272
20150730 9.92 9.72 10.29 9.68 129346
