20140102 11.60 11.90 11.96 11.43 43578
20140103 11.95 11.72 11.96 11.61 35861
20140106 11.78 12.10 12.51 11.60 103424
20140107 11.88 12.25 12.25 11.76 57067
20140108 12.20 12.08 12.77 12.08 83410
20140109 11.90 11.53 12.08 11.47 73365
20140110 11.40 10.72 11.53 10.61 70168
20140113 10.79 10.92 11.06 10.70 37899
20140114 10.96 11.24 11.25 10.81 33152
20140115 11.22 11.35 11.39 11.08 30294
20140116 11.35 11.09 11.39 10.99 43376
20140117 11.09 10.80 11.26 10.80 37327
20140120 10.75 10.94 11.07 10.75 25943
20140121 10.94 11.13 11.17 10.85 29499
20140122 11.15 11.67 11.75 11.05 65326
20140123 11.67 11.80 11.95 11.67 65510
20140124 11.71 12.10 12.37 11.71 67555
20140127 11.90 11.92 12.07 11.75 43869
20140128 11.92 12.00 12.20 11.75 30562
20140129 12.00 11.92 12.03 11.78 28873
20140130 11.88 11.77 11.94 11.65 28884
20140207 11.75 12.95 12.95 11.70 114756
20140210 13.04 13.70 14.25 13.04 202673
20140211 13.70 14.19 14.35 13.46 127659
20140212 14.01 13.97 14.08 13.73 63659
20140213 13.92 13.48 14.46 13.48 97823
20140214 13.47 13.91 13.96 13.35 62764
20140217 13.88 14.85 14.86 13.81 82398
20140218 14.84 14.62 15.10 14.48 60779
20140219 14.68 14.41 14.80 14.25 41921
20140220 14.39 13.46 14.55 13.31 68178
20140221 13.48 13.50 13.90 13.38 41422
20140224 13.57 13.82 13.83 13.21 38785
20140225 13.69 12.68 13.95 12.49 67482
20140226 12.67 12.46 12.84 11.83 57838
20140227 12.42 12.43 12.94 12.38 53207
20140228 12.43 12.72 12.78 12.30 27010
20140303 12.69 12.89 12.97 12.44 47098
20140304 12.77 13.27 13.70 12.69 64081
20140305 13.31 12.85 13.40 12.81 46596
20140306 12.83 13.05 13.05 12.40 36202
20140307 13.05 12.97 13.28 12.83 25993
20140310 12.70 12.50 13.01 12.44 33965
20140311 12.40 12.68 12.75 12.40 21466
20140312 12.70 12.68 12.76 12.32 14497
20140313 12.68 13.14 13.14 12.53 28258
20140314 13.08 13.43 13.56 13.00 42003
20140317 13.34 13.75 13.77 13.30 36043
20140318 13.85 13.50 13.85 13.46 29340
20140319 13.43 13.39 13.47 13.19 27892
20140320 13.36 12.97 13.75 12.95 30783
20140321 12.78 13.28 13.34 12.56 21777
20140324 13.30 13.19 13.45 12.98 30491
20140325 13.19 13.13 13.28 12.92 26098
20140326 13.21 13.20 13.30 13.08 16699
20140327 13.19 13.54 13.60 13.09 43514
20140328 13.52 12.19 13.73 12.19 61781
20140331 12.00 11.61 12.29 11.14 50643
20140401 11.58 11.78 11.81 11.44 16538
20140402 11.79 11.44 11.85 11.36 16231
20140403 11.44 11.59 11.81 11.40 13531
20140404 11.59 11.70 11.72 11.45 9466
20140408 11.63 11.86 11.92 11.61 22054
20140409 11.90 11.96 12.01 11.81 17218
20140410 11.97 11.90 12.20 11.89 20018
20140411 11.90 11.99 12.06 11.75 12027
20140414 12.02 12.02 12.11 11.88 11235
20140415 12.05 11.85 12.05 11.81 17058
20140416 11.82 11.71 11.83 11.56 18644
20140417 11.78 11.99 12.00 11.66 18406
20140418 11.70 11.46 11.70 11.30 43909
20140421 11.32 10.91 11.37 10.80 35120
20140422 10.92 11.00 11.00 10.73 16240
20140423 10.95 10.92 11.15 10.86 12491
20140424 11.05 11.00 11.10 10.90 13217
20140425 10.94 10.73 11.05 10.67 11075
20140428 10.59 10.16 10.70 10.14 19514
20140429 10.17 10.54 10.55 10.17 18550
20140430 10.52 10.53 10.61 10.44 12992
20140505 10.48 10.66 10.69 10.48 12434
20140506 10.73 10.88 11.03 10.68 16576
20140507 10.77 10.52 10.82 10.51 15267
20140508 10.45 10.53 10.71 10.44 12340
20140509 10.53 10.41 10.58 10.33 7026
20140512 10.53 10.79 10.82 10.48 15810
20140513 10.78 10.79 10.92 10.67 10227
20140514 10.72 10.82 10.86 10.72 8705
20140515 10.79 10.42 10.80 10.41 11192
20140516 10.47 10.45 10.54 10.31 9063
20140519 10.41 10.42 10.55 10.35 5945
20140520 10.60 10.56 10.69 10.49 10022
20140521 10.60 10.73 10.73 10.48 9409
20140522 10.77 10.68 10.97 10.67 16825
20140523 10.68 10.85 10.85 10.60 9645
20140526 10.86 11.09 11.09 10.82 15983
20140527 11.06 10.97 11.13 10.95 14143
20140528 10.99 11.23 11.29 10.98 20172
20140529 11.25 10.93 11.30 10.86 15258
20140530 10.94 11.06 11.08 10.89 8655
20140603 11.00 10.93 11.06 10.92 10593
20140604 10.89 10.62 10.90 10.54 14343
20140605 10.69 10.81 10.83 10.52 13032
20140606 10.76 10.67 10.84 10.60 9214
20140609 10.67 10.64 10.79 10.61 7244
20140610 10.64 10.95 10.98 10.61 13640
20140611 10.90 11.17 11.37 10.88 24282
20140612 11.02 11.24 11.44 10.87 40097
20140613 11.17 11.34 11.66 11.05 36632
20140616 11.38 11.25 11.42 11.24 25010
20140617 11.30 11.05 11.36 11.04 16686
20140618 11.05 11.06 11.14 11.03 12173
20140619 11.05 10.51 11.11 10.39 22266
20140620 10.49 10.58 10.59 10.46 10070
20140623 10.60 11.19 11.25 10.57 26550
20140624 11.18 11.19 11.24 11.03 15031
20140625 11.17 11.01 11.17 11.00 11893
20140626 11.12 11.20 11.36 11.08 26672
20140627 11.20 11.28 11.39 11.20 22782
20140630 11.21 11.49 11.52 11.21 33983
20140701 11.53 11.56 11.66 11.40 23459
20140702 11.51 11.50 11.58 11.31 23293
20140703 11.41 11.80 12.01 11.41 48759
20140704 11.75 11.87 11.98 11.70 26635
20140707 11.88 12.00 12.17 11.70 31119
20140708 11.99 12.06 12.06 11.84 25886
20140709 12.04 11.70 12.08 11.68 29964
20140710 11.70 11.60 11.88 11.60 16757
20140711 11.60 12.01 12.03 11.60 25383
20140714 12.00 12.28 12.35 12.00 31897
20140715 12.30 12.04 12.32 11.93 22312
20140716 12.04 11.89 12.19 11.88 15086
20140717 11.89 12.16 12.19 11.80 16957
20140718 12.16 11.93 12.16 11.91 16920
20140721 11.94 12.01 12.12 11.86 30115
20140722 12.06 12.10 12.11 11.91 24386
20140723 12.09 12.21 12.29 11.97 43301
20140724 12.22 12.00 12.27 11.77 30873
20140725 11.93 12.08 12.16 11.92 20531
20140728 12.13 12.39 12.40 12.05 36525
20140729 12.35 12.53 12.62 12.27 32134
20140730 12.53 12.46 12.59 12.36 18520
20140731 12.45 12.72 12.79 12.36 31478
20140801 12.68 12.37 12.70 12.37 26105
20140804 12.36 12.57 12.65 12.36 20013
20140805 12.58 12.62 12.72 12.53 18979
20140806 12.56 13.03 13.07 12.52 45532
20140807 13.03 12.87 13.10 12.86 33568
20140808 12.93 13.06 13.09 12.85 17646
20140811 13.06 13.12 13.41 13.06 29533
20140812 13.15 13.35 13.35 13.06 22805
20140813 13.28 13.34 13.41 13.19 17895
20140814 13.34 13.10 13.40 13.10 19403
20140815 13.13 13.14 13.20 13.03 16070
20140818 13.15 13.23 13.41 13.14 23823
20140819 13.20 13.26 13.37 13.20 26879
20140820 13.26 13.01 13.28 12.85 23918
20140821 13.13 13.28 13.29 12.90 25355
20140822 13.32 13.38 13.40 13.22 31033
20140825 13.60 14.72 14.72 13.60 73209
20140826 15.10 14.71 15.72 14.70 167078
20140827 14.40 14.80 15.08 14.30 76912
20140828 14.90 15.28 15.56 14.60 84185
20140829 15.08 15.43 15.50 14.81 60079
20140901 15.35 16.10 16.53 15.08 90302
20140902 16.10 16.27 16.46 15.85 70004
20140903 16.19 17.00 17.40 16.00 95808
20140904 17.01 18.50 18.68 16.73 103169
20140905 18.44 18.30 18.70 18.04 74033
20140909 18.10 18.10 18.31 17.69 77705
20140910 17.97 18.36 18.42 17.74 55119
20140911 18.10 17.68 18.66 17.45 55785
20140912 17.80 17.93 18.05 17.67 26063
20140915 17.98 18.76 19.00 17.82 61149
20140916 18.78 17.30 18.86 17.30 66990
20140917 17.20 16.96 17.34 16.70 37984
20140918 17.03 17.24 17.55 17.03 21408
20140919 17.25 18.12 18.22 16.94 31199
20140922 18.01 17.46 18.04 17.30 24030
20140923 17.43 17.71 17.75 17.38 13966
20140924 17.66 18.10 18.10 17.47 23956
20140925 18.10 18.63 19.21 18.10 44973
20140926 18.51 18.55 18.93 18.18 24393
20140929 18.42 18.35 18.54 18.10 14133
20140930 18.35 17.95 18.45 17.78 27500
20141008 17.96 17.56 18.13 17.34 49637
20141009 17.54 17.75 17.76 17.16 34397
20141010 17.58 17.56 17.91 17.42 18293
20141013 17.56 18.17 18.24 17.15 30275
20141014 18.14 18.89 19.13 17.87 60078
20141015 18.81 19.20 19.28 18.63 40117
20141016 19.09 19.55 20.11 18.91 50307
20141017 19.47 18.78 19.80 18.01 30597
20141020 18.65 19.16 19.38 18.25 29562
20141021 19.00 18.74 19.28 18.55 12912
20141022 18.72 17.89 18.79 17.84 23451
20141023 17.89 17.55 18.11 17.37 20110
20141024 17.55 17.65 17.85 17.52 9364
20141027 17.80 18.19 18.50 17.65 18327
20141028 18.08 19.00 19.18 18.05 30413
20141029 19.00 19.08 19.29 18.67 26616
20141030 19.08 18.72 19.30 18.63 17144
20141031 18.88 18.60 18.89 18.26 17736
20141103 18.60 18.68 18.75 17.96 37972
20141104 18.68 18.57 19.07 18.35 44430
20141105 18.50 19.92 19.96 18.26 63953
20141106 19.84 20.00 20.15 19.68 36064
20141107 20.00 20.20 20.90 19.86 57393
20141118 20.23 20.67 20.77 19.04 63655
20141119 20.50 21.55 21.98 20.50 53971
20141120 21.48 21.32 21.66 20.98 30547
20141121 21.32 21.02 21.50 20.70 25988
20141124 21.02 20.75 21.49 20.70 25135
20141125 20.75 21.79 21.89 20.71 31637
20141126 21.68 21.35 21.69 21.18 22052
20141127 21.73 21.42 21.73 21.05 14864
20141128 21.28 20.40 21.41 20.21 38313
20141201 20.39 19.43 20.39 19.39 32475
20141202 19.42 19.60 20.22 19.32 24982
20141203 19.50 20.26 20.44 18.50 69159
20141204 20.08 19.88 20.20 19.65 32245
20141205 19.90 18.67 19.90 18.58 53831
20141208 18.83 18.28 18.83 17.56 77774
20141209 17.88 18.17 19.60 17.46 52419
20141210 18.10 18.58 18.85 17.70 28011
20141211 18.30 18.35 18.55 17.77 22114
20141212 18.40 18.61 18.64 18.10 16536
20141215 18.62 18.79 18.92 18.15 31979
20141216 18.68 18.35 18.86 18.26 29368
20141217 18.30 17.98 18.30 17.50 28385
20141218 17.87 18.13 18.30 17.60 26480
20141219 18.23 18.20 18.79 18.10 28705
20141222 18.31 16.71 18.55 16.67 31852
20141223 16.65 16.71 17.10 16.51 27597
20141224 16.72 17.63 17.88 16.72 29388
20141225 17.92 18.70 18.80 17.83 43097
20141226 18.70 18.63 19.17 18.48 24242
20141229 18.63 17.84 18.87 17.60 30158
20141230 17.90 18.06 18.45 17.72 17276
20141231 18.18 18.20 18.29 17.98 11111
20150105 18.20 18.03 18.40 17.09 19514
20150106 17.97 18.79 18.79 17.50 30466
20150107 18.67 18.94 19.60 18.65 36780
20150108 18.95 19.35 19.64 18.70 33979
20150109 19.31 19.71 20.55 19.21 49947
20150112 19.45 19.50 19.76 19.01 22899
20150113 19.52 19.50 19.74 19.06 14874
20150114 19.40 20.08 20.49 19.20 31806
20150115 19.95 20.41 20.93 19.88 31014
20150116 20.50 20.42 20.60 20.10 23474
20150119 22.46 22.46 22.46 22.45 72040
20150120 22.88 24.71 24.71 22.47 173668
20150121 24.71 25.60 26.55 24.30 172727
20150122 25.27 25.65 26.40 24.91 135024
20150123 25.65 24.52 25.65 24.42 94044
20150126 24.42 24.73 24.84 24.21 74674
20150127 24.97 24.76 25.09 24.11 49167
20150128 24.50 24.98 25.03 24.13 49687
20150129 24.70 24.33 25.54 24.30 42093
20150130 24.00 24.10 24.28 23.33 56873
20150202 23.73 23.97 24.10 23.50 16709
20150203 24.02 24.19 24.23 23.76 27189
20150204 24.35 23.61 24.35 23.60 23338
20150205 23.69 23.45 23.89 23.34 25001
20150206 23.43 22.21 23.50 22.05 34737
20150209 22.06 21.73 22.38 21.71 17132
20150213 22.00 23.20 23.90 22.00 70174
20150216 23.19 24.06 24.16 22.80 46120
20150217 24.05 24.00 24.19 23.80 18916
20150225 24.05 23.58 24.11 23.45 14648
20150226 23.65 23.66 23.86 23.41 13219
20150227 23.80 24.00 24.15 23.66 21245
20150302 24.10 25.40 25.55 24.03 61069
20150303 25.60 24.57 25.80 24.40 55986
20150304 24.50 24.71 24.73 24.20 27349
20150305 24.71 24.60 24.71 24.25 17336
20150306 24.67 25.17 25.35 24.45 44707
20150309 24.95 25.41 25.47 24.58 34594
20150310 25.41 25.70 25.90 24.98 35724
20150311 25.68 25.26 25.89 25.18 22397
20150312 25.48 24.64 25.48 24.43 28615
20150313 24.56 24.64 24.79 24.30 24104
20150316 24.68 25.11 25.20 24.62 37911
20150317 25.01 25.78 26.19 25.00 63613
20150318 26.48 27.55 28.00 26.40 103070
20150319 27.20 27.88 28.05 27.07 71622
20150320 27.98 29.49 29.74 27.65 76324
20150323 29.80 32.44 32.44 28.96 100559
20150324 33.00 34.40 35.00 31.28 111819
20150325 33.87 35.57 37.40 33.40 85425
20150326 34.99 32.23 34.99 32.10 101288
20150327 31.89 32.10 32.59 30.66 74576
20150330 31.70 32.59 32.79 31.51 54192
20150331 33.15 34.55 35.50 32.80 82225
20150401 34.10 36.17 36.88 34.10 87644
20150402 36.47 36.60 36.78 34.60 91197
20150403 36.00 38.68 39.60 35.70 106593
20150407 39.20 40.60 40.96 37.90 83489
20150408 40.50 43.40 44.18 39.90 151632
20150409 42.95 44.80 45.79 39.85 149332
20150410 43.30 42.88 45.45 42.80 152754
20150413 42.88 42.10 44.28 41.93 103730
20150414 42.11 40.60 42.98 40.00 90631
20150415 40.50 37.20 40.50 37.20 86144
20150416 36.07 37.32 38.19 35.52 51711
20150417 37.60 37.15 38.30 37.14 49831
20150420 37.30 34.03 37.50 33.90 113357
20150421 34.00 36.18 36.78 33.86 89833
20150422 36.26 36.72 37.42 35.85 108778
20150423 36.70 37.78 37.83 36.15 92879
20150424 37.10 38.65 39.82 36.30 88047
20150427 38.95 37.86 39.62 37.61 78593
20150428 37.66 35.19 37.99 34.81 87603
20150429 35.06 35.71 36.25 34.70 38689
20150430 35.71 35.40 36.67 35.31 49132
20150504 35.45 35.95 37.00 35.45 48217
20150505 35.95 34.90 36.03 34.85 38777
20150506 34.89 35.00 35.98 34.89 49018
20150507 34.85 32.40 35.33 32.10 51402
20150508 33.80 35.07 35.07 33.36 66342
20150511 36.30 38.58 38.58 35.90 96719
20150512 39.26 39.75 40.30 38.30 111325
20150513 40.00 40.25 40.95 38.60 95133
20150514 40.32 39.29 40.81 39.20 91773
20150515 15.80 15.08 15.95 15.00 170152
20150518 15.08 15.90 16.29 14.60 315975
20150519 15.91 16.50 16.66 15.86 312642
20150520 16.63 17.14 18.15 16.63 415646
20150521 17.30 18.01 18.10 17.30 321485
20150522 18.28 17.83 18.87 17.52 294246
20150525 17.57 18.11 18.23 17.01 288260
20150526 18.35 19.20 19.21 18.32 335248
20150527 19.38 21.12 21.12 19.37 440439
20150611 23.23 23.23 23.23 23.23 7801
20150612 25.17 22.48 25.17 22.16 593329
20150615 22.00 20.90 22.07 20.50 297973
20150616 20.95 21.04 21.97 20.80 211508
20150617 21.07 20.15 21.46 18.95 231025
20150618 20.16 18.44 20.16 18.40 198971
20150619 17.88 16.60 17.88 16.60 177112
20150623 16.10 16.68 16.76 15.00 177891
20150624 16.85 16.84 17.40 16.40 167356
20150625 16.70 15.50 16.95 15.21 167018
20150626 14.71 13.95 15.02 13.95 173859
20150629 14.60 12.57 14.60 12.56 205669
20150630 12.70 13.83 13.83 11.36 238928
20150701 13.90 14.06 14.96 13.50 276253
20150702 14.21 13.29 14.59 12.80 202063
20150703 12.99 11.96 13.70 11.96 214035
20150706 13.15 11.05 13.15 10.76 222397
20150707 10.24 9.95 10.75 9.95 83351
20150708 8.96 10.10 10.52 8.96 381706
20150709 9.61 11.11 11.11 9.61 177034
20150710 12.21 12.22 12.22 11.70 56231
20150713 13.44 13.44 13.44 13.02 147865
20150714 14.00 13.89 14.73 13.51 267387
20150715 13.35 12.50 13.60 12.50 189585
20150716 12.50 12.82 13.23 11.25 232495
20150717 12.88 13.89 13.99 12.82 136021
20150720 14.14 14.14 14.79 13.65 195595
20150721 13.90 14.07 14.45 13.70 116690
20150722 13.84 13.95 14.20 13.57 106968
20150723 13.95 14.35 14.51 13.85 121479
20150724 14.50 14.01 14.89 13.85 151912
20150727 13.74 12.61 14.25 12.61 134770
20150728 11.55 11.88 12.90 11.39 128831
20150729 12.29 12.85 12.90 11.60 111477
20150730 12.66 12.00 13.00 11.91 90495
