20140102 25.30 25.65 25.89 25.30 12854
20140103 25.65 24.65 25.75 24.47 17475
20140106 24.61 23.26 24.61 22.72 22957
20140107 23.13 23.28 23.56 22.80 9124
20140108 23.28 22.94 23.82 22.82 10067
20140109 23.91 23.04 23.91 22.62 12025
20140110 22.83 23.28 23.75 22.81 11681
20140113 23.28 22.36 23.40 22.20 10641
20140114 22.36 21.85 22.54 21.42 22813
20140115 21.85 21.80 22.28 21.67 16314
20140116 21.72 21.98 22.16 21.72 9567
20140117 22.00 21.95 22.37 21.80 11041
20140120 22.10 21.01 22.10 20.97 11800
20140121 21.03 20.51 22.51 19.72 40905
20140122 20.21 21.30 21.35 20.10 22616
20140123 21.27 20.75 21.29 20.75 26845
20140124 20.92 20.99 21.19 20.75 17875
20140127 20.99 21.00 21.35 20.90 20240
20140128 21.04 20.70 21.81 20.60 17108
20140129 20.80 21.15 21.26 20.50 18911
20140130 20.80 20.74 20.82 20.45 14423
20140207 20.66 21.29 21.42 20.50 19645
20140210 21.54 21.90 21.96 21.29 24730
20140211 22.10 21.87 22.18 21.70 19504
20140212 21.87 21.96 22.03 21.66 20172
20140213 21.94 21.50 21.94 21.50 19159
20140214 21.48 21.38 21.80 21.28 27346
20140217 21.55 22.07 22.08 21.13 34944
20140218 22.60 22.99 23.38 22.30 53702
20140219 23.00 22.72 23.18 22.55 27177
20140220 23.05 23.23 23.66 22.85 34755
20140221 23.50 24.83 25.15 23.14 60455
20140224 24.83 24.94 25.43 24.54 41417
20140225 24.93 23.36 24.93 23.15 53878
20140226 23.40 23.17 23.48 22.48 26991
20140227 23.11 22.72 24.00 22.61 21464
20140228 22.40 23.08 23.19 22.23 15700
20140303 23.06 23.38 23.58 22.80 12964
20140304 23.28 23.55 23.59 22.90 14905
20140305 23.57 23.76 24.15 23.20 24298
20140306 23.66 23.31 23.75 22.79 19903
20140307 23.30 22.50 23.30 22.50 22561
20140310 22.48 21.15 22.51 21.07 16215
20140311 21.13 21.09 21.45 20.85 14653
20140312 21.28 20.92 21.28 20.50 11581
20140313 20.98 21.04 21.15 20.92 8106
20140314 21.00 21.16 21.24 20.90 5972
20140317 21.16 22.00 22.07 21.11 16675
20140318 21.96 21.91 22.24 21.86 13272
20140319 21.87 22.05 22.19 21.45 7660
20140320 21.98 21.50 22.23 21.50 6214
20140321 21.18 21.35 21.57 20.68 14159
20140324 21.62 21.97 22.26 21.52 16182
20140325 21.78 21.60 22.50 21.50 17085
20140326 21.69 21.68 21.90 21.50 8173
20140327 21.64 20.85 21.64 20.58 22219
20140328 20.70 18.77 20.70 18.77 37630
20140627 13.70 13.70 13.70 13.61 69158
20140630 14.10 13.41 14.19 12.96 148961
20140701 13.39 13.79 13.79 13.21 65090
20140702 13.80 13.75 14.05 13.66 49871
20140703 13.68 13.98 14.06 13.61 62646
20140704 13.89 14.90 15.33 13.85 96013
20140707 14.90 14.92 15.14 14.66 47714
20140708 14.90 14.99 15.09 14.63 40356
20140709 14.88 15.45 15.90 14.88 63033
20140710 15.50 15.58 15.72 15.34 33483
20140711 15.48 15.57 15.72 15.41 26232
20140714 15.58 15.68 15.80 15.37 27979
20140715 15.69 15.31 15.78 15.04 40090
20140716 15.30 14.75 15.30 14.72 33957
20140717 14.78 14.80 14.89 14.62 12237
20140718 14.80 14.88 15.10 14.77 19506
20140721 14.86 14.96 15.24 14.80 14922
20140722 14.90 15.30 15.35 14.90 29252
20140723 15.24 14.88 15.40 14.78 23456
20140724 14.99 14.44 14.99 14.30 26389
20140725 14.48 14.47 14.69 14.18 16199
20140728 14.56 14.70 14.72 14.53 23983
20140729 14.71 14.89 14.95 14.68 22205
20140730 14.83 15.28 15.30 14.70 35233
20140731 15.30 15.14 15.48 15.06 36472
20140801 15.14 15.00 15.34 14.99 37575
20140804 15.00 15.09 15.16 14.90 31688
20140805 15.11 15.08 15.18 14.92 29702
20140806 15.09 15.17 15.17 14.92 34818
20140807 15.17 14.91 15.17 14.90 22355
20140808 14.91 15.11 15.13 14.83 24212
20140811 15.13 15.15 15.17 15.03 27166
20140812 15.14 14.99 15.15 14.94 30241
20140813 15.00 15.15 15.16 14.96 29004
20140814 15.12 15.53 15.55 15.11 64301
20140815 15.50 15.55 15.70 15.38 42335
20140818 15.60 16.07 16.15 15.47 67935
20140819 16.01 16.39 16.79 15.65 117177
20140820 16.39 16.23 16.59 16.20 50536
20140821 16.23 16.06 16.36 15.90 35232
20140822 16.12 16.15 16.21 16.05 25009
20140825 16.15 15.91 16.18 15.90 24169
20140826 15.91 15.75 16.29 15.72 32116
20140827 15.70 15.79 15.95 15.69 15645
20140828 15.90 15.60 15.95 15.56 15185
20140829 15.60 15.82 15.82 15.58 11525
20140901 15.82 15.77 15.88 15.65 49197
20140902 15.82 15.98 15.99 15.66 71383
20140903 15.96 15.98 16.07 15.85 53241
20140904 15.98 15.89 16.05 15.74 78875
20140905 15.88 15.73 15.91 15.61 49202
20140909 15.71 16.14 16.20 15.58 83643
20140910 16.15 16.25 16.34 15.97 76406
20140911 16.26 15.93 16.33 15.90 72602
20140912 15.80 16.00 16.03 15.74 32574
20140915 15.97 16.26 16.27 15.77 77881
20140916 16.26 15.68 16.40 15.40 75010
20140917 15.86 16.37 16.40 15.61 112849
20140918 16.36 16.70 16.89 16.25 173982
20140919 16.67 16.44 16.73 16.35 83158
20140922 16.40 16.51 16.65 16.31 58404
20140923 16.43 16.33 16.54 16.18 54647
20140924 16.27 16.39 16.44 16.15 52294
20140925 16.42 16.15 16.48 16.10 54483
20140926 16.16 16.13 16.18 15.90 35044
20140929 16.15 16.29 16.33 16.15 36981
20140930 16.34 16.30 16.37 16.19 34964
20141008 16.35 16.67 16.75 16.23 66657
20141009 16.83 16.88 17.23 16.57 117847
20141010 16.79 17.04 17.09 16.67 97080
20141013 16.93 16.60 16.98 16.45 133988
20141014 16.60 16.38 16.65 16.28 71896
20141015 16.30 16.65 16.79 16.27 84962
20141016 16.56 16.49 16.98 16.49 109716
20141017 16.45 15.91 16.51 15.50 84934
20141020 15.92 15.87 16.00 15.84 43621
20141021 15.93 15.38 15.96 15.35 77116
20141022 15.45 15.23 15.54 15.22 38226
20141023 15.23 14.80 15.37 14.74 42801
20141024 14.81 14.85 14.95 14.80 28677
20141027 13.93 14.85 15.10 13.93 53995
20141028 14.74 15.23 15.28 14.70 37890
20141029 15.28 15.44 15.45 15.12 64688
20141030 15.40 15.67 15.70 15.32 69200
20141031 15.66 15.39 15.66 15.23 64947
20141103 15.41 15.41 15.48 15.32 33347
20141104 15.41 15.63 15.64 15.38 36059
20141105 15.59 15.53 15.63 15.42 23570
20141106 15.53 15.28 15.53 15.16 30075
20141107 15.20 15.08 15.60 15.02 47652
20141110 15.10 15.05 15.24 14.90 25122
20141111 15.05 14.82 15.06 14.61 45872
20141112 14.66 14.94 15.00 14.65 15681
20141113 14.87 14.62 14.90 14.58 27170
20141114 14.56 14.63 14.78 14.55 12242
20141117 14.69 14.91 15.00 14.51 19772
20141118 14.87 15.35 15.37 14.78 35377
20141119 15.30 15.36 15.50 15.23 21110
20141120 15.40 15.28 15.46 15.21 14363
20141121 15.29 15.07 15.29 14.90 28061
20141124 15.14 15.14 15.25 15.01 24748
20141125 15.11 15.19 15.19 15.02 25228
20141126 15.17 15.01 15.22 14.95 32554
20141127 15.20 15.37 15.48 15.13 45360
20141128 15.39 15.18 15.39 15.09 33332
20141201 14.97 15.06 15.15 14.82 33245
20141202 14.92 14.89 15.07 14.81 47286
20141203 14.89 14.82 14.97 14.62 52406
20141204 14.82 14.91 14.97 14.70 51878
20141205 14.93 14.46 15.00 14.35 64550
20141208 14.35 14.20 14.40 14.09 53463
20141209 14.08 13.72 14.13 13.50 72715
20141210 13.66 13.96 13.98 13.63 40402
20141211 13.95 14.07 14.09 13.86 32710
20141212 14.04 14.05 14.19 13.96 35525
20141215 14.03 14.21 14.21 13.92 42412
20141216 14.22 14.16 14.24 14.08 25562
20141217 14.12 13.82 14.12 13.70 34391
20141218 13.83 13.80 13.89 13.71 22753
20141219 13.76 13.57 13.79 13.11 47030
20141222 13.46 12.75 13.58 12.72 43769
20141223 12.84 12.77 13.10 12.65 24849
20141224 12.80 12.99 13.07 12.78 25763
20141225 13.02 13.01 13.09 12.94 15831
20141226 13.02 13.05 13.07 12.89 17786
20141229 13.05 12.85 13.09 12.73 24362
20141230 12.88 12.86 12.94 12.69 17504
20141231 12.86 12.87 12.89 12.76 16280
20150105 12.87 12.92 12.95 12.61 26295
20150106 12.89 13.44 13.47 12.80 46772
20150107 13.47 13.32 13.47 13.30 23737
20150108 13.41 13.28 13.46 13.20 17984
20150109 13.22 13.24 13.43 13.22 15512
20150112 13.01 12.99 13.13 12.85 17235
20150113 13.00 13.26 13.33 12.95 22473
20150114 13.26 13.42 13.57 13.26 40761
20150115 13.49 13.40 13.59 13.37 22053
20150116 13.41 13.37 13.44 13.28 25667
20150119 13.22 13.23 13.60 13.08 38882
20150120 13.27 13.79 13.85 13.25 56219
20150121 13.83 13.95 14.07 13.79 60542
20150122 13.96 13.96 14.01 13.83 34292
20150123 13.98 14.10 14.18 13.88 48721
20150126 14.11 14.35 14.37 14.00 49957
20150127 14.36 14.14 14.44 13.97 39817
20150128 14.04 14.03 14.16 14.01 27794
20150129 13.96 13.90 14.07 13.87 22657
20150130 13.91 13.88 14.07 13.81 17596
20150202 13.80 13.74 13.82 13.61 16924
20150203 13.74 13.96 14.00 13.74 21373
20150204 13.93 13.92 14.06 13.90 18703
20150205 13.95 13.70 14.00 13.68 27425
20150206 13.61 13.27 13.68 13.23 22243
20150209 13.26 13.16 13.34 13.15 11860
20150210 13.16 13.27 13.31 13.16 10873
20150211 13.29 13.47 13.50 13.29 10902
20150212 13.48 13.59 13.63 13.43 15510
20150213 13.67 13.72 13.83 13.59 22224
20150216 13.76 13.93 13.96 13.66 26428
20150217 13.93 13.95 13.99 13.85 21938
20150225 13.95 13.96 14.03 13.84 23546
20150226 13.95 14.04 14.09 13.93 26889
20150227 14.05 13.94 14.06 13.92 32490
20150302 13.98 14.30 14.30 13.87 57550
20150303 14.23 14.28 14.58 14.16 70722
20150304 14.24 14.73 14.77 14.24 82563
20150305 14.69 15.09 15.25 14.61 88490
20150306 15.09 14.70 15.15 14.68 56978
20150309 14.63 14.81 14.83 14.38 39793
20150310 14.80 14.95 15.01 14.75 51768
20150311 14.93 14.70 14.93 14.69 36987
20150312 14.70 14.53 14.81 14.43 37518
20150313 14.60 14.90 14.90 14.50 43609
20150316 14.97 15.29 15.40 14.95 74640
20150317 15.32 15.30 15.44 15.17 83342
20150318 15.30 15.58 15.59 15.23 75003
20150319 15.50 15.54 15.76 15.38 69663
20150320 15.54 15.59 15.66 15.44 56129
20150323 15.57 15.97 15.97 15.55 86499
20150324 15.92 15.86 15.95 15.20 106313
20150325 15.69 16.20 16.27 15.55 127598
20150326 16.06 16.11 16.17 15.79 76504
20150327 16.10 16.10 16.20 15.92 56476
20150330 16.13 16.16 16.47 16.00 76609
20150331 16.20 16.11 16.36 16.00 87139
20150401 16.01 16.35 16.45 16.00 70561
20150402 16.36 16.58 16.63 16.27 90802
20150403 16.55 17.15 17.20 16.37 127108
20150407 17.19 17.26 17.31 16.96 118466
20150408 17.25 16.85 17.25 16.51 108060
20150409 16.85 16.60 16.85 15.95 105136
20150410 16.42 17.25 17.27 16.40 128758
20150413 17.34 17.90 18.43 17.26 159679
20150414 17.91 18.18 18.29 17.65 119181
20150415 18.08 17.50 18.09 17.01 98637
20150416 17.23 17.63 17.70 16.81 93394
20150417 17.68 17.61 17.97 17.30 134574
20150420 17.50 16.96 17.50 16.86 97054
20150421 16.96 17.33 17.37 16.90 82825
20150422 17.79 17.54 17.94 17.41 154732
20150423 17.58 17.56 17.80 17.23 133293
20150424 17.31 18.00 18.08 17.30 162867
20150427 18.08 18.68 18.68 17.81 196672
20150428 18.67 17.83 18.67 17.51 148691
20150429 17.78 18.01 18.13 17.52 86175
20150430 18.09 17.79 18.29 17.72 85715
20150504 17.89 17.80 17.95 17.58 54906
20150505 17.73 17.34 17.87 17.13 92279
20150506 17.38 17.19 17.73 16.95 77482
20150507 17.19 16.84 17.25 16.68 59199
20150508 16.96 17.48 17.50 16.95 61565
20150511 17.40 18.35 18.40 17.40 115898
20150512 18.67 18.40 18.68 18.10 166314
20150513 18.10 18.50 19.00 18.01 215507
20150514 18.38 18.13 18.61 18.05 113452
20150515 18.12 17.86 18.12 17.50 75905
20150518 17.77 18.95 18.99 17.65 181662
20150519 18.63 18.93 19.10 18.47 125144
20150520 18.95 19.01 19.58 18.95 144325
20150521 19.00 19.39 19.50 19.00 94964
20150522 19.60 19.70 20.09 19.40 112760
20150525 19.55 20.58 20.92 19.33 151312
20150526 20.42 21.22 21.44 20.41 128246
20150527 21.22 21.03 21.22 20.61 106202
20150528 21.07 20.01 21.52 20.01 151513
20150529 19.88 19.89 20.38 19.10 121831
20150601 20.13 21.17 21.21 20.10 135331
20150602 21.31 21.99 22.14 21.00 151259
20150603 22.00 21.85 22.75 21.25 140830
20150604 21.85 22.10 22.48 20.10 119085
20150605 22.50 23.66 23.68 22.11 194785
20150608 23.64 23.44 24.50 23.00 163957
20150609 23.45 23.72 23.78 22.80 108496
20150610 23.51 24.91 25.20 23.16 139535
20150611 25.07 26.34 26.55 24.60 132019
20150612 26.53 26.44 26.87 25.90 106674
20150615 26.30 25.63 26.30 25.38 90923
20150616 25.00 24.23 25.18 23.32 98475
20150617 24.30 25.45 25.45 22.80 111361
20150618 25.02 23.91 25.84 23.72 74742
20150619 23.22 22.76 23.69 22.10 64089
20150623 22.30 22.44 23.09 20.71 73858
20150624 22.58 23.75 23.75 22.56 102299
20150625 23.78 23.20 24.18 22.72 82628
20150626 22.09 21.15 22.65 20.84 103445
20150629 21.57 20.86 21.88 19.04 105121
20150630 20.84 22.73 22.87 18.88 110182
20150701 22.73 22.97 24.36 22.30 153233
20150702 22.91 20.78 22.92 20.67 115439
20150703 19.73 18.70 20.38 18.70 94486
20150706 20.53 17.22 20.53 16.83 116075
20150707 16.30 15.50 16.40 15.50 39035
20150714 17.05 17.05 17.05 17.05 2122
20150715 18.76 16.15 18.76 15.60 169639
20150716 16.15 17.17 17.19 14.98 101202
20150717 17.17 18.14 18.49 16.90 87795
20150720 18.00 18.27 18.76 17.50 97653
20150721 17.80 18.37 18.59 17.40 81501
20150722 18.27 18.52 18.81 18.03 78999
20150723 18.43 18.95 19.14 18.30 87942
20150724 18.90 18.49 19.07 18.07 85807
20150727 18.08 16.64 18.41 16.64 62869
20150728 15.50 15.96 16.90 15.00 93191
20150729 16.60 17.15 17.15 15.88 50979
20150730 16.99 16.66 17.40 16.38 47780
