20140102 6.55 6.51 6.60 6.40 16721
20140103 6.51 6.36 6.51 6.30 20946
20140106 6.35 6.05 6.35 6.00 25440
20140107 6.03 6.05 6.11 6.01 11744
20140108 6.05 6.05 6.12 5.80 28312
20140109 5.96 5.96 6.06 5.91 12375
20140110 5.93 5.75 5.96 5.62 20653
20140113 5.68 5.74 5.78 5.68 5670
20140114 5.75 5.84 5.86 5.73 8426
20140115 5.88 5.88 5.91 5.79 9455
20140116 5.83 5.84 5.93 5.72 7900
20140117 5.80 5.80 5.85 5.72 5912
20140120 5.84 5.72 5.84 5.69 9923
20140121 5.72 5.74 5.80 5.70 5969
20140122 5.74 5.85 5.88 5.68 15015
20140123 5.81 5.95 6.01 5.81 20528
20140124 5.94 6.07 6.12 5.90 22011
20140127 6.00 6.03 6.11 5.90 18828
20140128 6.03 6.01 6.05 5.90 7840
20140129 6.02 6.07 6.07 5.98 8920
20140130 6.07 6.21 6.25 5.97 16119
20140207 6.18 6.25 6.25 6.14 14780
20140210 6.23 6.35 6.35 6.23 22945
20140211 6.32 6.27 6.37 6.23 15228
20140212 6.27 6.26 6.27 6.15 23064
20140213 6.27 6.20 6.28 6.17 16667
20140214 6.21 6.25 6.27 6.19 13883
20140217 6.27 6.28 6.28 6.21 21562
20140218 6.26 6.16 6.27 6.13 20392
20140219 6.15 6.18 6.21 6.14 15786
20140220 6.18 6.25 6.30 6.14 34990
20140221 6.22 6.31 6.33 6.18 35045
20140224 6.30 6.28 6.33 6.13 28337
20140225 6.26 6.19 6.34 6.16 28944
20140226 6.19 6.08 6.19 5.99 26268
20140227 6.12 6.05 6.15 5.94 24535
20140228 6.05 6.66 6.66 6.01 146753
20140303 6.85 7.15 7.29 6.61 187651
20140304 7.01 6.97 7.05 6.82 102472
20140305 6.93 6.83 7.13 6.80 92699
20140306 6.87 6.84 7.00 6.66 61956
20140307 6.84 6.77 6.95 6.69 40463
20140310 6.65 6.64 6.88 6.41 54416
20140311 6.64 6.69 6.73 6.59 29444
20140312 6.68 6.91 6.91 6.63 45496
20140313 6.88 7.00 7.10 6.76 51393
20140314 7.01 6.84 7.12 6.83 37048
20140317 6.80 7.19 7.32 6.78 82886
20140318 7.18 7.04 7.34 7.02 85677
20140319 6.94 6.86 6.94 6.76 52701
20140320 6.81 6.75 6.89 6.75 30248
20140321 6.64 6.91 6.97 6.60 42198
20140324 6.92 6.87 6.92 6.78 30431
20140325 6.84 6.90 6.98 6.82 35438
20140326 6.92 6.88 6.99 6.82 33528
20140826 7.57 7.57 7.57 7.57 3782
20140827 8.33 8.33 8.33 8.33 2704
20140828 9.16 9.16 9.16 9.16 21032
20140829 9.16 8.67 9.48 8.38 310246
20140901 8.51 8.76 8.85 8.34 182950
20140902 8.65 8.77 8.93 8.53 187202
20140903 8.67 8.75 8.85 8.65 121247
20140904 8.73 8.76 8.85 8.59 127316
20140905 8.72 8.63 8.77 8.59 108120
20140909 8.64 8.80 8.92 8.57 134537
20140910 8.75 8.85 8.87 8.62 108501
20140911 8.84 8.75 8.97 8.68 113136
20140912 8.71 8.77 8.80 8.64 71444
20140915 8.77 8.81 8.95 8.74 89087
20140916 8.83 8.46 8.90 8.44 104075
20140917 8.44 8.51 8.53 8.36 50170
20140918 8.53 8.60 8.62 8.47 49728
20140919 8.61 8.73 8.85 8.56 78529
20140922 8.71 8.81 8.87 8.58 78604
20140923 8.78 8.84 8.89 8.72 64262
20140924 8.82 9.08 9.12 8.80 113997
20140925 9.08 8.97 9.41 8.93 146662
20140926 8.86 9.13 9.25 8.77 100410
20140929 9.23 9.15 9.28 9.04 84964
20140930 9.16 9.04 9.18 8.98 66427
20141008 9.08 9.02 9.09 8.99 61654
20141009 9.05 8.99 9.12 8.88 74706
20141010 8.92 8.94 8.95 8.80 68712
20141013 8.94 9.04 9.04 8.83 76516
20141014 9.04 9.14 9.24 8.95 94200
20141015 9.08 9.12 9.17 8.93 64307
20141016 9.12 9.14 9.18 8.99 97238
20141017 9.15 9.40 9.40 8.98 137789
20141020 9.43 9.85 10.07 9.32 157340
20141021 9.90 9.57 9.95 9.51 79230
20141022 9.51 9.12 9.59 9.10 81490
20141023 9.13 8.70 9.19 8.69 64895
20141024 8.70 8.78 8.86 8.56 28662
20141027 8.70 8.62 8.70 8.44 33515
20141028 8.62 8.83 8.91 8.62 35628
20141029 8.89 9.00 9.05 8.84 42883
20141030 9.05 8.90 9.05 8.88 52623
20141031 8.96 8.80 8.96 8.65 52351
20141103 8.78 8.77 8.90 8.72 40611
20141104 8.75 8.81 8.86 8.72 41841
20141105 8.78 9.06 9.15 8.73 79887
20141106 9.10 8.94 9.10 8.82 44583
20141107 8.94 9.07 9.47 8.94 109884
20141110 9.08 9.16 9.25 9.08 43576
20141111 9.28 10.08 10.08 9.28 401867
20141112 10.07 9.84 10.12 9.70 155048
20141113 9.85 9.66 10.24 9.66 125937
20141114 9.44 9.25 9.50 9.12 91289
20141117 9.24 9.23 9.43 9.05 51858
20141118 9.18 9.27 9.35 9.13 33169
20141119 9.58 10.20 10.20 9.58 105812
20141120 10.60 9.96 10.60 9.84 216106
20141121 9.80 10.02 10.27 9.80 129086
20141124 10.10 10.48 10.60 9.91 196260
20141125 10.49 10.41 10.58 10.30 107232
20141126 10.41 10.19 10.43 10.03 110613
20141127 10.19 10.25 10.46 10.12 86147
20141128 10.21 10.16 10.26 10.00 80950
20141201 10.09 10.13 10.30 10.01 69015
20141202 10.22 10.15 10.36 10.14 62469
20141203 10.07 10.02 10.09 9.87 81468
20141204 10.00 10.20 10.45 9.94 96718
20141205 10.20 9.77 10.20 9.49 89131
20141208 9.69 9.68 9.77 9.51 72030
20141209 9.88 9.33 9.98 9.31 75708
20141210 9.57 9.56 9.63 9.35 48389
20141211 9.50 10.22 10.29 9.43 123867
20141212 10.06 10.05 10.18 9.97 70998
20141215 9.95 10.01 10.08 9.78 62830
20141216 10.01 10.04 10.24 9.98 57878
20141217 9.99 9.88 10.18 9.83 53596
20141218 9.80 9.70 9.83 9.62 42269
20141219 9.72 9.57 9.87 9.50 43134
20141222 9.60 8.99 9.69 8.81 66272
20141223 8.90 8.87 9.09 8.86 31415
20141224 8.95 9.11 9.15 8.85 30974
20141225 9.12 9.08 9.13 9.00 24352
20141226 9.08 9.18 9.19 9.03 27749
20141229 9.15 8.93 9.24 8.88 33073
20141230 8.95 8.79 9.01 8.73 26009
20141231 8.80 8.72 8.85 8.55 35936
20150105 8.76 8.92 8.94 8.71 28518
20150106 8.89 9.08 9.10 8.78 31459
20150107 9.08 9.09 9.18 9.00 26724
20150108 9.16 9.15 9.29 9.10 31177
20150109 9.18 9.06 9.25 9.03 27254
20150112 9.09 8.74 9.10 8.70 20123
20150113 8.64 8.80 8.83 8.62 13467
20150114 8.80 8.80 8.85 8.73 10392
20150115 8.81 8.79 8.86 8.73 15991
20150116 8.83 8.77 8.84 8.65 22375
20150119 8.63 8.46 8.79 8.33 31966
20150120 8.42 8.68 8.70 8.42 21287
20150121 8.98 9.28 9.45 8.96 91658
20150122 9.29 9.38 9.60 9.28 84155
20150123 9.30 9.23 9.34 9.16 48792
20150126 9.23 9.31 9.31 9.10 39867
20150127 9.37 9.39 9.57 9.22 51875
20150128 9.27 9.20 9.38 9.18 31065
20150129 9.18 9.18 9.26 9.13 20039
20150130 9.31 9.24 9.38 9.21 41847
20150202 9.19 9.39 9.46 9.12 44934
20150203 9.40 9.37 9.45 9.25 27478
20150204 9.38 9.33 9.43 9.30 18625
20150205 9.38 9.18 9.40 9.18 24678
20150206 9.18 8.86 9.18 8.77 25801
20150209 8.85 8.79 8.96 8.75 23809
20150210 8.81 8.89 8.94 8.81 16444
20150211 8.88 8.88 8.94 8.85 15051
20150212 8.89 9.26 9.36 8.88 33264
20150213 9.22 9.30 9.37 9.22 30915
20150216 9.33 9.44 9.47 9.33 31725
20150217 9.77 9.56 10.20 9.53 71131
20150225 9.56 9.46 9.66 9.45 33246
20150226 9.46 9.52 9.58 9.38 33975
20150227 9.50 9.51 9.56 9.44 34093
20150302 9.55 9.62 9.66 9.49 51302
20150303 9.60 9.63 9.75 9.53 63774
20150304 9.63 9.78 9.81 9.56 53867
20150305 9.86 9.74 9.86 9.64 46199
20150306 9.75 9.77 10.12 9.73 78538
20150309 9.75 10.04 10.10 9.75 92058
20150310 10.25 10.00 10.30 9.93 63816
20150311 10.01 9.88 10.01 9.79 48734
20150312 9.89 9.88 9.99 9.71 43564
20150313 9.86 9.88 9.94 9.81 40164
20150316 9.94 10.08 10.12 9.90 60594
20150317 10.10 10.69 10.96 10.04 144663
20150318 10.50 10.78 11.24 10.44 139462
20150319 10.72 10.91 10.99 10.57 119561
20150320 10.83 10.84 11.08 10.74 83494
20150323 10.90 11.00 11.19 10.90 95678
20150324 11.08 10.87 11.29 10.51 119315
20150325 10.79 11.07 11.20 10.76 119876
20150326 11.06 10.88 11.07 10.81 77299
20150327 10.88 11.26 11.50 10.82 123901
20150330 11.23 11.29 11.44 11.10 98687
20150331 11.29 11.05 11.36 11.01 104221
20150401 11.08 11.12 11.22 11.00 72314
20150402 11.12 11.33 11.41 11.12 101221
20150403 11.26 11.68 11.80 11.15 150145
20150407 11.77 11.79 11.83 11.58 126895
20150408 11.83 12.11 12.48 11.31 211752
20150409 11.90 11.78 12.08 11.41 119930
20150410 11.70 12.25 12.35 11.68 135734
20150413 12.35 12.71 13.08 12.10 174248
20150414 12.71 13.36 13.88 12.51 222597
20150415 13.15 13.05 14.15 12.90 222716
20150416 12.74 12.88 13.18 11.75 141921
20150417 12.99 12.74 13.19 12.51 132989
20150420 12.61 12.07 12.61 11.91 166605
20150421 12.00 12.33 12.43 11.88 85979
20150422 12.39 12.78 13.08 12.38 134829
20150423 12.80 12.80 13.00 12.50 149515
20150424 12.80 13.25 13.29 12.80 183818
20150427 13.45 13.54 13.73 13.00 174890
20150428 13.40 13.82 14.00 13.30 194945
20150429 13.78 13.95 14.19 13.45 165573
20150430 13.96 13.60 14.27 13.60 133803
20150504 13.59 13.29 13.59 13.15 87082
20150505 13.30 12.84 13.59 12.69 92836
20150506 12.85 12.39 13.15 12.35 86589
20150507 12.45 11.93 12.55 11.80 82690
20150508 12.08 12.66 12.70 12.07 77052
20150511 12.89 13.16 13.22 12.80 81107
20150512 13.16 13.05 13.28 12.90 91698
20150513 13.05 13.05 13.16 12.71 90629
20150514 13.06 13.56 13.86 13.06 154547
20150515 13.56 13.62 13.94 13.31 147971
20150518 13.51 13.45 13.64 13.10 96168
20150519 13.45 13.93 13.99 13.33 117732
20150520 14.00 13.97 14.55 13.93 169492
20150521 13.90 14.05 14.18 13.73 123826
20150522 14.26 14.46 14.46 13.88 178293
20150525 14.46 14.80 15.00 14.19 188190
20150526 14.98 14.99 15.05 14.68 181992
20150527 14.99 16.49 16.49 14.54 263763
20150528 16.92 16.80 18.10 16.50 325039
20150529 17.08 18.48 18.48 16.60 278273
20150601 19.80 20.33 20.33 19.00 140521
20150602 22.00 21.28 22.36 20.00 447920
20150603 20.62 20.32 20.98 19.55 259506
20150604 20.25 20.32 20.32 18.39 171452
20150605 20.90 20.30 21.70 20.25 230391
20150608 20.33 21.13 21.79 19.70 282212
20150609 20.98 20.41 21.00 20.00 134107
20150610 20.36 20.59 20.83 19.90 142965
20150611 20.60 22.65 22.65 20.57 260477
20150612 23.34 23.55 24.66 22.22 299751
20150615 23.55 22.27 23.55 22.25 187047
20150616 21.47 20.29 21.73 20.06 151311
20150617 19.97 21.18 21.68 18.68 181253
20150701 19.06 19.06 19.06 19.06 30010
20150702 17.15 17.15 17.15 17.15 5254
20150703 15.44 15.44 15.44 15.44 4377
20150706 15.70 13.90 16.91 13.90 254486
20150707 12.51 12.51 12.51 12.51 3281
20150713 13.76 13.76 13.76 13.00 121952
20150714 14.50 15.14 15.14 14.20 393474
20150715 14.50 13.63 14.64 13.63 128993
20150716 12.27 12.49 13.83 12.27 277354
20150717 12.55 13.16 13.50 12.45 199732
20150720 13.00 13.21 13.47 12.60 222189
20150721 13.24 14.53 14.53 12.70 306163
20150722 14.90 14.73 15.30 14.11 355833
20150723 14.70 15.71 16.04 14.33 327444
20150724 15.68 14.97 15.85 14.65 327002
20150727 14.30 13.47 15.89 13.47 304592
20150728 12.30 12.81 14.08 12.12 236224
20150729 13.30 14.08 14.09 12.51 205267
20150730 14.12 13.97 15.35 13.70 297869
