20140102 9.30 9.35 9.39 9.25 22862
20140103 9.32 9.35 9.44 9.13 45615
20140106 9.26 8.80 9.26 8.78 48978
20140107 8.73 8.75 8.89 8.66 25727
20140108 8.68 8.71 8.82 8.67 25475
20140109 8.68 8.38 8.77 8.37 33742
20140110 8.38 8.23 8.38 8.16 20587
20140113 8.24 8.24 8.32 8.18 16496
20140114 8.25 8.41 8.42 8.25 23435
20140115 8.36 8.53 8.60 8.33 23802
20140116 8.53 8.47 8.57 8.41 19240
20140117 8.47 8.25 8.47 8.25 18082
20140120 8.39 8.30 8.59 8.30 36074
20140121 8.34 8.35 8.35 8.20 18867
20140122 8.36 8.51 8.55 8.29 31509
20140123 8.52 8.49 8.56 8.46 22053
20140124 8.46 9.02 9.15 8.46 81910
20140127 8.90 9.09 9.19 8.82 91343
20140128 9.01 9.10 9.12 8.92 86441
20140129 9.05 8.98 9.06 8.93 31225
20140130 8.90 8.85 8.98 8.78 17951
20140207 8.66 9.05 9.09 8.66 35358
20140210 8.99 9.29 9.41 8.97 99335
20140211 9.12 9.18 9.24 9.06 76980
20140212 9.13 9.34 9.37 9.06 67541
20140213 9.31 9.11 9.32 9.10 43098
20140214 9.05 9.19 9.23 9.05 27884
20140217 9.20 9.25 9.29 9.16 41004
20140218 9.26 9.20 9.43 9.18 49478
20140219 9.17 9.17 9.23 9.07 36589
20140220 9.15 9.23 9.50 8.97 81130
20140221 9.01 9.11 9.19 9.01 34036
20140224 9.05 9.07 9.16 8.88 26959
20140225 9.06 8.63 9.17 8.56 38649
20140226 8.64 8.71 8.71 8.57 27591
20140227 8.68 8.61 8.78 8.60 22794
20140228 8.61 8.64 8.65 8.41 19101
20140303 8.61 8.86 8.95 8.58 29544
20140304 8.79 8.91 9.02 8.70 32943
20140305 8.91 8.82 8.97 8.80 32398
20140306 8.80 8.74 8.82 8.66 19018
20140307 8.73 8.63 8.78 8.62 15880
20140310 8.60 8.17 8.63 8.09 32351
20140311 8.17 8.22 8.26 8.15 16004
20140312 8.23 8.23 8.28 8.11 15930
20140313 8.21 8.23 8.28 8.18 15525
20140314 8.20 8.25 8.26 8.19 12109
20140317 8.24 8.36 8.37 8.18 16001
20140318 8.40 8.39 8.45 8.30 18409
20140319 8.40 8.26 8.40 8.22 14060
20140320 8.26 8.18 8.37 8.18 15969
20140321 8.19 8.31 8.33 8.10 16940
20140324 8.35 8.39 8.41 8.28 18819
20140325 8.36 8.42 8.43 8.32 16741
20140326 8.42 8.42 8.44 8.35 15514
20140327 8.42 8.26 8.42 8.26 14156
20140328 8.24 8.16 8.33 8.15 14427
20140331 8.17 8.15 8.22 8.12 10868
20140401 8.16 8.20 8.21 8.15 8475
20140402 8.22 8.20 8.25 8.17 13569
20140403 8.17 8.22 8.24 8.15 12035
20140404 8.21 8.25 8.25 8.14 13439
20140408 8.25 8.28 8.28 8.17 21763
20140409 8.30 8.40 8.40 8.27 25220
20140410 8.41 8.39 8.43 8.34 26792
20140411 8.39 8.46 8.54 8.35 34821
20140414 8.43 8.56 8.63 8.40 37729
20140415 8.59 8.43 8.59 8.41 18649
20140416 8.43 8.58 8.59 8.40 27072
20140417 8.69 8.52 8.70 8.51 40307
20140418 8.49 8.46 8.49 8.43 13019
20140421 8.43 8.29 8.44 8.28 17031
20140422 8.29 8.32 8.32 8.20 12804
20140423 8.30 8.40 8.45 8.30 13624
20140424 8.42 8.29 8.43 8.29 7432
20140425 8.24 7.92 8.36 7.46 17266
20140428 7.96 7.70 7.98 7.65 15083
20140429 7.68 7.76 7.77 7.65 9549
20140430 7.77 7.79 7.81 7.70 9288
20140505 7.75 7.88 7.90 7.75 13971
20140506 7.82 8.07 8.10 7.82 19019
20140507 8.01 7.83 8.01 7.82 15037
20140508 7.80 7.83 7.92 7.80 10026
20140509 7.80 7.77 7.85 7.66 10088
20140512 7.75 7.94 7.95 7.75 13941
20140513 7.96 8.03 8.08 7.90 17184
20140514 8.03 7.95 8.08 7.93 7627
20140515 7.91 7.94 8.31 7.91 29011
20140516 7.87 7.96 8.00 7.77 20103
20140519 7.90 8.10 8.10 7.82 21903
20140520 8.10 8.03 8.16 7.99 17820
20140521 8.02 8.09 8.13 7.91 13953
20140522 8.08 7.99 8.14 7.96 19919
20140523 7.94 8.09 8.10 7.91 15267
20140526 8.08 8.08 8.08 7.99 14679
20140527 8.06 7.98 8.06 7.96 12080
20140528 7.98 8.04 8.04 7.96 13712
20140529 8.03 7.84 8.03 7.82 24176
20140530 7.83 7.88 7.94 7.83 9704
20140603 7.89 7.84 7.93 7.80 12246
20140604 7.83 7.75 7.83 7.71 11784
20140605 7.73 7.86 7.88 7.71 12306
20140606 7.82 7.85 7.92 7.82 14521
20140609 7.77 7.91 7.99 7.77 13516
20140610 7.91 7.98 7.99 7.90 10759
20140611 7.99 7.95 8.03 7.91 13405
20140612 7.93 7.94 8.06 7.90 20515
20140613 7.97 8.00 8.02 7.94 11312
20140616 8.01 7.99 8.05 7.93 16207
20140617 7.95 7.95 8.00 7.92 10145
20140618 7.94 7.81 7.95 7.79 13221
20141128 8.56 8.56 8.56 8.56 4289
20141201 9.42 9.42 9.42 9.21 342816
20141202 9.34 9.98 10.32 9.31 427462
20141203 9.80 9.89 9.93 9.60 259165
20141204 9.86 10.03 10.22 9.70 222927
20141205 10.00 9.58 10.01 9.30 170923
20141208 9.60 9.80 9.96 9.59 164322
20141209 9.76 9.40 9.96 9.40 181083
20141210 9.40 9.65 9.69 9.35 103265
20141211 9.70 9.86 9.89 9.63 135986
20141212 10.04 9.93 10.30 9.86 146949
20141215 9.92 9.86 9.92 9.70 86531
20141216 9.84 9.81 9.87 9.72 71666
20141217 9.76 9.61 9.77 9.55 79871
20141218 9.58 10.26 10.53 9.57 229097
20141219 10.26 10.23 10.32 9.82 194045
20141222 10.18 11.25 11.25 9.85 317171
20141223 11.29 11.07 11.70 10.95 428611
20141224 11.12 10.79 11.27 10.53 232284
20141225 10.62 11.17 11.50 10.46 230760
20141226 10.92 10.82 11.03 10.76 149027
20141229 10.70 10.79 10.87 10.50 119060
20141230 10.70 10.70 11.33 10.62 158157
20141231 10.63 10.32 10.63 10.12 126642
20150105 10.32 10.43 10.54 10.15 100903
20150106 10.24 10.51 10.59 10.24 100089
20150107 10.55 10.50 10.78 10.31 87170
20150108 10.61 10.82 11.20 10.59 216137
20150109 10.65 10.60 10.88 10.60 103622
20150112 10.45 10.36 10.59 10.21 73400
20150113 10.32 10.80 11.00 10.26 99366
20150114 10.63 10.85 11.05 10.53 115418
20150115 10.76 10.76 11.05 10.71 81210
20150116 10.64 10.92 10.96 10.63 95416
20150119 10.68 10.44 11.16 10.20 143438
20150120 10.41 10.65 10.68 10.41 88250
20150121 10.66 11.00 11.01 10.61 110417
20150122 11.11 11.28 11.35 10.93 190587
20150123 11.21 10.99 11.22 10.91 120129
20150126 10.95 11.10 11.14 10.89 81570
20150127 11.11 11.55 11.69 11.06 256812
20150128 11.56 11.30 11.58 11.22 136669
20150129 11.17 11.20 11.29 10.91 102031
20150130 11.35 11.41 11.55 11.05 132761
20150202 11.60 11.15 12.20 11.10 345700
20150203 10.88 10.73 10.88 10.43 209919
20150204 10.64 10.52 10.66 10.51 91602
20150205 10.78 10.34 10.78 10.34 83895
20150206 10.25 10.08 10.33 10.04 71002
20150209 10.08 10.17 10.28 10.08 39717
20150210 10.17 10.11 10.22 10.05 58580
20150211 10.15 10.22 10.25 10.11 57124
20150212 10.24 10.23 10.27 10.11 50466
20150213 10.26 10.46 10.65 10.25 89722
20150216 10.44 10.53 10.58 10.40 57125
20150217 10.54 10.70 11.09 10.48 88566
20150225 10.70 10.63 10.78 10.51 50821
20150226 10.60 10.88 10.94 10.59 79951
20150227 10.85 11.03 11.09 10.76 124835
20150302 11.02 11.07 11.10 10.85 99426
20150303 11.02 10.69 11.02 10.69 113349
20150304 10.68 11.13 11.21 10.68 154323
20150305 11.13 10.90 11.13 10.84 101626
20150306 11.11 11.29 11.40 10.96 246865
20150309 11.20 11.21 11.29 11.02 92197
20150310 11.22 11.16 11.43 11.10 106911
20150311 11.09 10.92 11.16 10.85 97075
20150312 10.90 10.93 11.05 10.85 59678
20150313 10.94 11.15 11.16 10.82 94134
20150316 11.17 11.28 11.35 11.10 129817
20150317 11.28 11.50 11.68 11.19 186285
20150318 11.51 11.72 11.81 11.38 166422
20150319 11.78 11.67 11.84 11.55 154106
20150320 11.63 11.65 11.71 11.51 117660
20150323 11.69 11.84 11.98 11.59 198604
20150324 11.80 11.54 11.80 11.28 165348
20150325 11.51 11.98 12.25 11.44 253221
20150326 11.91 11.75 11.93 11.62 141843
20150327 11.75 12.11 12.18 11.70 193773
20150330 12.18 12.50 12.57 12.04 233740
20150331 12.50 12.27 12.52 12.22 143491
20150401 12.24 12.62 12.79 12.24 186066
20150402 12.61 12.79 12.82 12.50 171047
20150403 13.01 13.84 14.02 13.01 328341
20150407 13.66 13.71 13.78 13.45 200695
20150408 13.70 13.26 13.70 13.03 179455
20150409 13.45 12.89 13.45 12.55 145525
20150410 12.88 13.16 13.25 12.78 129693
20150413 13.19 13.50 13.57 13.00 162524
20150414 13.50 13.35 13.68 13.22 141577
20150415 13.26 12.73 13.32 12.69 118024
20150416 12.60 12.88 13.00 12.39 105608
20150417 13.13 13.27 13.40 12.94 191053
20150420 13.29 13.52 13.60 13.03 262180
20150421 13.54 13.81 13.81 13.23 230999
20150422 14.09 13.84 14.09 13.70 205959
20150423 13.87 13.87 14.09 13.71 172193
20150424 13.66 13.62 13.79 13.28 153127
20150427 13.63 13.79 14.03 13.63 149276
20150428 13.77 13.14 13.82 13.10 129445
20150429 13.13 13.38 13.63 13.10 84543
20150430 13.41 13.57 13.68 13.36 97063
20150504 13.62 14.38 14.50 13.47 239697
20150505 14.40 13.60 14.50 13.42 187594
20150506 13.60 13.25 13.94 13.01 137091
20150507 13.06 12.45 13.38 12.45 116611
20150508 12.52 12.88 12.89 12.49 94823
20150511 12.96 13.24 13.25 12.91 101630
20150512 13.26 13.71 13.97 13.20 141227
20150513 13.68 13.80 14.08 13.35 157926
20150514 13.81 13.96 14.05 13.55 162689
20150515 13.99 14.77 15.08 13.88 317132
20150518 14.55 15.65 16.00 14.40 333109
20150519 15.78 15.98 16.23 15.37 232729
20150520 15.90 15.84 16.35 15.50 224299
20150521 15.84 15.91 16.35 15.70 208165
20150522 16.02 15.86 16.13 15.40 215256
20150525 15.86 16.38 16.50 15.61 265259
20150526 16.41 17.96 18.00 16.41 264218
20150527 18.55 19.32 19.59 17.98 297746
20150528 19.28 17.39 19.28 17.39 270439
20150529 16.83 16.83 17.55 15.89 193983
20150601 16.80 17.89 17.90 16.71 174279
20150602 17.70 18.23 18.49 17.54 176675
20150603 18.24 18.78 19.38 18.24 188110
20150604 18.60 18.05 19.10 16.98 233206
20150605 18.17 18.33 18.59 17.66 210318
20150608 18.20 19.12 19.30 17.83 241991
20150609 19.00 18.67 19.09 18.21 177205
20150610 18.22 18.67 19.19 18.15 140890
20150611 18.51 19.92 20.11 18.51 256327
20150612 19.60 20.83 21.87 19.60 264272
20150615 20.88 20.66 21.50 20.00 176985
20150616 20.29 19.85 21.16 19.40 154701
20150617 19.52 20.00 20.16 18.50 139505
20150618 19.78 18.90 20.20 18.70 113085
20150619 18.10 17.01 18.55 17.01 112660
20150623 17.05 17.04 17.35 15.33 126875
20150624 17.05 17.26 17.45 16.00 147130
20150625 17.26 16.67 17.71 16.43 151500
20150626 16.10 15.00 16.10 15.00 127089
20150629 15.30 13.50 15.37 13.50 177071
20150630 13.08 14.20 14.24 12.15 238562
20150701 13.87 12.78 14.47 12.78 183911
20150702 12.63 11.50 12.80 11.50 175748
20150703 11.00 10.35 11.90 10.35 211447
20150706 11.35 9.72 11.35 9.32 251373
20150707 9.29 8.75 9.48 8.75 141266
20150708 7.88 7.88 8.31 7.88 198887
20150709 7.80 8.67 8.67 7.80 210486
20150710 9.29 9.54 9.54 9.06 100378
20150713 10.30 10.49 10.49 10.01 215267
20150714 10.90 11.54 11.54 10.51 361606
20150715 11.02 10.80 11.47 10.51 324140
20150716 10.36 11.29 11.43 9.90 171166
20150717 11.30 11.87 12.09 11.09 183651
20150720 11.69 11.89 12.31 11.50 184353
20150721 11.56 12.44 12.70 11.31 227024
20150722 12.40 12.37 12.47 11.85 209863
20150723 12.50 12.77 12.90 12.25 216856
20150724 12.64 12.15 12.74 12.02 200863
20150727 11.80 10.94 12.45 10.94 155314
20150728 10.38 10.48 11.08 9.85 152964
20150729 10.77 11.35 11.40 10.00 129455
20150730 11.10 11.26 12.33 10.88 198317
