20140102 5.45 5.42 5.47 5.37 15099
20140103 5.41 5.44 5.49 5.25 20063
20140106 5.48 5.21 5.48 5.21 15710
20140107 5.19 5.18 5.28 5.14 14931
20140108 5.18 5.09 5.25 5.04 36563
20140109 5.09 5.09 5.16 5.00 18651
20140110 5.12 5.04 5.16 4.98 18943
20140113 5.05 5.03 5.13 5.03 10856
20140114 5.08 5.31 5.31 5.07 18728
20140121 5.45 5.56 5.68 5.31 72312
20140122 5.55 5.54 5.60 5.48 30180
20140123 5.45 5.55 5.65 5.45 26259
20140124 5.55 6.11 6.11 5.55 92395
20140127 6.11 6.47 6.72 6.10 123876
20140128 6.65 6.30 6.72 6.09 147418
20140129 6.25 6.26 6.30 6.03 108937
20140130 6.24 6.24 6.60 6.10 60920
20140207 6.35 6.63 6.69 6.22 126263
20140210 6.58 6.92 7.05 6.55 156264
20140211 6.92 6.82 7.16 6.73 121539
20140212 6.82 7.34 7.42 6.82 196639
20140213 7.34 7.33 7.59 7.30 199627
20140214 7.36 7.60 7.65 7.10 200084
20140217 7.60 7.79 7.94 7.55 279044
20140218 7.77 7.80 7.81 7.59 211661
20140219 7.83 7.57 7.91 7.41 165793
20140220 7.60 7.47 7.65 7.35 164911
20140221 7.45 7.27 7.46 6.95 176434
20140224 7.21 7.31 7.48 7.15 103310
20140225 7.26 6.96 7.45 6.90 137682
20140226 6.96 6.95 6.96 6.56 108091
20140227 6.95 6.81 7.23 6.75 117051
20140228 6.75 6.93 6.93 6.65 68707
20140303 6.90 6.98 7.15 6.85 58125
20140304 6.99 7.08 7.08 6.86 58084
20140305 7.08 7.35 7.44 7.08 104286
20140306 7.44 7.44 7.47 7.27 92770
20140307 7.48 7.43 7.52 7.35 63758
20140312 7.60 7.03 7.60 6.85 208213
20140313 7.04 7.03 7.12 6.97 62136
20140314 7.05 7.31 7.59 7.05 114887
20140317 7.43 7.60 7.82 7.28 134227
20140318 7.55 7.65 7.85 7.50 112618
20140319 7.72 7.48 7.72 7.35 74818
20140320 7.46 7.20 7.54 7.20 49389
20140321 7.10 7.37 7.45 7.00 56550
20140324 7.44 7.32 7.44 7.17 81453
20140325 7.20 7.23 7.36 7.15 78044
20140326 7.34 7.01 7.47 6.85 175043
20140327 7.00 6.76 7.02 6.67 130743
20140328 6.76 6.65 6.82 6.51 69066
20140331 6.64 6.83 6.84 6.60 46062
20140401 6.84 6.82 6.97 6.74 45975
20140402 6.78 6.83 6.83 6.70 31129
20140403 6.80 6.71 6.90 6.65 45026
20140404 6.69 6.72 6.73 6.61 39565
20140408 6.70 6.40 6.70 6.30 169454
20140409 6.40 6.48 6.61 6.25 85044
20140410 6.49 6.52 6.57 6.39 74703
20140411 6.54 6.74 6.79 6.48 72935
20140414 6.73 6.83 6.93 6.73 72352
20140415 6.80 6.79 6.90 6.73 54086
20140416 6.77 6.92 6.96 6.70 50967
20140417 6.94 7.24 7.24 6.94 119575
20140418 7.22 7.05 7.26 6.94 143926
20140421 6.87 6.82 7.05 6.73 68842
20140422 7.10 6.67 7.10 6.49 80194
20140423 6.90 6.68 6.90 6.65 28285
20140424 6.65 6.56 6.75 6.56 32903
20140425 6.60 6.70 6.83 6.42 73997
20140428 6.71 6.68 6.79 6.60 41444
20140429 6.70 6.64 6.79 6.60 44761
20140430 6.66 6.80 6.81 6.61 28968
20140505 6.89 7.16 7.18 6.81 86486
20140506 7.18 7.08 7.24 7.01 68809
20140507 7.12 7.03 7.16 7.02 33842
20140508 7.07 7.03 7.11 6.93 36781
20140509 6.97 6.99 7.10 6.90 46927
20140512 7.02 7.11 7.16 6.91 51961
20140513 7.07 7.03 7.16 7.00 37305
20140514 7.08 6.97 7.08 6.96 23925
20140515 6.95 6.76 7.01 6.70 51434
20140516 6.78 6.73 6.84 6.58 27844
20140519 6.73 6.67 6.73 6.55 23838
20140520 6.69 6.69 6.78 6.60 21635
20140521 6.69 6.87 6.96 6.63 47933
20140522 6.84 6.78 6.92 6.76 29327
20140523 6.76 6.85 6.94 6.72 30146
20140526 6.82 6.83 6.90 6.79 27776
20140527 6.85 6.68 6.85 6.65 40255
20140528 6.74 6.70 6.74 6.55 42700
20140529 6.74 6.56 6.74 6.50 45769
20140530 6.58 6.63 6.64 6.51 27780
20140603 6.63 6.71 6.79 6.55 46609
20140604 6.71 6.63 6.73 6.60 29176
20140605 6.60 6.64 6.68 6.60 20543
20140606 6.69 6.71 6.75 6.64 31116
20140609 6.75 6.60 6.75 6.56 34626
20140610 6.61 6.64 6.67 6.55 25289
20140611 6.67 6.73 6.73 6.62 22222
20140612 6.74 6.61 6.74 6.60 23835
20140613 6.60 6.79 6.82 6.54 61595
20140616 6.73 6.77 6.83 6.63 62060
20140617 6.81 6.61 6.83 6.59 61475
20140618 6.59 6.48 6.66 6.46 43683
20140619 6.50 6.27 6.55 6.27 48466
20140620 6.25 6.15 6.35 6.03 59323
20140623 6.20 6.16 6.28 6.12 35835
20140624 6.18 6.39 6.42 6.11 49777
20140625 6.40 6.38 6.54 6.31 45724
20140626 6.38 6.59 6.64 6.29 90755
20140627 6.55 6.56 6.63 6.51 45582
20140630 6.56 6.54 6.68 6.48 39059
20140701 6.54 6.64 6.88 6.54 48500
20140702 6.80 6.54 6.80 6.49 75403
20140703 6.70 6.42 6.70 6.38 86763
20140704 6.43 6.46 6.47 6.36 40724
20140707 6.46 6.60 6.72 6.34 95431
20140708 6.54 6.51 6.56 6.36 57162
20140709 6.45 6.44 6.55 6.40 31205
20140710 6.47 6.72 6.74 6.41 101272
20140711 6.70 6.79 6.88 6.69 96415
20140714 6.81 6.80 6.88 6.70 59134
20140715 6.80 6.70 6.80 6.65 43046
20140716 6.69 6.58 6.77 6.55 41566
20140717 6.53 6.63 6.68 6.53 32406
20140718 6.58 6.76 6.81 6.57 39127
20140721 6.79 7.11 7.20 6.73 173348
20140722 7.10 7.13 7.48 7.05 104724
20140723 7.17 7.31 7.34 7.01 138416
20140724 7.29 7.23 7.39 7.15 80719
20140725 7.21 7.13 7.28 7.10 45194
20140728 7.11 7.19 7.26 7.11 47905
20140729 7.16 7.19 7.28 7.16 51966
20140730 7.24 7.32 7.38 7.15 73504
20140731 7.30 7.30 7.35 7.25 51234
20140801 7.30 7.15 7.31 7.10 69055
20140804 7.14 7.16 7.22 7.07 52881
20140805 7.20 7.14 7.20 7.10 49358
20140806 7.10 7.19 7.20 7.02 61991
20140807 7.22 7.45 7.45 7.15 133560
20140808 7.50 7.29 7.52 7.27 142904
20140811 7.27 7.31 7.39 7.27 68166
20140812 7.35 7.60 7.75 7.28 157696
20140813 7.75 7.75 7.78 7.49 161016
20140814 7.74 7.61 7.87 7.55 149408
20140815 7.56 7.67 7.79 7.54 122835
20140818 7.75 7.72 7.75 7.61 66300
20140819 7.71 8.07 8.18 7.67 197228
20140820 8.08 8.57 8.80 8.02 257083
20140821 8.59 8.41 8.59 8.33 141913
20140822 8.41 8.53 8.78 8.35 125791
20140825 8.55 8.48 8.67 8.39 96867
20140826 8.43 8.15 8.52 8.11 118476
20140827 8.15 8.13 8.25 8.11 75839
20140828 8.13 7.89 8.19 7.86 128334
20140829 7.93 8.17 8.20 7.86 72845
20140901 8.20 8.35 8.44 8.20 49611
20140902 8.45 8.85 8.94 8.35 175543
20140903 8.80 8.68 8.90 8.67 137447
20140904 8.65 8.73 8.84 8.64 96043
20140905 8.70 8.78 8.87 8.60 104214
20140909 8.78 9.12 9.31 8.78 137995
20140910 9.12 9.05 9.28 9.00 87086
20140911 9.04 8.98 9.14 8.88 115816
20140912 8.96 8.98 9.04 8.88 72842
20140915 8.98 8.98 9.20 8.81 120258
20140916 8.98 8.65 9.00 8.58 107819
20140917 8.64 8.73 8.75 8.43 97591
20140918 8.85 8.45 8.90 8.43 118504
20140919 8.43 8.53 8.58 8.39 97573
20140922 8.52 8.10 8.53 7.97 157602
20140923 8.11 8.19 8.26 8.07 87779
20140924 8.19 8.28 8.30 8.11 93252
20140925 8.27 8.28 8.48 8.23 117422
20140926 8.28 8.47 8.54 8.22 79547
20140929 8.41 8.97 9.07 8.41 178970
20140930 9.03 9.05 9.17 8.88 119180
20141008 9.04 9.10 9.14 8.85 98118
20141009 9.10 8.96 9.16 8.92 118213
20141010 8.95 8.75 9.08 8.68 122812
20141013 8.70 9.06 9.09 8.60 100464
20141014 9.05 8.91 9.09 8.84 76133
20141015 8.98 8.70 8.98 8.64 94837
20141016 8.70 8.47 8.70 8.43 98231
20141017 8.50 8.69 8.70 8.20 121161
20141020 8.68 8.67 8.77 8.62 61706
20141021 8.67 8.52 8.70 8.48 73953
20141022 8.51 8.45 8.66 8.44 52415
20141023 8.45 8.40 8.53 8.30 53402
20141024 8.46 8.51 8.52 8.35 49136
20141027 8.51 8.51 8.54 8.38 34546
20141028 8.53 8.69 8.77 8.53 64913
20141029 8.75 8.66 8.78 8.62 90066
20141030 8.68 8.70 8.72 8.57 84942
20141031 8.70 8.68 8.76 8.60 102256
20141103 8.76 9.09 9.55 8.75 325461
20141104 9.06 9.20 9.32 8.90 158597
20141105 9.18 9.14 9.29 9.05 75491
20141106 9.11 9.01 9.21 8.91 80291
20141107 9.07 8.92 9.15 8.86 80456
20141110 8.99 8.90 9.00 8.75 73612
20141111 8.88 8.64 8.94 8.53 87476
20141112 8.60 8.90 8.90 8.60 60807
20141113 8.96 9.00 9.20 8.67 115898
20141114 9.00 8.97 9.19 8.90 75734
20141117 8.97 8.99 9.02 8.72 51728
20141118 8.98 9.17 9.20 8.93 113733
20141119 9.16 9.10 9.20 9.01 61020
20141120 9.11 9.05 9.12 8.98 50386
20141121 9.04 9.07 9.11 8.96 75229
20141124 9.08 9.08 9.18 9.00 94412
20141125 9.08 9.40 9.52 9.03 194536
20141126 9.45 9.66 9.98 9.36 200822
20141127 9.61 9.70 9.91 9.53 136132
20141128 9.69 9.55 9.73 9.45 133571
20141201 9.55 10.17 10.26 9.45 236022
20141202 10.17 10.15 10.39 10.08 144291
20141203 10.10 9.92 10.31 9.75 157930
20141204 9.92 9.88 10.01 9.85 111862
20141205 9.88 9.41 9.88 8.91 178090
20141208 9.46 9.34 9.79 9.00 144801
20141209 9.33 8.76 9.33 8.75 182517
20141210 8.70 9.06 9.11 8.60 104015
20141211 9.06 9.43 9.46 8.80 120147
20141212 9.52 9.39 9.58 9.30 85231
20141215 9.38 10.05 10.15 9.30 201396
20141216 10.05 9.86 10.13 9.78 96659
20141217 9.85 9.76 10.09 9.68 94415
20141218 9.73 9.79 10.04 9.65 105230
20141219 9.81 9.50 9.90 9.30 91419
20141222 9.35 8.82 9.57 8.56 181066
20141223 8.81 8.62 9.03 8.60 72342
20141224 8.70 9.02 9.03 8.62 71024
20141225 9.08 9.20 9.46 9.08 101339
20141226 9.19 9.21 9.38 9.05 65757
20141229 9.25 8.86 9.26 8.85 81588
20141230 8.87 8.75 8.98 8.71 52946
20141231 8.76 8.74 8.93 8.50 63407
20150105 8.80 8.47 8.85 8.40 131347
20150106 8.43 8.52 8.55 8.06 129540
20150107 8.50 8.61 8.76 8.26 94764
20150108 8.61 8.49 8.69 8.45 59115
20150109 8.51 8.50 8.65 8.46 52938
20150112 8.57 8.35 8.57 8.30 42118
20150113 8.32 8.38 8.53 8.30 37707
20150114 8.38 8.60 8.80 8.32 72771
20150115 8.54 8.26 8.54 8.07 138756
20150116 8.38 9.09 9.09 8.30 210587
20150119 9.20 9.18 9.60 8.73 259656
20150120 9.19 9.42 9.58 9.15 146925
20150121 9.32 9.30 9.63 9.21 161550
20150122 9.32 9.46 9.48 9.27 89735
20150123 9.41 9.52 9.75 9.26 130480
20150126 9.50 10.09 10.15 9.49 252445
20150714 10.59 10.59 10.59 9.59 518486
20150715 10.95 10.06 11.12 10.06 561797
20150716 9.56 9.56 9.77 9.56 400677
20150717 9.17 9.20 9.56 9.08 488155
20150720 9.10 9.49 9.66 8.77 411014
20150721 9.44 9.53 9.82 9.17 203679
20150722 9.55 9.42 9.74 9.21 200061
20150723 9.43 9.46 9.52 9.28 209149
20150724 9.55 9.93 9.93 9.53 293652
20150727 10.10 9.95 10.43 9.93 461511
20150728 9.51 10.11 10.40 9.46 451682
20150729 10.58 10.62 10.62 10.20 448253
20150730 11.15 11.15 11.15 10.96 105879
