20140102 4.54 4.50 4.54 4.47 43155
20140103 4.48 4.39 4.49 4.36 61846
20140106 4.36 4.19 4.37 4.17 84635
20140107 4.18 4.15 4.19 4.10 63958
20140108 4.14 4.07 4.18 4.05 47803
20140109 4.05 4.05 4.13 4.01 73775
20140110 4.03 4.05 4.08 3.98 40662
20140113 4.03 4.09 4.12 4.03 33609
20140114 4.09 4.11 4.11 4.02 47297
20140115 4.09 4.06 4.10 4.04 29749
20140116 4.06 4.10 4.14 4.01 49720
20140117 4.06 3.97 4.07 3.97 56931
20140120 3.98 3.93 3.99 3.92 37277
20140121 3.94 3.97 3.98 3.94 24497
20140122 3.98 4.11 4.12 3.97 58216
20140123 4.10 4.07 4.11 4.05 36909
20140124 4.04 4.14 4.16 4.04 56138
20140127 4.09 4.11 4.16 4.06 52617
20140128 4.14 4.06 4.14 4.05 31466
20140129 4.06 4.02 4.08 4.02 29664
20140130 4.02 3.93 4.02 3.91 40055
20140207 3.93 3.98 3.98 3.92 31645
20140210 3.99 4.09 4.12 3.94 61114
20140211 4.08 4.33 4.50 4.04 246165
20140212 4.28 4.22 4.28 4.17 147567
20140213 4.22 4.19 4.28 4.18 79448
20140214 4.19 4.22 4.23 4.17 50682
20140217 4.22 4.27 4.29 4.20 75298
20140218 4.26 4.18 4.26 4.16 56448
20140219 4.17 4.21 4.24 4.14 47221
20140220 4.22 4.27 4.34 4.22 134853
20140221 4.28 4.18 4.28 4.14 59017
20140224 4.16 4.03 4.16 4.01 54551
20140225 4.04 3.88 4.07 3.87 54008
20140226 3.87 3.92 3.92 3.85 35327
20140227 3.93 3.84 3.94 3.83 43588
20140228 3.83 3.86 3.87 3.79 31865
20140303 3.85 3.89 3.90 3.83 25924
20140304 3.87 3.86 3.89 3.84 26850
20140305 3.88 3.90 3.98 3.85 51442
20140306 3.89 3.87 3.90 3.83 32128
20140307 3.87 3.84 3.90 3.81 31197
20140310 3.82 3.63 3.82 3.61 50953
20140311 3.63 3.68 3.78 3.60 41521
20140312 3.65 3.72 3.78 3.64 37323
20140313 3.72 3.76 3.85 3.68 47954
20140314 3.75 3.72 3.75 3.67 40513
20140317 3.71 3.78 3.81 3.71 32229
20140318 3.80 3.81 3.87 3.77 41526
20140319 3.81 3.83 3.85 3.76 26129
20140320 3.81 3.74 3.84 3.72 23595
20140321 3.71 3.91 3.97 3.70 104547
20140324 3.89 3.96 3.99 3.87 83962
20140325 3.94 3.96 4.02 3.91 62785
20140326 3.97 3.89 3.98 3.87 43576
20140327 3.90 3.87 3.92 3.85 38575
20140328 3.85 3.82 3.89 3.80 46428
20140331 3.82 3.80 3.85 3.78 24384
20140401 3.79 3.83 3.85 3.79 21016
20140402 3.83 3.91 3.95 3.83 61181
20140403 3.90 3.87 3.92 3.86 34035
20140404 3.86 3.90 3.92 3.86 23537
20140408 3.90 3.97 4.00 3.88 65274
20140409 3.96 3.96 3.99 3.93 36771
20140410 3.97 3.98 4.03 3.93 73414
20140411 3.97 3.95 3.98 3.92 32852
20140414 3.93 3.96 3.98 3.93 32484
20140415 3.96 3.90 3.96 3.89 27751
20140416 3.89 3.91 3.92 3.88 17017
20140417 3.90 3.85 3.92 3.83 34805
20140418 3.84 3.86 3.88 3.81 41825
20140421 3.88 4.14 4.15 3.85 139661
20140422 4.15 4.00 4.15 3.96 208960
20140423 3.99 4.00 4.08 3.92 119632
20140424 4.00 3.96 4.06 3.95 80914
20140425 3.97 3.79 3.98 3.79 84657
20140428 3.77 3.64 3.77 3.63 64538
20140429 3.63 3.74 3.77 3.62 58564
20140430 3.74 3.73 3.76 3.69 22542
20140505 3.71 3.74 3.77 3.67 26947
20140506 3.74 3.76 3.79 3.71 31733
20140507 3.73 3.68 3.78 3.67 35968
20140508 3.68 3.82 3.95 3.67 99086
20140509 3.80 3.91 3.92 3.72 87138
20140512 3.92 4.30 4.30 3.84 371048
20140513 4.39 4.19 4.50 4.07 364632
20140514 4.12 4.09 4.21 4.07 158964
20140515 4.07 3.96 4.11 3.93 114981
20140516 3.95 4.00 4.02 3.93 58318
20140519 3.98 3.93 3.99 3.88 53365
20140520 3.92 3.93 3.97 3.91 36224
20140521 3.93 4.05 4.08 3.87 98672
20140522 4.00 3.96 4.04 3.94 61509
20140523 3.96 3.94 3.98 3.91 33432
20140526 3.95 3.96 3.99 3.93 43635
20140527 3.96 3.93 3.98 3.92 33395
20140528 3.92 3.97 3.99 3.92 42027
20140529 3.98 3.90 3.98 3.88 51310
20140530 3.88 3.86 3.91 3.84 50376
20140603 3.85 3.86 3.93 3.84 34312
20140604 3.84 3.80 3.86 3.77 38732
20140605 3.82 3.82 3.83 3.78 26778
20140606 3.84 3.80 3.84 3.79 24723
20140609 3.79 3.79 3.85 3.76 26547
20140610 3.79 3.83 3.85 3.78 31526
20140611 3.82 3.84 3.84 3.80 20335
20140612 3.83 3.83 3.85 3.79 30863
20140613 3.82 3.85 3.87 3.79 46301
20140616 3.86 3.86 3.88 3.83 35705
20140617 3.86 3.80 3.86 3.79 40027
20140618 3.81 3.76 3.82 3.73 47738
20140619 3.76 3.64 3.76 3.63 45204
20140620 3.66 3.67 3.68 3.64 25803
20140623 3.68 3.69 3.72 3.66 35534
20140624 3.69 3.75 3.79 3.67 39240
20140625 3.73 4.04 4.13 3.72 404048
20140626 3.89 3.94 4.02 3.89 275008
20140627 3.91 3.96 4.02 3.89 167238
20140630 3.94 3.94 3.98 3.90 103551
20140701 3.94 3.97 4.02 3.92 102457
20140702 3.97 4.06 4.12 3.93 166537
20140703 4.04 4.06 4.11 3.99 165932
20140704 4.03 4.04 4.10 4.00 109492
20140707 4.03 4.13 4.16 4.03 137682
20140708 4.12 4.08 4.14 4.05 69129
20140709 4.08 3.94 4.08 3.93 100365
20140710 3.96 4.07 4.12 3.92 116533
20140711 4.07 4.06 4.17 4.04 87105
20140714 4.04 4.17 4.17 4.02 115230
20140715 4.14 4.34 4.37 4.07 313996
20140716 4.26 4.28 4.35 4.22 250150
20140717 4.25 4.14 4.26 4.10 164235
20140718 4.12 4.16 4.27 4.10 104469
20140721 4.16 4.16 4.18 4.10 67309
20140722 4.16 4.28 4.32 4.12 180239
20140723 4.25 4.31 4.43 4.23 200413
20140724 4.33 4.46 4.60 4.25 390628
20140725 4.47 4.48 4.57 4.39 289072
20140728 4.46 4.67 4.80 4.44 369816
20140729 4.65 4.61 4.67 4.54 226387
20140730 4.58 4.60 4.72 4.52 229885
20140731 4.61 4.78 4.78 4.56 253849
20140801 4.80 4.68 4.95 4.66 367152
20140804 4.63 4.79 4.84 4.63 252665
20140805 4.83 4.89 5.08 4.80 396068
20140806 4.84 4.89 4.95 4.76 233926
20140807 4.88 4.75 4.91 4.72 177881
20140808 4.74 4.72 4.77 4.65 128821
20140811 4.71 4.75 4.77 4.67 116663
20140812 4.74 4.68 4.74 4.63 128244
20140813 4.67 4.84 4.85 4.66 217111
20140814 4.82 4.66 4.82 4.66 179426
20140815 4.65 4.71 4.74 4.63 97945
20140818 4.71 4.74 4.77 4.69 96516
20140819 4.73 4.78 4.86 4.71 189949
20140820 4.77 4.78 4.83 4.72 115168
20140821 4.77 4.72 4.83 4.68 132877
20140822 4.70 4.69 4.74 4.65 111850
20140825 4.67 4.58 4.69 4.55 92225
20140826 4.59 4.48 4.62 4.41 82849
20140827 4.48 4.54 4.58 4.44 59139
20140828 4.54 4.50 4.63 4.49 59934
20140829 4.50 4.51 4.53 4.42 41561
20140901 4.51 4.57 4.57 4.51 44437
20140902 4.58 4.66 4.66 4.55 112433
20140903 4.66 4.68 4.74 4.65 124588
20140904 4.69 4.70 4.71 4.65 76309
20140905 4.70 4.71 4.73 4.66 113696
20140909 4.73 4.71 4.76 4.64 123156
20140910 4.69 4.67 4.69 4.64 83786
20140911 4.67 4.66 4.75 4.62 139769
20140912 4.66 4.70 4.70 4.63 79959
20140915 4.70 4.81 4.83 4.70 196776
20140916 4.82 4.76 5.03 4.75 290636
20140917 4.76 4.88 4.88 4.68 169417
20140918 4.88 4.95 5.03 4.84 277603
20140919 4.95 4.93 5.01 4.89 152450
20140922 4.93 4.80 4.95 4.78 134909
20140923 4.80 4.84 4.86 4.78 80858
20140924 4.81 4.95 4.96 4.78 149919
20140925 4.95 4.86 4.98 4.84 159707
20140926 4.85 4.88 4.94 4.82 105443
20140929 4.88 4.99 5.00 4.87 157393
20140930 5.14 5.28 5.36 5.06 498826
20141008 5.16 5.33 5.41 5.15 328299
20141009 5.36 5.43 5.56 5.31 333647
20141010 5.45 5.32 5.55 5.25 290480
20141013 5.30 5.46 5.46 5.23 189446
20141014 5.45 5.65 5.73 5.27 279096
20141015 5.67 5.66 5.80 5.55 317746
20141016 5.70 5.38 5.70 5.38 277333
20141017 5.30 5.18 5.37 5.13 183052
20141020 5.19 5.23 5.25 5.18 71489
20141021 5.21 5.08 5.28 5.08 114291
20141022 5.05 5.05 5.16 5.01 82764
20141023 5.06 4.98 5.08 4.93 85279
20141024 5.00 5.03 5.09 4.96 68980
20141027 5.01 5.03 5.05 4.95 47896
20141028 5.03 5.16 5.17 5.03 91294
20141029 5.17 5.23 5.27 5.11 124107
20141030 5.27 5.22 5.31 5.18 127365
20141031 5.24 5.35 5.39 5.16 209183
20141103 5.31 5.37 5.45 5.31 155911
20141104 5.36 5.45 5.49 5.31 172267
20141105 5.41 5.27 5.51 5.25 181065
20141106 5.27 5.29 5.31 5.23 95996
20141107 5.28 5.15 5.36 5.12 145653
20141110 5.15 5.24 5.25 5.15 91930
20141111 5.25 5.11 5.41 5.02 210400
20141112 5.13 5.24 5.25 5.09 113310
20141113 5.23 5.27 5.33 5.15 122820
20141114 5.26 5.26 5.35 5.21 147707
20141117 5.27 5.17 5.30 5.11 98006
20141118 5.17 5.11 5.17 5.09 80002
20141119 5.10 5.11 5.13 5.06 64112
20141120 5.12 5.13 5.16 5.09 59660
20141121 5.13 5.16 5.17 5.07 87365
20141124 5.19 5.29 5.32 5.18 164868
20141125 5.29 5.40 5.41 5.28 208451
20141126 5.40 5.38 5.43 5.29 142673
20141127 5.45 5.47 5.56 5.38 258056
20141128 5.52 5.44 5.58 5.32 212283
20141201 5.42 5.67 5.88 5.40 472021
20141202 5.69 5.70 5.75 5.57 253435
20141203 5.69 5.85 5.95 5.60 393934
20141204 5.82 6.20 6.24 5.82 525167
20141205 6.18 5.82 6.18 5.58 439004
20141208 5.76 5.86 5.94 5.65 285658
20141209 5.78 5.57 6.08 5.51 353149
20141210 5.57 5.69 5.75 5.50 172447
20141211 5.69 5.78 5.82 5.61 149359
20141212 5.79 5.83 5.86 5.73 146598
20141215 5.78 5.77 5.80 5.66 123483
20141216 5.75 5.93 5.97 5.75 246556
20141217 5.93 5.88 5.95 5.81 206038
20141218 5.87 5.85 6.03 5.80 159940
20141219 5.85 6.06 6.13 5.82 320559
20141222 6.10 6.22 6.47 6.04 484780
20141223 6.22 5.81 6.22 5.63 236824
20141224 5.82 5.83 5.89 5.70 137185
20141225 5.87 5.92 5.94 5.83 110991
20141226 5.93 6.13 6.21 5.89 191414
20141229 6.16 6.09 6.27 6.00 191305
20141230 6.09 5.99 6.16 5.96 110504
20141231 5.98 6.13 6.19 5.95 140687
20150105 6.12 6.74 6.74 6.11 863498
20150106 6.74 6.41 6.74 6.33 591969
20150107 6.38 6.44 6.47 6.26 235194
20150108 6.40 6.34 6.55 6.25 245778
20150109 6.29 6.20 6.42 6.20 178738
20150112 6.17 6.04 6.25 6.00 165059
20150113 6.04 6.08 6.12 5.95 73253
20150114 6.07 5.86 6.14 5.83 116804
20150115 5.87 5.98 5.99 5.84 82581
20150116 5.98 6.02 6.07 5.94 85408
20150119 5.74 5.45 5.89 5.42 224637
20150120 5.46 5.60 5.65 5.45 151294
20150121 5.60 5.74 5.78 5.56 123359
20150122 5.72 5.85 5.95 5.70 141224
20150123 5.85 5.89 5.97 5.78 167298
20150126 5.84 5.95 5.98 5.81 120803
20150127 5.95 5.94 6.02 5.84 109994
20150128 5.91 5.82 5.94 5.78 81549
20150129 5.76 5.81 5.89 5.71 74590
20150130 5.80 5.74 5.86 5.73 45656
20150202 5.65 5.60 5.73 5.56 62813
20150203 5.63 5.69 5.72 5.60 53817
20150204 5.75 5.75 5.84 5.71 88506
20150205 5.83 5.61 5.84 5.61 56763
20150206 5.58 5.32 5.64 5.25 101498
20150209 5.30 5.38 5.47 5.27 67280
20150210 5.38 5.47 5.48 5.36 35295
20150211 5.49 5.64 5.87 5.45 158235
20150212 5.64 5.58 5.64 5.51 41818
20150213 5.62 5.65 5.69 5.60 67935
20150216 5.66 5.67 5.69 5.63 51312
20150217 5.68 5.70 5.74 5.67 66597
20150225 5.70 5.80 5.89 5.66 231422
20150226 5.80 5.95 6.11 5.72 258585
20150227 5.93 5.97 5.98 5.87 94715
20150302 5.95 6.00 6.07 5.94 121259
20150303 5.99 5.89 5.99 5.85 128942
20150304 5.88 5.93 5.94 5.83 97361
20150305 6.19 6.02 6.19 5.95 347507
20150306 6.00 6.03 6.11 5.95 120011
20150309 6.05 6.60 6.63 5.92 790911
20150310 6.42 6.45 6.55 6.37 268129
20150311 6.50 6.24 6.57 6.23 380610
20150312 6.20 6.38 6.52 6.16 302669
20150313 6.41 6.26 6.54 6.25 416472
20150316 6.28 6.37 6.42 6.23 204836
20150317 6.37 6.51 6.54 6.36 265951
20150318 6.52 6.62 6.63 6.49 332391
20150319 6.63 6.63 6.77 6.52 351831
20150320 6.63 6.62 6.70 6.56 211158
20150323 6.65 6.94 7.00 6.62 707800
20150324 6.89 6.75 6.89 6.53 336032
20150325 6.73 6.76 6.88 6.64 234772
20150326 6.74 6.83 6.99 6.68 293964
20150327 6.86 7.00 7.05 6.81 319151
20150330 7.07 7.20 7.45 6.97 483223
20150331 7.20 7.20 7.29 7.13 270947
20150401 7.20 7.25 7.37 7.19 220452
20150402 7.25 7.31 7.32 7.20 267662
20150403 7.29 7.39 7.43 7.23 216597
20150407 7.44 7.59 7.64 7.32 266743
20150408 7.59 7.35 7.59 7.20 332054
20150409 7.30 7.21 7.35 6.95 260904
20150410 7.21 7.35 7.39 7.08 208064
20150413 7.36 7.51 7.59 7.36 232990
20150414 7.50 7.52 7.67 7.41 212124
20150415 7.48 7.57 7.74 7.35 283118
20150416 7.50 7.90 8.14 7.33 584518
20150417 7.90 7.83 8.06 7.77 518667
20150420 7.73 7.57 8.05 7.49 373320
20150421 7.50 7.79 7.80 7.48 228440
20150422 7.79 7.97 8.09 7.79 354622
20150423 7.96 8.17 8.38 7.86 442610
20150424 8.03 8.02 8.28 7.91 312655
20150427 8.07 8.25 8.35 8.00 388922
20150428 8.25 8.12 8.50 8.01 387742
20150429 8.03 8.44 8.48 8.01 345992
20150430 8.49 8.31 8.56 8.28 262619
20150504 8.28 8.29 8.34 8.01 192588
20150505 8.26 7.86 8.43 7.81 235301
20150506 7.81 7.29 7.95 7.25 248156
20150507 7.20 7.01 7.30 6.99 159634
20150508 7.09 7.32 7.35 7.09 166553
20150511 7.36 7.58 7.60 7.29 168118
20150512 7.58 7.51 7.63 7.37 226814
20150513 7.47 7.48 7.55 7.33 244426
20150514 7.51 7.56 7.65 7.45 243538
20150515 7.67 7.39 7.67 7.37 155537
20150518 7.30 7.36 7.45 7.20 115598
20150519 7.36 7.54 7.56 7.36 148822
20150520 7.55 7.60 7.72 7.50 204186
20150521 7.60 7.80 7.80 7.55 207093
20150522 7.89 8.03 8.05 7.82 335576
20150525 8.01 8.19 8.24 7.96 330025
20150526 8.23 8.31 8.32 8.14 318124
20150527 8.33 8.64 8.81 8.12 492694
20150528 8.58 7.91 8.85 7.82 417327
20150529 7.90 8.00 8.24 7.56 255812
20150601 8.07 8.80 8.80 8.01 397401
20150602 9.00 9.13 9.13 8.63 494590
20150603 9.07 9.46 9.73 8.96 486753
20150604 9.36 10.17 10.28 8.66 492529
20150605 10.20 10.18 10.78 9.90 522650
20150608 10.05 10.19 10.36 9.80 422235
20150609 10.19 10.45 10.74 10.00 430158
20150610 10.28 10.18 10.56 10.01 255250
20150611 10.19 10.12 10.19 9.97 246546
20150612 10.10 10.31 10.49 10.07 304110
20150615 10.32 10.40 10.65 10.09 378591
20150616 10.42 10.69 11.36 10.19 597855
20150617 10.45 10.93 10.93 9.85 507567
20150618 11.04 11.01 11.82 10.68 601783
20150619 10.45 9.91 10.79 9.91 306451
20150623 9.73 9.83 10.14 8.93 293368
20150624 9.88 10.81 10.81 9.84 647252
20150625 10.90 10.52 11.33 10.07 694993
20150626 10.00 9.47 10.25 9.47 358221
20150629 9.75 8.88 9.94 8.52 370221
20150630 8.88 9.32 9.37 7.99 348741
20150701 9.20 8.38 9.36 8.38 292214
20150702 8.40 7.54 8.53 7.54 267260
20150703 7.18 6.79 7.44 6.79 240563
20150706 7.40 6.14 7.45 6.11 401871
20150707 5.80 5.53 5.85 5.53 173542
20150713 6.08 6.08 6.08 6.08 20057
20150714 6.69 6.69 6.69 6.69 29525
20150715 7.00 6.02 7.00 6.02 352343
20150716 6.02 6.13 6.33 5.50 255856
20150717 6.16 6.51 6.63 6.13 252030
20150720 6.50 6.71 6.81 6.40 308209
20150721 6.60 6.74 6.87 6.44 237574
20150722 6.75 7.05 7.39 6.48 451539
20150723 7.09 7.22 7.38 6.95 431701
20150724 7.12 7.17 7.68 7.11 545898
20150727 7.00 6.45 7.09 6.45 353798
20150728 6.07 6.19 6.42 5.81 353740
20150729 6.40 6.53 6.54 6.06 197160
20150730 6.41 6.31 6.72 6.27 231670
