20140102 14.72 14.89 14.96 14.63 9594
20140103 14.88 14.49 14.96 14.28 12065
20140106 14.30 13.80 14.44 13.80 11437
20140107 13.80 14.53 14.65 13.44 11996
20140108 14.55 14.45 14.85 14.25 6111
20140109 14.75 14.00 14.75 14.00 4662
20140110 14.00 13.62 14.00 13.54 6459
20140113 13.52 13.76 14.00 13.52 4820
20140114 13.76 13.98 13.98 13.50 3105
20140115 14.08 13.98 14.08 13.82 3315
20140116 13.98 13.99 14.15 13.86 4431
20140117 14.23 13.89 14.23 13.79 5137
20140120 13.90 13.61 13.90 13.50 3456
20140121 13.61 13.85 13.88 13.52 5123
20140122 13.73 14.10 14.14 13.73 3914
20140123 14.10 14.26 14.35 14.10 4569
20140124 14.21 14.66 14.80 14.14 8608
20140127 14.53 14.33 14.65 14.26 6246
20140128 15.00 15.05 15.54 14.78 30807
20140129 15.10 14.89 15.20 14.56 13241
20140130 14.76 15.25 15.57 14.75 18782
20140207 14.95 15.40 15.45 14.88 11548
20140210 15.48 15.66 15.99 15.41 19682
20140211 15.65 15.39 15.73 15.31 14369
20140212 15.37 15.55 15.66 15.37 14192
20140213 15.60 15.41 15.87 15.40 18263
20140214 15.34 15.47 15.50 15.30 13988
20140217 15.50 15.93 16.04 15.44 21836
20140218 15.90 16.20 16.38 15.81 29081
20140219 16.22 15.95 16.33 15.80 16070
20140220 15.96 15.38 15.97 15.18 18751
20140221 15.27 15.34 15.53 15.20 9881
20140224 15.21 15.29 15.47 14.99 12525
20140225 15.29 14.60 15.38 14.45 16602
20140226 14.60 14.68 14.70 14.18 9068
20140227 14.68 14.20 15.07 14.20 9272
20140228 14.30 14.47 14.48 14.09 8799
20140303 14.45 14.80 14.85 14.30 9250
20140304 14.80 14.84 14.86 14.52 7091
20140305 14.82 14.74 15.06 14.70 5968
20140306 14.73 14.54 14.79 14.35 6038
20140307 14.45 14.65 14.98 14.45 9526
20140310 14.46 13.94 14.46 13.88 10144
20140311 13.90 13.92 14.09 13.63 4145
20140312 13.92 14.12 14.17 13.78 4178
20140313 14.12 14.18 14.22 14.01 5526
20140314 14.15 14.16 14.25 14.02 3936
20140317 14.15 14.30 14.30 14.05 5923
20140318 14.31 14.21 14.55 14.18 8729
20140319 14.15 14.08 14.15 13.90 7031
20140320 14.06 14.10 14.36 14.06 9915
20140321 14.00 14.35 14.35 13.80 11812
20140324 14.44 14.41 14.47 14.19 11491
20140325 14.40 14.47 14.66 14.35 9657
20140326 14.41 14.58 14.58 14.37 6648
20140327 14.57 14.12 14.57 14.10 7870
20140328 14.10 13.90 14.19 13.88 7319
20140331 13.81 13.74 13.88 13.60 5075
20140401 13.80 14.04 14.06 13.71 6668
20140402 14.04 13.89 14.12 13.87 4558
20140403 13.89 14.00 14.10 13.71 5742
20140404 14.02 14.12 14.12 13.77 5920
20140408 14.10 14.29 14.29 14.00 7654
20140409 14.29 14.37 14.38 14.23 4875
20140410 14.40 14.33 14.43 14.28 6789
20140411 14.29 14.35 14.38 14.12 5573
20140414 14.35 14.93 14.95 14.35 19909
20140415 14.93 14.83 15.10 14.79 11368
20140416 14.85 15.33 15.35 14.71 16815
20140417 15.38 15.32 15.85 15.30 24349
20140418 15.80 15.51 16.25 15.31 71770
20140421 15.15 15.23 15.63 15.06 22780
20140422 15.13 15.51 15.67 15.12 23482
20140423 15.51 15.46 15.66 15.25 18457
20140424 15.45 15.75 15.96 15.31 31291
20140425 15.61 15.04 15.66 14.97 24780
20140428 14.91 14.11 15.00 14.05 20751
20140429 14.02 14.38 14.40 14.02 9024
20140430 14.40 14.47 14.49 14.21 9628
20140505 14.45 14.48 14.53 14.12 15663
20140506 14.40 14.58 14.65 14.31 15004
20140507 14.58 14.30 14.58 14.22 9127
20140508 14.31 14.50 14.68 14.21 13047
20140509 14.47 14.64 14.74 14.31 9840
20140512 14.75 15.11 15.12 14.64 16672
20140513 15.09 15.16 15.23 14.95 14386
20140514 15.12 15.13 15.20 15.00 7036
20140515 15.13 14.75 15.15 14.75 11514
20140516 14.75 15.05 15.05 14.61 9688
20140519 15.05 14.83 15.05 14.60 9642
20140520 14.90 15.05 15.16 14.90 11022
20140521 15.11 15.03 15.11 14.76 11387
20140522 15.02 15.05 15.22 14.99 14119
20140523 15.06 15.07 15.15 14.82 11020
20140526 15.10 15.38 15.42 15.00 17776
20140527 15.39 15.20 15.45 15.15 11045
20140528 15.28 15.50 15.55 15.08 16263
20140529 15.47 15.27 15.57 15.21 11509
20140530 15.26 15.12 15.26 15.00 10255
20140603 15.23 15.17 15.28 15.10 8313
20140604 15.28 14.93 15.28 14.91 10108
20140605 14.90 15.04 15.06 14.83 9612
20140606 15.07 15.44 15.46 15.01 13480
20140609 15.42 15.59 15.88 15.32 34738
20140610 15.64 16.68 17.09 15.64 79052
20140611 16.68 16.83 16.95 16.52 52269
20140612 16.68 17.00 17.50 16.66 64192
20140613 17.28 18.65 18.66 17.15 106187
20140616 18.63 20.52 20.52 18.09 132051
20140617 9.81 9.44 10.24 9.23 252904
20140618 9.42 8.84 9.42 8.75 208518
20140619 8.82 8.27 8.88 8.13 161525
20140620 8.29 8.36 8.40 8.17 102480
20140623 8.40 8.34 8.52 8.26 106734
20140624 8.36 8.40 8.47 8.16 90154
20140625 8.40 8.22 8.43 8.16 74374
20140626 8.24 8.39 8.44 8.21 88673
20140627 8.47 8.39 8.47 8.26 84619
20140630 8.30 8.35 8.40 8.13 91830
20140701 8.38 8.72 8.77 8.31 165704
20140702 8.69 8.64 8.69 8.46 98277
20140703 8.62 8.46 8.62 8.43 83485
20140704 8.47 8.34 8.48 8.24 69299
20140707 8.35 8.40 8.40 8.26 44587
20140708 8.41 8.31 8.41 8.22 53014
20140709 8.31 8.16 8.40 8.15 59085
20140710 8.12 8.13 8.21 8.10 40257
20140711 8.14 8.19 8.22 8.11 31018
20140714 8.19 8.24 8.24 8.13 38621
20140715 8.21 8.15 8.23 8.12 43417
20140716 8.15 8.12 8.20 8.10 30694
20140717 8.13 8.18 8.21 8.08 30288
20140718 8.18 8.11 8.18 8.07 27316
20140721 8.12 7.90 8.14 7.85 51893
20140722 7.92 8.01 8.01 7.87 30759
20140723 8.01 7.91 8.01 7.85 32376
20140724 7.94 7.77 7.94 7.71 32694
20140725 7.75 8.02 8.04 7.75 36505
20140728 8.06 8.09 8.13 7.98 48100
20140729 8.12 8.14 8.15 8.06 37849
20140730 8.11 8.17 8.18 8.04 45237
20140731 8.17 8.22 8.23 8.10 40109
20140801 8.23 8.09 8.23 8.09 47421
20140804 8.08 8.29 8.29 8.07 55122
20140805 8.29 8.40 8.43 8.25 71946
20140806 8.40 8.49 8.51 8.24 74431
20140807 8.49 8.57 8.58 8.45 89565
20140808 8.59 8.88 8.88 8.58 154300
20140811 9.00 9.50 9.69 9.00 202945
20140812 9.59 9.25 9.59 9.15 155467
20140813 9.21 9.17 9.22 9.02 87092
20140814 9.17 9.05 9.17 9.03 59905
20140815 8.96 9.10 9.23 8.96 63296
20140818 9.13 9.16 9.16 9.03 59149
20140819 9.13 9.15 9.20 9.09 51517
20140820 9.14 9.19 9.25 9.06 54847
20140821 9.19 9.16 9.25 9.04 41465
20140822 9.16 9.17 9.20 9.08 36576
20140825 9.17 9.35 9.38 9.14 83892
20140826 9.35 9.14 9.70 9.11 93323
20140827 9.08 9.17 9.23 8.96 42441
20140828 9.45 9.27 9.66 9.25 79209
20140829 9.25 9.19 9.25 9.03 44056
20140901 9.21 9.30 9.31 9.00 45164
20140902 9.29 9.45 9.55 9.29 84585
20140903 9.52 9.45 9.53 9.33 64522
20140904 9.46 9.46 9.47 9.36 64165
20140905 9.47 9.80 9.90 9.46 122702
20140909 9.80 9.79 9.89 9.60 64426
20140910 9.77 9.70 9.77 9.52 56741
20140911 9.69 9.64 9.84 9.56 81793
20140912 9.63 9.72 9.74 9.54 51979
20140915 9.75 9.73 9.79 9.65 60712
20140916 9.74 9.20 9.78 9.11 83618
20140917 9.18 9.20 9.29 9.06 46991
20140918 9.26 9.26 9.27 9.15 28313
20140919 9.26 9.35 9.36 9.13 43628
20140922 9.30 9.16 9.32 9.10 27512
20140923 9.15 9.28 9.29 9.13 27507
20140924 9.26 9.42 9.43 9.15 33277
20140925 9.44 9.45 9.56 9.37 48823
20140926 9.43 9.55 9.55 9.38 41846
20140929 9.59 9.80 9.85 9.59 80410
20140930 9.80 9.77 9.85 9.63 51743
20141008 9.76 10.50 10.58 9.68 143097
20141009 10.40 10.67 10.98 10.30 126387
20141010 10.67 10.38 10.67 10.33 68502
20141013 10.25 10.62 10.70 9.89 71000
20141014 10.53 10.35 10.63 10.25 50513
20141015 10.32 10.44 10.46 10.15 41069
20141016 10.38 10.19 10.53 10.19 44499
20141017 10.17 10.08 10.22 9.86 43442
20141020 10.08 10.18 10.21 10.08 24236
20141021 10.20 10.35 10.47 10.15 40907
20141022 10.34 10.02 10.50 10.00 32122
20141023 9.93 9.59 10.01 9.50 40567
20141024 9.58 9.70 9.78 9.58 18116
20141027 9.68 9.73 9.79 9.50 16890
20141028 9.70 10.02 10.08 9.69 32562
20141029 10.05 10.30 10.40 10.03 43302
20141030 10.30 10.31 10.49 10.15 39753
20141031 10.31 10.14 10.36 10.07 38502
20141103 10.16 10.41 10.48 10.16 47137
20141104 10.39 10.30 10.41 10.15 32530
20141105 10.29 10.25 10.35 10.18 25784
20141106 10.25 10.32 10.32 10.03 42451
20141107 10.31 10.14 10.34 10.06 32788
20141110 10.15 10.15 10.19 10.08 25551
20141111 10.19 9.59 10.20 9.50 58997
20141112 9.60 9.71 9.73 9.51 33205
20141113 9.71 9.38 9.71 9.36 33467
20141114 9.35 9.46 9.49 9.27 20702
20141117 9.40 9.62 9.69 9.31 23375
20141118 9.64 9.57 9.68 9.49 11898
20141119 9.56 9.61 9.62 9.48 13143
20141120 9.62 9.52 9.62 9.45 12078
20141121 9.52 10.24 10.29 9.50 79916
20141124 10.30 10.39 10.40 10.10 90339
20141125 10.46 10.33 10.48 10.25 76780
20141126 10.38 10.83 10.90 10.27 136561
20141127 10.68 10.82 10.97 10.65 98373
20141128 10.81 11.20 11.20 10.65 113761
20141201 11.19 10.99 11.19 10.80 84372
20141202 10.93 10.95 11.05 10.64 79861
20141203 10.85 10.72 10.85 10.64 44985
20141204 10.72 10.72 10.92 10.69 54200
20141205 10.70 10.28 10.70 9.80 75351
20141208 10.05 10.01 10.25 9.95 79164
20141209 10.01 9.66 10.03 9.48 76093
20141210 9.66 9.98 10.06 9.44 46904
20141211 9.97 9.96 10.12 9.84 44647
20141212 9.98 10.01 10.05 9.88 42161
20141215 9.99 10.31 10.35 9.86 64798
20141216 10.28 10.12 10.28 10.02 54945
20141217 10.11 9.83 10.11 9.76 44985
20141218 9.80 9.81 9.92 9.73 23532
20141219 9.80 9.74 9.85 9.58 32840
20141222 9.75 9.30 9.76 9.10 43230
20141223 9.31 9.37 9.57 9.23 18052
20141224 9.38 9.47 9.58 9.38 14082
20141225 9.52 9.62 9.63 9.39 17002
20141226 9.60 9.57 9.62 9.50 14737
20141229 9.57 9.73 10.10 9.38 54421
20141230 9.69 9.73 9.90 9.65 23240
20141231 9.74 9.73 9.97 9.41 38269
20150105 9.69 9.81 9.87 9.69 22849
20150106 9.81 9.85 9.86 9.64 30547
20150107 9.85 9.77 9.97 9.69 21427
20150108 9.73 9.69 9.75 9.61 17076
20150109 9.73 9.55 9.75 9.55 25665
20150112 9.40 9.27 9.49 9.19 31713
20150113 9.25 9.33 9.38 9.19 19994
20150114 9.33 9.36 9.61 9.31 23190
20150115 9.91 9.75 10.17 9.61 61216
20150116 9.75 9.73 9.85 9.62 28174
20150119 9.50 9.51 9.85 9.38 33463
20150120 9.51 9.79 9.79 9.40 28534
20150121 9.83 10.02 10.09 9.81 51295
20150122 10.08 10.20 10.25 10.04 61351
20150123 10.32 10.06 10.32 10.01 42263
20150126 10.05 10.26 10.38 10.00 43173
20150127 10.29 10.45 10.50 10.17 58294
20150128 10.46 10.21 10.46 10.20 38408
20150129 10.14 9.96 10.20 9.92 34582
20150130 9.94 9.79 10.05 9.63 59698
20150202 9.70 9.80 9.89 9.67 31902
20150203 9.82 10.06 10.09 9.82 46031
20150204 10.06 9.86 10.13 9.81 34662
20150205 9.91 9.83 9.99 9.78 26143
20150206 9.83 9.65 9.83 9.56 20545
20150209 9.60 9.67 9.78 9.60 18171
20150210 9.63 9.73 9.74 9.61 16240
20150211 9.77 9.92 9.97 9.75 22318
20150212 10.08 10.06 10.10 9.90 36144
20150213 10.08 10.10 10.25 10.05 37924
20150216 10.12 10.29 10.34 10.12 37951
20150217 10.29 10.28 10.33 10.20 25335
20150225 10.31 10.26 10.41 10.26 34056
20150226 10.26 10.32 10.35 10.25 33233
20150227 10.35 10.41 10.42 10.26 40714
20150302 10.46 10.49 10.50 10.36 48108
20150303 10.48 10.55 10.78 10.39 63152
20150304 10.55 10.63 10.73 10.51 40542
20150305 10.60 11.69 11.69 10.56 183566
20150306 11.85 11.38 11.90 11.33 138791
20150309 11.26 11.90 11.97 11.20 104871
20150310 11.90 12.47 12.69 11.78 140721
20150311 12.20 12.23 12.85 12.10 86889
20150312 12.33 12.08 12.33 11.70 77792
20150313 12.07 12.07 12.14 11.81 39886
20150316 12.18 12.39 12.59 12.11 75745
20150317 12.39 12.32 12.51 12.21 58369
20150318 12.31 12.51 12.59 12.08 68843
20150319 12.58 13.34 13.57 12.40 132511
20150320 13.34 13.19 13.34 13.01 60081
20150323 13.18 13.55 13.68 12.99 69372
20150324 13.48 13.00 13.50 12.54 85944
20150325 12.94 12.80 13.07 12.45 71591
20150326 12.61 13.02 13.13 12.35 84948
20150327 12.95 12.95 13.10 12.78 52111
20150330 12.99 13.04 13.15 12.74 68782
20150331 12.96 14.10 14.34 12.91 161154
20150401 13.98 14.39 14.47 13.73 83768
20150402 14.39 14.69 15.00 14.38 80869
20150403 14.60 14.96 15.30 14.40 67024
20150407 15.01 16.13 16.38 15.01 76634
20150408 16.18 15.53 16.38 15.28 75395
20150409 15.46 15.10 15.47 14.35 54279
20150410 14.98 15.94 16.06 14.85 59799
20150413 16.00 17.53 17.53 15.70 75774
20150414 17.76 18.76 19.17 17.60 80900
20150415 18.38 16.94 18.70 16.88 69796
20150416 18.63 18.63 18.63 18.22 91984
20150417 19.99 19.30 20.30 18.97 223533
20150420 18.80 17.98 18.96 17.90 117548
20150421 18.00 19.47 19.55 18.00 111436
20150422 19.52 20.28 21.19 19.51 109735
20150423 20.26 20.48 20.70 19.50 95392
20150424 20.50 20.71 21.51 20.25 115813
20150427 20.67 20.29 20.76 20.01 89197
20150428 20.30 19.34 20.30 19.08 73539
20150429 19.18 19.60 19.86 18.81 46365
20150430 19.57 19.10 19.57 18.90 67940
20150504 19.16 19.32 19.37 18.67 58430
20150505 19.33 19.87 20.20 19.23 108241
20150506 19.66 20.27 21.00 19.66 106062
20150507 20.27 19.90 20.84 19.88 77934
20150508 19.97 21.45 21.80 19.91 97854
20150511 21.56 22.99 23.08 21.56 106265
20150512 23.03 22.90 23.89 22.16 102194
20150513 22.10 22.69 22.87 21.80 70594
20150514 23.10 24.28 24.49 22.61 143345
20150515 24.27 26.71 26.71 23.80 118912
20150518 26.80 26.06 27.54 25.50 106104
20150519 26.65 26.80 27.33 25.80 78840
20150520 27.00 29.25 29.48 26.51 108657
20150521 29.44 32.17 32.17 29.44 117199
20150522 32.20 34.30 34.90 32.19 145040
20150525 34.30 33.07 34.30 31.30 160813
20150526 15.01 16.45 16.45 14.51 407513
20150527 16.78 18.10 18.10 16.77 401342
20150528 19.00 18.50 19.91 18.20 513347
20150529 18.47 18.61 19.89 16.65 475370
20150601 18.38 18.42 19.20 17.50 369863
20150602 18.30 17.83 18.30 17.50 390567
20150603 17.32 17.30 17.70 16.60 314445
20150604 17.30 17.56 17.95 16.08 262351
20150605 17.60 17.38 18.01 16.92 259539
20150608 17.20 16.66 17.28 16.43 218141
20150609 16.76 17.10 17.46 16.45 172498
20150610 17.00 17.07 17.29 16.51 156226
20150611 16.90 18.62 18.78 16.88 389596
20150612 18.48 17.89 18.85 17.80 362115
20150615 17.70 17.08 17.75 17.01 214237
20150616 16.88 16.26 16.88 15.86 156505
20150617 16.30 16.99 17.22 16.00 160535
20150618 17.09 16.15 17.09 16.06 113951
20150619 15.95 14.54 15.98 14.54 106628
20150623 14.53 13.55 14.80 13.09 143334
20150624 13.72 14.45 14.59 13.62 165917
20150625 14.35 14.57 15.50 14.10 170094
20150626 14.11 13.11 14.20 13.11 86560
20150629 13.36 11.80 13.68 11.80 160514
20150630 11.70 12.90 12.90 10.62 191309
20150701 13.10 11.80 13.65 11.68 191973
20150702 11.90 10.62 12.22 10.62 133217
20150703 10.00 9.56 10.62 9.56 133160
20150706 10.46 8.60 10.46 8.60 196278
20150707 8.10 7.74 8.10 7.74 73446
20150714 8.51 8.51 8.51 8.51 2004
20150715 9.36 8.76 9.36 8.51 329475
20150716 8.76 9.02 9.20 8.00 222287
20150717 9.03 9.91 9.92 9.02 218882
20150720 9.94 10.36 10.68 9.90 250881
20150721 10.10 10.42 10.74 9.90 184072
20150722 10.35 10.28 10.50 9.95 147821
20150723 10.28 10.79 10.93 10.11 194120
20150724 10.84 10.58 11.10 10.40 217428
20150727 10.22 9.52 10.54 9.52 157958
20150728 8.63 8.81 9.52 8.57 180081
20150729 8.98 9.47 9.49 8.61 109945
20150730 9.48 9.18 9.86 9.10 127906
