20140321 10.50 10.35 10.74 10.16 374469
20140324 10.15 10.04 10.28 9.86 187738
20140325 9.98 11.04 11.04 9.87 357097
20140326 10.65 10.78 10.89 10.50 209418
20140327 10.69 10.60 10.98 10.55 160574
20140328 10.50 9.98 10.50 9.93 140516
20140331 9.96 9.66 10.09 9.57 79036
20140401 9.66 9.82 9.95 9.52 58598
20140402 9.71 9.80 9.88 9.71 30246
20140403 9.85 9.99 10.10 9.80 60234
20140404 9.99 9.99 10.07 9.90 34894
20140408 10.00 10.14 10.25 10.00 43903
20140409 10.11 10.04 10.20 10.00 40189
20140410 10.02 10.03 10.15 9.94 55546
20140411 10.08 9.79 10.08 9.72 60446
20140414 9.71 9.75 9.86 9.68 37698
20140415 9.78 9.57 9.78 9.55 34888
20140416 9.51 9.62 9.67 9.51 18401
20140417 9.63 9.54 9.69 9.50 28574
20140418 9.51 9.41 9.51 9.31 30413
20140421 9.36 9.40 9.53 9.31 22549
20140422 9.41 9.24 9.47 9.15 28041
20140423 9.23 9.23 9.28 9.16 13768
20140424 9.26 9.46 9.65 9.26 35808
20140425 9.55 9.38 9.60 9.37 22613
20140428 9.39 8.83 9.39 8.78 30635
20140429 8.81 8.78 8.87 8.69 25327
20140430 8.80 8.77 8.83 8.61 20915
20140505 8.75 8.87 8.90 8.62 24088
20140506 8.88 8.91 8.98 8.83 16748
20140507 8.90 8.63 8.90 8.63 14995
20140508 8.55 8.51 8.75 8.49 20340
20140509 8.51 8.40 8.64 8.39 16533
20140512 8.53 9.10 9.11 8.50 56410
20140513 9.00 9.08 9.09 8.94 20901
20140514 9.07 9.02 9.22 8.97 19726
20140515 9.02 9.01 9.16 8.94 30779
20140516 8.97 9.24 9.27 8.90 26240
20140519 9.18 9.22 9.39 9.11 24641
20140520 9.25 9.41 9.55 9.18 26223
20140521 9.41 9.40 9.43 9.30 15490
20140522 9.39 9.39 9.42 9.29 22978
20140523 9.50 9.63 9.78 9.42 41754
20140526 9.63 9.99 10.07 9.55 99226
20140527 10.05 9.96 10.07 9.92 45819
20140528 9.96 9.95 10.02 9.78 37981
20140529 10.00 10.00 10.12 9.91 34531
20140530 9.92 10.00 10.01 9.77 41676
20140603 10.02 9.99 10.05 9.93 24430
20140604 9.99 9.97 10.00 9.82 22381
20140605 9.97 10.20 10.20 9.89 45353
20140606 10.15 10.24 10.32 10.11 53354
20140609 10.21 10.15 10.30 10.08 31915
20140610 10.30 10.15 10.30 10.12 22672
20140611 10.11 9.79 10.18 9.77 50200
20140612 9.76 9.92 9.92 9.71 32161
20140613 9.90 9.90 10.08 9.81 30392
20140616 9.90 10.07 10.15 9.81 42340
20140617 10.08 10.00 10.16 9.92 32031
20140618 10.00 9.93 10.08 9.89 31657
20140619 9.90 9.82 10.00 9.75 41596
20140620 9.80 9.81 9.90 9.65 24663
20140623 9.81 9.82 9.92 9.75 19229
20140624 9.82 9.89 9.91 9.82 13290
20140625 9.95 9.90 9.99 9.82 9913
20140626 9.96 10.08 10.08 9.89 29842
20140627 10.04 10.06 10.17 10.00 23013
20140630 10.07 10.00 10.10 9.87 31665
20140701 9.98 10.20 10.23 9.95 57154
20140702 10.21 10.45 10.49 10.20 72848
20140703 10.45 10.50 10.62 10.37 49701
20140704 10.46 10.57 10.58 10.36 54330
20140707 10.56 10.65 10.90 10.45 56158
20140708 10.69 10.57 10.74 10.54 49755
20140709 10.57 10.53 10.67 10.47 43656
20140710 10.48 10.55 10.66 10.46 71744
20140711 10.56 10.71 10.72 10.44 48135
20140714 10.65 10.90 10.98 10.65 38421
20140715 11.09 11.18 11.48 10.90 67115
20140716 11.05 10.87 11.20 10.78 48328
20140717 10.97 10.89 10.98 10.79 23082
20140718 10.89 10.91 10.97 10.73 17273
20140721 10.93 11.02 11.18 10.83 42147
20140722 11.07 11.15 11.30 10.90 32583
20140723 11.11 10.94 11.19 10.69 39562
20140724 10.85 10.73 10.96 10.53 40213
20140725 10.73 10.78 10.78 10.55 21828
20140728 10.76 11.03 11.05 10.75 54994
20140729 11.01 10.95 11.06 10.86 51126
20140730 10.83 11.15 11.39 10.83 75741
20140731 11.28 11.35 11.58 11.10 97321
20140801 11.53 11.25 11.53 11.09 53570
20140804 11.18 11.25 11.27 11.10 27147
20140805 11.27 11.29 11.45 11.18 30679
20140806 11.35 11.28 11.39 11.16 28330
20140807 11.26 11.12 11.28 11.07 28746
20140808 11.17 11.09 11.20 11.01 32406
20140811 11.11 11.30 11.34 11.09 50758
20140812 11.32 11.29 11.43 11.17 47965
20140813 11.25 11.22 11.28 11.08 20929
20140814 11.19 11.24 11.34 11.19 67686
20140815 11.23 11.34 11.49 11.07 100900
20140818 11.30 11.36 11.48 11.20 42587
20140819 11.37 11.27 11.39 11.25 52699
20140820 11.25 11.11 11.29 11.06 55938
20140821 11.07 11.09 11.15 10.98 32062
20140822 11.14 11.26 11.37 11.13 73349
20140825 11.26 11.15 11.26 11.01 34251
20140826 11.06 10.80 11.15 10.73 52242
20140827 10.76 11.11 11.27 10.76 57777
20140828 11.11 11.00 11.15 10.82 26276
20140829 10.96 11.13 11.29 10.86 39979
20140901 11.14 11.34 11.34 11.07 53621
20140902 11.37 12.22 12.47 11.33 157095
20140903 12.30 12.14 12.35 12.03 71017
20140904 12.14 12.59 12.75 12.06 98139
20140905 12.55 12.92 13.00 12.35 120993
20140909 13.05 12.83 13.06 12.55 113225
20140910 12.83 12.64 12.83 12.52 67621
20140911 12.55 12.90 13.20 12.51 269392
20140912 12.80 12.88 13.14 12.69 101887
20140915 12.86 12.93 12.99 12.63 113639
20140916 12.81 13.10 13.28 12.76 243165
20140917 13.15 13.07 13.20 12.65 108846
20140918 12.81 12.93 13.05 12.78 69979
20140919 12.86 13.78 13.80 12.79 183097
20140922 13.93 13.90 14.26 13.55 125352
20140923 13.88 13.78 14.10 13.45 130587
20140924 13.71 13.94 14.09 13.70 105056
20140925 13.89 14.05 14.48 13.89 103941
20140926 14.25 14.08 14.38 13.92 77555
20140929 14.04 14.16 14.16 13.71 143457
20140930 14.16 14.60 14.79 14.05 130286
20141008 14.80 14.54 14.80 14.20 112695
20141009 14.38 14.40 14.48 14.05 113397
20141010 14.36 14.47 14.79 14.22 95650
20141013 14.38 14.07 14.39 13.65 85564
20141014 13.90 13.90 13.99 13.68 83278
20141015 13.85 14.23 14.28 13.85 95188
20141016 14.20 14.50 14.62 13.99 138468
20141017 14.32 14.96 15.00 14.31 163089
20141020 15.70 15.10 15.82 15.00 156806
20141021 15.47 14.90 15.47 14.50 77274
20141022 14.80 15.48 15.98 14.80 122467
20141023 15.48 15.29 15.50 15.02 57847
20141024 15.50 15.59 15.87 15.28 86540
20141027 15.45 15.42 15.77 15.14 75280
20141028 15.27 15.56 15.59 15.23 68939
20141029 15.55 16.06 16.18 15.38 136063
20141030 16.23 15.92 16.25 15.79 86972
20141031 15.96 16.19 16.49 15.96 133210
20141103 16.13 16.39 16.45 16.02 94584
20141104 16.35 16.30 16.65 15.96 194851
20141105 16.30 16.02 16.47 16.01 131013
20141106 15.80 16.72 16.83 15.50 325089
20141107 16.58 16.72 17.03 16.55 91717
20141110 16.74 17.06 17.10 16.48 71214
20141111 17.06 17.34 17.45 17.00 38254
20141118 17.34 16.25 17.35 15.80 180253
20141119 16.15 16.45 16.77 16.08 84580
20141120 16.40 17.79 17.85 16.36 112890
20141121 17.80 17.80 17.90 17.38 106154
20141124 17.81 17.96 18.21 17.77 131279
20141125 17.96 18.04 18.14 17.80 116165
20141126 18.12 18.75 18.96 18.12 174737
20141127 18.75 18.99 19.80 18.62 169373
20141128 18.80 18.69 19.36 18.35 147559
20141201 18.39 17.86 18.39 17.36 195565
20141202 17.75 18.39 18.73 17.60 127907
20141203 18.58 18.23 19.12 18.00 143697
20141204 18.23 18.12 18.39 17.81 116551
20141205 18.07 17.35 18.08 16.31 163865
20141208 17.43 18.44 18.76 17.00 201079
20141209 18.43 18.83 20.28 18.19 293322
20141210 18.80 20.10 20.20 18.60 186171
20141211 20.12 20.41 20.85 19.78 161589
20141212 20.41 20.50 21.00 20.31 112732
20141215 20.47 20.82 21.10 20.06 92403
20141217 21.50 20.35 21.50 19.49 138341
20141218 20.28 19.90 20.63 19.86 88294
20141219 19.87 19.59 20.50 19.48 91754
20141222 19.59 18.17 19.59 17.82 120164
20141223 18.17 18.12 18.95 17.68 72482
20141224 18.12 18.25 18.40 17.50 57020
20141225 18.38 18.60 19.09 18.09 62607
20141226 18.60 18.39 18.81 18.16 76308
20141229 18.39 17.83 18.39 17.50 63737
20141230 17.50 17.00 17.87 16.61 93934
20141231 16.91 18.00 18.52 16.91 95120
20150105 17.80 18.36 18.80 17.65 74930
20150106 18.70 18.43 18.70 18.17 59034
20150107 18.25 18.26 18.55 18.08 48692
20150108 18.26 18.47 18.79 18.22 56301
20150109 18.48 18.76 18.89 18.28 95919
20150112 18.59 19.40 19.69 18.59 121571
20150113 19.42 19.38 19.61 19.18 52924
20150114 19.21 19.40 19.89 19.21 73826
20150115 19.38 19.62 19.63 18.71 82281
20150116 19.50 19.69 19.75 19.30 58964
20150119 19.01 18.33 19.40 17.72 113892
20150120 18.30 19.03 19.40 18.16 64861
20150121 19.03 19.68 19.69 19.03 104720
20150122 19.66 19.73 19.99 19.30 88422
20150123 19.83 20.10 20.36 19.70 195966
20150126 20.09 19.98 20.25 19.75 70188
20150127 20.11 19.50 20.11 19.42 65619
20150128 19.39 19.16 19.56 18.83 68120
20150129 18.79 19.07 19.50 18.70 48840
20150130 19.08 18.42 19.25 18.14 109057
20150202 18.00 18.47 18.51 17.75 70413
20150203 18.44 18.33 18.44 17.96 58204
20150204 18.33 18.19 18.50 18.00 56375
20150205 18.29 18.21 18.38 18.01 64238
20150206 18.09 17.80 18.49 17.50 62809
20150209 17.80 17.74 18.27 17.68 46545
20150210 17.75 17.88 18.05 17.61 30925
20150211 18.05 17.85 18.05 17.58 37348
20150212 17.90 17.85 17.98 17.61 36153
20150213 17.85 18.07 18.38 17.85 98359
20150216 18.14 17.98 18.14 17.72 60229
20150217 17.98 18.18 18.20 17.83 83097
20150225 18.18 17.96 18.18 17.88 63443
20150226 17.90 18.19 18.27 17.83 57091
20150227 18.19 18.80 18.93 18.10 92915
20150302 19.06 18.80 19.06 18.50 110559
20150303 18.80 18.44 18.80 18.10 100812
20150304 18.43 18.63 18.78 18.20 96074
20150305 18.80 18.50 18.80 18.25 106509
20150306 18.47 18.49 18.49 17.90 101632
20150309 18.35 18.29 18.35 18.03 71757
20150310 18.23 18.49 18.51 18.15 81197
20150311 18.49 18.35 18.53 18.25 51493
20150312 18.50 18.30 18.50 17.90 111268
20150313 18.25 18.15 18.25 18.00 63941
20150316 18.27 18.29 18.30 17.95 139997
20150317 18.33 19.43 19.95 18.24 287833
20150318 19.50 19.57 19.85 19.35 209722
20150319 19.52 19.39 19.59 19.15 132274
20150320 19.46 20.00 20.28 19.40 193969
20150323 20.11 20.25 20.86 20.10 178616
20150324 20.28 20.69 20.72 19.22 233836
20150325 20.50 20.31 20.75 20.10 123638
20150326 20.31 19.96 20.47 19.71 133233
20150327 19.95 20.38 20.52 19.91 101713
20150330 20.20 21.05 21.35 20.05 177399
20150331 21.05 20.66 21.59 20.61 146120
20150401 20.71 21.00 21.70 20.71 174597
20150402 21.25 21.00 21.48 20.80 176172
20150403 20.90 21.41 21.49 20.70 152197
20150407 21.42 21.56 21.70 21.21 170851
20150408 21.60 21.15 21.68 20.70 153620
20150409 21.18 21.00 21.56 20.21 176538
20150410 20.73 21.10 21.22 20.72 149926
20150413 21.15 23.21 23.21 21.05 374282
20150414 23.85 25.19 25.53 23.70 470507
20150415 24.60 24.50 25.20 22.81 249407
20150416 24.00 24.30 24.77 23.50 156974
20150417 24.30 24.18 25.48 24.07 201985
20150420 23.48 22.22 23.48 21.76 291495
20150421 22.18 22.80 22.87 22.00 162156
20150422 23.28 23.37 23.43 22.69 221461
20150423 23.40 22.74 23.40 22.59 190698
20150424 22.68 23.10 23.30 22.28 189261
20150427 25.41 23.78 25.41 23.20 310094
20150428 23.74 22.61 23.75 22.33 180512
20150429 22.21 22.65 23.14 22.10 117215
20150430 22.85 22.86 22.94 22.43 109193
20150504 22.90 22.65 22.92 22.14 97629
20150505 22.45 21.80 22.46 21.21 158563
20150506 21.75 21.13 21.75 21.08 126325
20150507 21.04 20.70 21.10 20.31 94859
20150508 20.95 21.39 21.42 20.70 88475
20150511 21.66 21.90 21.96 21.16 148833
20150512 21.90 21.70 21.90 21.40 148553
20150513 21.70 22.50 22.55 21.55 195804
20150514 22.79 23.00 23.07 22.41 208534
20150515 22.80 22.34 22.85 21.81 140085
20150518 21.80 21.66 22.05 21.55 115813
20150519 21.66 22.24 22.47 21.48 120661
20150520 22.25 22.30 22.79 21.91 168497
20150521 22.30 24.53 24.53 22.00 272853
20150522 25.06 26.52 26.98 23.31 393254
20150525 26.00 26.81 27.59 25.50 315826
20150526 26.81 26.79 27.28 26.13 218947
20150527 26.77 26.00 26.77 25.69 253615
20150528 25.95 25.20 26.90 23.58 245097
20150529 24.99 25.25 25.50 23.50 185023
20150601 24.60 26.00 26.50 24.60 227386
20150602 26.00 26.50 26.52 25.67 223902
20150603 26.52 27.29 27.80 26.41 259545
20150604 27.25 27.14 27.50 24.85 195685
20150605 27.85 27.04 28.19 26.51 275817
20150608 27.30 26.97 27.31 26.30 197381
20150609 26.80 26.96 27.54 26.41 216300
20150610 26.62 26.66 27.19 26.00 192529
20150611 26.60 27.08 27.33 26.18 260040
20150612 27.17 28.96 29.68 27.01 393670
20150615 29.01 27.55 29.58 27.41 275732
20150616 27.54 25.45 27.54 25.06 205094
20150617 25.20 26.05 26.32 24.28 158615
20150618 26.05 25.56 26.70 25.51 149127
20150619 24.84 24.10 25.31 23.00 134855
20150623 23.85 23.24 24.30 21.70 130905
20150624 23.70 24.70 24.97 22.95 187438
20150625 25.00 24.12 25.84 23.50 197584
20150626 23.38 21.71 23.53 21.71 151392
20150629 22.40 19.54 22.45 19.54 216099
20150630 17.70 20.06 20.28 17.59 273890
20150701 19.90 18.05 20.30 18.05 197807
20150702 17.65 16.25 17.99 16.25 159984
20150703 14.71 14.63 15.73 14.63 234968
20150706 15.90 13.17 15.90 13.17 212863
20150707 12.00 11.85 12.08 11.85 37084
20150708 10.67 10.67 10.67 10.67 14520
20150709 9.60 11.74 11.74 9.60 483225
20150710 12.30 12.86 12.86 12.11 161054
20150713 14.15 14.15 14.15 13.45 351450
20150714 14.80 15.57 15.57 14.51 583830
20150729 15.80 16.09 16.90 14.40 497433
20150730 15.50 15.20 16.15 15.11 280369
