20140102 4.61 4.61 4.63 4.58 11400
20140103 4.60 4.56 4.61 4.53 12561
20140106 4.56 4.46 4.56 4.45 15773
20140107 4.45 4.46 4.46 4.40 10976
20140108 4.46 4.44 4.46 4.41 8804
20140109 4.42 4.22 4.44 4.20 31742
20140110 4.19 4.09 4.22 4.06 16302
20140113 4.10 4.08 4.11 4.04 11528
20140114 4.07 4.12 4.12 4.01 13934
20140115 4.09 4.10 4.12 4.05 12412
20140116 4.09 4.10 4.14 4.06 10406
20140117 4.09 4.05 4.09 4.04 7272
20140120 4.05 4.01 4.06 3.99 10574
20140121 4.01 4.06 4.07 4.00 11163
20140122 4.07 4.16 4.19 4.04 17309
20140123 4.16 4.15 4.18 4.12 10473
20140124 4.13 4.21 4.21 4.11 11261
20140127 4.15 4.17 4.20 4.14 6757
20140128 4.18 4.15 4.19 4.13 8204
20140129 4.16 4.16 4.18 4.13 9795
20140130 4.15 4.14 4.16 4.12 4471
20140207 4.15 4.17 4.18 4.12 8935
20140210 4.17 4.28 4.31 4.16 20308
20140211 4.28 4.30 4.37 4.24 19112
20140212 4.34 4.34 4.35 4.27 13938
20140213 4.36 4.31 4.40 4.30 20420
20140214 4.29 4.37 4.40 4.27 16153
20140217 4.39 4.55 4.56 4.34 32062
20140218 4.50 4.60 4.72 4.43 38016
20140219 4.58 4.56 4.64 4.54 48245
20140220 4.54 4.60 4.64 4.40 49475
20140221 4.55 4.78 4.86 4.53 111133
20140224 4.78 4.76 4.78 4.58 39529
20140225 4.74 4.74 4.92 4.66 38974
20140226 4.70 4.78 4.80 4.62 20722
20140227 4.78 4.67 4.90 4.66 27396
20140228 4.56 4.80 4.88 4.56 28148
20140303 4.77 4.84 5.09 4.69 52848
20140304 4.80 4.80 4.84 4.64 21448
20140305 4.83 4.76 4.96 4.72 25890
20140306 4.79 4.72 4.79 4.66 10751
20140307 4.72 4.73 4.74 4.66 13685
20140310 4.67 4.66 4.87 4.63 23310
20140311 4.65 4.43 4.66 4.41 30309
20140312 4.41 4.39 4.46 4.31 15162
20140313 4.41 4.38 4.43 4.35 19953
20140314 4.38 4.37 4.40 4.34 9237
20140317 4.37 4.39 4.40 4.35 41914
20140318 4.37 4.35 4.38 4.35 21480
20140319 4.35 4.39 4.39 4.33 27103
20140320 4.38 4.31 4.39 4.30 23324
20140321 4.30 4.36 4.37 4.26 24914
20140324 4.36 4.41 4.45 4.34 48357
20140325 4.40 4.42 4.47 4.40 32048
20140326 4.40 4.35 4.41 4.32 19657
20140327 4.34 4.45 4.56 4.31 38292
20140328 4.42 4.36 4.45 4.36 47133
20140331 4.36 4.36 4.45 4.32 19881
20140401 4.36 4.37 4.38 4.33 12741
20140402 4.37 4.37 4.44 4.35 30550
20140403 4.37 4.32 4.37 4.29 21000
20140404 4.30 4.33 4.33 4.26 22067
20140408 4.30 4.36 4.39 4.27 27324
20140409 4.36 4.39 4.46 4.36 43406
20140410 4.36 4.46 4.47 4.36 47453
20140411 4.45 4.44 4.46 4.41 21678
20140414 4.45 4.45 4.47 4.44 15877
20140415 4.46 4.46 4.46 4.44 14320
20140416 4.46 4.55 4.65 4.45 72391
20140417 4.55 4.49 4.55 4.46 14918
20140418 4.49 4.49 4.54 4.42 8551
20140421 4.48 4.50 4.70 4.47 92619
20140422 4.48 4.41 4.50 4.33 26859
20140423 4.40 4.39 4.40 4.34 8312
20140424 4.39 4.39 4.41 4.35 11815
20140425 4.39 4.30 4.44 4.30 15121
20140428 4.30 4.13 4.30 4.12 15546
20140429 4.13 4.19 4.21 4.11 5794
20140430 4.19 4.24 4.25 4.17 4038
20140505 4.23 4.29 4.31 4.18 22920
20140506 4.30 4.28 4.34 4.24 8756
20140507 4.26 4.26 4.34 4.23 11198
20140508 4.26 4.26 4.30 4.22 6790
20140509 4.30 4.31 4.31 4.24 9685
20140512 4.38 4.40 4.43 4.31 19993
20140513 4.38 4.44 4.44 4.37 11314
20140514 4.42 4.42 4.45 4.37 7572
20140515 4.42 4.33 4.44 4.33 11054
20140516 4.32 4.38 4.38 4.29 7710
20140519 4.37 4.33 4.38 4.28 4789
20140520 4.33 4.39 4.48 4.31 81913
20140521 4.37 4.36 4.38 4.31 25989
20140522 4.37 4.30 4.37 4.28 26705
20140523 4.28 4.29 4.29 4.24 11222
20140526 4.29 4.34 4.34 4.29 10768
20140527 4.35 4.32 4.40 4.32 10155
20140528 4.30 4.33 4.34 4.28 9696
20140529 4.34 4.29 4.34 4.27 10257
20140530 4.27 4.32 4.34 4.27 8124
20140603 4.32 4.32 4.35 4.31 8922
20140604 4.32 4.31 4.33 4.29 6915
20140605 4.33 4.37 4.45 4.31 47027
20140606 4.35 4.33 4.37 4.31 20926
20140609 4.33 4.29 4.34 4.29 11313
20140610 4.29 4.30 4.31 4.27 9347
20140611 4.30 4.31 4.31 4.28 8468
20140612 4.30 4.28 4.30 4.27 7419
20140613 4.27 4.32 4.32 4.27 10035
20140616 4.32 4.38 4.40 4.31 40460
20140617 4.38 4.32 4.38 4.31 12880
20140618 4.30 4.29 4.31 4.26 10018
20140619 4.29 4.18 4.29 4.17 10137
20140620 4.21 4.23 4.23 4.16 6360
20140623 4.21 4.25 4.28 4.20 5294
20140624 4.21 4.20 4.23 4.19 35501
20140625 4.20 4.18 4.20 4.16 9506
20140626 4.19 4.20 4.23 4.18 11784
20140627 4.19 4.26 4.28 4.19 19232
20140630 4.27 4.32 4.35 4.23 26309
20140701 4.32 4.30 4.32 4.27 13717
20140702 4.30 4.34 4.35 4.29 11142
20140703 4.34 4.36 4.37 4.32 17886
20140704 4.36 4.39 4.52 4.34 71148
20140707 4.40 4.39 4.43 4.36 15904
20140708 4.37 4.39 4.41 4.36 9733
20140709 4.39 4.28 4.39 4.27 23332
20140710 4.30 4.30 4.33 4.27 14834
20140711 4.31 4.38 4.40 4.29 22229
20140714 4.42 4.51 4.51 4.35 38885
20140715 4.50 4.68 4.71 4.47 86483
20140716 4.67 4.61 4.67 4.58 26296
20140717 4.61 4.61 4.67 4.54 22823
20140718 4.60 4.72 4.82 4.56 43749
20140721 4.72 4.75 4.93 4.66 155713
20140722 4.70 4.84 4.97 4.65 126133
20140723 4.85 4.82 4.94 4.77 42119
20140724 4.76 4.83 5.17 4.70 195275
20140725 4.84 4.79 4.91 4.77 89353
20140728 4.82 4.77 4.84 4.75 138348
20140729 4.77 4.75 4.81 4.72 86572
20140730 4.72 4.88 4.88 4.72 102958
20140731 4.88 4.93 5.04 4.83 92612
20140801 4.94 5.08 5.13 4.86 138526
20140804 5.08 5.05 5.08 4.92 84944
20140805 5.04 4.97 5.05 4.86 50201
20140806 4.93 4.95 5.01 4.88 45211
20140807 4.95 4.96 5.09 4.93 64274
20140808 4.96 4.95 5.06 4.89 29635
20140811 4.92 4.97 5.01 4.89 41109
20140812 4.95 4.95 4.96 4.91 27636
20140813 4.93 4.99 5.01 4.88 36091
20140814 4.97 4.97 5.06 4.96 39999
20140815 4.97 5.01 5.07 4.96 28956
20140818 5.00 5.04 5.07 5.00 24510
20140819 5.03 5.01 5.05 4.93 53837
20140820 5.00 5.01 5.02 4.96 29051
20140821 4.99 4.92 5.00 4.91 30745
20140822 4.91 4.97 4.98 4.90 24996
20140825 5.00 4.97 5.01 4.90 31049
20140826 4.95 4.79 4.95 4.79 36281
20140827 4.78 4.79 4.82 4.74 18404
20140828 4.79 4.65 4.82 4.60 55354
20140829 4.65 4.73 4.73 4.64 24172
20140901 4.74 4.84 4.88 4.71 38428
20140902 4.83 4.90 4.90 4.83 32399
20140903 4.92 4.99 5.02 4.90 49877
20140904 4.98 4.98 5.00 4.94 25804
20140905 4.98 5.09 5.18 4.96 71493
20140909 5.09 5.13 5.18 5.05 62274
20140910 5.07 5.19 5.35 5.06 76684
20140911 5.17 5.12 5.23 5.11 54172
20140912 5.12 5.17 5.20 5.11 34548
20140915 5.16 5.27 5.28 5.14 50225
20140916 5.29 5.17 5.47 5.15 112777
20140917 5.14 5.14 5.17 5.01 71761
20140918 5.12 5.21 5.29 5.10 65229
20140919 5.22 5.25 5.26 5.15 53342
20140922 5.25 5.13 5.25 5.09 48557
20140923 5.15 5.23 5.24 5.10 37626
20140924 5.22 5.32 5.37 5.20 59483
20140925 5.35 5.28 5.43 5.20 70290
20140926 5.27 5.46 5.55 5.22 79954
20140929 5.45 5.55 5.58 5.41 75115
20140930 5.52 5.65 5.75 5.51 85994
20141008 5.76 5.71 5.76 5.60 64161
20141009 5.71 5.67 5.71 5.49 82039
20141010 5.65 5.81 5.92 5.57 101248
20141013 5.80 5.90 5.95 5.68 95121
20141014 5.88 5.83 5.94 5.78 55851
20141015 5.83 6.10 6.15 5.81 96759
20141016 6.04 6.02 6.24 5.96 81704
20141017 5.98 6.33 6.36 5.96 144103
20141020 6.35 6.44 6.55 6.16 77158
20141021 6.32 6.88 7.08 6.32 176394
20141022 6.75 6.67 6.95 6.52 104477
20141023 6.63 6.42 6.77 6.32 91905
20141024 6.41 6.23 6.51 6.11 95931
20141027 6.10 6.16 6.27 5.96 75008
20141028 6.15 6.28 6.35 6.11 80757
20141029 6.30 6.41 6.48 6.22 96481
20141030 6.35 6.20 6.46 6.10 106705
20141031 6.20 6.27 6.40 6.15 110621
20141103 6.30 6.45 6.47 6.28 120051
20141104 6.39 6.31 6.46 6.20 92955
20141105 6.26 6.26 6.35 6.20 56351
20141106 6.27 6.15 6.29 6.05 61989
20141107 6.16 6.52 6.77 6.13 195485
20141110 6.49 6.44 6.62 6.25 158696
20141111 6.42 6.07 6.54 6.00 98063
20141112 6.06 6.08 6.22 5.96 91979
20141113 6.03 5.92 6.05 5.87 76060
20141114 5.90 5.76 5.90 5.74 59577
20141117 5.76 5.82 5.85 5.69 54746
20141118 5.81 5.88 5.92 5.79 61220
20141119 5.86 5.86 5.92 5.82 41244
20141120 5.85 5.85 5.89 5.82 32816
20141121 5.86 5.86 5.91 5.78 66489
20141124 5.92 5.95 6.00 5.89 75042
20141125 5.96 6.10 6.13 5.95 70923
20141126 6.12 6.04 6.15 6.00 69070
20141127 6.06 6.11 6.18 6.04 102521
20141128 6.12 6.13 6.18 6.04 79725
20141201 6.17 6.36 6.48 6.11 187106
20141202 6.33 6.35 6.37 6.23 79276
20141203 6.35 6.36 6.60 6.29 108768
20141204 6.37 6.37 6.37 6.19 104160
20141205 6.37 6.07 6.37 6.00 110651
20141208 6.07 6.21 6.26 5.92 86298
20141209 6.18 6.55 6.83 6.08 273864
20141210 6.45 6.82 6.97 6.35 143676
20141211 6.78 7.40 7.44 6.52 181875
20141212 7.20 7.20 7.65 7.11 150864
20141215 7.19 7.08 7.28 6.92 86610
20141216 7.08 7.12 7.27 6.98 77208
20141217 7.12 6.90 7.12 6.80 79304
20141218 6.92 6.90 7.06 6.80 63580
20141219 6.85 7.07 7.25 6.85 95313
20141222 7.02 6.82 7.27 6.52 98358
20141223 6.68 6.77 6.80 6.28 79746
20141224 6.56 6.42 6.68 6.28 65386
20141225 6.40 6.53 6.54 6.32 36849
20141226 6.53 6.56 6.59 6.42 41955
20141229 6.51 6.47 6.74 6.40 71430
20141230 6.41 6.15 6.48 6.04 67782
20141231 6.14 6.16 6.26 6.09 31981
20150105 6.18 6.33 6.40 6.10 66562
20150106 6.36 6.23 6.38 6.14 67243
20150107 6.23 6.37 6.37 6.19 77521
20150108 6.31 6.21 6.34 6.19 42389
20150109 6.17 6.09 6.24 6.07 57044
20150112 6.04 5.85 6.04 5.72 62015
20150113 5.82 6.04 6.06 5.80 68283
20150114 6.08 5.97 6.08 5.94 36725
20150115 5.96 6.07 6.07 5.94 20177
20150116 6.08 6.05 6.10 5.87 29684
20150119 5.90 5.81 6.02 5.74 43780
20150120 5.81 5.96 5.97 5.81 23470
20150121 5.96 6.40 6.41 5.92 91476
20150122 6.37 6.41 6.54 6.27 50322
20150123 6.41 6.37 6.47 6.33 43980
20150126 6.37 6.62 6.63 6.31 42475
20150127 6.60 6.63 6.71 6.51 53033
20150128 6.61 6.64 6.75 6.53 38546
20150129 6.64 6.64 6.69 6.55 23213
20150130 6.73 6.41 6.76 6.39 43550
20150202 6.26 6.62 6.85 6.25 64063
20150203 6.61 6.70 6.78 6.60 38934
20150204 6.79 6.64 7.08 6.63 37593
20150205 6.73 6.43 6.88 6.34 31436
20150206 6.40 6.28 6.53 6.18 19510
20150209 6.28 6.36 6.60 6.20 27987
20150210 6.36 6.45 6.52 6.31 11852
20150211 6.45 6.53 6.66 6.42 17907
20150212 6.55 6.54 6.67 6.54 16267
20150213 6.61 6.67 6.80 6.57 40439
20150216 6.67 6.73 6.80 6.63 32221
20150217 6.72 6.73 6.77 6.68 25766
20150225 6.74 6.79 6.81 6.67 25303
20150226 6.80 6.97 6.99 6.77 40655
20150227 6.92 7.19 7.28 6.91 62223
20150302 7.19 7.32 7.67 7.16 71760
20150303 7.34 7.37 7.53 7.21 63223
20150304 7.30 7.39 7.47 7.25 27983
20150305 7.38 7.38 7.45 7.33 30132
20150306 7.38 7.01 7.42 6.98 53409
20150309 6.98 7.05 7.10 6.84 34110
20150310 7.04 7.16 7.32 7.00 34525
20150311 7.15 7.24 7.37 7.09 28131
20150312 7.23 7.28 7.35 7.12 23557
20150313 7.28 7.85 7.89 7.25 73281
20150316 7.81 8.45 8.50 7.75 99939
20150317 8.45 8.27 8.50 8.20 85497
20150318 8.30 8.70 9.09 8.13 116901
20150319 8.60 8.75 8.85 8.45 75955
20150320 8.73 8.51 8.75 8.30 62956
20150323 8.51 8.51 8.71 8.45 73162
20150324 8.45 8.70 9.01 8.33 107506
20150325 8.60 8.43 8.61 8.22 104599
20150326 8.40 8.14 8.43 8.08 90264
20150327 8.16 8.22 8.22 8.09 54403
20150330 9.04 9.04 9.04 9.04 52602
20150331 9.94 9.72 9.94 9.50 311401
20150401 9.19 9.62 9.78 9.05 195877
