20140102 7.55 7.53 7.63 7.49 89543
20140103 7.53 7.60 7.62 7.32 148140
20140106 7.60 7.42 7.65 7.40 101540
20140107 7.42 7.50 7.56 7.35 71457
20140108 7.75 7.53 7.79 7.48 144173
20140109 7.63 7.53 7.75 7.48 152722
20140110 7.51 7.06 7.51 7.06 131249
20140113 7.09 6.85 7.20 6.77 106848
20140114 6.90 7.00 7.00 6.86 55458
20140115 7.02 7.04 7.09 6.95 67291
20140116 7.05 7.12 7.22 6.95 79270
20140117 7.22 7.12 7.22 7.06 68425
20140120 7.13 7.49 7.59 7.09 169577
20140121 7.43 7.41 7.58 7.37 149791
20140122 7.41 7.48 7.51 7.38 111085
20140123 7.48 7.54 7.60 7.45 119838
20140124 7.67 7.61 7.75 7.56 149032
20140127 7.65 7.53 7.75 7.50 134767
20140128 7.65 7.88 8.18 7.64 317083
20140129 7.80 7.86 7.91 7.74 142690
20140130 7.84 7.88 7.94 7.76 104969
20140207 7.86 7.80 7.86 7.66 115717
20140210 7.82 7.90 7.93 7.82 164823
20140211 7.93 7.83 8.08 7.75 167044
20140212 7.85 7.85 7.87 7.67 139772
20140213 7.84 7.60 7.84 7.58 136272
20140214 7.64 7.73 7.76 7.61 81257
20140217 7.79 7.85 7.87 7.71 125556
20140218 7.85 7.70 7.86 7.67 125435
20140219 7.70 7.99 8.05 7.70 306068
20140220 8.00 7.82 8.04 7.74 166157
20140221 7.79 7.88 7.94 7.72 108990
20140224 7.89 8.02 8.03 7.70 212830
20140225 8.02 7.70 8.18 7.68 252966
20140226 7.52 7.56 7.65 7.18 143492
20140227 7.61 7.76 7.84 7.39 169091
20140228 7.70 7.73 7.87 7.56 103528
20140303 7.71 7.76 7.79 7.60 89621
20140304 7.71 7.60 7.71 7.52 93462
20140305 7.64 7.84 8.14 7.63 198819
20140307 8.62 8.62 8.62 8.51 187789
20140310 9.24 9.41 9.48 8.75 1042341
20140311 9.00 8.74 9.11 8.67 464994
20140312 8.70 8.43 8.96 8.19 425601
20140313 8.58 8.54 8.87 8.48 319719
20140314 8.35 8.40 8.43 8.21 212657
20140317 8.37 8.52 8.62 8.26 199977
20140318 8.47 8.63 8.85 8.45 266084
20140319 8.63 8.48 8.76 8.39 216312
20140320 8.41 8.10 8.45 8.10 192402
20140321 8.05 8.19 8.24 7.81 189286
20140324 8.20 8.28 8.32 8.10 131582
20140325 8.24 8.23 8.34 8.15 113387
20140326 8.28 8.35 8.50 8.27 169793
20140327 8.30 8.04 8.30 8.01 158168
20140328 8.00 8.20 8.21 7.94 128206
20140331 8.17 8.05 8.19 8.00 75324
20140401 8.05 8.06 8.11 7.97 59986
20140402 8.08 7.95 8.14 7.91 97559
20140403 7.95 7.92 8.02 7.86 75040
20140404 7.90 8.04 8.07 7.86 70481
20140408 7.98 8.12 8.14 7.95 74128
20140409 8.11 8.37 8.44 8.08 193643
20140410 8.40 8.33 8.49 8.32 166476
20140411 8.30 8.27 8.32 8.17 92087
20140414 8.27 8.42 8.45 8.23 126671
20140415 8.40 8.25 8.40 8.20 91817
20140416 8.23 8.29 8.38 8.21 56461
20140417 8.32 8.16 8.32 8.15 73844
20140418 8.19 8.25 8.34 8.19 83761
20140421 8.18 8.02 8.21 8.02 106474
20140422 7.99 8.03 8.08 7.89 78075
20140423 8.04 7.93 8.06 7.90 45579
20140424 7.88 7.87 7.94 7.84 45384
20140425 7.87 7.64 7.92 7.63 70291
20140428 7.63 7.37 7.67 7.36 64680
20140429 7.37 7.48 7.48 7.36 38545
20140430 7.48 7.60 7.60 7.45 41614
20140505 7.59 7.65 7.68 7.54 41682
20140506 7.65 7.62 7.70 7.56 41851
20140507 7.63 7.47 7.63 7.46 49642
20140508 7.39 7.45 7.55 7.36 36600
20140509 7.46 7.27 7.50 7.22 55117
20140512 7.32 7.48 7.49 7.30 50727
20140513 7.49 7.58 7.59 7.43 56214
20140514 7.60 7.54 7.68 7.54 64055
20140515 7.54 7.45 7.65 7.42 51708
20140516 7.44 7.39 7.44 7.30 40808
20140519 7.38 7.32 7.38 7.27 35862
20140520 7.35 7.34 7.40 7.29 28232
20140521 7.30 7.38 7.39 7.20 32284
20140522 7.39 7.36 7.45 7.36 39240
20140523 7.35 7.43 7.44 7.32 34898
20140526 7.43 7.54 7.56 7.43 50267
20140527 7.51 7.44 7.57 7.44 42311
20140528 7.44 7.52 7.53 7.41 38727
20140529 7.52 7.46 7.63 7.45 52443
20140530 7.45 7.41 7.48 7.33 45084
20140603 7.40 7.63 7.88 7.36 137208
20140604 7.55 7.53 7.64 7.48 63931
20140605 7.50 7.59 7.62 7.48 47571
20140606 7.59 7.63 7.72 7.56 69445
20140609 7.64 7.72 7.75 7.63 72600
20140610 7.72 7.72 7.77 7.62 61150
20140611 7.70 7.72 7.75 7.67 42860
20140612 7.70 7.55 7.70 7.53 62977
20140613 7.56 7.59 7.66 7.56 45614
20140616 7.57 7.72 7.78 7.56 94034
20140617 7.68 7.61 7.69 7.59 50150
20140618 7.61 7.49 7.63 7.45 54782
20140619 7.47 7.19 7.52 7.00 66527
20140620 7.16 7.24 7.25 7.12 29640
20140623 7.24 7.28 7.32 7.21 27157
20140624 7.28 7.29 7.34 7.25 27993
20140625 7.31 7.20 7.32 7.14 35309
20140626 7.20 7.29 7.33 7.20 38131
20140627 7.27 7.35 7.40 7.27 39687
20140630 7.35 7.41 7.44 7.32 40255
20140701 7.44 7.50 7.52 7.41 52628
20140702 7.51 7.52 7.59 7.45 56942
20140703 7.48 7.72 7.94 7.48 189330
20140704 7.74 7.64 7.78 7.63 89733
20140707 7.64 7.66 7.72 7.59 54369
20140708 7.62 7.62 7.66 7.52 59744
20140709 7.57 7.68 7.75 7.57 110429
20140710 7.66 7.85 7.91 7.61 187090
20140711 8.08 7.85 8.18 7.83 177003
20140714 7.81 7.91 7.93 7.77 104115
20140715 7.88 8.09 8.13 7.83 189277
20140716 8.07 7.97 8.12 7.95 95389
20140717 7.95 7.80 7.95 7.77 76021
20140718 7.81 7.85 7.93 7.80 59397
20140721 7.85 7.73 7.90 7.72 48992
20140722 7.75 7.84 7.88 7.69 58894
20140723 7.84 7.90 7.99 7.81 94158
20140724 7.91 7.88 7.94 7.76 69684
20140725 7.92 8.03 8.08 7.87 107960
20140728 8.11 8.09 8.19 8.00 152556
20140729 8.08 8.12 8.25 8.06 143871
20140730 8.12 8.46 8.59 8.07 321716
20140731 8.46 8.50 8.75 8.32 342235
20140801 8.45 8.97 9.25 8.40 713655
20140804 8.98 8.96 9.08 8.70 467383
20140805 8.85 8.60 8.85 8.50 531076
20140806 8.52 8.55 8.58 8.46 239751
20140807 8.54 8.51 8.66 8.43 285221
20140808 8.49 8.44 8.51 8.40 184884
20140811 8.55 8.55 8.65 8.52 197695
20140812 8.56 8.50 8.59 8.42 171112
20140813 8.48 8.42 8.49 8.32 157177
20140814 8.41 8.40 8.49 8.38 127787
20140815 8.43 8.50 8.51 8.38 132579
20140818 8.57 8.65 8.74 8.55 268505
20140819 8.62 8.58 8.63 8.52 182285
20140820 8.57 8.56 8.63 8.51 131383
20140821 8.54 8.42 8.56 8.34 140546
20140822 8.40 8.45 8.47 8.38 103781
20140825 8.45 8.31 8.49 8.29 102794
20140826 8.28 8.13 8.33 8.10 117812
20140827 8.13 8.16 8.21 8.13 62492
20140828 8.17 8.15 8.20 8.09 66256
20140829 8.16 8.24 8.24 8.14 54121
20140901 8.23 8.35 8.35 8.21 75656
20140902 8.37 8.50 8.60 8.33 178013
20140903 8.46 8.49 8.56 8.42 141759
20140904 8.48 8.53 8.55 8.45 139234
20140905 8.54 8.74 8.78 8.48 331150
20140909 8.70 9.01 9.07 8.59 565291
20140910 8.78 8.88 8.97 8.75 390037
20140911 8.95 8.72 9.08 8.66 474207
20140912 8.76 8.84 8.85 8.64 251939
20140915 8.88 8.90 8.94 8.75 280343
20140916 8.89 8.59 8.95 8.58 248626
20140917 8.62 8.99 9.08 8.54 351980
20140918 8.98 9.15 9.25 8.91 636465
20140919 9.09 9.05 9.12 8.97 272084
20140922 9.15 9.18 9.44 8.98 592833
20140923 9.18 9.27 9.29 9.11 323475
20140924 9.27 9.26 9.36 9.15 322627
20140925 9.29 9.44 9.65 9.22 483427
20140926 9.44 9.47 9.60 9.30 344510
20140929 9.65 9.82 9.84 9.47 491973
20140930 9.80 9.68 9.85 9.60 423018
20141008 9.76 10.08 10.16 9.58 469005
20141009 10.01 10.27 10.47 9.96 567114
20141010 10.19 10.23 10.49 10.11 419622
20141013 10.19 10.59 10.70 10.11 544997
20141014 10.55 10.70 10.97 10.36 574075
20141015 10.66 11.49 11.77 10.50 1119784
20141016 11.33 10.93 12.24 10.88 1357909
20141017 10.91 10.41 11.04 10.10 731451
20141020 10.50 10.65 10.93 10.46 502031
20141021 10.40 10.13 10.40 10.01 480544
20141022 10.13 9.94 10.25 9.90 290730
20141023 9.92 10.03 10.16 9.75 330282
20141024 10.00 10.00 10.14 9.89 186265
20141027 10.00 10.11 10.13 9.81 188247
20141028 10.05 10.30 10.32 10.03 281725
20141029 10.33 10.35 10.40 10.20 330605
20141030 10.31 10.58 10.79 10.27 470713
20141031 10.50 10.39 10.67 10.25 312712
20141103 10.35 10.50 10.54 10.20 297066
20141104 10.42 10.25 10.49 10.24 181759
20141105 10.21 10.13 10.25 10.05 182781
20141106 10.13 10.18 10.21 10.10 124830
20141107 10.20 9.90 10.22 9.87 265350
20141110 9.85 9.94 9.96 9.82 134818
20141111 9.94 9.41 9.97 9.32 324870
20141112 9.40 9.58 9.62 9.35 139412
20141113 9.55 9.56 9.64 9.38 154355
20141114 9.58 9.83 9.84 9.50 201569
20141117 9.83 9.82 9.94 9.75 144384
20141118 9.82 9.93 9.98 9.70 159635
20141119 10.00 9.96 10.15 9.93 221872
20141120 9.90 9.78 9.90 9.76 142919
20141121 9.76 9.82 9.84 9.64 124191
20141124 9.87 9.91 9.95 9.75 177666
20141125 9.92 10.10 10.10 9.88 220968
20141126 10.12 10.33 10.34 10.03 312072
20141127 10.33 10.24 10.43 10.17 274123
20141128 10.28 10.18 10.35 10.12 232876
20141201 10.09 10.05 10.25 10.00 211983
20141202 10.02 10.25 10.33 10.01 243159
20141203 10.27 10.28 10.30 10.10 275800
20141204 10.31 10.57 10.65 10.28 475465
20141205 10.58 10.10 10.59 9.83 379983
20141208 10.20 10.62 10.77 10.20 569151
20141209 10.58 10.00 10.58 9.99 443968
20141210 10.00 10.29 10.39 9.80 246953
20141211 10.21 10.85 10.94 10.16 670673
20141212 10.73 10.72 10.84 10.53 392617
20141215 10.70 11.04 11.08 10.56 455370
20141216 11.08 10.93 11.20 10.80 327470
20141217 11.00 10.58 11.00 10.36 351115
20141218 10.44 10.41 10.62 10.38 214860
20141219 10.44 10.21 10.49 10.02 267127
20141222 10.19 9.54 10.19 9.44 309157
20141223 9.48 9.52 9.73 9.45 133759
20141224 9.56 9.77 9.83 9.56 133618
20141225 9.73 9.74 9.83 9.61 136266
20141226 9.74 9.74 9.80 9.64 133981
20141229 9.75 9.78 9.88 9.64 155535
20141230 9.79 9.93 10.17 9.79 258064
20141231 9.85 9.77 9.87 9.55 171130
20150105 9.77 9.85 9.88 9.55 197576
20150106 9.83 10.02 10.10 9.70 242662
20150107 9.98 9.91 10.11 9.83 145014
20150108 9.91 10.02 10.15 9.89 212232
20150109 10.10 10.06 10.38 10.00 271050
20150112 10.00 9.62 10.01 9.60 160841
20150113 9.54 10.00 10.08 9.53 191029
20150114 9.95 10.20 10.49 9.82 361083
20150115 10.10 10.08 10.16 9.99 154369
20150116 10.11 10.10 10.17 9.99 154613
20150119 9.95 10.04 10.44 9.80 358473
20150120 9.90 10.31 10.34 9.90 319502
20150121 10.28 10.42 10.45 10.21 343507
20150122 10.48 10.46 10.55 10.31 274338
20150123 10.46 10.66 10.78 10.25 521203
20150126 10.59 10.66 10.76 10.49 361805
20150127 10.70 10.40 10.70 10.22 309351
20150128 10.40 10.40 10.64 10.36 245136
20150129 10.39 10.20 10.39 10.13 182676
20150130 10.23 10.17 10.35 10.10 174807
20150202 9.95 9.86 10.09 9.80 182415
20150203 9.82 9.97 9.97 9.80 125077
20150204 9.98 9.84 10.02 9.82 125512
20150205 9.91 9.91 10.11 9.89 184742
20150206 9.82 9.63 9.99 9.58 146445
20150209 9.61 9.56 9.69 9.52 84109
20150210 9.56 9.72 9.77 9.56 76287
20150211 9.73 9.78 9.86 9.65 77118
20150212 9.78 9.78 9.88 9.75 81050
20150213 9.81 9.99 10.06 9.80 151950
20150216 9.99 10.01 10.08 9.93 125786
20150217 10.02 10.13 10.22 9.98 179597
20150225 10.12 10.26 10.31 10.03 187692
20150226 10.27 10.27 10.37 10.17 173113
20150227 10.26 10.22 10.30 10.15 167265
20150302 10.24 10.53 10.57 10.19 382988
20150303 10.48 10.47 10.67 10.37 387315
20150304 10.43 10.83 10.88 10.40 543645
20150305 10.78 10.77 10.92 10.60 335040
20150306 10.71 10.41 10.84 10.39 296340
20150309 10.40 10.86 10.91 10.31 426184
20150310 11.00 10.88 11.16 10.75 675987
20150311 10.84 10.65 10.84 10.55 352489
20150312 10.67 10.81 10.98 10.59 336146
20150313 10.80 10.90 10.96 10.71 282506
20150316 10.96 11.21 11.35 10.91 467617
20150317 11.33 11.27 11.39 11.11 445511
20150318 11.30 11.41 11.48 11.18 427129
20150319 11.48 11.62 11.86 11.36 760455
20150320 11.69 11.93 12.05 11.63 253174
20150331 13.12 13.12 13.12 12.42 1326149
20150401 12.92 14.13 14.43 12.81 1393011
20150402 13.98 14.35 14.68 13.82 781213
20150403 14.14 15.79 15.79 14.02 846319
20150407 17.00 17.37 17.37 16.50 635887
20150408 18.00 17.55 18.68 16.79 1319039
20150409 17.88 19.31 19.31 17.73 1124986
20150410 19.99 21.24 21.24 19.31 685232
20150413 22.50 23.36 23.36 22.00 1135238
20150414 23.35 21.95 24.80 21.78 1300613
20150415 22.20 20.62 22.58 19.90 1080568
20150422 22.00 22.68 22.68 21.00 362676
20150423 24.28 23.40 24.90 23.40 1001270
20150424 22.63 22.20 23.10 21.50 631708
20150427 22.25 22.04 22.89 21.10 530997
20150428 22.20 22.46 22.94 21.30 624989
20150429 22.00 22.19 23.00 21.65 394824
20150430 22.11 21.42 22.28 21.00 431544
20150504 21.40 20.98 21.67 20.50 281994
20150505 20.90 21.16 21.66 20.62 338231
20150506 21.20 20.43 21.78 20.35 290351
20150507 20.43 19.08 20.82 18.88 307506
20150508 19.10 19.70 19.95 18.50 379427
20150511 19.89 21.67 21.67 19.89 413955
20150512 22.28 22.95 23.53 22.00 702287
20150513 22.69 25.25 25.25 22.01 694240
20150514 25.91 25.86 26.98 24.01 910073
20150515 25.20 26.28 26.95 24.75 607705
20150518 26.35 25.83 27.50 25.60 543766
20150519 25.52 25.70 26.12 25.11 432709
20150520 25.49 27.00 28.20 25.49 514212
20150521 26.95 29.69 29.70 26.95 525104
20150522 30.51 29.43 30.70 28.50 612321
20150525 28.80 32.00 32.24 28.43 621187
20150526 31.77 32.56 34.36 31.12 509722
20150527 32.30 31.42 33.00 30.67 608372
20150528 31.35 29.05 31.40 29.00 541986
20150529 28.74 29.98 30.99 27.81 481892
20150601 31.96 32.98 32.98 31.96 606352
20150602 35.38 34.60 35.39 33.20 581377
20150603 35.31 34.60 35.40 32.57 537240
20150604 34.60 33.51 34.75 31.50 430713
20150605 33.58 33.00 34.30 32.52 415884
20150608 32.60 31.38 32.65 31.10 372478
20150609 30.88 32.58 32.90 29.78 488339
20150610 32.52 32.84 33.51 31.40 380779
20150611 32.87 34.89 35.98 32.61 495012
20150612 34.95 34.09 35.83 33.59 378685
20150615 34.19 32.50 34.81 32.40 300324
20150616 32.00 30.27 32.00 29.77 296865
20150617 30.10 31.51 31.91 29.55 212386
20150618 31.51 30.40 32.18 30.11 199543
20150619 30.25 27.36 30.25 27.36 261876
20150623 27.20 26.62 28.20 24.62 353500
20150624 26.71 27.09 27.60 25.90 266092
20150625 27.10 25.36 27.30 24.80 229426
20150626 24.66 22.82 24.68 22.82 261393
20150629 23.05 20.54 23.23 20.54 249132
20150630 18.49 22.00 22.23 18.49 501915
20150701 21.50 19.85 23.22 19.80 442757
20150702 19.05 17.87 19.91 17.87 339109
20150703 16.52 16.08 18.55 16.08 400016
20150706 17.69 14.47 17.69 14.47 669434
20150707 13.60 13.02 14.10 13.02 336723
20150713 14.32 14.32 14.32 14.32 19572
20150714 15.75 15.75 15.75 15.75 12176
20150715 17.33 15.67 17.33 14.92 1151689
20150716 15.00 16.45 16.90 14.10 595884
20150717 16.61 18.10 18.10 16.10 568934
20150720 18.79 19.91 19.91 18.20 714605
20150721 19.60 20.00 21.25 19.17 647346
20150722 19.62 19.90 20.40 19.00 537493
20150723 19.75 20.69 20.88 19.75 438140
20150724 20.98 20.24 21.66 20.12 510528
20150727 19.20 18.22 20.87 18.22 466728
20150728 16.48 16.65 18.18 16.40 549053
20150729 17.18 17.89 17.99 15.71 449018
20150730 17.90 17.36 18.38 17.00 406137
