20140121 9.31 9.59 10.15 8.45 555720
20140122 9.36 10.34 10.55 9.25 611072
20140123 10.16 10.12 10.59 10.03 443102
20140124 10.00 9.88 10.24 9.80 323937
20140127 9.80 9.74 10.03 9.65 254527
20140128 9.97 10.27 10.47 9.88 412754
20140129 10.11 10.00 10.18 9.80 264646
20140130 9.90 9.90 10.20 9.78 164517
20140207 9.78 10.04 10.07 9.77 147278
20140210 10.04 10.35 10.50 9.95 315576
20140211 10.31 9.96 10.58 9.95 318046
20140212 9.85 9.99 10.04 9.78 207542
20140213 10.04 9.67 10.10 9.65 179273
20140214 9.71 9.88 9.91 9.68 125020
20140217 9.92 10.18 10.20 9.86 215640
20140218 10.15 10.17 10.37 10.09 209863
20140219 10.13 10.94 11.15 10.10 493103
20140220 10.78 10.60 11.45 10.48 462478
20140221 10.48 10.31 10.71 10.06 235713
20140224 10.27 10.84 10.87 10.14 276785
20140225 10.88 10.16 11.10 10.01 261799
20140226 10.02 9.94 10.02 9.40 191914
20140227 9.91 9.91 10.22 9.81 157785
20140228 9.76 9.50 9.92 9.10 190099
20140303 9.48 9.65 9.73 9.45 117361
20140304 9.58 9.40 9.58 9.24 128293
20140305 9.40 9.44 9.61 9.31 115527
20140306 9.40 9.75 9.86 9.11 193281
20140307 9.71 10.00 10.19 9.65 249022
20140310 9.92 9.58 10.27 9.58 188407
20140311 9.45 9.13 9.58 8.68 203895
20140312 9.08 8.84 9.08 8.59 134071
20140313 8.86 8.88 8.97 8.78 69995
20140314 8.85 8.60 8.85 8.51 89671
20140317 8.72 9.00 9.03 8.60 115131
20140318 9.08 8.93 9.10 8.88 97731
20140319 8.89 9.38 9.44 8.75 202298
20140320 9.26 8.85 9.43 8.85 120266
20140321 8.83 9.04 9.20 8.65 96395
20140324 8.97 9.10 9.10 8.85 99279
20140325 9.39 9.41 9.80 9.33 203727
20140326 9.25 9.46 9.58 9.22 114521
20140327 9.41 9.56 9.65 9.25 155740
20140328 9.50 9.25 9.65 9.25 125276
20140331 9.18 8.66 9.18 8.58 136401
20140401 8.66 8.74 8.83 8.51 70334
20140402 8.80 8.60 8.87 8.55 82367
20140403 8.68 8.62 8.72 8.50 67708
20140404 8.60 8.71 8.75 8.56 43823
20140408 8.72 8.82 8.86 8.66 58693
20140409 8.87 8.89 8.92 8.80 75555
20140410 8.87 8.95 9.10 8.86 94272
20140411 8.84 8.73 8.95 8.65 85234
20140414 8.66 8.78 8.83 8.66 61048
20140415 8.82 8.71 8.84 8.63 68110
20140416 8.74 8.65 8.75 8.57 46824
20140417 8.71 8.83 8.90 8.65 92905
20140418 8.83 9.17 9.19 8.76 162298
20140421 9.05 8.77 9.11 8.75 118379
20140422 8.77 8.67 8.83 8.59 76539
20140423 8.69 8.67 8.78 8.60 40335
20140424 8.67 8.59 8.75 8.53 44246
20140425 8.61 8.10 8.65 8.06 104036
20140428 8.11 7.49 8.15 7.45 88726
20140429 7.49 7.63 7.67 7.42 54867
20140430 7.63 7.62 7.68 7.52 46841
20140505 7.63 7.75 7.79 7.57 44726
20140506 7.75 7.77 7.85 7.72 43450
20140507 7.73 7.57 7.78 7.54 54489
20140508 7.57 7.56 7.72 7.47 36480
20140509 7.56 7.27 7.56 7.26 58847
20140512 7.36 7.53 7.59 7.32 76822
20140513 7.52 7.91 8.28 7.50 196537
20140514 7.76 7.78 7.89 7.69 87712
20140515 7.76 7.98 8.00 7.69 117971
20140516 7.88 8.21 8.47 7.82 205571
20140519 8.16 8.10 8.36 7.83 153369
20140520 8.04 7.90 8.23 7.86 110872
20140521 7.83 7.92 8.00 7.82 62565
20140522 7.90 7.82 8.12 7.80 85571
20140523 7.80 7.77 7.84 7.68 81296
20140526 7.77 7.88 7.96 7.74 85429
20140527 7.85 7.72 8.00 7.69 70046
20140528 7.72 7.83 7.86 7.66 72862
20140529 7.83 7.68 7.90 7.68 65362
20140530 7.69 7.78 7.91 7.69 68146
20140603 7.77 7.89 7.95 7.77 84312
20140604 7.84 8.04 8.16 7.77 144713
20140605 8.00 8.05 8.07 7.90 93552
20140606 8.18 8.19 8.60 8.16 220517
20140609 8.07 7.97 8.18 7.95 99992
20140610 7.98 8.04 8.06 7.86 61350
20140611 8.07 8.13 8.17 7.97 79446
20140612 8.11 8.09 8.19 8.06 63952
20140613 8.09 8.16 8.21 8.06 71077
20140616 8.23 8.37 8.47 8.18 147684
20140617 8.30 8.24 8.40 8.19 88674
20140618 8.24 8.40 8.46 8.23 119470
20140619 8.35 7.88 8.41 7.88 97014
20140620 7.78 7.95 7.99 7.67 97817
20140623 7.92 8.01 8.06 7.92 63787
20140624 7.99 8.14 8.24 7.94 93592
20140625 8.10 8.20 8.23 8.04 96687
20140626 8.26 8.26 8.36 8.22 114059
20140627 8.22 8.27 8.39 8.20 89281
20140630 8.26 8.20 8.32 8.10 92006
20140701 8.25 8.29 8.36 8.16 100472
20140702 8.30 8.20 8.30 8.13 96074
20140703 8.13 8.08 8.18 8.02 127524
20140704 8.01 8.25 8.25 8.01 138406
20140707 8.21 8.29 8.33 8.13 122524
20140708 8.28 8.40 8.44 8.10 184231
20140709 8.36 8.29 8.56 8.26 174367
20140710 8.28 8.29 8.44 8.15 109028
20140711 8.33 8.39 8.53 8.32 117223
20140714 8.35 8.49 8.50 8.33 112663
20140715 8.50 8.54 8.56 8.40 112454
20140716 8.53 8.22 8.53 8.21 128059
20140717 8.28 8.26 8.31 8.13 86740
20140718 8.25 8.14 8.28 8.13 104012
20140721 8.14 7.94 8.17 7.90 103647
20140722 7.96 8.06 8.10 7.95 73158
20140723 8.08 7.97 8.11 7.95 74637
20140724 8.01 7.83 8.09 7.69 102644
20140725 7.78 7.90 7.92 7.78 65191
20140728 7.95 8.07 8.08 7.91 95977
20140729 8.06 8.08 8.14 8.01 87014
20140730 8.08 8.30 8.43 8.08 217127
20140731 8.33 8.31 8.35 8.22 110638
20140801 8.29 8.15 8.37 8.13 108502
20140804 8.23 8.32 8.33 8.19 95388
20140805 8.33 9.15 9.15 8.27 468568
20140806 9.13 9.12 9.28 8.85 592314
20140807 9.03 8.89 9.07 8.80 263411
20140808 8.82 8.96 9.20 8.80 253153
20140811 8.90 9.06 9.14 8.83 184171
20140812 9.07 9.40 9.48 8.92 385200
20140813 9.31 9.36 9.55 9.21 326944
20140814 9.32 9.39 9.50 9.21 258177
20140815 9.33 9.28 9.45 9.23 156236
20140818 9.27 9.36 9.45 9.24 202584
20140819 9.40 9.30 9.47 9.25 175446
20140820 9.26 9.23 9.37 9.20 148597
20140821 9.25 9.05 9.28 8.85 204878
20140822 9.03 9.37 9.40 8.96 244562
20140825 9.45 9.37 9.47 9.27 174588
20140826 9.35 9.12 9.38 8.99 137147
20140827 9.13 9.18 9.23 9.05 88047
20140828 9.33 9.49 9.96 9.33 383969
20140829 9.35 9.41 9.45 9.16 182202
20140901 9.40 9.56 9.62 9.33 191533
20140902 9.55 9.57 9.82 9.55 211428
20140903 9.59 9.67 9.77 9.45 240935
20140904 9.66 9.60 9.66 9.49 168217
20140905 9.62 9.53 9.64 9.39 278102
20140909 9.40 9.45 9.47 9.32 162418
20140910 9.43 9.47 9.53 9.32 125653
20140911 9.46 9.59 9.71 9.41 239992
20140912 9.59 9.91 10.45 9.55 427662
20140915 9.82 10.11 10.20 9.82 349958
20140916 10.05 9.52 10.11 9.50 269706
20140917 9.61 9.85 10.10 9.52 207854
20140918 9.95 10.45 10.74 9.90 585047
20140919 10.38 10.25 10.53 10.10 280118
20140922 10.17 10.17 10.42 9.98 246871
20140923 10.17 10.20 10.31 10.06 192361
20140924 10.15 10.22 10.35 10.08 213060
20140925 10.23 10.00 10.30 9.94 241770
20140926 9.93 10.07 10.18 9.91 164554
20140929 10.07 10.06 10.20 9.98 155813
20140930 10.05 10.16 10.17 10.03 131327
20141008 10.25 10.36 10.37 10.14 196343
20141009 10.37 10.18 10.40 10.09 165935
20141010 10.19 10.23 10.36 10.12 163941
20141013 10.21 10.48 10.55 10.16 224931
20141014 10.58 10.42 10.63 10.27 235993
20141015 10.35 10.15 10.37 9.94 208844
20141016 10.07 9.79 10.09 9.76 192305
20141017 9.78 9.51 9.85 9.30 133640
20141020 9.55 9.71 9.75 9.52 75451
20141021 9.77 9.58 9.87 9.51 94280
20141022 9.58 9.41 9.68 9.38 67082
20141023 9.35 9.18 9.46 9.06 97341
20141024 9.18 9.22 9.33 9.14 55686
20141027 9.23 9.26 9.32 9.14 54615
20141028 9.27 9.45 9.45 9.27 64208
20141029 9.51 9.53 9.61 9.40 91182
20141030 9.55 9.50 9.60 9.47 96907
20141031 9.46 9.27 9.53 9.18 108331
20141103 9.30 9.37 9.38 9.22 77822
20141104 9.39 9.17 9.39 9.15 89379
20141105 9.19 9.37 9.44 8.94 176683
20141106 9.29 9.24 9.35 9.09 122875
20141107 9.24 9.08 9.28 9.01 101022
20141110 9.02 9.16 9.19 9.02 68948
20141111 9.15 8.74 9.19 8.60 132629
20141112 8.70 8.82 8.82 8.67 78407
20141113 8.85 8.56 8.86 8.50 89406
20141114 8.51 8.50 8.58 8.39 76158
20141117 8.56 8.61 8.64 8.40 60743
20141118 8.63 8.72 8.79 8.57 68070
20141119 8.75 8.75 8.83 8.61 61024
20141120 8.73 8.92 9.04 8.72 141949
20141121 8.85 8.90 8.98 8.80 87269
20141124 8.95 8.90 8.97 8.82 102619
20141125 8.90 9.06 9.08 8.89 120407
20141126 9.05 9.02 9.08 8.90 119673
20141127 9.03 8.97 9.09 8.91 127415
20141128 8.89 8.69 8.91 8.60 201077
20141201 8.70 8.58 8.70 8.54 89579
20141202 8.62 8.75 8.77 8.62 102908
20141203 8.82 8.99 9.00 8.71 186975
20141204 9.03 9.04 9.10 8.96 212511
20141205 9.05 8.67 9.05 8.50 178530
20141209 9.00 8.70 9.25 8.68 301155
20141210 8.60 9.05 9.08 8.52 136209
20141211 8.91 9.18 9.22 8.91 214719
20141212 9.09 9.15 9.24 9.08 149089
20141215 9.15 9.26 9.36 9.10 162334
20141216 9.22 9.26 9.34 9.11 169636
20141217 9.26 9.06 9.26 9.02 118914
20141218 9.06 9.08 9.13 8.99 118415
20141219 9.07 8.80 9.07 8.65 127143
20141222 8.72 8.06 8.73 8.05 152368
20141223 8.04 8.11 8.30 7.98 61145
20141224 8.13 8.23 8.27 8.11 47289
20141225 8.23 8.21 8.31 8.12 59582
20141226 8.24 8.13 8.24 8.03 130963
20141229 8.16 7.83 8.16 7.79 103571
20141230 7.82 7.83 7.95 7.80 53236
20141231 7.85 7.91 7.92 7.60 75710
20150105 7.87 7.99 8.08 7.73 97530
20150603 8.79 8.79 8.79 8.79 1940
20150604 9.67 9.67 9.67 9.67 2121
20150605 10.64 10.64 10.64 10.64 1051
20150608 11.70 11.70 11.70 11.70 3402
20150609 12.87 12.87 12.87 12.87 2711
20150610 14.16 14.16 14.16 14.16 2702
20150611 15.58 15.58 15.58 15.58 7008
20150612 17.14 17.14 17.14 17.14 7980
20150615 18.85 18.85 18.85 18.85 42100
20150616 19.20 20.74 20.74 18.13 1217554
20150617 19.10 18.85 19.74 18.67 752801
20150618 18.85 16.97 18.85 16.97 457765
20150619 16.37 15.27 16.65 15.27 393501
20150623 15.40 16.36 16.40 15.00 414489
20150624 16.27 16.22 16.45 15.82 362078
20150625 16.22 16.67 17.22 16.00 452909
20150626 15.90 15.00 16.10 15.00 238568
20150629 15.40 13.50 15.46 13.50 273474
20150630 12.82 14.01 14.38 12.15 322922
20150701 13.68 12.80 14.32 12.59 299081
20150702 12.82 11.52 13.09 11.52 265272
20150703 11.02 10.37 11.66 10.37 323405
20150706 11.39 9.33 11.39 9.33 331863
20150707 8.80 8.40 9.24 8.40 153057
20150714 9.24 9.24 9.24 9.24 3660
20150715 10.16 10.16 10.16 9.96 609840
20150716 9.90 10.60 10.95 9.51 604899
20150717 10.70 11.66 11.66 10.55 422044
20150720 12.08 12.83 12.83 11.70 470856
20150721 12.60 11.97 12.68 11.55 2291568
20150722 11.50 11.78 12.05 11.41 1077689
20150723 11.70 12.96 12.96 11.56 1201429
20150724 13.34 13.29 14.20 12.70 1279850
20150727 12.80 11.96 13.34 11.96 903459
20150728 11.06 10.76 12.10 10.76 835878
20150729 11.29 11.69 11.73 10.60 720445
20150730 11.41 10.84 11.75 10.80 635687
