20140102 15.20 15.55 15.55 15.10 44532
20140103 15.57 15.22 15.64 15.20 48221
20140106 15.20 14.63 15.20 14.60 35296
20140107 14.64 14.71 14.89 14.58 16475
20140108 14.85 14.88 15.06 14.66 29581
20140109 14.80 14.37 14.92 14.30 34023
20140110 14.40 14.31 14.52 14.21 25417
20140113 14.32 14.53 14.53 14.30 14276
20140114 14.47 14.78 14.83 14.46 20498
20140115 14.82 14.88 14.95 14.73 20419
20140116 14.89 14.97 15.09 14.85 26197
20140117 14.97 14.99 15.10 14.77 20677
20140120 14.98 14.85 15.28 14.71 23763
20140121 14.85 15.02 15.10 14.81 16418
20140122 15.02 15.43 15.50 15.02 39567
20140123 15.40 15.63 15.85 15.33 46109
20140124 15.60 17.19 17.19 15.50 144462
20140127 17.19 17.32 17.69 16.89 136519
20140128 17.30 17.40 17.56 17.00 65634
20140129 17.48 17.32 17.59 17.06 69783
20140130 17.17 16.97 17.31 16.85 40005
20140207 16.89 17.60 17.82 16.78 57799
20140210 17.52 17.90 18.50 17.52 77034
20140211 17.82 17.95 18.26 17.55 44632
20140212 17.95 17.73 18.15 17.69 42558
20140213 17.63 17.30 17.96 17.30 41489
20140214 17.25 17.54 17.62 17.25 37598
20140217 17.78 18.19 18.29 17.47 42568
20140218 18.19 18.45 18.50 17.95 41763
20140219 18.45 18.30 18.67 18.10 37367
20140220 18.30 17.63 18.46 17.58 43064
20140221 17.60 18.50 18.50 17.55 41248
20140224 18.42 19.02 19.74 18.33 77402
20140225 19.02 18.09 19.33 17.60 75612
20140226 18.00 17.79 18.37 17.12 54328
20140227 17.80 17.27 18.35 17.25 45896
20140228 17.20 17.57 17.61 16.55 47333
20140303 17.30 17.55 17.81 17.18 26824
20140304 17.50 17.26 17.50 16.90 32881
20140305 17.50 17.98 18.28 17.33 49210
20140306 17.98 17.97 18.27 17.72 34011
20140307 17.97 18.15 18.40 17.77 40583
20140310 17.99 17.00 17.99 16.88 47360
20140311 17.01 17.11 17.37 16.82 29887
20140312 17.10 16.84 17.15 16.41 32923
20140313 16.76 16.93 17.13 16.73 15968
20140314 16.81 16.65 16.91 16.52 14178
20140317 16.77 17.24 17.40 16.70 24385
20140318 17.38 17.07 17.47 17.01 24620
20140319 17.04 17.28 17.33 16.80 29477
20140320 17.28 17.30 17.88 17.22 40579
20140321 17.35 17.73 17.88 16.85 37387
20140324 17.74 18.08 18.59 17.63 61651
20140325 17.97 18.19 18.50 17.52 70397
20140326 17.55 17.10 17.73 16.96 93917
20140327 17.08 16.89 17.28 16.86 42566
20140328 16.79 15.45 16.98 15.20 89184
20140331 15.37 15.41 15.61 15.00 41404
20140401 15.53 15.91 16.00 15.41 41445
20140402 15.95 15.30 15.96 15.18 44010
20140403 15.44 15.41 15.57 15.24 21603
20140404 15.43 16.01 16.10 15.43 33743
20140408 16.05 16.13 16.46 16.00 32850
20140409 16.29 16.79 16.89 16.22 40809
20140410 16.68 16.63 16.87 16.53 23610
20140411 16.60 16.70 16.96 16.50 23550
20140414 16.59 16.76 16.89 16.51 19377
20140415 16.79 16.78 17.17 16.66 21974
20140416 16.60 16.80 16.91 16.53 13089
20140417 16.89 16.71 17.25 16.65 24470
20140418 16.65 17.09 17.19 16.61 34469
20140421 17.01 17.22 17.55 16.95 45162
20140422 17.20 17.29 17.45 16.96 28068
20140423 17.21 17.65 17.87 17.21 36446
20140424 17.69 17.26 17.70 17.13 20635
20140425 17.23 16.70 17.34 16.52 32544
20140428 16.51 15.61 16.52 15.50 38099
20140429 15.70 16.00 16.06 15.60 26233
20140430 15.92 16.28 16.33 15.91 19854
20140505 16.28 16.21 16.33 15.81 11877
20140506 16.26 16.38 16.50 16.18 9864
20140507 16.37 15.85 16.37 15.82 14482
20140508 15.90 15.92 16.28 15.88 11555
20140509 16.17 16.07 16.19 15.79 8293
20140512 16.23 16.56 16.78 16.10 25441
20140513 16.58 16.45 16.70 16.32 8798
20140514 16.44 16.64 16.69 16.44 17684
20140515 16.64 16.03 16.64 16.00 17956
20140623 15.80 15.10 15.99 14.90 86675
20140624 15.02 15.16 15.18 15.02 32262
20140625 15.15 15.11 15.17 14.98 26253
20140626 15.15 15.68 15.75 15.11 40852
20140627 15.62 15.75 16.09 15.55 31667
20140630 15.68 16.33 16.33 15.68 45351
20140701 16.25 16.46 16.53 16.24 24979
20140702 16.49 16.56 16.83 16.36 21299
20140703 16.60 16.51 16.74 16.45 25002
20140704 16.51 16.18 16.59 16.14 35023
20140707 16.25 16.44 16.57 16.25 23200
20140708 16.44 16.75 16.77 16.34 29015
20140709 16.69 16.70 17.21 16.65 56398
20140710 16.80 17.28 17.40 16.80 44667
20140711 17.20 17.26 17.33 17.00 31397
20140714 17.27 18.00 18.19 16.97 111767
20140715 17.52 17.80 17.97 17.00 78205
20140717 17.60 17.07 17.60 16.86 92180
20140718 17.07 16.97 17.26 16.81 47028
20140721 16.91 16.74 17.05 16.58 33413
20140722 16.73 16.89 17.05 16.72 42408
20140723 16.97 17.00 17.13 16.80 73636
20140724 16.97 16.73 17.08 16.45 40734
20140725 16.80 16.87 16.97 16.68 22332
20140728 17.04 17.14 17.18 16.91 38562
20140729 17.20 17.43 17.44 17.05 47638
20140730 17.45 17.35 17.48 17.11 42805
20140731 17.47 17.41 17.55 17.27 64482
20140801 17.41 17.50 17.81 17.38 65243
20140804 17.65 17.82 17.93 17.56 58016
20140805 17.99 17.91 18.07 17.71 36363
20140806 17.86 17.71 17.86 17.60 53070
20140807 17.74 17.53 17.78 17.51 33605
20140808 17.53 17.64 17.68 17.49 33114
20140811 17.70 17.91 18.03 17.59 50793
20140812 17.95 17.99 18.25 17.94 44856
20140813 17.96 18.46 18.46 17.88 62215
20140814 18.50 18.11 18.51 18.05 50571
20140815 18.20 18.42 18.49 18.16 38904
20140818 18.46 18.51 18.51 18.31 42111
20140819 18.64 18.68 18.99 18.25 78039
20140820 18.78 19.64 19.79 18.68 126928
20140821 19.55 19.94 19.99 19.40 89593
20140822 19.94 19.92 20.10 19.67 64505
20140825 19.88 19.57 19.88 19.30 56865
20140826 19.50 19.27 19.82 18.88 87029
20140827 9.50 9.39 9.74 9.34 104096
20140828 9.35 9.35 9.57 9.26 93238
20140829 9.31 9.40 9.47 9.07 94586
20140901 9.35 9.63 9.65 9.30 128852
20140902 9.66 9.76 9.93 9.54 199205
20140903 9.76 9.75 9.86 9.63 166812
20140904 9.77 10.15 10.34 9.77 261465
20140905 10.16 10.29 10.35 10.05 180005
20140909 10.31 10.74 10.75 10.25 210046
20140910 10.75 11.01 11.18 10.50 225528
20140911 10.95 10.75 11.13 10.63 239665
20140912 10.75 10.87 10.90 10.63 125595
20140915 10.90 10.93 11.15 10.80 132663
20140916 10.96 10.34 11.00 10.32 208873
20140917 10.34 10.39 10.43 10.00 112226
20140918 10.37 10.38 10.46 10.29 65770
20140919 10.38 10.64 10.71 10.38 90389
20140922 10.60 10.47 10.64 10.43 64423
20140923 10.45 10.48 10.56 10.39 68374
20140924 10.47 10.62 10.69 10.41 90986
20140925 10.68 10.57 10.74 10.52 87251
20140926 10.54 10.46 10.62 10.38 74811
20140929 10.50 10.62 10.62 10.44 90599
20140930 10.62 10.68 10.69 10.56 85233
20141008 10.69 11.00 11.05 10.58 147903
20141009 11.00 10.87 11.03 10.72 120208
20141010 10.83 10.78 10.98 10.66 98122
20141013 10.70 10.81 10.82 10.52 84170
20141014 10.75 10.95 10.95 10.71 129984
20141015 10.96 11.31 11.35 10.85 237486
20141016 11.21 11.13 11.77 11.08 228604
20141017 11.11 10.68 11.13 10.54 171301
20141020 10.66 10.78 10.79 10.65 76740
20141021 10.79 10.41 10.80 10.40 99726
20141022 10.39 10.40 10.61 10.38 60480
20141023 10.37 10.05 10.47 9.93 85130
20141024 9.65 9.73 9.96 9.61 106812
20141027 9.73 9.82 9.87 9.56 60632
20141028 9.82 10.09 10.11 9.82 100018
20141029 10.10 10.18 10.18 9.98 132576
20141030 10.18 10.26 10.49 10.09 123018
20141031 10.29 10.17 10.39 10.07 73022
20141103 10.17 10.25 10.30 10.08 79898
20141104 10.23 10.11 10.25 10.01 61233
20141105 10.10 10.05 10.11 9.96 57107
20141106 10.04 10.04 10.12 9.96 42572
20141107 10.06 9.97 10.07 9.96 57496
20141110 9.96 9.95 10.03 9.85 65086
20141111 9.94 9.54 9.94 9.44 101207
20141112 10.05 10.49 10.49 10.05 185306
20141113 10.84 10.49 11.12 10.42 448966
20141114 10.20 10.10 10.29 10.00 159892
20141117 10.03 10.20 10.34 9.84 111023
20141118 10.18 10.55 10.75 10.12 157878
20141119 10.50 10.77 10.87 10.50 160175
20141120 10.82 11.31 11.44 10.68 298817
20141121 11.29 11.30 11.49 11.09 191996
20141124 11.40 11.17 11.42 11.08 179276
20141125 11.10 11.17 11.38 11.06 151302
20141126 11.18 11.01 11.25 10.91 125235
20141127 11.05 11.62 11.63 10.98 239336
20141128 11.55 11.36 11.70 11.22 145674
20141201 11.36 11.01 11.39 10.90 118725
20141202 11.08 11.12 11.30 11.05 96843
20141203 11.09 11.19 11.21 10.91 129600
20141204 11.10 11.19 11.22 11.06 120087
20141205 11.19 10.79 11.19 10.46 126892
20141208 10.71 10.42 10.71 10.36 176952
20141209 10.37 10.01 10.39 10.00 138207
20141210 10.00 10.45 10.46 9.95 85085
20141211 10.45 10.43 10.50 10.28 71651
20141212 10.54 10.75 10.86 10.53 106025
20141215 10.66 11.14 11.20 10.66 137914
20141216 11.14 10.91 11.23 10.84 80043
20141217 10.86 10.46 10.86 10.45 96743
20141218 10.46 10.45 10.60 10.35 65372
20141219 10.45 10.29 10.48 10.13 64849
20141222 10.27 9.96 10.27 9.84 75911
20141223 10.16 10.06 10.45 10.01 50527
20141224 10.11 10.33 10.44 10.11 41433
20141225 10.36 10.31 10.40 10.23 41044
20141226 10.32 10.22 10.35 10.08 46046
20141229 10.17 10.06 10.20 9.98 55985
20141230 10.00 10.07 10.27 9.96 41802
20141231 10.03 10.15 10.15 9.97 46590
20150105 10.10 10.14 10.15 9.98 44527
20150106 10.12 10.31 10.36 10.01 74734
20150107 10.36 10.21 10.36 10.14 49904
20150108 10.22 10.33 10.45 10.20 78886
20150109 10.39 10.15 10.47 10.15 60858
20150112 10.11 10.01 10.16 9.98 39583
20150113 10.03 10.10 10.16 10.02 27435
20150114 10.15 10.06 10.26 10.00 32929
20150115 10.08 10.07 10.14 10.03 33426
20150116 10.14 10.09 10.14 10.01 43504
20150119 10.00 10.00 10.20 9.85 71957
20150120 10.08 10.67 10.69 10.03 175410
20150121 10.68 10.75 10.83 10.53 132110
20150122 10.79 10.72 10.83 10.59 85617
20150123 10.67 10.63 10.81 10.60 86111
20150126 10.63 10.83 10.92 10.61 103958
20150127 10.84 10.78 10.93 10.57 110029
20150128 10.73 10.61 10.77 10.59 74728
20150129 10.59 10.58 10.74 10.50 60480
20150130 10.63 10.40 10.67 10.39 50391
20150202 10.30 10.59 10.64 10.26 63792
20150203 10.55 10.59 10.64 10.48 38561
20150204 10.59 10.50 10.70 10.48 56390
20150205 10.60 10.31 10.60 10.30 57572
20150206 10.30 10.19 10.48 10.18 47211
20150209 10.15 10.07 10.24 10.04 40372
20150210 10.03 10.22 10.32 10.02 50831
20150211 10.24 10.50 10.50 10.23 69162
20150212 10.68 11.55 11.55 10.66 416516
20150213 11.68 12.45 12.71 11.63 683643
20150216 12.30 12.63 12.65 12.10 437478
20150217 12.49 12.25 12.49 12.17 239239
20150225 12.26 11.98 12.35 11.88 199864
20150226 11.97 12.19 12.19 11.82 198957
20150227 12.12 12.18 12.26 11.96 166978
20150302 12.20 12.86 13.10 12.07 349116
20150303 12.71 12.41 12.73 12.40 202730
20150304 12.35 12.58 12.70 12.30 135931
20150305 12.71 12.84 13.30 12.57 249897
20150306 12.70 12.25 12.83 12.20 176134
20150309 12.25 12.31 12.48 11.99 94651
20150310 12.38 12.40 12.68 12.30 103979
20150311 12.33 12.27 12.47 12.13 104761
20150312 12.28 12.22 12.36 12.01 90674
20150313 12.22 12.54 12.78 12.22 145744
20150316 12.72 13.20 13.20 12.60 248044
20150317 13.30 13.11 13.85 12.94 307159
20150318 13.03 13.24 13.29 12.97 180616
20150319 13.24 13.53 13.53 13.12 206818
20150320 13.55 13.38 13.68 13.34 149225
20150323 13.37 13.57 13.65 13.17 230635
20150324 13.57 13.18 13.57 12.81 236709
20150325 13.18 13.19 13.34 12.92 173971
20150326 13.19 13.08 13.35 12.99 134262
20150327 13.03 13.23 13.28 13.03 102588
20150330 13.20 13.06 13.20 12.88 205486
20150331 13.06 13.48 13.62 12.92 274098
20150401 13.46 13.92 13.99 13.41 254156
20150402 13.99 14.02 14.20 13.69 233232
20150403 13.98 13.95 14.13 13.74 169834
20150407 14.05 14.44 14.52 14.05 222865
20150408 14.44 13.90 14.50 13.80 227936
20150409 13.90 13.45 13.90 13.00 195619
20150410 13.35 13.72 13.88 13.27 143065
20150413 13.70 15.09 15.09 13.65 361587
20150414 15.50 15.23 15.60 14.58 422309
20150415 15.00 14.66 15.18 14.50 206967
20150416 14.51 14.95 15.16 14.32 189335
20150417 15.01 14.72 15.10 14.66 182090
20150420 14.59 13.80 14.59 13.68 227230
20150421 13.82 14.27 14.28 13.82 120564
20150422 14.35 14.95 15.00 14.25 204226
20150423 14.98 14.65 15.00 14.39 205415
20150424 14.38 15.52 15.81 14.20 394252
20150427 15.46 15.49 15.74 15.09 299597
20150428 15.78 16.12 16.70 15.25 416342
20150429 15.82 17.16 17.50 15.56 313435
20150430 16.84 16.91 17.50 16.75 238965
20150504 16.81 16.89 17.50 16.06 194766
20150505 16.93 16.09 17.20 15.99 155691
20150506 16.00 15.54 16.33 15.41 154789
20150507 15.30 15.53 16.14 15.25 121310
20150508 15.80 16.04 16.12 15.60 108221
20150511 16.25 17.64 17.64 16.05 216556
20150512 17.80 17.62 17.98 17.20 176778
20150513 17.62 18.98 19.08 17.22 229502
20150514 18.88 18.78 19.95 18.20 199479
20150515 18.50 20.37 20.66 18.43 258858
20150518 20.29 20.48 22.10 19.82 226882
20150519 20.55 21.31 22.10 20.45 185590
20150520 21.29 21.91 22.70 21.00 164923
20150521 22.13 24.10 24.10 22.13 118593
20150522 25.96 23.40 25.96 22.80 271567
20150525 22.69 23.55 24.51 22.18 231648
20150526 23.33 25.91 25.91 23.00 237838
20150527 26.12 26.45 27.55 25.20 193673
20150528 26.05 24.40 28.16 24.00 217418
20150529 24.00 24.99 26.00 21.96 203790
20150601 24.90 26.60 27.01 24.80 194489
20150602 26.70 27.21 27.92 26.15 147728
20150603 27.20 25.96 27.20 24.49 174136
20150604 25.50 24.00 25.79 23.36 223428
20150605 24.15 24.18 25.25 23.70 208110
20150608 24.17 25.15 25.58 23.93 227027
20150609 25.00 23.98 25.01 23.80 163748
20150610 23.90 24.50 24.84 23.45 145934
20150611 24.58 26.00 26.28 24.58 206576
20150612 26.20 26.24 26.78 25.40 172544
20150615 26.31 25.18 26.49 24.85 182505
20150616 24.98 23.58 24.98 23.50 116829
20150617 23.59 23.95 24.15 21.23 180508
20150618 23.60 23.65 24.98 23.22 140420
20150619 23.00 21.29 23.63 21.29 125154
20150623 21.00 20.02 21.58 19.16 163219
20150624 20.40 20.66 21.34 19.85 144695
20150625 20.76 19.93 21.19 19.52 113927
20150626 19.44 17.94 19.65 17.94 114069
20150629 18.20 16.15 18.58 16.15 163193
20150630 15.50 16.61 16.85 14.54 209011
20150701 16.39 14.95 16.70 14.95 214594
20150702 14.38 13.46 14.78 13.46 193415
20150703 12.58 12.11 13.47 12.11 184409
20150706 13.30 10.90 13.30 10.90 303235
20150707 10.32 9.81 10.32 9.81 74682
20150708 8.83 8.83 8.83 8.83 35422
20150709 7.95 9.71 9.71 7.95 341462
20150710 10.21 10.68 10.68 10.20 128094
20150713 11.60 11.75 11.75 11.10 299615
20150714 12.28 12.93 12.93 11.90 577478
20150715 12.65 11.64 12.65 11.64 285328
20150716 10.50 11.65 12.26 10.48 290678
20150717 11.65 12.46 12.75 11.55 258636
20150720 12.48 12.60 13.16 12.08 300504
20150721 12.37 13.82 13.86 12.14 424352
20150722 13.60 14.07 14.32 13.05 335135
20150723 13.90 14.36 14.60 13.78 249618
20150724 14.40 13.78 14.90 13.46 318325
20150727 13.30 12.40 13.78 12.40 269910
20150728 11.34 11.50 12.39 11.16 295090
20150729 11.80 12.26 12.28 11.00 247700
20150730 12.25 12.00 12.85 11.86 236832
