20140102 15.15 15.26 15.35 15.10 44439
20140103 15.24 15.18 15.24 14.80 39853
20140106 15.11 14.37 15.11 14.35 44699
20140107 14.39 14.57 14.59 14.01 34396
20140108 14.60 14.71 14.95 14.35 34141
20140109 14.56 14.46 15.06 14.45 32372
20140110 14.41 14.21 14.60 14.14 26357
20140113 14.17 14.18 14.50 14.04 17904
20140114 14.24 14.32 14.32 13.86 32294
20140115 14.35 14.80 14.90 14.25 40084
20140116 14.88 14.90 14.90 14.62 28438
20140117 14.88 14.78 14.89 14.62 16325
20140120 14.79 14.90 15.04 14.72 36322
20140121 14.95 15.11 15.13 14.87 28203
20140122 15.22 15.27 15.37 15.08 42073
20140123 15.20 15.59 15.65 15.15 66797
20140124 15.59 15.51 15.60 15.37 51759
20140127 15.55 15.35 15.77 15.17 53418
20140128 15.28 15.01 15.35 14.91 34017
20140129 15.15 15.49 15.58 15.14 43365
20140130 15.28 15.83 16.16 15.26 72177
20140207 15.83 16.36 16.38 15.66 69529
20140210 16.36 16.57 16.68 16.20 95114
20140211 16.50 16.20 16.58 16.10 66698
20140212 16.05 16.30 16.34 16.05 47100
20140213 16.21 15.62 16.24 15.58 59632
20140214 15.68 15.89 15.99 15.53 37836
20140217 15.99 16.59 16.61 15.99 90439
20140218 17.02 16.65 17.15 16.46 121378
20140219 16.67 16.28 16.69 15.99 82709
20140220 16.28 16.15 16.57 16.00 54181
20140221 16.28 15.87 16.34 15.70 63686
20140224 15.80 15.99 16.08 15.71 48318
20140225 16.07 15.15 16.37 15.05 74846
20140226 15.10 15.22 15.23 14.50 48274
20140227 15.30 15.19 15.71 15.03 59650
20140228 15.16 15.38 15.45 14.82 39560
20140303 15.63 15.90 15.99 15.50 63144
20140304 15.90 16.13 16.32 15.80 82719
20140305 16.20 15.79 16.32 15.76 66618
20140306 15.60 15.40 15.88 15.15 49351
20140307 15.43 15.48 15.66 15.32 34493
20140310 15.21 14.52 15.30 14.45 57274
20140311 14.53 14.23 14.68 14.12 40262
20140312 14.26 14.37 14.44 13.91 28455
20140313 14.36 14.66 14.77 14.32 36779
20140314 14.55 14.54 14.60 14.37 23616
20140317 14.66 14.86 14.88 14.56 31531
20140318 14.80 14.79 15.11 14.72 34175
20140319 14.70 14.91 15.03 14.40 48733
20140320 14.80 14.62 15.11 14.60 50647
20140321 14.40 14.78 14.81 14.24 44306
20140324 14.69 14.66 14.80 14.56 30593
20140325 14.68 14.74 14.81 14.60 29001
20140326 14.76 14.75 14.86 14.70 28716
20140327 14.64 14.02 14.64 14.00 77985
20140328 13.94 13.33 13.94 13.26 64019
20140331 13.33 13.47 13.50 13.17 25119
20140401 13.40 13.57 13.65 13.36 20144
20140402 13.61 13.38 13.61 13.30 20968
20140403 13.37 13.38 13.49 13.30 19516
20140404 13.31 13.55 13.56 13.31 17795
20140408 13.68 13.93 13.99 13.54 48210
20140409 13.95 13.94 14.06 13.85 33593
20140410 13.94 14.01 14.08 13.83 31554
20140411 13.97 14.05 14.06 13.82 24712
20140414 14.06 14.16 14.38 14.00 60945
20140415 14.58 14.21 14.67 14.18 61832
20140416 14.14 14.22 14.28 14.08 27372
20140417 14.22 14.05 14.27 14.04 21511
20140418 14.07 14.21 14.35 14.07 28297
20140421 14.02 13.76 14.19 13.72 27949
20140422 13.70 13.60 13.88 13.48 24618
20140423 13.56 13.97 13.99 13.52 23882
20140424 14.01 14.38 14.69 13.95 94452
20140425 14.30 14.09 14.35 14.05 29267
20140428 13.98 13.40 13.98 13.20 33102
20140429 13.38 13.51 13.54 13.21 21002
20140430 13.51 13.39 13.53 13.23 23469
20140505 13.44 13.50 13.52 13.30 16280
20140506 13.50 13.57 13.74 13.45 21700
20140507 13.55 13.41 13.57 13.37 14482
20140508 13.39 13.38 13.57 13.33 15057
20140509 13.38 13.28 13.48 13.20 15853
20140512 13.40 13.52 13.66 13.34 32188
20140513 13.56 14.12 14.17 13.50 62447
20140514 13.95 13.89 14.09 13.83 29103
20140515 13.91 13.97 14.33 13.88 45288
20140516 13.95 13.99 14.17 13.71 26740
20140519 14.23 14.08 14.46 14.00 31097
20140520 14.15 13.90 14.24 13.88 26108
20140521 13.91 14.14 14.14 13.78 27915
20140522 14.18 14.13 14.20 14.00 41768
20140523 14.13 14.00 14.13 13.80 29925
20140526 14.07 14.04 14.13 13.90 28681
20140527 14.00 13.88 14.04 13.86 20541
20140528 13.93 14.20 14.20 13.83 39799
20140529 14.21 14.09 14.48 14.08 59342
20140530 14.18 14.41 14.47 14.06 63454
20140603 14.52 14.31 14.65 14.30 48391
20140604 14.27 14.11 14.27 13.98 30170
20140605 14.13 14.29 14.33 13.92 36017
20140606 14.25 14.15 14.27 14.08 30552
20140609 14.13 14.15 14.29 14.04 24137
20140610 14.08 14.24 14.29 14.02 35943
20140611 14.23 14.45 14.46 14.20 52880
20140612 14.41 14.44 14.60 14.32 52451
20140613 14.43 14.58 14.71 14.37 51403
20140616 14.69 14.62 14.72 14.51 45434
20140617 14.62 14.30 14.65 14.23 47166
20140618 14.35 14.24 14.58 14.23 36561
20140619 14.18 13.72 14.34 13.50 37247
20140620 13.72 13.81 13.86 13.66 22595
20140623 13.84 13.94 14.06 13.82 21867
20140624 13.92 14.36 14.45 13.92 42992
20140625 14.34 14.51 14.72 14.25 89506
20140626 14.40 14.49 14.60 14.37 53355
20140627 14.51 14.68 14.72 14.45 66810
20140630 15.10 16.15 16.15 15.10 80053
20140701 17.77 17.77 17.77 17.63 309083
20140702 17.97 19.55 19.55 17.90 405881
20140703 20.30 21.51 21.51 20.00 684065
20140704 21.01 21.09 21.36 20.43 448175
20140707 20.97 23.20 23.20 20.97 381368
20140708 24.29 25.52 25.52 23.82 707548
20140709 24.68 27.48 28.07 24.38 620005
20140710 26.80 26.54 28.08 26.24 453567
20140711 25.94 27.71 28.60 25.26 492043
20140714 27.00 26.37 27.20 26.05 332254
20140715 26.20 26.36 27.14 25.02 341364
20140716 25.95 24.90 25.98 24.50 245116
20140717 24.70 24.14 25.48 23.40 323588
20140718 24.34 24.25 24.60 23.71 238258
20140721 24.30 26.27 26.59 23.51 437046
20140722 25.00 25.05 25.59 24.51 323632
20140723 24.65 24.28 26.20 24.28 311448
20140724 23.61 22.80 24.08 21.88 259970
20140725 22.74 23.03 23.25 22.37 142672
20140728 23.14 24.06 24.45 22.92 266575
20140729 24.09 24.41 25.09 23.85 263453
20140730 24.40 26.84 26.85 23.85 517317
20140731 26.30 26.80 27.68 25.70 432998
20140801 26.50 25.25 26.99 25.24 254804
20140804 25.50 26.16 27.26 25.05 265611
20140805 26.16 25.99 26.55 25.49 206839
20140806 25.68 26.01 26.48 25.50 192044
20140807 26.10 25.68 26.54 25.66 167829
20140808 25.60 25.42 25.99 25.11 154807
20140811 25.70 25.83 26.46 25.61 129801
20140812 26.29 27.15 27.93 25.85 363535
20140813 26.80 26.27 26.94 25.95 212036
20140814 26.03 25.71 26.15 25.60 129745
20140815 25.82 25.80 26.10 25.55 85889
20140818 25.82 25.89 26.06 25.57 113594
20140819 25.87 26.32 26.52 25.60 217114
20140820 26.19 26.32 26.96 25.85 208074
20140821 26.33 26.90 27.44 26.15 262571
20140822 26.61 26.17 26.69 26.00 170231
20140825 26.16 25.33 26.16 25.30 126008
20140826 25.30 24.34 25.30 24.10 138294
20140827 24.28 24.85 25.36 24.20 122709
20140828 24.90 24.07 24.90 23.90 87105
20140829 24.03 24.88 24.99 24.03 86246
20140901 25.26 25.67 26.37 25.26 125926
20140902 25.70 27.61 28.24 25.48 420274
20140903 27.40 26.99 27.49 26.66 259508
20140904 26.80 28.30 29.58 26.73 359914
20140905 28.20 28.18 28.20 27.63 156569
20140909 28.18 28.10 29.40 27.91 199495
20140910 27.90 28.02 28.57 27.39 129676
20140911 28.20 27.60 28.50 26.90 167080
20140912 27.60 27.91 27.98 27.44 102938
20140915 27.98 27.96 28.50 27.68 142771
20140916 28.24 26.51 28.47 26.46 176097
20140917 26.24 25.91 26.65 25.43 112198
20140918 25.85 25.81 26.15 25.57 54091
20140919 25.81 26.36 26.46 25.70 72589
20140922 26.36 26.16 26.50 25.69 74318
20140923 26.10 27.53 27.87 26.10 193634
20140924 27.30 28.05 28.48 27.13 190980
20140925 28.50 30.86 30.86 28.50 284919
20140926 31.97 30.00 31.97 29.50 285057
20140929 29.93 30.25 30.58 29.63 171014
20140930 30.80 29.61 30.80 29.35 144827
20141008 29.61 30.46 30.79 29.10 196612
20141009 30.25 30.20 30.76 29.73 122421
20141010 30.20 32.32 33.07 29.72 285531
20141013 32.55 34.67 35.51 32.12 278651
20141014 35.22 34.98 36.55 34.53 272910
20141015 34.98 34.72 35.65 33.90 191199
20141024 27.88 27.79 29.48 27.28 178409
20141027 26.97 27.43 27.89 26.41 110231
20141028 27.58 30.17 30.17 27.58 257787
20141029 30.17 31.73 32.77 29.80 279585
20141030 31.01 31.28 32.41 31.00 179226
20141031 31.33 30.88 31.87 30.53 131061
20141103 30.80 30.49 31.46 30.05 133738
20141104 30.01 29.55 30.15 29.21 215418
20141105 29.38 29.74 30.27 29.30 143463
20141106 29.50 28.97 29.67 28.52 163361
20141107 29.25 29.35 30.08 29.09 187334
20141110 29.63 29.85 29.87 28.70 161968
20141111 29.85 28.60 29.95 28.35 132819
20141112 28.51 28.88 29.17 28.41 84160
20141113 29.05 27.10 29.15 26.97 145016
20141114 26.95 27.11 27.48 26.30 90404
20141117 27.10 27.40 27.87 26.72 92096
20141118 27.31 27.55 28.06 27.15 96924
20141119 27.54 27.14 27.55 26.67 117924
20141120 27.16 26.79 27.41 26.73 82741
20141121 26.90 26.83 26.99 26.60 88470
20141124 27.00 27.63 27.86 26.69 150677
20141125 27.55 28.31 28.45 27.36 142994
20141126 28.50 28.82 29.58 27.70 185140
20141127 28.79 28.62 29.19 28.46 125240
20141128 28.58 27.81 28.95 27.60 122470
20141201 27.72 26.91 27.72 26.90 98832
20141202 26.91 26.99 27.35 26.80 97086
20141203 27.02 28.02 28.02 26.38 177480
20141204 28.02 28.45 29.00 28.02 184406
20141205 29.19 31.30 31.30 27.70 416408
20141208 33.34 34.43 34.43 32.00 547345
20141209 34.53 31.01 36.47 30.99 473379
20141210 29.60 32.25 33.49 29.60 253815
20141211 31.68 32.61 33.43 30.87 236186
20141212 32.26 32.02 33.32 31.50 140536
20141215 29.80 33.15 33.50 29.38 289153
20141216 33.00 35.22 36.46 32.60 326037
20141217 34.63 34.01 35.34 33.54 163868
20141218 33.84 36.23 37.37 33.70 259937
20141219 35.98 35.30 36.09 34.41 144601
20141222 34.90 32.78 35.98 32.32 137165
20141223 32.40 31.20 33.97 31.16 90579
20141224 31.25 32.37 33.27 31.22 106374
20141225 32.00 34.99 35.28 31.80 161128
20141226 34.39 34.25 34.90 33.70 161271
20141229 34.00 34.98 35.06 32.60 142165
20141230 34.89 33.41 35.90 33.38 123934
20141231 33.43 33.75 34.51 33.43 93528
20150105 33.85 32.68 34.25 32.00 102207
20150106 32.21 33.80 34.56 32.08 148436
20150107 33.62 33.34 34.44 32.60 119991
20150108 32.99 32.83 33.90 32.67 81151
20150109 33.09 32.55 33.80 32.50 103885
20150112 32.00 30.82 32.00 30.50 108927
20150113 30.39 31.00 31.70 30.39 83788
20150114 31.00 30.98 31.80 30.55 71136
20150115 30.97 31.35 31.42 30.80 87275
20150116 31.32 31.13 31.44 30.91 89887
20150119 30.49 30.15 31.39 28.92 109184
20150120 30.48 31.68 31.99 30.29 102043
20150121 31.70 32.31 32.46 31.57 139952
20150122 32.20 33.95 35.01 31.58 236776
20150123 33.60 32.90 33.88 32.85 119450
20150126 33.88 33.14 33.88 33.00 83987
20150127 33.30 32.68 33.49 32.20 101212
20150128 32.69 32.15 32.77 32.00 65144
20150129 31.88 31.92 32.59 31.51 48617
20150130 32.28 31.75 32.45 31.70 45763
20150202 31.31 30.95 31.35 30.70 61363
20150203 30.93 31.23 31.44 30.30 64412
20150204 31.24 31.50 32.50 31.23 95764
20150205 31.88 30.60 31.97 30.59 100252
20150206 30.57 29.16 30.68 28.99 91518
20150209 28.88 28.97 29.44 28.81 34773
20150210 29.08 29.42 29.49 29.02 31264
20150211 29.76 29.71 29.90 29.44 30015
20150212 29.65 30.08 30.26 29.45 50185
20150213 30.08 30.22 30.48 30.00 65944
20150216 30.22 30.23 30.38 30.03 45968
20150217 30.26 30.28 30.77 30.16 48734
20150225 30.50 30.62 31.03 30.19 66290
20150226 30.63 30.93 30.96 30.41 53538
20150227 31.88 34.02 34.02 31.88 159831
20150302 34.02 34.67 35.22 33.69 349000
20150303 34.38 34.34 35.83 33.38 260263
20150304 34.34 34.79 35.50 33.96 175640
20150305 35.55 33.70 35.80 33.10 175389
20150306 33.41 32.73 33.80 32.70 108984
20150309 32.39 33.00 33.15 31.87 81067
20150310 33.00 33.15 33.66 32.60 91046
20150311 33.16 32.72 33.34 32.50 69546
20150312 32.73 32.28 33.29 31.94 96238
20150313 32.35 32.72 32.88 32.27 73217
20150316 33.19 33.65 33.73 32.75 138785
20150317 33.66 34.49 35.58 33.26 245767
20150318 34.13 34.79 35.30 33.92 186375
20150319 34.98 35.09 35.80 34.46 217012
20150320 35.17 34.63 35.48 34.50 158171
20150323 34.87 34.76 34.92 34.33 165330
20150324 35.00 35.69 36.78 34.78 364411
20150325 35.70 34.81 35.80 34.62 179218
20150326 34.50 35.05 35.80 34.01 203550
20150327 35.15 34.43 35.30 34.20 116799
20150330 34.52 35.00 35.20 34.20 126844
20150331 35.04 35.12 35.72 34.50 227897
20150401 35.13 35.20 35.28 34.70 166307
20150402 35.53 35.98 36.43 35.25 231260
20150403 35.88 36.49 36.67 35.33 243668
20150407 36.55 36.73 37.27 36.00 234649
20150408 36.60 34.99 36.63 34.50 217502
20150409 34.96 33.87 35.50 32.70 154092
20150410 33.80 34.30 34.68 33.40 121584
20150413 34.40 35.19 35.87 34.39 188040
20150414 35.18 34.20 35.18 34.03 159674
20150415 34.15 32.69 34.17 32.69 151218
20150416 32.20 33.06 33.50 31.08 121122
20150417 33.18 33.98 34.78 33.18 174738
20150420 33.93 34.95 35.80 33.12 277118
20150421 35.71 37.38 38.45 35.50 550456
20150422 36.66 38.18 38.33 36.16 394595
20150423 38.17 37.40 38.18 37.00 266371
20150424 36.93 38.95 39.86 36.72 385589
20150427 40.00 42.82 42.82 40.00 455427
20150428 42.90 42.31 44.92 40.91 362927
20150429 41.40 45.05 46.54 40.50 327818
20150430 44.80 44.20 46.50 44.01 182190
20150504 44.80 45.75 46.90 44.02 205087
20150505 46.15 45.40 46.55 44.53 209650
20150506 45.70 44.14 45.99 42.80 192816
20150507 42.10 44.18 45.48 41.90 158101
20150508 44.61 45.05 46.49 44.05 143730
20150511 45.54 47.64 48.20 44.90 193737
20150512 47.10 50.39 51.00 46.93 211248
20150513 50.10 50.40 53.00 49.03 171182
20150514 50.18 50.17 51.25 49.51 118468
20150515 50.70 53.69 55.19 50.70 242151
20150518 53.33 59.06 59.06 53.00 195271
20150519 60.90 58.59 60.90 56.80 131143
20150520 58.60 60.72 64.30 58.60 123662
20150521 63.00 66.79 66.79 63.00 171903
20150522 68.13 73.47 73.47 66.81 147879
20150525 73.40 78.80 80.30 68.53 188644
20150526 78.85 81.61 83.99 76.00 235269
20150527 79.90 78.55 84.56 76.80 228812
20150528 77.80 70.70 80.00 70.70 209777
20150529 68.50 72.01 75.55 65.18 202680
20150601 71.80 73.38 74.75 69.30 132375
20150602 73.38 74.00 76.00 72.00 118889
20150603 75.80 70.31 75.85 68.50 159801
20150604 68.91 69.23 70.00 63.60 100117
20150605 69.80 70.95 73.86 69.75 103605
20150608 70.50 67.89 70.50 67.52 74668
20150609 67.89 69.94 71.60 67.60 87088
20150610 69.20 72.61 74.85 68.58 120744
20150611 71.21 72.95 73.55 71.11 90138
20150612 73.79 74.20 74.66 71.68 146201
20150615 75.57 75.00 78.59 74.86 190810
20150616 75.01 70.47 75.01 67.50 95125
20150617 69.01 71.20 71.50 65.80 78955
20150618 71.00 70.48 73.50 69.01 71457
20150619 68.67 69.35 73.10 67.50 74715
20150623 68.15 75.28 75.29 67.50 128766
20150624 76.40 78.84 80.00 75.91 158696
20150625 79.50 72.82 79.80 71.35 129278
20150626 69.30 65.54 69.59 65.54 111391
20150629 68.15 63.20 68.15 58.99 147529
20150630 63.50 65.75 65.75 56.88 137611
20150701 65.05 61.42 68.94 60.18 108752
20150702 62.00 56.00 63.00 55.28 105459
20150703 52.01 50.40 55.99 50.40 103802
20150706 55.44 45.36 55.44 45.36 119415
20150707 40.82 40.82 40.82 40.82 4262
20150714 44.90 44.90 44.90 44.90 5447
20150715 49.39 44.34 49.39 42.45 336764
20150716 39.91 45.43 46.80 39.91 201239
20150717 46.20 49.97 49.97 45.43 236874
20150720 54.00 54.97 54.97 53.01 247274
20150721 57.00 58.15 59.98 55.55 269731
20150722 58.90 62.25 62.80 57.70 215495
20150723 62.26 63.50 65.25 59.96 177455
20150724 63.00 62.60 66.22 61.50 208916
20150727 61.00 56.34 64.00 56.34 150806
20150728 50.71 51.60 58.74 50.71 223837
20150729 53.14 56.76 56.76 49.00 189372
20150730 57.00 56.10 61.36 55.41 221389
