20140109 4.41 4.32 4.50 4.24 179524
20140110 4.33 4.10 4.34 4.07 131606
20140113 4.10 4.07 4.14 4.01 70074
20140114 4.05 4.10 4.10 4.04 63702
20140115 4.07 4.06 4.10 4.02 56983
20140116 4.07 4.09 4.11 4.05 51672
20140117 4.05 3.94 4.08 3.93 75263
20140120 3.94 3.99 4.03 3.92 49579
20140121 3.97 4.00 4.04 3.97 30238
20140122 4.00 4.10 4.13 3.99 49137
20140123 4.11 4.16 4.22 4.09 74356
20140124 4.15 4.20 4.23 4.11 69455
20140127 4.16 4.28 4.31 4.14 99186
20140128 4.29 4.29 4.35 4.25 46197
20140129 4.29 4.39 4.41 4.27 61393
20140130 4.38 4.38 4.43 4.35 40348
20140207 4.35 4.50 4.53 4.30 66290
20140210 4.50 4.52 4.55 4.46 99890
20140211 4.52 4.57 4.58 4.46 87869
20140212 4.58 4.91 4.95 4.57 331794
20140213 4.93 4.98 5.15 4.93 321530
20140214 4.97 5.19 5.22 4.94 290810
20140217 5.18 5.25 5.25 5.15 223693
20140218 5.25 5.52 5.77 5.20 413249
20140219 5.54 5.56 5.66 5.40 256188
20140220 5.55 5.32 5.56 5.31 221086
20140221 5.32 5.18 5.49 5.12 228551
20140224 5.18 5.34 5.37 5.11 222000
20140225 5.30 5.15 5.62 5.12 341560
20140226 5.14 5.10 5.24 4.97 158833
20140227 5.10 5.11 5.27 5.05 183452
20140228 5.10 5.15 5.18 4.96 163678
20140303 5.15 5.19 5.23 5.11 159351
20140304 5.16 5.22 5.30 5.05 188154
20140305 5.25 5.26 5.45 5.20 290571
20140306 5.27 5.16 5.32 5.07 156698
20140307 5.16 5.02 5.21 4.99 173200
20140310 5.03 4.89 5.03 4.87 117653
20140311 4.88 4.84 4.93 4.78 96853
20140312 4.81 4.88 4.90 4.77 92587
20140313 4.90 4.94 4.95 4.83 64297
20140314 4.91 5.05 5.05 4.88 85641
20140317 5.05 5.12 5.15 5.02 74777
20140318 5.13 5.07 5.17 5.03 102597
20140319 5.07 4.96 5.07 4.94 89080
20140320 4.95 4.82 4.99 4.80 83469
20140321 4.81 4.93 4.95 4.77 85108
20140324 4.93 4.98 4.99 4.90 70187
20140325 5.00 5.04 5.12 4.92 125240
20140326 5.05 5.35 5.48 5.05 399545
20140327 5.35 5.31 5.43 5.28 198800
20140328 5.29 5.05 5.35 5.04 276340
20140331 5.04 5.15 5.15 5.02 76923
20140401 5.11 5.30 5.37 5.11 162659
20140402 5.29 5.29 5.41 5.27 174217
20140403 5.31 5.28 5.34 5.19 99116
20140404 5.23 5.47 5.49 5.23 188482
20140408 5.46 5.45 5.58 5.40 132077
20140409 5.44 5.42 5.57 5.38 123572
20140410 5.43 5.39 5.51 5.38 107374
20140411 5.37 5.50 5.58 5.33 194087
20140414 5.55 5.59 5.63 5.51 122433
20140415 5.59 5.45 5.61 5.41 114537
20140416 5.44 5.52 5.58 5.43 104466
20140417 5.54 5.47 5.59 5.45 60658
20140418 5.38 5.36 5.46 5.29 121460
20140421 5.32 5.36 5.48 5.29 81262
20140422 5.36 5.50 5.54 5.36 171507
20140423 5.54 5.43 5.56 5.38 84330
20140424 5.44 5.32 5.51 5.32 131317
20140425 5.33 5.12 5.35 5.10 87188
20140428 5.10 4.96 5.17 4.94 70272
20140429 4.98 5.03 5.04 4.94 60641
20140430 5.04 5.15 5.18 5.02 54946
20140505 5.12 5.20 5.20 5.10 60020
20140506 5.21 5.20 5.28 5.09 87260
20140507 5.18 5.00 5.18 5.00 78225
20140508 4.96 5.03 5.10 4.95 35895
20140509 5.03 5.01 5.06 4.95 54665
20140512 5.05 5.12 5.12 4.99 72883
20140513 5.11 5.03 5.11 4.99 53060
20140514 5.01 5.03 5.07 5.00 37070
20140515 5.03 5.01 5.06 4.99 53867
20140516 4.98 4.98 5.02 4.92 50351
20140519 4.97 4.98 5.01 4.95 30972
20140520 5.02 5.02 5.07 5.00 40037
20140521 5.00 5.04 5.05 4.97 33997
20140522 5.04 5.04 5.11 5.03 30142
20140523 5.01 5.05 5.05 5.00 24668
20140526 5.06 5.09 5.17 5.05 77692
20140527 5.09 5.07 5.14 5.05 47440
20140528 5.05 5.11 5.11 5.02 50272
20140529 5.11 5.11 5.24 5.09 94964
20140530 5.10 5.08 5.14 5.04 44443
20140603 5.10 5.07 5.14 5.05 31122
20140604 5.07 5.01 5.07 4.95 62588
20140605 5.01 5.09 5.09 4.97 35655
20140606 5.08 5.03 5.08 4.96 37346
20140609 5.03 5.00 5.04 4.97 35600
20140610 5.02 5.05 5.05 4.97 28376
20140611 5.05 5.03 5.05 4.93 52473
20140612 4.99 4.98 4.99 4.93 29348
20140613 5.00 5.00 5.03 4.95 42257
20140616 4.98 4.98 5.02 4.95 64661
20140617 4.96 4.80 4.97 4.78 159000
20140618 4.80 4.63 4.81 4.37 185998
20140619 4.58 4.50 4.65 4.47 61509
20140620 4.56 4.52 4.58 4.46 47128
20140623 4.56 4.50 4.56 4.48 58532
20140624 4.50 4.46 4.51 4.44 67764
20140625 4.46 4.42 4.48 4.39 60188
20140626 4.42 4.51 4.53 4.42 67908
20140627 4.51 4.50 4.56 4.48 75164
20140630 4.51 4.53 4.55 4.49 89274
20140701 4.51 4.87 4.92 4.51 203066
20140702 4.86 5.04 5.04 4.81 227317
20140703 5.04 4.97 5.04 4.94 102753
20140704 4.97 4.95 5.01 4.88 68934
20140707 4.94 4.79 4.95 4.71 129226
20140708 4.79 4.91 4.94 4.74 94706
20140709 4.88 4.85 4.97 4.83 101114
20140710 4.84 4.91 4.99 4.83 90786
20140711 4.89 4.92 4.98 4.88 81798
20140714 4.91 5.08 5.10 4.89 134766
20140715 5.07 5.03 5.12 5.00 93432
20140716 5.04 4.96 5.07 4.89 97158
20140717 4.90 4.89 4.92 4.83 82109
20140718 4.89 4.89 4.94 4.85 69424
20140721 4.87 4.92 5.03 4.83 83634
20140722 4.94 4.87 4.95 4.75 146238
20140723 4.87 4.76 4.87 4.75 100228
20140724 4.76 4.77 4.81 4.70 67585
20140725 4.76 4.79 4.79 4.67 68474
20140728 4.82 4.82 4.90 4.79 199986
20140729 4.84 4.90 4.95 4.82 152124
20140730 4.90 4.88 4.92 4.83 103981
20140731 4.88 4.98 4.99 4.85 153238
20140801 4.96 4.91 5.01 4.90 123674
20140804 4.90 4.97 5.00 4.89 99779
20140805 5.00 4.97 5.01 4.94 75650
20140806 4.96 4.98 4.99 4.93 78926
20140807 4.98 4.99 5.08 4.93 200114
20140808 4.99 5.01 5.03 4.97 105827
20140811 5.02 5.06 5.06 4.98 139098
20140812 5.05 5.04 5.08 5.02 100010
20140813 5.03 5.07 5.08 4.99 140946
20140814 5.07 4.96 5.08 4.96 117670
20140815 4.96 5.11 5.12 4.94 213930
20140818 5.11 5.28 5.32 5.11 310560
20140819 5.27 5.26 5.38 5.23 163380
20140820 5.29 5.44 5.59 5.24 355518
20140821 5.47 5.43 5.49 5.30 192432
20140822 5.47 5.47 5.62 5.34 186845
20140825 5.45 5.31 5.47 5.28 192439
20140826 5.30 5.63 5.68 5.29 404668
20140827 5.60 5.58 5.67 5.51 206307
20140828 5.58 5.62 5.87 5.50 277006
20140829 5.65 5.68 5.86 5.59 238876
20140901 5.70 6.17 6.25 5.69 708219
20140902 6.10 6.79 6.79 6.03 425300
20140903 7.47 7.47 7.47 7.47 191824
20140904 7.60 8.22 8.22 7.21 2144957
20140905 8.00 7.93 8.08 7.73 1455668
20140909 7.85 7.96 8.33 7.77 1141400
20140910 7.80 7.91 8.15 7.63 850969
20140911 7.88 7.95 8.06 7.73 652042
20140912 7.96 8.13 8.30 7.84 963809
20140915 8.09 8.20 8.29 8.01 741955
20140916 8.19 7.45 8.20 7.38 1035914
20140917 7.45 7.33 7.51 7.09 540094
20140918 7.27 7.31 7.37 7.13 311053
20140919 7.30 7.43 7.53 7.23 329107
20140922 7.31 7.22 7.37 7.20 246350
20140923 7.25 7.45 7.51 7.24 374543
20140924 7.41 7.64 7.70 7.36 441550
20140925 7.70 7.67 7.80 7.60 381119
20140926 8.00 7.86 8.19 7.83 555626
20140929 7.87 7.84 7.96 7.68 345266
20140930 7.78 7.75 7.84 7.72 256107
20141008 7.80 8.00 8.08 7.72 385411
20141009 8.01 7.86 8.05 7.76 313345
20141010 7.80 7.90 7.96 7.72 340016
20141013 7.82 7.69 7.82 7.60 228733
20141014 7.65 7.59 7.79 7.53 265649
20141015 7.59 7.56 7.64 7.42 213076
20141016 7.52 7.43 7.60 7.42 172776
20141017 7.43 7.20 7.48 7.05 235241
20141020 7.13 7.40 7.40 7.13 136926
20141021 7.40 7.42 7.61 7.40 159779
20141022 7.40 7.62 7.83 7.39 396267
20141023 7.62 7.75 7.90 7.62 444647
20141024 7.74 7.66 7.80 7.55 166143
20141027 7.60 7.82 7.84 7.59 244346
20141028 7.85 8.15 8.25 7.85 584198
20141029 8.16 8.97 8.97 8.01 1100941
20141030 9.03 8.85 9.39 8.84 841524
20141031 8.75 8.93 9.25 8.72 621168
20141103 8.91 8.98 9.10 8.78 431713
20141104 8.95 9.57 9.78 8.85 848779
20141105 9.41 9.27 9.67 9.25 426793
20141106 9.25 9.55 9.65 9.21 349102
20141107 9.55 9.17 9.78 9.03 348441
20141110 9.30 9.24 9.54 9.07 300023
20141111 9.26 8.52 9.33 8.39 572301
20141112 8.56 8.71 8.85 8.40 272866
20141113 8.71 8.48 8.73 8.28 243216
20141114 8.43 8.34 8.43 8.20 202198
20141117 8.40 8.73 8.82 8.29 296027
20141118 8.72 9.02 9.16 8.66 299003
20141119 9.02 9.00 9.13 8.92 148017
20141120 8.96 8.95 9.04 8.80 147347
20141121 8.94 9.25 9.28 8.89 257421
20141124 9.40 9.45 9.75 9.40 429635
20141125 9.46 9.80 9.88 9.41 323554
20141126 9.80 10.00 10.11 9.80 346006
20141127 10.00 10.42 10.71 9.85 465038
20141128 10.43 10.05 10.82 9.99 521630
20141201 10.05 9.54 10.16 9.45 470586
20141202 9.51 9.69 9.95 9.42 305479
20141203 9.72 9.95 10.00 9.38 420795
20141204 9.85 9.89 9.97 9.70 265317
20141205 9.97 9.74 10.05 9.11 462164
20141208 9.74 9.85 10.14 9.50 442736
20141209 9.90 9.30 10.09 9.30 461766
20141210 9.20 9.40 9.59 9.20 269177
20141211 9.48 10.25 10.34 9.32 574815
20141212 10.20 10.15 10.30 9.90 392347
20141215 10.13 10.30 10.49 9.83 381740
20141216 10.30 10.24 10.38 10.10 217280
20141217 10.16 9.85 10.16 9.75 317122
20141218 9.85 9.78 9.99 9.56 208805
20141219 9.71 9.51 9.71 9.21 292825
20141222 9.50 8.65 9.50 8.56 412297
20141223 8.70 8.72 9.05 8.66 210002
20141224 8.75 8.77 8.99 8.54 153505
20141225 8.88 8.84 8.93 8.72 163255
20141226 8.85 8.72 8.86 8.58 237485
20141229 8.72 8.34 8.72 8.28 276393
20141230 8.37 7.87 8.37 7.75 364611
20141231 7.87 7.97 7.99 7.81 156331
20150105 8.00 8.36 8.45 7.80 281814
20150106 8.33 8.64 8.75 8.20 229720
20150107 8.68 8.51 8.79 8.41 185360
20150108 8.52 8.39 8.56 8.30 158836
20150109 8.39 8.51 8.64 8.32 177983
20150112 8.43 8.82 8.92 8.39 433258
20150113 8.82 9.00 9.08 8.78 259486
20150114 8.99 8.86 9.00 8.74 144341
20150115 8.86 8.97 9.07 8.65 187115
20150116 9.10 9.00 9.25 8.94 289848
20150119 8.70 8.25 8.90 8.11 271652
20150120 8.30 8.55 8.55 8.30 150896
20150121 8.58 8.88 8.94 8.58 192827
20150122 8.90 9.20 9.28 8.78 303484
20150123 9.27 9.01 9.27 8.96 202225
20150126 9.01 9.25 9.25 9.00 220177
20150127 9.31 9.40 9.50 9.13 317366
20150128 9.40 9.30 9.43 9.23 167759
20150129 9.18 9.08 9.21 9.02 146167
20150130 9.03 9.08 9.19 9.01 114496
20150202 9.04 9.16 9.28 8.90 151617
20150203 9.14 10.08 10.08 9.13 774123
20150204 10.29 9.85 10.29 9.76 574419
20150205 9.98 10.25 10.53 9.80 605998
20150206 10.23 10.10 10.75 10.00 495216
20150209 9.95 10.82 11.05 9.90 689508
20150210 10.80 10.81 10.94 10.45 396337
20150211 10.70 10.84 11.03 10.59 277707
20150212 10.85 10.80 11.10 10.70 278099
20150213 10.71 10.47 10.89 10.41 456614
20150216 10.46 10.50 10.55 10.31 270679
20150217 10.51 10.82 10.99 10.51 329352
20150225 10.84 10.51 10.86 10.41 193065
20150226 10.47 10.36 10.47 10.15 259067
20150227 10.36 10.54 10.72 10.30 234831
20150302 10.54 10.50 10.64 10.25 354332
20150303 10.60 10.56 11.10 10.53 552456
20150304 10.40 10.92 10.98 10.38 400156
20150305 10.92 10.91 11.07 10.70 353543
20150306 10.95 10.63 11.01 10.63 237684
20150309 10.60 10.67 10.72 10.26 243409
20150310 10.67 10.57 10.73 10.55 168466
20150311 10.56 11.02 11.08 10.49 455321
20150313 11.01 12.12 12.12 10.86 963930
20150316 12.13 12.49 12.78 12.13 647609
20150317 12.67 13.50 13.74 12.30 798665
20150318 13.20 14.12 14.43 13.17 670847
20150319 14.15 15.33 15.53 14.15 1323808
20150320 15.00 15.35 15.39 14.80 548364
20150323 15.37 15.22 15.74 15.00 538497
20150324 15.05 15.21 15.42 14.29 716955
20150325 15.10 14.93 15.39 14.90 403969
20150326 14.99 15.40 15.50 14.70 469388
20150327 15.77 15.52 15.85 15.18 584447
20150330 15.80 15.52 16.38 15.50 696158
20150331 15.74 15.19 15.79 14.50 518476
20150401 15.18 16.30 16.36 15.00 593759
20150402 16.32 17.02 17.84 16.30 780453
20150403 17.12 18.17 18.30 16.69 961736
20150407 19.00 17.92 19.11 17.78 718238
20150408 17.95 17.18 18.01 16.58 561032
20150409 17.20 16.44 17.48 16.00 493250
20150410 16.40 17.00 17.28 16.01 450382
20150413 16.55 18.70 18.70 16.55 1067317
20150414 18.70 18.83 19.08 18.26 650259
20150415 18.61 19.58 20.18 18.61 628754
20150416 19.18 19.47 20.14 18.60 447091
20150417 19.54 19.68 20.17 18.80 503434
20150420 19.37 18.40 19.85 18.38 521071
20150421 18.42 19.15 19.25 18.10 318730
20150422 19.19 19.20 19.63 19.00 297959
20150423 19.20 19.02 19.41 18.76 365668
20150424 18.80 19.93 20.10 18.50 584954
20150427 20.80 21.92 21.92 20.80 257701
20150428 24.11 22.37 24.11 21.97 913629
20150429 22.10 23.24 23.98 21.86 557889
20150430 23.50 24.85 25.30 23.50 571047
20150504 25.60 23.97 25.79 23.80 552942
20150505 23.90 22.16 23.90 21.66 582165
20150506 22.10 22.75 23.57 21.92 513028
20150507 23.45 22.79 24.00 22.55 382194
20150508 23.08 23.74 23.81 22.60 396023
20150511 24.00 24.39 24.98 23.68 568754
20150512 24.40 25.50 25.83 23.81 546211
20150513 25.10 25.41 25.93 24.85 370862
20150514 25.38 25.40 25.60 24.80 346743
20150515 25.75 27.45 27.90 25.30 517754
20150518 27.20 29.39 29.80 27.00 431078
20150519 29.45 29.30 29.87 28.19 413041
20150520 29.30 28.65 29.45 28.41 561361
20150521 28.70 28.80 29.30 28.17 376614
20150522 28.89 28.29 29.19 27.80 333965
20150525 28.42 29.04 29.22 27.95 491734
20150526 29.91 29.02 30.15 28.50 688088
20150527 29.03 28.35 29.29 27.51 572408
20150528 28.10 25.52 28.15 25.52 572473
20150529 25.00 25.97 26.65 22.94 624406
20150601 26.00 26.60 27.20 26.00 495356
20150602 26.60 26.11 26.68 25.48 470536
20150603 26.09 25.21 26.10 24.69 399766
20150604 25.21 27.20 27.68 25.00 662554
20150605 27.65 27.09 27.96 26.60 555960
20150608 27.25 26.10 27.35 25.90 330874
20150609 26.10 26.15 26.60 25.70 254530
20150610 26.15 26.15 26.35 25.50 298709
20150611 26.19 25.90 26.39 25.59 276448
20150612 26.19 25.63 26.30 25.47 320182
20150615 25.80 27.80 28.00 25.80 765822
20150616 27.79 28.27 29.08 26.51 738568
20150617 27.95 27.90 28.75 26.55 513638
20150618 28.00 27.38 29.00 27.20 519895
20150619 26.37 24.64 27.25 24.64 302588
20150623 23.90 22.95 24.68 22.18 424249
20150624 23.61 23.01 23.61 21.95 417450
20150625 23.01 21.30 23.08 20.71 398164
20150626 20.20 19.17 20.28 19.17 238797
20150629 19.25 17.25 19.25 17.25 297948
