20140102 16.40 16.92 17.00 16.23 37738
20140103 16.84 16.68 16.84 16.50 20279
20140106 16.62 16.06 16.65 15.90 24707
20140107 15.97 16.60 17.10 15.93 34776
20140108 16.60 16.52 16.91 16.34 22490
20140109 16.52 15.61 16.96 15.36 34493
20140110 15.70 15.55 15.91 15.36 19697
20140113 15.56 15.62 15.78 15.50 11379
20140114 15.64 15.99 15.99 15.62 18301
20140115 15.98 16.25 16.40 15.94 23762
20140116 16.50 16.34 16.79 16.26 25773
20140117 16.18 16.09 16.41 15.98 15630
20140120 15.99 15.68 16.18 15.59 12891
20140121 15.67 16.33 16.45 15.66 17745
20140122 16.30 16.57 16.63 16.22 23932
20140123 16.54 16.60 16.68 16.42 19797
20140124 16.50 16.74 16.99 16.44 24003
20140127 16.57 16.47 16.74 16.37 17615
20140128 16.43 16.54 16.75 16.20 12932
20140129 16.53 17.00 17.07 16.53 27942
20140130 16.81 16.45 16.85 16.38 20593
20140207 16.40 16.84 16.85 16.20 17012
20140210 16.93 17.25 17.44 16.93 40887
20140211 17.32 17.30 17.49 16.98 28111
20140212 17.44 17.66 17.86 17.30 27357
20140213 17.65 16.99 17.74 16.99 22365
20140214 16.98 17.22 17.24 16.87 22459
20140217 17.22 17.56 17.57 17.22 24628
20140218 17.57 17.96 18.34 17.51 44800
20140219 18.22 17.79 18.30 17.70 39119
20140220 17.81 17.44 18.05 17.26 24413
20140221 17.32 17.60 17.94 17.32 17962
20140224 17.50 17.91 17.96 17.30 21589
20140225 18.01 16.72 18.05 16.50 29473
20140226 16.68 16.79 16.96 16.43 17239
20140227 16.88 16.35 17.29 16.35 22986
20140228 16.38 16.74 16.85 16.27 13689
20140303 16.86 16.96 16.97 16.74 13397
20140304 16.92 16.78 16.92 16.51 12073
20140305 16.82 16.78 16.93 16.70 10239
20140306 16.78 16.69 16.82 16.40 9613
20140307 16.73 16.56 16.82 16.46 11120
20140310 16.40 15.73 16.40 15.69 15867
20140311 15.68 15.85 15.86 15.50 9422
20140312 15.85 15.64 15.89 15.40 8903
20140313 15.61 15.86 15.89 15.60 5734
20140314 15.80 15.66 15.86 15.47 7912
20140317 15.62 16.28 16.29 15.62 11927
20140318 16.33 16.29 16.48 16.18 8687
20140319 16.26 16.51 16.56 16.10 12455
20140320 16.50 15.91 16.50 15.90 8672
20140321 15.91 16.35 16.40 15.81 8106
20140324 16.40 16.46 16.62 16.36 7447
20140325 16.47 16.31 16.55 16.15 10277
20140326 17.00 16.92 17.30 16.76 24981
20140327 16.67 17.38 17.64 16.67 34243
20140328 17.30 16.99 17.50 16.81 19005
20140331 17.04 17.17 17.46 16.74 16138
20140401 17.28 17.44 17.47 17.04 14936
20140402 17.44 17.25 17.61 17.15 13007
20140403 17.30 17.05 17.30 16.92 12882
20140404 17.02 17.23 17.26 16.93 7935
20140408 17.10 17.68 17.74 17.10 20194
20140409 17.68 17.62 17.69 17.45 17607
20140410 17.68 17.46 17.88 17.42 18451
20140411 17.32 17.40 17.67 17.21 10648
20140414 17.46 17.94 18.01 17.42 26748
20140415 17.88 17.64 17.88 17.60 11600
20140416 17.40 18.54 18.60 17.35 50006
20140417 18.41 18.74 19.27 18.30 67032
20140418 18.41 18.47 18.65 18.30 31741
20140421 18.29 18.16 18.82 18.08 23371
20140422 18.00 17.74 18.25 17.30 30503
20140423 17.69 17.30 17.84 17.15 21150
20140424 17.17 17.22 17.39 16.90 15595
20140425 17.18 17.18 17.35 17.09 13249
20140428 17.18 16.48 17.18 16.39 19085
20140429 10.71 10.84 10.91 10.62 20367
20140430 10.86 10.86 11.06 10.76 13766
20140505 10.85 11.02 11.02 10.66 25962
20140506 11.00 11.34 11.53 10.93 38079
20140507 11.25 11.10 11.36 11.05 19686
20140508 11.00 11.03 11.31 10.95 18093
20140509 11.05 10.81 11.11 10.73 14834
20140512 10.92 11.27 11.28 10.76 19163
20140513 11.27 11.29 11.44 11.15 21169
20140514 11.30 11.25 11.52 11.20 20185
20140515 11.21 10.99 11.45 10.90 16434
20140516 10.91 11.44 11.48 10.85 23196
20140519 11.39 11.73 11.80 11.31 41637
20140520 11.70 11.67 11.79 11.45 23601
20140521 11.65 11.75 11.76 11.46 20280
20140522 11.79 11.53 11.83 11.49 23873
20140523 11.55 11.83 11.97 11.50 35442
20140526 11.86 11.87 11.87 11.63 26829
20140527 11.82 11.77 11.94 11.72 24193
20140528 11.71 12.08 12.10 11.56 42963
20140529 11.99 11.86 12.04 11.80 22107
20140530 11.75 11.66 11.90 11.51 28276
20140603 11.66 11.64 11.77 11.53 17593
20140604 11.64 11.35 11.65 11.20 24537
20140605 11.36 11.57 11.60 11.33 15046
20140606 11.57 11.53 11.76 11.42 19096
20140609 11.57 11.58 11.78 11.49 20558
20140610 11.55 11.96 12.07 11.40 47584
20140611 11.87 12.04 12.09 11.87 29574
20140612 11.98 11.85 12.10 11.85 37168
20140613 11.80 12.09 12.22 11.77 65039
20140616 12.06 11.95 12.06 11.79 68112
20140617 11.80 11.61 11.86 11.56 41060
20140618 11.63 11.37 11.66 11.37 25055
20140619 11.40 10.90 11.67 10.90 32212
20140620 11.00 11.04 11.07 10.78 18936
20140623 11.04 11.14 11.20 11.04 14893
20140624 11.10 11.16 11.23 11.07 11811
20140625 11.16 11.09 11.24 11.00 15627
20140626 11.07 11.28 11.37 11.07 20059
20140627 11.28 11.48 11.57 11.21 20205
20140630 11.50 11.53 11.62 11.43 12789
20140701 11.58 11.63 11.64 11.50 12592
20140702 11.63 11.69 11.76 11.45 21290
20140703 11.68 12.70 12.80 11.64 136868
20140704 12.65 12.53 13.09 12.35 111890
20140707 12.59 12.44 12.76 12.25 44539
20140708 12.38 12.65 12.94 12.38 55910
20140709 12.51 12.30 12.66 12.25 35731
20140710 12.30 12.40 12.73 12.27 30069
20140711 12.32 12.65 12.70 12.32 24899
20140714 12.64 12.75 12.83 12.46 34361
20140715 12.79 12.68 12.80 12.36 29487
20140716 12.63 12.70 12.80 12.35 41285
20140717 12.62 12.68 12.73 12.40 27797
20140718 12.45 12.89 13.30 12.45 75899
20140721 13.00 13.48 13.95 12.82 173280
20140722 13.32 13.88 13.95 13.09 231984
20140723 13.65 13.62 13.76 13.42 100513
20140724 13.59 13.32 13.59 13.05 41922
20140725 13.37 13.70 13.88 13.15 131832
20140728 13.70 13.70 14.00 13.51 59389
20140729 13.75 13.75 13.93 13.47 68566
20140730 13.69 13.72 13.80 13.57 27408
20140731 13.68 14.57 14.78 13.61 148822
20140801 14.29 14.59 14.85 14.08 168353
20140804 14.49 15.20 15.27 14.36 266105
20140805 15.30 15.13 15.30 14.77 265115
20140806 14.50 14.27 14.93 14.19 219494
20140807 14.30 13.95 14.30 13.80 100234
20140808 13.90 13.98 14.14 13.83 55095
20140811 13.92 14.01 14.12 13.89 82301
20140812 14.00 13.80 14.00 13.75 69209
20140813 13.80 13.79 13.95 13.66 37111
20140814 13.79 13.83 13.93 13.78 39737
20140815 13.84 13.67 13.88 13.57 56782
20140818 13.67 13.75 13.76 13.60 60228
20140819 13.75 14.14 14.15 13.72 78055
20140820 14.13 13.87 14.13 13.84 56532
20140821 13.87 13.78 13.94 13.60 40260
20140822 13.79 13.89 13.89 13.72 30226
20140825 13.91 13.67 13.95 13.66 23426
20140826 13.65 13.15 13.65 13.06 54264
20140827 13.18 13.17 13.21 13.10 19455
20140828 13.18 13.09 13.21 12.94 25137
20140829 13.04 13.25 13.30 13.04 17015
20140901 13.24 13.57 13.71 13.19 41483
20140902 13.63 13.71 13.74 13.56 30707
20140903 13.74 13.71 13.83 13.62 33684
20140904 13.67 13.88 13.92 13.67 42479
20140905 13.89 13.87 13.94 13.78 33629
20140909 13.87 13.91 14.06 13.87 35261
20140910 13.88 14.10 14.10 13.77 49493
20140911 14.10 13.91 14.23 13.85 56820
20140912 13.91 13.94 13.95 13.80 42596
20140915 13.92 13.94 13.95 13.76 63314
20140916 13.87 13.35 13.94 13.33 57864
20140917 13.43 13.54 13.58 13.33 23476
20140918 13.50 13.72 13.76 13.44 30765
20140919 13.81 14.65 14.98 13.81 183624
20140922 14.49 14.45 14.62 14.16 86195
20140923 14.41 14.37 14.52 14.10 49824
20140924 14.36 14.40 14.55 14.21 59220
20140925 14.43 14.45 14.75 14.27 59417
20140926 14.58 14.45 14.59 14.24 50700
20140929 14.50 14.60 14.65 14.38 63255
20140930 14.60 15.10 15.24 14.57 98347
20141008 15.09 15.00 15.19 14.76 54089
20141009 14.95 14.85 15.02 14.60 58916
20141010 14.83 14.54 14.84 14.53 42733
20141013 14.51 14.63 14.65 14.25 31654
20141014 14.60 14.73 14.82 14.50 40051
20141015 14.63 14.65 14.71 14.41 27253
20141016 14.58 14.41 14.69 14.41 27417
20141017 14.33 14.20 14.45 13.83 33874
20141020 14.20 14.34 14.36 14.15 17381
20141021 14.34 14.18 14.37 14.14 16588
20141022 14.18 13.96 14.29 13.93 23889
20141023 13.91 13.45 14.00 13.32 29849
20141024 13.44 13.46 13.58 13.30 22124
20141029 14.40 14.81 14.81 14.25 66011
20141030 15.45 14.60 15.54 14.54 208738
20141031 14.44 14.26 14.56 14.13 82759
20141103 14.33 14.36 14.39 14.19 46896
20141104 14.32 13.88 14.35 13.77 72008
20141105 13.90 13.96 14.00 13.75 25679
20141106 14.02 14.23 14.25 13.93 34006
20141107 14.23 13.90 14.34 13.84 41808
20141110 13.89 13.92 14.00 13.83 21861
20141111 13.92 13.22 13.97 13.16 59271
20141112 13.23 13.38 13.38 13.18 29782
20141113 13.38 12.95 13.41 12.92 39771
20141114 12.95 13.04 13.14 12.85 25133
20141117 13.07 13.28 13.33 13.05 22979
20141118 13.25 13.28 13.36 13.12 15045
20141119 13.29 13.39 13.46 13.25 20169
20141120 13.35 13.28 13.39 13.25 13840
20141121 13.24 13.48 13.60 13.22 28704
20141124 13.60 13.55 13.67 13.53 30613
20141125 13.55 13.77 13.80 13.51 30580
20141126 13.77 13.80 13.83 13.60 28835
20141127 13.85 14.20 14.24 13.76 68321
20141128 14.32 14.05 14.51 13.86 75611
20141201 14.01 13.83 14.08 13.68 35426
20141202 13.77 13.94 14.12 13.77 30227
20141203 13.89 14.10 14.17 13.81 43222
20141204 14.22 14.16 14.23 14.05 56561
20141205 14.11 13.56 14.14 13.43 57182
20141208 13.54 13.35 13.54 13.26 48041
20141209 13.28 12.90 13.28 12.90 46686
20141210 13.00 13.33 13.41 12.84 31342
20141211 13.30 13.33 13.41 13.18 29565
20141212 13.34 13.51 13.52 13.30 27353
20141215 13.50 13.70 13.73 13.35 28113
20141216 13.66 13.63 13.81 13.54 21276
20141217 13.60 13.34 13.60 13.28 22931
20141218 13.36 13.25 13.51 13.19 18877
20141219 13.28 13.18 13.28 12.92 24401
20141222 13.07 12.54 13.13 12.40 29727
20141223 12.58 12.50 12.72 12.48 12731
20141224 12.54 12.89 12.93 12.54 18386
20141225 12.95 13.12 13.20 12.83 15214
20141226 13.14 13.10 13.25 12.94 19289
20141229 13.23 13.46 13.48 12.89 42129
20141230 13.39 13.43 13.66 13.13 47167
20141231 13.37 12.96 13.67 12.95 67104
20150105 13.05 12.93 13.05 12.73 42628
20150106 12.80 13.17 13.19 12.78 35077
20150107 13.08 13.11 13.24 12.98 19682
20150108 13.05 13.02 13.13 12.98 14235
20150109 13.03 13.00 13.14 12.97 22457
20150112 12.94 12.62 12.98 12.50 16824
20150113 12.64 12.82 12.86 12.57 17440
20150114 12.80 12.75 12.89 12.70 10136
20150115 12.81 12.81 12.95 12.76 13459
20150116 12.86 13.05 13.14 12.81 21520
20150119 12.90 12.86 13.25 12.61 29114
20150120 12.90 13.35 13.38 12.90 32894
20150121 13.37 13.51 13.57 13.35 40722
20150122 13.51 13.60 13.65 13.43 39593
20150123 13.61 13.44 13.68 13.40 30719
20150126 13.51 13.65 13.66 13.50 22487
20150127 13.62 13.58 13.74 13.38 23641
20150128 13.57 13.77 13.83 13.44 34066
20150129 13.64 13.54 13.71 13.50 17980
20150130 13.49 13.53 13.73 13.47 19298
20150202 13.49 13.53 13.63 13.41 17565
20150203 13.59 13.88 14.06 13.53 44612
20150204 13.89 13.73 13.98 13.70 27055
20150205 13.81 13.83 14.03 13.70 38758
20150206 13.90 13.61 13.92 13.50 32330
20150209 13.64 13.59 13.83 13.53 21714
20150210 13.62 13.62 13.64 13.41 20638
20150211 13.59 13.80 13.84 13.53 22811
20150212 13.78 13.94 14.02 13.78 29154
20150213 14.03 14.12 14.18 13.95 35469
20150216 14.16 14.30 14.34 14.07 39371
20150217 14.35 14.15 14.35 14.00 40482
20150225 14.13 14.30 14.45 14.05 40387
20150226 14.31 14.22 14.42 14.11 29440
20150227 14.22 14.52 14.60 14.18 49583
20150302 14.56 14.77 14.80 14.50 55287
20150303 14.64 14.54 14.88 14.53 50032
20150304 14.59 14.81 14.84 14.53 39629
20150305 14.83 14.80 14.86 14.65 31838
20150306 14.84 14.49 14.93 14.46 38045
20150309 14.45 14.52 14.60 14.34 26110
20150310 14.68 14.97 15.15 14.61 64827
20150311 14.97 14.95 15.30 14.91 66799
20150312 15.08 14.86 15.09 14.60 40935
20150313 14.87 14.98 15.06 14.85 37184
20150316 15.14 15.47 15.66 15.11 64543
20150317 15.59 15.71 15.83 15.40 72714
20150318 15.70 16.23 16.36 15.60 62788
20150319 16.20 16.20 16.27 15.87 49310
20150320 16.18 16.57 16.60 16.16 57297
20150323 16.79 16.78 16.98 16.53 71052
20150324 16.75 17.58 17.60 15.91 158370
20150325 17.58 17.41 17.58 17.12 90575
20150326 17.30 16.74 17.53 16.61 86782
20150327 16.78 17.08 17.29 16.74 54516
20150330 17.11 17.40 17.65 16.95 72482
20150331 17.29 17.22 17.50 17.13 55134
20150401 17.17 18.11 18.78 17.17 100819
20150402 17.80 18.47 18.52 17.70 128544
20150403 18.30 19.14 19.45 18.21 109196
20150407 19.40 20.28 20.50 19.20 127378
20150408 20.28 19.58 20.50 18.50 88459
20150409 19.58 19.63 19.96 18.21 89801
20150410 19.88 21.59 21.59 19.70 101631
20150413 22.16 22.31 23.20 22.00 153331
20150414 22.44 24.54 24.54 21.77 142765
20150415 24.80 22.15 24.80 22.09 104073
20150416 22.16 22.10 23.20 21.10 82788
20150417 22.10 21.72 23.36 21.65 87771
20150420 21.50 20.66 22.17 20.31 119643
20150421 20.66 22.26 22.61 20.56 98232
20150422 22.12 22.95 23.69 22.12 92384
20150423 22.98 22.40 23.29 22.12 70892
20150424 22.00 22.46 22.84 21.91 50890
20150427 22.46 21.86 22.66 21.67 79003
20150428 21.84 20.59 21.85 20.02 62028
20150429 20.27 20.95 21.47 20.27 32688
20150430 21.19 22.14 22.98 20.95 75281
20150504 21.61 21.58 22.16 21.30 51803
20150505 21.60 20.49 21.70 20.40 45068
20150506 20.27 19.50 20.57 19.34 43237
20150507 19.33 18.99 19.53 18.60 41245
20150508 19.39 20.89 20.89 19.25 95994
20150511 20.99 21.82 22.34 20.61 93518
20150512 21.76 22.22 22.30 21.46 75681
20150513 22.00 21.67 22.00 21.52 60573
20150514 21.56 22.33 22.64 21.50 83420
20150515 22.24 23.10 23.95 22.01 100324
20150518 22.90 23.00 23.48 22.71 69783
20150519 23.24 23.22 23.78 22.71 65339
20150520 23.20 23.24 24.38 23.00 88170
20150521 23.37 24.96 25.28 23.10 104077
20150522 25.00 24.43 25.30 23.70 107490
20150525 23.80 24.75 25.28 23.60 87741
20150526 24.75 27.23 27.23 24.75 133857
20150527 27.19 27.55 27.68 26.13 207333
20150528 28.00 29.22 30.31 28.00 273511
20150529 29.25 32.14 32.14 26.65 270960
20150601 34.02 35.35 35.35 34.01 87282
20150602 38.00 36.99 38.88 35.21 190491
20150603 37.00 36.40 37.15 34.00 137215
20150604 35.97 36.60 37.50 32.81 101933
20150605 37.00 34.98 37.40 34.36 102481
20150608 34.00 31.49 34.88 31.48 156312
20150609 31.28 31.93 32.20 30.40 84838
20150610 31.84 35.12 35.12 31.40 94587
20150611 35.75 35.50 37.00 34.51 128473
20150612 35.88 39.05 39.05 35.58 114612
20150615 39.66 35.90 40.74 35.15 148970
20150616 34.60 33.16 34.70 32.50 91835
20150716 29.84 29.84 29.84 29.84 4403
20150717 26.86 28.82 31.00 26.86 393219
20150720 26.97 26.01 28.48 25.98 270933
20150721 25.00 25.46 26.15 23.93 196513
20150722 25.01 26.75 26.99 24.80 172754
20150723 26.69 26.93 27.25 25.81 159972
20150724 26.94 25.87 27.15 25.56 156351
20150727 25.01 23.28 25.37 23.28 153726
20150728 20.95 20.95 21.99 20.95 145929
20150729 20.65 21.60 21.82 19.48 131344
20150730 21.30 20.21 21.97 20.10 121633
