20140102 4.01 4.07 4.11 3.99 33232
20140103 4.09 4.05 4.13 4.04 20074
20140106 4.05 3.91 4.05 3.90 22795
20140107 3.90 3.99 4.01 3.89 29563
20140108 3.96 4.03 4.05 3.96 26320
20140109 4.01 3.92 4.03 3.92 16296
20140110 3.93 3.76 3.98 3.75 22716
20140113 3.75 3.68 3.79 3.62 40620
20140114 3.67 3.75 3.75 3.65 26965
20140115 3.71 3.83 3.86 3.71 24112
20140116 3.83 3.99 3.99 3.81 38329
20140117 3.99 4.06 4.12 3.94 66344
20140120 4.05 4.02 4.13 3.99 28792
20140121 4.01 4.04 4.05 3.99 15513
20140122 4.04 4.09 4.12 4.04 27051
20140123 4.09 4.10 4.10 4.06 20803
20140124 4.10 4.12 4.14 4.07 30846
20140127 4.10 4.05 4.15 4.04 41440
20140128 4.05 4.07 4.08 3.99 22843
20140129 4.08 4.14 4.19 4.08 47507
20140130 4.13 4.15 4.20 4.11 26988
20140207 4.14 4.17 4.18 4.07 29208
20140210 4.15 4.43 4.48 4.15 176384
20140211 4.43 4.60 4.75 4.36 274296
20140212 4.62 4.60 4.65 4.48 112807
20140213 4.60 4.53 4.79 4.50 156249
20140214 4.58 4.71 4.75 4.56 158347
20140217 4.74 5.08 5.18 4.74 180485
20140303 4.75 4.98 5.21 4.70 259574
20140304 4.98 5.03 5.08 4.90 95587
20140305 5.00 4.78 5.02 4.70 156486
20140306 4.78 4.68 4.79 4.57 118379
20140307 4.63 4.65 4.72 4.59 46878
20140310 4.65 4.51 4.75 4.40 87503
20140311 4.50 4.52 4.58 4.44 47182
20140312 4.47 4.63 4.63 4.40 51151
20140313 4.63 4.77 4.82 4.59 84827
20140314 4.73 4.75 4.80 4.64 35492
20140317 4.74 4.73 4.81 4.68 43078
20140318 4.71 4.96 5.01 4.71 120633
20140319 4.96 4.94 4.97 4.86 55614
20140320 4.93 4.77 4.96 4.75 51210
20140321 4.75 4.84 4.88 4.66 38326
20140324 4.83 4.84 4.91 4.60 35835
20140325 4.87 4.78 4.88 4.75 28487
20140326 4.78 4.77 4.81 4.74 23769
20140327 4.79 4.89 5.01 4.78 77138
20140328 4.92 4.82 4.95 4.74 48432
20140331 4.80 4.53 4.89 4.46 60407
20140401 4.53 4.63 4.66 4.53 28477
20140402 4.63 4.58 4.66 4.54 30104
20140403 4.57 4.59 4.61 4.54 22931
20140404 4.58 4.69 4.70 4.55 19492
20140408 4.66 4.69 4.70 4.64 30650
20140409 4.69 4.68 4.73 4.66 30281
20140410 4.68 4.61 4.71 4.61 47140
20140411 4.59 4.54 4.60 4.49 43188
20140414 4.54 4.60 4.60 4.51 31970
20140415 4.59 4.57 4.59 4.53 25206
20140416 4.57 4.57 4.62 4.54 24629
20140417 4.58 4.51 4.61 4.47 35604
20140418 4.50 4.54 4.55 4.48 19026
20140421 4.51 4.52 4.58 4.50 33173
20140422 4.51 4.47 4.55 4.45 27859
20140423 4.45 4.48 4.52 4.45 14849
20140424 4.49 4.42 4.52 4.42 19935
20140425 4.42 4.25 4.44 4.22 44252
20140428 4.25 4.12 4.26 4.08 25058
20140429 4.10 4.16 4.18 4.07 20213
20140430 4.18 4.22 4.22 4.18 19105
20140505 4.21 4.41 4.59 4.20 53319
20140506 4.43 4.41 4.45 4.37 23150
20140507 4.39 4.30 4.42 4.30 22961
20140508 4.29 4.31 4.36 4.21 17452
20140509 4.30 4.27 4.34 4.25 11133
20140512 4.35 4.39 4.47 4.35 60406
20140513 4.38 4.45 4.46 4.38 36144
20140514 4.43 4.41 4.49 4.41 20614
20140515 4.43 4.41 4.43 4.37 14963
20140516 4.40 4.35 4.41 4.25 30977
20140519 4.31 4.28 4.31 4.24 15726
20140520 4.28 4.26 4.33 4.24 11862
20140521 4.27 4.27 4.30 4.20 11587
20140522 4.27 4.31 4.38 4.25 17647
20140523 4.32 4.32 4.33 4.28 13218
20140526 4.32 4.40 4.40 4.31 25371
20140527 4.40 4.35 4.40 4.31 19601
20140528 4.34 4.38 4.39 4.32 18614
20140529 4.38 4.31 4.39 4.29 20841
20140530 4.30 4.29 4.32 4.22 20459
20140603 4.29 4.25 4.32 4.24 21087
20140604 4.25 4.21 4.26 4.17 27592
20140605 4.21 4.25 4.25 4.14 15404
20140606 4.25 4.23 4.25 4.21 10660
20140609 4.23 4.53 4.65 4.22 320513
20140610 4.38 4.47 4.52 4.32 213552
20140611 4.43 4.42 4.47 4.37 96022
20140612 4.38 4.40 4.50 4.35 64315
20140613 4.40 4.40 4.45 4.37 59517
20140616 4.41 4.38 4.41 4.35 51600
20140617 4.38 4.30 4.39 4.28 42908
20140618 4.29 4.43 4.72 4.22 153987
20140619 4.29 4.27 4.38 4.24 67847
20140620 4.26 4.40 4.40 4.23 52300
20140623 4.37 4.45 4.50 4.36 51749
20140624 4.43 4.51 4.58 4.40 93295
20140625 4.51 4.48 4.52 4.42 49894
20140626 4.56 4.60 4.65 4.53 115750
20140627 4.56 4.66 4.69 4.54 96305
20140630 4.68 4.83 4.95 4.63 199705
20140701 4.83 4.89 4.93 4.71 153089
20140702 4.88 4.88 4.95 4.75 142368
20140703 4.91 4.93 4.96 4.76 165371
20140704 4.99 4.85 5.08 4.85 201017
20140707 4.80 4.81 4.84 4.76 84495
20140708 4.81 4.82 4.88 4.78 50422
20140709 4.80 4.67 4.82 4.66 78118
20140710 4.67 4.73 4.78 4.66 53610
20140711 4.73 4.86 4.87 4.71 72416
20140714 4.86 4.90 4.95 4.83 84634
20140715 4.90 4.89 4.93 4.85 67020
20140716 4.89 4.76 4.92 4.75 67034
20140717 4.76 4.77 4.80 4.73 39389
20140718 4.79 4.81 4.87 4.66 109241
20140721 4.84 4.78 4.86 4.76 42931
20140722 4.76 4.87 4.90 4.76 74028
20140723 4.87 4.79 4.89 4.78 52186
20140724 4.78 4.78 4.88 4.69 62125
20140725 4.80 4.80 4.80 4.75 32145
20140728 4.81 4.86 4.86 4.79 93112
20140729 4.86 4.90 4.96 4.82 104708
20140730 4.89 4.90 4.94 4.82 82763
20140731 4.88 4.96 5.00 4.87 110119
20140801 4.97 4.85 4.99 4.85 88717
20140804 4.83 4.89 4.91 4.83 51144
20140805 4.90 4.92 4.93 4.86 58816
20140806 4.90 4.95 4.96 4.86 62398
20140807 4.96 4.92 5.00 4.90 67477
20140808 4.94 5.03 5.07 4.91 131876
20140811 5.03 5.09 5.10 5.02 123045
20140812 5.08 5.28 5.29 5.05 180069
20140813 5.29 5.26 5.30 5.13 131648
20140814 5.23 5.17 5.32 5.15 110538
20140815 5.18 5.25 5.35 5.13 116306
20140818 5.26 5.37 5.38 5.23 111841
20140819 5.36 5.31 5.37 5.24 78034
20140820 5.28 5.21 5.33 5.20 85301
20140821 5.19 5.15 5.23 5.10 80763
20140822 5.15 5.20 5.20 5.10 82015
20140825 5.20 5.07 5.21 5.06 70196
20140826 5.07 4.94 5.12 4.90 80449
20140827 4.95 4.99 4.99 4.93 34494
20140828 4.95 5.02 5.04 4.94 51035
20140829 5.01 5.02 5.04 4.97 36418
20140901 5.04 5.09 5.11 5.00 36998
20140902 5.11 5.11 5.12 5.07 72406
20140903 5.12 5.24 5.28 5.08 121398
20140904 5.43 5.40 5.58 5.31 306070
20140905 5.40 5.33 5.40 5.29 118617
20140909 5.35 5.42 5.45 5.35 126754
20140910 5.37 5.35 5.38 5.28 127667
20140911 5.33 5.34 5.45 5.30 131688
20140912 5.31 5.36 5.38 5.31 77855
20140915 5.38 5.42 5.44 5.36 133771
20140916 5.43 5.22 5.45 5.19 124370
20140917 5.23 5.37 5.38 5.15 112134
20140918 5.39 5.40 5.40 5.30 104636
20140919 5.40 5.43 5.47 5.37 101925
20140922 5.44 5.46 5.57 5.41 193653
20140923 5.44 5.59 5.59 5.43 129126
20140924 5.61 5.69 5.77 5.61 159002
20140925 5.69 5.59 5.69 5.56 156981
20140926 5.58 5.57 5.59 5.51 85204
20140929 5.58 5.66 5.68 5.57 118709
20140930 5.68 5.77 5.98 5.68 307025
20141008 5.77 5.81 5.82 5.67 225536
20141009 5.80 6.02 6.11 5.79 304188
20141010 6.01 6.30 6.30 5.90 360048
20141013 6.42 6.59 6.93 6.42 490443
20141014 6.65 6.64 6.88 6.48 364258
20141015 6.59 6.55 6.60 6.40 204165
20141016 6.48 6.32 6.50 6.31 208807
20141017 6.40 6.34 6.42 6.06 160832
20141020 6.31 6.44 6.44 6.28 127445
20141021 6.63 6.65 7.00 6.52 380165
20141022 6.64 6.81 6.97 6.43 416669
20141023 6.60 6.32 6.80 6.19 336372
20141024 6.20 6.22 6.38 6.16 197323
20141027 6.23 6.25 6.35 6.06 167605
20141028 6.21 6.51 6.67 6.21 244184
20141029 6.56 6.55 6.65 6.46 230767
20141030 6.52 6.55 6.65 6.48 189962
20141031 6.59 6.55 6.62 6.48 170781
20141103 6.55 6.71 6.75 6.53 218312
20141104 6.70 6.55 6.71 6.49 164387
20141105 6.55 6.47 6.58 6.38 114438
20141106 6.44 6.48 6.55 6.32 116649
20141107 6.48 6.30 6.50 6.27 141277
20141110 6.33 6.55 6.57 6.27 160999
20141111 6.61 6.26 6.67 6.18 170696
20141112 6.23 6.43 6.45 6.13 109403
20141113 6.40 6.32 6.42 6.25 77581
20141114 6.29 6.27 6.34 6.23 48599
20141117 6.32 6.28 6.39 6.22 79925
20141118 6.27 6.39 6.42 6.26 88235
20141119 6.38 6.41 6.52 6.29 80479
20141120 6.38 6.45 6.53 6.36 95629
20141121 6.44 6.53 6.55 6.39 108471
20141124 6.61 6.53 6.62 6.49 100852
20141125 6.50 6.53 6.54 6.42 110608
20141126 6.50 6.39 6.51 6.31 162564
20141127 6.40 6.44 6.45 6.34 132931
20141128 6.42 6.36 6.42 6.32 108528
20141201 6.45 6.51 6.78 6.45 210062
20141202 6.49 6.57 6.63 6.46 175278
20141203 6.56 6.55 6.59 6.45 152017
20141204 6.50 6.61 6.62 6.49 193174
20141205 6.61 6.30 6.61 6.20 183384
20141208 6.30 6.31 6.42 6.23 114706
20141209 6.31 6.04 6.31 6.02 206331
20141210 6.06 6.14 6.18 6.01 117483
20141211 6.14 6.31 6.33 6.09 144897
20141212 6.35 6.30 6.35 6.24 83830
20141215 6.29 6.35 6.36 6.23 93772
20141216 6.35 6.33 6.40 6.30 102563
20141217 6.31 6.17 6.33 6.10 117456
20141218 6.17 6.15 6.23 6.11 104555
20141219 6.12 6.02 6.15 5.99 123310
20141222 5.98 5.70 6.00 5.68 124729
20141223 5.70 5.74 5.81 5.70 81064
20141224 5.80 5.85 5.88 5.73 81028
20141225 5.85 5.94 5.98 5.82 76919
20141226 5.92 5.97 6.00 5.85 80342
20141229 6.02 5.90 6.02 5.84 70998
20141230 5.88 5.78 5.93 5.72 53546
20141231 5.77 5.84 5.86 5.75 35793
20150105 5.88 6.00 6.15 5.79 104652
20150106 6.00 6.09 6.10 5.94 106318
20150107 6.18 6.04 6.18 6.00 80602
20150108 6.05 5.92 6.05 5.91 63645
20150109 5.90 5.89 5.97 5.85 47537
20150112 5.89 5.86 5.97 5.79 57522
20150113 5.82 5.88 5.90 5.82 32671
20150114 5.89 5.84 5.91 5.77 46383
20150115 5.85 5.91 5.94 5.83 47186
20150116 5.90 5.92 5.94 5.88 54992
20150119 5.80 5.68 5.86 5.58 85427
20150120 5.68 5.88 5.88 5.67 65178
20150121 5.85 6.04 6.08 5.83 108283
20150122 6.25 6.20 6.33 6.13 279673
20150123 6.14 6.08 6.17 6.06 118021
20150126 6.09 6.25 6.25 6.09 127106
20150127 6.25 6.40 6.46 6.09 284422
20150128 6.39 6.31 6.43 6.27 170358
20150129 6.21 6.19 6.25 6.17 88423
20150130 6.19 6.15 6.25 6.13 65466
20150202 6.10 6.15 6.26 6.04 75833
20150203 6.15 6.18 6.22 6.12 70365
20150204 6.20 6.17 6.24 6.13 68935
20150205 6.21 6.07 6.23 6.07 60168
20150206 6.05 6.04 6.14 6.02 86235
20150209 6.03 5.91 6.03 5.87 75038
20150210 5.94 5.94 5.98 5.89 43159
20150211 5.95 5.94 5.98 5.92 32991
20150212 5.94 5.96 5.97 5.88 59824
20150213 5.98 6.06 6.10 5.96 68499
20150216 6.07 6.12 6.13 6.00 78111
20150217 6.14 6.17 6.19 6.11 66465
20150225 6.21 6.17 6.23 6.15 85554
20150226 6.17 6.23 6.24 6.15 88754
20150227 6.24 6.26 6.34 6.22 126568
20150302 6.34 6.30 6.37 6.22 171195
20150303 6.29 6.28 6.37 6.26 172120
20150304 6.28 6.50 6.53 6.25 268919
20150305 6.55 6.44 6.62 6.42 186739
20150306 6.44 6.45 6.48 6.34 154973
20150309 6.43 6.58 6.64 6.38 213078
20150310 6.58 6.56 6.65 6.54 154192
20150311 6.56 6.51 6.58 6.47 116042
20150312 6.48 6.46 6.54 6.42 107795
20150313 6.48 6.56 6.60 6.47 105018
20150316 6.60 6.70 6.72 6.59 223985
20150317 6.78 7.37 7.37 6.78 876573
20150318 7.50 8.11 8.11 7.40 1128756
20150319 8.35 8.37 8.59 7.93 1010672
20150320 8.34 8.64 9.08 8.27 754008
20150323 8.99 9.50 9.50 8.76 481957
20150324 9.80 10.45 10.45 9.60 1013955
20150325 11.14 11.50 11.50 10.30 1349826
20150326 11.80 12.25 12.65 11.62 1165313
20150327 11.59 11.48 11.90 11.13 767751
20150330 11.58 11.49 11.86 11.15 668275
20150331 11.39 11.58 11.88 11.30 613926
20150401 11.69 12.05 12.27 11.50 682935
20150402 11.90 11.82 11.97 11.60 466678
20150403 11.64 12.25 12.25 11.55 627588
20150407 12.18 12.00 12.50 11.70 565136
20150408 12.08 11.71 12.44 11.60 633200
20150409 11.53 10.90 11.55 10.54 711910
20150410 10.86 11.02 11.12 10.71 430777
20150413 11.02 10.98 11.03 10.76 599734
20150414 10.95 11.10 11.33 10.82 624167
20150415 10.99 10.31 10.99 10.11 603279
20150416 10.25 10.79 10.84 10.20 443230
20150417 10.79 10.72 10.97 10.58 281776
20150420 10.67 10.48 10.70 10.34 286847
20150421 10.87 11.00 11.53 10.78 794446
20150422 10.80 11.15 11.18 10.76 458864
20150423 11.15 11.01 11.30 10.91 370873
20150424 10.90 11.53 11.61 10.84 610804
20150427 11.57 11.26 11.66 11.03 437315
20150428 11.19 10.83 11.28 10.68 302805
20150429 11.08 11.38 11.91 11.00 837047
20150430 11.05 11.39 11.89 10.92 783791
20150504 11.48 11.58 12.19 11.45 629059
20150505 11.50 10.82 11.51 10.78 379044
20150506 10.80 10.21 10.96 10.06 283260
20150507 10.10 10.02 10.40 9.90 171950
20150508 10.25 10.36 10.39 10.03 214777
20150511 10.45 10.74 10.78 10.27 232779
20150512 10.68 11.22 11.36 10.65 370646
20150513 11.16 11.24 11.79 11.00 426494
20150514 11.11 11.65 11.74 11.09 430275
20150515 11.61 11.33 11.86 11.10 377310
20150518 11.29 11.94 11.97 11.12 475492
20150519 12.10 12.39 13.00 11.98 694881
20150520 12.38 12.72 13.19 12.19 589869
20150521 12.76 12.64 13.20 12.23 484957
20150522 12.64 13.15 13.56 12.64 447273
20150525 13.05 13.62 14.00 12.84 586802
20150526 13.62 13.83 13.90 13.30 382558
20150527 13.90 14.50 15.21 13.50 715677
20150528 14.51 13.05 14.59 13.05 521014
20150529 12.80 13.23 13.51 11.95 454053
20150601 13.98 14.19 14.55 13.31 552151
20150602 14.21 14.51 14.88 13.80 553310
20150603 14.29 14.06 14.60 13.63 347399
20150604 14.08 13.79 14.20 12.70 387667
20150605 13.80 13.87 14.27 13.56 366685
20150608 13.87 13.45 14.04 13.35 283875
20150609 13.46 13.90 14.00 13.45 280489
20150610 13.91 15.12 15.29 13.51 953839
20150611 14.61 15.98 16.22 14.48 819208
20150612 16.00 16.72 17.30 16.00 576155
20150615 16.77 17.36 18.08 16.77 493812
20150616 17.18 17.20 18.00 16.10 417083
20150617 17.30 16.73 17.70 15.78 370131
20150618 16.46 16.92 17.61 16.05 417763
20150619 16.65 15.23 16.65 15.23 274449
20150623 14.90 14.15 15.53 13.71 309707
20150624 14.28 14.52 14.90 13.99 263937
20150625 15.21 15.97 15.97 15.21 629056
20150626 15.20 14.37 15.45 14.37 286987
20150629 14.67 12.93 14.70 12.93 390166
20150630 12.00 13.01 13.35 11.64 410078
20150701 12.65 11.71 13.38 11.71 311480
20150702 11.02 10.54 11.70 10.54 265207
20150703 9.49 9.49 10.51 9.49 262305
20150706 10.44 8.54 10.44 8.54 334671
20150707 7.69 7.69 7.80 7.69 42439
20150715 8.46 8.46 8.46 8.46 62876
20150716 7.65 8.46 8.81 7.61 518385
20150717 8.46 9.15 9.31 8.35 436620
20150720 9.19 9.37 9.90 9.02 488327
20150721 9.20 10.11 10.24 9.03 492436
20150722 10.09 10.16 10.60 9.59 515141
20150723 10.10 10.95 11.13 10.00 446300
20150724 11.00 10.43 11.27 10.12 473956
20150727 10.05 9.39 10.48 9.39 306759
20150728 8.46 8.54 9.36 8.45 334094
20150729 8.90 9.25 9.29 8.16 290900
20150730 9.20 9.10 9.75 8.88 294073
