20140102 21.80 21.48 21.95 21.45 61134
20140103 22.10 22.16 22.40 21.77 96550
20140106 22.45 22.21 22.68 22.05 91274
20140107 21.97 21.79 22.38 21.60 40331
20140108 21.69 21.61 21.97 21.30 52178
20140109 21.60 21.36 21.99 21.33 52045
20140110 21.20 20.95 21.45 20.02 73737
20140113 20.60 20.80 21.39 20.50 39595
20140114 20.70 20.46 20.75 20.05 35630
20140115 20.39 20.09 20.49 19.66 58932
20140116 20.10 20.93 20.96 19.87 103552
20140117 20.63 20.38 20.76 20.25 48740
20140120 20.34 20.15 20.39 19.71 49858
20140121 20.15 20.13 20.29 20.00 44552
20140122 20.01 20.48 20.62 19.98 67792
20140123 20.38 20.14 20.45 20.02 71249
20140124 20.15 20.32 20.54 20.06 74471
20140127 20.06 20.10 20.10 19.65 85141
20140128 20.00 20.15 20.24 19.83 53317
20140129 20.03 20.08 20.14 19.89 54744
20140130 20.06 19.83 20.12 19.78 55553
20140207 19.09 19.70 19.70 19.09 60097
20140210 19.71 20.61 20.94 19.70 113468
20140211 20.34 20.61 20.80 20.11 82853
20140212 20.50 20.54 20.70 20.31 44950
20140213 20.38 20.66 20.97 20.34 89487
20140214 20.64 21.70 21.88 20.64 159052
20140217 21.88 21.75 22.06 21.45 94906
20140218 21.75 21.55 21.76 21.25 74211
20140219 21.62 21.72 21.88 21.26 70324
20140220 21.73 22.17 22.52 21.40 110333
20140221 21.90 21.59 22.23 21.40 60866
20140224 21.28 20.60 21.29 20.53 59753
20140225 20.53 20.24 20.94 19.70 74626
20140226 20.43 20.66 20.73 20.00 63921
20140227 20.66 20.07 20.71 20.03 55631
20140228 19.88 20.11 20.30 19.70 40368
20140303 20.00 20.18 20.32 19.94 43722
20140304 20.20 20.45 20.65 19.80 80756
20140305 20.46 20.30 20.55 20.10 48360
20140306 20.19 20.09 20.27 19.90 40108
20140307 20.10 20.26 20.75 20.01 52026
20140310 19.83 19.15 19.88 18.89 68733
20140311 19.00 18.90 19.17 18.38 110493
20140312 18.69 18.93 18.93 18.48 40206
20140313 18.98 18.68 19.07 18.58 59592
20140314 18.50 17.91 18.51 17.80 137025
20140317 17.88 17.94 17.98 17.56 82826
20140318 17.94 17.93 18.20 17.63 61736
20140319 17.86 17.54 17.86 17.45 68055
20140320 17.47 17.20 17.74 17.15 59007
20140321 17.10 17.84 17.97 16.79 112625
20140324 17.79 17.77 18.01 17.61 78249
20140325 17.60 17.90 18.16 17.60 75196
20140326 17.91 18.40 18.80 17.41 131981
20140327 18.20 17.80 18.32 17.74 84259
20140328 17.81 17.56 17.95 17.36 52146
20140331 17.55 17.00 17.77 16.89 46589
20140401 16.96 17.48 17.54 16.78 71207
20140402 17.48 17.52 17.72 17.35 70708
20140403 17.62 17.81 18.06 17.55 96788
20140404 17.94 19.59 19.59 17.79 272778
20140408 19.30 20.25 20.65 19.27 247553
20140409 20.35 20.39 20.63 19.90 137274
20140410 20.26 20.06 20.39 19.80 111777
20140411 19.99 19.71 20.06 19.53 92605
20140414 19.30 20.90 21.24 19.10 204949
20140415 20.68 20.64 21.15 20.38 99644
20140416 20.38 20.07 20.63 19.85 66914
20140417 20.11 20.10 20.40 20.00 50239
20140418 19.90 20.16 20.30 19.67 47792
20140421 20.02 19.60 20.23 19.60 52994
20140422 19.39 18.85 19.57 18.35 92725
20140423 18.85 18.90 19.16 18.65 47361
20140424 18.77 18.56 19.03 18.50 42058
20140425 18.57 18.25 18.75 18.20 50952
20140428 18.58 17.62 18.70 17.42 62160
20140429 17.42 18.33 18.45 17.41 49100
20140430 18.33 18.26 18.40 18.01 29690
20140505 17.95 18.10 18.28 17.71 37587
20140506 18.10 18.25 18.54 18.00 63384
20140507 18.00 17.99 18.27 17.88 41030
20140508 18.00 18.50 18.88 17.99 61890
20140509 18.60 19.94 19.96 18.51 149187
20140512 20.37 21.26 21.78 19.95 230889
20140513 21.20 20.80 21.20 20.50 112118
20140514 20.80 20.67 20.98 20.56 64445
20140515 20.69 19.90 20.75 19.86 75188
20140516 19.99 20.21 20.45 19.60 73274
20140519 20.29 20.64 20.66 20.01 60186
20140520 21.00 20.15 21.10 20.10 48303
20140521 19.85 20.56 20.60 19.80 48269
20140522 20.58 20.00 20.77 20.00 53827
20140523 19.95 20.26 20.36 19.88 48096
20140526 20.56 20.27 20.56 20.06 73593
20140527 20.25 20.06 20.42 20.05 49700
20140528 20.01 19.93 20.28 19.80 47841
20140529 20.11 19.80 20.16 19.73 51445
20140530 19.75 20.68 21.19 19.56 109537
20140603 20.40 20.23 20.74 20.21 59283
20140604 20.15 20.14 20.26 19.80 58647
20140605 20.20 20.46 20.96 20.18 100682
20140606 20.36 20.69 20.75 20.15 87496
20140609 20.72 21.09 21.64 20.55 140264
20140610 20.90 21.13 21.19 20.70 94422
20140611 21.09 21.30 21.36 20.96 68656
20140612 21.10 20.90 21.29 20.70 91721
20140613 20.74 20.88 21.28 20.71 50604
20140616 20.81 20.63 20.96 20.51 65956
20140617 20.59 20.22 20.67 20.15 71308
20140618 20.26 20.41 20.62 20.05 56655
20140619 20.23 19.83 20.39 19.72 72001
20140620 19.85 20.06 20.29 19.72 44198
20140623 20.10 20.26 20.62 19.96 53149
20140624 20.20 21.40 21.80 20.20 236324
20140625 20.85 20.51 21.05 20.50 185012
20140626 20.48 20.57 20.66 20.20 134211
20140627 20.57 20.48 20.65 20.27 108055
20140630 20.40 20.98 20.98 20.29 194643
20140701 20.85 20.69 21.18 20.58 150487
20140702 20.65 20.52 20.68 20.32 102981
20140703 20.68 20.37 20.72 20.31 129622
20140704 20.33 20.04 20.43 20.01 105696
20140707 20.04 20.08 20.37 20.01 58675
20140708 20.29 20.37 20.40 20.04 62957
20140709 20.39 20.77 21.20 20.35 230097
20140710 20.62 20.90 21.39 20.59 234351
20140711 20.98 21.58 22.17 20.97 330285
20140714 21.60 21.75 22.12 21.33 259730
20140715 21.46 21.21 21.85 21.12 217146
20140716 21.23 21.47 21.53 21.00 162266
20140717 21.47 21.03 21.59 20.75 155879
20140718 20.92 20.60 21.03 20.51 101221
20140721 20.66 20.54 20.83 20.50 50271
20140722 20.56 22.20 22.50 20.56 351651
20140723 22.25 22.21 22.80 22.06 206265
20140724 22.40 24.13 24.42 22.37 378751
20140725 24.40 25.00 25.96 24.18 470805
20140728 24.80 25.29 26.09 24.61 395098
20140729 25.03 25.09 25.70 24.78 211816
20140730 25.00 25.29 25.80 24.86 214699
20140731 25.00 25.95 26.40 25.00 306982
20140801 26.00 25.54 26.06 25.38 208668
20140804 25.70 26.19 26.38 24.65 364608
20140805 26.18 25.89 27.18 25.66 348996
20140806 25.75 26.15 26.38 25.52 198485
20140807 26.41 25.70 26.45 25.65 172385
20140808 25.43 25.71 25.75 25.01 153065
20140811 25.28 25.43 25.69 25.00 147716
20140812 25.22 24.76 25.29 24.57 230442
20140813 24.76 24.26 25.06 23.76 269656
20140814 24.12 24.00 24.63 23.90 189664
20140815 23.99 24.09 24.38 23.90 119246
20140818 24.18 24.30 24.50 23.85 189519
20140819 24.19 24.28 24.35 23.98 115574
20140820 24.25 24.69 24.94 24.06 199985
20140821 24.74 24.29 24.93 24.08 123699
20140822 24.09 24.13 24.39 23.95 94582
20140825 24.26 24.67 24.99 23.79 202084
20140826 24.60 24.48 25.03 24.01 155359
20140827 24.59 24.36 24.79 24.10 85269
20140828 24.40 24.00 24.49 23.77 112338
20140829 24.00 23.70 24.00 23.23 110215
20140901 23.65 23.99 24.30 23.40 99990
20140902 24.00 24.25 24.32 23.80 132655
20140903 24.34 24.35 24.79 24.28 152276
20140904 24.30 24.24 24.78 24.00 132902
20140905 24.26 24.42 24.65 24.24 130168
20140909 25.17 24.42 25.30 24.38 186576
20140910 24.50 24.66 24.88 24.45 116879
20140911 24.75 24.05 24.76 24.00 162316
20140912 24.05 24.01 24.15 23.56 139193
20140915 23.88 23.93 24.18 23.63 135055
20140916 23.80 23.40 23.95 22.50 223877
20140917 23.00 23.20 23.22 22.70 78766
20140918 23.50 23.03 23.50 22.99 81692
20140919 23.03 23.09 23.15 22.91 63149
20140922 23.06 22.25 23.06 22.15 116425
20140923 22.30 22.37 22.47 22.08 118784
20140924 22.20 23.43 23.43 22.08 194416
20140925 23.47 23.95 23.96 23.46 182908
20140926 23.80 23.79 24.07 23.65 90020
20140929 23.71 23.68 24.01 23.57 115839
20140930 23.85 23.84 24.15 23.76 91168
20141008 23.90 24.00 24.17 23.81 106167
20141009 23.93 24.48 24.58 23.85 169536
20141010 24.37 24.06 24.39 23.85 128993
20141013 24.40 24.56 24.79 24.31 150910
20141014 24.38 24.13 24.80 23.94 128736
20141015 24.14 23.94 24.30 23.87 79062
20141016 23.88 23.58 24.12 23.00 109316
20141017 23.45 23.80 24.28 22.96 113750
20141020 23.75 23.55 23.82 23.45 63255
20141021 23.45 22.85 23.54 22.85 111564
20141022 22.86 22.78 23.08 22.71 88295
20141023 22.70 23.12 23.19 22.10 80382
20141024 23.20 23.28 23.68 23.20 100625
20141027 23.00 22.58 23.07 22.50 80414
20141028 22.78 23.26 23.33 22.78 73081
20141029 23.22 23.69 23.93 23.22 118565
20141030 23.69 23.70 23.96 23.38 105983
20141031 23.57 24.61 25.13 23.40 258252
20141103 24.66 24.89 25.18 24.32 209149
20141104 24.62 24.80 24.86 24.34 131132
20141105 24.50 24.40 25.00 24.10 114417
20141106 24.00 24.30 24.46 23.93 82179
20141107 24.20 24.23 24.38 23.81 134537
20141110 24.36 24.40 24.49 24.00 102985
20141111 24.30 24.15 24.73 23.70 130945
20141112 23.90 24.44 24.52 23.88 146768
20141113 24.43 25.12 25.23 23.98 305864
20141114 24.79 24.40 24.97 24.05 124069
20141117 24.42 24.15 24.63 24.10 54941
20141118 24.18 24.13 24.35 23.99 78016
20141119 24.06 23.76 24.19 23.60 84197
20141120 23.66 23.46 23.69 23.02 75036
20141121 23.49 24.06 24.18 23.49 108618
20141124 24.30 24.51 24.94 24.02 168366
20141125 24.51 24.98 25.09 24.51 189217
20141126 24.95 24.85 25.09 24.42 152544
20141127 24.83 24.65 25.10 24.39 206569
20141128 24.53 24.30 24.58 23.71 172674
20141201 24.21 24.26 24.64 23.80 160369
20141202 24.28 24.54 24.69 23.98 174685
20141203 24.55 26.65 26.95 24.19 516081
20141204 27.49 27.80 28.84 27.21 504681
20141205 27.90 27.00 28.58 25.60 447721
20141208 27.19 27.25 28.03 26.41 354762
20141209 26.68 25.90 28.00 25.75 359882
20141210 25.89 26.33 26.85 25.45 224434
20141211 25.90 25.98 26.98 25.50 261523
20141212 26.78 26.32 27.46 26.29 224047
20141215 26.05 25.87 26.05 25.43 154682
20141216 25.80 26.16 26.30 25.60 170390
20141217 26.15 25.13 26.16 24.70 244450
20141218 25.19 27.64 27.64 25.15 854537
20141219 28.20 28.88 29.82 27.64 747919
20141222 29.83 29.44 31.77 28.77 629426
20141223 29.64 30.54 32.27 28.97 522769
20141224 30.70 31.20 31.98 30.20 382200
20141225 31.06 30.88 31.35 29.46 346418
20141226 30.69 30.88 32.59 30.55 414301
20141229 30.89 31.20 32.31 30.25 418508
20141230 31.40 30.50 32.28 30.10 288856
20141231 30.48 29.99 30.77 28.92 265808
20150105 29.80 32.16 32.30 29.55 502926
20150106 32.17 31.10 32.31 30.79 315956
20150107 31.10 32.40 33.10 31.00 389574
20150108 32.50 31.90 32.89 31.45 230563
20150109 31.81 31.68 32.70 31.45 209794
20150112 31.68 30.45 32.20 30.00 188096
20150113 30.02 30.27 30.71 29.97 154670
20150114 30.25 28.75 30.46 28.01 236548
20150115 28.70 29.00 29.02 27.60 198088
20150116 29.60 29.22 30.00 29.14 134029
20150119 28.00 27.05 29.22 26.95 177628
20150120 27.50 28.30 28.50 27.33 146705
20150121 28.45 31.13 31.13 28.32 347205
20150122 31.79 32.87 33.70 31.75 453408
20150123 33.35 33.38 33.83 32.32 311239
20150126 33.58 36.15 36.50 33.56 397023
20150127 36.14 35.43 36.65 34.36 311291
20150128 35.45 34.78 36.79 34.75 267425
20150129 35.48 35.40 36.70 34.70 301457
20150130 36.00 36.00 37.49 35.70 316406
20150202 35.18 36.94 37.50 34.82 308712
20150203 37.40 36.38 38.38 36.26 253466
20150204 36.51 36.63 37.15 35.53 211157
20150205 37.20 35.70 37.25 35.70 160754
20150206 35.80 34.50 36.06 33.00 231420
20150209 34.19 35.11 35.75 33.70 171380
20150210 34.79 35.18 35.47 34.79 94948
20150211 35.67 36.15 36.88 35.18 201907
20150212 36.15 35.79 36.83 35.25 194791
20150213 35.60 36.03 36.55 35.60 195265
20150216 35.80 35.60 36.08 35.40 141524
20150217 34.99 32.79 34.99 32.39 372086
20150225 32.75 31.83 32.75 31.18 308461
20150226 32.00 33.57 33.76 31.74 301825
20150227 33.58 33.77 34.44 33.40 278601
20150302 34.10 33.03 34.20 32.95 370793
20150303 32.00 33.28 33.28 31.47 335816
20150304 33.18 32.64 33.55 32.55 208565
20150305 32.20 32.21 32.40 31.51 261220
20150306 32.60 32.88 33.50 32.01 291946
20150309 32.82 33.65 33.66 32.02 274856
20150310 33.60 33.30 34.13 33.00 247710
20150311 33.09 32.88 33.23 32.45 200155
20150312 32.86 33.10 33.10 32.40 186791
20150313 33.15 33.04 33.48 32.66 229521
20150316 33.04 33.41 33.45 32.50 399304
20150317 33.55 33.94 34.95 33.14 583660
20150318 33.90 34.39 34.80 33.63 413713
20150319 34.40 34.97 34.98 34.07 465638
20150320 34.75 34.58 35.34 34.44 357510
20150323 34.58 34.67 35.25 34.29 471962
20150324 34.70 33.65 34.71 33.27 473605
20150325 33.45 32.58 33.45 32.17 513967
20150326 32.58 32.46 33.00 32.10 272359
20150327 32.46 32.60 33.10 32.46 212213
20150330 32.61 32.72 32.83 31.93 371284
20150331 32.72 33.09 33.53 32.58 431617
20150401 33.10 33.86 34.14 33.10 431157
20150402 33.92 34.22 34.29 33.48 475969
20150403 34.00 33.80 34.15 33.52 418386
20150407 33.78 34.55 34.61 33.55 570100
20150408 34.65 33.60 34.81 33.22 486595
20150409 33.61 32.64 33.99 32.11 332091
20150410 32.30 34.38 34.50 32.15 761307
20150413 34.38 33.90 34.68 33.73 724260
20150414 34.20 33.61 34.90 33.20 586726
20150415 33.61 32.60 33.80 32.60 356890
20150416 32.40 32.87 33.33 32.10 282386
20150417 33.20 34.50 34.80 32.92 736894
20150420 34.62 37.95 37.95 34.00 1536770
20150421 37.90 37.97 38.31 36.71 862609
20150422 38.31 38.70 40.50 37.69 977948
20150423 38.37 39.90 41.76 37.50 1208974
20150424 38.88 38.64 39.75 37.83 788934
20150427 38.64 37.74 38.89 37.51 585652
20150428 37.69 36.65 38.56 36.18 486368
20150429 37.80 37.70 38.50 36.81 584730
20150430 37.30 36.38 37.60 36.36 414069
20150504 36.35 36.10 36.35 35.01 300758
20150505 36.11 35.36 37.35 35.18 385417
20150506 35.38 34.15 36.10 33.00 377184
20150507 33.78 32.70 34.48 32.69 315414
20150508 33.00 33.46 33.50 32.52 323333
20150511 33.65 34.40 34.45 33.60 372147
20150512 34.84 34.29 34.84 33.88 362658
20150513 34.11 34.69 35.80 33.12 590780
20150514 34.38 38.16 38.16 34.02 938135
20150515 40.00 37.40 41.00 37.13 1302224
20150518 36.47 35.10 36.47 34.71 568162
20150519 35.10 35.53 35.99 34.80 403784
20150520 35.55 35.57 36.45 35.10 491479
20150521 35.30 35.60 35.79 35.20 386312
20150522 35.81 36.80 37.20 35.50 621989
20150525 36.50 37.46 37.99 35.98 591099
20150526 37.75 37.79 38.04 36.91 592926
20150527 37.70 38.83 39.33 37.42 726452
20150528 38.50 35.38 38.90 34.95 779755
20150529 35.56 35.37 35.99 33.33 468279
20150601 35.81 36.69 37.20 35.37 485918
20150602 36.73 37.44 37.70 36.36 649942
20150603 37.42 38.23 39.00 36.20 665176
20150604 38.81 37.94 38.81 35.12 680936
20150605 38.20 39.55 40.50 37.70 1205907
20150608 39.60 39.34 40.25 38.30 697264
20150609 39.35 39.74 40.54 38.71 887473
20150610 39.00 38.34 39.40 38.11 572645
20150611 38.35 38.50 39.50 38.06 499454
20150612 38.48 38.05 38.89 37.52 496615
20150615 38.28 36.70 38.46 36.65 426430
20150616 35.92 36.81 37.30 35.80 472460
20150617 36.58 37.26 37.57 35.79 333478
20150618 37.30 34.87 37.53 34.56 339807
20150619 34.01 31.38 34.80 31.38 408238
20150623 31.38 31.49 31.75 28.50 382429
20150624 31.58 31.91 32.31 31.07 363976
20150625 31.96 30.05 32.60 29.00 448540
20150626 29.00 27.05 30.06 27.05 521290
20150629 27.95 24.35 27.95 24.35 549130
20150630 24.33 25.58 25.92 21.92 584697
20150701 25.21 23.02 25.60 23.02 423790
20150702 22.78 20.72 23.49 20.72 500557
20150703 19.10 18.65 20.50 18.65 461973
20150706 20.40 16.79 20.40 16.79 636184
20150707 15.30 15.11 15.50 15.11 529164
20150708 13.60 13.60 13.85 13.60 431189
20150714 14.96 14.96 14.96 14.96 22119
20150715 16.46 16.46 16.46 15.90 759480
20150716 16.00 17.34 17.65 15.09 971343
20150717 17.35 18.87 19.01 17.01 807513
20150720 18.74 19.26 19.95 18.50 755661
20150721 18.60 19.70 20.45 18.33 674160
20150722 19.70 19.32 19.84 18.76 646726
20150723 19.40 20.33 20.58 19.03 814535
20150724 20.30 21.58 22.36 20.11 1124435
20150727 20.84 19.42 21.52 19.42 720214
20150728 17.89 17.66 19.19 17.48 731213
20150729 18.20 19.00 19.07 16.91 523461
20150730 18.70 18.09 19.48 17.80 497411
