20140102 6.45 6.57 6.72 6.42 156760
20140103 6.52 6.82 6.94 6.47 192681
20140106 6.58 6.33 6.68 6.30 191624
20140107 6.20 6.27 6.43 6.10 96795
20140108 6.23 6.34 6.42 6.15 109750
20140109 6.30 6.00 6.40 6.00 108694
20140110 5.98 5.87 6.02 5.81 94538
20140113 5.88 5.93 6.00 5.84 58306
20140114 5.97 6.17 6.24 5.90 90186
20140115 6.17 6.22 6.23 6.07 58475
20140116 6.22 6.36 6.53 6.22 108260
20140117 6.37 6.37 6.45 6.27 60913
20140120 6.33 6.28 6.42 6.25 60587
20140121 6.33 6.52 6.57 6.29 93862
20140122 6.55 6.66 6.73 6.48 112880
20140123 6.66 7.33 7.33 6.63 205994
20140124 7.60 8.06 8.06 7.45 356523
20140210 8.55 8.29 8.55 7.72 663555
20140211 8.21 8.43 8.98 8.15 517589
20140212 8.40 8.70 8.79 8.18 380615
20140213 8.75 8.48 9.29 8.45 356607
20140214 8.41 9.33 9.33 8.41 430168
20140217 9.29 9.45 9.65 9.11 368693
20140218 9.32 9.79 10.35 9.25 325155
20140219 9.78 9.85 10.20 9.50 267701
20140220 9.73 9.32 9.90 9.30 229351
20140221 9.40 9.43 9.62 9.23 173501
20140224 9.37 9.43 9.55 9.16 167407
20140225 9.38 8.81 9.75 8.60 264865
20140226 8.81 8.90 8.97 8.55 144117
20140227 8.93 8.47 9.06 8.44 184434
20140228 8.45 8.71 8.74 8.25 142301
20140303 8.57 8.70 8.71 8.43 124789
20140304 8.66 8.67 8.81 8.48 118746
20140305 8.67 9.10 9.50 8.60 195853
20140306 9.06 9.46 9.57 8.96 184816
20140307 9.60 9.29 9.66 9.00 169361
20140310 9.09 8.58 9.09 8.50 127030
20140311 8.46 8.62 8.83 8.46 78571
20140312 8.46 8.55 8.74 8.30 79479
20140313 8.51 9.19 9.26 8.51 138578
20140314 9.00 9.35 9.51 8.91 156171
20140317 9.36 9.73 9.97 9.23 174327
20140318 9.70 9.77 9.80 9.59 115845
20140319 9.75 9.72 10.19 9.63 144490
20140320 9.62 9.04 9.70 9.04 158580
20140321 9.00 9.19 9.31 8.70 112401
20140324 9.14 9.41 9.54 9.13 90904
20140325 9.35 9.27 9.65 9.16 85372
20140326 9.27 9.60 9.70 9.13 118757
20140327 9.50 9.23 9.77 9.21 122496
20140328 9.23 8.88 9.23 8.81 115370
20140331 8.88 8.94 9.12 8.85 56327
20140401 8.88 9.11 9.13 8.88 43216
20140402 9.17 8.97 9.35 8.95 64018
20140403 8.92 9.02 9.10 8.87 52039
20140404 9.00 9.10 9.10 8.96 50136
20140408 9.00 9.76 10.01 8.97 323258
20140409 9.65 9.92 9.94 9.59 197609
20140410 9.92 9.81 10.15 9.78 180256
20140411 9.62 9.45 9.70 9.32 213224
20140414 9.48 9.97 10.19 9.35 244225
20140415 9.88 9.78 10.09 9.70 156729
20140416 9.68 10.29 10.55 9.66 281624
20140417 10.23 10.08 10.60 10.03 228292
20140418 10.01 10.27 10.48 10.01 174051
20140421 10.10 10.62 10.82 10.06 264406
20140422 10.59 10.42 10.80 9.90 271653
20140423 10.35 10.28 10.46 10.13 114255
20140424 10.22 9.85 10.58 9.80 221310
20140425 9.60 9.01 9.60 8.87 267601
20140428 9.01 9.17 9.20 8.79 147985
20140429 9.20 9.24 9.36 8.93 133572
20140430 9.25 9.73 9.81 9.25 161452
20140505 9.87 9.79 10.15 9.71 182589
20140506 9.80 9.87 9.93 9.51 101985
20140507 9.88 10.08 10.11 9.78 139724
20140508 10.08 10.10 10.32 9.98 138629
20140509 10.25 10.30 10.33 9.92 134539
20140819 11.31 11.31 11.31 11.31 2940
20140820 12.44 12.44 12.44 12.44 2654
20140821 13.68 13.68 13.68 13.68 19964
20140822 15.05 15.05 15.05 14.40 598449
20140825 14.80 15.22 15.56 14.50 377716
20140826 15.00 14.75 15.29 14.63 209858
20140827 14.60 13.80 14.86 13.60 289866
20140828 13.78 13.66 14.09 13.55 177116
20140829 13.60 13.70 13.90 13.58 116090
20140901 13.69 14.04 14.05 13.16 159034
20140902 13.98 14.01 14.22 13.82 120280
20140903 14.00 14.45 14.68 13.87 197754
20140904 14.30 14.45 15.05 14.30 168562
20140905 14.42 14.29 14.70 14.10 116601
20140909 14.18 14.48 14.65 14.15 85230
20140910 14.50 15.75 15.93 14.28 266694
20140911 15.69 15.23 15.90 15.09 203073
20140912 15.06 15.29 15.57 14.96 120727
20140915 15.22 16.20 16.80 15.22 213686
20140916 16.44 16.14 16.98 16.12 193863
20140917 16.30 16.90 16.98 15.81 213987
20140918 16.95 16.34 17.40 16.28 183489
20140919 16.25 16.44 16.68 16.10 100229
20140922 16.70 17.29 17.66 16.66 229936
20140923 17.38 17.70 17.85 17.02 171452
20140924 17.49 17.56 17.81 17.33 126368
20140925 17.70 17.61 17.99 17.31 111781
20140926 17.61 18.20 18.58 17.51 151918
20140929 18.57 17.62 18.79 17.36 222856
20140930 17.70 17.83 17.85 17.46 133241
20141008 18.50 17.27 18.81 17.00 226847
20141009 17.22 16.92 17.60 16.73 175766
20141010 16.94 16.49 17.08 16.28 149303
20141013 16.39 16.45 16.59 15.94 119728
20141014 16.50 16.27 16.63 15.88 83661
20141015 16.19 15.96 16.25 15.57 126261
20141016 15.81 15.56 15.96 15.55 76325
20141017 15.41 14.98 15.55 14.58 138166
20141020 15.28 15.85 16.21 15.13 131109
20141021 15.94 15.61 15.96 15.59 58635
20141022 15.58 14.91 15.89 14.90 91808
20141023 14.85 14.20 14.86 14.20 92747
20141024 14.55 14.81 15.20 14.50 87884
20141027 14.81 15.28 15.33 14.35 83657
20141028 15.12 15.70 15.75 15.12 100530
20141029 15.76 15.93 16.25 15.53 120713
20141030 15.76 15.67 16.22 15.65 78628
20141031 15.80 15.45 15.81 15.31 59474
20141103 15.45 15.39 15.58 15.18 58038
20141104 15.39 15.35 15.39 15.01 61923
20141105 15.36 15.55 15.74 15.36 57195
20141106 15.69 15.55 15.80 15.29 46544
20141107 15.50 14.94 15.54 14.91 99313
20141110 14.90 14.52 15.00 14.38 97408
20141111 14.52 14.22 14.65 14.18 68488
20141112 14.18 14.32 14.43 14.01 61192
20141113 14.32 14.89 15.10 14.22 112084
20141114 14.82 15.03 15.12 14.72 59770
20141117 15.03 14.84 15.10 14.79 48269
20141118 14.84 14.70 14.85 14.45 51725
20141119 14.70 14.91 15.12 14.70 47363
20141120 14.50 14.75 14.81 14.30 49835
20141121 14.69 15.10 15.18 14.63 74736
20141124 15.27 15.04 15.30 15.00 73445
20141125 15.00 15.00 15.05 14.65 53506
20141126 15.00 14.90 15.03 14.81 47886
20141127 14.99 14.94 15.10 14.81 65609
20141128 14.99 14.72 14.99 14.62 69915
20141201 14.80 14.39 14.85 14.30 64860
20141202 14.37 14.44 14.63 14.37 55653
20141203 14.74 15.31 15.79 14.40 139059
20141204 15.37 15.18 15.43 14.99 89741
20141205 15.25 14.60 15.30 14.08 95810
20141208 14.56 14.62 15.15 14.29 97660
20141209 14.44 14.35 14.99 14.26 116498
20141210 14.32 14.59 14.85 14.31 81992
20141211 14.56 14.62 14.77 14.42 60956
20141212 14.65 14.70 14.76 14.54 48592
20141215 14.76 15.18 15.24 14.59 113692
20141216 15.15 14.97 15.15 14.91 60276
20141217 15.01 14.97 15.20 14.66 77570
20141218 14.96 14.67 14.96 14.66 57516
20141219 14.60 14.47 14.61 14.21 76737
20141222 14.49 13.14 14.49 13.02 129664
20141223 13.12 12.50 13.37 12.10 100159
20141224 12.40 12.66 12.80 12.28 73687
20141225 12.69 12.80 12.98 12.53 56505
20141226 12.71 12.85 12.94 12.58 52580
20141229 12.79 12.19 12.79 12.00 89487
20141230 12.20 11.24 12.20 11.10 100119
20141231 11.32 11.43 11.54 10.93 64943
20150105 11.45 11.74 11.85 11.36 68598
20150106 11.64 12.91 12.91 11.52 98507
20150107 12.97 13.36 13.78 12.80 155867
20150108 13.36 13.40 13.66 13.06 79493
20150109 13.35 13.32 13.82 13.25 72000
20150112 13.62 13.73 14.30 13.61 74734
20150113 13.75 13.73 14.16 13.56 54360
20150114 13.68 13.67 13.97 13.60 32784
20150115 13.81 14.03 14.15 13.66 64103
20150116 14.05 14.08 14.15 13.80 50572
20150119 13.70 13.62 14.18 13.41 68067
20150120 13.85 14.46 14.46 13.80 97049
20150121 14.49 14.70 14.86 14.33 85664
20150122 15.05 14.70 15.30 14.70 120414
20150123 14.65 14.25 14.65 14.21 79562
20150126 14.10 14.58 14.63 14.10 54412
20150127 14.58 14.62 14.83 14.31 49864
20150128 14.60 14.59 14.77 14.44 47520
20150129 14.45 14.36 14.59 14.30 34220
20150130 14.35 14.20 14.49 14.19 28549
20150202 14.18 14.22 14.41 14.00 35064
20150203 14.20 14.33 14.48 14.20 42706
20150204 14.37 14.35 14.50 14.33 26706
20150205 14.48 15.07 15.35 14.35 190483
20150206 14.90 14.76 15.31 14.71 88599
20150209 14.85 14.81 15.09 14.40 62008
20150210 14.85 14.98 15.09 14.61 42317
20150211 15.06 14.81 15.24 14.72 44734
20150212 14.85 15.10 15.16 14.83 59624
20150213 15.20 15.74 15.88 15.02 150360
20150216 15.75 16.37 16.39 15.38 129178
20150217 16.40 16.15 16.66 16.03 83964
20150225 16.08 15.54 16.17 15.50 72890
20150226 15.45 15.34 15.70 15.12 72165
20150227 15.34 15.59 15.72 15.31 57663
20150302 15.56 15.61 15.69 15.25 85656
20150303 15.59 16.03 16.28 15.34 127399
20150304 15.92 16.40 16.40 15.91 111547
20150305 16.35 17.30 17.50 16.35 162666
20150306 17.60 17.16 17.83 16.91 124805
20150309 17.16 17.33 17.50 16.61 89675
20150310 17.30 17.74 17.80 17.27 87922
20150311 17.73 18.10 18.25 17.53 87350
20150312 18.10 17.96 18.50 17.61 95214
20150313 17.80 18.00 18.33 17.67 60654
20150316 17.99 18.38 18.48 17.72 91570
20150317 18.40 18.29 18.78 18.00 122371
20150318 18.18 18.40 18.65 17.90 70608
20150319 18.44 19.94 20.24 18.44 161708
20150320 19.96 19.96 20.26 18.90 100623
20150323 19.96 20.88 21.13 19.70 154257
20150324 20.87 19.95 20.87 19.03 125899
20150325 19.70 19.83 20.30 19.60 85388
20150326 19.94 19.50 20.55 19.35 117363
20150327 19.51 19.37 19.84 18.86 78459
20150330 19.37 19.59 19.74 19.25 64769
20150331 19.58 19.16 19.58 19.08 94342
20150401 19.15 20.20 20.30 19.07 114747
20150402 20.20 20.33 20.66 20.13 76995
20150403 20.33 20.53 20.76 19.87 110548
20150407 20.46 20.46 20.58 20.04 123239
20150408 20.46 19.86 20.49 19.50 129592
20150409 19.78 18.66 19.80 17.87 162688
20150410 18.54 19.21 19.79 18.26 96989
20150413 19.51 19.64 19.78 19.20 134471
20150414 19.10 19.19 19.49 18.70 99650
20150415 19.10 18.30 19.18 18.00 103262
20150416 18.00 18.29 18.64 16.81 77458
20150417 18.35 18.64 19.00 18.35 89567
20150420 18.55 17.95 18.55 17.90 74342
20150421 17.98 18.98 19.05 17.98 85073
20150422 19.07 19.36 19.70 19.05 98523
20150423 19.37 19.31 19.65 19.13 100921
20150424 19.01 18.82 19.05 18.51 99357
20150427 18.85 19.37 19.68 18.75 139707
20150428 19.37 19.21 19.68 19.08 107472
20150429 19.35 20.68 20.76 19.23 213571
20150430 20.70 21.97 22.75 20.70 217596
20150504 22.20 21.96 22.50 21.00 145312
20150505 22.00 22.85 24.10 21.48 231628
20150506 23.10 23.99 25.01 22.20 196885
20150507 23.50 24.92 25.48 23.00 152457
20150508 24.93 26.00 26.50 24.33 157100
20150511 26.66 28.55 28.60 26.20 201639
20150512 28.52 30.60 30.69 27.56 209623
20150513 30.62 29.71 32.00 29.10 185605
20150514 29.65 27.70 29.65 27.62 175987
20150515 27.39 28.21 28.80 26.51 127858
20150518 27.90 29.22 29.50 27.40 148054
20150519 29.00 28.99 29.56 27.80 137049
20150520 28.98 29.18 30.35 28.52 126220
20150521 29.00 29.94 29.96 28.54 111011
20150522 29.88 28.96 30.55 28.60 116950
20150525 28.85 28.73 29.40 28.01 121143
20150526 28.73 31.60 31.60 27.86 259557
20150527 31.80 33.78 34.56 31.00 212395
20150528 33.28 31.05 34.88 30.88 167589
20150529 31.00 32.57 33.69 30.10 138542
20150601 32.15 35.00 35.17 32.10 126060
20150602 35.02 37.50 38.20 34.28 115123
20150603 37.13 35.60 39.90 35.50 123363
20150604 35.70 37.25 37.60 33.00 134734
20150605 37.40 36.96 38.50 36.01 97968
20150608 36.96 35.16 37.41 34.62 109946
20150609 35.16 33.98 35.20 33.00 141895
20150610 33.71 36.30 37.19 33.00 134035
20150611 35.94 39.41 39.50 35.94 152150
20150612 39.20 41.38 43.35 38.23 134715
20150615 42.00 41.97 43.30 40.28 100448
20150616 42.00 39.89 42.90 39.00 110349
20150617 38.77 41.22 42.00 36.30 85725
20150618 41.20 39.89 43.00 38.70 68036
20150619 38.48 37.00 40.50 36.71 65253
20150623 37.29 35.33 38.00 33.30 97220
20150624 36.30 35.30 36.79 34.01 86937
20150625 35.49 33.10 35.95 32.00 86463
20150626 32.40 29.79 32.50 29.79 81631
20150629 31.50 26.88 31.60 26.81 188262
20150630 27.00 29.11 29.56 24.19 171023
20150701 29.90 29.80 32.02 27.00 238683
20150702 27.99 27.70 30.88 27.18 169528
20150703 27.99 26.50 30.11 24.93 138474
20150706 29.14 24.77 29.14 23.85 211129
20150707 22.34 22.29 23.65 22.29 41204
20150720 24.52 24.52 24.52 24.52 3316
20150721 26.97 26.97 26.97 26.97 2920
20150722 29.67 29.67 29.67 28.90 144410
20150723 32.50 31.95 32.50 30.29 272229
20150724 31.38 32.31 34.30 30.80 165040
20150727 32.98 33.80 35.54 32.41 347375
20150728 31.55 30.70 34.49 30.42 348917
20150729 31.32 33.77 33.77 29.10 247370
20150730 33.94 34.20 36.80 33.50 279513
