20140102 2.69 2.69 2.70 2.66 28514
20140103 2.69 2.65 2.69 2.64 25040
20140106 2.65 2.63 2.67 2.63 40521
20140107 2.62 2.64 2.67 2.62 23219
20140108 2.64 2.59 2.66 2.59 33331
20140109 2.59 2.51 2.60 2.49 52266
20140110 2.47 2.50 2.51 2.47 34918
20140113 2.51 2.50 2.54 2.49 28626
20140114 2.49 2.54 2.54 2.49 15132
20140115 2.54 2.54 2.54 2.51 12750
20140116 2.54 2.53 2.55 2.51 19283
20140117 2.53 2.49 2.53 2.49 12801
20140120 2.49 2.49 2.51 2.47 11043
20140121 2.49 2.56 2.57 2.48 31914
20140122 2.58 2.82 2.82 2.52 301997
20140123 2.82 2.87 3.06 2.82 439414
20140124 2.73 2.84 2.86 2.73 169506
20140127 2.77 2.73 2.81 2.71 113014
20140128 2.74 2.78 2.78 2.71 71591
20140129 2.78 2.79 2.81 2.75 108250
20140130 2.78 2.73 2.78 2.67 40446
20140207 2.73 2.74 2.75 2.69 55072
20140210 2.74 2.79 2.80 2.73 193403
20140211 2.78 2.75 2.79 2.74 120778
20140212 2.74 2.78 2.78 2.74 158307
20140213 2.77 2.72 2.78 2.72 102601
20140214 2.71 2.74 2.76 2.70 96417
20140217 2.74 2.87 2.91 2.72 347320
20140218 2.85 2.80 2.85 2.77 229809
20140219 2.80 2.79 2.83 2.77 208929
20140220 2.80 2.80 2.82 2.77 199917
20140221 2.80 2.84 2.85 2.78 184659
20140224 2.84 2.82 2.95 2.80 199519
20140225 2.82 2.92 3.10 2.80 536730
20140226 3.21 3.21 3.21 3.02 642066
20140227 3.33 3.43 3.53 3.25 1446435
20140228 3.29 3.35 3.38 3.20 654421
20140303 3.30 3.40 3.46 3.26 562071
20140304 3.38 3.33 3.39 3.26 345736
20140305 3.34 3.37 3.66 3.32 883072
20140306 3.26 3.42 3.52 3.22 505516
20140307 3.40 3.45 3.53 3.30 431536
20140310 3.43 3.59 3.80 3.36 889764
20140311 3.62 3.51 3.64 3.43 464842
20140312 3.45 3.19 3.46 3.16 510547
20140313 3.20 3.27 3.28 3.16 222716
20140314 3.24 3.13 3.26 3.10 246918
20140317 3.10 3.19 3.19 3.08 157025
20140318 3.22 3.15 3.22 3.14 145356
20140319 3.16 3.19 3.19 3.11 134763
20140320 3.19 3.05 3.23 3.04 209225
20140321 3.05 3.17 3.18 2.98 247361
20140324 3.15 3.28 3.33 3.14 356448
20140325 3.29 3.26 3.39 3.21 310479
20140326 3.26 3.18 3.28 3.15 181609
20140327 3.18 3.08 3.19 3.08 153695
20140328 3.07 3.01 3.10 3.00 184690
20140331 3.00 3.03 3.09 2.99 107647
20140401 3.02 3.05 3.07 3.02 75245
20140402 3.05 3.18 3.18 3.04 149579
20140403 3.15 3.14 3.17 3.08 114693
20140404 3.12 3.21 3.23 3.10 215075
20140408 3.24 3.20 3.32 3.18 187952
20140409 3.18 3.16 3.20 3.12 160844
20140410 3.15 3.12 3.16 3.11 125963
20140411 3.11 3.13 3.18 3.10 98176
20140414 3.13 3.14 3.14 3.08 96209
20140415 3.12 3.08 3.13 3.07 81199
20140416 3.07 3.09 3.10 3.05 63225
20140417 3.10 3.05 3.10 3.04 86959
20140418 3.05 3.08 3.08 3.02 55729
20140421 3.06 3.05 3.10 3.04 74955
20140422 3.04 3.04 3.06 3.01 65849
20140423 3.04 3.04 3.06 3.03 32446
20140424 3.04 2.98 3.04 2.98 76565
20140425 2.98 2.86 3.00 2.84 99126
20140428 2.86 2.72 2.86 2.70 108084
20140429 2.71 2.75 2.76 2.70 75354
20140430 2.75 2.78 2.78 2.73 37893
20140505 2.78 2.81 2.83 2.74 58823
20140506 2.81 2.83 2.89 2.79 54252
20140507 2.82 2.74 2.83 2.74 67634
20140508 2.73 2.77 2.82 2.73 46830
20140509 2.77 2.76 2.77 2.72 34535
20140512 2.79 2.83 2.84 2.76 60435
20140513 2.83 2.84 2.86 2.81 50031
20140514 2.84 2.83 2.86 2.82 34036
20140515 2.82 2.76 2.83 2.76 37800
20140516 2.76 2.78 2.79 2.73 22641
20140519 2.77 2.76 2.77 2.72 35328
20140520 2.77 2.75 2.80 2.74 32748
20140521 2.72 2.76 2.77 2.72 36542
20140522 2.76 2.75 2.78 2.75 38954
20140523 2.75 2.77 2.77 2.74 26970
20140526 2.76 2.80 2.80 2.74 55985
20140527 2.80 2.77 2.81 2.76 51546
20140528 2.77 2.79 2.81 2.75 59383
20140529 2.80 2.76 2.81 2.75 40897
20140530 2.75 2.75 2.77 2.74 45862
20140603 2.75 2.78 2.79 2.74 60881
20140604 2.77 2.76 2.78 2.74 56382
20140605 2.76 2.78 2.79 2.75 35204
20140606 2.79 2.84 2.86 2.77 110388
20140609 2.84 2.83 2.86 2.81 82303
20140610 2.82 2.82 2.84 2.78 81036
20140611 2.82 2.80 2.82 2.79 46964
20140612 2.80 2.81 2.82 2.78 42392
20140613 2.81 2.82 2.83 2.78 54867
20140616 2.82 2.82 2.82 2.80 64741
20140617 2.82 2.80 2.82 2.79 42594
20140618 2.80 2.80 2.82 2.78 84893
20140619 2.80 2.74 2.81 2.73 69542
20140620 2.74 2.75 2.76 2.72 45016
20140623 2.75 2.92 3.03 2.75 413719
20140624 2.91 2.84 2.91 2.81 261932
20140625 2.83 2.81 2.83 2.79 75152
20140626 2.81 2.84 2.86 2.81 77418
20140627 2.83 2.88 2.89 2.82 107076
20140630 2.86 2.93 2.93 2.86 120951
20140701 2.93 2.92 2.95 2.90 72512
20140702 2.93 2.94 2.95 2.89 90549
20140703 2.94 2.99 3.01 2.92 120124
20140704 2.99 2.95 3.00 2.94 95754
20140707 2.94 2.90 2.95 2.89 99781
20140708 2.91 2.91 2.92 2.87 53959
20140709 2.89 2.86 2.91 2.85 64562
20140710 2.85 2.86 2.89 2.85 48304
20140711 2.86 2.94 2.95 2.85 80118
20140714 2.94 2.97 3.00 2.93 108747
20140715 2.98 2.98 2.99 2.94 75836
20140716 2.98 3.02 3.05 2.96 144535
20140717 3.00 2.96 3.02 2.94 87930
20140718 2.95 2.98 3.02 2.91 91530
20140721 2.98 2.99 2.99 2.95 63946
20140722 2.99 3.03 3.05 2.97 115114
20140723 3.02 3.10 3.12 3.02 188786
20140724 3.09 3.10 3.11 3.05 120518
20140725 3.11 3.09 3.11 3.05 95538
20140728 3.08 3.11 3.12 3.08 147299
20140729 3.11 3.08 3.11 3.07 151008
20140730 3.08 3.08 3.11 3.06 105716
20140731 3.07 3.10 3.11 3.05 95439
20140801 3.09 3.07 3.11 3.06 119355
20140804 3.13 3.11 3.14 3.08 110996
20140805 3.10 3.18 3.20 3.09 194528
20140806 3.17 3.19 3.21 3.15 139438
20140807 3.18 3.09 3.19 3.09 136412
20140808 3.09 3.09 3.11 3.07 68675
20140811 3.09 3.12 3.13 3.09 72017
20140812 3.13 3.18 3.19 3.11 122622
20140813 3.17 3.16 3.18 3.11 106734
20140814 3.15 3.11 3.16 3.10 127422
20140815 3.12 3.14 3.15 3.09 83505
20140818 3.14 3.19 3.19 3.14 130541
20140819 3.18 3.30 3.32 3.17 314479
20140820 3.30 3.39 3.42 3.28 349270
20140821 3.39 3.33 3.43 3.28 437230
20140822 3.33 3.27 3.34 3.25 275324
20140825 3.26 3.28 3.31 3.19 335891
20140826 3.25 3.30 3.35 3.20 338526
20140827 3.25 3.40 3.40 3.23 378030
20140828 3.55 3.32 3.55 3.32 733261
20140829 3.25 3.33 3.34 3.25 172586
20140901 3.32 3.45 3.53 3.31 341431
20140902 3.44 3.48 3.52 3.41 304086
20140903 3.48 3.53 3.55 3.45 320556
20140904 3.53 3.48 3.55 3.45 323493
20140905 3.48 3.59 3.60 3.45 306283
20140909 3.61 3.60 3.65 3.53 307698
20140910 3.57 3.55 3.60 3.53 244875
20140911 3.56 3.54 3.58 3.47 325470
20140912 3.54 3.68 3.72 3.53 460359
20140915 3.67 3.71 3.77 3.63 289392
20140916 3.73 3.61 3.75 3.58 373747
20140917 3.60 3.82 3.82 3.53 471516
20140918 3.80 3.77 3.98 3.75 454336
20140919 3.82 3.85 3.92 3.74 433406
20140922 3.90 3.77 3.95 3.75 343738
20140923 3.72 3.76 3.78 3.68 268896
20140924 3.73 3.74 3.78 3.68 309447
20140925 3.76 3.69 3.77 3.67 281781
20140926 3.68 3.72 3.74 3.65 163772
20140929 3.78 3.74 3.85 3.72 307497
20140930 3.74 3.72 3.76 3.69 242160
20141008 3.73 3.73 3.75 3.71 252612
20141009 3.75 3.83 3.84 3.73 359314
20141010 3.83 3.77 3.83 3.76 256699
20141013 3.76 3.70 3.76 3.64 293404
20141014 3.69 3.80 3.80 3.66 337787
20141015 3.77 3.81 3.84 3.72 308214
20141016 3.78 3.83 3.97 3.76 543968
20141017 3.83 4.21 4.21 3.83 1132849
20141020 4.18 4.01 4.19 3.96 883079
20141021 4.02 3.86 4.02 3.86 531868
20141022 3.87 3.74 3.90 3.72 302366
20141023 3.73 3.61 3.77 3.55 308123
20141024 3.56 3.57 3.64 3.55 208036
20141027 3.56 3.61 3.64 3.55 148841
20141028 3.63 3.70 3.72 3.62 171081
20141029 3.72 3.77 3.78 3.68 430651
20141030 3.74 3.77 3.79 3.71 323852
20141031 3.76 3.85 3.94 3.75 451898
20141103 3.87 3.88 3.92 3.82 292012
20141104 3.88 3.90 3.96 3.86 308641
20141105 3.93 3.82 3.93 3.81 230125
20141106 3.80 3.77 3.83 3.72 229729
20141107 3.77 3.71 3.79 3.65 244338
20141110 3.71 3.77 3.78 3.67 190536
20141111 3.81 3.65 3.81 3.60 267494
20141112 3.64 3.70 3.71 3.60 173405
20141113 3.68 3.65 3.69 3.60 182487
20141114 3.68 3.73 3.75 3.66 241053
20141117 3.72 3.70 3.74 3.66 145365
20141118 3.70 3.70 3.71 3.67 108272
20141119 3.70 3.69 3.72 3.67 151220
20141120 3.67 3.64 3.68 3.63 125516
20141121 3.61 3.66 3.67 3.61 122481
20141124 3.70 3.72 3.75 3.65 292219
20141125 3.73 3.78 3.78 3.68 282514
20141126 3.76 3.77 3.79 3.72 257194
20141127 3.77 3.81 3.83 3.76 294378
20141128 3.81 3.82 3.83 3.75 293581
20141201 3.82 3.81 3.82 3.77 249295
20141202 3.83 3.89 3.94 3.82 396465
20141203 3.88 3.94 4.00 3.87 434335
20141204 3.95 3.97 4.00 3.92 399069
20141205 3.97 3.80 3.99 3.77 437669
20141208 3.78 3.83 3.86 3.74 339788
20141209 3.81 3.68 3.86 3.67 444263
20141210 3.65 3.77 3.78 3.63 250848
20141211 3.75 3.95 3.99 3.73 518675
20141212 3.95 3.96 3.97 3.90 323566
20141215 3.95 4.08 4.14 3.93 480379
20141216 4.08 4.07 4.11 4.01 243288
20141217 4.05 3.97 4.07 3.91 285728
20141218 3.97 3.96 4.00 3.93 146046
20141219 3.95 4.00 4.02 3.91 244456
20141222 4.03 3.96 4.06 3.87 352570
20141223 3.95 3.92 4.01 3.85 163752
20141224 3.92 4.15 4.19 3.91 550432
20141225 4.11 4.20 4.20 4.07 400855
20141226 4.19 4.16 4.29 4.16 405941
20141229 4.15 4.13 4.25 4.10 370302
20141230 4.12 4.05 4.18 4.01 182804
20141231 4.05 4.11 4.11 4.00 168575
20150105 4.10 4.26 4.28 4.10 331403
20150106 4.22 4.17 4.25 4.11 269306
20150107 4.14 4.17 4.18 4.12 140738
20150108 4.17 4.08 4.19 4.06 181070
20150109 4.06 3.99 4.07 3.98 227738
20150112 3.98 3.82 3.98 3.76 228320
20150113 3.83 3.86 3.86 3.81 134628
20150114 3.86 3.79 3.87 3.77 126761
20150115 3.77 3.83 3.83 3.74 161490
20150116 3.82 3.81 3.82 3.77 155015
20150119 3.74 3.61 3.77 3.53 203299
20150120 3.64 3.70 3.71 3.60 109376
20150121 3.69 3.80 3.81 3.67 145678
20150122 3.80 3.81 3.87 3.79 193476
20150123 3.81 3.80 3.84 3.77 137997
20150126 3.79 3.86 3.86 3.77 171678
20150127 3.87 3.86 3.88 3.79 166052
20150128 3.84 3.84 3.87 3.82 99595
20150129 3.82 3.75 3.83 3.74 208463
20150130 3.75 3.65 3.76 3.62 374102
20150202 3.61 3.51 3.63 3.51 376531
20150203 3.51 3.56 3.56 3.49 299971
20150204 3.55 3.54 3.60 3.52 193833
20150205 3.56 3.60 3.71 3.50 663550
20150206 3.52 3.42 3.61 3.37 598051
20150209 3.42 3.38 3.43 3.36 245913
20150210 3.39 3.43 3.43 3.37 138897
20150211 3.43 3.46 3.47 3.41 142285
20150212 3.44 3.55 3.56 3.44 228197
20150213 3.56 3.58 3.61 3.53 313025
20150216 3.58 3.62 3.63 3.57 276364
20150217 3.62 3.67 3.75 3.59 501264
20150225 3.65 3.62 3.69 3.61 245203
20150226 3.62 3.66 3.67 3.56 280050
20150227 3.65 3.67 3.70 3.60 308547
20150302 3.69 3.73 3.73 3.66 361272
20150303 3.71 3.67 3.71 3.66 431873
20150304 3.66 3.75 3.78 3.64 579308
20150305 3.72 3.67 3.73 3.63 682118
20150306 3.67 3.68 3.74 3.61 791001
20150309 3.66 3.71 3.71 3.62 736712
20150310 3.70 3.72 3.75 3.65 895710
20150311 3.70 3.85 3.89 3.69 1233775
20150312 3.84 3.81 3.86 3.78 736891
20150313 3.81 3.82 3.85 3.80 849991
20150316 3.84 4.07 4.20 3.83 1695872
20150317 4.06 4.13 4.15 4.01 1398613
20150318 4.13 4.23 4.35 4.09 1832906
20150319 4.24 4.17 4.30 4.12 1963981
20150320 4.19 4.33 4.40 4.17 1600947
20150323 4.44 4.44 4.53 4.35 1701271
20150324 4.46 4.75 4.82 4.38 2369254
20150325 4.70 4.65 4.74 4.56 1337223
20150326 4.61 4.44 4.62 4.40 1509048
20150327 4.43 4.47 4.50 4.39 1244286
20150330 4.48 4.61 4.67 4.48 1199555
20150331 4.64 4.53 4.69 4.51 978394
20150401 4.52 4.72 4.80 4.51 1242954
20150402 4.75 4.80 4.90 4.68 1858083
20150403 4.80 4.92 5.00 4.72 1630070
20150407 5.06 5.08 5.11 4.97 1402781
20150408 5.10 4.97 5.15 4.91 1402204
20150409 4.97 4.92 5.03 4.75 1189816
20150410 4.88 5.04 5.08 4.85 1123904
20150413 5.06 5.32 5.47 5.06 1669480
20150414 5.32 5.42 5.60 5.23 1397968
20150415 5.42 5.21 5.55 5.15 1158102
20150416 5.13 5.29 5.34 5.07 938246
20150417 5.35 5.31 5.43 5.21 1371865
20150420 5.31 5.38 5.45 5.21 1629101
20150421 5.41 5.92 5.92 5.41 2068915
20150422 6.31 6.13 6.48 6.04 2682948
20150423 6.17 6.32 6.45 6.03 2045323
20150424 6.17 6.66 6.88 6.10 2302195
20150427 6.70 7.12 7.23 6.70 1948990
20150428 6.97 6.90 7.23 6.70 2030851
20150429 6.87 6.84 6.94 6.60 1182395
20150430 6.71 6.62 6.87 6.61 1135450
20150504 6.64 6.67 6.79 6.50 1026274
20150505 6.67 6.19 6.68 6.11 1285616
20150506 6.17 5.91 6.30 5.73 1127836
20150507 5.90 5.58 5.90 5.54 972372
20150508 5.67 5.82 5.84 5.65 1050028
20150511 5.95 6.18 6.18 5.85 1101439
20150512 6.20 6.22 6.38 6.13 1065107
20150513 6.20 6.34 6.52 6.02 1188373
20150514 6.30 6.51 6.70 6.28 1295646
20150515 6.47 6.19 6.47 6.16 967656
20150518 6.15 6.08 6.17 6.01 741017
20150519 6.06 6.34 6.47 6.03 1058391
20150520 6.35 6.48 6.75 6.34 1382820
20150521 6.58 6.60 6.69 6.48 1173190
20150522 6.66 7.04 7.17 6.50 1987466
20150525 6.90 7.37 7.49 6.87 1818031
20150526 7.40 7.49 7.55 7.17 2023459
20150527 7.49 7.31 7.50 7.21 1501220
20150528 7.29 6.97 7.85 6.90 2221611
20150529 6.95 7.07 7.23 6.52 1625238
20150601 7.12 7.46 7.48 7.12 1424003
20150602 7.46 8.21 8.21 7.46 2063791
20150603 8.50 8.78 8.97 8.23 2611070
