20140102 7.91 7.95 8.09 7.88 103314
20140103 7.97 7.82 8.00 7.71 117229
20140106 7.83 7.50 7.89 7.47 92841
20140107 7.46 7.73 7.83 7.37 101198
20140108 7.72 7.57 7.77 7.54 74463
20140109 7.60 7.41 7.72 7.38 68373
20140110 7.39 7.21 7.43 7.20 73389
20140113 7.28 7.30 7.37 7.20 47366
20140114 7.30 7.47 7.47 7.14 66037
20140115 7.45 7.50 7.50 7.34 55643
20140116 7.47 7.59 7.73 7.42 81942
20140117 8.06 8.35 8.35 7.81 282239
20140120 8.50 8.43 8.60 8.23 345875
20140121 8.43 8.44 8.51 8.23 234914
20140122 8.45 8.50 8.56 8.30 241046
20140123 8.48 8.58 8.87 8.41 274673
20140124 8.53 8.48 8.62 8.42 194815
20140127 8.36 8.54 8.68 8.31 140253
20140128 8.54 8.79 8.87 8.48 195289
20140129 8.76 8.76 8.88 8.64 119112
20140130 8.58 8.33 8.72 8.26 161230
20140207 8.33 8.53 8.54 8.15 105900
20140210 8.55 8.78 8.87 8.51 170429
20140211 8.75 9.12 9.20 8.73 234464
20140212 9.12 9.07 9.35 8.95 205319
20140213 9.13 9.22 9.50 9.05 265625
20140214 9.15 9.28 9.37 9.10 162568
20140217 9.30 9.27 9.63 9.17 216608
20140218 9.28 9.30 9.34 9.05 196187
20140219 9.25 9.25 9.44 9.12 176811
20140220 9.26 8.82 9.33 8.80 206502
20140221 8.80 8.58 8.98 8.48 171685
20140224 8.57 8.68 8.78 8.40 118642
20140225 8.68 8.32 8.73 8.29 142997
20140226 8.31 8.38 8.41 8.20 93300
20140227 8.39 8.21 8.46 8.20 109812
20140228 8.20 8.28 8.32 8.02 92918
20140303 8.28 8.49 8.49 8.22 99856
20140304 8.43 8.47 8.55 8.29 98126
20140305 8.49 8.46 8.58 8.44 93650
20140306 8.56 8.63 8.73 8.53 124689
20140307 8.63 8.40 8.69 8.38 83334
20140310 8.31 7.94 8.32 7.91 110190
20140311 7.88 7.89 8.02 7.85 56955
20140312 7.90 7.98 8.04 7.82 52679
20140313 8.01 8.14 8.18 7.95 63787
20140314 8.10 8.13 8.15 8.06 50078
20140317 8.13 8.19 8.19 8.06 43262
20140318 8.40 8.50 8.67 8.40 177440
20140319 8.35 8.43 8.48 8.29 74097
20140320 8.41 8.11 8.53 8.10 69192
20140321 8.00 8.35 8.39 7.98 75534
20140324 8.39 8.64 8.70 8.34 166103
20140325 8.66 8.55 8.73 8.46 102256
20140326 8.58 8.47 8.60 8.43 69136
20140327 8.50 8.62 8.79 8.45 181344
20140328 8.51 8.34 8.70 8.34 106982
20140331 8.38 8.20 8.45 8.14 68155
20140401 8.13 8.32 8.36 8.13 48305
20140402 8.45 8.49 8.66 8.45 98250
20140403 8.49 8.38 8.57 8.36 61317
20140404 8.41 8.41 8.44 8.32 57005
20140408 8.35 8.65 8.65 8.35 107794
20140409 8.64 8.60 8.65 8.49 91988
20140410 8.60 8.61 8.67 8.52 88960
20140411 8.60 8.43 8.60 8.36 89750
20140414 8.40 8.52 8.53 8.35 62026
20140415 8.56 8.43 8.74 8.40 117919
20140416 8.44 8.45 8.49 8.32 58905
20140417 8.45 8.58 8.63 8.39 67070
20140418 8.50 8.67 8.68 8.45 100805
20140421 8.56 8.46 8.66 8.43 79892
20140422 8.40 8.36 8.48 8.17 86123
20140423 8.31 8.29 8.41 8.27 31179
20140424 8.25 8.27 8.33 8.21 27680
20140425 8.27 7.96 8.31 7.92 46757
20140428 7.96 7.83 7.98 7.71 58405
20140429 7.70 7.98 8.03 7.30 76891
20140430 7.94 7.94 7.98 7.88 31850
20140505 8.08 8.08 8.18 8.01 56697
20140506 8.04 8.04 8.09 7.99 43655
20140507 7.97 7.75 7.97 7.73 73806
20140508 7.75 7.76 7.89 7.71 41585
20140509 7.70 7.72 7.84 7.63 47157
20140512 7.81 7.88 7.91 7.70 43346
20140513 7.87 7.90 7.92 7.84 32171
20140514 7.89 7.91 7.97 7.84 29850
20140515 7.92 7.66 7.92 7.65 44957
20140516 7.64 7.56 7.70 7.47 39687
20140519 7.55 7.40 7.56 7.35 40096
20140520 7.45 7.60 7.65 7.39 57451
20140521 7.52 7.76 7.85 7.46 61988
20140522 7.67 7.63 7.78 7.63 57582
20140523 7.61 7.66 7.70 7.56 33306
20140526 7.70 7.69 7.72 7.64 34541
20140527 7.72 7.79 7.84 7.67 58036
20140528 7.75 7.85 7.85 7.66 61811
20140530 8.10 7.95 8.14 7.84 124653
20140603 7.97 7.82 7.99 7.82 64582
20140604 7.82 7.74 7.85 7.65 48393
20140605 7.80 7.80 7.81 7.67 26860
20140606 7.82 7.74 7.82 7.72 34034
20140609 7.69 7.60 7.77 7.60 36890
20140610 7.82 7.84 7.98 7.78 82339
20140611 7.78 7.74 7.83 7.71 55104
20140612 7.74 7.76 7.81 7.72 39115
20140613 7.76 7.85 7.86 7.72 44224
20140616 7.83 7.90 7.90 7.80 46706
20140617 7.89 7.77 7.89 7.74 45209
20140618 7.77 7.74 7.85 7.72 37478
20140619 7.82 7.58 7.83 7.47 40771
20140620 7.41 7.47 7.59 7.40 35756
20140623 7.48 7.48 7.57 7.46 27035
20140624 7.47 7.51 7.54 7.46 28354
20140625 7.50 7.42 7.50 7.40 34044
20140626 7.41 7.47 7.50 7.40 46875
20140627 7.50 7.67 7.73 7.47 80080
20140630 7.67 7.68 7.70 7.61 47712
20140701 7.67 7.71 7.72 7.65 39071
20140702 7.70 7.72 7.76 7.66 48375
20140703 7.71 7.83 7.87 7.70 76695
20140704 7.80 7.74 7.85 7.72 51263
20140707 7.76 7.85 7.89 7.71 71027
20140708 7.84 7.90 7.93 7.79 53674
20140709 7.88 7.75 7.90 7.74 51732
20140710 7.72 7.74 7.82 7.65 37694
20140711 7.74 7.78 7.80 7.71 38047
20140714 7.85 8.02 8.05 7.82 88523
20140715 8.07 8.05 8.15 7.96 72737
20140716 8.06 8.00 8.15 7.99 64433
20140722 8.19 8.14 8.48 8.03 209117
20140723 8.11 7.88 8.15 7.81 106736
20140724 7.84 7.94 8.00 7.82 73794
20140725 7.92 7.97 7.98 7.80 52862
20140728 7.94 8.10 8.25 7.93 154613
20140729 8.20 8.15 8.27 8.10 123181
20140730 8.12 8.09 8.13 8.02 101031
20140731 8.05 8.13 8.14 8.05 82081
20140801 8.10 7.97 8.16 7.96 105248
20140804 7.97 8.10 8.10 7.96 109698
20140805 8.13 8.19 8.25 8.05 139019
20140806 8.19 8.17 8.21 8.08 94787
20140807 8.16 8.08 8.25 8.06 91263
20140808 8.06 8.11 8.24 8.04 93543
20140811 8.07 8.16 8.18 8.06 98939
20140812 8.13 8.21 8.23 8.08 122356
20140813 8.20 8.34 8.39 8.14 198494
20140814 8.32 8.26 8.42 8.24 146823
20140815 8.27 8.42 8.58 8.25 159957
20140818 8.43 8.46 8.55 8.40 127987
20140819 8.46 8.71 8.76 8.42 210423
20140820 8.65 8.61 8.72 8.58 144216
20140821 8.62 8.67 8.74 8.49 114675
20140822 8.66 8.88 9.06 8.63 233205
20140825 8.84 8.78 9.02 8.78 125869
20140826 8.78 8.52 8.93 8.37 196812
20140827 8.54 8.79 8.82 8.43 121308
20140828 8.70 8.49 8.79 8.46 125586
20140829 8.50 8.61 8.67 8.48 69289
20140901 8.60 8.64 8.69 8.55 69256
20140902 8.64 8.72 8.73 8.58 133903
20140903 8.72 8.69 8.87 8.66 145684
20140904 8.71 8.92 9.11 8.61 226956
20140905 8.90 8.96 9.04 8.80 177647
20140909 8.97 8.92 8.98 8.83 106581
20140910 8.88 8.89 8.98 8.82 95715
20140911 8.93 8.96 9.09 8.86 189799
20140912 8.92 8.90 8.92 8.80 120259
20140915 8.90 8.87 8.99 8.77 174611
20140916 8.87 8.79 9.09 8.78 239144
20140917 8.76 8.98 8.98 8.60 181405
20140918 8.92 9.04 9.07 8.83 150884
20140919 9.01 9.04 9.05 8.92 96160
20140922 9.03 9.08 9.30 8.97 245044
20140923 9.08 9.33 9.35 9.02 174606
20140924 9.21 9.50 9.56 9.19 206398
20140925 9.49 9.33 9.54 9.31 155168
20140926 9.32 9.34 9.49 9.25 105953
20140929 9.39 9.78 9.86 9.39 238123
20140930 9.93 10.28 10.50 9.88 327268
20141120 11.31 11.31 11.31 11.03 90782
20141121 11.99 11.19 11.99 10.88 782717
20141124 11.25 11.41 11.96 11.20 560754
20141125 11.46 12.41 12.52 11.23 544508
20141126 12.25 12.61 13.19 12.05 628076
20141127 12.65 12.91 13.29 12.35 494057
20141128 12.82 12.64 13.06 12.54 354515
20141201 12.52 12.34 12.93 12.18 329979
20141202 12.18 12.88 12.91 12.12 406671
20141203 12.77 12.51 12.95 12.36 436787
20141204 12.52 13.28 13.48 12.44 589303
20141205 13.20 13.97 13.97 12.51 803261
20141208 14.01 14.61 15.33 13.75 740960
20141209 14.67 13.61 15.20 13.33 710760
20141210 13.64 14.11 14.20 13.30 358915
20141211 14.10 14.85 14.98 13.91 418559
20141212 14.80 14.68 15.45 14.53 342115
20141215 15.24 14.75 15.58 14.43 421076
20141216 14.60 15.24 15.30 14.30 498129
20141217 15.17 14.68 15.17 14.44 397609
20141218 14.69 14.46 14.96 14.38 259824
20141219 14.45 13.90 14.58 13.80 342407
20141222 14.04 13.14 14.17 12.98 320054
20141223 13.08 13.15 13.66 12.80 245865
20141224 13.25 13.38 13.47 13.16 178825
20141225 13.63 13.96 14.18 13.63 238967
20141226 13.95 14.33 14.43 13.70 275628
20141229 14.51 13.84 14.65 13.81 245341
20141230 13.85 13.86 14.29 13.78 206961
20141231 13.92 13.67 13.97 13.50 225790
20150105 13.67 13.25 13.77 13.01 264666
20150106 13.17 13.30 13.60 13.01 204401
20150107 13.18 13.35 13.48 13.08 146136
20150108 13.36 13.01 13.40 12.95 189557
20150109 13.00 13.01 13.25 12.90 149556
20150112 12.88 12.63 12.95 12.50 138062
20150113 12.64 12.91 12.96 12.60 125499
20150114 12.90 12.85 13.08 12.79 75709
20150115 12.84 13.07 13.07 12.81 92280
20150116 13.13 13.18 13.46 13.10 156574
20150420 14.50 14.50 14.50 14.50 6924
20150421 15.95 15.95 15.95 15.95 1849
20150422 17.55 17.55 17.55 17.55 5103
20150423 19.31 19.31 19.31 19.31 9542
20150424 21.24 20.56 21.24 19.90 1340450
20150427 20.10 20.52 21.77 20.01 629416
20150428 21.02 21.96 22.32 21.02 645727
20150429 22.08 21.20 22.09 20.94 417201
20150430 20.69 20.40 21.10 20.39 291308
20150504 20.45 21.32 21.48 20.28 309880
20150505 21.25 20.02 21.25 19.99 251146
20150506 20.00 19.30 20.60 19.11 228241
20150507 19.12 18.38 19.80 18.33 206204
20150508 18.80 19.13 19.20 18.50 187552
20150511 19.20 19.90 19.97 19.20 223752
20150512 20.12 20.02 20.20 19.66 221372
20150513 20.05 20.49 21.00 19.75 287225
20150514 20.60 20.81 21.49 20.60 269770
20150515 21.53 20.80 21.76 20.80 281427
20150518 21.20 20.32 21.20 20.30 232085
20150519 20.33 21.10 21.48 20.28 288914
20150521 21.85 22.12 22.85 21.30 447159
20150522 22.50 23.45 23.64 21.86 608460
20150525 23.56 23.85 24.24 23.04 476883
20150526 23.88 24.62 24.80 23.24 541004
20150527 24.68 24.80 25.28 23.88 452508
20150528 25.51 25.28 27.00 25.00 702458
20150529 25.28 26.00 26.27 24.01 511103
20150601 26.58 27.27 27.38 25.84 688167
20150602 27.27 28.28 28.49 26.80 567074
20150603 14.23 13.62 14.45 13.33 1110960
20150604 13.51 13.28 13.55 12.52 904574
20150605 13.52 13.39 13.73 13.01 1018263
20150608 13.39 13.84 13.92 13.13 1168989
20150609 13.85 13.44 13.91 13.30 801380
20150610 13.25 13.59 13.66 12.98 691931
20150611 13.59 13.51 13.65 13.30 874987
20150612 13.49 13.52 13.67 13.35 1096020
20150615 13.60 13.40 13.75 13.40 1262976
20150616 13.13 13.78 13.78 13.01 1647947
20150617 13.84 13.68 13.94 13.19 1126903
20150618 13.58 12.60 13.58 12.58 990355
20150619 12.16 11.34 12.19 11.34 848170
20150623 11.30 10.93 11.47 10.21 711167
20150624 11.15 11.12 11.28 10.68 681614
20150625 11.20 11.00 11.48 10.78 778360
20150626 10.40 9.90 10.76 9.90 684814
20150629 10.19 8.91 10.35 8.91 819562
20150630 8.70 9.46 9.51 8.02 978005
20150701 9.46 8.90 9.75 8.59 731405
20150702 8.91 8.01 9.16 8.01 664508
20150703 7.85 7.21 8.15 7.21 895587
20150706 7.92 7.38 7.93 6.50 973216
20150714 8.12 8.12 8.12 8.12 37274
20150715 8.93 8.33 8.93 8.19 1481494
20150716 7.89 8.41 8.67 7.70 768604
20150717 8.55 9.01 9.13 8.30 867059
20150720 9.05 9.24 9.49 8.90 880788
20150721 9.01 9.16 9.37 8.91 668540
20150722 9.17 9.08 9.31 8.85 636695
20150723 9.10 9.29 9.36 9.00 786969
20150724 9.27 9.02 9.48 8.95 854383
20150727 8.74 8.12 8.99 8.12 615018
20150728 7.95 8.15 8.28 7.36 813395
20150729 8.30 8.50 8.50 7.73 495961
20150730 8.49 8.20 8.67 8.12 489530
