20140102 9.72 10.00 10.07 9.63 81792
20140103 9.94 10.02 10.10 9.90 137017
20140107 10.60 10.16 10.95 10.08 286903
20140108 10.12 10.21 10.44 10.03 129909
20140109 10.20 9.70 10.28 9.68 132928
20140110 9.71 9.80 9.92 9.57 63834
20140113 9.85 10.03 10.13 9.80 63958
20140114 10.01 10.10 10.11 9.97 65433
20140115 10.08 9.97 10.11 9.95 55712
20140116 10.00 10.31 10.36 9.96 106861
20140117 10.27 10.37 10.47 10.21 79358
20140120 10.50 10.49 10.68 10.36 84250
20140121 10.52 10.56 10.69 10.39 77234
20140122 10.64 10.69 10.75 10.53 92522
20140123 10.86 11.06 11.34 10.80 151349
20140124 11.06 11.08 11.16 10.88 95195
20140127 11.00 10.99 11.28 10.94 77120
20140128 11.00 10.95 11.12 10.86 57456
20140129 10.90 11.07 11.09 10.90 53687
20140130 11.07 10.94 11.09 10.92 41329
20140207 11.00 11.43 11.54 10.96 98506
20140210 11.65 11.56 11.69 11.46 104344
20140211 11.58 11.40 11.63 11.33 91897
20140212 11.59 12.13 12.24 11.58 190405
20140213 12.18 11.98 12.19 11.93 104514
20140214 11.98 12.32 12.54 11.98 123461
20140217 12.30 12.43 12.55 12.28 88429
20140218 12.43 12.42 12.64 12.28 101357
20140219 12.42 12.25 12.48 12.21 81473
20140220 12.26 12.12 12.50 12.06 81019
20140221 12.12 11.86 12.19 11.61 125654
20140224 11.78 11.99 12.05 11.62 72204
20140225 11.99 11.40 12.17 11.38 94798
20140226 11.35 11.95 11.96 11.31 80759
20140227 11.89 11.70 12.12 11.52 101734
20140228 11.38 11.10 11.38 10.53 152701
20140303 10.90 11.24 11.30 10.86 87654
20140304 11.15 11.25 11.40 11.04 59484
20140305 11.24 11.11 11.37 11.07 47162
20140306 11.07 11.09 11.15 11.01 45718
20140307 11.15 11.25 11.40 11.10 62201
20140310 11.23 11.05 11.32 11.00 60764
20140311 11.05 11.08 11.16 10.94 41714
20140312 11.04 10.86 11.10 10.70 54279
20140313 10.86 10.91 10.99 10.77 31450
20140314 10.88 11.14 11.19 10.82 52098
20140317 11.21 11.33 11.34 11.15 43633
20140318 11.33 11.23 11.37 11.18 42796
20140319 11.21 11.33 11.38 11.07 45672
20140320 11.33 10.95 11.33 10.93 46175
20140321 10.91 11.20 11.22 10.87 35421
20140324 11.20 11.32 11.35 11.20 41836
20140325 11.33 11.59 11.60 11.26 64427
20140326 11.54 11.48 11.65 11.43 37115
20140327 11.51 11.55 11.67 11.49 56607
20140328 11.60 11.25 11.63 11.23 45327
20140331 11.18 10.90 11.29 10.89 40914
20140401 10.89 11.06 11.07 10.88 23057
20140402 11.10 10.95 11.13 10.91 29140
20140403 10.95 11.02 11.15 10.95 25295
20140404 11.04 11.08 11.09 10.95 20128
20140408 11.06 11.16 11.17 10.99 28836
20140409 11.16 11.30 11.32 11.16 36420
20140410 11.34 11.29 11.34 11.27 34501
20140411 11.30 11.39 11.48 11.19 47067
20140414 11.41 11.12 11.41 11.09 66872
20140415 11.27 11.58 11.59 11.20 123929
20140416 11.58 11.53 11.64 11.45 53780
20140417 11.55 11.46 11.59 11.29 48358
20140418 11.43 11.61 11.67 11.36 67147
20140421 11.61 11.45 11.73 11.36 76580
20140422 11.43 11.42 11.53 11.30 72220
20140423 6.85 6.44 6.90 6.38 154569
20140424 6.34 6.23 6.46 6.00 130641
20140425 6.20 5.97 6.22 5.94 93155
20140428 5.86 5.65 5.92 5.62 73755
20140429 5.61 5.65 5.67 5.45 75980
20140430 5.66 5.61 5.66 5.53 57805
20140505 5.61 5.58 5.61 5.49 52304
20140506 5.56 5.84 5.85 5.53 76474
20140507 5.83 5.60 5.83 5.60 49640
20140508 5.59 5.60 5.71 5.56 33076
20140509 5.61 5.48 5.63 5.47 33222
20140512 5.51 5.59 5.61 5.49 42758
20140513 5.60 5.65 5.65 5.54 34699
20140514 5.64 5.61 5.75 5.57 40471
20140515 5.60 5.50 5.60 5.50 33825
20140516 5.47 5.28 5.54 5.25 54290
20140519 5.28 5.09 5.31 5.01 65848
20140520 5.10 5.09 5.17 5.06 40055
20140521 5.08 5.14 5.16 5.01 41034
20140522 5.16 5.13 5.20 5.12 47253
20140523 5.15 5.15 5.16 5.04 28669
20140526 5.16 5.18 5.18 5.12 35317
20140527 5.14 5.09 5.18 5.07 44394
20140528 5.10 5.14 5.15 5.06 31057
20140529 5.15 5.06 5.16 5.03 47107
20140530 5.06 5.05 5.07 5.01 32399
20140603 5.05 5.09 5.10 5.05 37589
20140604 5.09 5.06 5.11 5.04 36931
20140605 5.08 5.14 5.16 5.06 36709
20140606 5.14 5.09 5.15 5.08 27123
20140609 5.09 5.06 5.09 5.02 43547
20140610 5.05 5.10 5.12 5.03 40386
20140611 5.12 5.07 5.13 5.04 37979
20140612 5.08 5.06 5.12 5.05 35570
20140613 5.05 5.09 5.10 5.04 37780
20140616 5.08 5.08 5.12 5.06 35177
20140617 5.08 5.03 5.09 5.02 55549
20140618 5.03 5.01 5.09 4.98 75120
20140619 5.00 4.79 5.02 4.72 68750
20140620 4.79 4.75 4.79 4.72 36538
20140623 4.75 4.73 4.80 4.72 38463
20140624 4.74 4.76 4.77 4.70 41989
20140625 4.76 4.74 4.76 4.72 25431
20140626 4.74 4.84 4.87 4.73 52591
20140627 4.84 4.85 4.94 4.83 54996
20140630 4.85 5.00 5.04 4.85 95876
20140701 5.00 4.99 5.04 4.94 40398
20140702 4.99 5.49 5.49 4.96 217565
20140703 5.52 5.39 5.63 5.32 199616
20140704 5.36 5.28 5.43 5.23 93424
20140707 5.28 5.33 5.36 5.18 83809
20140708 5.35 5.21 5.35 5.18 74172
20140709 5.26 5.25 5.42 5.24 101709
20140710 5.25 5.15 5.28 5.13 73642
20140711 5.13 5.20 5.23 5.13 40962
20140714 5.16 5.20 5.22 5.09 85785
20140715 5.19 5.18 5.20 5.10 60974
20140716 5.18 5.18 5.18 5.13 45745
20140717 5.17 5.37 5.37 5.16 141664
20140718 5.36 5.31 5.36 5.26 71429
20140721 5.31 5.21 5.31 5.17 44972
20140722 5.17 5.26 5.26 5.16 47662
20140723 5.26 5.10 5.26 5.10 80252
20140724 5.11 5.05 5.13 5.01 60969
20140725 5.04 5.12 5.15 5.04 41510
20140728 5.11 5.21 5.24 5.11 72135
20140729 5.19 5.28 5.31 5.18 93110
20140730 5.28 5.32 5.34 5.23 87313
20140731 5.31 5.32 5.34 5.27 75370
20140801 5.32 5.30 5.45 5.28 137798
20140804 5.29 5.36 5.38 5.25 82236
20140805 5.36 5.56 5.63 5.36 176019
20140806 5.54 5.59 5.63 5.44 113958
20140807 5.61 5.45 5.65 5.43 106955
20140808 5.41 5.47 5.47 5.38 73286
20140811 5.47 5.51 5.54 5.42 73929
20140812 5.51 5.62 5.63 5.51 104849
20140813 5.61 5.57 5.64 5.48 80559
20140814 5.58 5.59 5.65 5.54 100445
20140815 5.60 5.76 5.87 5.54 152119
20140818 5.76 6.17 6.28 5.74 239871
20140819 6.14 6.11 6.21 6.01 140132
20140820 6.11 6.25 6.38 6.05 197485
20140821 6.33 6.19 6.38 6.10 131511
20140822 6.19 6.10 6.19 6.01 104575
20140825 6.10 6.01 6.10 6.00 78043
20140826 6.00 5.82 6.05 5.74 99511
20140827 5.81 5.88 5.92 5.80 58837
20140828 5.89 5.76 5.93 5.75 59344
20140829 5.76 5.83 5.84 5.75 40062
20140901 5.83 5.97 5.99 5.83 57793
20140902 5.98 6.06 6.08 5.98 73531
20140903 6.06 6.08 6.10 5.99 92618
20140904 6.09 6.10 6.11 6.03 90475
20140905 6.09 6.29 6.35 6.08 187217
20140909 6.30 6.27 6.30 6.15 116735
20140910 6.25 6.50 6.50 6.17 221079
20140911 6.50 6.68 6.80 6.35 253816
20140912 6.58 6.65 6.70 6.48 132712
20140915 6.68 6.90 6.96 6.65 198393
20140916 6.92 6.57 6.95 6.57 210160
20140917 6.55 6.70 6.72 6.38 156796
20140918 6.65 6.62 6.77 6.60 93968
20140919 6.68 6.85 6.90 6.62 178477
20150507 7.54 7.54 7.54 7.54 1217
20150508 8.29 8.29 8.29 8.29 2188
20150511 9.12 9.12 9.12 9.12 864
20150512 10.03 10.03 10.03 10.03 3619
20150513 11.03 11.03 11.03 11.03 2039
20150514 12.13 12.13 12.13 12.13 1133
20150515 13.34 13.34 13.34 13.34 2717
20150518 14.67 14.67 14.67 14.67 3081
20150519 16.14 16.14 16.14 16.14 2075
20150520 17.75 17.75 17.75 17.75 6272
20150521 19.53 19.53 19.53 19.53 2172
20150522 21.48 21.48 21.48 21.48 7035
20150525 23.63 23.63 23.63 23.63 3875
20150526 25.99 25.99 25.99 25.99 3548
20150527 28.59 28.59 28.59 28.59 35885
20150528 31.45 31.45 31.45 31.45 16321
20150529 34.60 34.60 34.60 28.54 1341639
20150601 34.00 32.53 34.88 31.14 712521
20150602 32.13 34.72 35.66 31.50 598617
20150603 34.58 33.52 35.33 33.28 358840
20150604 32.50 30.17 32.80 30.17 458770
20150605 30.90 29.80 31.38 29.70 330822
20150608 29.80 29.00 30.00 28.40 335427
20150609 29.08 29.12 29.59 28.68 172371
20150610 28.90 31.00 32.03 28.01 442119
20150611 31.82 30.75 31.82 30.40 259456
20150612 30.52 30.12 30.99 29.98 220957
20150615 29.56 28.52 29.77 28.01 228875
20150616 28.05 27.30 28.09 26.50 233767
20150617 27.13 28.30 28.55 26.91 152358
20150618 28.01 25.47 28.20 25.47 193011
20150619 24.50 22.92 24.82 22.92 230018
20150623 22.80 23.37 23.49 21.01 189429
20150624 23.55 23.18 23.81 22.32 160519
20150625 22.90 22.12 24.29 21.70 188574
20150626 21.90 19.91 21.90 19.91 166885
20150629 20.19 17.92 20.50 17.92 253925
20150630 17.24 18.73 18.88 16.13 321100
20150701 18.11 17.90 19.48 17.82 285261
20150702 17.65 16.11 18.00 16.11 236474
20150703 14.99 14.50 16.00 14.50 203777
20150706 15.95 13.05 15.95 13.05 227140
20150707 12.00 11.75 12.24 11.75 200083
20150708 10.58 10.58 10.58 10.58 6171
20150709 9.52 11.64 11.64 9.52 820808
20150710 11.70 12.80 12.80 11.64 436674
20150713 13.80 14.08 14.08 13.38 473252
20150714 14.60 15.35 15.49 14.15 717354
20150715 14.61 13.82 14.95 13.82 314258
20150716 12.44 13.60 14.47 12.44 386894
20150717 13.89 14.58 14.95 13.62 333176
20150720 14.50 14.95 15.55 14.30 396487
20150721 14.52 16.20 16.35 14.33 426407
20150722 15.80 15.93 16.59 15.06 414944
20150723 15.85 16.88 17.18 15.85 361248
20150724 17.01 16.39 17.47 16.21 375931
20150727 16.00 14.75 16.99 14.75 365016
20150728 13.39 13.28 14.77 13.28 408967
20150729 13.70 14.52 14.54 12.81 281549
20150730 14.50 13.92 15.15 13.70 290260
