20140102 7.12 7.15 7.22 7.10 8611
20140103 7.15 7.19 7.19 7.10 7892
20140106 7.14 7.00 7.14 7.00 11642
20140107 6.96 7.04 7.06 6.96 6195
20140108 7.04 7.12 7.24 7.04 6689
20140109 7.16 6.97 7.16 6.97 5749
20140110 6.96 6.69 6.99 6.63 13424
20140113 6.64 6.71 6.79 6.60 7066
20140114 6.65 6.80 6.81 6.65 5235
20140115 6.81 6.93 6.94 6.73 11864
20140116 6.95 6.93 6.98 6.84 5882
20140117 6.89 6.89 7.05 6.86 6783
20140120 6.84 7.03 7.19 6.84 17007
20140121 7.02 6.98 7.17 6.94 20644
20140122 7.00 7.02 7.03 6.88 12459
20140123 6.96 7.02 7.10 6.96 17005
20140124 7.00 7.07 7.09 6.98 13396
20140127 7.01 7.09 7.12 6.98 12522
20140128 7.07 7.23 7.34 7.06 22712
20140129 7.22 7.23 7.32 7.12 12047
20140130 7.19 7.21 7.22 7.12 6336
20140207 7.15 7.32 7.32 7.11 11379
20140210 7.30 7.49 7.58 7.29 34645
20140211 7.47 7.40 7.47 7.34 15996
20140212 7.36 7.45 7.45 7.36 9651
20140213 7.50 7.38 7.51 7.31 13387
20140214 7.38 7.44 7.44 7.33 13186
20140217 7.44 7.55 7.61 7.37 42423
20140218 7.51 7.50 7.66 7.47 33317
20140219 7.50 7.59 7.60 7.46 28557
20140220 7.58 7.49 7.74 7.49 37129
20140221 7.52 7.44 7.58 7.37 24509
20140224 7.46 7.44 7.70 7.36 34817
20140225 7.43 7.39 7.53 7.24 34238
20140226 7.37 7.40 7.45 7.30 14884
20140227 7.45 7.44 7.67 7.36 46940
20140228 7.46 7.51 7.53 7.31 26122
20140303 7.48 7.66 7.72 7.48 52954
20140304 7.64 7.63 7.68 7.57 20683
20140305 7.67 7.62 7.80 7.58 31464
20140306 7.64 7.72 7.82 7.55 46001
20140307 7.74 7.95 7.98 7.58 72094
20140310 8.00 8.35 8.35 7.89 120001
20140311 8.20 8.20 8.25 8.04 68198
20140312 8.14 8.25 8.37 8.14 57560
20140313 8.34 8.56 8.66 8.30 77153
20140314 8.45 8.99 8.99 8.35 74996
20140317 9.07 8.85 9.07 8.64 73786
20140318 8.75 8.66 9.05 8.59 66279
20140319 8.62 8.79 8.94 8.60 56147
20140320 8.78 8.94 9.17 8.68 64294
20140321 8.80 9.10 9.10 8.68 49763
20140324 8.98 8.77 9.00 8.76 46190
20140325 8.71 8.33 8.72 8.33 62333
20140326 8.26 8.45 8.46 8.26 36751
20140327 8.40 8.32 8.52 8.32 27997
20140328 8.32 8.53 8.58 8.14 42759
20140331 8.40 8.19 8.43 8.11 27219
20140401 8.20 8.28 8.32 8.13 22102
20140402 8.30 8.27 8.30 8.16 20404
20140403 8.26 7.98 8.26 7.93 36522
20140404 7.98 8.13 8.16 7.93 22581
20140408 8.08 8.13 8.19 8.02 25152
20140409 8.13 8.31 8.35 8.08 30760
20140410 8.25 8.34 8.43 8.17 53398
20140411 8.28 8.38 8.50 8.21 46142
20140414 8.29 8.30 8.35 8.21 21494
20140415 8.34 8.16 8.34 8.10 33257
20140416 8.17 8.21 8.22 8.10 11802
20140417 8.23 8.30 8.32 8.16 15494
20140418 8.32 8.34 8.36 8.26 15238
20140421 8.27 8.29 8.38 8.22 16740
20140423 8.45 8.11 8.78 8.02 115642
20140424 7.75 7.43 7.88 7.41 71702
20140425 7.41 7.29 7.64 7.29 44768
20140428 7.15 6.99 7.26 6.98 29091
20140429 6.91 7.12 7.14 6.86 18853
20140430 7.07 7.25 7.34 7.06 21738
20140505 7.20 7.13 7.23 6.98 21677
20140506 7.09 7.13 7.24 7.08 22598
20140507 7.05 6.90 7.15 6.89 21209
20140508 6.85 6.91 7.03 6.85 21401
20140509 6.90 6.77 6.91 6.69 22536
20140512 6.85 6.97 7.00 6.80 23240
20140513 7.01 7.05 7.18 7.01 34901
20140514 7.06 7.04 7.08 6.90 16727
20140515 7.04 6.76 7.04 6.75 20641
20140516 6.80 6.82 6.96 6.72 15907
20140519 6.82 6.80 6.83 6.69 11411
20140520 6.85 7.03 7.25 6.80 31822
20140521 7.01 7.00 7.11 6.95 18100
20140522 7.13 7.19 7.25 7.05 29490
20140523 7.19 7.20 7.23 7.07 21663
20140526 7.15 7.09 7.22 7.09 19146
20140527 7.09 7.01 7.18 7.00 18270
20140528 6.99 7.04 7.07 6.90 21130
20140529 7.06 6.93 7.08 6.92 17681
20140530 6.98 7.03 7.05 6.91 15679
20140603 7.09 7.16 7.25 7.07 30162
20140604 7.17 7.14 7.21 7.00 18619
20140605 7.17 7.35 7.37 7.07 42695
20140606 7.29 7.26 7.34 7.17 24360
20140609 7.18 7.21 7.34 7.16 15187
20140610 7.21 7.23 7.24 7.10 18681
20140611 7.23 7.26 7.32 7.18 17686
20140612 7.24 7.29 7.34 7.19 17131
20140613 7.30 7.33 7.34 7.22 19573
20140616 7.34 7.41 7.49 7.31 27312
20140617 7.41 7.26 7.41 7.26 17887
20140618 7.22 7.16 7.28 7.14 18821
20140619 7.16 6.99 7.21 6.96 16047
20140620 6.89 7.14 7.14 6.89 9191
20140623 7.10 7.15 7.19 7.10 10478
20140624 7.18 7.25 7.30 7.15 12891
20140625 7.20 7.15 7.30 7.14 14567
20140626 7.14 7.37 7.38 7.14 21325
20140627 7.37 7.60 7.77 7.32 46347
20140630 7.55 7.79 7.87 7.50 59883
20140701 7.70 7.74 7.79 7.55 52270
20140702 7.68 7.81 7.99 7.56 60109
20140703 7.76 7.81 7.87 7.62 40376
20140704 7.75 7.66 7.80 7.65 27155
20140707 7.66 7.73 7.85 7.58 22332
20140708 7.66 7.75 7.80 7.65 16139
20140709 7.71 7.95 8.03 7.70 52866
20140710 7.90 7.98 8.27 7.85 53158
20140711 7.98 8.20 8.26 7.91 41524
20140714 8.00 7.91 8.00 7.63 74653
20140715 7.84 7.83 7.96 7.75 33052
20140716 7.80 7.70 7.93 7.69 23361
20140717 7.63 7.85 7.88 7.57 30670
20140718 7.60 7.85 8.02 7.60 31131
20140721 7.82 7.91 7.92 7.76 17155
20140722 7.93 7.99 7.99 7.85 27080
20140723 7.98 7.87 8.06 7.86 23501
20140724 7.85 8.02 8.28 7.63 51795
20140725 7.95 8.05 8.13 7.87 27968
20140728 8.05 8.14 8.25 8.04 37566
20140729 8.15 8.30 8.52 8.04 50223
20140730 8.36 9.13 9.13 8.34 89993
20140731 9.70 10.04 10.04 9.65 171108
20140801 10.10 9.62 10.35 9.61 265249
20140804 9.50 9.64 9.77 9.33 149604
20140805 9.49 9.49 9.59 9.32 98663
20140806 9.39 9.43 9.55 9.35 65418
20140807 9.43 9.27 9.58 9.25 82597
20140808 9.25 9.29 9.36 9.25 49383
20140811 9.25 9.42 9.43 9.21 52449
20140812 9.41 9.31 9.41 9.25 45863
20140813 9.38 9.25 9.39 9.16 48052
20140814 9.24 9.23 9.35 9.19 50456
20140815 9.24 9.45 9.54 9.21 66543
20140818 9.48 9.37 9.54 9.30 69751
20140819 9.36 9.57 9.83 9.27 108700
20140820 9.50 9.58 9.67 9.39 61912
20140821 9.56 9.69 9.70 9.40 55637
20140822 9.77 9.65 9.80 9.56 46722
20140825 9.60 9.29 9.62 9.28 45662
20140826 9.16 9.03 9.32 9.02 48274
20140827 9.00 9.05 9.15 9.00 20147
20140828 9.08 9.17 9.29 9.00 29104
20140829 9.13 9.17 9.23 8.95 23283
20140901 9.20 9.22 9.22 9.00 17484
20140902 9.18 9.37 9.46 9.18 41041
20140903 9.36 9.65 9.89 9.35 60117
20140904 9.59 9.60 9.62 9.45 37016
20140905 9.60 9.58 9.63 9.46 34873
20140909 9.60 9.77 9.84 9.51 48948
20140910 9.99 9.99 10.17 9.81 82359
20140911 9.95 9.73 10.25 9.70 78951
20140912 9.69 9.84 9.88 9.63 29520
20140915 10.31 10.82 10.82 10.31 108339
20140916 11.30 11.23 11.90 10.55 285010
20140917 11.00 11.04 11.84 10.56 165717
20140918 10.95 11.30 11.60 10.91 116317
20140919 11.20 10.98 11.20 10.88 75798
20140922 10.90 11.07 11.45 10.65 93642
20140923 11.00 10.87 11.13 10.75 63356
20140924 10.80 11.23 11.45 10.80 106079
20140925 11.24 11.10 11.55 11.05 76244
20140926 11.13 10.90 11.13 10.77 57538
20140929 10.87 10.95 11.05 10.77 57695
20140930 11.00 11.02 11.12 10.91 40936
20141008 10.99 11.27 11.30 10.81 55406
20141009 11.26 11.24 11.42 11.09 53793
20141010 11.25 11.45 11.52 11.15 54818
20141013 11.47 11.24 11.54 11.15 39752
20141014 11.17 11.02 11.36 10.86 42834
20141015 10.80 10.80 11.02 10.67 49239
20141016 10.70 10.63 10.86 10.63 28481
20141017 10.63 10.80 10.82 10.30 42390
20141020 10.79 10.92 10.96 10.66 28877
20141021 10.90 10.90 11.05 10.76 24453
20141022 10.82 10.64 10.87 10.64 22585
20141023 10.53 10.45 10.55 10.18 33303
20141024 10.31 10.30 10.45 10.25 17937
20141027 10.30 10.96 11.02 10.12 60316
20141028 11.00 11.14 11.20 10.80 72072
20141029 11.10 11.16 11.29 10.92 45832
20141030 11.18 11.13 11.42 11.06 50391
20141031 11.15 11.30 11.48 11.01 51902
20141103 11.32 11.15 11.48 11.11 34590
20141104 11.10 11.21 11.35 11.05 25266
20141105 11.15 11.12 11.19 10.98 31108
20141106 11.05 11.17 11.18 11.02 18864
20141107 11.17 10.95 11.30 10.92 27408
20141110 10.83 10.98 11.21 10.83 30047
20141111 10.90 10.36 11.05 10.29 37704
20141112 10.37 10.49 10.59 10.25 19008
20141113 10.52 10.18 10.52 10.05 26411
20141114 10.18 10.23 10.37 10.00 15803
20141117 10.23 10.26 10.45 10.18 17133
20141118 10.25 10.31 10.35 10.16 13882
20141119 10.25 10.50 10.52 10.19 19023
20141120 10.49 10.51 10.58 10.34 11218
20141121 10.46 10.55 10.59 10.42 15878
20141124 10.60 10.42 10.60 10.38 32753
20141125 10.42 10.87 11.09 10.34 44447
20141126 10.81 10.85 11.03 10.63 42415
20141127 10.85 10.67 10.85 10.55 43490
20141128 10.67 10.60 10.76 10.54 32817
20141201 10.57 10.47 10.64 10.45 25465
20141202 10.46 10.48 10.66 10.41 25230
20141203 10.49 10.45 10.53 10.25 44166
20141204 10.52 10.91 11.09 10.42 78776
20141205 10.89 10.23 10.89 10.00 57925
20141208 10.25 10.23 10.42 10.15 46320
20141209 10.20 10.04 10.22 10.00 41109
20141210 9.87 10.26 10.29 9.85 22900
20141211 10.26 10.28 10.36 10.09 20316
20141212 10.28 10.31 10.32 10.17 20183
20141215 10.31 10.49 10.53 10.30 26681
20141216 10.43 10.58 10.70 10.27 42045
20141217 10.50 10.25 10.57 10.18 27161
20141218 10.20 10.24 10.37 10.10 27987
20141219 10.18 10.05 10.25 10.00 25387
20141222 10.01 10.13 10.56 9.81 52963
20141223 10.08 10.11 10.50 9.99 28391
20141224 10.29 10.18 10.30 10.06 23424
20141225 10.18 10.23 10.25 10.00 30122
20141226 10.21 10.42 10.48 10.20 36063
20141229 10.45 10.16 10.50 10.10 27311
20141230 10.11 9.84 10.19 9.81 23010
20141231 9.83 9.62 9.99 9.50 26360
20150105 9.62 10.01 10.25 9.51 31980
20150106 10.10 10.23 10.40 10.00 42071
20150107 10.09 10.12 10.23 9.90 27877
20150108 10.11 9.96 10.12 9.94 13938
20150109 10.02 10.14 10.23 9.86 29986
20150112 10.02 9.89 10.18 9.89 20470
20150113 9.81 9.97 10.00 9.81 11434
20150114 9.97 9.95 9.99 9.86 10049
20150115 9.89 10.00 10.03 9.89 14752
20150116 10.00 10.00 10.05 9.88 20867
20150119 9.88 9.58 10.00 9.55 23652
20150120 9.58 9.80 9.84 9.58 17869
20150121 9.84 10.04 10.05 9.70 27533
20150122 10.07 10.20 10.20 9.95 32016
20150123 10.16 10.07 10.26 10.03 18862
20150126 10.08 10.34 10.37 10.06 33554
20150127 10.39 11.37 11.37 10.16 121324
20150128 11.34 10.89 11.39 10.83 79212
20150129 10.80 11.00 11.32 10.70 66756
20150130 11.00 10.79 11.25 10.79 35727
20150202 10.55 10.40 10.72 10.32 33448
20150203 10.39 10.49 10.57 10.36 26806
20150204 10.52 10.45 10.65 10.41 22677
20150205 10.50 10.30 10.62 10.24 27637
20150206 10.29 10.07 10.43 10.02 20150
20150209 10.09 10.10 10.20 10.01 13844
20150210 10.04 10.17 10.21 10.01 10164
20150211 10.17 10.13 10.22 10.08 15575
20150212 10.13 10.24 10.24 9.93 20586
20150213 10.24 10.31 10.39 10.20 20616
20150216 10.32 10.46 10.51 10.30 19024
20150217 10.50 10.48 10.58 10.40 16359
20150225 10.60 10.74 11.04 10.56 47744
20150226 10.80 10.72 10.80 10.50 24959
20150227 10.74 11.09 11.29 10.62 65982
20150302 11.06 11.16 11.24 10.86 50796
20150303 11.00 10.78 11.07 10.74 43121
20150304 10.62 10.88 11.06 10.62 45917
20150305 10.86 11.70 11.97 10.78 107113
20150306 11.64 11.49 11.73 11.35 53172
20150309 11.48 11.79 11.98 11.41 56946
20150310 11.96 11.66 11.96 11.60 52597
20150311 11.66 11.50 11.73 11.40 35006
20150312 11.50 11.64 11.92 11.38 45926
20150313 11.64 11.63 11.66 11.49 31841
20150316 11.60 12.21 12.55 11.60 63620
20150317 12.25 12.17 12.39 12.03 58659
20150318 12.24 12.30 12.45 12.09 54191
20150319 12.30 12.50 12.60 12.20 60986
20150320 12.51 12.31 12.53 12.20 45378
20150323 12.35 12.44 12.67 12.27 52225
20150324 12.50 12.09 12.59 11.80 77142
20150325 12.02 12.00 12.06 11.78 55527
20150326 11.99 12.19 12.43 11.88 67606
20150327 12.22 12.33 12.44 12.08 47517
20150330 12.30 12.33 12.44 12.22 57287
20150331 12.33 13.11 13.47 12.30 127394
20150401 13.04 13.17 13.33 12.82 72910
20150402 13.23 13.62 13.82 13.10 85042
20150403 13.58 13.54 13.62 13.30 54326
20150407 13.58 14.21 14.80 13.48 83732
20150408 14.25 14.09 14.35 13.50 73869
20150409 14.00 14.84 14.85 13.25 103674
20150410 14.66 14.91 15.20 14.61 55124
20150413 14.87 14.82 15.19 14.66 61115
20150414 14.89 14.62 15.50 14.60 76419
20150415 14.55 13.96 14.76 13.86 65684
20150416 13.80 14.10 14.42 13.57 47857
20150417 14.22 14.38 14.45 14.10 45175
20150420 14.38 13.97 14.55 13.88 65735
20150421 13.82 14.20 14.20 13.82 56231
20150422 14.22 14.57 14.78 14.22 63512
20150423 14.57 14.94 15.16 14.41 67402
20150424 14.77 15.45 15.52 14.63 86826
20150427 16.01 16.35 16.97 15.85 106330
20150428 16.29 15.04 16.29 14.72 97462
20150429 15.02 15.11 15.38 14.60 55111
20150430 15.01 15.02 15.30 14.83 43702
20150504 15.02 14.80 15.20 14.10 36508
20150505 14.85 15.00 15.95 14.80 82546
20150506 14.99 14.18 14.99 14.00 51957
20150507 14.18 13.30 14.50 13.30 50457
20150508 13.51 13.68 13.78 13.33 56237
20150511 13.88 14.17 14.35 13.73 44424
20150512 14.17 14.31 14.38 14.01 48477
20150513 14.31 15.05 15.07 14.00 77019
20150514 14.95 15.61 15.88 14.80 89396
20150515 15.62 15.67 15.75 15.10 66130
20150518 15.55 16.11 16.32 15.35 61133
20150519 15.80 16.28 16.35 15.80 87381
20150520 17.10 16.70 17.80 16.50 160851
20150521 16.38 16.45 16.79 16.19 130981
20150522 16.51 16.67 17.24 16.44 110660
20150525 16.57 17.13 17.25 16.55 101737
20150526 17.03 18.50 18.60 17.03 138843
20150527 18.54 20.25 20.30 17.51 195163
20150528 19.80 18.46 21.17 18.45 167813
20150529 18.80 19.15 19.60 17.62 129162
20150601 19.20 20.00 20.20 19.20 83121
20150602 19.99 20.25 20.34 19.55 108264
20150603 20.20 19.24 20.20 19.00 95791
20150604 19.02 18.82 19.24 17.64 97512
20150605 18.92 19.32 19.60 18.88 81791
20150608 19.50 20.37 20.55 19.27 132324
20150609 20.00 19.85 20.44 19.53 79692
20150610 19.80 19.89 20.17 19.12 81602
20150611 19.97 21.04 21.05 19.88 132628
20150612 21.05 21.68 21.74 20.70 135749
20150615 21.76 21.10 21.83 20.58 118044
20150616 20.65 19.46 20.81 19.18 75499
20150617 19.45 19.49 19.66 18.00 82646
20150618 19.30 18.49 20.30 18.04 84359
20150619 18.07 16.64 18.35 16.64 66936
20150623 16.70 16.75 17.15 15.10 66921
20150624 16.88 18.20 18.30 16.75 115089
20150625 17.90 18.00 19.09 17.40 120329
20150626 17.22 16.20 17.82 16.20 97697
20150629 16.30 14.79 16.70 14.58 109918
20150630 14.53 15.48 15.50 13.31 97178
20150701 15.25 14.00 15.79 13.93 76137
20150702 14.25 12.60 14.25 12.60 67883
20150703 11.90 11.34 12.60 11.34 72168
20150706 12.46 10.21 12.46 10.21 75661
20150707 9.20 9.19 9.27 9.19 37738
20150708 8.27 8.27 8.27 8.27 3398
20150709 7.44 9.10 9.10 7.44 173824
20150710 9.30 10.01 10.01 9.26 125495
20150713 10.50 11.01 11.01 10.01 160523
20150714 11.10 11.69 12.01 10.56 244912
20150715 11.10 10.52 11.40 10.52 103673
20150716 9.80 10.53 11.10 9.47 95444
20150717 10.58 11.19 11.40 10.55 83608
20150720 11.22 11.16 11.56 10.89 126326
20150721 11.06 11.57 12.00 10.58 167901
20150722 11.53 12.73 12.73 11.29 177264
20150723 12.76 13.40 13.98 12.40 166951
20150724 13.40 12.80 14.25 12.60 192458
20150727 12.30 11.52 13.13 11.52 121466
20150728 10.50 10.37 11.48 10.37 137398
20150729 10.60 11.11 11.19 9.70 120017
20150730 10.90 10.87 11.60 10.73 144339
