20140102 9.03 9.44 9.52 9.03 37700
20140103 9.36 9.40 9.49 9.25 20289
20140106 9.39 9.05 9.39 8.97 22508
20140107 9.00 9.17 9.17 8.93 13056
20140108 9.14 9.17 9.30 9.13 13132
20140109 9.10 8.88 9.22 8.80 16924
20140110 8.90 8.74 8.97 8.66 12018
20140113 8.76 8.73 8.80 8.66 7229
20140114 8.74 9.03 9.03 8.71 11236
20140115 9.02 9.29 9.30 8.92 14382
20140116 9.24 9.22 9.40 9.19 9473
20140117 9.22 9.27 9.35 9.10 12377
20140120 9.26 9.38 9.47 9.26 17366
20140121 9.38 9.46 9.47 9.31 17776
20140122 9.41 9.53 9.57 9.28 23522
20140123 9.50 10.28 10.47 9.49 82285
20140124 10.20 9.91 10.48 9.88 126088
20140127 10.17 9.98 10.28 9.84 51765
20140130 10.50 10.15 10.58 10.05 71341
20140207 10.00 10.31 10.40 10.00 35836
20140210 10.33 10.55 10.80 10.29 93954
20140211 10.50 10.29 10.59 10.27 49981
20140212 10.31 10.61 10.66 10.27 36585
20140213 10.59 10.23 10.60 10.21 29729
20140214 10.25 10.57 10.62 10.25 28444
20140217 10.59 10.94 11.04 10.53 56047
20140218 10.93 10.95 11.05 10.86 30118
20140219 10.92 10.84 11.07 10.72 32844
20140220 10.84 10.42 10.90 10.36 26773
20140221 10.43 10.47 10.63 10.36 13074
20140224 10.45 10.62 10.62 10.40 14563
20140225 10.62 10.11 10.79 10.00 22224
20140226 10.18 10.12 10.18 9.82 19247
20140227 10.15 10.03 10.33 9.91 13367
20140228 10.05 10.14 10.16 9.83 15247
20140303 10.18 10.44 10.46 10.03 15695
20140304 10.37 10.48 10.53 10.27 15870
20140305 10.50 10.50 10.90 10.44 63723
20140306 10.51 10.48 10.52 10.28 19012
20140307 10.48 10.46 10.67 10.41 18784
20140310 10.42 10.14 10.42 10.04 18633
20140311 10.04 10.02 10.18 9.97 11781
20140312 10.02 9.97 10.10 9.80 12975
20140313 9.98 10.16 10.50 9.95 26998
20140314 10.09 10.17 10.24 10.07 11726
20140317 10.19 10.45 10.46 10.19 19526
20140318 10.46 10.43 10.57 10.40 16473
20140319 10.43 10.53 10.58 10.32 29250
20140320 10.52 10.15 10.56 10.15 14368
20140321 10.05 10.43 10.59 10.01 16285
20140324 10.43 10.43 10.54 10.34 18469
20140325 10.45 10.67 10.78 10.37 52195
20140326 10.65 10.70 10.79 10.57 26296
20140327 10.70 10.36 10.70 10.36 23236
20140328 10.32 10.04 10.40 9.99 16483
20140331 9.88 9.04 9.88 9.04 40516
20140401 9.05 9.21 9.24 9.04 13379
20140402 9.21 9.16 9.23 9.08 9676
20140403 9.13 9.28 9.49 9.13 12677
20140404 9.26 9.44 9.46 9.26 11924
20140408 9.40 9.59 9.72 9.35 14711
20140409 9.61 9.86 9.95 9.60 19803
20140410 9.88 9.85 10.01 9.78 13983
20140411 9.74 10.44 10.48 9.74 52830
20140414 10.38 10.51 10.67 10.28 29460
20140415 10.51 10.52 10.65 10.33 27710
20140416 10.45 10.63 10.68 10.45 22482
20140417 10.60 10.50 10.70 10.50 17440
20140418 10.44 10.34 10.44 10.25 14737
20140421 10.30 10.17 10.50 10.16 14230
20140422 10.23 10.40 10.56 10.09 18258
20140423 10.37 10.10 10.40 10.06 12706
20140424 10.07 10.22 10.34 9.89 15776
20140425 10.20 9.95 10.45 9.92 16505
20140428 9.95 9.33 9.99 9.25 13476
20140429 9.33 9.73 9.75 9.33 8669
20140430 9.79 9.75 9.90 9.63 13273
20140505 9.68 10.12 10.14 9.53 27873
20140506 10.09 10.27 10.42 10.05 15645
20140507 10.12 10.24 10.48 10.12 18190
20140508 10.19 10.24 10.37 10.07 11189
20140509 10.18 10.35 10.50 10.11 29235
20140512 10.43 10.44 10.53 10.30 20343
20140513 10.40 10.26 10.48 10.11 17999
20140514 10.25 10.23 10.49 10.16 14948
20140515 10.18 9.89 10.28 9.89 8330
20140516 9.95 9.98 10.12 9.88 5720
20140519 10.01 10.08 10.13 9.92 5854
20140520 10.17 10.23 10.36 10.12 15163
20140521 10.23 10.35 10.46 10.15 12170
20140522 10.40 10.25 10.58 10.20 16497
20140523 10.26 10.34 10.42 10.21 11645
20140526 10.29 10.51 10.54 10.29 21958
20140527 10.52 10.57 10.67 10.45 23727
20140528 10.55 10.56 10.59 10.36 16898
20140529 10.56 10.46 10.77 10.46 23409
20140530 10.43 10.38 10.52 10.25 10451
20140603 10.43 10.41 10.58 10.30 10533
20140604 10.36 10.42 10.48 10.32 8356
20140605 10.36 11.02 11.04 10.36 32753
20150123 9.25 9.25 9.25 9.25 887
20150126 10.18 10.18 10.18 10.18 1463
20150127 11.20 11.20 11.20 11.20 1604
20150128 11.63 11.20 11.80 10.80 315836
20150129 10.61 10.80 11.05 10.58 117480
20150130 10.81 10.91 11.17 10.66 84341
20150202 10.70 10.95 11.30 10.67 68045
20150203 10.81 10.76 11.05 10.58 57168
20150204 10.70 10.90 10.90 10.63 53255
20150205 10.90 10.79 11.17 10.71 52470
20150206 10.59 10.34 10.79 10.21 55364
20150209 10.33 10.07 10.36 10.04 33974
20150210 10.38 10.38 10.44 10.11 47526
20150211 10.53 10.45 10.53 10.21 31177
20150212 10.45 10.55 10.75 10.28 42815
20150213 10.67 11.61 11.61 10.41 134068
20150216 11.61 12.00 12.10 11.58 113861
20150217 12.00 13.09 13.19 11.66 106834
20150225 12.91 13.61 13.99 12.90 118253
20150226 13.55 13.45 13.79 13.14 74195
20150227 13.35 13.46 13.52 13.22 37788
20150302 13.65 13.60 13.99 13.46 78244
20150303 13.54 14.39 14.90 13.46 92736
20150304 14.41 14.58 14.70 14.01 52081
20150305 14.67 14.45 14.67 14.24 25308
20150306 14.33 14.47 14.79 14.30 21399
20150309 14.47 14.47 14.55 14.06 21500
20150310 14.45 14.34 14.98 14.25 42231
20150311 14.31 14.26 14.48 13.70 60086
20150312 14.10 14.01 14.25 13.65 33402
20150313 14.01 14.34 14.47 13.96 32723
20150316 14.34 14.25 14.47 14.18 45800
20150317 14.30 14.05 14.47 13.94 48400
20150318 14.17 14.37 14.40 13.90 68542
20150319 14.38 15.81 15.81 14.37 106643
20150320 16.00 16.94 17.39 16.00 135829
20150323 17.28 17.08 17.45 16.70 66171
20150324 16.99 17.04 17.07 16.28 62153
20150325 16.60 18.74 18.74 16.60 82763
20150326 19.22 18.60 20.20 18.55 85676
20150327 18.40 18.73 18.97 18.00 34195
20150330 18.49 18.23 18.94 18.00 39668
20150331 18.23 18.22 19.70 17.61 43728
20150401 18.33 18.36 18.71 18.11 25372
20150402 18.39 19.32 19.70 18.36 44124
20150403 19.03 19.20 19.68 18.90 29585
20150407 19.03 19.06 19.19 18.80 36822
20150408 19.04 18.48 19.06 17.95 42280
20150409 18.40 18.31 18.40 17.01 24621
20150410 18.31 18.69 18.88 18.03 27749
20150413 18.67 18.82 18.97 18.30 46034
20150414 18.73 19.32 19.88 18.38 56825
20150415 19.19 18.85 19.88 18.46 36128
20150416 18.68 18.85 19.00 17.05 22894
20150417 18.90 18.55 19.18 18.35 28515
20150420 18.55 17.20 18.56 17.08 44514
20150421 17.25 17.37 17.48 16.55 45543
20150422 17.38 19.11 19.11 17.38 87645
20150423 19.50 21.02 21.02 19.50 109774
20150424 20.70 21.35 22.00 20.30 57852
20150427 21.38 20.74 22.59 20.45 58886
20150429 19.41 21.37 21.37 19.02 63892
20150430 21.27 21.50 23.30 20.51 79072
20150504 21.23 21.15 22.00 20.81 31553
20150505 20.90 19.70 21.15 19.20 44889
20150506 19.77 19.27 20.59 19.20 47891
20150507 19.25 19.27 19.74 18.68 32906
20150508 19.36 19.88 20.16 19.30 42356
20150511 19.88 21.35 21.68 19.88 57531
20150512 21.20 21.59 21.71 20.71 66381
20150513 21.49 22.40 23.50 21.00 84084
20150514 22.20 24.64 24.64 22.03 83731
20150525 22.73 24.00 24.69 22.63 158114
20150526 23.98 26.40 26.40 23.35 112273
20150527 26.71 28.40 29.04 26.00 82997
20150528 28.10 27.50 30.14 26.88 85837
20150529 27.45 28.80 28.90 24.85 84123
20150601 29.68 31.68 31.68 28.01 89860
20150602 31.92 34.85 34.85 31.35 66684
20150603 35.60 35.30 38.00 34.85 72762
20150604 35.10 35.40 36.09 32.30 53754
