20140102 10.77 10.84 11.06 10.77 22549
20140103 10.83 11.00 11.03 10.75 20797
20140106 10.95 10.35 11.08 10.31 27631
20140107 10.35 10.37 10.59 10.20 17756
20140108 10.36 10.48 10.58 10.36 15356
20140109 10.43 10.06 10.60 10.02 13798
20140110 10.06 9.98 10.28 9.96 15461
20140113 10.00 10.24 10.27 9.97 11812
20140114 10.30 10.63 10.64 10.25 18591
20140115 10.63 10.67 10.99 10.60 22394
20140116 10.56 10.95 11.15 10.55 36878
20140117 10.81 10.90 11.09 10.76 25107
20140120 10.87 10.75 10.94 10.51 19152
20140121 10.75 11.30 11.48 10.65 37738
20140122 11.22 11.36 11.45 11.19 32727
20140123 11.37 11.60 11.76 11.23 44662
20140124 11.50 11.43 11.68 11.38 30308
20140127 11.30 11.44 11.67 11.10 26813
20140128 11.50 11.38 11.50 11.24 14599
20140129 11.38 11.56 11.64 11.26 16072
20140130 11.57 11.07 11.57 11.01 19885
20140207 10.90 11.31 11.32 10.78 19972
20140210 11.31 11.81 11.83 11.31 34450
20140211 11.75 11.73 11.98 11.52 26733
20140212 11.97 12.11 12.18 11.70 37327
20140213 12.13 11.78 12.19 11.78 26358
20140214 11.85 12.14 12.18 11.71 26126
20140217 12.18 12.44 12.60 12.04 32360
20140218 12.40 12.59 12.66 12.32 27861
20140219 12.58 12.35 12.72 12.28 30909
20140220 12.37 11.90 12.39 11.85 24693
20140221 11.91 12.05 12.21 11.85 18062
20140224 11.88 12.18 12.19 11.71 15405
20140225 12.14 11.40 12.31 11.17 30331
20140226 11.30 11.38 11.47 11.10 15288
20140227 11.43 11.19 11.65 11.15 16835
20140228 11.23 11.45 11.48 11.00 12156
20140303 11.47 11.78 11.80 11.42 14799
20140304 11.78 11.88 11.97 11.55 12629
20140305 11.88 11.71 11.97 11.70 10995
20140306 11.70 12.15 12.26 11.70 21563
20140307 12.07 12.06 12.20 11.89 11926
20140310 12.06 11.33 12.07 11.16 18398
20140311 11.11 11.23 11.35 11.08 11116
20140312 11.22 11.09 11.38 10.99 10528
20140313 11.09 11.14 11.25 11.06 8773
20140314 11.12 11.15 11.19 10.96 9251
20140317 11.13 11.49 11.55 11.13 9988
20140318 11.56 11.49 11.69 11.35 8340
20140319 11.58 11.65 11.67 11.31 6804
20140320 11.65 11.22 11.69 11.22 9462
20140321 11.20 11.35 11.38 10.80 13608
20140324 11.32 11.95 11.97 11.32 20988
20140325 11.85 11.90 12.08 11.75 15415
20140326 11.90 11.87 11.96 11.73 11452
20140327 11.94 11.60 12.17 11.60 25738
20140328 11.52 10.91 11.70 10.88 19524
20140331 10.91 10.92 11.10 10.75 8966
20140401 10.91 11.24 11.29 10.90 8895
20140402 11.28 11.28 11.48 11.22 6590
20140403 11.21 11.33 11.40 11.20 6237
20140404 11.25 11.43 11.58 11.25 7715
20140408 11.37 11.58 11.62 11.37 7373
20140409 11.64 11.55 11.65 11.48 6637
20140410 11.55 11.57 11.91 11.54 13635
20140411 11.66 11.58 11.66 11.48 6408
20140414 11.58 11.85 11.90 11.53 10830
20140415 11.82 11.66 11.91 11.61 7814
20140416 11.64 11.75 11.84 11.64 5955
20140417 11.80 11.76 11.86 11.66 4914
20140418 11.99 11.79 11.99 11.78 7860
20140421 11.71 11.16 11.71 11.08 12310
20140422 11.48 11.28 11.48 11.16 8378
20140423 11.28 11.34 11.37 11.25 4042
20140424 11.22 11.05 11.26 11.00 5654
20140425 10.97 10.97 11.19 10.95 4896
20140428 10.97 10.80 11.11 10.76 6666
20140429 10.76 10.31 10.76 10.05 13963
20140430 10.32 10.45 10.47 10.16 6737
20140505 10.40 10.85 10.95 10.35 10035
20140506 10.80 10.80 10.97 10.53 7458
20140507 10.99 10.55 10.99 10.55 6449
20140508 10.60 10.73 10.83 10.45 8166
20140509 10.78 10.74 10.78 10.59 4238
20140512 10.75 10.93 10.97 10.75 6728
20140513 10.96 10.95 10.96 10.82 5595
20140514 10.95 10.93 11.05 10.87 2773
20140515 10.90 10.61 11.03 10.59 3931
20140516 10.55 10.46 10.74 10.28 4675
20140519 10.49 10.69 10.70 10.31 4486
20140520 10.69 10.68 10.85 10.62 2139
20140521 10.54 10.83 10.83 10.51 3239
20140522 10.79 10.83 11.00 10.69 4218
20140523 10.93 10.86 10.93 10.75 2150
20140526 10.94 10.98 11.05 10.80 5199
20140527 11.06 10.96 11.06 10.92 5092
20140528 10.98 10.92 10.98 10.62 6573
20140529 10.90 11.30 11.32 10.88 17333
20140530 11.20 11.31 11.49 11.15 17677
20140603 11.31 11.08 11.47 11.07 11995
20140604 11.07 11.11 11.17 11.02 7095
20140605 11.11 11.35 11.42 11.10 10094
20140606 11.48 11.37 11.52 11.27 13956
20140609 11.31 11.21 11.35 11.16 7842
20140610 11.21 11.54 11.55 11.14 13851
20140611 11.58 11.78 12.00 11.42 14598
20140612 11.76 11.63 11.76 11.53 10327
20140613 11.52 11.68 11.76 11.46 8048
20140616 11.70 11.79 11.89 11.65 10653
20140617 11.73 11.80 11.95 11.60 8477
20140618 11.85 11.58 11.93 11.55 7641
20140619 11.51 11.21 11.66 11.18 10974
20140620 11.30 11.47 11.48 11.24 6640
20140623 11.47 11.57 11.66 11.35 7313
20140624 11.58 11.63 11.68 11.50 8165
20140625 11.63 11.51 11.65 11.48 6461
20140626 11.57 11.87 11.99 11.54 20021
20140627 11.88 11.94 12.03 11.75 13757
20140630 11.93 12.05 12.20 11.91 15294
20140701 12.00 12.07 12.17 11.88 12930
20140702 12.05 12.13 12.30 11.99 12805
20140703 12.10 12.04 12.27 11.93 13134
20140704 12.12 12.38 12.49 11.94 26833
20140707 12.38 12.30 12.38 12.07 15827
20140708 12.30 12.42 12.46 12.24 15179
20140709 12.36 12.04 12.54 11.91 15091
20140904 13.24 13.24 13.24 13.24 17667
20140905 13.74 13.86 14.38 13.50 121033
20140909 13.76 13.62 13.76 13.32 50430
20140910 13.48 13.49 13.57 13.27 36224
20140911 13.54 13.40 13.83 13.36 42101
20140912 13.50 13.48 13.51 13.26 22115
20140915 13.41 13.72 13.74 13.30 33404
20140916 13.73 13.12 13.73 13.02 29930
20140917 13.12 13.05 13.24 12.77 19373
20140918 13.08 13.30 13.31 12.90 18940
20140919 13.30 13.39 13.44 13.23 16155
20140922 13.44 13.24 13.60 13.20 17178
20140923 13.13 13.46 13.49 13.11 13104
20140924 13.47 13.68 13.71 13.40 27307
20140925 13.72 13.52 13.76 13.50 23003
20140926 13.52 13.68 13.73 13.47 15508
20140929 13.70 13.96 14.20 13.70 33325
20140930 13.96 14.04 14.15 13.91 20003
20141008 14.11 14.36 14.37 13.93 21923
20141009 14.30 14.08 14.36 13.93 20063
20141010 14.00 14.06 14.07 13.81 16618
20141013 14.05 13.90 14.05 13.68 15414
20141014 13.89 14.13 14.29 13.89 18240
20141015 14.62 15.54 15.54 14.14 46171
20141016 16.07 16.46 16.97 15.70 104944
20141017 16.45 16.56 16.58 15.75 64433
20141020 16.30 16.77 16.87 16.28 50046
20141021 16.70 17.10 17.29 16.60 48970
20141022 17.50 16.84 17.52 16.65 47210
20141023 16.50 16.65 17.02 16.50 32646
20141024 16.44 16.70 16.99 16.44 19790
20141027 16.55 16.72 17.40 16.55 22170
20141028 16.72 17.90 18.15 16.72 40787
20141029 17.66 17.88 18.28 17.32 43541
20141030 17.77 17.70 17.80 17.36 24256
20141031 17.93 17.32 17.94 17.18 20804
20141103 17.33 17.46 17.50 16.86 25683
20141104 17.40 17.16 17.48 17.01 21043
20141105 16.95 17.37 17.58 16.67 20285
20141106 17.48 17.52 17.55 17.25 12335
20141107 17.52 17.42 18.09 17.36 20972
20141110 17.01 17.66 18.00 17.01 14056
20141111 17.63 18.39 18.40 17.51 35806
20141112 18.30 18.15 18.38 17.77 19482
20141113 17.93 17.65 18.29 17.38 20634
20141114 17.46 17.60 17.65 17.35 17271
20141117 17.61 18.04 18.65 17.50 26186
20141118 17.86 17.67 18.01 17.51 10422
20141119 17.68 17.70 18.08 17.56 10326
20141120 17.60 17.86 17.86 17.56 10111
20141121 17.85 18.06 18.40 17.76 15583
20141124 18.20 18.50 18.54 18.02 22313
20141125 18.50 19.16 19.60 18.50 29922
20141126 19.07 18.88 19.58 18.70 17552
20141127 18.97 18.50 19.05 18.39 15658
20141128 18.50 18.60 18.70 18.28 10583
20141201 18.65 19.00 19.08 18.61 18631
20141202 18.88 18.82 19.16 18.60 35114
20141203 18.76 19.41 19.41 18.75 28449
20141204 19.54 19.43 19.70 19.10 24433
20141205 19.25 18.88 19.42 18.71 25969
20141208 18.51 19.01 19.28 18.50 20579
20141209 18.95 18.11 19.60 18.11 23181
20141210 17.91 18.65 18.80 17.91 10904
20141211 18.64 19.49 19.52 18.49 16196
20141212 19.52 21.44 21.44 19.30 34479
20141215 21.85 22.39 23.00 21.30 31561
20141216 22.39 22.05 22.39 21.52 17299
20141217 22.00 22.70 22.80 21.53 21383
20141218 22.70 22.53 23.10 22.42 11500
20141219 22.46 21.36 22.60 20.80 14864
20141223 20.90 19.22 20.90 19.22 19097
20141224 19.08 19.61 20.15 19.08 7004
20141225 21.57 21.57 21.57 21.57 4063
20141226 23.73 23.73 23.73 23.73 4311
20141229 26.10 26.10 26.10 24.45 269123
20141230 26.25 27.23 28.68 25.28 218260
20141231 25.20 26.08 26.49 24.73 118302
20150105 26.10 26.30 28.50 26.00 117051
20150106 25.22 27.53 28.00 24.61 142634
20150107 27.25 29.23 30.28 26.20 235935
20150108 28.10 28.29 29.22 27.81 128256
20150109 28.35 29.54 31.12 28.05 240095
20150112 28.98 32.49 32.49 28.75 238684
20150113 32.26 34.99 35.74 31.57 251131
20150114 34.30 38.49 38.49 34.30 244296
20150115 38.99 37.70 39.69 36.61 238090
20150116 37.22 37.70 39.88 37.19 194887
20150119 36.10 35.13 39.10 34.00 214711
20150120 35.19 38.64 38.64 35.19 183044
20150121 39.19 38.63 39.35 37.11 167791
20150122 38.01 39.06 41.87 37.75 202901
20150123 38.52 37.24 38.97 37.00 124208
20150126 36.51 36.93 37.66 35.81 86926
20150127 36.90 36.30 37.68 35.19 91189
20150128 34.00 34.59 34.99 33.50 122603
20150129 34.19 33.30 35.09 33.12 111641
20150130 33.44 32.30 33.75 32.12 83007
20150202 31.90 33.56 33.58 31.74 88459
20150203 34.00 31.72 34.00 30.69 146604
20150204 31.08 33.42 33.67 30.70 144074
20150205 32.65 32.50 33.68 32.20 98807
20150206 32.39 29.39 32.69 29.25 96643
20150209 29.37 28.66 29.95 28.50 56062
20150210 28.74 29.60 29.85 28.66 42622
20150211 29.66 29.82 30.12 29.06 45867
20150212 30.00 30.21 30.78 29.72 50743
20150213 30.87 32.60 32.96 30.87 103853
20150216 32.18 32.68 32.81 31.58 62876
20150217 32.90 32.14 32.93 31.80 47562
20150225 32.27 32.24 32.74 31.00 40855
20150226 32.09 32.55 32.70 31.58 47309
20150227 31.94 32.48 32.50 30.93 192029
20150302 32.52 35.73 35.73 32.02 212160
20150303 36.50 39.30 39.30 36.14 192903
20150304 41.88 39.90 41.88 37.75 266361
20150305 38.38 36.50 38.39 36.25 260408
20150306 12.17 13.39 13.39 12.17 894867
20150309 13.77 14.13 14.73 13.70 1390915
20150310 13.16 13.59 13.67 12.72 1057530
20150311 13.35 13.15 13.48 13.00 591102
20150312 13.29 13.28 13.95 12.96 715057
20150313 13.04 13.37 13.38 13.00 405488
20150316 13.27 13.39 13.45 13.00 812129
20150317 13.39 14.73 14.73 13.25 1162443
20150318 15.00 16.20 16.20 14.83 1589938
20150319 16.50 16.73 17.23 15.51 1331454
20150320 16.70 18.00 18.24 16.13 993352
20150323 17.74 19.80 19.80 17.55 914987
20150324 20.00 21.69 21.78 19.00 1473563
20150325 21.03 22.70 23.86 20.66 1144155
20150326 22.40 20.43 23.37 20.43 1251132
20150327 19.70 20.60 21.58 18.39 880153
20150330 19.80 19.12 20.12 18.89 779001
20150331 19.12 19.35 19.96 18.90 528897
20150401 19.31 19.38 19.59 19.00 440301
20150402 19.41 19.59 19.60 19.06 579050
20150403 19.48 19.23 19.48 19.13 437583
20150407 19.23 21.15 21.15 19.03 962091
20150408 21.26 23.27 23.27 21.26 1422191
20150409 24.10 22.61 24.10 21.58 1237849
20150410 21.85 22.10 23.19 21.32 783232
20150413 21.78 21.49 21.83 21.06 514793
20150414 21.25 20.46 21.27 20.39 562730
20150415 20.25 20.68 21.80 19.45 657183
20150416 19.99 20.07 21.08 19.40 360743
20150417 19.82 20.00 20.49 19.82 321288
20150420 19.88 18.75 19.88 18.66 461792
20150421 18.50 19.43 19.50 18.26 264734
20150422 19.50 19.65 19.93 19.39 280844
20150423 19.65 21.62 21.62 19.54 878007
20150424 22.00 20.58 22.30 20.44 764961
20150427 19.98 20.14 20.80 19.80 431453
20150428 19.99 18.95 20.00 18.95 412508
20150429 18.96 19.13 19.44 18.96 199149
20150430 19.13 18.78 19.29 18.61 296279
20150504 18.76 18.68 19.00 18.60 198208
20150505 18.69 17.60 18.85 17.45 261853
20150506 17.60 16.51 17.93 16.00 310064
20150507 16.51 15.60 16.51 15.45 305734
20150508 15.75 16.83 17.00 15.75 376962
20150511 16.98 17.85 17.99 16.98 322552
20150512 17.90 17.63 18.00 17.45 291081
20150513 17.61 17.54 17.96 17.02 293588
20150514 17.54 19.29 19.29 17.26 609671
20150515 19.00 18.01 19.00 17.90 438194
20150518 17.50 17.39 17.85 17.30 256124
20150519 17.39 17.72 17.92 17.38 220879
20150520 17.72 18.25 18.80 17.72 396533
20150521 18.25 19.73 19.95 18.10 660648
20150522 19.78 19.33 20.20 18.88 594013
20150525 19.00 19.79 19.99 18.75 553618
20150526 19.81 20.67 21.00 19.81 685988
20150527 20.67 20.21 20.77 19.72 601563
20150528 20.20 18.19 20.20 18.19 545972
20150529 17.86 17.47 18.36 16.40 396185
20150601 17.50 18.10 18.23 17.50 281112
20150602 18.18 19.56 19.72 18.18 407662
20150603 19.56 20.25 20.53 19.40 723516
20150604 20.24 19.27 20.24 18.23 583974
20150605 19.35 19.89 20.20 19.35 586992
20150608 19.95 21.14 21.51 19.69 1011224
20150609 21.02 20.04 21.02 19.70 592400
20150610 19.60 19.93 20.47 19.05 407119
20150611 20.09 20.41 20.78 19.95 510268
20150612 20.45 19.91 20.59 19.68 452849
20150615 19.92 18.83 19.98 18.80 422356
20150616 18.39 17.46 18.40 17.02 337204
20150617 17.46 18.83 19.16 17.29 315970
20150618 18.84 18.00 19.30 18.00 278377
20150619 17.38 16.20 17.90 16.20 240739
20150623 16.20 16.40 16.59 14.60 239720
20150624 16.70 16.66 16.89 16.11 221978
20150625 16.64 15.41 16.70 15.01 244527
20150626 14.90 13.87 14.90 13.87 210022
20150629 14.06 12.48 14.37 12.48 253323
20150630 11.99 12.95 13.05 11.23 328074
20150701 12.78 11.66 13.17 11.66 276258
20150702 11.66 10.49 11.80 10.49 211409
20150703 9.82 9.44 10.40 9.44 216791
20150706 10.30 8.52 10.30 8.50 279029
20150707 7.81 7.67 8.09 7.67 107897
20150708 6.90 7.21 7.36 6.90 422869
20150709 6.88 7.93 7.93 6.82 259498
20150710 8.41 8.72 8.72 8.10 126064
20150713 9.59 9.59 9.59 8.99 381473
20150714 10.00 10.55 10.55 9.61 546869
20150715 10.20 9.50 10.20 9.50 281094
20150716 9.50 9.47 9.99 8.55 292566
20150717 9.47 10.10 10.28 9.47 268575
20150720 10.10 10.26 10.80 9.79 305434
20150721 10.01 10.25 10.45 9.90 229595
20150722 10.20 10.68 10.70 10.07 341081
20150723 10.79 11.20 11.36 10.41 406290
20150724 11.21 10.88 11.56 10.54 453896
20150727 10.40 9.79 11.07 9.79 270153
20150728 9.00 8.84 9.72 8.81 270959
20150729 9.10 9.60 9.60 8.87 192109
20150730 9.53 9.19 9.83 9.17 189637
