20140102 2.76 2.76 2.82 2.75 102708
20140103 2.76 2.70 2.76 2.66 96202
20140106 2.66 2.65 2.70 2.65 76120
20140107 2.65 2.66 2.68 2.62 48001
20140108 2.67 2.66 2.70 2.62 77810
20140109 2.67 2.66 2.72 2.65 117854
20140110 2.66 2.65 2.68 2.62 70307
20140113 2.65 2.53 2.67 2.47 91264
20140114 2.52 2.59 2.59 2.45 96193
20140115 2.57 2.56 2.59 2.53 50884
20140116 2.58 2.57 2.59 2.52 49798
20140117 2.56 2.50 2.56 2.44 76813
20140120 2.48 2.50 2.53 2.46 46983
20140121 2.50 2.49 2.53 2.47 63352
20140122 2.49 2.51 2.54 2.47 64994
20140123 2.53 2.52 2.53 2.50 76388
20140124 2.51 2.55 2.58 2.50 95024
20140127 2.51 2.55 2.55 2.51 73275
20140128 2.50 2.53 2.60 2.49 104510
20140129 2.53 2.48 2.54 2.44 127465
20140130 2.43 2.38 2.43 2.23 185486
20140207 2.30 2.38 2.43 2.30 96374
20140210 2.38 2.40 2.40 2.36 200131
20140211 2.40 2.36 2.40 2.33 179276
20140212 2.34 2.36 2.37 2.33 170142
20140213 2.36 2.48 2.55 2.35 358494
20140214 2.50 2.47 2.51 2.42 210233
20140217 2.47 2.48 2.51 2.44 131786
20140218 2.47 2.50 2.52 2.39 270201
20140219 2.49 2.50 2.52 2.46 150601
20140220 2.50 2.44 2.50 2.44 154104
20140221 2.44 2.45 2.46 2.40 139678
20140224 2.44 2.45 2.46 2.41 108971
20140225 2.45 2.70 2.70 2.44 903356
20140226 2.68 2.68 2.73 2.57 692751
20140227 2.62 2.68 2.72 2.58 363699
20140228 2.69 2.62 2.69 2.58 253319
20140303 2.59 2.63 2.64 2.58 205183
20140304 2.62 2.57 2.62 2.54 195686
20140305 2.57 2.55 2.60 2.54 139023
20140306 2.55 2.64 2.76 2.53 324614
20140307 2.61 2.57 2.64 2.55 165424
20140310 2.56 2.42 2.57 2.42 194014
20140311 2.40 2.44 2.46 2.39 104592
20140312 2.44 2.41 2.44 2.36 108527
20140313 2.41 2.44 2.47 2.41 83509
20140314 2.43 2.44 2.48 2.41 88361
20140317 2.41 2.44 2.44 2.36 189942
20140318 2.43 2.61 2.68 2.41 391350
20140319 2.58 2.69 2.69 2.57 351107
20140320 2.69 2.58 2.76 2.56 249149
20140321 2.66 2.67 2.72 2.61 343461
20140328 2.50 2.72 2.88 2.40 542700
20140331 2.70 2.66 2.84 2.66 295525
20140401 2.64 2.58 2.69 2.52 295850
20140402 2.57 2.54 2.59 2.51 167424
20140403 2.53 2.53 2.55 2.51 111417
20140404 2.54 2.55 2.56 2.52 92087
20140408 2.55 2.53 2.55 2.50 128886
20140409 2.53 2.54 2.55 2.51 131595
20140410 2.55 2.57 2.65 2.55 211122
20140411 2.58 2.52 2.59 2.51 161764
20140414 2.52 2.53 2.53 2.50 82040
20140415 2.53 2.53 2.58 2.51 115201
20140416 2.51 2.54 2.56 2.51 85790
20140417 2.53 2.52 2.54 2.50 80567
20140418 2.51 2.50 2.53 2.50 76141
20140421 2.50 2.43 2.50 2.42 126346
20140422 2.43 2.46 2.47 2.42 87177
20140423 2.47 2.39 2.47 2.38 85147
20140424 2.38 2.39 2.41 2.35 98288
20140425 2.37 2.28 2.38 2.28 139959
20140428 2.27 2.22 2.27 2.19 104710
20140429 2.21 2.24 2.27 2.21 80325
20140505 2.13 2.21 2.21 2.13 207129
20140506 2.19 2.32 2.32 2.18 96046
20140507 2.36 2.32 2.44 2.30 245110
20140508 2.34 2.32 2.36 2.29 82923
20140509 2.28 2.21 2.30 2.20 206445
20140512 2.22 2.23 2.26 2.19 118712
20140513 2.23 2.18 2.23 2.17 215197
20140514 2.18 2.20 2.21 2.17 78615
20140515 2.19 2.16 2.20 2.13 101363
20140516 2.16 2.15 2.16 2.13 74621
20140519 2.15 2.11 2.15 2.10 94494
20140520 2.12 2.12 2.14 2.10 61427
20140521 2.11 2.12 2.13 2.08 58321
20140522 2.13 2.14 2.15 2.11 77653
20140523 2.13 2.14 2.14 2.12 49168
20140526 2.14 2.16 2.17 2.13 76230
20140527 2.16 2.15 2.16 2.13 59063
20140528 2.14 2.14 2.15 2.12 115021
20140529 2.14 2.25 2.25 2.13 400518
20140530 2.25 2.24 2.27 2.20 182764
20140603 2.24 2.21 2.24 2.20 86550
20140604 2.20 2.16 2.20 2.14 97620
20140605 2.15 2.18 2.18 2.13 85931
20140606 2.17 2.15 2.18 2.14 59959
20140609 2.14 2.15 2.18 2.12 54410
20140610 2.14 2.16 2.18 2.14 78519
20140611 2.16 2.17 2.18 2.15 69175
20140612 2.17 2.15 2.17 2.14 47894
20140613 2.14 2.17 2.17 2.14 89430
20140616 2.16 2.20 2.22 2.15 126878
20140617 2.19 2.22 2.23 2.16 177139
20140618 2.22 2.18 2.22 2.17 91497
20140619 2.18 2.15 2.22 2.13 87478
20140620 2.15 2.16 2.17 2.13 81203
20140623 2.15 2.19 2.19 2.15 75546
20140624 2.20 2.24 2.26 2.18 152838
20140625 2.22 2.21 2.23 2.19 88236
20140626 2.21 2.22 2.24 2.20 103009
20140627 2.22 2.23 2.25 2.21 112289
20140630 2.24 2.26 2.26 2.23 118217
20140701 2.26 2.26 2.27 2.24 101306
20140702 2.26 2.26 2.27 2.24 96081
20140703 2.26 2.34 2.37 2.25 265571
20140704 2.34 2.34 2.39 2.32 165776
20140707 2.32 2.34 2.36 2.32 92120
20140708 2.33 2.34 2.35 2.29 91905
20140709 2.34 2.28 2.34 2.27 89870
20140710 2.27 2.37 2.39 2.27 205039
20140711 2.36 2.48 2.49 2.36 231257
20140714 2.48 2.60 2.60 2.47 320306
20140715 2.60 2.56 2.69 2.52 299823
20140716 2.54 2.59 2.63 2.52 157435
20140717 2.59 2.60 2.63 2.56 153091
20140718 2.60 2.54 2.60 2.52 118050
20140721 2.53 2.49 2.56 2.49 111019
20140722 2.49 2.61 2.61 2.49 186494
20140723 2.64 2.63 2.69 2.60 221152
20140724 2.61 2.63 2.67 2.61 123105
20140725 2.64 2.65 2.65 2.62 84502
20140728 2.64 2.70 2.74 2.64 175430
20140729 2.70 2.71 2.71 2.65 185360
20140730 2.71 2.68 2.72 2.68 119344
20140731 2.68 2.69 2.70 2.63 157515
20140801 2.68 2.64 2.68 2.64 132573
20140804 2.63 2.66 2.68 2.62 102027
20140805 2.66 2.65 2.66 2.61 105877
20140806 2.65 2.75 2.75 2.62 227459
20140807 2.76 2.71 2.77 2.70 145445
20140808 2.71 2.73 2.74 2.70 97365
20140811 2.74 2.74 2.75 2.73 134952
20140812 2.74 2.71 2.74 2.70 142836
20140813 2.71 2.76 2.81 2.69 217431
20140814 2.75 2.73 2.78 2.72 154094
20140815 2.72 2.76 2.77 2.72 122730
20140818 2.75 2.78 2.80 2.75 158028
20140819 2.78 2.78 2.80 2.75 116869
20140820 2.79 2.92 2.92 2.77 376314
20140821 2.90 3.05 3.07 2.89 502834
20140822 3.05 3.05 3.11 3.00 247195
20140825 3.05 3.03 3.08 2.99 192079
20140826 3.03 3.10 3.18 3.00 437894
20140827 3.09 3.25 3.25 3.07 268367
20140828 3.27 3.09 3.37 3.09 605532
20140829 3.00 3.10 3.15 2.99 226309
20140901 3.11 3.18 3.21 3.05 216433
20140902 3.20 3.24 3.25 3.17 211550
20140903 3.25 3.21 3.28 3.18 231326
20140904 3.22 3.22 3.24 3.18 175243
20140905 3.22 3.23 3.24 3.19 175109
20140909 3.23 3.31 3.31 3.20 203966
20140910 3.31 3.44 3.47 3.27 350540
20140911 3.48 3.50 3.55 3.41 376951
20140912 3.50 3.62 3.63 3.46 259918
20140915 3.65 3.80 3.80 3.60 455127
20140916 3.90 3.72 3.98 3.61 753619
20140917 3.72 3.76 3.82 3.61 311924
20140918 3.76 3.72 3.80 3.71 226889
20140919 3.71 3.76 3.80 3.67 208734
20140922 3.75 3.75 3.84 3.71 268774
20140923 3.74 3.85 3.86 3.72 264253
20140924 3.85 4.04 4.04 3.82 366973
20140925 4.09 4.24 4.24 4.09 516831
20140926 4.20 4.34 4.43 4.18 593251
20140929 4.35 4.54 4.55 4.35 435594
20140930 4.58 4.77 4.77 4.58 468627
20141008 4.90 5.00 5.01 4.60 628132
20141009 5.00 5.17 5.23 4.90 659318
20141010 5.12 5.01 5.27 4.98 545189
20141013 4.90 4.83 5.00 4.76 624058
20141014 4.75 4.71 4.95 4.66 484205
20141015 4.73 4.47 4.79 4.47 702015
20141016 4.45 4.69 4.69 4.26 860458
20141017 4.68 4.74 4.82 4.56 636541
20141020 4.66 4.58 4.77 4.53 344324
20141021 4.59 4.51 4.65 4.45 266421
20141022 4.49 4.59 4.67 4.49 323558
20141023 4.62 4.36 4.64 4.36 339368
20141024 4.32 4.14 4.38 4.14 413289
20141027 4.07 3.93 4.07 3.93 470233
20141028 3.93 4.13 4.13 3.93 283688
20141029 4.30 4.34 4.34 4.20 570129
20141030 4.45 4.56 4.56 4.44 628634
20141031 4.50 4.50 4.73 4.45 502126
20141103 4.54 4.57 4.60 4.44 271567
20141104 4.54 4.53 4.72 4.51 320052
20141105 4.52 4.39 4.52 4.35 305943
20141106 4.41 4.42 4.47 4.35 207229
20141107 4.42 4.28 4.44 4.21 363992
20141110 4.28 4.30 4.43 4.25 260626
20141111 4.30 4.10 4.31 4.09 327637
20141112 4.08 4.31 4.31 4.00 407954
20141113 4.37 4.26 4.43 4.21 351463
20141114 4.20 4.21 4.25 4.15 140217
20141117 4.23 4.27 4.30 4.17 134299
20141118 4.25 4.31 4.34 4.25 126648
20141119 4.30 4.30 4.35 4.26 104992
20141120 4.30 4.35 4.45 4.24 250032
20141121 4.38 4.39 4.45 4.33 215033
20141124 4.41 4.40 4.47 4.35 269277
20141125 4.40 4.37 4.43 4.35 270779
20141126 4.37 4.20 4.39 4.19 478139
20141127 4.21 4.24 4.32 4.20 293314
20141128 4.26 4.21 4.26 4.17 278762
20141201 4.19 4.19 4.23 4.16 194017
20141202 4.20 4.25 4.29 4.18 232510
20141203 4.25 4.20 4.26 4.17 299166
20141204 4.20 4.21 4.24 4.17 319205
20141205 4.20 4.04 4.21 4.00 650821
20141208 4.00 4.11 4.19 3.87 425562
20141209 4.09 3.90 4.09 3.90 418143
20141210 3.86 3.94 3.98 3.82 271712
20141211 3.92 4.02 4.02 3.87 293908
20141212 4.01 4.12 4.17 3.99 297164
20141215 3.91 3.91 4.00 3.91 447930
20141216 3.72 3.84 3.97 3.71 1221985
20141217 3.74 3.65 3.76 3.65 758752
20141218 3.63 3.71 3.74 3.60 391797
20141219 3.70 3.52 3.71 3.52 490113
20141222 3.43 3.34 3.43 3.34 343562
20141223 3.17 3.37 3.50 3.17 646616
20141224 3.31 3.54 3.54 3.29 495641
20141225 3.60 3.64 3.68 3.55 427909
20141226 3.64 3.61 3.66 3.55 264987
20141229 3.62 3.45 3.64 3.43 267767
20141230 3.44 3.37 3.55 3.33 215347
20141231 3.38 3.43 3.45 3.32 149320
20150105 3.45 3.47 3.50 3.33 226940
20150106 3.45 3.45 3.47 3.37 231609
20150107 3.43 3.62 3.62 3.41 410063
20150108 3.66 3.77 3.80 3.64 503706
20150109 3.77 3.66 3.86 3.66 462041
20150112 3.66 3.84 3.84 3.61 451289
20150113 3.87 3.92 4.02 3.80 465363
20150114 3.80 3.72 3.84 3.72 555791
20150115 3.65 3.69 3.74 3.62 187623
20150116 3.71 3.77 3.78 3.67 185792
20150119 3.71 3.58 3.78 3.58 289899
20150120 3.60 3.76 3.76 3.60 299148
20150121 3.85 3.85 3.90 3.79 316280
20150122 4.00 4.04 4.04 3.90 509955
20150123 4.08 4.22 4.24 4.07 779781
20150126 4.21 4.19 4.26 4.11 410643
20150127 4.16 4.34 4.40 4.13 513795
20150128 4.37 4.17 4.40 4.12 610707
20150129 4.19 4.15 4.21 4.13 264705
20150130 4.15 4.15 4.28 4.13 228781
20150202 4.14 4.02 4.14 3.94 275105
20150203 4.04 4.05 4.11 4.03 172211
20150204 4.08 4.16 4.18 4.05 240543
20150205 4.20 4.08 4.20 4.03 265302
20150206 4.07 3.97 4.07 3.95 191207
20150209 3.97 3.99 4.06 3.97 155004
20150210 4.00 3.92 4.00 3.83 238275
20150211 4.01 4.12 4.12 4.00 128426
20150212 4.28 4.18 4.30 4.14 367087
20150213 4.18 4.16 4.23 4.10 476423
20150216 4.16 4.08 4.17 4.06 493189
20150217 4.10 4.28 4.28 4.10 537255
20150225 4.28 4.25 4.38 4.23 381861
20150226 4.28 4.29 4.33 4.23 249506
20150227 4.29 4.42 4.49 4.28 466160
20150302 4.40 4.56 4.62 4.40 424894
20150303 4.61 4.39 4.69 4.34 714413
20150304 4.40 4.47 4.54 4.40 312458
20150305 4.48 4.69 4.69 4.41 690938
20150306 4.69 4.82 4.92 4.60 757349
20150309 4.80 4.97 4.98 4.74 505631
20150310 4.96 4.92 5.09 4.83 586182
20150311 4.98 5.17 5.17 4.88 576217
20150312 5.20 5.21 5.35 4.91 1159340
20150313 5.20 5.19 5.29 5.11 473557
20150316 5.25 5.21 5.26 5.16 573894
20150317 5.21 5.33 5.39 5.16 564907
20150318 5.32 5.60 5.60 5.30 729804
20150319 5.63 5.88 5.88 5.60 433579
20150320 6.17 6.17 6.17 6.07 204031
20150323 6.48 6.48 6.48 6.48 45715
20150324 6.80 6.79 6.80 6.18 1820180
20150325 6.78 6.48 6.78 6.45 1132362
20150326 6.40 6.16 6.40 6.16 897358
20150327 6.16 6.47 6.47 5.90 805691
20150330 6.16 6.49 6.73 6.16 957451
20150331 6.52 6.37 6.70 6.32 573377
20150401 6.28 6.37 6.45 6.25 382627
20150402 6.44 6.37 6.46 6.31 395021
20150403 6.36 6.69 6.69 6.31 739969
20150407 6.90 7.02 7.02 6.80 403042
20150408 7.33 7.22 7.37 7.03 1156922
20150409 7.20 7.40 7.50 7.06 827469
20150410 7.42 7.40 7.50 7.32 521107
20150413 7.42 7.32 7.50 7.25 566051
20150414 7.28 7.11 7.29 7.00 656810
20150415 7.00 6.75 7.01 6.75 723152
20150416 6.57 7.03 7.09 6.41 766530
20150417 7.03 6.90 7.22 6.86 662766
20150420 6.90 6.57 6.92 6.56 622518
20150421 6.57 6.90 6.90 6.51 504692
20150422 7.05 7.06 7.20 6.95 657093
20150423 7.11 7.41 7.41 7.02 1029860
20150424 7.41 7.50 7.78 7.28 1658656
20150427 7.49 7.30 7.66 7.21 1004590
20150428 7.30 7.67 7.67 7.04 1140054
20150429 7.86 7.74 7.99 7.35 1252442
20150528 7.35 7.35 7.35 7.35 103769
20150529 6.98 6.98 6.98 6.98 31087
20150601 6.63 7.04 7.33 6.63 2307177
20150602 6.80 6.85 7.04 6.70 1420024
20150604 6.79 6.51 6.96 6.51 1054891
20150605 6.59 6.66 6.79 6.52 991081
20150608 6.78 6.99 6.99 6.78 784366
20150609 7.28 7.34 7.34 7.17 332040
20150610 7.66 7.46 7.71 7.22 1736734
20150611 7.37 7.83 7.83 7.36 1064375
20150612 8.10 8.22 8.22 8.01 994713
20150617 7.81 7.81 7.81 7.81 55495
20150618 7.42 7.42 7.42 7.42 159263
20150619 7.05 7.05 7.05 7.05 37458
20150623 6.70 6.70 6.70 6.70 36408
20150624 6.51 6.68 6.88 6.48 1357975
20150625 6.62 6.35 6.64 6.35 794335
20150626 6.03 6.03 6.14 6.03 433265
20150629 5.91 5.73 6.07 5.73 425368
20150630 5.44 5.48 5.66 5.44 826432
20150701 5.46 5.35 5.75 5.21 1113066
20150702 5.19 5.08 5.30 5.08 500049
20150703 4.83 4.83 4.90 4.83 255018
20150706 5.06 4.59 5.06 4.59 278037
20150707 4.36 4.36 4.36 4.36 10218
20150708 4.14 4.14 4.14 4.14 13385
20150709 3.93 4.33 4.35 3.93 1905480
20150710 4.12 4.50 4.55 4.12 2019418
