20140102 5.77 5.86 5.87 5.74 13598
20140103 5.84 5.79 5.89 5.72 13217
20140106 5.77 5.57 5.77 5.54 17280
20140107 5.58 5.55 5.62 5.50 8951
20140108 5.53 5.50 5.57 5.45 9964
20140109 5.50 5.40 5.57 5.40 13018
20140110 5.38 5.28 5.41 5.24 9911
20140113 5.30 5.33 5.40 5.26 7463
20140114 5.30 5.44 5.45 5.30 5840
20140115 5.46 5.37 5.46 5.24 6221
20140116 5.39 5.39 5.47 5.34 6898
20140117 5.41 5.34 5.42 5.32 6181
20140120 5.30 5.32 5.35 5.26 4690
20140121 5.31 5.53 5.56 5.30 14520
20140122 5.53 5.65 5.76 5.47 15499
20140123 5.63 5.74 5.78 5.62 17224
20140124 5.73 5.74 5.77 5.67 18047
20140127 5.73 5.68 5.73 5.67 5476
20140128 5.71 5.63 5.72 5.61 5250
20140129 5.62 5.74 5.76 5.62 12059
20140130 5.75 5.73 5.78 5.70 15324
20140207 5.68 5.81 5.81 5.68 22022
20140210 5.80 5.91 5.95 5.77 21338
20140211 5.93 5.88 5.93 5.85 19879
20140212 5.89 5.88 5.94 5.84 35905
20140213 5.87 5.75 5.88 5.74 32897
20140214 5.77 5.85 5.86 5.74 19743
20140217 5.97 5.95 6.00 5.88 47151
20140218 5.93 5.86 5.93 5.82 26116
20140219 5.87 6.03 6.13 5.82 48650
20140220 6.03 5.93 6.05 5.92 28673
20140221 5.96 5.88 5.96 5.81 23982
20140224 5.83 5.83 5.87 5.81 17453
20140225 5.82 5.64 5.93 5.58 27101
20140226 5.61 5.64 5.67 5.58 14066
20140227 5.66 5.57 5.70 5.57 11688
20140228 5.59 5.62 5.64 5.53 10493
20140303 5.66 5.74 5.77 5.64 13656
20140304 5.70 5.81 5.83 5.68 15999
20140305 5.82 5.94 6.12 5.81 51622
20140306 5.93 5.88 5.98 5.82 21378
20140307 5.88 5.91 5.96 5.82 20330
20140310 5.85 5.70 5.85 5.70 12193
20140311 5.71 5.74 5.75 5.50 17288
20140312 5.73 5.91 5.92 5.66 19082
20140313 5.91 5.98 6.02 5.87 24677
20140314 5.95 5.93 5.98 5.87 26818
20140317 5.92 5.97 6.03 5.92 19787
20140318 5.96 6.17 6.18 5.96 71738
20140319 6.10 6.11 6.16 6.04 34291
20140320 6.10 5.88 6.14 5.86 26676
20140321 5.81 6.01 6.04 5.79 21501
20140324 6.01 6.21 6.25 6.00 69559
20140325 6.20 6.15 6.20 6.09 41064
20140326 6.14 6.16 6.22 6.11 28210
20140327 6.12 6.04 6.14 5.98 28149
20140328 6.01 6.09 6.12 6.00 23239
20140331 6.08 5.95 6.09 5.91 24221
20140401 5.93 5.98 6.01 5.90 27685
20140402 5.96 5.98 6.02 5.93 24028
20140403 5.96 5.97 6.00 5.93 13017
20140404 5.93 6.00 6.00 5.91 15230
20140408 5.99 6.06 6.06 5.95 28081
20140409 6.06 6.12 6.12 6.04 27337
20140410 6.11 6.09 6.12 6.06 21894
20140411 6.06 6.05 6.10 6.03 17386
20140414 6.05 6.11 6.13 6.03 24196
20140415 6.10 6.06 6.10 6.02 20543
20140416 6.06 6.08 6.09 6.02 17759
20140417 6.09 6.14 6.24 6.07 49968
20140418 6.12 6.16 6.19 6.11 24387
20140421 6.10 6.17 6.35 6.07 56192
20140422 6.16 6.58 6.58 6.14 148876
20140423 6.50 6.40 6.54 6.36 70580
20140424 6.34 6.51 6.62 6.24 99474
20140425 6.49 6.19 6.58 6.15 68444
20140428 6.14 6.09 6.34 5.97 62653
20140429 6.11 6.12 6.20 6.01 29676
20140430 6.05 6.19 6.20 6.05 23075
20140505 6.18 6.35 6.37 6.12 36793
20140506 6.31 6.35 6.39 6.25 26799
20140507 6.33 6.55 6.79 6.27 90285
20140508 6.54 6.45 6.63 6.43 46810
20140509 6.49 6.70 6.77 6.37 80344
20140512 6.66 6.67 6.81 6.59 64831
20140513 6.65 6.50 6.79 6.50 55070
20140514 6.46 6.62 6.64 6.45 35969
20140515 6.60 6.38 6.60 6.30 43980
20140516 6.32 6.37 6.40 6.30 23526
20140519 6.36 6.44 6.45 6.30 19228
20140520 6.45 6.32 6.50 6.26 27125
20140521 6.30 6.37 6.38 6.13 20400
20140522 6.37 6.27 6.43 6.27 20087
20140523 6.27 6.34 6.36 6.23 12160
20140526 6.34 6.49 6.53 6.34 26712
20140527 6.50 6.53 6.63 6.45 26563
20140528 6.50 6.53 6.53 6.41 25392
20140529 6.53 6.37 6.56 6.37 22039
20140530 6.36 6.30 6.36 6.24 14662
20140603 6.28 6.29 6.34 6.23 11901
20140604 6.30 6.41 6.41 6.23 21147
20140605 6.42 6.45 6.51 6.37 22028
20140606 6.48 6.38 6.49 6.35 19672
20140609 6.40 6.57 6.57 6.31 33098
20140610 6.53 6.65 6.66 6.47 60594
20140611 6.63 6.57 6.66 6.51 28430
20140612 6.56 6.49 6.60 6.47 21403
20140613 6.47 6.61 6.68 6.43 34865
20140616 6.61 6.53 6.67 6.49 27051
20140617 6.48 6.46 6.57 6.45 20236
20140618 6.44 6.32 6.45 6.32 23879
20140619 6.32 6.08 6.38 6.07 20498
20140620 6.07 6.12 6.16 6.07 11039
20140623 6.15 6.14 6.22 6.13 10616
20140624 6.15 6.16 6.19 6.12 12339
20140625 6.17 6.05 6.17 6.03 17269
20140626 6.07 6.17 6.17 6.06 18761
20140627 6.13 6.18 6.21 6.12 19811
20140630 6.18 6.22 6.26 6.17 15086
20140701 6.25 6.27 6.31 6.22 17887
20140702 6.25 6.23 6.30 6.15 24807
20140703 6.22 6.23 6.30 6.17 22737
20140704 6.23 6.32 6.35 6.22 17361
20140707 6.32 6.29 6.33 6.25 11455
20140708 6.29 6.36 6.40 6.28 17608
20140709 6.36 6.18 6.36 6.18 23647
20140710 6.17 6.23 6.26 6.17 18170
20140711 6.22 6.30 6.31 6.21 15517
20140714 6.30 6.40 6.43 6.28 20312
20140715 6.42 6.38 6.42 6.34 14990
20140716 6.36 6.39 6.39 6.25 21633
20140717 6.34 6.39 6.41 6.31 19709
20140718 6.35 6.46 6.47 6.35 33066
20140721 6.46 6.42 6.50 6.37 26866
20140722 6.40 6.45 6.49 6.38 30881
20140723 6.45 6.59 6.69 6.42 93671
20140724 6.57 6.63 6.65 6.49 36986
20140725 6.61 6.54 6.62 6.40 46009
20140728 6.52 6.57 6.61 6.52 58892
20140729 6.61 6.63 6.64 6.56 57648
20140730 6.59 6.59 6.69 6.57 35478
20140731 6.59 6.66 6.71 6.58 32742
20140801 6.66 6.62 6.71 6.60 38513
20140804 6.59 6.70 6.72 6.58 44059
20140805 6.68 6.72 6.76 6.65 30327
20140806 6.73 6.79 6.79 6.67 46873
20140807 6.79 6.70 6.87 6.69 61185
20140808 6.70 6.78 6.79 6.68 27683
20140811 6.74 6.79 6.83 6.74 47186
20140812 6.80 6.89 6.91 6.78 44522
20140813 6.89 6.90 6.93 6.78 27466
20140814 6.89 6.76 6.93 6.75 43596
20140815 6.78 6.85 6.88 6.77 24690
20140818 6.86 6.94 6.97 6.85 41803
20140819 6.94 6.99 7.04 6.93 33996
20140820 6.99 7.06 7.10 6.96 42099
20140821 7.06 7.28 7.31 7.04 78137
20140822 7.22 7.16 7.27 7.10 56767
20140825 7.17 7.13 7.18 7.03 44684
20140826 7.14 6.90 7.18 6.88 48671
20140827 6.89 6.94 6.99 6.88 20180
20140828 6.94 6.89 7.04 6.86 32156
20140829 6.88 6.94 6.95 6.87 22070
20140901 6.97 7.10 7.13 6.93 32958
20140902 7.12 7.14 7.21 7.09 38958
20140903 7.17 7.19 7.22 7.12 41388
20140904 7.23 7.19 7.24 7.15 66859
20140905 7.19 7.30 7.31 7.15 49404
20140909 7.30 7.58 7.70 7.28 102246
20140910 7.55 7.68 7.74 7.48 53861
20140911 7.68 7.57 7.85 7.53 65499
20140912 7.59 7.92 7.92 7.58 59563
20140915 7.92 8.11 8.27 7.89 73779
20140916 8.07 7.79 8.21 7.70 75307
20140917 7.83 8.22 8.29 7.77 94648
20140918 8.27 8.33 8.38 8.15 50075
20140919 8.34 8.29 8.34 8.19 28891
20140922 8.25 8.11 8.30 8.03 41707
20140923 8.30 8.19 8.30 8.08 54178
20140924 8.21 8.44 8.65 8.19 71690
20140925 8.40 8.41 8.51 8.32 44459
20140926 8.36 8.46 8.54 8.35 30778
20140929 8.49 8.79 8.86 8.45 59299
20140930 8.78 8.77 8.85 8.73 25714
20141008 8.81 8.76 8.82 8.62 27961
20141009 8.76 8.62 8.78 8.48 41091
20141010 8.60 8.46 8.69 8.33 37419
20141013 8.45 8.41 8.48 8.20 37382
20141014 8.40 8.45 8.62 8.34 51605
20141015 8.44 8.54 8.58 8.29 27966
20141016 8.45 8.50 8.67 8.42 45201
20141017 8.46 8.24 8.54 8.16 40551
20141020 8.23 8.26 8.33 8.17 33321
20141021 8.26 8.28 8.41 8.23 30144
20141022 8.30 8.22 8.43 8.15 31903
20141023 8.22 8.29 8.39 7.86 45622
20141024 8.28 8.19 8.28 8.10 26023
20141027 8.15 8.22 8.32 8.00 19472
20141028 8.29 8.45 8.50 8.24 64086
20141029 8.45 8.46 8.65 8.44 58170
20141030 8.47 8.52 8.62 8.46 36316
20141031 8.57 8.58 8.61 8.40 38918
20141103 8.55 8.99 9.08 8.55 85412
20141104 8.97 8.90 9.07 8.83 41769
20141105 8.90 8.97 9.10 8.80 30867
20141106 9.02 9.02 9.09 8.93 22890
20141107 9.05 9.00 9.21 8.99 53203
20141110 9.00 8.83 9.07 8.78 41698
20141111 8.89 8.52 8.91 8.35 47641
20141112 8.52 8.71 8.81 8.41 29342
20141113 8.70 8.87 8.97 8.63 47757
20141114 8.85 8.80 8.97 8.72 23000
20141117 8.80 9.11 9.17 8.71 69510
20141118 9.11 9.17 9.32 9.08 46486
20141119 9.20 9.06 9.20 9.00 22211
20141120 9.05 9.08 9.09 8.90 20873
20141121 9.04 9.19 9.35 9.04 32048
20141124 9.25 9.23 9.31 9.14 42633
20141125 9.23 9.07 9.29 9.00 51683
20141126 9.08 9.21 9.32 8.97 46294
20141127 9.20 9.50 9.52 9.16 74792
20141128 9.48 9.55 9.79 9.41 56407
20141201 9.48 9.28 9.65 9.05 71411
20141202 9.27 9.31 9.39 9.19 26113
20141203 9.40 9.25 9.40 9.03 55124
20141204 9.24 9.25 9.45 9.10 78483
20141205 9.24 8.96 9.26 8.61 75565
20141208 8.85 8.78 8.91 8.65 59664
20141209 8.70 8.40 8.90 8.11 74049
20141210 8.32 8.65 8.69 8.15 76740
20141211 8.65 8.72 8.84 8.59 42652
20141212 8.76 8.80 8.81 8.71 39651
20141215 8.80 8.81 8.84 8.68 43931
20141216 8.80 8.68 8.80 8.62 29675
20141217 8.68 8.37 8.68 8.34 43898
20141218 8.39 8.45 8.55 8.35 36868
20141219 8.50 8.35 8.50 8.26 35068
20141222 8.33 8.24 8.49 8.15 44954
20141223 8.17 8.34 8.40 8.10 44846
20141224 8.30 8.47 8.48 8.28 34924
20141225 8.50 8.52 8.70 8.45 43097
20141226 8.42 8.59 8.65 8.41 37172
20141229 8.56 8.57 8.70 8.37 28728
20141230 8.57 8.63 8.69 8.44 37369
20141231 8.63 8.58 8.91 8.50 40948
20150105 8.56 8.69 8.70 8.43 56409
20150106 8.59 8.63 8.72 8.51 48274
20150107 8.56 8.50 8.66 8.44 37169
20150108 8.50 8.35 8.51 8.35 30511
20150109 8.35 8.32 8.45 8.30 23175
20150112 8.25 8.09 8.30 8.00 36983
20150113 8.08 8.18 8.25 8.03 23650
20150114 8.18 8.09 8.23 8.06 17397
20150115 8.10 8.12 8.15 8.07 15497
20150116 8.12 8.15 8.21 8.10 18181
20150119 8.09 7.91 8.10 7.81 33147
20150120 7.90 8.05 8.10 7.90 28002
20150121 8.06 8.19 8.20 8.00 60760
20150122 8.20 8.30 8.30 8.14 39509
20150123 8.28 8.28 8.33 8.25 34467
20150126 8.28 8.41 8.43 8.23 42864
20150127 8.42 8.51 8.52 8.35 42250
20150128 8.50 8.55 8.62 8.39 41289
20150129 8.50 8.41 8.59 8.39 35868
20150130 8.43 8.44 8.52 8.39 24484
20150202 8.40 8.52 8.57 8.33 35525
20150203 8.54 8.61 8.62 8.50 31920
20150204 8.65 8.51 8.66 8.48 33093
20150205 8.56 8.60 8.67 8.51 37578
20150206 8.59 8.41 8.60 8.38 27247
20150209 8.47 8.41 8.47 8.33 15742
20150210 8.42 8.45 8.47 8.36 15108
20150211 8.45 8.58 8.59 8.42 18918
20150212 8.60 8.99 9.02 8.55 66187
20150213 9.03 9.07 9.14 8.99 64783
20150216 9.07 9.01 9.29 8.96 55132
20150217 9.05 9.04 9.08 8.93 37476
20150225 9.06 9.00 9.10 8.84 23950
20150226 8.99 9.03 9.05 8.91 27171
20150227 9.03 9.01 9.03 8.91 28701
20150302 9.00 9.12 9.19 8.96 67860
20150303 9.14 9.34 9.47 9.01 75153
20150304 9.35 9.23 9.44 9.20 55870
20150305 9.20 9.12 9.29 9.08 46884
20150306 9.15 9.19 9.43 9.10 80051
20150309 9.18 9.30 9.34 9.10 50341
20150310 9.38 9.53 9.76 9.22 83412
20150311 9.53 9.59 9.63 9.48 47089
20150312 9.65 10.55 10.55 9.54 152279
20150313 10.65 10.95 11.17 10.55 190390
20150316 10.90 11.13 11.14 10.71 144231
20150317 10.97 10.91 11.06 10.80 132157
20150318 10.91 10.93 11.08 10.72 110412
20150319 10.85 10.87 10.88 10.70 85342
20150320 10.86 10.88 11.11 10.75 85051
20150323 10.93 11.32 11.37 10.80 124098
20150324 11.30 10.92 11.31 10.55 127434
20150325 10.90 10.76 10.93 10.52 106693
20150326 10.67 10.99 11.13 10.65 123184
20150327 10.90 10.85 11.07 10.77 86016
20150330 10.89 10.91 10.98 10.74 102908
20150331 10.98 10.93 11.05 10.78 107834
20150401 10.90 11.28 11.49 10.80 141295
20150402 11.43 11.27 11.43 11.11 96511
20150403 11.25 12.40 12.40 11.13 207118
20150407 12.60 12.65 13.38 12.52 211188
20150408 12.64 12.15 12.76 11.99 145202
20150409 12.27 12.28 12.36 11.40 121216
20150410 12.16 12.56 12.67 12.01 105181
20150413 12.40 12.58 12.95 12.40 104689
20150414 12.51 12.75 12.85 12.30 106635
20150415 12.55 11.96 12.74 11.95 86684
20150416 11.55 11.92 12.18 11.55 67395
20150417 11.98 11.79 12.10 11.74 85928
20150420 11.79 11.60 11.90 11.28 97048
20150421 11.64 12.26 12.30 11.57 109160
20150422 12.27 12.32 12.55 12.11 94414
20150423 12.33 12.44 12.50 12.20 93829
20150424 12.28 12.85 12.95 12.13 126370
20150427 12.89 12.60 13.40 12.58 117652
20150428 12.59 11.93 12.60 11.77 97722
20150429 11.82 12.41 12.48 11.76 77430
20150430 12.33 12.30 12.53 12.30 58283
20150504 12.38 12.33 12.38 12.10 49934
20150505 12.33 12.14 12.65 12.13 73154
20150506 12.17 12.21 12.49 11.32 77105
20150507 11.97 11.56 12.24 11.56 51702
20150508 11.85 12.05 12.07 11.61 53973
20150511 12.13 12.50 12.50 12.12 73412
20150512 12.49 13.60 13.75 12.29 167640
20150513 13.56 13.48 13.58 13.22 99638
20150514 13.48 13.50 13.87 13.20 101661
20150515 13.49 13.15 13.50 12.71 91343
20150518 13.28 13.16 13.38 13.03 99365
20150519 13.12 13.38 13.47 12.91 112517
20150520 13.39 13.73 14.24 13.30 155499
20150521 13.78 14.50 14.78 13.65 98243
20150522 14.46 14.67 14.72 13.96 110912
20150525 14.84 15.19 15.39 14.55 113277
20150526 15.30 15.59 15.65 14.93 140031
20150527 15.59 16.08 16.20 15.13 140449
20150528 16.10 14.71 16.39 14.56 130817
20150529 14.65 14.95 15.18 13.88 90383
20150601 15.05 15.85 15.97 14.82 99735
20150602 15.89 17.44 17.44 15.88 132074
20150603 17.75 19.18 19.18 17.70 188818
20150604 19.37 19.15 19.58 17.33 133897
20150605 19.38 18.80 19.58 18.20 135063
20150608 18.70 18.02 18.70 17.50 108872
20150609 18.02 18.88 18.90 17.58 88263
20150610 18.44 20.77 20.77 18.14 137996
20150611 21.00 20.89 22.00 20.75 135532
20150612 21.00 22.58 22.98 20.30 139839
20150615 22.57 22.87 23.50 21.70 115146
20150616 22.20 21.07 23.00 20.80 118439
20150617 20.52 21.10 21.90 18.97 125083
20150618 20.97 19.80 21.70 19.80 82909
20150619 19.30 17.82 19.30 17.82 86416
20150623 17.70 17.14 18.18 16.04 78782
20150624 17.50 18.85 18.85 17.35 96157
20150625 18.97 18.19 19.70 17.25 113702
20150626 17.40 16.37 17.45 16.37 66849
20150629 16.98 14.73 16.98 14.73 110213
20150630 14.62 16.05 16.10 13.26 113976
20150701 16.04 14.45 16.87 14.45 93313
20150702 14.45 13.01 14.88 13.01 109276
20150703 11.89 11.71 12.98 11.71 80517
20150706 12.88 10.54 12.88 10.54 148491
20150707 9.49 9.49 9.75 9.49 28034
20150708 8.54 8.54 8.54 8.54 3984
20150709 7.69 9.39 9.39 7.69 250688
20150710 9.60 10.33 10.33 9.46 98243
20150713 10.86 11.36 11.36 10.34 168801
20150714 11.19 11.88 12.34 10.76 258418
20150715 11.40 10.69 11.60 10.69 111728
20150716 9.63 10.39 11.09 9.62 142374
20150717 10.45 10.91 11.21 10.15 147722
20150720 10.89 11.20 11.31 10.71 173574
20150721 11.01 11.55 11.78 10.85 149661
20150722 11.37 12.18 12.47 11.37 197798
20150723 12.19 12.90 13.20 12.05 202561
20150724 12.93 12.42 13.15 12.30 179595
20150727 12.03 11.18 12.88 11.18 153068
20150728 10.28 10.18 11.15 10.06 138831
20150729 10.40 10.96 10.98 9.94 131725
20150730 10.80 10.61 11.70 10.56 138825
