20140102 9.38 9.40 9.61 9.34 124087
20140103 9.43 9.15 9.43 9.08 136199
20140106 9.16 9.07 9.19 8.96 109144
20140107 9.01 9.05 9.12 9.01 58571
20140108 9.05 8.89 9.13 8.83 112246
20140109 8.88 8.69 8.96 8.62 101892
20140110 8.68 8.71 8.80 8.52 103368
20140113 8.66 8.76 8.79 8.60 87344
20140114 8.71 8.77 8.83 8.68 80562
20140115 8.80 8.96 9.03 8.75 106171
20140116 8.94 8.86 8.98 8.81 86543
20140117 8.86 8.67 8.89 8.62 82394
20140120 8.64 8.58 8.72 8.57 51708
20140121 8.59 8.65 8.74 8.59 49233
20140122 8.67 8.92 8.92 8.67 104703
20140123 8.89 8.96 9.11 8.84 136886
20140124 9.00 9.25 9.39 8.95 216530
20140127 9.19 9.28 9.33 9.10 138149
20140128 9.49 9.27 9.55 9.26 159701
20140129 9.33 9.45 9.51 9.25 182218
20140130 9.47 9.37 9.56 9.37 113273
20140207 9.31 9.57 9.58 9.24 165453
20140210 9.61 10.53 10.53 9.61 581801
20140211 10.72 10.60 10.88 10.29 610868
20140212 10.54 10.70 10.94 10.42 455196
20140213 10.60 10.87 11.47 10.54 668324
20140214 10.99 10.97 11.07 10.74 304223
20140217 11.11 10.97 11.25 10.88 439934
20140218 10.93 11.40 11.83 10.90 628638
20140219 11.32 11.22 11.60 11.12 374041
20140220 11.28 10.95 11.37 10.90 319331
20140221 10.93 10.97 11.22 10.75 253328
20140224 10.85 10.57 10.85 10.46 316417
20140225 10.61 10.14 10.77 10.03 371492
20140226 10.14 10.73 10.77 10.14 347627
20140227 10.69 10.58 11.25 10.55 477132
20140228 10.51 11.18 11.22 10.45 476899
20140303 11.44 11.19 11.75 11.06 546134
20140304 11.10 11.77 11.89 11.03 740372
20140305 11.69 11.31 11.76 11.24 470400
20140306 11.40 11.34 11.69 11.19 429214
20140307 11.36 11.23 11.53 11.15 351356
20140310 11.05 10.45 11.14 10.35 398018
20140311 10.45 10.55 10.65 10.34 291192
20140312 10.56 10.89 11.08 10.55 405401
20140313 10.80 10.78 10.86 10.62 217132
20140314 10.78 10.97 11.32 10.67 417842
20140317 10.97 11.26 11.38 10.83 335218
20140318 11.20 11.37 11.50 11.11 290087
20140319 11.28 11.24 11.54 11.15 318172
20140320 11.10 10.65 11.17 10.65 341639
20140321 10.59 10.96 11.04 10.52 222383
20140324 11.00 11.05 11.37 10.96 302684
20140325 10.95 10.96 11.19 10.80 220140
20140326 10.91 10.98 11.24 10.91 164674
20140327 10.95 10.78 11.02 10.71 178840
20140328 10.81 10.57 10.86 10.52 216495
20140331 10.68 10.54 10.75 10.44 104987
20140401 10.53 10.80 10.88 10.51 125509
20140402 10.99 10.68 11.10 10.65 159598
20140403 10.69 10.70 10.85 10.59 130489
20140404 10.72 10.71 10.75 10.64 96583
20140408 10.69 10.82 10.85 10.63 144680
20140409 10.86 11.06 11.06 10.82 231232
20140410 11.09 11.33 11.47 11.01 424280
20140411 11.24 11.20 11.34 11.10 202092
20140414 11.15 11.25 11.32 11.15 152073
20140415 11.24 11.15 11.47 11.12 245789
20140416 11.09 10.93 11.11 10.60 323718
20140417 10.80 10.84 11.04 10.80 142998
20140418 10.80 10.83 10.91 10.75 106960
20140421 10.83 11.20 11.44 10.80 469141
20140422 11.15 11.15 11.25 10.89 281897
20140423 11.17 11.24 11.48 11.10 439790
20140424 11.15 10.84 11.15 10.78 314055
20140425 10.86 10.33 10.90 10.22 359232
20140428 9.82 9.69 10.07 9.65 245244
20140429 9.72 9.89 9.95 9.72 121146
20140430 9.88 10.06 10.17 9.83 122910
20140505 10.07 10.15 10.20 10.01 100307
20140506 10.15 10.09 10.22 9.95 117784
20140507 10.10 10.10 10.29 10.07 119914
20140508 10.01 9.97 10.16 9.82 134407
20140509 10.01 9.97 10.08 9.89 73888
20140512 10.09 10.16 10.22 9.98 172467
20140513 10.14 10.09 10.21 9.99 136979
20140514 10.12 10.07 10.17 9.93 101081
20140515 10.17 9.77 10.19 9.76 125782
20140516 9.81 9.96 10.06 9.72 139914
20140519 9.91 9.95 10.05 9.85 88168
20140520 9.99 9.88 10.04 9.85 73468
20140521 9.81 9.93 9.98 9.80 55853
20140522 9.94 9.94 10.24 9.91 164931
20140523 9.95 10.04 10.12 9.87 103862
20140526 10.09 10.20 10.25 10.04 172262
20140527 10.20 10.21 10.29 10.10 139770
20140815 9.33 9.33 9.33 9.33 12620
20140818 10.26 10.26 10.26 10.26 20865
20140819 11.29 11.29 11.29 11.29 47655
20140820 12.30 12.42 12.42 12.03 773230
20140821 12.80 12.36 12.88 12.04 1799406
20140822 12.51 12.72 13.16 12.51 1469018
20140825 12.48 12.65 13.35 12.42 1162197
20140826 12.59 13.54 13.75 12.47 1437147
20140827 13.39 13.01 13.54 12.95 945100
20140828 13.05 12.95 13.22 12.65 686598
20140829 12.85 13.07 13.29 12.78 588712
20140901 13.10 13.27 13.55 12.88 704693
20140902 13.37 13.17 13.37 12.95 743649
20140903 13.09 13.10 13.53 13.03 807309
20140904 13.15 12.91 13.26 12.73 691685
20140905 12.85 13.46 13.80 12.82 1171241
20140909 13.51 14.81 14.81 13.48 1661559
20140910 14.81 14.57 14.96 14.43 1074796
20140911 14.85 14.36 15.19 14.16 1006205
20140912 14.30 14.49 14.79 14.21 517896
20140915 14.40 14.32 14.47 13.98 499471
20140916 14.32 13.28 14.34 13.23 1062626
20140917 13.34 13.26 13.51 12.95 498760
20140918 13.31 13.25 13.38 13.03 330374
20140919 13.25 13.40 13.50 13.20 319158
20140922 13.38 12.90 13.39 12.85 366735
20140923 12.92 13.07 13.16 12.90 273324
20140924 13.00 13.33 13.41 12.92 394164
20140925 13.42 13.23 13.50 13.21 389359
20140926 13.15 13.14 13.29 12.95 272677
20140929 13.15 13.32 13.48 13.13 318373
20140930 13.32 13.29 13.50 13.23 301197
20141008 13.37 13.91 13.94 13.31 566552
20141009 13.90 13.70 13.94 13.55 405380
20141010 13.78 13.50 13.89 13.45 363854
20141013 13.40 13.14 13.41 13.05 345115
20141014 13.10 13.22 13.42 13.03 322990
20141015 13.21 13.15 13.25 12.98 242226
20141016 13.05 13.00 13.28 12.99 266026
20141017 13.47 13.35 13.88 13.20 702967
20141020 13.45 13.32 13.47 13.12 292925
20141021 13.25 13.31 13.49 13.15 312257
20141022 13.25 13.08 13.37 12.95 275993
20141023 13.25 12.95 13.42 12.95 304724
20141024 12.80 12.52 12.94 12.51 322876
20141027 12.48 12.77 12.84 12.42 187612
20141028 12.77 13.06 13.06 12.68 300983
20141029 13.06 13.03 13.23 12.92 382010
20141030 13.03 12.96 13.21 12.94 305176
20141031 12.98 12.97 13.05 12.80 263350
20141103 12.97 13.02 13.13 12.85 243352
20141104 13.08 13.30 13.54 13.04 553191
20141105 13.30 13.26 13.57 13.20 364061
20141106 13.27 13.28 13.40 12.99 346824
20141107 13.27 13.00 13.28 12.93 304994
20141110 13.01 13.01 13.07 12.92 212134
20141111 13.00 12.44 13.24 12.41 442334
20141112 12.44 12.53 12.61 12.29 184233
20141113 12.53 12.16 12.58 12.10 299176
20141114 12.16 12.29 12.34 12.14 180020
20141117 12.33 12.18 12.36 12.11 186428
20141118 12.21 12.50 12.60 12.21 262921
20141119 12.45 12.47 12.67 12.40 200588
20141120 12.35 12.37 12.51 12.26 145674
20141121 12.47 12.37 12.49 12.29 195749
20141124 12.45 12.92 13.01 12.45 579669
20141125 13.07 13.02 13.15 12.90 396038
20141126 13.25 13.06 13.31 12.83 463434
20141127 13.10 13.11 13.25 12.93 428034
20141128 13.11 13.32 13.50 12.86 695901
20141201 13.32 13.00 13.32 12.92 387610
20141202 13.00 13.36 13.50 12.95 584726
20141203 13.40 13.94 13.98 13.30 1041858
20141204 13.85 13.95 14.20 13.68 836115
20141205 14.15 13.35 14.30 13.23 698431
20141208 13.35 13.32 13.50 13.03 580412
20141209 13.38 13.02 14.00 12.98 853697
20141210 13.10 13.66 13.79 13.10 559200
20141211 13.59 13.70 13.95 13.46 476262
20141212 13.76 14.15 14.24 13.60 722513
20141215 14.51 14.65 15.13 14.33 1093290
20141216 14.55 14.32 14.58 14.25 560028
20141217 14.33 13.84 14.57 13.73 564300
20141218 13.84 13.84 14.15 13.80 334884
20141219 13.72 13.37 13.83 13.05 529550
20141222 13.29 12.60 13.29 12.26 489421
20141223 12.57 12.51 12.94 12.37 240677
20141224 12.58 12.78 12.82 12.55 227470
20141225 12.80 12.90 12.99 12.75 252302
20141226 12.89 12.95 12.96 12.63 283700
20150107 13.88 13.33 14.21 13.33 728037
20150108 13.33 13.35 13.66 13.31 409413
20150109 13.30 12.98 13.32 12.96 425518
20150112 12.88 12.80 12.94 12.63 230118
20150113 12.80 13.22 13.55 12.80 339865
20150114 13.22 13.16 13.36 13.05 232798
20150115 13.12 13.20 13.25 13.00 253575
20150116 13.24 13.26 13.38 13.13 266865
20150119 12.86 12.49 13.06 12.10 443374
20150120 12.61 13.02 13.07 12.50 443606
20150121 12.93 13.19 13.28 12.87 380187
20150122 13.17 13.42 13.66 13.11 495779
20150123 13.42 13.20 13.60 13.15 291449
20150126 13.25 13.41 13.48 13.13 324420
20150127 13.50 13.46 13.60 13.22 416460
20150128 13.49 13.48 13.75 13.36 441479
20150129 13.46 13.57 13.69 13.27 408758
20150130 13.58 13.07 13.68 13.05 441533
20150202 12.96 12.82 13.05 12.75 274083
20150203 12.98 13.10 13.18 12.93 262270
20150204 13.16 13.20 13.43 13.02 313301
20150205 13.49 12.92 13.50 12.87 293072
20150206 12.85 12.90 12.92 12.50 307667
20150209 12.85 12.67 12.95 12.65 154108
20150210 12.67 12.88 13.03 12.65 222859
20150211 12.95 12.80 13.08 12.80 144418
20150212 12.93 12.85 13.04 12.84 213519
20150213 12.90 13.15 13.28 12.90 376258
20150216 13.28 14.47 14.47 13.20 818018
20150217 14.99 14.91 15.30 14.58 1362146
20150225 15.00 15.28 15.80 14.85 1134522
20150226 15.18 14.94 15.35 14.84 653938
20150227 14.89 15.16 15.33 14.88 600599
20150302 15.32 15.46 15.66 15.16 826595
20150303 15.46 14.84 15.62 14.81 760105
20150304 14.80 15.26 15.48 14.80 660714
20150305 15.32 15.61 15.90 15.29 821689
20150306 15.81 15.12 15.87 15.05 531178
20150309 15.05 15.15 15.35 14.80 439464
20150310 15.19 16.11 16.66 15.18 964670
20150311 16.16 15.88 16.30 15.80 543933
20150312 15.97 15.63 16.10 15.48 398343
20150313 15.85 15.88 16.08 15.56 402050
20150316 15.93 16.20 16.38 15.84 570290
20150317 16.20 16.74 17.16 15.90 907763
20150318 16.51 16.61 16.71 16.41 552446
20150319 16.61 16.61 16.95 16.42 546661
20150320 16.58 16.61 16.76 16.18 603517
20150323 16.66 16.61 16.83 16.40 788959
20150324 16.68 16.58 16.85 16.00 828772
20150325 16.48 16.21 16.48 16.09 530091
20150326 16.18 16.19 16.58 15.90 488743
20150327 16.26 16.49 16.54 16.02 425222
20150330 16.83 16.65 16.88 16.45 654588
20150331 16.83 16.70 17.04 16.51 681893
20150401 16.99 17.73 18.23 16.95 1033325
20150402 17.85 17.59 17.98 17.33 583858
20150403 17.47 18.18 18.37 17.38 813728
20150407 18.30 18.27 18.90 18.00 778525
20150408 18.25 17.95 18.39 17.52 682375
20150409 18.77 18.31 18.90 17.60 726620
20150410 18.72 18.78 19.29 18.50 745046
20150413 19.10 18.76 19.29 18.61 632913
20150414 18.66 18.47 18.99 18.29 565903
20150415 18.60 18.20 18.92 17.76 671991
20150416 17.99 18.20 18.48 17.80 500474
20150417 18.21 18.61 18.79 18.12 812254
20150420 18.49 17.89 18.58 17.80 867855
20150421 17.91 18.29 18.34 17.91 513718
20150422 18.49 19.03 19.23 18.33 791095
20150423 19.04 20.93 20.93 19.04 1279219
20150424 21.00 21.09 21.68 20.59 959325
20150427 21.18 20.50 21.38 20.10 863230
20150428 20.74 19.93 20.75 19.58 672134
20150429 20.15 21.07 21.86 19.85 841516
20150430 21.12 22.38 22.88 21.12 1016074
20150504 22.38 22.37 22.67 21.59 572450
20150505 22.80 21.80 22.80 21.11 603878
20150506 21.83 22.10 22.98 21.50 620350
20150507 21.88 19.89 22.04 19.89 923728
20150508 19.80 19.77 20.10 19.11 777556
20150511 20.05 20.36 20.66 19.70 677279
20150512 20.56 20.44 21.29 20.23 709804
20150513 20.50 20.55 20.89 20.04 614686
20150514 20.36 19.80 20.45 19.46 881505
20150515 19.90 19.27 19.95 19.12 471569
20150518 19.20 19.55 19.78 19.00 559241
20150519 19.68 20.24 20.35 19.40 579375
20150520 20.40 20.06 20.87 19.91 620862
20150521 20.06 20.30 20.59 19.97 536878
20150522 20.36 20.86 21.10 20.36 802243
20150525 20.87 21.49 21.78 20.87 941070
20150526 21.61 21.85 22.09 21.02 1015798
20150527 22.09 23.48 23.90 21.29 1302253
20150528 23.00 21.13 23.68 21.13 1087862
20150529 20.90 20.22 21.32 19.58 810227
20150601 20.01 21.00 21.11 19.99 784221
20150602 21.01 21.90 22.09 20.85 783557
20150603 21.95 22.09 22.89 21.52 827827
20150604 22.25 22.23 22.85 20.13 848027
20150605 22.88 22.50 22.98 21.71 1012286
20150608 22.43 22.08 22.43 21.33 902255
20150609 22.25 22.68 22.77 21.91 1020482
20150610 22.49 22.36 22.67 22.03 770056
20150611 22.30 22.80 23.19 22.10 974977
20150612 22.95 23.90 24.32 22.63 1319718
20150615 24.11 23.50 24.94 23.50 1170481
20150616 23.30 22.34 23.30 21.94 822193
20150617 22.36 22.56 22.78 21.52 569914
20150618 22.31 21.68 22.73 21.66 566431
20150619 21.70 19.51 21.70 19.51 589883
20150623 19.75 19.75 20.21 18.11 569459
20150624 19.92 19.93 20.15 19.21 593231
20150625 20.00 18.70 20.00 18.50 556761
20150626 18.10 16.83 18.11 16.83 616763
20150629 17.01 15.15 17.20 15.15 786912
20150630 14.50 16.31 16.50 13.64 1005137
20150701 15.80 14.68 16.33 14.68 773021
20150702 14.46 13.21 14.66 13.21 792058
20150703 12.51 11.89 13.21 11.89 868020
20150706 12.99 10.70 12.99 10.70 1025872
