20140102 39.70 41.42 42.05 39.06 10977
20140103 41.45 41.15 42.00 39.87 7120
20140106 40.59 39.80 40.59 39.06 8078
20140107 39.75 38.68 39.75 38.14 10690
20140108 38.45 38.80 39.27 38.26 9633
20140109 38.65 37.90 39.00 36.90 14270
20140110 38.60 38.70 39.80 38.50 29555
20140113 39.50 39.67 40.45 38.80 26417
20140114 40.10 40.26 40.38 38.96 6706
20140115 40.30 39.98 40.40 39.56 7554
20140116 39.90 39.39 39.98 39.00 8356
20140117 39.39 37.80 39.66 37.70 11848
20140120 37.71 38.60 38.66 37.51 6832
20140121 38.63 37.32 38.88 36.95 10502
20140122 37.40 37.95 38.28 37.01 8667
20140123 37.94 38.11 38.30 37.18 13641
20140124 38.22 38.80 39.64 37.63 15741
20140127 38.82 40.00 40.50 38.50 17879
20140128 40.00 40.59 41.15 39.39 8647
20140129 40.64 39.30 40.64 38.90 10481
20140130 39.40 37.70 39.69 37.65 8162
20140207 37.42 38.88 38.98 37.42 5152
20140210 38.85 39.30 39.43 38.10 16146
20140211 39.31 38.61 39.45 38.35 10242
20140212 38.66 38.30 38.93 37.85 13002
20140213 38.71 37.76 38.88 37.56 12236
20140214 37.76 39.08 39.66 37.76 28914
20140217 39.43 40.00 40.36 39.10 14446
20140218 40.29 39.05 40.48 38.51 19725
20140219 39.05 39.42 39.99 39.02 13439
20140220 39.81 41.29 41.30 39.43 31320
20140221 41.30 41.03 42.28 40.25 16986
20140224 40.70 38.12 40.85 37.32 34882
20140225 38.05 34.89 38.48 34.31 53486
20140226 35.10 34.42 35.66 33.41 31459
20140227 34.43 34.13 35.39 34.00 21108
20140228 34.04 34.50 34.65 33.00 22936
20140303 34.50 34.97 35.03 33.88 14366
20140304 35.01 34.73 35.28 34.41 16863
20140305 34.75 33.50 34.89 33.32 22713
20140306 33.60 33.60 33.62 32.15 38633
20140307 33.61 34.22 34.67 33.40 22935
20140310 34.57 33.75 34.72 33.61 18361
20140311 33.88 33.06 33.95 32.55 21453
20140312 32.98 32.59 33.24 32.41 14661
20140313 32.58 32.70 33.17 32.52 5967
20140314 32.72 32.50 32.82 32.19 7085
20140317 32.50 33.51 34.20 32.50 15440
20140318 33.49 33.50 34.48 33.40 12437
20140319 33.51 33.03 33.70 32.81 7845
20140320 33.03 33.90 34.50 33.03 13581
20140321 33.50 33.97 34.50 33.43 19587
20140324 34.39 34.94 35.49 34.30 23138
20140325 35.20 35.37 35.48 34.51 8966
20140326 35.28 35.50 35.74 34.91 7359
20140327 35.55 35.30 35.92 34.75 10370
20140328 35.29 34.36 35.35 34.36 7507
20140331 34.33 34.07 34.78 33.60 9702
20140401 34.07 33.88 34.49 33.38 8905
20140402 33.85 33.47 34.08 32.89 16851
20140403 33.47 34.50 35.11 33.01 13387
20140404 34.00 34.51 34.70 33.90 10760
20140408 34.48 35.11 35.30 34.25 8049
20140409 35.20 35.62 35.87 35.00 7698
20140410 36.01 36.40 36.80 35.96 22721
20140411 36.31 37.32 37.75 36.00 16673
20140414 37.34 37.59 37.75 36.98 9279
20140415 37.40 37.83 37.97 37.39 11803
20140416 37.84 37.25 37.95 36.00 13626
20140417 36.58 37.08 37.28 36.50 5097
20140418 37.00 36.86 37.18 36.61 2082
20140421 36.76 37.76 37.85 36.30 8331
20140422 37.76 37.29 37.90 36.83 4701
20140423 36.97 36.75 37.58 36.50 5240
20140424 36.70 36.68 37.57 36.55 6493
20140425 36.69 36.97 37.48 36.68 6387
20140428 36.97 35.85 36.97 35.80 7147
20140429 35.80 38.05 38.30 35.00 16251
20140430 38.10 39.72 39.88 37.72 18301
20140505 39.20 39.41 39.72 38.22 13189
20140506 39.30 38.84 39.35 38.71 8489
20140507 38.69 39.17 39.60 38.21 8355
20140508 38.00 38.53 39.03 38.00 6418
20140509 38.68 38.40 40.18 38.01 8389
20140512 38.70 39.10 39.45 38.03 6627
20140513 39.01 39.15 39.48 38.67 4926
20140514 39.01 38.82 39.26 38.51 2304
20140515 38.90 38.10 38.92 37.55 5719
20140516 29.98 29.00 30.20 27.15 5421
20140519 28.80 29.68 29.84 28.17 8750
20140520 29.68 29.41 29.90 29.10 4593
20140521 29.25 29.60 29.74 29.14 2240
20140522 29.57 30.30 31.10 29.42 8431
20140523 30.31 30.35 30.77 30.10 4335
20140526 30.21 30.42 30.65 30.21 3584
20140527 30.35 29.91 30.62 29.79 3267
20140528 30.00 30.41 30.50 29.80 3668
20140529 30.47 30.41 30.86 30.30 3386
20140530 30.68 29.98 30.68 29.91 3137
20140603 29.90 29.80 30.19 29.71 2303
20140604 29.87 29.81 29.94 29.66 2363
20140605 29.80 29.97 29.98 29.61 2294
20140606 29.96 29.56 30.14 29.50 4523
20140609 29.57 28.73 29.58 28.69 5767
20140610 28.71 29.57 29.65 28.71 3222
20140611 29.50 29.51 29.67 29.20 2012
20140612 29.33 29.52 29.62 29.22 2078
20140613 29.50 29.59 29.60 29.37 3548
20140616 29.59 29.80 30.15 29.59 5359
20140617 29.78 29.20 29.78 29.01 4395
20140618 29.08 28.90 29.55 28.88 3824
20140619 28.80 27.49 29.04 27.06 6093
20140620 27.77 27.17 27.77 26.95 6676
20140623 27.17 27.30 27.73 27.17 6363
20140624 27.30 27.04 27.30 26.62 14138
20140625 27.20 26.84 27.20 26.40 7483
20140626 27.00 26.99 27.20 26.82 8482
20140627 26.99 27.10 27.19 26.85 15316
20140630 27.22 28.27 28.30 27.07 10379
20140701 28.26 27.80 28.27 27.71 9855
20140702 27.89 27.63 27.99 27.43 6901
20140703 27.72 28.07 28.11 27.63 10259
20140704 28.00 27.49 28.00 27.38 8854
20140707 27.58 27.19 27.58 27.08 4075
20140708 27.17 27.17 27.32 26.90 6853
20140709 27.30 27.00 27.34 27.00 3503
20140710 26.91 26.43 27.00 26.38 7898
20140711 26.46 26.06 26.67 25.95 11483
20140714 26.05 25.79 26.05 25.51 13158
20140715 25.79 26.45 26.48 25.79 15107
20140716 26.45 26.66 26.72 26.22 9673
20140717 26.87 26.37 26.88 26.21 4509
20140718 26.36 27.08 27.55 26.10 15187
20140721 27.50 27.69 27.99 27.17 22985
20140722 27.50 27.48 27.71 27.15 12608
20140723 27.36 26.88 27.38 26.50 15526
20140724 26.65 26.70 27.17 26.50 11983
20140725 27.68 29.37 29.37 27.62 55038
20140728 29.66 30.28 30.95 29.37 44733
20140729 30.34 30.30 30.50 29.75 30389
20140730 30.22 30.14 30.46 30.00 10827
20140731 30.30 29.66 30.45 29.50 21680
20140801 29.70 29.98 30.05 29.38 23854
20140804 29.89 31.19 31.25 29.51 23496
20140805 31.32 31.27 31.47 30.44 21021
20140806 31.00 30.11 31.00 29.66 46107
20140807 29.87 30.22 30.85 29.87 14287
20140808 30.25 30.21 30.51 30.04 7606
20140811 30.26 31.70 31.70 30.00 19865
20140812 31.11 30.99 31.49 30.46 35617
20140813 30.55 30.65 30.86 30.00 16392
20140814 30.49 30.35 30.70 30.11 8783
20140815 30.31 30.48 30.58 30.13 11089
20140818 30.40 31.07 31.16 30.40 17735
20140819 30.88 30.66 31.13 30.58 8461
20140820 30.66 30.22 30.88 30.10 10456
20140821 30.11 30.00 30.49 29.85 9598
20140822 30.15 30.20 30.45 30.02 7427
20140825 30.18 29.65 30.24 29.56 10254
20140826 29.74 29.60 29.88 29.31 9076
20140827 29.59 29.80 30.05 29.51 7987
20140828 29.83 29.60 29.83 28.85 5870
20140829 29.45 29.45 29.71 29.29 7055
20140901 29.44 29.95 30.16 29.44 11387
20140902 30.19 30.22 30.28 29.91 11439
20140903 30.39 30.10 30.39 29.96 18572
20140904 29.99 30.15 30.20 29.98 13482
20140905 30.28 30.18 30.28 29.99 14758
20140910 31.50 31.16 31.60 30.39 31917
20140911 31.00 30.89 31.30 30.63 20966
20140912 30.85 31.44 31.48 30.73 19323
20140915 31.68 31.60 32.33 31.49 25140
20140916 31.60 30.72 31.91 30.70 20096
20140917 30.72 30.34 30.91 29.93 11038
20140918 30.33 30.38 30.59 30.04 15905
20140919 30.48 30.07 30.49 29.70 20807
20140922 30.06 29.32 30.15 29.10 24691
20140923 29.25 29.61 29.61 29.10 18088
20140924 29.53 30.03 30.19 29.35 17906
20140925 30.03 29.90 30.14 29.67 15114
20140926 29.84 30.03 30.14 29.75 12765
20140929 30.00 29.78 30.15 29.76 13158
20140930 29.78 29.98 30.25 29.78 14437
20141008 30.05 30.89 30.92 30.05 20433
20141009 30.98 30.70 30.98 30.50 14260
20141010 30.70 31.16 31.57 30.41 35201
20141013 31.02 31.62 31.75 30.50 30191
20141014 31.80 31.05 31.81 30.65 17690
20141015 31.17 31.95 32.00 30.64 23901
20141016 31.70 31.56 32.50 31.52 18901
20141017 31.56 31.14 31.68 30.50 13846
20141020 31.15 30.79 31.29 30.51 16567
20141021 30.74 30.82 30.96 30.40 17661
20141022 30.87 30.65 30.87 30.32 13135
20141023 30.64 31.27 31.39 30.36 17005
20141024 31.72 30.83 32.30 30.65 21925
20141027 30.56 31.20 31.48 30.18 16990
20141028 31.48 34.32 34.32 31.22 53737
20141029 35.05 36.49 36.79 34.85 70225
20141030 36.00 35.49 36.50 35.44 32158
20141031 35.79 36.09 36.50 35.16 31894
20141103 36.08 35.46 36.13 35.02 25480
20141104 35.48 34.89 35.75 34.35 27749
20141105 34.84 34.85 35.28 34.38 24717
20141106 34.85 35.70 35.93 34.60 29561
20141107 35.70 34.86 36.18 34.81 29370
20141110 34.69 35.40 35.44 34.01 24086
20141111 35.31 34.20 35.31 34.09 20275
20141112 34.03 34.22 34.64 33.90 16043
20141113 34.36 34.00 34.40 32.91 19997
20141114 33.62 33.55 34.29 32.97 19558
20141117 33.59 33.77 34.09 33.03 13563
20141118 33.70 33.18 33.77 33.10 16476
20141119 33.21 34.18 34.20 33.07 17815
20141120 33.85 33.37 34.02 33.27 14788
20141121 33.41 33.20 33.50 33.11 11196
20141124 33.70 34.20 34.65 33.38 42723
20141125 34.18 34.48 34.66 33.80 20282
20141126 34.48 33.96 34.49 33.61 21144
20141127 34.03 33.02 34.03 32.78 43848
20141128 32.99 33.39 33.43 32.45 41073
20141201 33.46 33.59 35.49 33.29 61361
20141202 33.73 33.93 34.34 33.59 34489
20141203 33.80 33.92 34.66 33.52 43075
20141204 34.31 35.62 35.98 34.31 60825
20141205 35.50 34.21 35.50 33.52 46855
20141208 34.13 33.23 34.13 33.10 42060
20141209 33.25 32.45 33.25 31.70 44242
20141210 32.41 33.47 33.70 31.73 43101
20141211 33.51 34.01 34.59 33.51 36372
20141212 34.01 35.01 35.45 34.01 32426
20141215 35.28 35.50 36.28 35.10 45416
20141216 35.73 34.41 35.73 34.04 29312
20141217 34.41 33.43 34.42 33.25 28244
20141218 33.43 33.22 33.86 33.09 26910
20141219 33.15 32.80 33.23 32.60 19641
20141222 32.88 31.90 32.89 31.81 28751
20141223 31.92 31.70 32.60 31.30 28643
20141224 31.78 32.42 32.89 31.78 29297
20141225 32.50 33.15 33.66 32.50 32518
20141226 33.06 33.10 33.38 32.60 17590
20141229 32.88 32.07 32.88 31.70 34546
20141230 32.15 31.39 32.22 30.99 24214
20141231 31.40 32.60 33.05 30.78 30365
20150105 33.99 35.86 35.86 32.80 71093
20150106 36.90 39.45 39.45 36.70 49501
20150107 39.87 38.68 39.87 37.76 71477
20150108 38.52 38.30 39.47 38.00 46843
20150109 37.50 38.60 39.39 37.40 42755
20150112 38.18 41.14 42.45 37.61 38461
20150113 41.30 41.46 41.63 39.89 23346
20150114 41.02 39.91 41.48 39.02 22460
20150115 39.60 39.90 41.30 39.13 19167
20150116 39.97 39.45 40.10 38.80 29705
20150119 38.00 38.40 39.60 37.81 26623
20150120 38.83 40.05 40.10 37.90 27218
20150121 40.05 40.70 41.60 39.61 22508
20150122 40.70 42.21 42.42 39.80 25409
20150123 41.70 41.58 42.00 40.08 19090
20150126 41.90 41.15 42.30 40.50 16946
20150127 41.01 39.98 41.49 39.41 22985
20150128 39.98 40.16 40.50 39.10 17729
20150129 39.00 40.90 41.10 38.90 11916
20150130 40.79 39.00 41.20 38.51 21287
20150202 38.74 38.56 39.99 38.41 21726
20150203 38.59 38.92 39.35 38.59 17160
20150204 39.20 37.65 39.25 37.30 44622
20150205 38.20 38.96 39.00 37.70 38203
20150206 38.98 38.71 39.28 38.07 13705
20150209 38.00 37.81 38.60 37.32 25328
20150210 37.52 38.04 38.18 37.40 10083
20150211 38.25 38.78 39.39 38.04 23873
20150212 38.71 39.80 39.80 38.15 21451
20150213 41.01 41.56 43.40 41.00 32396
20150216 41.66 41.80 42.38 41.11 19311
20150217 41.81 43.08 43.30 41.18 29438
20150225 43.08 41.67 43.18 41.12 20163
20150226 41.57 41.53 41.94 41.05 17823
20150227 41.60 41.24 41.78 40.00 25952
20150302 41.23 42.26 42.27 41.03 24947
20150303 42.26 41.39 42.85 41.30 20218
20150304 41.30 41.63 42.60 40.40 20686
20150305 41.51 41.40 42.15 41.12 13307
20150306 41.50 40.80 41.99 40.58 15895
20150309 40.80 41.19 41.68 39.83 12801
20150310 41.00 41.44 41.66 40.99 8034
20150311 41.40 42.00 42.95 41.30 18109
20150312 43.60 42.51 45.94 42.49 24247
20150313 42.00 45.05 45.30 41.90 24941
20150316 45.80 45.05 45.92 44.01 24543
20150317 45.09 45.01 45.48 44.55 16858
20150318 45.29 45.24 45.36 44.65 19861
20150319 45.30 45.45 45.80 44.80 20950
20150320 45.43 44.79 45.43 43.99 35911
20150323 44.65 44.20 44.77 43.41 60285
20150324 44.00 44.43 44.60 43.70 31190
20150325 44.38 44.28 44.50 43.00 48042
20150326 43.61 45.23 45.80 43.61 62310
20150327 45.28 44.81 45.50 44.07 31772
20150330 44.84 47.41 47.96 44.82 51212
20150331 48.80 48.65 51.00 47.99 63966
20150401 48.00 51.30 53.49 47.61 32574
20150402 51.10 50.20 51.49 49.71 34270
20150403 50.00 50.20 51.00 49.00 24452
20150407 50.24 51.47 52.20 50.22 30968
20150408 51.38 51.20 52.97 50.90 33009
20150409 52.00 52.59 52.90 49.00 39719
20150410 53.51 52.00 54.00 51.21 50588
20150413 52.40 51.86 53.00 51.00 39016
20150414 51.88 51.64 52.40 51.32 35135
20150415 51.64 50.30 51.75 49.15 27251
20150416 49.27 49.92 50.98 48.68 33930
20150417 50.30 50.18 50.62 49.81 27701
20150420 49.75 49.41 50.19 49.16 39191
20150421 49.41 50.94 51.50 48.68 32195
20150422 51.02 52.31 53.50 51.02 26548
20150423 52.71 55.08 55.81 52.50 42749
20150424 54.02 52.47 55.08 51.75 32408
20150427 52.45 52.59 53.01 51.50 26475
20150428 52.45 49.91 52.89 49.70 47092
20150429 49.95 50.90 52.24 49.49 21737
20150430 50.97 49.75 51.78 49.35 34369
20150504 50.11 50.89 51.20 50.11 22712
20150505 51.59 52.08 54.80 51.20 66326
20150506 52.40 51.75 54.50 51.21 31194
20150507 51.75 50.95 52.04 49.91 19256
20150508 51.50 54.62 54.80 51.45 45130
20150511 55.30 58.07 58.50 54.11 49800
20150512 57.73 57.92 59.29 57.00 36796
20150513 58.00 57.49 58.48 56.02 32703
20150514 37.98 37.50 37.98 36.00 53628
20150515 37.49 37.29 38.39 36.59 52500
20150518 37.80 36.05 37.85 35.75 76024
20150519 36.25 37.30 37.49 35.85 65874
20150520 37.30 38.09 38.88 37.03 77187
20150521 38.00 41.90 41.90 37.90 108057
20150522 43.00 41.71 43.50 40.03 83420
20150525 41.00 41.50 43.50 40.50 89651
20150526 41.89 42.70 43.49 41.42 71883
20150527 42.65 42.00 42.65 41.10 62790
20150528 41.99 41.06 42.99 41.06 69773
20150529 41.06 39.81 42.09 37.71 64185
20150601 40.00 41.80 42.01 39.30 79642
20150602 42.30 42.36 43.14 41.60 75204
20150603 42.44 41.00 42.99 39.88 96900
20150604 40.67 39.49 40.67 36.90 85024
20150605 39.77 40.99 40.99 39.09 102762
20150608 40.34 40.20 40.95 39.31 75355
20150609 40.00 40.18 41.00 39.78 60406
20150610 40.00 40.82 41.20 39.80 74408
20150611 40.84 43.00 43.00 40.84 114718
20150612 43.05 43.03 44.44 42.61 118037
20150615 43.00 44.59 45.16 42.60 117940
20150616 44.70 42.00 44.70 41.02 80348
20150617 42.60 42.40 42.65 39.30 67132
20150618 42.41 41.40 43.50 41.30 70065
20150619 41.98 39.70 43.31 39.51 120217
20150623 40.00 39.90 41.20 36.75 63818
20150624 40.30 40.55 40.95 39.11 49639
20150625 40.56 41.50 43.10 40.15 86232
20150626 40.00 37.35 41.43 37.35 80499
20150629 38.45 35.39 38.58 33.62 118578
20150630 34.87 38.36 38.48 34.00 79735
20150701 38.30 37.71 39.80 36.50 78085
20150702 37.71 37.00 38.68 36.10 73133
20150703 36.73 36.84 38.60 35.39 105512
20150706 36.68 36.70 40.48 33.16 126565
20150707 34.98 33.03 36.85 33.03 82342
20150714 36.33 36.33 36.33 36.33 4687
20150715 39.96 35.40 39.96 34.00 130886
20150716 34.70 38.20 38.80 33.20 105703
20150717 38.07 40.26 40.84 38.01 81216
20150720 40.00 39.85 41.25 39.25 85835
20150721 39.19 41.52 41.52 38.88 55816
20150722 41.12 41.34 42.00 40.29 55343
20150723 42.10 42.30 42.94 40.90 66584
20150724 42.60 40.98 43.00 40.30 59183
20150727 40.06 37.95 41.04 37.50 90505
20150728 37.19 39.10 39.80 37.19 86459
20150729 39.50 39.00 39.94 37.01 59311
20150730 38.99 37.52 39.77 37.50 43601
