20140102 4.69 4.72 4.78 4.68 39903
20140103 4.73 4.64 4.73 4.62 34421
20140106 4.61 4.48 4.61 4.47 37796
20140107 4.46 4.48 4.52 4.44 25894
20140108 4.52 4.53 4.57 4.48 23238
20140109 4.50 4.47 4.56 4.47 24361
20140110 4.45 4.55 4.67 4.42 61513
20140113 4.50 4.43 4.58 4.34 37299
20140114 4.42 4.50 4.52 4.36 27271
20140115 4.49 4.52 4.52 4.46 27449
20140116 4.50 4.52 4.57 4.49 30338
20140117 4.53 4.47 4.53 4.46 20617
20140120 4.48 4.50 4.53 4.43 20305
20140121 4.49 4.56 4.60 4.48 27072
20140122 4.60 4.65 4.66 4.55 48942
20140123 4.66 4.64 4.70 4.62 28914
20140124 4.65 4.75 4.80 4.60 68876
20140127 4.68 4.65 4.71 4.64 41327
20140128 4.68 4.76 4.78 4.64 48644
20140129 4.78 4.73 4.79 4.71 34596
20140130 4.70 4.66 4.73 4.64 22822
20140207 4.66 4.74 4.74 4.60 24295
20140210 4.72 4.86 4.87 4.71 68553
20140211 4.86 4.88 4.98 4.84 75817
20140212 4.88 4.93 4.95 4.84 53119
20140213 4.99 4.78 5.02 4.77 80336
20140214 4.82 4.99 5.02 4.78 81319
20140217 5.00 5.13 5.15 4.94 111062
20140218 5.12 5.07 5.13 5.01 81594
20140219 5.07 5.28 5.35 5.05 178309
20140220 5.81 5.81 5.81 5.81 194205
20140221 6.39 5.44 6.39 5.40 498091
20140224 5.41 5.60 5.77 5.36 287261
20140225 5.41 5.21 5.55 5.05 253067
20140226 5.10 5.73 5.73 5.07 478317
20140227 5.70 5.92 6.30 5.50 606791
20140228 5.68 5.82 6.21 5.63 402217
20140303 5.77 5.97 6.20 5.70 321421
20140304 6.00 6.05 6.19 5.78 244732
20140305 6.38 6.07 6.58 6.02 357250
20140306 5.90 5.82 5.97 5.63 291579
20140307 5.80 6.26 6.40 5.75 654073
20140310 6.05 5.76 6.06 5.63 418838
20140311 5.74 5.62 5.75 5.43 198223
20140312 5.55 5.36 5.60 5.14 209905
20140313 5.33 5.36 5.43 5.25 134698
20140314 5.31 5.34 5.42 5.25 89582
20140317 5.39 5.50 5.50 5.36 135393
20140318 5.46 5.40 5.53 5.38 131683
20140319 5.35 5.30 5.37 5.24 119357
20140320 5.27 5.20 5.50 5.20 222380
20140321 5.15 5.30 5.33 5.08 150494
20140324 5.25 5.27 5.32 5.17 109807
20140325 5.27 5.29 5.41 5.25 108781
20140326 5.29 5.24 5.29 5.20 76741
20140327 5.23 5.16 5.26 5.13 74766
20140328 5.16 5.06 5.20 5.05 69177
20140331 5.01 5.06 5.14 5.00 53788
20140401 5.04 5.09 5.12 5.02 50653
20140402 5.12 5.12 5.16 5.07 92077
20140403 5.12 5.23 5.34 5.07 158067
20140404 5.18 5.17 5.18 5.08 81825
20140408 5.13 5.21 5.23 5.12 67929
20140409 5.21 5.28 5.31 5.21 84970
20140410 5.29 5.27 5.32 5.24 94683
20140411 5.26 5.17 5.26 5.15 68115
20140414 5.17 5.29 5.31 5.13 96287
20140415 5.30 5.20 5.33 5.17 64525
20140416 5.17 5.26 5.28 5.17 58628
20140417 5.29 5.35 5.49 5.28 187832
20140418 5.30 5.55 5.61 5.27 206902
20140421 5.50 5.64 5.74 5.41 199875
20140422 5.59 5.56 5.66 5.36 203495
20140423 5.50 5.42 5.56 5.38 82503
20140424 5.44 5.46 5.54 5.38 104541
20140425 5.43 4.93 5.57 4.91 215325
20140428 4.83 4.52 4.87 4.50 145001
20140429 4.52 4.59 4.65 4.48 66568
20140430 4.59 4.62 4.65 4.57 52431
20140505 4.60 4.63 4.65 4.54 55266
20140506 4.62 4.64 4.73 4.60 67611
20140507 4.64 4.51 4.64 4.50 55164
20140508 4.49 4.52 4.58 4.48 36381
20140509 4.51 4.48 4.55 4.45 41991
20140512 4.51 4.62 4.63 4.51 47092
20140513 4.67 4.89 5.08 4.67 232240
20140514 4.78 4.76 4.82 4.71 88227
20140515 4.74 4.62 4.76 4.60 58974
20140516 4.60 4.67 4.71 4.55 44149
20140519 4.64 4.62 4.65 4.57 24043
20140520 4.64 4.67 4.78 4.63 60586
20140521 4.65 4.69 4.71 4.58 45504
20140522 4.68 4.64 4.75 4.63 44383
20140523 4.61 4.67 4.69 4.61 30701
20140526 4.67 4.70 4.72 4.66 44476
20140527 4.71 4.67 4.72 4.65 24634
20140528 4.68 4.75 4.78 4.67 47453
20140529 4.76 4.69 4.81 4.68 53655
20140530 4.66 4.77 4.79 4.63 59795
20140603 4.75 4.97 5.15 4.75 251079
20140604 4.91 4.97 5.09 4.83 182675
20140605 4.90 4.93 4.95 4.77 126719
20140606 4.88 4.83 4.89 4.81 52790
20140609 4.76 4.80 4.87 4.76 34195
20140610 4.82 4.87 4.88 4.74 52585
20140611 4.84 4.88 4.93 4.82 46450
20140612 4.90 4.87 4.91 4.80 47376
20140613 4.86 4.95 4.95 4.85 53430
20140616 5.03 4.97 5.14 4.94 94043
20140617 4.95 4.86 4.95 4.86 46653
20140618 4.86 4.86 4.90 4.82 32515
20140619 4.83 4.71 4.91 4.64 38136
20140620 4.71 4.82 4.82 4.66 31126
20140623 4.80 4.85 4.93 4.77 50202
20140624 4.84 4.86 4.89 4.81 24308
20140625 4.86 4.88 4.92 4.79 63490
20140626 4.88 4.94 4.96 4.86 68374
20140627 4.94 4.97 4.98 4.84 93716
20140630 4.95 5.05 5.10 4.92 103697
20140701 5.08 5.01 5.12 4.97 80209
20140702 5.01 5.09 5.30 4.96 206694
20140703 5.06 5.05 5.08 4.96 120737
20140704 5.02 4.99 5.04 4.98 51236
20140707 4.99 5.01 5.03 4.97 39540
20140708 5.00 5.04 5.04 4.96 53466
20140709 5.04 4.92 5.04 4.91 63377
20140710 4.94 4.96 4.99 4.91 36584
20140711 4.98 5.05 5.11 4.92 75128
20140714 5.04 5.09 5.12 5.03 77410
20140715 5.09 5.11 5.13 5.04 62383
20140716 5.08 5.04 5.15 5.01 90320
20140717 5.02 5.12 5.23 4.94 110383
20140718 5.06 5.05 5.12 5.02 67785
20140721 5.05 5.03 5.12 5.01 43312
20140722 5.03 5.08 5.10 5.01 61795
20140723 5.03 5.06 5.08 5.00 60899
20140724 5.05 4.99 5.05 4.95 67583
20140725 4.98 5.09 5.14 4.96 94736
20140728 5.11 5.17 5.17 5.06 119486
20140729 5.16 5.16 5.20 5.13 82069
20140730 5.23 5.59 5.68 5.23 492274
20140731 5.48 5.47 5.54 5.38 200246
20140801 5.41 5.27 5.43 5.26 157374
20140804 5.30 5.37 5.38 5.30 106991
20140805 5.35 5.40 5.41 5.31 89060
20140806 5.39 5.36 5.41 5.31 74305
20140807 5.37 5.35 5.47 5.33 87767
20140808 5.33 5.36 5.41 5.27 71447
20140811 5.36 5.41 5.48 5.34 74435
20140812 5.43 5.41 5.44 5.36 58619
20140813 5.44 5.43 5.46 5.37 77754
20140814 5.43 5.31 5.43 5.30 80377
20140815 5.30 5.36 5.38 5.29 52295
20140818 5.41 5.44 5.44 5.36 80077
20140819 5.45 5.54 5.68 5.39 219423
20140820 5.48 5.46 5.55 5.45 98478
20140821 5.48 5.50 5.55 5.41 89900
20140822 5.51 5.59 5.60 5.48 105284
20140825 5.64 5.58 5.66 5.54 96497
20140826 5.58 5.38 5.60 5.35 96831
20140827 5.36 5.52 5.56 5.36 86675
20140828 5.53 5.55 5.77 5.45 114805
20140829 5.55 5.64 5.66 5.53 102890
20140901 5.65 5.73 5.75 5.58 125588
20140902 5.74 5.80 5.86 5.68 174586
20140903 5.90 5.87 6.15 5.84 248702
20140904 5.92 5.91 6.02 5.82 127350
20140905 5.78 6.09 6.13 5.73 316017
20140909 6.08 6.06 6.15 5.98 140349
20140910 6.05 6.19 6.20 5.97 161173
20140911 6.15 6.04 6.25 6.00 181162
20140912 6.01 6.15 6.18 5.97 143956
20140915 6.25 6.16 6.32 6.15 165458
20140916 6.12 5.87 6.16 5.79 167724
20140917 5.87 6.01 6.05 5.81 111469
20140918 5.98 6.05 6.10 5.98 77543
20140919 6.03 6.22 6.23 5.98 129830
20140922 6.20 6.44 6.76 6.16 291827
20140923 6.47 6.92 6.99 6.37 273886
20140924 6.78 6.97 7.04 6.71 238567
20140925 6.97 7.67 7.67 6.86 356627
20140926 7.89 7.89 8.08 7.50 359070
20140929 7.83 7.85 7.97 7.68 184117
20140930 7.75 8.08 8.39 7.70 275398
20141008 7.95 7.91 8.01 7.69 133893
20141009 7.95 8.00 8.20 7.81 207843
20141010 7.99 7.93 8.07 7.80 110809
20141013 7.87 7.76 7.95 7.58 110864
20141014 7.76 7.87 7.99 7.73 174458
20141015 7.77 7.87 7.99 7.62 233155
20141016 7.73 7.78 8.00 7.70 129146
20141017 7.72 7.47 7.80 7.28 126977
20141020 7.42 7.49 7.53 7.02 115029
20141021 7.50 7.64 7.82 7.40 135992
20141022 7.64 7.40 7.70 7.38 72986
20141023 7.33 7.23 7.54 7.19 72634
20141024 7.30 7.22 7.37 7.15 33159
20141027 7.26 7.22 7.26 7.01 66094
20141028 7.26 7.44 7.47 7.26 77999
20141029 7.46 7.54 7.80 7.40 150838
20141030 7.54 7.87 7.99 7.52 248524
20141031 7.87 7.90 7.94 7.70 115613
20141103 7.87 7.86 7.98 7.71 161015
20141104 7.78 7.68 7.80 7.60 98972
20141105 7.70 8.00 8.01 7.66 251936
20141106 7.91 7.82 8.14 7.65 141773
20141107 7.83 7.65 7.87 7.58 104444
20141110 7.64 7.66 7.76 7.57 50470
20141111 7.70 7.22 7.74 7.12 131063
20141112 7.24 7.54 7.57 7.22 86573
20141113 7.56 7.21 7.64 7.16 82276
20141114 7.21 7.23 7.35 7.14 39009
20141117 7.37 7.39 7.54 7.30 161663
20141118 7.38 7.27 7.60 7.23 199987
20141119 7.23 7.36 7.38 7.13 57307
20141120 7.36 7.47 7.50 7.21 154977
20141121 7.43 7.66 7.70 7.32 313724
20141124 7.64 7.64 7.74 7.54 253062
20141125 7.61 7.64 7.99 7.48 144255
20141126 7.65 7.70 7.84 7.55 290830
20141127 7.68 7.71 7.77 7.57 160875
20141128 7.75 8.04 8.10 7.65 364964
20141201 8.10 7.79 8.10 7.66 241013
20141202 7.84 7.83 7.97 7.70 161350
20141203 7.85 7.74 8.04 7.62 394379
20141204 7.66 7.87 7.96 7.62 299770
20141205 7.81 7.88 8.03 7.49 338825
20141208 7.86 7.73 7.97 7.64 213147
20141209 7.79 7.35 7.96 7.32 218469
20141210 7.60 7.68 7.74 7.34 229529
20141211 7.71 7.68 7.74 7.58 127476
20141212 7.70 7.60 7.78 7.52 236448
20141215 7.58 7.62 7.65 7.41 136199
20141216 7.60 7.57 7.61 7.49 131127
20141217 7.54 7.35 7.59 7.29 138540
20141218 7.35 7.29 7.56 7.21 105560
20141219 7.20 7.28 7.45 7.00 130766
20141222 7.24 6.61 7.24 6.55 125468
20141223 6.58 6.22 6.68 6.20 93898
20141224 6.29 6.55 6.80 6.23 107609
20141225 6.48 6.70 6.78 6.47 151798
20141226 6.60 6.57 6.68 6.53 72904
20141229 6.58 6.40 6.66 6.35 78977
20141230 6.41 6.19 6.45 6.16 66139
20141231 6.20 6.34 6.42 6.16 135360
20150105 6.32 6.59 6.76 6.22 218159
20150106 6.49 6.48 6.52 6.37 101767
20150107 6.47 6.55 6.59 6.42 73263
20150108 6.60 6.52 6.67 6.52 108802
20150109 6.50 6.32 6.56 6.32 68615
20150112 6.37 6.28 6.39 6.22 45453
20150113 6.26 6.32 6.33 6.26 31290
20150114 6.32 6.30 6.37 6.27 31814
20150115 6.30 6.40 6.41 6.30 34659
20150116 6.40 6.52 6.55 6.36 66148
20150119 6.43 6.15 6.49 6.02 72569
20150120 6.25 6.36 6.40 6.22 55094
20150121 6.36 6.52 6.53 6.35 75714
20150122 6.54 6.86 7.13 6.52 175973
20150123 6.80 6.72 6.86 6.71 82976
20150126 6.69 6.84 6.94 6.69 113553
20150127 6.80 6.89 7.00 6.70 103137
20150128 6.93 6.81 6.97 6.78 92216
20150129 6.71 6.67 6.77 6.65 64130
20150130 6.67 6.81 7.00 6.67 174313
20150202 6.70 6.78 6.95 6.63 97658
20150203 6.80 6.83 6.86 6.76 60039
20150204 6.85 6.71 6.91 6.70 72844
20150205 6.78 6.71 6.80 6.60 84237
20150206 6.66 6.56 6.78 6.51 74743
20150209 6.59 6.45 6.60 6.41 54626
20150210 6.45 6.49 6.50 6.41 30282
20150211 6.51 6.50 6.55 6.47 30814
20150212 6.50 6.59 6.59 6.48 32266
20150213 6.60 6.66 6.73 6.60 44739
20150216 6.68 6.82 6.84 6.66 58519
20150217 6.85 6.85 6.88 6.74 86000
20150225 6.91 6.88 6.97 6.85 91167
20150226 6.86 7.25 7.38 6.83 183348
20150227 7.19 7.40 7.76 7.09 260309
20150302 7.43 7.81 7.95 7.29 288319
20150303 7.70 7.76 7.88 7.60 178117
20150304 7.70 8.16 8.43 7.67 306909
20150305 8.00 7.79 8.27 7.78 460904
20150306 7.71 7.46 7.75 7.46 165186
20150309 7.30 7.59 7.69 7.28 261798
20150310 7.59 7.60 7.74 7.50 109770
20150311 7.60 7.58 7.76 7.50 236531
20150312 7.58 7.55 7.62 7.51 87684
20150313 7.56 7.58 7.64 7.52 76390
20150316 7.60 7.73 7.78 7.50 143609
20150317 7.77 7.85 7.96 7.73 197427
20150318 7.88 7.95 7.95 7.82 184737
20150319 7.98 8.10 8.17 7.97 280378
20150320 8.13 8.06 8.20 8.02 181380
20150323 8.06 8.09 8.12 8.02 179243
20150324 8.10 8.36 8.40 7.70 398394
20150325 8.36 8.49 8.64 8.21 310865
20150326 8.45 8.37 8.75 8.27 249419
20150327 8.35 8.45 8.63 8.32 198049
20150330 8.46 8.52 8.68 8.37 205372
20150331 8.51 8.40 8.60 8.35 223306
20150401 8.40 8.91 9.09 8.36 322577
20150402 8.85 9.01 9.20 8.78 358744
20150403 8.92 8.98 9.08 8.80 227970
20150407 8.99 9.12 9.19 8.90 227468
20150408 9.14 9.13 9.44 8.91 234158
20150409 9.11 8.69 9.12 8.43 221495
20150410 8.70 8.86 8.90 8.60 159358
20150413 8.89 9.02 9.09 8.83 192551
20150414 9.00 9.11 9.24 8.94 213830
20150415 9.30 8.90 9.49 8.89 301567
20150416 8.78 9.24 9.24 8.46 217720
20150417 9.26 9.60 9.61 9.17 389553
20150420 9.60 9.18 9.87 9.17 459464
20150421 9.20 9.54 9.55 9.07 249682
20150422 9.50 9.69 9.82 9.50 382348
20150423 9.64 9.77 9.95 9.56 363325
20150424 9.52 10.75 10.75 9.40 829408
20150427 11.03 11.29 11.68 10.85 765881
20150428 11.00 11.73 11.99 10.60 766995
20150429 11.55 11.01 11.55 10.70 660296
20150430 10.83 10.62 11.02 10.60 361004
20150504 10.55 10.46 10.68 10.32 262334
20150505 10.45 10.08 10.77 10.03 307158
20150506 10.07 9.70 10.24 9.60 235011
20150507 9.60 9.12 9.88 9.00 254976
20150508 9.31 9.48 9.48 9.12 207283
20150511 9.55 9.92 9.92 9.48 248892
20150512 9.96 10.01 10.18 9.82 252279
20150513 9.92 9.89 10.01 9.80 224244
20150514 9.86 10.09 10.23 9.80 253408
20150515 10.00 9.58 10.02 9.51 236045
20150518 9.55 9.53 9.68 9.41 153911
20150519 9.50 9.89 9.89 9.48 193478
20150520 9.90 10.14 10.38 9.89 350148
20150521 10.14 10.44 10.45 10.14 266871
20150522 10.57 10.88 10.98 10.43 382598
20150525 10.92 11.02 11.25 10.88 401481
20150526 11.02 11.25 11.29 10.71 450610
20150527 11.16 11.49 11.66 10.91 429149
20150528 11.37 10.35 11.69 10.34 417684
20150529 10.35 10.10 10.58 9.70 273912
20150601 10.09 11.11 11.11 10.09 297263
20150602 11.08 11.99 11.99 11.00 554212
20150603 11.99 12.32 12.50 11.72 451675
20150604 12.00 12.01 12.19 11.20 281238
20150605 12.24 12.69 12.80 12.00 395282
20150608 12.69 13.18 13.43 12.44 409729
20150609 13.05 12.60 13.08 12.50 297363
20150610 12.50 13.02 13.24 12.00 268021
20150611 13.06 13.30 13.45 12.76 276997
20150612 13.36 13.90 14.30 13.19 329850
20150615 13.87 13.88 14.47 13.75 315192
20150616 13.70 13.19 13.80 12.57 299025
20150617 13.05 13.64 13.75 12.35 250061
20150618 13.67 13.50 14.49 13.34 288187
20150619 12.96 12.16 13.25 12.15 193741
20150623 12.16 11.88 12.49 10.94 218158
20150624 12.01 13.07 13.07 11.52 355268
20150625 13.06 13.00 13.85 12.50 422616
20150626 12.18 11.62 12.89 11.62 280223
20150629 12.04 11.93 12.27 10.46 366706
20150630 12.03 12.64 12.65 10.86 372157
20150701 12.11 12.83 13.65 12.01 508233
20150702 12.50 11.55 12.77 11.55 289033
20150703 10.40 10.40 11.15 10.40 160500
20150706 11.40 9.36 11.40 9.36 206774
20150707 8.43 8.42 8.43 8.42 15634
20150708 7.58 7.58 7.58 7.58 3754
20150709 6.82 8.34 8.34 6.82 429162
20150710 8.11 9.17 9.17 8.01 411274
20150713 9.41 9.98 10.05 9.00 520290
20150714 9.55 9.08 10.01 9.00 431020
20150715 8.68 8.17 8.83 8.17 315305
20150716 7.46 8.07 8.48 7.46 206786
20150717 8.15 8.52 8.65 8.08 204837
20150720 8.58 8.61 8.93 8.35 218627
20150721 8.40 8.70 8.88 8.28 206868
20150722 8.65 9.54 9.57 8.60 397150
20150723 9.30 9.55 9.60 9.12 365529
20150724 9.55 9.15 10.05 9.01 358921
20150727 8.88 8.24 9.12 8.24 231043
20150728 7.70 7.87 8.39 7.42 229940
20150729 8.05 8.41 8.44 7.57 157585
20150730 8.30 8.10 8.75 8.08 186208
