20140102 7.19 7.31 7.40 7.15 32267
20140103 7.31 7.19 7.32 7.14 26587
20140106 7.17 6.96 7.17 6.94 23892
20140107 6.92 7.05 7.05 6.88 14310
20140108 7.05 7.26 7.28 7.02 35063
20140109 7.21 7.11 7.27 7.07 27544
20140110 7.17 7.35 7.45 7.07 71481
20140113 7.30 7.50 7.51 7.25 76098
20140114 7.50 7.54 7.58 7.38 60000
20140115 7.50 7.42 7.50 7.34 42286
20140116 7.43 7.65 7.68 7.36 61592
20140117 7.61 7.45 7.63 7.37 43085
20140120 7.41 7.44 7.63 7.37 26611
20140121 7.41 7.55 7.58 7.39 30526
20140122 7.55 7.88 8.07 7.55 100038
20140123 7.85 7.80 7.95 7.78 55108
20140124 7.88 8.18 8.37 7.82 89164
20140127 8.08 8.23 8.48 8.03 70599
20140128 8.22 8.08 8.33 7.95 41904
20140129 8.19 8.33 8.46 8.12 51049
20140130 8.22 8.10 8.38 8.00 41673
20140207 8.01 8.14 8.15 7.81 32511
20140210 8.10 8.53 8.65 8.10 75644
20140211 8.55 8.38 8.59 8.21 56833
20140212 8.38 8.56 8.68 8.20 62864
20140213 8.64 8.69 8.96 8.50 100803
20140214 8.75 8.84 8.94 8.45 58311
20140217 8.85 8.79 8.92 8.67 65689
20140218 8.90 8.64 8.90 8.52 60975
20140219 8.56 8.38 8.65 8.24 71920
20140220 8.44 8.11 8.50 8.01 60591
20140221 8.06 8.18 8.19 7.92 44727
20140224 8.15 8.30 8.35 7.98 49891
20140225 8.25 8.13 8.30 7.80 55547
20140226 8.12 7.99 8.16 7.80 48743
20140227 7.99 7.99 8.13 7.92 43543
20140228 7.93 7.83 7.94 7.62 44560
20140303 7.83 8.02 8.10 7.76 28566
20140304 7.98 7.89 7.98 7.78 27506
20140305 7.90 7.95 8.02 7.90 19459
20140306 7.95 8.04 8.05 7.80 20973
20140307 8.06 7.98 8.13 7.92 27679
20140310 7.96 7.56 7.96 7.53 23236
20140311 7.52 7.53 7.66 7.48 14235
20140312 7.49 7.41 7.63 7.35 14602
20140313 7.47 7.52 7.53 7.42 12851
20140314 7.54 7.50 7.55 7.38 11847
20140317 7.50 7.66 7.66 7.46 14781
20140318 7.65 7.74 7.81 7.65 17111
20140319 7.72 7.77 7.83 7.67 17758
20140320 7.78 7.62 8.00 7.60 22616
20140321 7.50 7.80 7.80 7.45 16702
20140324 7.75 7.83 7.94 7.75 20471
20140325 7.83 8.08 8.14 7.80 51707
20140326 8.02 8.05 8.09 7.96 17803
20140327 8.08 7.82 8.10 7.82 15861
20140328 7.79 7.58 7.86 7.55 18319
20140331 7.60 7.52 7.65 7.51 9931
20140401 7.48 7.57 7.73 7.42 31562
20140402 7.54 7.56 7.64 7.50 11067
20140403 7.56 7.63 7.65 7.50 11992
20140404 7.66 7.70 7.75 7.59 11732
20140408 7.65 7.86 7.86 7.63 17525
20140409 7.89 7.88 7.90 7.82 14518
20140410 7.88 7.80 7.96 7.80 25652
20140411 7.80 7.72 7.80 7.66 17435
20140414 7.75 7.99 8.00 7.71 28189
20140415 7.93 7.86 8.04 7.81 15734
20140416 7.85 7.93 7.98 7.83 11765
20140417 7.93 7.93 8.06 7.91 11879
20140418 7.90 7.94 7.96 7.84 9670
20140421 7.90 7.76 7.94 7.74 12197
20140422 7.75 7.70 7.80 7.51 16141
20140423 7.65 7.69 7.75 7.65 4507
20140424 7.66 7.57 7.70 7.54 7825
20140425 7.63 7.76 7.94 7.56 23768
20140428 7.83 7.44 7.94 7.40 36918
20140429 7.27 7.27 7.29 7.00 19434
20140430 7.27 7.32 7.34 7.21 8570
20140505 7.30 7.41 7.44 7.20 9513
20140506 7.40 7.55 7.59 7.38 15891
20140507 7.51 7.38 7.57 7.37 8427
20140508 7.48 7.46 7.63 7.38 9333
20140509 7.56 7.41 7.56 7.38 7121
20140512 7.53 7.55 7.58 7.42 9167
20140513 7.57 7.55 7.59 7.49 6231
20140514 7.54 7.53 7.59 7.49 4594
20140515 7.51 7.22 7.57 7.08 23520
20140516 7.18 7.21 7.25 7.13 6340
20140519 7.20 7.20 7.23 7.11 3929
20140520 7.27 7.20 7.31 7.20 4026
20140521 7.20 7.25 7.27 7.13 4801
20140522 7.26 7.21 7.32 7.19 5800
20140523 7.19 7.26 7.30 7.18 5587
20140526 7.29 7.35 7.42 7.29 9667
20140527 7.33 7.38 7.39 7.31 8730
20140528 7.39 7.41 7.41 7.31 7020
20140529 7.38 7.28 7.39 7.28 5932
20140530 7.25 7.32 7.36 7.25 6458
20140603 7.38 7.35 7.40 7.32 7000
20140604 7.38 7.27 7.38 7.25 6175
20140605 7.27 7.40 7.43 7.27 10258
20140606 7.42 7.38 7.45 7.32 8407
20140609 7.40 7.37 7.44 7.34 6440
20140610 7.43 7.49 7.51 7.34 12885
20140611 7.46 7.48 7.52 7.44 12418
20140612 7.48 7.49 7.53 7.44 10517
20140613 7.50 7.65 7.68 7.47 21887
20140616 7.66 7.62 7.80 7.60 17559
20140617 7.67 7.63 7.67 7.48 12711
20140618 7.65 7.49 7.67 7.45 12014
20140619 7.48 7.28 7.54 7.26 10907
20140620 6.07 6.10 6.15 6.04 8427
20140623 6.10 6.19 6.21 6.09 17320
20140624 6.16 6.19 6.22 6.15 10757
20140625 6.22 6.10 6.23 6.09 10521
20140626 6.12 6.19 6.23 6.11 18074
20140627 6.19 6.33 6.44 6.17 31875
20140630 6.33 6.38 6.44 6.25 25743
20140701 6.38 6.46 6.60 6.38 34536
20140702 6.47 6.41 6.49 6.35 21135
20140703 6.42 6.45 6.48 6.40 23684
20140704 6.43 6.45 6.47 6.38 17120
20140707 6.45 6.49 6.50 6.41 17976
20140708 6.48 6.52 6.54 6.43 16730
20140709 6.55 6.42 6.55 6.40 19849
20140710 6.42 6.40 6.47 6.39 14675
20140711 6.41 6.45 6.50 6.39 18396
20140714 6.47 6.70 6.74 6.46 56760
20140715 6.64 6.61 6.70 6.53 39113
20140716 6.59 6.55 6.61 6.51 19146
20140717 6.55 6.49 6.62 6.46 20132
20140718 6.44 6.54 6.63 6.41 24698
20140721 6.54 6.49 6.57 6.46 10677
20140722 6.50 6.56 6.57 6.45 17470
20140723 6.58 6.48 6.59 6.44 18324
20140724 6.48 6.41 6.50 6.31 19902
20140725 6.39 6.49 6.52 6.38 19674
20140728 6.50 6.57 6.60 6.48 30636
20140729 6.57 6.60 6.61 6.53 30769
20140730 6.60 6.67 6.77 6.54 45456
20140731 6.65 6.71 6.72 6.62 30785
20140801 6.71 6.59 6.73 6.53 34516
20140804 6.63 6.67 6.69 6.58 37568
20140805 6.64 6.75 6.77 6.56 57486
20140806 6.75 6.92 7.05 6.74 130418
20140807 7.19 7.61 7.61 7.18 100802
20140808 8.06 7.98 8.37 7.68 404072
20140811 8.40 8.10 8.70 7.78 341924
20140812 7.93 7.84 8.02 7.79 192555
20140813 7.75 7.60 7.75 7.43 190396
20140814 7.58 7.61 7.79 7.51 169400
20140815 7.53 7.78 7.81 7.49 146589
20140818 7.80 7.82 7.89 7.65 144594
20140819 7.79 8.60 8.60 7.77 398562
20140820 8.65 9.46 9.46 8.30 326652
20140821 9.92 9.54 10.30 9.19 369051
20140822 9.70 9.07 10.26 9.04 323536
20140825 8.82 8.72 9.02 8.65 239272
20140826 8.90 9.59 9.59 8.79 308326
20140827 9.78 10.32 10.55 9.42 472413
20140828 9.90 9.29 9.95 9.29 262238
20140829 8.98 9.08 9.25 8.75 210640
20140901 9.01 9.37 9.47 8.91 202745
20140902 9.27 9.39 9.72 9.27 213740
20140903 9.26 9.44 9.44 9.09 177960
20140904 9.35 9.29 9.41 9.22 124690
20140905 9.30 9.30 9.63 9.20 146088
20140909 9.29 9.16 9.29 9.05 135600
20140910 9.15 9.57 9.90 9.01 248020
20140911 9.50 9.87 9.96 9.37 243436
20140912 9.65 9.73 9.82 9.60 148258
20140915 9.62 9.74 9.90 9.62 102728
20140916 9.74 9.12 9.77 9.11 121748
20140917 9.13 9.15 9.22 8.96 52527
20140918 9.15 9.12 9.30 9.07 41257
20140919 9.11 9.22 9.22 9.11 37330
20140922 9.23 9.18 9.23 9.00 47997
20140923 9.15 9.56 9.58 9.08 95409
20140924 9.57 9.62 9.72 9.42 63712
20140925 9.80 9.54 9.90 9.45 71319
20140926 9.40 9.36 9.59 9.29 58118
20140929 9.37 9.50 9.51 9.28 55435
20140930 9.54 9.96 10.20 9.46 153683
20141008 10.00 10.96 10.96 9.96 233461
20141009 11.05 10.64 11.09 10.50 230350
20141010 10.54 10.59 10.60 10.35 97579
20141013 10.50 10.40 10.51 10.10 75798
20141014 10.27 10.37 10.48 10.18 61547
20141015 10.45 10.39 10.68 10.23 66278
20141016 10.23 9.83 10.23 9.81 83136
20141017 9.67 9.40 9.80 9.10 61798
20141020 9.49 9.48 9.57 9.29 38236
20141021 9.49 9.60 9.64 9.41 48777
20141022 9.56 9.25 9.60 9.25 31007
20141023 9.15 9.22 9.45 9.10 35410
20141024 9.21 9.16 9.35 9.13 22246
20141027 9.09 9.27 9.30 9.08 16640
20141028 9.31 9.49 9.53 9.27 33907
20141029 9.36 9.66 9.77 9.20 103288
20141030 9.52 9.61 9.63 9.42 69799
20141031 9.57 9.36 9.63 9.22 53894
20141103 9.33 9.45 9.56 9.26 35348
20141104 9.48 9.37 9.49 9.31 32292
20141105 9.36 8.98 9.36 8.93 110513
20141106 8.94 9.03 9.08 8.68 99836
20141107 8.96 8.74 9.03 8.50 107469
20141110 8.75 8.79 8.80 8.67 40354
20141111 8.79 8.29 8.80 8.19 66400
20141112 8.27 8.42 8.47 8.21 33526
20141113 8.49 8.49 8.57 8.33 45919
20141114 8.49 8.52 8.52 8.38 30710
20141117 8.52 8.60 8.68 8.45 32303
20141118 8.59 8.61 8.65 8.51 26102
20141119 8.62 8.68 8.72 8.56 30697
20141120 8.65 8.66 8.84 8.55 50875
20141121 8.60 8.67 8.71 8.60 25877
20141124 8.72 8.81 8.86 8.50 67844
20141125 8.75 8.82 8.83 8.72 40540
20141126 8.84 8.76 8.86 8.65 38514
20141127 8.79 8.89 8.96 8.74 59709
20141128 8.84 8.97 9.05 8.81 70622
20141201 8.98 8.93 9.09 8.84 67020
20141202 8.87 8.94 9.00 8.84 55424
20141203 8.94 8.97 8.99 8.72 67780
20141204 8.97 9.29 9.35 8.95 105967
20141205 9.28 8.86 9.29 8.60 75306
20141208 8.79 8.68 8.80 8.61 57478
20141209 8.63 8.10 8.63 8.09 66333
20141210 8.03 8.40 8.44 8.03 28751
20141211 8.50 8.58 8.68 8.37 61347
20141212 8.60 8.62 8.65 8.48 25508
20141215 8.58 8.86 8.95 8.50 49314
20141216 8.81 8.81 8.93 8.72 34509
20141217 8.86 8.82 9.00 8.68 48470
20141218 8.77 8.50 8.77 8.44 45344
20141219 8.50 8.24 8.50 8.16 30970
20141222 8.18 7.60 8.22 7.48 52995
20141223 7.58 7.66 7.83 7.41 20575
20141224 7.68 7.87 7.92 7.68 17373
20141225 7.90 7.88 7.93 7.81 17545
20141226 7.82 7.92 7.95 7.81 20406
20141229 7.90 7.87 7.90 7.66 22692
20141230 8.07 8.66 8.66 8.06 93002
20141231 8.74 8.25 8.74 8.16 97047
20150105 8.18 8.02 8.25 7.50 48923
20150106 7.90 8.15 8.29 7.77 45488
20150107 8.59 8.30 8.80 8.25 83509
20150108 8.36 8.26 8.55 8.25 43336
20150109 8.18 8.05 8.19 8.00 31883
20150112 7.97 8.04 8.11 7.83 27846
20150113 8.04 8.13 8.13 7.92 17964
20150114 8.08 7.99 8.12 7.96 22641
20150115 7.99 8.02 8.15 7.98 16737
20150116 8.01 8.06 8.12 8.00 18978
20150119 7.92 7.83 8.09 7.80 24618
20150120 7.90 8.07 8.08 7.89 20207
20150121 8.09 8.40 8.48 8.09 51030
20150122 8.40 8.50 8.50 8.29 45018
20150123 8.46 8.42 8.68 8.35 55183
20150126 8.43 8.60 8.61 8.36 31089
20150127 8.58 8.63 8.71 8.47 41251
20150128 8.62 8.57 8.75 8.54 44349
20150129 8.58 8.65 8.75 8.54 38221
20150130 8.59 8.37 8.59 8.37 49032
20150202 8.21 8.26 8.38 8.00 33117
20150203 8.27 8.32 8.35 8.21 20933
20150204 8.33 8.50 8.70 8.18 51950
20150205 8.47 8.38 8.57 8.30 32673
20150206 8.40 8.14 8.44 8.12 20042
20150209 8.28 8.20 8.35 8.14 20810
20150210 8.25 8.29 8.30 8.19 14279
20150211 8.32 8.75 8.96 8.28 76342
20150212 8.74 9.02 9.35 8.68 188429
20150213 9.03 8.98 9.09 8.85 78496
20150216 8.90 9.11 9.19 8.90 65826
20150217 9.11 9.09 9.20 9.04 46357
20150225 9.03 9.28 9.51 8.83 68657
20150226 9.19 9.34 9.67 9.18 80528
20150227 9.35 9.61 9.65 9.25 94969
20150302 9.53 9.62 9.63 9.20 88239
20150303 9.60 9.95 10.23 9.48 156304
20150304 9.89 10.42 10.58 9.86 121443
20150305 10.30 10.99 11.46 10.24 193581
20150306 10.90 10.49 11.13 10.35 108334
20150309 10.42 10.38 10.50 9.99 78703
20150310 10.39 11.00 11.11 10.35 119374
20150311 10.85 11.47 11.66 10.80 132298
20150624 9.70 9.70 9.70 9.70 5097
20150625 10.67 10.67 10.67 10.67 6102
20150626 11.74 11.74 11.74 11.02 298174
20150629 12.91 11.05 12.91 10.57 529386
20150630 9.95 10.61 11.35 9.95 341087
20150701 10.55 11.67 11.67 10.09 376231
20150702 11.30 10.99 12.32 10.50 469546
20150703 10.00 9.89 10.89 9.89 219732
20150706 10.72 8.90 10.72 8.90 198276
20150707 8.01 8.01 8.01 8.01 11934
20150714 8.81 8.81 8.81 8.81 25181
20150715 9.35 7.93 9.36 7.93 223510
20150716 7.50 7.54 8.20 7.14 263311
20150717 7.55 8.16 8.17 7.41 212633
20150720 8.08 8.26 8.68 7.87 219245
20150721 8.13 8.30 8.48 7.91 173252
20150722 8.38 8.63 8.76 8.22 205361
20150723 8.70 8.99 9.13 8.62 205645
20150724 9.00 8.85 9.35 8.65 230474
20150727 8.58 7.97 8.88 7.97 183921
20150728 7.30 7.40 7.90 7.17 174238
20150729 7.60 8.07 8.14 7.27 139960
20150730 7.93 7.73 8.26 7.69 141171
