20140102 4.24 4.26 4.31 4.24 97374
20140103 4.26 4.30 4.35 4.24 173833
20140106 4.28 4.16 4.28 4.15 102376
20140107 4.13 4.08 4.17 4.03 127184
20140108 4.08 4.06 4.12 4.03 68924
20140109 4.06 4.01 4.09 4.00 70389
20140110 4.01 3.93 4.02 3.92 73794
20140113 3.92 3.88 3.98 3.84 64419
20140114 3.88 3.96 3.96 3.87 44057
20140115 3.95 4.00 4.01 3.93 44709
20140116 4.00 3.99 4.01 3.94 44984
20140117 4.00 3.91 4.00 3.90 39924
20140120 3.93 3.91 3.96 3.88 30603
20140121 3.91 3.95 3.96 3.90 31778
20140122 3.96 4.02 4.02 3.94 92099
20140123 3.99 4.03 4.11 3.95 161450
20140124 4.02 4.03 4.06 3.99 98398
20140127 4.02 3.90 4.02 3.89 131862
20140128 3.87 3.87 3.91 3.84 132513
20140129 3.87 3.87 3.89 3.81 98677
20140130 3.85 3.77 3.86 3.77 99297
20140207 3.75 3.82 3.82 3.70 71062
20140210 3.82 3.89 3.91 3.82 89741
20140211 3.90 3.91 3.92 3.87 87279
20140212 3.90 3.94 3.94 3.89 88318
20140213 3.97 3.91 3.97 3.91 78588
20140214 3.92 3.95 3.97 3.91 72108
20140217 3.97 3.96 3.97 3.92 98268
20140218 3.96 3.93 3.96 3.91 95722
20140219 3.93 3.95 3.96 3.89 95090
20140220 3.96 3.96 4.02 3.93 169286
20140221 3.96 3.88 3.98 3.86 109215
20140224 3.87 3.95 4.02 3.78 172144
20140225 3.94 3.82 3.95 3.81 81076
20140226 3.82 3.81 3.84 3.75 79205
20140227 3.80 3.77 3.85 3.77 55701
20140228 3.77 3.79 3.81 3.69 115849
20140303 3.76 3.85 3.86 3.75 74887
20140304 3.84 3.84 3.87 3.80 56199
20140305 3.85 3.82 3.86 3.81 51150
20140306 3.84 3.89 3.96 3.80 113668
20140307 3.92 3.87 3.98 3.86 102585
20140310 3.84 3.72 3.84 3.72 78210
20140311 3.72 3.79 3.79 3.69 58699
20140312 3.78 3.75 3.79 3.71 46872
20140313 3.76 3.78 3.82 3.76 49200
20140314 3.76 3.73 3.78 3.70 58612
20140317 3.72 3.77 3.78 3.71 39992
20140318 3.77 3.77 3.82 3.74 68168
20140319 3.77 3.85 3.88 3.75 128073
20140320 3.85 3.75 3.86 3.74 87572
20140321 3.72 3.80 3.84 3.71 91882
20140324 3.81 3.85 3.86 3.80 113516
20140325 3.85 3.85 3.87 3.83 76269
20140326 3.84 3.82 3.86 3.81 51104
20140327 3.82 3.82 3.87 3.81 63177
20140328 3.82 3.86 3.91 3.81 85200
20140331 3.84 3.76 3.86 3.75 81879
20140401 4.14 4.14 4.14 4.14 182160
20140402 4.21 4.08 4.31 4.07 775073
20140403 4.10 4.13 4.25 4.03 414964
20140404 4.08 4.20 4.27 4.07 428097
20140408 4.17 4.16 4.22 4.09 268328
20140409 4.13 4.14 4.18 4.09 240293
20140410 4.13 4.16 4.25 4.10 314757
20140411 4.11 4.09 4.18 4.08 199972
20140414 4.07 4.03 4.09 4.02 186809
20140415 4.00 3.93 4.02 3.92 181658
20140416 3.94 3.94 3.96 3.92 97664
20140417 3.95 3.93 3.95 3.91 99982
20140418 3.95 3.93 3.95 3.91 92998
20140421 3.89 3.87 3.92 3.86 108775
20140422 3.85 3.87 3.88 3.81 93509
20140423 3.86 3.85 3.88 3.84 46407
20140424 3.86 3.82 3.87 3.82 48411
20140425 3.81 3.76 3.83 3.76 77839
20140428 3.76 3.68 3.77 3.68 89118
20140429 3.68 3.73 3.73 3.68 43446
20140430 3.73 3.73 3.75 3.71 34562
20140505 3.73 3.73 3.74 3.68 75970
20140506 3.72 3.74 3.75 3.71 64439
20140507 3.73 3.71 3.74 3.69 46115
20140508 3.71 3.72 3.76 3.68 54115
20140509 3.72 3.76 3.76 3.70 49217
20140512 3.78 3.83 3.86 3.75 110335
20140513 3.84 3.82 3.86 3.80 60543
20140514 3.82 3.79 3.82 3.78 49089
20140515 3.79 3.81 3.81 3.74 63055
20140516 3.78 3.77 3.80 3.74 53254
20140519 3.77 3.72 3.77 3.71 41234
20140520 3.73 3.72 3.75 3.70 48866
20140521 3.71 3.75 3.75 3.69 52908
20140522 3.75 3.72 3.77 3.71 42594
20140523 3.72 3.74 3.74 3.70 34805
20140526 3.75 3.76 3.76 3.74 32645
20140527 3.76 3.73 3.76 3.72 45793
20140528 3.74 3.76 3.77 3.73 72801
20140529 3.76 3.77 3.82 3.75 95710
20140530 3.76 3.73 3.77 3.72 59548
20140603 3.73 3.72 3.76 3.71 41796
20140604 3.70 3.71 3.72 3.69 43137
20140605 3.72 3.73 3.73 3.69 35029
20140606 3.72 3.75 3.78 3.71 59644
20140609 3.71 3.71 3.74 3.70 49724
20140610 3.72 3.73 3.74 3.69 46160
20140611 3.73 3.75 3.75 3.72 44887
20140612 3.74 3.76 3.77 3.72 52619
20140613 3.76 3.77 3.78 3.74 63895
20140616 3.78 3.78 3.79 3.75 54297
20140617 3.77 3.75 3.77 3.74 38506
20140618 3.75 3.74 3.76 3.72 44821
20140619 3.74 3.63 3.74 3.62 72349
20140620 3.63 3.64 3.66 3.61 42784
20140623 3.64 3.65 3.67 3.64 38585
20140624 3.64 3.66 3.67 3.64 31966
20140625 3.66 3.63 3.66 3.62 41096
20140626 3.64 3.67 3.67 3.64 51872
20140627 3.66 3.70 3.74 3.65 85324
20140630 3.70 3.71 3.74 3.69 73433
20140701 3.80 3.81 3.96 3.79 230271
20140702 3.77 3.81 3.85 3.75 120077
20140703 3.79 3.81 3.83 3.76 86158
20140704 3.80 3.86 3.91 3.80 173329
20140707 3.88 3.83 3.89 3.81 95462
20140708 3.83 3.82 3.84 3.78 68130
20140709 3.83 3.84 3.96 3.83 199191
20140710 3.88 4.00 4.00 3.86 277555
20140711 3.97 4.01 4.04 3.93 202807
20140714 4.08 4.28 4.39 3.98 447443
20140715 4.22 4.66 4.71 4.14 954320
20140716 4.85 5.13 5.13 4.79 640404
20140717 5.13 4.69 5.13 4.62 1120027
20140718 4.51 5.01 5.16 4.49 1547061
20140721 4.78 5.03 5.27 4.70 1256769
20140722 4.90 4.88 5.06 4.76 734879
20140723 4.83 4.80 5.04 4.78 503418
20140724 4.82 4.84 5.08 4.77 607505
20140725 4.80 4.75 4.88 4.65 532121
20140728 4.73 4.82 4.95 4.70 587939
20140729 4.79 4.92 4.93 4.76 549907
20140730 4.89 4.83 4.95 4.81 342072
20140731 4.86 4.95 5.02 4.80 507705
20140801 5.00 4.89 5.00 4.82 475239
20140804 4.88 5.00 5.13 4.86 548438
20140805 5.02 5.02 5.16 4.96 475310
20140806 4.98 4.92 5.02 4.87 359487
20140807 4.94 4.84 4.94 4.83 230474
20140808 4.86 4.82 4.89 4.80 176140
20140811 4.83 4.84 4.84 4.71 284842
20140812 4.83 4.85 4.89 4.77 287583
20140813 4.83 4.79 4.87 4.77 202208
20140814 4.73 4.79 4.91 4.73 266043
20140815 4.76 4.80 4.83 4.72 206973
20140818 4.80 4.84 4.86 4.78 201290
20140819 4.84 4.86 4.88 4.75 226551
20140820 4.86 5.10 5.24 4.82 881143
20140821 5.05 4.95 5.05 4.90 387064
20140822 4.94 4.90 4.97 4.86 227749
20140825 4.91 4.83 4.92 4.82 168461
20140826 4.81 4.70 4.89 4.67 187172
20140827 4.69 4.72 4.80 4.65 136184
20140828 4.72 4.64 4.74 4.63 110549
20140829 4.64 4.68 4.71 4.63 64960
20140901 4.68 4.77 4.78 4.68 94370
20140902 4.78 4.83 4.85 4.74 158806
20140903 4.86 4.88 4.95 4.84 243987
20140904 4.88 5.37 5.37 4.83 890861
20140905 5.35 5.23 5.35 5.21 750462
20140909 5.22 5.45 5.49 5.20 728206
20140910 5.38 5.36 5.50 5.36 369027
20140911 5.33 5.26 5.43 5.23 381010
20140912 5.24 5.30 5.32 5.21 193191
20140915 5.30 5.50 5.67 5.27 571358
20140916 5.50 5.24 5.55 5.22 460276
20140917 5.28 5.40 5.55 5.18 490721
20140918 5.45 5.92 5.94 5.42 1357945
20140919 5.70 5.82 5.94 5.68 765426
20140922 5.79 5.66 5.86 5.66 410242
20140923 5.69 5.76 5.89 5.66 458105
20140924 5.75 5.78 5.84 5.71 345053
20140925 5.80 5.67 5.80 5.60 326391
20140926 5.67 5.77 5.82 5.64 278507
20140929 5.75 5.76 5.89 5.75 313784
20140930 5.77 5.75 5.87 5.74 228512
20141008 5.78 5.81 5.84 5.72 258359
20141009 5.81 5.82 5.89 5.74 267249
20141010 5.80 5.92 5.94 5.77 402436
20141013 5.90 6.07 6.08 5.85 388461
20141014 6.07 5.96 6.08 5.91 272333
20141015 5.96 5.85 5.98 5.81 263617
20141016 5.81 5.66 5.84 5.65 237908
20141017 5.60 5.57 5.69 5.41 222059
20141020 5.57 5.61 5.65 5.51 135491
20141021 5.60 5.50 5.61 5.46 162094
20141022 5.54 5.57 5.76 5.52 254017
20141023 5.54 5.39 5.55 5.36 176146
20141024 5.40 5.34 5.48 5.30 130488
20141027 5.34 5.40 5.40 5.27 97706
20141028 5.42 5.54 5.56 5.42 125353
20141029 5.58 5.63 5.64 5.52 224337
20141030 5.63 5.67 5.74 5.55 228359
20141031 5.66 5.62 5.74 5.58 163516
20141103 5.64 5.74 5.78 5.55 260863
20141104 5.74 5.80 5.90 5.66 291940
20141105 5.81 5.73 5.84 5.70 189475
20141106 5.71 5.73 5.78 5.63 191015
20141107 5.73 5.75 5.95 5.69 299024
20141110 5.78 5.84 5.92 5.73 219974
20141111 5.84 5.53 5.90 5.47 279992
20141112 5.60 5.96 5.99 5.53 599152
20141113 5.94 5.79 5.97 5.70 458042
20141114 5.76 5.65 5.76 5.60 200146
20141117 5.67 5.66 5.75 5.61 102062
20141118 5.71 5.63 5.73 5.62 115204
20141119 5.67 5.65 5.70 5.60 89370
20141120 5.63 5.60 5.65 5.58 88786
20141121 5.60 5.70 5.74 5.60 143733
20141124 5.72 5.76 5.84 5.69 228577
20141125 5.76 5.83 5.85 5.73 187428
20141126 5.86 5.87 5.90 5.75 266929
20141127 5.89 6.46 6.46 5.89 1051095
20141128 6.48 6.72 7.02 6.34 1124729
20141201 6.68 6.91 7.10 6.59 778425
20141202 6.85 6.89 7.05 6.68 593889
20141203 6.86 6.90 7.03 6.65 643146
20141204 6.86 7.18 7.35 6.83 876465
20141205 7.18 6.92 7.20 6.71 616980
20141208 6.86 7.12 7.13 6.79 676959
20141209 7.12 7.16 7.83 7.02 1181181
20141210 7.13 7.64 7.77 6.95 750262
20141211 7.60 8.15 8.26 7.42 876029
20141212 8.15 7.95 8.15 7.77 430832
20141215 7.60 7.58 7.76 7.40 571941
20141216 7.58 7.61 7.78 7.45 497691
20141217 7.58 7.35 7.58 7.25 519511
20141218 7.32 7.54 7.75 7.32 540969
20141219 7.55 7.32 7.67 7.11 426281
20141222 7.60 7.49 7.90 7.16 522809
20141223 7.60 7.38 7.71 7.35 433655
20141224 7.20 7.18 7.39 7.10 303847
20141225 7.20 7.31 7.38 7.16 272804
20141226 7.33 7.49 7.49 7.22 310377
20141229 7.65 7.67 7.89 7.53 581139
20141230 7.63 7.45 7.76 7.41 248402
20141231 7.48 7.94 8.15 7.44 654260
20150105 8.02 8.24 8.60 7.86 807310
20150106 8.17 7.98 8.30 7.85 526165
20150107 7.90 7.99 8.19 7.77 370525
20150108 7.98 7.96 8.28 7.89 431683
20150109 7.88 7.70 7.91 7.68 356291
20150112 7.60 7.30 7.64 7.30 292014
20150113 7.22 7.28 7.40 7.20 173389
20150114 7.28 7.34 7.42 7.26 132892
20150115 7.33 7.46 7.46 7.31 138088
20150116 7.46 7.57 7.69 7.41 215502
20150119 7.25 6.85 7.43 6.81 397980
20150120 6.98 7.11 7.23 6.90 220964
20150121 7.18 7.40 7.50 7.14 232399
20150122 7.36 7.44 7.55 7.30 242220
20150123 7.42 7.49 7.55 7.36 217759
20150126 7.55 7.78 7.86 7.47 329100
20150127 7.81 7.70 7.81 7.53 241411
20150128 7.69 7.79 8.09 7.60 353373
20150129 7.70 7.71 7.85 7.65 185627
20150130 7.76 7.52 7.83 7.50 183676
20150202 7.50 7.55 7.70 7.36 152574
20150203 7.55 7.57 7.67 7.47 113591
20150204 7.58 7.67 7.70 7.50 186487
20150205 7.77 7.79 8.05 7.62 359724
20150206 7.71 8.30 8.57 7.70 877852
20150209 8.45 8.08 8.56 7.94 579034
20150210 7.95 7.91 8.03 7.66 324937
20150211 7.91 8.20 8.20 7.81 319370
20150212 8.18 8.26 8.46 7.93 473954
20150213 8.23 8.16 8.45 8.15 518891
20150216 8.12 8.10 8.19 8.06 250043
20150217 8.10 8.33 8.42 8.10 385247
20150225 8.30 8.66 8.95 8.26 608444
20150226 8.55 8.68 8.72 8.45 410070
20150227 8.68 8.99 9.00 8.61 556905
20150302 9.01 9.01 9.13 8.84 529545
20150303 9.00 8.60 9.00 8.60 449069
20150304 8.55 8.87 8.87 8.54 378637
20150305 8.83 8.92 9.07 8.76 407594
20150306 8.90 8.57 8.93 8.54 282903
20150309 8.60 8.60 8.66 8.43 224380
20150310 8.58 8.55 8.64 8.46 222160
20150311 8.57 8.42 8.60 8.39 220012
20150312 8.45 8.55 8.62 8.41 205933
20150313 8.55 8.66 8.68 8.49 231589
20150316 8.80 8.78 8.88 8.60 357103
20150317 8.76 8.93 9.03 8.72 397593
20150318 8.98 8.94 8.99 8.81 362388
20150319 8.95 9.00 9.10 8.78 481976
20150320 8.90 9.01 9.18 8.73 650809
20150323 9.01 9.05 9.08 8.92 512465
20150324 9.00 9.10 9.12 8.62 550957
20150325 9.10 9.73 9.92 8.99 970984
20150326 9.65 10.03 10.57 9.53 997351
20150327 10.04 10.02 10.27 9.91 430595
20150330 10.03 10.11 10.25 9.90 446301
20150331 10.15 9.84 10.19 9.80 433281
20150401 9.83 9.86 9.95 9.66 341904
20150402 9.86 10.00 10.08 9.79 358501
20150403 9.92 10.29 10.37 9.84 511695
20150407 10.44 10.28 10.49 10.20 465784
20150408 10.26 10.00 10.30 9.90 451174
20150409 10.05 11.00 11.00 9.98 1127794
20150410 11.39 12.10 12.10 11.10 936618
20150413 12.15 11.87 12.44 11.55 1100300
20150414 11.65 11.61 11.75 11.40 590706
20150415 11.60 12.43 12.77 11.51 974434
20150416 12.09 13.67 13.67 11.89 1494868
20150417 14.00 14.05 14.96 13.60 1505429
20150420 13.50 12.98 13.90 12.97 1246964
20150421 12.90 13.37 13.77 12.64 892620
20150422 13.54 14.65 14.71 13.26 1269964
20150423 14.45 14.63 15.18 14.07 1120335
20150424 14.15 14.20 14.63 13.98 643057
20150427 14.50 14.58 15.48 14.50 825856
20150428 14.59 16.04 16.04 14.58 1387595
20150429 16.40 16.15 16.96 15.18 1371919
20150430 15.61 15.76 16.78 15.50 881332
20150504 15.40 15.26 15.66 14.84 675125
20150505 15.14 13.73 15.55 13.73 955349
20150506 13.78 13.06 14.19 12.60 725284
20150507 12.95 13.09 13.47 12.75 553105
20150508 13.14 12.97 13.39 12.15 888752
20150511 12.97 13.59 13.89 12.61 924041
20150512 13.47 14.95 14.95 13.38 1377752
20150513 15.00 14.70 15.49 14.55 1308860
20150514 14.45 14.81 15.10 14.20 881743
20150515 14.81 13.81 14.82 13.72 790104
20150518 13.60 15.19 15.19 13.30 1112520
20150519 15.19 15.26 16.15 14.50 1339409
20150520 14.97 15.26 15.69 14.75 1017796
20150521 15.17 16.79 16.79 15.06 1297577
20150522 17.09 18.47 18.47 16.50 1778904
20150525 18.20 19.26 19.95 18.00 1702381
20150526 19.30 19.45 20.23 18.47 1513925
20150527 18.99 18.80 19.38 18.60 1039805
20150528 18.50 16.92 19.20 16.92 1221354
20150529 16.65 17.52 17.82 15.90 1041449
20150601 17.97 18.44 18.84 17.47 941266
20150602 18.36 18.81 19.23 17.91 1061837
20150603 18.82 20.00 20.16 18.00 1387451
20150604 20.00 20.35 21.00 18.00 1399587
20150605 20.38 21.84 22.20 20.35 1666275
20150608 22.00 22.06 22.89 20.95 1849357
20150609 21.23 20.55 21.75 20.54 1029994
20150610 20.00 20.39 21.19 19.69 692266
20150611 20.25 20.56 20.82 20.04 576192
20150612 20.57 21.50 22.44 20.35 1046111
20150615 21.56 20.80 22.55 20.50 934230
20150616 20.05 19.88 20.87 19.80 720487
20150617 19.95 21.87 21.87 19.69 979909
20150618 22.55 21.01 24.01 20.45 1572569
20150619 19.40 19.23 21.37 19.20 812543
20150623 19.06 20.86 21.15 17.34 1043489
20150624 21.10 22.95 22.95 20.86 1728690
20150625 23.19 22.46 24.38 21.50 1893968
20150626 21.40 20.21 21.96 20.21 800668
20150629 21.14 19.90 21.23 18.19 1393796
20150630 19.40 18.85 20.19 17.91 1185619
20150701 18.00 16.97 18.80 16.97 896689
20150702 16.02 15.27 16.40 15.27 579401
20150703 13.74 13.74 14.54 13.74 513062
20150706 14.85 13.02 14.85 12.37 1299502
20150707 11.89 11.72 12.48 11.72 357807
20150708 10.55 10.55 11.50 10.55 2254777
20150709 10.00 11.61 11.61 9.81 815381
20150710 12.24 12.77 12.77 11.86 614930
20150713 13.45 14.05 14.05 13.14 752333
20150714 14.40 13.98 15.22 13.50 1179382
20150715 13.35 12.58 13.70 12.58 602368
20150716 12.58 13.09 13.75 11.38 643905
20150717 13.23 14.39 14.40 13.10 732825
20150720 14.60 15.42 15.54 14.35 1006235
20150721 15.27 15.50 16.38 14.88 968048
20150722 15.01 17.05 17.05 15.01 1018963
20150723 17.60 18.76 18.76 17.25 1008018
20150724 19.50 18.86 20.50 18.01 1474774
20150727 18.25 19.01 20.75 18.16 1872948
20150728 17.80 20.90 20.91 17.68 1981947
20150729 21.00 20.72 22.11 19.48 1901256
20150730 20.35 20.33 21.98 19.83 1637897
