20140102 34.63 34.70 34.86 33.80 18822
20140103 34.49 34.19 34.64 34.16 11856
20140106 34.20 34.50 34.58 33.70 17280
20140107 34.27 33.99 34.58 33.89 13892
20140108 34.03 34.25 34.70 34.00 12451
20140109 34.20 34.64 34.97 34.08 13347
20140110 34.64 33.98 34.83 33.88 9984
20140113 33.66 32.83 33.98 32.73 13737
20140114 32.83 32.30 32.99 32.13 22117
20140115 32.36 32.84 32.89 32.28 15894
20140116 32.81 32.77 33.56 32.70 14649
20140117 32.20 30.99 32.20 30.72 33782
20140120 30.60 31.00 31.59 30.26 13075
20140121 30.67 31.30 31.30 30.67 8397
20140122 31.49 32.10 32.22 31.30 12696
20140123 32.15 32.30 32.49 32.15 11813
20140124 32.28 33.31 33.94 32.10 19786
20140127 33.28 33.31 33.90 32.85 15377
20140128 33.60 33.46 33.87 33.20 11098
20140129 33.52 33.25 33.52 32.90 8546
20140130 33.25 32.82 33.49 32.73 8777
20140207 32.54 33.35 33.36 32.49 11851
20140210 33.61 35.20 35.50 33.58 30807
20140211 35.30 36.20 36.85 35.30 41675
20140212 36.55 38.24 38.67 36.55 53497
20140213 39.40 39.68 42.02 39.38 100431
20140214 39.52 39.90 40.50 38.80 30924
20140217 40.30 43.15 43.41 39.80 80835
20140218 43.00 42.53 43.00 41.48 34991
20140219 42.30 41.30 42.75 40.30 42129
20140220 40.95 39.65 41.00 39.53 26881
20140221 39.87 41.20 41.53 39.85 32367
20140224 41.39 40.90 42.64 40.56 29765
20140225 40.85 39.37 40.85 37.80 36086
20140226 38.60 39.73 39.79 38.00 16344
20140227 39.50 39.75 40.23 38.85 14900
20140228 39.59 38.94 39.64 38.20 15987
20140303 38.94 41.50 41.56 38.76 26579
20140304 40.85 40.75 41.11 40.00 19863
20140305 40.93 40.75 41.48 40.10 16564
20140306 40.73 40.15 40.90 39.48 11958
20140307 40.32 39.74 40.59 39.49 7706
20140310 39.49 36.60 39.73 35.99 34939
20140311 36.60 37.00 37.30 35.80 19008
20140312 37.25 36.40 37.25 35.80 9372
20140313 36.40 36.60 36.68 36.20 11464
20140314 36.35 35.50 36.49 35.33 13837
20140317 35.60 36.40 36.43 35.33 13321
20140318 36.42 36.70 37.00 36.30 13611
20140319 36.58 37.15 37.15 36.33 13720
20140320 37.37 35.76 37.80 35.00 20263
20140321 35.52 37.45 38.00 35.52 18017
20140324 37.45 37.70 38.15 37.06 15364
20140325 37.89 37.09 37.89 36.80 6784
20140326 37.41 37.08 37.85 36.80 6618
20140327 37.49 36.70 37.49 36.51 5741
20140328 36.70 36.27 37.06 36.00 6638
20140331 36.26 35.81 36.59 35.50 5202
20140401 35.80 36.45 36.62 35.65 4421
20140402 36.45 36.00 36.56 35.81 4634
20140403 36.35 35.80 36.35 35.71 4337
20140404 35.79 35.90 36.07 35.50 4463
20140408 35.89 35.95 36.19 35.10 7343
20140409 35.95 36.70 36.77 35.90 8760
20140410 36.89 36.60 36.89 36.28 13312
20140411 36.55 35.36 36.56 34.95 31175
20140414 36.70 35.50 36.70 35.22 10318
20140415 35.50 34.60 35.50 34.45 16830
20140416 34.60 34.60 34.71 34.40 8605
20140417 34.60 34.64 35.08 34.30 12304
20140418 34.57 34.86 35.02 34.57 8898
20140421 34.78 34.51 35.26 34.38 8964
20140422 34.35 35.02 35.21 34.22 13175
20140423 34.99 34.94 35.18 34.76 5083
20140424 34.99 34.92 35.19 34.63 5898
20140425 34.92 34.69 35.59 34.69 5851
20140428 34.65 33.57 34.80 33.40 8427
20140429 33.72 34.58 34.59 33.72 8521
20140430 34.60 35.44 35.54 34.40 9384
20140505 35.40 35.50 35.59 35.01 6193
20140506 35.65 35.40 35.70 35.36 6381
20140507 35.01 35.02 35.40 34.95 3519
20140508 35.11 35.21 35.64 34.89 6540
20140509 35.36 35.70 35.84 35.02 7146
20140512 36.00 36.40 36.60 35.46 13010
20140513 36.42 36.07 36.99 35.80 6749
20140514 36.11 36.14 36.50 36.01 5476
20140515 36.20 35.57 36.48 35.54 7032
20140516 35.58 35.05 35.80 34.38 9044
20140519 34.99 35.20 35.39 34.60 5645
20140520 35.46 34.90 35.70 34.90 3511
20140521 34.90 35.24 35.26 34.80 2620
20140522 35.30 35.58 35.92 35.30 6152
20140523 35.58 35.88 36.03 35.24 6059
20140526 35.95 37.26 37.40 35.85 25128
20140527 37.26 37.14 37.56 36.90 13082
20140528 37.14 37.63 37.67 36.90 9041
20140529 37.68 37.55 38.50 37.55 13499
20140530 37.35 37.44 37.80 37.07 6746
20140603 37.79 37.12 38.18 37.10 5119
20140604 37.12 38.11 38.80 37.00 21449
20140605 38.21 38.74 38.96 37.60 13251
20140606 38.75 39.54 39.68 38.51 22233
20140609 39.54 38.88 40.22 38.81 19353
20140610 38.91 38.70 39.31 37.90 13292
20140611 38.38 39.50 40.09 38.38 20261
20140612 39.52 38.92 39.90 38.80 13011
20140613 38.89 39.17 39.52 38.12 14342
20140616 39.66 38.88 39.80 38.56 13673
20140617 38.90 37.86 38.90 37.78 18673
20140618 37.86 37.92 38.60 37.80 13515
20140619 38.38 40.00 40.80 38.38 44060
20140620 39.91 41.09 41.14 39.32 20826
20140623 41.05 40.31 41.87 40.13 23252
20140624 40.70 40.09 40.70 39.90 15487
20140625 26.61 27.08 27.41 26.57 31733
20140626 27.00 26.75 27.17 26.45 26093
20140627 26.60 26.80 27.07 26.38 17337
20140630 26.80 27.33 27.46 26.80 27905
20140701 27.34 27.60 28.05 27.34 27144
20140702 27.65 27.40 27.82 27.10 36433
20140703 27.45 27.23 27.69 27.20 25290
20140704 27.10 27.10 27.75 27.00 27188
20140707 27.24 26.51 27.39 26.48 31287
20140708 26.53 27.20 27.38 26.53 33442
20140709 27.30 26.40 27.48 26.40 30607
20140710 26.45 26.45 27.15 26.20 31533
20140711 26.45 26.50 26.64 26.30 17786
20140714 26.43 27.05 27.05 26.31 21276
20140715 26.98 27.12 27.26 26.68 17575
20140716 27.08 26.50 27.14 26.38 19457
20140717 26.59 27.21 27.21 26.59 26279
20140718 27.55 26.94 27.65 26.91 17399
20140721 26.95 26.20 27.09 26.14 25691
20140722 26.49 27.48 27.58 26.26 42431
20140723 27.55 27.28 28.24 27.26 28221
20140724 27.32 27.49 27.58 26.46 28806
20140725 27.49 28.00 28.10 27.26 26471
20140728 28.30 28.82 29.54 28.30 33604
20140729 28.78 29.19 29.43 28.51 36685
20140730 29.18 29.68 29.74 28.87 37750
20140731 29.60 30.47 31.50 29.50 33377
20140801 30.59 30.08 30.96 29.70 30687
20140804 30.08 30.28 30.42 29.75 25022
20140805 30.28 30.22 30.29 29.81 20624
20140806 30.30 30.68 30.85 29.90 15937
20140807 31.00 30.50 31.35 30.41 26351
20140808 30.50 31.27 31.37 30.50 19075
20140811 31.38 31.29 31.60 31.02 16607
20140812 31.49 31.42 31.99 31.18 20784
20140813 31.43 30.49 31.65 30.08 40296
20140814 30.32 30.31 30.94 30.30 17233
20140815 30.46 30.54 31.06 30.28 15994
20140818 30.55 30.58 30.85 30.30 12420
20140819 30.90 30.52 30.98 30.42 20047
20140820 31.30 31.00 31.40 30.73 28054
20140821 31.01 31.29 31.54 31.01 29969
20140822 31.32 32.43 33.87 31.00 42605
20140825 32.41 31.91 33.00 31.71 28851
20140826 31.55 30.52 31.69 30.25 33957
20140827 30.54 30.38 30.85 30.07 33038
20140828 30.50 30.40 31.38 30.28 24941
20140829 30.99 31.00 31.48 30.50 19432
20140901 31.11 32.49 32.55 31.11 31388
20140902 32.52 32.33 32.78 32.10 27430
20140903 32.40 33.83 34.00 32.30 51995
20140904 34.08 33.84 34.20 33.20 35895
20140905 33.86 33.50 34.21 33.22 22729
20140909 33.48 33.43 33.79 33.13 21302
20140910 33.45 34.95 34.96 33.35 32583
20140911 34.96 34.95 34.97 34.08 24325
20140912 34.59 34.80 35.07 34.32 17446
20140915 34.80 33.83 34.84 33.60 35447
20140916 33.90 33.01 34.50 32.85 34494
20140917 33.08 32.80 33.20 32.01 17745
20140918 32.79 33.00 33.44 32.68 10689
20140919 33.50 33.85 34.20 33.50 18609
20140922 33.50 32.96 33.99 32.90 12145
20140923 32.97 34.03 34.03 32.88 22080
20140924 34.03 34.00 34.10 33.72 17459
20140925 34.00 33.41 34.00 33.23 20292
20140926 33.10 33.31 33.48 33.00 10850
20140929 33.30 33.20 33.79 33.10 17749
20140930 33.21 33.08 33.29 32.78 17238
20141008 33.26 34.95 35.00 32.91 30025
20141009 34.99 35.72 36.55 34.75 57303
20141010 35.44 35.34 36.49 33.00 32645
20141013 35.26 34.88 35.26 34.16 22046
20141014 34.79 34.98 34.98 34.23 18457
20141015 34.85 34.79 34.85 34.31 15162
20141016 34.51 34.30 35.06 33.98 16750
20141017 34.07 32.86 34.40 32.44 24499
20141020 32.83 33.30 33.36 32.83 10339
20141021 33.27 33.01 33.46 32.80 10700
20141022 32.99 32.77 33.33 32.60 10045
20141023 32.72 32.68 32.99 32.58 10233
20141024 32.68 32.19 32.68 32.08 15690
20141027 32.10 32.76 32.85 31.88 16377
20141028 32.76 33.62 33.66 32.60 19142
20141029 33.80 34.38 34.83 33.80 29742
20141030 34.38 33.70 34.40 33.62 21159
20141031 33.75 33.35 34.18 32.80 19625
20141103 33.35 32.75 33.69 32.66 49531
20141104 32.75 31.70 32.75 31.61 49810
20141105 31.70 31.99 32.14 31.23 26384
20141106 31.98 32.31 32.31 31.43 22589
20141107 32.27 33.59 34.64 32.27 65259
20141110 33.70 33.30 33.70 32.43 34409
20141111 33.00 31.95 33.29 31.65 31303
20141112 32.09 32.42 32.45 31.58 13059
20141113 32.42 31.72 32.58 31.60 13196
20141114 31.71 31.55 32.13 31.50 10856
20141117 31.75 32.01 32.37 31.05 14894
20141118 32.01 32.64 33.00 31.88 21685
20141119 32.74 32.71 32.90 32.40 9334
20141120 32.60 32.78 32.95 32.33 10333
20141121 32.78 33.22 33.39 32.70 15144
20141124 33.50 33.11 33.70 32.98 18395
20141125 33.00 33.10 33.47 32.75 20436
20141126 33.10 33.27 33.40 32.60 25509
20141127 33.53 32.91 33.75 32.68 25112
20141128 32.89 32.29 32.89 32.02 26586
20141201 32.29 31.39 32.30 31.23 40105
20141202 31.42 31.95 32.20 31.42 45266
20141203 31.96 33.88 34.10 31.48 67434
20141204 33.87 33.67 33.87 33.20 56084
20141205 33.70 32.61 33.76 32.00 45121
20141208 32.00 33.02 33.38 31.47 47435
20141209 32.70 32.89 34.70 32.50 49037
20141210 32.90 36.18 36.18 31.98 75272
20141211 39.00 37.67 39.47 37.01 113602
20141212 37.50 38.30 38.80 36.36 67723
20141215 37.70 37.80 38.65 37.32 35183
20141216 37.83 37.29 38.25 36.70 28520
20141217 37.01 37.40 37.68 36.40 26622
20141218 37.28 37.43 39.38 36.89 41956
20141219 37.51 37.01 37.55 35.60 27818
20141223 33.31 33.31 34.99 33.31 125742
20141224 33.64 33.50 34.27 33.03 32735
20141225 33.49 33.55 33.70 32.88 20927
20141226 33.71 35.21 35.26 33.71 38353
20141229 35.21 34.20 35.43 33.83 50815
20141230 34.18 34.69 35.10 34.00 19865
20141231 34.60 34.74 35.98 34.47 31617
20150105 35.00 36.52 37.30 34.74 34878
20150106 36.06 37.80 38.00 35.60 28115
20150107 37.88 37.01 37.88 36.86 16213
20150108 37.01 37.20 37.89 36.88 17103
20150109 37.00 36.00 37.99 36.00 15418
20150112 35.90 35.21 35.95 35.05 10684
20150113 35.21 36.33 36.35 35.00 11502
20150114 36.33 34.85 36.33 34.74 10805
20150115 35.34 35.06 35.98 34.99 16156
20150116 35.07 35.09 35.40 34.75 16000
20150119 34.80 34.63 35.90 34.10 26143
20150120 34.88 35.80 35.87 34.50 18694
20150121 36.15 37.47 38.32 36.15 29194
20150122 37.26 37.24 37.48 36.82 13932
20150123 37.11 36.54 37.11 36.40 12004
20150126 36.66 36.89 37.20 36.45 15300
20150127 37.05 37.21 37.59 36.90 19724
20150128 37.34 36.60 37.38 36.43 14216
20150129 36.58 36.03 36.78 36.01 9562
20150130 36.39 36.29 36.98 36.02 22206
20150202 36.26 35.84 36.27 35.46 15464
20150203 35.96 36.30 36.30 35.65 11826
20150204 36.38 35.78 36.40 35.72 15720
20150205 36.16 35.43 36.19 35.36 30473
20150206 35.20 33.80 35.20 33.35 32708
20150209 34.01 34.50 34.60 33.67 13175
20150210 34.30 35.60 35.70 34.01 13225
20150211 35.40 36.17 37.40 35.00 44192
20150212 35.79 35.40 36.14 35.30 18701
20150213 35.59 35.88 36.58 35.50 31208
20150216 35.92 36.77 37.00 35.91 26630
20150217 36.90 36.54 37.12 36.15 12589
20150225 36.95 39.09 40.16 36.61 62067
20150226 39.40 38.99 39.40 38.60 30992
20150227 39.00 39.18 41.39 38.33 35686
20150302 41.00 43.10 43.10 41.00 100031
20150303 43.95 44.00 47.00 42.88 97140
20150304 43.60 42.99 43.69 42.11 36735
20150305 43.11 42.39 43.96 41.75 35137
20150306 42.20 40.91 42.38 40.90 28565
20150309 41.30 41.39 42.09 41.08 22147
20150310 41.49 40.85 41.70 40.36 35473
20150311 40.90 40.23 41.15 39.93 30236
20150312 40.30 40.06 40.60 39.66 17232
20150313 40.08 40.50 40.70 39.60 31337
20150316 40.56 42.25 42.29 40.56 45093
20150317 42.25 41.90 42.38 41.54 46295
20150318 41.89 42.35 42.43 41.22 59393
20150319 42.20 41.86 42.22 41.61 36027
20150320 41.78 41.54 41.86 41.10 46937
20150323 45.69 45.69 45.69 44.66 124084
20150324 48.00 50.26 50.26 45.78 204851
20150427 55.29 55.29 55.29 55.29 2943
20150428 60.82 56.00 60.82 53.33 158177
20150429 54.91 54.00 56.00 52.00 70781
20150430 54.98 51.56 54.99 51.38 86403
20150504 50.99 51.94 53.00 49.88 49946
20150505 51.56 50.21 51.60 50.00 39339
20150506 50.72 50.10 51.45 49.86 37874
20150507 50.20 51.55 52.29 50.10 46026
20150508 51.58 53.16 53.16 51.15 55345
20150511 53.90 57.52 58.48 52.85 81734
20150512 57.01 60.71 63.16 56.14 80465
20150513 59.66 58.27 60.37 58.00 45953
20150514 58.27 58.56 59.65 58.00 32713
20150515 58.15 57.95 58.15 56.01 40954
20150518 57.70 58.45 60.01 57.18 42398
20150519 58.45 59.25 59.59 57.00 41571
20150520 59.25 61.12 64.25 58.82 84191
20150521 61.10 62.19 62.30 59.50 57556
20150522 66.22 66.80 68.41 63.60 100483
20150525 66.50 66.06 67.99 64.69 67657
20150526 66.06 68.80 69.95 66.06 71523
20150527 68.60 67.29 69.18 66.69 89019
20150528 67.40 65.00 72.00 64.65 98209
20150529 65.00 66.40 67.50 61.08 67908
20150601 67.42 70.30 70.50 66.65 73460
20150602 70.50 75.58 76.67 70.43 88171
20150603 75.60 74.94 75.60 71.60 67975
20150604 75.28 75.76 77.15 71.11 77716
20150605 76.90 74.22 77.95 73.41 82118
20150608 74.22 69.96 74.22 68.86 67506
20150609 69.99 69.18 71.97 67.76 55594
20150610 70.00 71.33 72.16 68.50 58245
20150611 71.28 72.29 72.39 70.38 47416
20150612 72.50 73.33 75.40 71.73 68280
20150615 73.15 69.60 73.19 68.62 63408
20150616 68.40 67.25 68.40 63.66 75559
20150617 66.70 69.00 69.98 64.86 50357
20150618 72.00 66.81 72.80 65.96 84505
20150619 65.44 60.13 65.44 60.13 55162
20150623 60.40 61.19 61.45 55.00 56456
20150624 63.78 65.29 66.49 62.51 77308
20150625 65.99 61.21 66.38 59.50 67384
20150626 22.30 21.98 23.98 21.98 106960
20150629 22.28 19.78 22.60 19.78 139853
20150630 18.94 21.15 21.30 17.80 221363
20150701 20.99 19.40 21.94 19.10 133655
20150702 20.00 18.05 20.29 18.00 127640
20150703 17.60 16.34 18.94 16.25 220387
20150706 17.97 17.20 17.97 15.00 231836
20150707 16.50 15.48 17.49 15.48 188798
20150713 17.03 17.03 17.03 17.03 9861
20150714 18.73 18.73 18.73 18.73 16439
20150715 20.60 18.40 20.60 17.91 312306
20150716 18.40 19.35 19.50 17.18 176783
20150717 19.35 20.70 21.05 19.35 162631
20150720 20.73 21.11 21.67 20.64 151231
20150721 20.80 21.15 21.50 20.13 106412
20150722 21.15 20.72 21.46 20.18 124357
20150723 20.70 21.07 21.20 20.30 106493
20150724 21.10 20.86 21.93 20.65 173102
20150727 20.00 18.77 21.30 18.77 120297
20150728 18.39 18.61 19.11 17.10 181798
20150729 18.80 19.43 19.70 18.01 108376
20150730 19.59 18.52 19.59 18.47 83155
