20140102 8.19 8.26 8.38 8.19 15399
20140103 8.26 8.27 8.32 8.09 21683
20140106 8.20 8.40 8.59 8.08 48593
20140107 8.30 8.62 8.63 8.30 57918
20140108 8.64 8.57 8.65 8.49 30055
20140109 8.57 8.25 8.70 8.25 31688
20140110 8.10 7.82 8.25 7.66 48067
20140113 7.80 7.68 7.87 7.60 19357
20140114 7.72 7.94 8.02 7.64 19679
20140115 7.94 8.05 8.21 7.80 22815
20140116 8.01 7.93 8.11 7.93 19721
20140117 7.95 7.87 8.01 7.84 11151
20140120 7.80 7.70 7.84 7.58 22117
20140121 7.62 7.71 7.83 7.62 13458
20140122 7.80 7.91 8.00 7.73 18301
20140123 7.92 8.09 8.28 7.92 30591
20140124 8.00 8.01 8.08 7.85 37822
20140127 7.98 7.96 7.98 7.89 20398
20140128 8.01 7.83 8.04 7.82 22828
20140129 7.83 7.83 7.89 7.68 22527
20140130 7.75 7.82 7.83 7.71 20203
20140207 7.79 7.92 7.92 7.70 18358
20140210 7.92 8.63 8.71 7.90 91126
20140211 8.56 8.36 8.56 8.28 64578
20140212 8.36 8.58 8.80 8.36 59841
20140213 8.44 8.63 8.76 8.40 57989
20140214 8.58 8.95 9.08 8.56 72283
20140217 8.93 8.97 8.99 8.76 52204
20140218 8.95 9.06 9.17 8.86 49344
20140219 9.20 8.74 9.20 8.70 60092
20140220 8.70 8.65 8.80 8.39 50436
20140221 8.65 8.83 9.07 8.59 43731
20140224 8.74 8.65 8.83 8.58 33270
20140225 8.63 8.33 8.74 8.30 33356
20140226 8.33 8.51 8.58 8.30 22380
20140227 8.43 8.66 8.70 8.43 30581
20140228 8.59 8.70 8.72 8.49 27093
20140303 9.40 9.01 9.50 8.90 128838
20140304 8.94 9.67 9.91 8.86 227855
20140305 9.45 9.40 9.56 9.24 112707
20140306 9.25 9.38 9.49 9.17 47099
20140307 9.33 9.15 9.53 9.02 59364
20140310 9.11 8.81 9.13 8.73 42036
20140311 8.63 9.10 9.17 8.63 53987
20140312 8.99 9.40 9.70 8.93 112632
20140313 9.26 9.13 9.31 8.99 66902
20140314 9.05 9.23 9.63 9.02 84196
20140317 9.09 9.20 9.23 8.92 62954
20140318 9.12 9.35 9.40 8.97 75423
20140319 9.29 9.68 9.70 9.21 125507
20140320 9.55 9.30 9.67 9.30 73172
20140324 8.84 8.84 8.84 8.84 16206
20140325 8.40 8.43 8.71 8.40 172586
20140326 8.38 8.52 8.58 8.38 56915
20140327 8.50 8.44 8.65 8.44 38360
20140328 8.45 8.65 8.75 8.45 56276
20140331 8.62 8.70 8.98 8.62 41951
20140401 8.75 8.71 8.75 8.63 18072
20140402 8.74 8.67 8.76 8.51 27960
20140403 8.67 8.80 9.09 8.67 42998
20140404 8.80 8.79 8.83 8.72 17306
20140408 8.78 8.79 8.85 8.71 23070
20140409 8.93 8.83 8.97 8.79 24010
20140410 8.83 8.79 8.86 8.75 24384
20140411 8.77 8.78 8.80 8.60 21972
20140414 8.77 8.77 8.84 8.73 17582
20140415 8.74 8.84 8.95 8.71 30631
20140416 8.89 8.78 8.96 8.73 25043
20140417 8.79 8.80 8.83 8.75 25575
20140418 8.78 8.76 8.88 8.74 20517
20140421 8.73 8.72 8.77 8.32 29987
20140422 8.65 8.64 8.83 8.51 39096
20140423 8.58 8.61 8.75 8.58 16266
20140424 8.61 8.30 8.61 8.30 25041
20140425 8.26 8.27 8.39 7.90 23789
20140428 8.18 8.17 8.29 8.02 18851
20140429 8.17 8.16 8.18 8.03 11887
20140430 8.18 8.19 8.40 8.09 30560
20140505 8.18 8.19 8.19 8.11 18850
20140506 8.19 8.23 8.25 8.14 11912
20140507 8.21 8.26 8.38 8.20 15830
20140508 8.25 8.31 8.36 8.21 9841
20140509 8.30 8.32 8.44 8.22 18286
20140512 8.36 8.50 8.52 8.33 14925
20140513 8.52 8.49 8.74 8.45 19456
20140514 8.50 8.44 8.53 8.44 6696
20140515 8.41 8.18 8.44 8.11 15773
20140516 8.18 8.22 8.27 8.08 13626
20140519 8.13 8.30 8.37 7.97 13549
20140520 8.30 8.22 8.30 8.18 17013
20140528 8.55 8.32 8.55 8.22 70812
20140529 8.25 7.90 8.33 7.90 57610
20140530 7.86 7.90 7.97 7.76 22399
20140603 7.93 7.66 7.93 7.64 29995
20140604 7.70 7.71 7.77 7.65 14914
20140605 7.71 7.80 7.82 7.70 12350
20140606 7.80 7.91 7.93 7.77 17407
20140609 7.86 7.83 7.93 7.82 11741
20140610 7.85 7.86 7.89 7.77 12349
20140611 7.86 7.91 7.94 7.86 13082
20140612 7.91 7.90 7.92 7.86 10048
20140613 7.88 8.19 8.30 7.87 30335
20140616 8.12 8.09 8.20 8.08 22034
20140617 8.17 8.27 8.49 8.17 37653
20140618 8.27 8.59 8.68 8.13 92496
20140619 8.49 8.16 8.49 8.16 41481
20140620 7.75 7.85 7.90 7.75 35663
20140623 7.89 7.87 7.95 7.85 21999
20140624 7.87 7.93 7.94 7.83 14276
20140625 7.93 7.87 7.97 7.86 18194
20140626 7.86 8.07 8.15 7.86 26794
20140627 8.10 8.12 8.22 8.02 22951
20140630 8.10 8.10 8.19 8.04 19606
20140701 8.19 8.17 8.19 8.10 14457
20140702 8.17 8.25 8.32 8.12 21951
20140703 8.25 8.29 8.47 8.21 19943
20140704 8.27 8.20 8.30 8.15 16806
20140707 8.16 8.14 8.22 8.10 21427
20140708 8.28 8.31 8.43 8.22 45600
20140709 8.28 8.25 8.38 8.21 23376
20140710 8.24 8.24 8.34 8.23 12401
20140711 8.24 8.36 8.43 8.24 21982
20140714 8.36 8.41 8.42 8.33 20606
20140715 8.41 8.34 8.41 8.30 18594
20140716 8.36 8.42 8.52 8.34 25999
20140717 8.48 8.38 8.56 8.35 20722
20140718 8.32 8.36 8.38 8.29 19690
20140721 8.38 8.35 8.45 8.30 22206
20140722 8.35 8.49 8.65 8.30 31524
20140723 8.45 8.38 8.58 8.37 27597
20140724 8.45 8.36 8.45 8.28 25408
20140725 8.36 8.56 8.60 8.33 29716
20140728 8.59 8.64 8.79 8.52 44631
20140729 8.67 8.66 8.75 8.61 20218
20140730 8.66 8.66 8.71 8.56 24639
20140731 8.68 8.80 8.82 8.64 28576
20140801 8.78 8.67 8.83 8.66 22112
20140804 8.67 8.77 8.80 8.63 19165
20140805 8.78 8.83 8.95 8.74 21457
20140806 8.80 9.11 9.26 8.80 56340
20140807 9.06 8.98 9.11 8.97 32537
20140808 8.97 9.17 9.24 8.97 28508
20140811 9.15 9.24 9.38 9.08 24515
20140812 9.24 9.24 9.30 9.18 20150
20140813 9.25 9.15 9.28 9.02 34259
20140814 9.16 8.99 9.18 8.96 27183
20140815 8.95 9.14 9.15 8.93 30907
20140818 9.14 9.14 9.22 9.10 27260
20140819 9.16 9.28 9.28 9.13 32920
20140820 9.33 9.23 9.33 9.19 25082
20140821 9.24 9.35 9.45 9.23 39972
20140822 9.26 9.20 9.26 9.11 42373
20140825 9.17 9.12 9.19 9.10 34798
20140826 9.10 8.93 9.16 8.87 29124
20140827 8.93 9.02 9.10 8.89 26681
20140828 9.00 8.90 9.08 8.90 16936
20140829 8.89 9.07 9.10 8.83 18634
20140901 9.08 9.33 9.33 9.08 41452
20140902 9.35 9.39 9.58 9.35 43633
20140903 9.48 9.47 9.59 9.41 31977
20140904 9.87 9.55 9.87 9.54 64947
20140905 9.60 9.66 9.67 9.54 37175
20140909 9.63 9.72 9.83 9.61 33169
20140910 9.75 9.66 9.81 9.63 32141
20140911 9.65 9.63 9.73 9.51 39147
20140912 9.54 10.11 10.11 9.54 76463
20140915 10.20 10.19 10.46 10.04 64664
20140916 10.15 9.88 10.21 9.88 49026
20140917 9.91 10.18 10.20 9.90 51414
20140918 10.18 10.15 10.46 10.10 42894
20140919 10.23 10.19 10.29 10.05 25769
20140922 10.20 10.22 10.43 10.16 33121
20140923 10.15 10.08 10.30 10.02 52386
20140924 10.29 10.11 10.29 9.89 70536
20140925 10.10 10.62 10.62 10.00 90062
20140926 10.65 11.05 11.15 10.56 123927
20140930 11.05 10.64 11.05 10.17 181008
20141008 10.42 11.70 11.70 10.42 139770
20141009 11.70 12.39 12.74 11.63 218170
20141010 12.26 12.23 12.90 12.11 154604
20141013 12.31 12.58 12.77 11.89 120214
20141014 12.31 11.99 12.66 11.99 103038
20141015 12.10 12.04 12.30 11.71 82212
20141016 11.88 11.56 11.98 11.55 68529
20141017 11.49 11.19 11.49 10.85 85325
20141020 11.21 11.50 11.65 11.11 63875
20141021 11.65 11.55 11.86 11.45 48737
20141022 11.50 11.21 11.64 11.20 36597
20141023 11.22 10.95 11.25 10.86 42595
20141024 10.95 11.04 11.06 10.85 31786
20141027 10.98 11.10 11.13 10.84 27275
20141028 11.11 11.38 11.42 11.11 33039
20141029 11.41 11.38 11.51 11.25 62373
20141030 11.35 11.46 11.60 11.30 41514
20141031 11.49 11.20 11.56 10.96 67324
20141103 11.16 11.18 11.23 11.03 50578
20141104 11.27 12.30 12.30 11.26 140064
20141105 12.49 12.85 13.07 12.33 231387
20141106 12.70 12.35 12.70 11.98 132967
20141107 12.33 11.94 12.69 11.88 95380
20141110 12.00 12.16 12.32 11.81 69726
20141111 12.08 11.33 12.08 11.26 81539
20141112 11.28 11.48 11.52 11.15 48618
20141113 11.41 11.20 11.55 11.00 45646
20141114 11.20 11.25 11.36 11.12 37014
20141117 11.31 11.33 11.46 11.11 32155
20141118 11.55 11.50 11.97 11.45 57564
20141119 11.34 11.51 11.68 11.25 40408
20141120 11.40 11.38 11.50 11.28 29574
20141121 11.33 11.50 11.56 11.30 31944
20141124 11.66 11.79 11.91 11.46 70703
20141125 11.85 11.93 12.07 11.76 57567
20141126 11.95 11.89 12.03 11.69 69569
20141127 11.95 12.07 12.15 11.83 67414
20141128 12.00 11.73 12.03 11.65 64269
20141201 11.83 11.30 11.83 11.26 65008
20141202 11.30 11.32 11.53 11.26 49364
20141203 11.31 11.45 11.47 11.20 61835
20141204 11.41 11.53 11.64 11.36 70887
20141205 11.57 11.01 11.59 10.75 94894
20141208 10.90 11.23 11.60 10.75 92022
20141209 11.20 10.87 11.48 10.87 97646
20141210 10.86 11.30 11.43 10.75 78049
20141211 11.80 12.43 12.43 11.80 112030
20141212 12.90 12.68 13.58 12.45 209075
20141215 12.96 13.45 13.55 12.80 186190
20141216 13.40 13.10 13.57 12.93 150635
20141217 13.00 13.80 14.23 12.91 186415
20141218 13.68 13.78 14.32 13.50 124100
20141219 13.79 14.60 14.80 13.78 161677
20141222 15.20 14.92 16.06 14.65 234278
20141223 14.50 13.43 14.60 13.43 145504
20141224 13.28 13.00 13.54 12.81 96735
20141225 13.10 14.30 14.30 13.10 128393
20141226 14.30 14.68 15.10 14.10 139946
20141229 14.40 14.73 15.10 14.19 124263
20141230 14.66 13.83 14.66 13.60 78684
20141231 13.90 13.68 14.12 13.48 58354
20150105 13.85 13.97 14.07 13.60 74774
20150106 14.18 13.42 14.58 13.35 140793
20150107 13.35 13.70 13.73 13.15 75000
20150108 13.60 13.25 13.76 13.06 54869
20150109 13.07 13.28 13.60 13.07 49880
20150112 13.02 12.80 13.20 12.61 45507
20150113 12.81 13.19 13.40 12.81 37720
20150114 13.15 12.93 13.34 12.88 27422
20150115 12.90 13.26 13.47 12.90 33630
20150116 13.28 13.21 13.44 12.97 50313
20150119 12.70 12.12 12.93 11.89 73815
20150120 12.15 13.05 13.07 12.15 79717
20150121 13.05 13.24 13.29 12.93 50590
20150122 13.22 13.58 13.75 13.15 67282
20150123 13.80 13.35 13.95 13.24 55992
20150126 13.36 13.44 13.52 13.30 45300
20150127 13.55 13.42 13.67 13.21 54572
20150128 13.42 13.70 13.82 13.35 65225
20150129 13.65 13.88 14.30 13.50 96073
20150130 13.86 13.39 13.98 13.33 49601
20150202 13.00 13.40 13.69 12.88 41217
20150203 13.39 13.46 13.78 13.38 37966
20150204 13.55 13.19 13.67 13.00 43878
20150205 13.36 12.83 13.43 12.83 36795
20150206 12.93 12.61 13.00 12.53 29571
20150209 12.61 12.79 12.84 12.43 19777
20150210 12.81 12.98 13.07 12.74 19095
20150211 13.00 12.99 13.14 12.93 12769
20150212 13.03 13.50 13.59 13.02 46601
20150213 13.50 13.50 13.63 13.36 33556
20150216 13.56 13.96 14.11 13.45 56337
20150217 13.97 14.05 14.10 13.80 35104
20150225 14.04 13.85 14.13 13.80 29978
20150226 13.80 14.75 15.05 13.71 99736
20150227 14.60 14.65 15.01 14.44 59609
20150302 14.65 14.89 15.38 14.65 93911
20150303 14.84 14.31 15.00 14.27 62816
20150304 14.30 14.55 14.88 14.30 46793
20150305 14.38 15.18 15.30 14.36 54691
20150306 15.19 14.60 15.28 14.57 48558
20150309 14.64 14.42 14.64 14.10 29747
20150310 14.40 14.57 14.84 14.26 30004
20150311 14.47 14.30 14.57 13.88 67475
20150312 14.19 14.15 14.31 13.93 33656
20150313 14.30 14.15 14.44 14.08 34751
20150316 14.20 14.50 14.55 14.20 53844
20150317 14.52 15.05 15.09 14.52 99601
20150318 15.06 15.60 15.70 14.86 108405
20150319 15.59 15.38 15.97 15.23 89896
20150320 15.37 15.09 15.37 14.91 104663
20150323 15.19 15.90 16.03 15.12 143099
20150324 16.00 16.10 16.33 15.58 139162
20150325 16.10 15.61 16.13 15.40 111106
20150326 15.46 15.52 15.77 15.34 67533
20150327 15.50 15.79 16.00 15.45 66085
20150330 15.97 16.77 17.06 15.97 145865
20150331 16.73 16.52 16.93 16.20 108280
20150401 16.48 17.05 17.27 16.45 100302
20150402 17.46 17.05 17.49 16.78 154964
20150403 16.85 16.91 17.02 16.61 98854
20150407 17.33 17.19 17.45 16.83 131940
20150520 18.91 18.91 18.91 18.91 4731
20150521 20.80 20.80 20.80 20.80 1444
20150522 22.88 22.88 22.88 22.88 3829
20150525 25.17 25.17 25.17 24.30 116535
20150526 27.00 25.80 27.18 25.17 377220
20150527 25.45 28.38 28.38 24.91 268927
20150528 29.13 25.56 29.13 25.54 257401
20150529 24.60 26.00 26.35 23.00 195582
20150601 25.85 26.52 27.46 25.12 161221
20150602 26.78 27.85 28.30 26.06 171715
20150603 28.20 26.70 28.55 26.20 141680
20150604 27.00 27.25 28.00 24.78 153637
20150605 27.78 29.01 29.30 26.81 220999
20150608 29.31 28.48 29.80 27.65 160774
20150609 28.55 27.45 28.69 26.75 102994
20150610 27.02 27.50 28.15 26.50 85407
20150611 29.00 30.25 30.25 28.61 163676
20150612 31.60 31.11 32.25 30.50 247832
20150615 30.61 29.15 30.63 29.01 129351
20150616 28.90 26.98 28.90 26.81 102328
20150617 26.70 27.60 27.98 25.17 92038
20150618 27.88 25.99 28.50 25.80 90146
20150619 25.00 23.60 25.99 23.48 72831
20150623 23.28 24.26 24.29 21.63 70779
20150624 25.01 25.95 26.37 24.80 132799
20150625 26.30 26.58 27.98 26.11 168106
20150626 25.50 23.92 26.00 23.92 98644
20150629 25.31 22.55 25.60 21.53 136060
20150630 22.61 24.81 24.81 20.30 177475
20150701 25.55 24.21 26.00 23.89 164821
20150702 24.90 23.50 25.35 22.72 142665
20150703 22.93 21.57 24.80 21.15 142990
20150706 23.73 22.25 23.73 20.36 151734
20150707 21.63 20.03 22.25 20.03 88969
20150708 18.03 18.03 18.03 18.03 3547
20150709 16.23 19.83 19.83 16.23 243395
20150710 20.40 21.81 21.81 19.81 210982
20150713 22.60 23.99 23.99 22.00 240262
20150714 25.26 25.08 26.30 24.01 326168
20150715 24.02 22.57 24.70 22.57 151792
20150716 20.58 21.78 23.38 20.31 176187
20150717 22.00 23.50 23.79 21.87 135723
20150720 24.30 23.84 24.50 22.50 178482
20150721 23.60 23.03 23.60 22.62 177086
20150722 23.48 23.22 23.48 22.56 156107
20150723 23.22 24.80 25.00 23.00 241197
20150724 25.37 23.63 25.55 23.23 230388
20150727 23.00 21.27 23.33 21.27 145709
20150728 19.55 19.16 21.08 19.14 137509
20150729 19.56 20.07 20.55 18.30 96706
20150730 20.39 18.50 20.39 18.41 110703
