20140102 2.00 2.00 2.00 1.98 178461
20140103 1.99 1.97 2.00 1.96 218772
20140106 1.97 1.93 1.97 1.92 413555
20140107 1.92 1.92 1.94 1.91 180458
20140108 1.92 1.91 1.94 1.89 248533
20140109 1.90 1.85 1.91 1.84 462739
20140110 1.85 1.81 1.85 1.80 566349
20140113 1.81 1.76 1.81 1.74 948089
20140114 1.76 1.78 1.79 1.74 536932
20140115 1.77 1.77 1.78 1.76 177027
20140116 1.77 1.78 1.80 1.76 343116
20140117 1.77 1.75 1.78 1.74 287574
20140120 1.74 1.74 1.76 1.72 226430
20140121 1.74 1.76 1.76 1.73 236008
20140122 1.75 1.80 1.81 1.75 326134
20140123 1.80 1.77 1.80 1.76 286647
20140124 1.77 1.78 1.80 1.76 257762
20140127 1.77 1.77 1.78 1.76 265152
20140128 1.77 1.78 1.78 1.75 215793
20140129 1.78 1.77 1.78 1.77 213451
20140130 1.77 1.76 1.78 1.76 154337
20140207 1.76 1.79 1.80 1.74 353369
20140210 1.79 1.81 1.82 1.78 348381
20140211 1.81 1.82 1.83 1.80 305061
20140212 1.82 1.82 1.83 1.81 174261
20140213 1.82 1.80 1.83 1.80 345223
20140214 1.80 1.81 1.82 1.79 296126
20140217 1.82 1.83 1.84 1.81 408252
20140218 1.83 1.85 1.86 1.81 448756
20140219 1.84 1.85 1.86 1.82 342126
20140220 1.85 1.84 1.88 1.84 470102
20140221 1.84 1.82 1.85 1.81 292632
20140224 1.81 1.78 1.82 1.77 391509
20140225 1.78 1.76 1.79 1.75 252222
20140226 1.75 1.76 1.76 1.73 304973
20140227 1.76 1.76 1.79 1.74 351725
20140228 1.76 1.76 1.77 1.74 239146
20140303 1.76 1.77 1.78 1.75 276638
20140304 1.77 1.76 1.77 1.74 322779
20140305 1.76 1.76 1.77 1.75 141761
20140306 1.75 1.76 1.77 1.74 254214
20140307 1.76 1.78 1.80 1.75 451539
20140310 1.76 1.72 1.76 1.71 415176
20140311 1.71 1.73 1.74 1.71 316750
20140312 1.72 1.78 1.82 1.71 617862
20140313 1.76 1.76 1.77 1.73 389469
20140314 1.75 1.74 1.76 1.73 235465
20140317 1.75 1.76 1.76 1.74 180612
20140318 1.75 1.74 1.76 1.74 146209
20140319 1.74 1.84 1.90 1.73 1107135
20140320 1.80 1.85 1.93 1.77 1440920
20140321 1.83 1.86 1.87 1.81 699420
20140324 1.87 2.05 2.05 1.86 1902416
20140325 2.16 2.06 2.23 2.04 3194306
20140326 2.04 2.00 2.06 1.98 1596069
20140327 2.03 2.02 2.13 1.99 1984810
20140328 2.00 1.94 2.02 1.93 1230228
20140331 1.94 1.93 1.97 1.92 597232
20140401 1.93 1.94 1.95 1.92 464258
20140402 1.94 1.98 2.00 1.93 895928
20140403 1.97 1.90 1.98 1.89 1120416
20140404 1.89 1.92 1.94 1.89 532905
20140408 1.90 1.92 1.93 1.89 550736
20140409 1.93 1.94 1.94 1.91 576075
20140410 1.93 1.97 1.99 1.91 1049796
20140411 1.96 2.02 2.08 1.95 1335949
20140414 2.00 2.03 2.08 1.97 1086159
20140415 2.02 1.97 2.02 1.96 738497
20140416 1.97 1.97 1.99 1.95 350113
20140417 1.97 1.95 1.98 1.94 390125
20140418 1.94 1.95 1.98 1.93 355706
20140421 1.94 1.94 2.01 1.93 696033
20140422 1.94 1.93 1.96 1.91 379960
20140423 1.92 1.94 1.97 1.91 449590
20140424 1.93 1.90 1.94 1.90 451169
20140425 1.91 1.88 1.91 1.87 375445
20140428 1.88 1.80 1.88 1.79 565745
20140429 1.79 1.82 1.82 1.78 392596
20140430 1.81 1.81 1.83 1.79 542410
20140505 1.80 1.80 1.81 1.78 310846
20140506 1.81 1.82 1.85 1.80 468790
20140507 1.81 1.80 1.82 1.79 271307
20140508 1.80 1.81 1.84 1.79 374177
20140509 1.81 1.81 1.82 1.79 301232
20140512 1.82 1.87 1.88 1.81 745214
20140513 1.86 1.84 1.87 1.84 484720
20140514 1.84 1.85 1.87 1.83 314692
20140515 1.85 1.82 1.86 1.82 243225
20140516 1.83 1.85 1.86 1.82 225525
20140519 1.84 1.84 1.85 1.83 193257
20140520 1.85 1.84 1.86 1.82 203383
20140521 1.83 1.85 1.86 1.82 190786
20140522 1.85 1.85 1.88 1.84 348043
20140523 1.85 1.86 1.86 1.84 190102
20140526 1.85 1.85 1.86 1.84 264072
20140527 1.84 1.84 1.85 1.83 197722
20140528 1.84 1.83 1.84 1.81 282637
20140529 1.83 1.81 1.84 1.81 151956
20140530 1.81 1.81 1.83 1.80 174471
20140603 1.82 1.81 1.83 1.81 125574
20140604 1.81 1.82 1.83 1.80 280905
20140605 1.82 1.83 1.84 1.81 209294
20140606 1.83 1.82 1.84 1.81 170202
20140609 1.82 1.81 1.83 1.81 164878
20140610 1.82 1.82 1.83 1.80 164430
20140611 1.82 1.82 1.83 1.81 184101
20140612 1.82 1.82 1.83 1.81 152176
20140613 1.82 1.83 1.83 1.81 187238
20140616 1.83 1.84 1.85 1.82 303586
20140617 1.83 1.83 1.84 1.82 182198
20140618 1.83 1.82 1.83 1.81 277775
20140619 1.82 1.78 1.82 1.77 326167
20140620 1.78 1.79 1.80 1.78 165426
20140623 1.79 1.79 1.81 1.78 362964
20140624 1.79 1.80 1.81 1.78 237959
20140625 1.80 1.80 1.81 1.79 202975
20140626 1.80 1.81 1.81 1.79 248129
20140627 1.81 1.84 1.86 1.80 821532
20140630 1.84 1.86 1.88 1.83 427512
20140701 1.85 1.84 1.86 1.83 280789
20140702 1.83 1.85 1.85 1.83 270443
20140703 1.85 1.86 1.87 1.83 426512
20140704 1.85 1.88 1.91 1.84 664542
20140707 1.87 1.86 1.88 1.84 345404
20140708 1.86 1.85 1.86 1.84 217770
20140709 1.85 1.83 1.86 1.83 220342
20140710 1.82 1.82 1.84 1.81 236120
20140711 1.83 1.86 1.87 1.82 563507
20140714 1.86 1.87 1.88 1.85 355119
20140715 1.87 1.90 1.93 1.86 740008
20140716 1.89 1.90 1.92 1.89 464287
20140717 1.89 1.87 1.90 1.86 416292
20140718 1.86 1.88 1.89 1.86 241248
20140721 1.88 1.89 1.90 1.87 371582
20140722 1.88 1.90 1.91 1.87 513032
20140723 1.90 1.93 1.97 1.89 1110721
20140724 1.93 1.95 1.95 1.91 694122
20140725 1.94 1.97 2.00 1.93 761924
20140728 1.98 1.99 2.01 1.97 1134677
20140729 1.99 1.97 2.00 1.96 927338
20140730 1.96 1.95 1.97 1.93 905817
20140731 1.95 1.98 1.99 1.94 800783
20140801 1.97 1.98 2.04 1.97 1424188
20140804 1.99 2.01 2.01 1.97 838798
20140805 2.00 2.01 2.03 2.00 777885
20140806 2.01 2.07 2.08 1.98 1779229
20140807 2.06 2.06 2.15 2.03 2014206
20140808 2.05 2.04 2.07 2.03 793074
20140811 2.04 2.07 2.08 2.03 783546
20140812 2.08 2.07 2.09 2.05 570240
20140813 2.07 2.06 2.07 2.03 819272
20140814 2.05 2.03 2.07 2.02 639112
20140815 2.03 2.04 2.06 2.02 418938
20140818 2.05 2.04 2.06 2.04 435332
20140819 2.04 2.18 2.23 2.03 2711692
20140820 2.15 2.15 2.18 2.11 1461118
20140821 2.15 2.17 2.24 2.14 1765695
20140822 2.17 2.20 2.22 2.16 1092295
20140825 2.20 2.25 2.28 2.18 2129096
20140826 2.25 2.15 2.25 2.11 1875388
20140827 2.10 2.08 2.11 2.06 1445764
20140828 2.08 2.05 2.08 2.04 735924
20140829 2.05 2.06 2.07 2.04 609152
20140901 2.06 2.08 2.10 2.05 1107945
20140902 2.08 2.10 2.11 2.06 1219548
20140903 2.09 2.11 2.14 2.09 1236927
20140904 2.11 2.13 2.13 2.10 713380
20140905 2.13 2.17 2.17 2.11 1042453
20140909 2.16 2.20 2.22 2.15 1570010
20140910 2.18 2.21 2.26 2.16 1784789
20140911 2.21 2.17 2.22 2.16 1351549
20140912 2.16 2.19 2.20 2.16 774712
20140915 2.18 2.22 2.24 2.18 1149041
20140916 2.24 2.26 2.40 2.23 3657860
20140917 2.24 2.25 2.30 2.21 1692097
20140918 2.25 2.29 2.34 2.24 1441055
20140919 2.28 2.28 2.30 2.26 860422
20140922 2.28 2.19 2.29 2.18 1190141
20140923 2.19 2.22 2.24 2.18 838715
20140924 2.22 2.26 2.27 2.20 1007744
20140925 2.26 2.25 2.29 2.24 842914
20140926 2.24 2.28 2.30 2.23 1016322
20140929 2.29 2.28 2.31 2.27 751899
20140930 2.28 2.28 2.29 2.26 764169
20141008 2.28 2.29 2.30 2.27 745278
20141009 2.29 2.34 2.34 2.27 1516505
20141010 2.32 2.38 2.39 2.30 1753781
20141013 2.36 2.39 2.39 2.35 1336503
20141014 2.37 2.39 2.46 2.36 1668925
20141015 2.40 2.50 2.54 2.39 2698699
20141016 2.47 2.41 2.56 2.40 2183086
20141017 2.39 2.34 2.41 2.31 1454894
20141020 2.34 2.37 2.39 2.32 714391
20141021 2.37 2.37 2.42 2.36 722445
20141022 2.37 2.30 2.38 2.29 772000
20141023 2.29 2.22 2.31 2.22 1071493
20141024 2.22 2.23 2.25 2.22 431170
20141027 2.22 2.22 2.23 2.19 400209
20141028 2.22 2.29 2.29 2.22 647113
20141029 2.29 2.39 2.41 2.28 1624075
20141030 2.38 2.43 2.47 2.37 1737530
20141031 2.44 2.52 2.65 2.44 2870253
20141103 2.50 2.70 2.73 2.48 4055808
20141104 2.68 2.63 2.70 2.60 2416793
20141105 2.62 2.63 2.74 2.59 2281296
20141106 2.60 2.57 2.62 2.52 1440548
20141107 2.58 2.54 2.62 2.52 1199359
20141110 2.55 2.68 2.68 2.55 2291650
20141111 2.72 2.63 2.85 2.59 3031234
20141112 2.60 2.68 2.69 2.59 1357011
20141113 2.67 2.79 2.82 2.65 2944665
20141114 2.76 2.72 2.80 2.69 1517948
20141117 2.74 2.71 2.80 2.66 1435934
20141118 2.68 2.61 2.73 2.60 1566784
20141119 2.63 2.64 2.68 2.62 1122574
20141120 2.60 2.62 2.64 2.59 651423
20141121 2.62 2.66 2.67 2.61 854422
20141124 2.70 2.73 2.76 2.67 1679113
20141125 2.73 2.77 2.79 2.72 1483724
20141126 2.77 2.76 2.79 2.71 1369686
20141127 2.76 2.75 2.78 2.72 1338105
20141128 2.75 2.82 2.82 2.73 2638225
20141201 2.85 2.95 3.01 2.85 3881177
20141202 2.94 3.05 3.09 2.90 2793982
20141203 3.06 3.26 3.36 3.06 3727476
20141204 3.29 3.32 3.34 3.18 2381842
20141205 3.31 3.17 3.40 3.04 3176215
20141208 3.15 3.33 3.37 3.06 2973146
20141209 3.31 3.24 3.64 3.21 4126107
20141210 3.16 3.37 3.41 3.16 2129151
20141211 3.40 3.71 3.71 3.35 4019726
20141212 3.80 3.71 3.87 3.63 3504517
20141215 3.75 3.67 3.76 3.55 2067456
20141216 3.64 3.81 3.86 3.62 2849434
20141217 3.80 3.82 3.95 3.74 2540713
20141218 3.82 3.83 3.94 3.79 1909824
20141219 3.82 4.04 4.09 3.77 3426515
20141222 4.06 4.00 4.35 3.95 3566556
20141223 3.99 3.66 3.99 3.62 2471927
20141224 3.63 3.50 3.72 3.43 2141750
20141225 3.52 3.69 3.70 3.51 2086842
20141226 3.68 3.76 3.77 3.64 1646079
20141229 3.77 3.84 3.95 3.72 2128922
20141230 3.82 3.71 3.87 3.68 1519662
20141231 3.73 3.83 3.85 3.72 1426703
20150105 3.83 4.00 4.08 3.81 2488116
20150106 3.96 3.89 3.98 3.83 1796232
20150107 3.88 3.85 3.93 3.79 1867729
20150108 3.85 3.66 3.85 3.65 2090981
20150109 3.63 3.64 3.75 3.59 1593738
20150112 3.59 3.46 3.60 3.42 1450144
20150113 3.44 3.46 3.52 3.43 771763
20150114 3.46 3.43 3.49 3.40 608209
20150115 3.42 3.58 3.58 3.41 1126071
20150116 3.58 3.60 3.64 3.55 945754
20150119 3.45 3.24 3.45 3.24 1522089
20150120 3.25 3.34 3.36 3.24 1337013
20150121 3.34 3.46 3.48 3.30 1459699
20150122 3.44 3.48 3.56 3.42 1326720
20150123 3.49 3.41 3.53 3.38 1418008
20150126 3.39 3.47 3.48 3.37 1322604
20150127 3.46 3.41 3.47 3.33 1235247
20150128 3.46 3.44 3.52 3.43 1334188
20150129 3.40 3.49 3.58 3.37 1801256
20150130 3.46 3.43 3.52 3.42 939795
20150202 3.37 3.29 3.40 3.27 1273004
20150203 3.32 3.33 3.35 3.28 719377
20150204 3.35 3.42 3.53 3.34 1930814
20150205 3.48 3.31 3.49 3.30 1180149
20150206 3.29 3.24 3.35 3.22 982289
20150209 3.24 3.20 3.25 3.11 894777
20150210 3.23 3.26 3.27 3.20 501564
20150211 3.27 3.27 3.30 3.26 441548
20150212 3.27 3.28 3.30 3.21 574718
20150213 3.28 3.38 3.43 3.27 1303320
20150216 3.38 3.40 3.42 3.36 605119
20150217 3.42 3.44 3.46 3.41 664269
20150225 3.45 3.44 3.52 3.42 1027883
20150226 3.44 3.50 3.51 3.36 1130520
20150227 3.50 3.53 3.58 3.48 1151149
20150302 3.55 3.66 3.73 3.52 1838394
20150303 3.62 3.51 3.66 3.51 1363145
20150304 3.51 3.51 3.53 3.46 974869
20150305 3.50 3.44 3.50 3.40 956721
20150306 3.43 3.46 3.49 3.41 789348
20150309 3.44 3.48 3.50 3.38 825508
20150310 3.48 3.47 3.52 3.46 773903
20150311 3.46 3.46 3.51 3.44 642312
20150312 3.46 3.51 3.52 3.45 1006843
20150313 3.51 3.58 3.62 3.50 1429681
20150316 3.60 3.63 3.65 3.58 1355229
20150317 3.64 3.72 3.75 3.63 2347269
20150318 3.74 3.96 3.98 3.73 3631688
20150319 3.99 3.87 4.00 3.84 2492357
20150320 3.87 3.91 3.95 3.86 2041031
20150323 3.96 4.04 4.09 3.94 2947152
20150324 4.05 4.24 4.37 4.00 4836241
20150325 4.24 4.12 4.31 4.08 2466125
20150326 4.10 4.07 4.20 4.01 2078429
20150327 4.07 4.06 4.11 4.04 1317763
20150330 4.07 4.19 4.20 4.07 2067997
20150331 4.21 4.33 4.51 4.20 5102608
20150401 4.33 4.36 4.43 4.25 2181186
20150402 4.36 4.46 4.53 4.32 3299748
20150403 4.45 4.91 4.91 4.41 3188557
20150407 5.06 4.98 5.27 4.93 6375957
20150408 4.99 5.00 5.10 4.70 5445494
20150409 5.01 4.88 5.04 4.77 3143046
20150410 4.87 4.94 5.05 4.81 2802856
20150413 4.94 5.01 5.08 4.91 3175453
20150414 5.02 5.05 5.17 4.94 3644566
20150415 5.00 4.81 5.01 4.75 2721622
20150416 4.74 4.84 4.88 4.65 2201505
20150417 4.88 4.99 5.09 4.88 4038265
20150420 4.98 5.07 5.23 4.85 5330823
20150421 5.08 5.39 5.45 5.03 5352934
20150422 5.52 5.49 5.67 5.41 5104087
20150423 5.49 5.91 5.99 5.47 5737566
20150424 5.85 5.77 5.91 5.60 4187095
20150427 5.89 5.95 6.00 5.67 5366496
20150428 5.87 5.58 5.98 5.58 4407037
20150429 5.50 5.56 5.65 5.45 2794022
20150430 5.56 5.37 5.63 5.36 3037406
20150504 5.91 5.91 5.91 5.91 2213608
20150505 6.20 5.72 6.39 5.62 10469876
20150506 5.45 5.32 5.66 5.28 5228386
20150507 5.25 4.80 5.25 4.79 4331609
20150508 4.90 5.00 5.04 4.80 3258977
20150511 5.07 5.13 5.14 4.93 3557102
20150512 5.13 5.15 5.19 5.06 3025917
20150513 5.12 5.15 5.35 5.04 3942286
20150514 5.04 5.07 5.12 4.91 3761606
20150515 5.04 4.90 5.09 4.87 2653344
20150518 4.86 4.78 4.90 4.75 2196004
20150519 4.76 4.95 5.00 4.75 2321880
20150520 4.96 5.05 5.15 4.91 3568775
20150521 5.04 5.03 5.06 4.96 2337200
20150522 5.06 5.26 5.27 5.05 4570528
20150525 5.25 5.39 5.45 5.18 4150078
20150526 5.42 5.51 5.55 5.26 5146930
20150527 5.51 5.63 5.72 5.33 6121066
20150528 5.58 5.11 5.84 5.07 6079941
20150529 5.08 5.05 5.22 4.82 3867000
20150601 5.05 5.31 5.32 5.01 3389480
20150602 5.27 5.43 5.47 5.26 3549669
20150603 5.43 5.32 5.44 5.20 3070670
20150604 5.33 5.42 5.42 5.02 3889536
20150605 5.48 5.64 5.74 5.43 6565853
20150608 5.66 5.79 5.80 5.58 6222839
20150609 5.78 5.70 5.78 5.57 4265017
20150610 5.62 5.78 5.92 5.57 5337702
20150611 5.70 5.90 5.97 5.68 5149932
20150612 5.89 6.15 6.36 5.81 7369530
20150615 6.19 6.47 6.77 6.06 9173361
20150616 6.31 6.07 6.42 5.98 5711724
20150617 6.05 6.50 6.65 6.02 6442272
20150618 6.50 6.53 6.96 6.38 7250585
20150619 6.30 5.88 6.47 5.88 4870286
20150623 6.02 6.30 6.35 5.70 5489468
20150624 6.37 6.82 6.93 6.32 9725052
20150625 6.66 6.61 7.05 6.49 9160910
20150626 6.33 6.47 6.95 6.08 10289208
20150629 6.68 7.00 7.12 6.50 13236374
