20140102 15.05 15.33 15.35 14.92 23439
20140103 15.41 15.20 15.42 15.00 13050
20140106 15.16 14.78 15.30 14.76 12852
20140107 14.70 14.57 14.89 14.31 17968
20140108 14.55 14.18 14.74 14.10 23356
20140109 14.15 14.26 14.52 14.15 18580
20140110 14.20 14.14 14.50 14.08 13657
20140113 14.13 14.47 14.50 14.13 10834
20140114 14.53 14.52 14.59 14.29 9306
20140115 14.42 14.87 14.97 14.42 15201
20140116 14.97 14.53 14.97 14.50 10214
20140117 14.58 14.21 14.58 14.16 8325
20140120 14.20 14.20 14.31 14.14 3654
20140121 14.20 14.06 14.75 13.96 17923
20140122 14.01 14.41 14.43 14.01 17139
20140123 14.33 14.83 14.88 14.33 23952
20140124 14.96 15.78 16.20 14.75 46786
20140127 15.78 15.62 15.90 15.13 21819
20140128 15.60 15.58 16.06 15.49 24295
20140129 15.62 15.98 16.11 15.62 17100
20140130 16.09 16.18 16.56 15.90 19199
20140207 16.17 16.41 16.65 15.86 18426
20140210 16.35 16.95 17.22 16.30 34725
20140211 16.95 17.94 18.34 16.95 73471
20140212 17.92 18.20 18.61 17.58 53344
20140213 18.15 17.44 18.28 17.17 24476
20140214 17.55 18.72 18.98 17.55 55879
20140217 18.70 19.60 19.78 18.40 81887
20140218 19.61 19.30 19.67 18.87 35120
20140219 19.37 19.03 19.70 18.75 27446
20140220 19.03 18.36 19.15 18.00 19000
20140221 18.40 18.50 18.77 18.33 17606
20140224 18.49 19.30 19.50 18.09 31184
20140225 19.27 19.57 21.23 18.50 52051
20140226 19.65 19.11 19.65 18.00 28528
20140227 19.10 18.50 20.30 18.10 30876
20140228 18.57 18.22 18.94 17.42 18846
20140303 18.22 18.67 18.88 18.01 11460
20140304 18.69 18.75 19.00 18.32 11008
20140305 18.75 18.59 18.98 18.40 12665
20140306 18.46 17.88 18.47 17.82 20836
20140307 17.61 18.00 18.28 17.50 10607
20140310 18.00 18.00 18.30 17.63 14503
20140311 17.96 18.12 18.24 17.81 12344
20140312 18.11 18.53 19.00 18.10 25584
20140313 18.53 19.70 19.78 18.20 22356
20140314 19.40 19.22 19.69 18.91 14366
20140317 19.12 19.10 19.34 18.70 21395
20140318 19.30 18.30 19.30 18.20 39650
20140319 18.10 17.33 18.15 17.23 40348
20140320 17.30 16.88 17.43 16.67 27170
20140321 16.70 16.81 16.98 16.49 20054
20140324 16.83 16.94 17.16 16.83 17693
20140325 16.94 16.60 16.97 16.48 19487
20140326 16.65 16.65 16.74 16.45 30616
20140327 16.60 16.69 16.88 16.10 27622
20140328 16.50 16.77 16.84 16.32 28749
20140331 16.89 17.39 17.50 16.89 26679
20140401 17.46 17.58 17.96 17.40 35775
20140402 17.58 17.55 17.72 17.26 15770
20140403 17.55 17.62 17.68 17.18 19423
20140404 17.59 17.52 17.65 17.28 12080
20140408 17.49 17.37 17.49 17.09 22653
20140409 17.37 17.42 17.59 17.26 13976
20140410 17.47 17.97 17.99 17.37 20804
20140411 17.82 17.72 17.88 17.55 12568
20140414 17.61 18.67 18.75 17.56 26296
20140415 18.67 18.93 18.95 18.38 23789
20140416 18.85 19.02 19.18 18.72 14819
20140417 19.03 19.05 19.29 18.68 10517
20140418 18.90 19.25 19.45 18.79 23268
20140421 19.25 18.75 19.30 18.50 21347
20140422 18.75 18.13 18.75 18.04 17380
20140423 18.11 18.31 18.65 18.11 10136
20140424 18.29 17.78 18.40 17.77 10025
20140425 17.93 17.78 18.09 17.65 8325
20140428 17.96 16.50 17.96 16.36 16954
20140429 16.67 17.13 17.23 16.67 12927
20140430 17.28 17.35 17.55 17.17 14768
20140505 17.30 17.85 17.89 17.25 13604
20140506 17.94 17.88 18.05 17.52 10393
20140507 17.78 17.23 17.90 16.92 11462
20140508 17.25 17.41 17.82 17.13 12810
20140509 17.46 17.31 17.55 17.00 6898
20140512 17.35 17.67 17.75 17.34 13001
20140513 17.60 17.61 17.75 17.40 7905
20140514 17.52 17.45 17.65 17.33 7347
20140515 17.41 16.90 17.48 16.88 7956
20140516 17.16 16.59 17.16 16.41 14717
20140519 16.61 16.22 16.70 16.01 10936
20140520 16.28 16.75 16.76 16.28 11413
20140521 16.72 17.05 17.20 16.47 10115
20140522 16.97 17.00 17.23 16.89 8256
20140523 17.19 17.18 17.21 16.81 9435
20140526 17.18 17.45 17.50 17.13 11149
20140527 17.40 17.22 17.54 17.20 6257
20140528 17.17 17.28 17.39 17.08 10170
20140529 17.44 17.81 18.21 17.31 37337
20140530 17.70 17.55 17.92 17.42 15495
20140603 17.54 17.36 17.80 17.36 8817
20140604 17.36 17.08 17.46 16.90 11219
20140605 17.15 17.73 17.80 16.91 15356
20140606 17.73 17.48 17.78 17.38 16229
20140609 17.45 17.10 17.57 17.10 9844
20140610 17.10 17.42 17.44 17.02 9097
20140611 17.40 17.69 17.83 17.28 13281
20140612 17.56 17.87 17.98 17.48 19919
20140613 17.88 17.83 17.89 17.58 25344
20140616 17.83 17.93 18.18 17.66 30876
20140617 17.87 17.56 17.96 17.53 24380
20140618 17.64 17.33 17.65 17.33 12218
20140619 17.31 16.46 17.44 16.31 27744
20140620 16.50 16.88 16.89 16.50 11201
20140623 16.86 16.79 16.98 16.69 14029
20140624 16.79 16.92 17.10 16.78 10148
20140625 16.95 16.81 17.05 16.70 12410
20140626 16.89 17.66 17.78 16.89 29506
20140627 17.75 17.81 17.90 17.48 37483
20140630 17.78 18.62 18.65 17.70 50072
20140701 18.60 18.96 19.05 18.40 37775
20140702 18.95 19.45 20.60 18.88 65607
20140703 19.50 19.24 19.55 18.92 29825
20140704 19.24 20.24 20.45 19.15 55029
20140707 20.01 20.17 20.59 19.56 35413
20140708 20.00 19.81 20.00 19.36 27815
20140709 19.81 18.96 19.81 18.95 28220
20140710 18.95 19.30 19.38 18.76 22043
20140711 19.39 19.08 19.39 19.00 12924
20140714 19.15 19.23 19.27 18.89 17595
20140715 19.23 19.47 19.55 19.11 18897
20140716 19.43 19.32 19.62 19.25 12044
20140717 19.33 18.66 19.33 18.40 15928
20140718 18.52 18.26 18.60 18.00 27700
20140721 18.26 18.33 18.35 17.90 23303
20140722 18.28 18.67 18.73 18.25 21930
20140723 18.63 18.07 18.76 17.95 27592
20140724 18.00 18.04 18.21 17.78 13040
20140725 18.11 18.28 18.28 18.03 10300
20140728 18.32 18.56 18.66 18.31 16591
20140729 18.67 18.73 18.87 18.53 16862
20140730 18.89 19.20 19.45 18.89 28569
20140731 19.20 19.15 19.26 19.00 21090
20140801 19.13 19.65 19.85 19.00 48243
20140804 19.73 19.81 19.85 19.49 20341
20140805 19.82 19.60 19.82 19.50 20844
20140806 19.53 19.55 19.80 19.50 19177
20140807 19.58 19.43 19.67 19.26 19211
20140808 19.49 19.46 19.54 19.30 13424
20140811 19.46 19.64 19.66 19.36 20025
20140911 21.60 21.60 21.60 21.60 2747
20140912 23.76 23.76 23.76 23.76 8595
20140915 25.30 23.80 25.30 23.25 212798
20140916 23.85 22.80 23.85 22.31 105776
20140917 22.68 22.88 23.12 22.23 53815
20140918 22.70 22.50 23.17 22.30 42713
20140919 22.65 23.48 23.55 22.40 71726
20140922 23.47 23.67 23.93 22.77 56638
20140923 23.51 23.50 23.87 23.41 35786
20140924 23.52 23.70 23.94 23.51 31169
20140925 23.70 23.22 23.81 23.15 34138
20140926 23.02 22.85 23.28 22.80 19232
20140929 22.88 23.03 23.18 22.88 18289
20140930 23.24 23.73 23.86 23.00 23115
20141008 23.70 24.60 24.85 23.53 39722
20141009 24.50 24.65 24.80 24.23 32751
20141010 24.54 25.01 25.17 24.20 40543
20141013 24.98 24.93 25.25 24.60 20661
20141014 24.93 26.12 26.88 24.88 51437
20141015 26.12 26.13 26.77 25.91 32104
20141016 26.10 25.65 26.59 25.56 36444
20141017 25.65 24.45 25.69 24.45 37132
20141020 24.48 24.80 25.30 24.48 16296
20141021 24.75 25.06 25.25 24.52 25058
20141022 24.99 24.78 25.25 24.10 28400
20141023 24.55 24.16 24.65 23.88 19990
20141024 24.20 24.00 25.00 24.00 31715
20141027 23.75 24.03 24.49 23.69 23617
20141028 24.15 24.52 24.56 24.05 33039
20141029 24.59 24.61 24.71 24.32 38269
20141030 24.61 25.00 25.25 24.55 34188
20141031 24.94 24.46 25.04 23.93 30026
20141103 24.50 24.28 24.56 24.03 20631
20141104 24.28 23.97 24.28 23.52 29467
20141105 23.82 23.86 23.97 23.46 24872
20141106 23.81 24.20 24.25 23.70 26278
20141107 24.20 24.35 24.60 24.10 29778
20141110 24.43 24.56 24.56 24.00 21986
20141111 24.68 24.30 24.77 24.01 27384
20141112 24.38 25.43 25.48 24.24 48587
20141113 25.30 24.85 25.30 24.51 34002
20141114 24.29 23.92 24.29 23.61 29954
20141117 23.90 23.89 24.11 23.70 16119
20141118 23.80 24.38 24.46 23.71 20722
20141119 24.24 24.77 24.94 24.24 20713
20141120 24.77 24.92 25.11 24.53 22973
20141121 24.92 24.92 25.15 24.72 11197
20141124 24.98 25.12 25.42 24.96 23293
20141125 25.10 24.44 25.10 24.28 39103
20141126 24.44 24.47 25.02 24.28 24520
20141127 24.60 24.20 24.66 24.00 27465
20141128 24.19 24.15 24.36 23.90 26498
20141201 24.09 24.04 24.30 23.70 29606
20141202 23.88 24.09 24.46 23.84 29143
20141203 24.10 23.85 24.14 23.33 42273
20141204 23.95 23.68 24.10 23.31 44833
20141205 23.71 25.11 25.90 23.65 152720
20141208 24.90 23.80 24.99 23.66 117396
20141209 23.49 21.45 23.49 21.43 92075
20141210 21.51 23.12 23.25 21.51 56436
20141211 22.75 24.79 24.93 22.75 78699
20141212 24.52 24.67 25.10 24.30 34703
20141215 24.67 26.35 26.50 24.56 70742
20141216 26.35 27.46 28.45 26.20 75508
20141217 27.30 27.09 27.48 26.26 40930
20141218 27.00 26.53 28.00 26.45 48723
20141219 26.40 25.92 26.87 25.34 32940
20141222 25.70 23.50 25.70 23.33 69716
20141223 23.50 24.05 25.49 23.28 62067
20141224 24.60 25.22 25.51 24.45 46071
20141225 25.48 25.60 25.80 24.81 28923
20141226 25.58 26.15 26.29 25.39 30077
20141229 26.00 25.35 26.14 24.06 56013
20141230 24.86 24.90 25.85 24.51 29966
20141231 25.00 26.70 26.98 25.00 64073
20150105 26.60 26.80 26.80 25.15 60720
20150106 26.20 27.26 27.49 25.48 56433
20150107 26.83 26.90 27.98 26.75 39082
20150108 26.90 27.20 27.92 26.55 45322
20150109 26.87 26.49 27.46 26.45 37929
20150112 26.38 25.95 26.38 25.65 17708
20150113 25.95 26.93 27.21 25.95 27436
20150114 26.87 27.55 27.65 26.75 31931
20150115 27.60 27.15 27.71 26.85 20864
20150116 26.92 27.03 27.35 26.65 26520
20150119 26.52 28.80 29.73 26.16 151373
20150120 28.80 31.68 31.68 28.21 113274
20150121 31.26 31.56 33.63 30.81 109574
20150122 31.60 32.38 33.20 31.13 67387
20150123 32.20 31.35 33.20 31.30 53770
20150126 30.80 31.14 32.10 30.01 58675
20150127 31.00 30.95 31.28 30.14 62533
20150128 30.53 33.01 33.36 30.51 94646
20150129 32.30 31.89 33.30 31.70 40787
20150130 31.89 31.21 32.50 31.01 27302
20150202 30.80 30.93 32.25 30.20 35890
20150203 31.06 31.30 31.55 30.25 59763
20150204 31.30 30.22 31.35 30.07 45239
20150205 30.50 29.80 30.75 29.80 41479
20150206 29.70 30.58 30.97 29.08 53051
20150209 30.31 30.15 30.65 29.96 35316
20150210 30.15 32.18 32.85 30.15 69315
20150211 32.18 35.36 35.40 31.90 140293
20150212 34.80 37.48 38.90 34.18 137985
20150213 38.00 38.33 39.96 37.10 98218
20150216 38.33 39.20 40.19 38.00 85920
20150217 38.90 38.03 38.90 37.54 61430
20150225 37.88 36.80 37.88 36.30 52608
20150226 36.77 36.52 38.40 36.10 77242
20150227 36.89 37.11 37.87 36.00 54901
20150302 37.15 39.50 40.40 36.54 81831
20150303 38.80 38.38 39.30 37.56 50741
20150304 38.00 38.39 38.59 37.76 29494
20150305 38.29 39.28 41.00 38.28 57641
20150306 39.20 37.09 39.31 36.88 52357
20150309 36.88 37.39 38.12 35.80 32773
20150310 37.30 37.20 38.26 37.00 29375
20150311 37.30 37.71 38.20 37.18 39599
20150312 37.71 38.22 38.85 36.78 33803
20150313 38.30 37.97 38.47 37.20 25087
20150316 38.21 40.44 40.51 37.90 59962
20150317 40.73 39.68 41.20 39.20 53817
20150318 38.69 39.85 40.03 38.69 40394
20150319 39.50 39.15 39.70 38.80 46433
20150320 39.22 39.09 39.56 38.73 42941
20150323 39.20 42.50 43.00 38.80 149756
20150324 42.00 44.03 45.49 41.21 137381
20150325 42.00 42.75 44.15 41.72 101766
20150326 42.91 40.50 44.48 40.44 87218
20150327 40.82 40.38 41.48 39.50 63945
20150330 40.17 40.59 40.80 39.80 49393
20150331 40.88 40.45 40.88 40.00 59335
20150401 40.35 40.54 40.60 40.00 64086
20150402 41.22 42.18 42.40 40.75 100091
20150403 41.78 43.20 43.50 41.42 73475
20150407 43.19 45.66 46.10 42.91 77042
20150408 45.74 43.21 45.99 41.80 69465
20150409 42.90 43.97 44.30 40.00 74220
20150410 42.70 46.08 46.69 42.20 91373
20150413 45.51 50.69 50.69 45.21 92348
20150414 52.75 49.81 54.18 49.25 69263
20150415 49.80 46.28 49.80 46.22 37079
20150416 46.00 47.43 49.15 44.57 46120
20150417 47.38 46.00 48.69 45.60 40135
20150420 45.60 43.00 46.06 42.88 59013
20150421 43.02 44.65 45.50 43.02 36269
20150422 44.69 45.50 46.50 44.69 39364
20150423 45.50 44.69 45.88 43.90 60193
20150424 44.12 44.00 45.38 43.18 58865
20150427 44.49 47.37 47.80 44.22 93627
20150428 47.00 45.22 47.95 44.80 50270
20150429 44.60 46.22 46.65 43.78 53908
20150430 47.00 45.50 47.79 45.00 52022
20150504 45.00 44.40 45.10 43.50 45324
20150505 44.38 40.68 44.38 40.50 74661
20150506 40.95 41.19 42.27 40.50 111315
20150507 41.21 40.43 41.50 39.90 40874
20150508 41.06 41.70 41.77 40.43 71359
20150511 41.85 44.45 45.87 41.85 109612
20150512 44.99 43.63 45.92 43.56 110228
20150513 42.50 45.65 45.76 41.50 116134
20150514 45.67 47.20 48.70 45.15 123974
20150515 47.15 47.91 48.94 46.68 80177
20150518 48.56 51.11 52.70 48.56 113700
20150519 51.15 56.22 56.22 51.15 74104
20150520 59.30 61.84 61.84 59.30 19885
20150521 67.97 65.87 68.02 63.00 105989
20150522 65.62 66.70 70.98 60.51 93567
20150525 67.50 70.68 71.98 67.00 58402
20150526 68.57 70.03 70.70 67.01 44901
20150527 69.80 65.41 69.88 65.32 64705
20150528 66.88 61.00 68.41 60.51 44806
20150529 61.14 60.30 65.20 54.90 64629
20150601 60.30 65.78 66.29 59.00 45311
20150602 66.50 72.36 72.36 66.50 45508
20150603 72.66 79.60 79.60 72.66 41884
20150604 79.89 78.02 86.00 71.80 48538
20150605 79.00 73.05 80.00 71.81 46116
20150608 73.08 67.05 73.78 66.28 58357
20150609 67.24 65.57 69.18 63.60 49110
20150610 65.00 72.00 72.00 64.50 51126
20150611 73.04 72.79 76.00 70.71 36164
20150612 71.90 70.36 73.68 68.03 51162
20150615 69.95 66.49 69.95 64.00 62731
20150616 66.49 62.54 66.49 61.98 56210
20150617 64.00 67.35 68.30 62.38 38552
20150618 67.50 63.08 68.50 60.86 36719
20150619 62.00 56.77 62.50 56.77 42506
20150623 57.01 59.72 61.69 51.20 43102
20150624 59.44 63.27 63.97 59.40 46423
20150625 63.90 59.59 63.90 57.90 35541
20150626 57.00 53.63 57.05 53.63 37920
20150629 56.48 48.27 56.48 48.27 80068
20150630 43.44 53.10 53.10 43.44 85353
20150701 53.93 50.21 57.69 48.00 53951
20150702 50.03 45.19 50.89 45.19 57502
20150703 42.40 40.67 48.60 40.67 128617
20150706 44.74 36.60 44.74 36.60 129413
20150707 34.00 32.94 34.09 32.94 44275
20150708 29.65 29.65 30.34 29.65 243179
20150709 26.69 32.62 32.62 26.69 85675
20150710 35.88 35.88 35.88 35.88 4077
20150713 39.47 39.47 39.47 39.47 4166
20150714 43.42 43.42 43.42 43.42 14245
20150715 47.56 43.01 47.56 39.21 136817
20150716 40.31 46.98 47.31 40.31 81716
20150717 48.00 51.68 51.68 47.00 68900
20150720 51.68 54.49 55.55 50.80 66487
20150721 53.35 53.31 56.53 51.76 26545
20150722 53.32 54.51 55.30 51.16 53647
20150723 53.13 55.42 57.00 53.13 37196
20150724 55.42 53.83 56.51 53.68 57177
20150727 52.43 48.45 52.80 48.45 70397
20150728 43.61 43.90 50.00 43.61 83190
20150729 45.45 47.86 48.19 41.00 61269
20150730 47.60 48.30 50.25 45.70 48518
