20140102 2.87 2.86 2.88 2.85 26396
20140103 2.85 2.82 2.86 2.81 23639
20140106 2.81 2.76 2.83 2.76 29684
20140107 2.75 2.77 2.78 2.72 18684
20140108 2.76 2.71 2.78 2.70 40546
20140109 2.72 2.66 2.74 2.66 27835
20140110 2.66 2.61 2.66 2.59 29169
20140113 2.61 2.61 2.64 2.59 23796
20140114 2.61 2.67 2.67 2.61 21392
20140115 2.67 2.67 2.67 2.63 18181
20140116 2.68 2.67 2.68 2.65 17794
20140117 2.66 2.64 2.67 2.62 21732
20140120 2.63 2.62 2.64 2.60 16809
20140121 2.62 2.66 2.67 2.62 19690
20140122 2.66 2.73 2.74 2.65 33877
20140123 2.74 2.73 2.76 2.72 27529
20140124 2.74 2.78 2.81 2.73 43867
20140127 2.76 2.76 2.82 2.75 33345
20140128 2.76 2.76 2.80 2.74 26458
20140129 2.77 2.77 2.78 2.74 24645
20140130 2.76 2.77 2.78 2.75 18743
20140207 2.77 2.82 2.82 2.74 36072
20140210 2.82 2.87 2.90 2.81 71726
20140211 2.89 2.88 2.91 2.86 62906
20140212 2.89 2.94 2.95 2.86 90863
20140213 2.94 2.88 2.94 2.87 65351
20140214 2.88 2.92 2.93 2.86 44345
20140217 2.93 2.96 2.96 2.92 69456
20140218 2.96 2.96 3.00 2.92 93533
20140219 2.98 3.26 3.26 2.98 363890
20140220 3.30 3.39 3.56 3.26 912743
20140221 3.31 3.23 3.34 3.19 320218
20140224 3.22 3.19 3.23 3.08 241756
20140225 3.17 3.10 3.24 3.08 220181
20140226 3.08 3.14 3.15 3.00 133468
20140227 3.15 3.19 3.29 3.10 232253
20140228 3.16 3.22 3.27 3.11 136793
20140303 3.20 3.21 3.25 3.14 132782
20140304 3.20 3.14 3.20 3.10 138609
20140305 3.14 3.15 3.22 3.13 94958
20140306 3.13 3.15 3.17 3.08 103975
20140307 3.14 3.09 3.16 3.08 80813
20140310 3.06 2.97 3.07 2.94 106976
20140311 2.95 2.98 3.01 2.94 69210
20140312 2.98 3.00 3.00 2.92 69961
20140313 2.99 3.02 3.05 2.98 62581
20140314 3.00 2.98 3.02 2.96 53946
20140317 3.00 3.05 3.05 2.98 60252
20140318 3.05 3.08 3.09 3.03 71433
20140319 3.08 3.06 3.09 3.03 53633
20140320 3.06 3.00 3.09 2.98 62851
20140321 2.99 3.07 3.08 2.95 73015
20140324 3.06 3.12 3.12 3.05 83302
20140325 3.13 3.24 3.25 3.09 173922
20140326 3.22 3.17 3.23 3.16 112584
20140327 3.20 3.18 3.35 3.17 180690
20140328 3.14 3.15 3.29 3.13 112805
20140331 3.15 3.07 3.19 3.05 85221
20140401 3.10 3.20 3.20 3.10 83851
20140402 3.20 3.18 3.24 3.15 70778
20140403 3.18 3.14 3.19 3.11 52893
20140404 3.14 3.22 3.22 3.12 91150
20140408 3.19 3.23 3.24 3.18 86964
20140409 3.23 3.23 3.28 3.21 97149
20140410 3.24 3.24 3.25 3.19 91132
20140411 3.21 3.17 3.22 3.16 78086
20140414 3.16 3.18 3.18 3.14 49591
20140415 3.17 3.12 3.18 3.11 69011
20140416 3.12 3.14 3.15 3.10 47026
20140417 3.15 3.12 3.15 3.12 32681
20140418 3.09 3.11 3.12 3.09 41025
20140421 3.08 3.08 3.14 3.08 45112
20140422 3.09 3.12 3.12 3.05 64792
20140423 3.12 3.08 3.12 3.06 38055
20140424 3.05 3.03 3.07 3.03 45337
20140425 3.03 3.00 3.05 3.00 42842
20140428 3.00 2.89 3.00 2.88 61800
20140429 2.90 2.93 2.94 2.87 24676
20140430 2.93 2.93 2.94 2.91 33477
20140505 2.93 2.96 2.97 2.92 27541
20140506 2.97 3.02 3.06 2.97 62631
20140507 3.02 2.99 3.02 2.97 30139
20140508 2.97 2.99 3.03 2.97 30353
20140509 2.98 2.95 3.00 2.92 23654
20140512 2.96 3.03 3.03 2.96 42420
20140513 3.03 3.01 3.03 3.00 28246
20140514 3.02 3.05 3.07 3.01 36795
20140515 3.04 2.99 3.06 2.98 24349
20140516 2.99 2.99 3.02 2.97 24086
20140519 3.00 2.97 3.00 2.94 20528
20140520 2.99 2.99 3.00 2.97 19335
20140521 2.98 3.03 3.04 2.97 32990
20140522 3.02 3.00 3.06 3.00 30549
20140523 3.00 3.04 3.04 2.98 20522
20140526 3.05 3.04 3.06 3.02 30667
20140527 3.04 3.04 3.05 3.02 25302
20140528 3.03 3.09 3.11 3.01 92677
20140529 3.10 3.09 3.13 3.07 86333
20140530 3.07 3.05 3.09 3.04 43629
20140603 3.06 3.07 3.11 3.05 39804
20140604 3.05 3.15 3.15 3.03 85942
20140605 3.12 3.15 3.17 3.10 82134
20140606 3.15 3.13 3.15 3.10 51106
20140609 3.13 3.09 3.13 3.08 32533
20140610 3.08 3.12 3.12 3.07 36289
20140611 3.11 3.12 3.16 3.10 48892
20140612 3.11 3.16 3.19 3.10 115981
20140613 3.13 3.15 3.16 3.11 72327
20140616 3.15 3.16 3.18 3.13 57521
20140617 3.16 3.11 3.16 3.09 53847
20140618 3.11 3.06 3.11 3.05 50742
20140619 3.07 2.98 3.08 2.97 59891
20140620 2.97 3.00 3.01 2.97 31960
20140623 3.00 3.00 3.04 3.00 31466
20140624 3.01 3.03 3.04 3.01 27417
20140625 3.03 3.02 3.03 3.00 20313
20140626 3.02 3.05 3.05 3.02 33053
20140627 3.04 3.07 3.08 3.03 40677
20140630 3.07 3.11 3.11 3.05 56874
20140701 3.11 3.12 3.13 3.08 49091
20140702 3.12 3.16 3.17 3.10 95511
20140703 3.14 3.15 3.19 3.14 87326
20140704 3.14 3.13 3.17 3.12 60547
20140707 3.12 3.24 3.28 3.11 219087
20140708 3.21 3.22 3.23 3.17 103064
20140709 3.21 3.13 3.22 3.13 77718
20140710 3.11 3.23 3.28 3.11 169447
20140711 3.25 3.24 3.39 3.22 180773
20140714 3.25 3.29 3.33 3.22 128465
20140715 3.29 3.27 3.34 3.24 92864
20140716 3.27 3.33 3.38 3.26 173575
20140717 3.31 3.24 3.35 3.21 142223
20140718 3.22 3.22 3.27 3.20 68600
20140721 3.22 3.24 3.26 3.19 49313
20140722 3.22 3.56 3.56 3.21 263365
20140723 3.87 3.67 3.87 3.59 874622
20140724 3.57 4.02 4.04 3.56 1176636
20140725 3.80 3.77 3.86 3.66 662921
20140728 3.76 3.75 3.79 3.67 436860
20140729 3.71 3.76 3.88 3.70 471870
20140730 3.72 3.80 3.85 3.68 303603
20140731 3.77 3.82 3.85 3.74 285521
20140801 3.78 3.72 3.81 3.66 280037
20140804 3.71 3.73 3.74 3.66 197626
20140805 3.74 3.80 3.88 3.68 281192
20140806 3.75 3.75 3.78 3.70 172923
20140807 3.75 3.73 3.80 3.70 162786
20140808 3.71 3.75 3.77 3.71 97643
20140811 3.75 3.82 3.85 3.74 203293
20140812 3.83 3.81 3.87 3.80 177339
20140813 3.79 3.87 3.88 3.77 236493
20140814 3.85 3.81 3.94 3.80 217955
20140815 3.78 3.81 3.84 3.76 145155
20140818 3.84 3.86 3.89 3.81 176094
20140819 3.86 3.90 3.90 3.84 190650
20140820 3.91 3.96 4.04 3.91 336383
20140821 3.95 3.85 4.00 3.82 245618
20140822 3.84 3.88 3.89 3.81 123442
20140825 3.88 3.81 3.88 3.81 106984
20140826 3.81 3.70 3.89 3.66 163599
20140827 3.70 3.70 3.75 3.68 88450
20140828 3.70 3.65 3.74 3.63 98897
20140829 3.65 3.68 3.69 3.64 86525
20140901 3.67 3.73 3.74 3.66 79696
20140902 3.73 3.81 3.81 3.72 139132
20140903 3.85 3.87 3.98 3.84 251491
20140904 3.87 3.90 3.92 3.84 183916
20140905 3.92 3.92 3.93 3.86 138099
20140909 3.92 4.19 4.30 3.85 569609
20140910 4.10 4.13 4.15 4.08 242095
20140911 4.13 4.10 4.19 4.05 245198
20140912 4.06 4.13 4.15 4.05 131292
20140915 4.14 4.18 4.24 4.11 209188
20140916 4.18 4.00 4.20 3.90 290756
20140917 4.00 4.08 4.11 3.95 181444
20140918 4.08 4.17 4.20 4.04 226468
20140919 4.18 4.15 4.20 4.09 146682
20140922 4.09 4.03 4.14 4.02 133578
20140923 4.02 4.06 4.06 4.00 114626
20140924 4.05 4.11 4.13 4.03 146999
20140925 4.11 4.12 4.19 4.10 189090
20140926 4.13 4.17 4.19 4.10 151234
20140929 4.18 4.39 4.55 4.18 530813
20140930 4.40 4.83 4.83 4.35 677004
20141008 5.02 5.31 5.31 5.00 1337877
20141009 5.39 5.27 5.39 5.16 1279603
20141010 5.18 5.57 5.80 5.11 1459753
20141013 5.48 5.49 5.73 5.29 1150986
20141014 5.40 5.50 5.64 5.36 773929
20141015 5.39 5.66 5.67 5.30 991523
20141016 5.56 5.41 5.68 5.35 707675
20141017 5.32 5.34 5.60 5.13 598580
20141020 5.44 5.77 5.87 5.20 1168555
20141021 5.61 5.38 5.80 5.35 946250
20141022 5.29 5.18 5.41 5.17 472002
20141023 5.19 5.31 5.39 5.16 488675
20141024 5.30 5.29 5.49 5.00 636267
20141027 5.13 5.03 5.19 5.01 403882
20141028 5.00 5.22 5.29 5.00 365101
20141029 5.34 5.49 5.73 5.30 825877
20141030 5.42 5.33 5.48 5.31 504178
20141031 5.35 5.22 5.41 5.16 348694
20141103 5.26 5.26 5.31 5.22 218206
20141104 5.26 5.15 5.28 5.13 271787
20141105 5.16 5.18 5.23 5.10 176271
20141106 5.18 5.23 5.26 5.16 197479
20141107 5.27 5.13 5.29 5.09 219861
20141110 5.17 5.18 5.21 5.12 172784
20141111 5.23 4.84 5.23 4.77 360118
20141112 4.83 4.92 4.92 4.75 171540
20141113 4.90 4.73 4.91 4.69 229628
20141114 4.73 4.79 4.81 4.67 147919
20141117 4.80 4.85 4.88 4.77 145184
20141118 4.86 4.87 4.88 4.81 98672
20141119 4.85 4.97 5.06 4.83 255395
20141120 4.92 4.88 4.94 4.85 143295
20141121 4.88 4.89 4.91 4.85 109427
20141124 4.91 4.91 4.97 4.86 184711
20141125 4.91 5.00 5.05 4.91 196631
20141126 5.02 5.05 5.06 4.96 201870
20141127 5.15 5.12 5.24 5.07 309721
20141128 5.08 5.12 5.20 5.05 224537
20141201 5.13 5.02 5.16 5.00 213601
20141202 4.97 5.07 5.15 4.96 202347
20141203 5.09 5.23 5.26 4.97 505242
20141204 5.28 5.24 5.34 5.18 477904
20141205 5.23 5.00 5.23 4.90 364458
20141208 4.96 4.99 5.06 4.89 237555
20141209 5.00 4.75 5.03 4.73 312031
20141210 4.72 4.86 4.87 4.71 171286
20141211 4.84 5.11 5.18 4.80 372829
20141212 5.08 5.08 5.18 5.01 244265
20141215 5.07 5.17 5.19 5.01 293824
20141216 5.17 5.14 5.23 5.10 235004
20141217 5.13 5.03 5.14 4.99 212815
20141218 5.05 5.04 5.12 5.00 183531
20141219 5.04 4.91 5.04 4.82 237675
20141222 4.91 4.73 4.91 4.70 214813
20141223 4.72 4.71 4.81 4.69 100591
20141224 4.72 4.77 4.80 4.72 91869
20141225 4.77 5.07 5.11 4.77 278990
20141226 5.01 5.18 5.18 5.00 496788
20141229 5.12 4.99 5.14 4.97 340811
20141230 4.94 5.04 5.13 4.94 297156
20141231 4.98 4.90 5.00 4.78 262620
20150105 4.90 4.92 4.97 4.80 219434
20150106 4.87 4.97 5.00 4.85 185150
20150107 4.95 4.97 4.99 4.90 172815
20150108 4.96 4.88 4.97 4.83 131065
20150109 4.89 4.86 4.97 4.85 115944
20150112 4.82 4.72 4.83 4.70 143757
20150113 4.71 4.81 4.85 4.70 103329
20150114 4.81 4.72 4.81 4.69 92562
20150115 4.74 4.77 4.77 4.71 68623
20150116 4.77 4.82 4.85 4.76 112013
20150119 4.75 4.51 4.79 4.34 195700
20150120 4.51 4.64 4.70 4.51 136781
20150121 4.63 4.74 4.74 4.60 131698
20150122 4.75 4.78 4.80 4.72 151158
20150123 4.77 4.78 4.86 4.76 159957
20150126 4.80 4.92 4.95 4.78 253783
20150127 4.92 4.88 4.94 4.81 144490
20150128 4.87 4.92 4.93 4.82 141492
20150129 4.90 4.85 4.93 4.82 83498
20150130 4.85 4.90 4.97 4.80 254940
20150202 4.83 4.79 4.87 4.75 157513
20150203 4.80 4.90 4.90 4.77 158888
20150204 4.88 4.80 4.91 4.80 126023
20150205 4.85 4.81 4.90 4.79 127854
20150206 4.80 4.65 4.81 4.61 137458
20150209 4.64 4.59 4.68 4.56 61147
20150210 4.60 4.67 4.68 4.56 56554
20150211 4.67 4.69 4.72 4.66 58185
20150212 4.69 4.76 4.78 4.66 98865
20150213 4.78 4.81 4.83 4.76 106543
20150216 4.85 4.95 4.98 4.82 218528
20150217 5.06 5.19 5.29 5.06 588218
20150225 5.22 5.65 5.71 5.16 1226549
20150226 5.51 5.56 5.62 5.43 679490
20150227 5.54 5.65 5.78 5.46 668849
20150302 5.64 5.68 5.76 5.54 574628
20150303 5.65 5.45 5.66 5.44 464705
20150304 5.45 5.58 5.65 5.38 457475
20150305 5.56 5.49 5.57 5.44 264033
20150306 5.51 5.56 5.65 5.44 399270
20150309 5.50 5.69 5.78 5.49 543265
20150310 5.69 5.60 5.88 5.56 565021
20150311 5.53 5.48 5.59 5.46 356827
20150312 5.49 5.46 5.58 5.40 289643
20150313 5.46 5.50 5.53 5.45 183840
20150316 5.52 5.75 5.78 5.52 528898
20150317 5.75 5.92 6.12 5.75 666755
20150318 5.92 6.05 6.09 5.86 489626
20150319 6.05 6.25 6.34 5.91 671264
20150320 6.23 6.25 6.50 6.18 615226
20150323 6.28 6.88 6.88 6.19 1099644
20150324 6.99 7.21 7.48 6.80 1624997
20150325 7.30 7.08 7.38 6.93 768863
20150326 7.05 6.79 7.05 6.78 587750
20150327 6.76 6.84 6.90 6.62 400499
20150330 6.84 6.94 7.15 6.84 496498
20150331 6.88 6.81 6.98 6.80 384711
20150401 6.82 7.14 7.20 6.82 652331
20150402 7.20 7.30 7.40 7.14 718373
20150403 7.30 7.32 7.48 7.12 662394
20150407 7.32 7.48 7.61 7.22 691180
20150408 7.47 7.17 7.47 7.04 667829
20150409 7.18 6.94 7.22 6.72 470067
20150410 6.88 7.07 7.17 6.82 352168
20150413 7.07 7.20 7.29 7.05 475738
20150414 7.20 7.38 7.46 7.15 629398
20150415 7.36 6.99 7.36 6.95 474920
20150416 6.85 7.08 7.10 6.74 399449
20150417 7.09 7.12 7.26 7.03 497954
20150420 7.09 7.01 7.25 6.87 573748
20150421 7.08 7.71 7.71 7.08 1373798
20150422 7.95 7.87 8.07 7.74 1432418
20150423 7.89 8.24 8.51 7.72 1125750
20150424 8.04 8.21 8.36 7.92 787346
20150427 8.31 8.11 8.41 8.05 679814
20150428 8.10 7.64 8.10 7.58 626439
20150429 7.59 7.78 7.82 7.48 335464
20150430 7.80 7.95 8.29 7.79 603205
20150504 7.96 8.06 8.12 7.84 400578
20150505 8.06 7.72 8.23 7.68 511982
20150506 7.70 7.18 7.95 7.00 449284
20150507 7.15 6.72 7.19 6.60 391340
20150508 6.80 7.29 7.30 6.80 484931
20150511 7.48 7.77 8.00 7.32 556835
20150512 7.80 7.81 7.96 7.69 437680
20150513 7.80 7.95 8.06 7.66 584956
20150514 7.98 8.23 8.44 7.98 779001
20150515 8.15 7.83 8.15 7.69 522283
20150518 7.86 7.91 8.28 7.86 503958
20150519 7.91 8.22 8.30 7.82 625860
20150520 8.26 8.20 8.78 8.18 1043389
20150521 8.19 8.58 8.60 8.15 800763
20150522 8.67 9.07 9.30 8.39 1181612
20150525 9.00 9.24 9.45 8.83 903515
20150526 9.25 9.90 9.98 9.15 986696
20150527 9.90 9.78 10.16 9.62 1076734
20150528 9.78 9.24 10.29 9.04 1031142
20150529 9.18 9.20 9.48 8.65 803644
20150601 9.20 9.80 9.98 9.20 715893
20150602 9.81 10.28 10.30 9.59 991566
20150603 10.45 10.59 10.85 10.12 916356
20150604 10.56 10.33 10.56 9.64 773966
20150605 10.40 10.84 10.99 10.40 944594
20150608 10.96 10.90 11.47 10.81 938277
20150609 10.85 10.57 10.85 10.40 675596
20150610 10.46 10.88 11.10 10.27 662625
20150611 10.88 11.38 11.45 10.83 799849
20150612 11.41 11.51 11.80 11.17 795074
20150615 11.66 11.22 11.72 11.15 661163
20150616 11.00 10.38 11.04 10.21 619579
20150617 10.28 11.01 11.05 10.21 577894
20150618 11.00 11.12 11.70 10.80 804598
20150619 10.70 10.02 11.00 10.01 598987
20150623 10.00 10.17 10.20 9.02 524870
20150624 10.34 10.32 10.50 9.90 520706
20150625 10.32 9.60 10.32 9.35 504494
20150626 9.29 8.64 9.32 8.64 472315
20150629 8.90 7.78 9.00 7.78 580817
20150630 7.70 8.24 8.37 7.00 653031
20150701 8.25 7.49 8.43 7.44 515635
20150702 7.46 6.74 7.60 6.74 570126
20150703 6.50 6.07 6.80 6.07 487864
20150706 6.68 5.50 6.68 5.46 706471
20150707 5.30 4.95 5.30 4.95 288538
20150708 4.46 4.46 4.65 4.46 425994
20150709 4.16 4.91 4.91 4.16 608619
20150710 5.27 5.40 5.40 5.11 232059
20150713 5.93 5.94 5.94 5.71 548782
20150714 6.33 6.31 6.53 6.02 1178620
20150715 6.10 5.68 6.16 5.68 621301
20150716 5.29 5.91 6.12 5.15 568586
20150717 5.92 6.30 6.40 5.91 570525
20150720 6.30 6.38 6.58 6.21 596350
20150721 6.39 6.50 6.57 6.25 524448
20150722 6.45 6.49 6.57 6.25 533556
20150723 6.50 6.89 6.98 6.41 694918
20150724 6.84 6.89 7.12 6.77 843910
20150727 6.87 6.22 7.14 6.20 973408
20150728 5.86 6.26 6.50 5.65 643871
20150729 6.40 6.73 6.80 5.99 557951
20150730 6.65 6.31 6.84 6.30 547178
