20140102 6.58 6.60 6.64 6.52 11830
20140103 6.60 6.47 6.60 6.42 13470
20140106 6.42 6.24 6.43 6.22 15164
20140107 6.25 6.37 6.40 6.18 15402
20140108 6.34 6.34 6.44 6.29 8123
20140109 6.37 6.13 6.43 6.00 15247
20140110 6.11 5.92 6.17 5.90 20577
20140113 5.93 5.89 5.98 5.87 7692
20140114 5.91 5.99 5.99 5.85 9024
20140115 5.97 6.02 6.02 5.88 14341
20140116 5.99 6.01 6.06 5.96 12406
20140117 5.98 5.91 6.01 5.88 9243
20140120 5.91 5.93 5.95 5.88 6901
20140121 5.91 5.97 6.00 5.91 8641
20140122 5.96 6.11 6.11 5.96 16316
20140123 6.08 6.06 6.16 6.06 12632
20140124 6.08 6.19 6.19 6.05 18231
20140127 6.16 6.14 6.19 6.09 10419
20140128 6.12 6.13 6.22 6.10 10989
20140129 6.18 6.16 6.22 6.10 9521
20140130 6.16 6.18 6.22 6.12 7858
20140207 6.12 6.22 6.26 6.12 11009
20140210 6.22 6.35 6.36 6.22 22656
20140211 6.32 6.32 6.38 6.30 18766
20140212 6.33 6.38 6.39 6.30 17779
20140213 6.37 6.31 6.45 6.30 25214
20140214 6.30 6.37 6.38 6.27 20643
20140217 6.39 6.42 6.42 6.34 23778
20140218 6.42 6.36 6.42 6.33 17828
20140219 6.36 6.38 6.46 6.34 27833
20140220 6.40 6.34 6.43 6.33 27510
20140221 6.34 6.38 6.41 6.32 21506
20140224 6.38 6.28 6.38 6.21 22690
20140225 6.27 6.00 6.29 5.98 27757
20140226 5.95 6.00 6.02 5.88 24965
20140227 5.99 5.92 6.07 5.89 16346
20140228 5.94 5.99 5.99 5.90 14772
20140303 6.00 6.11 6.13 5.99 18848
20140304 6.12 6.13 6.15 6.07 13539
20140305 6.15 6.19 6.22 6.10 18712
20140306 6.18 6.41 6.46 6.17 51634
20140307 6.36 6.30 6.44 6.30 32947
20140310 6.30 6.19 6.30 6.14 22423
20140311 6.18 6.20 6.28 6.13 11098
20140312 6.17 6.08 6.25 6.03 13751
20140313 6.08 6.13 6.18 6.05 9877
20140314 6.16 6.44 6.46 6.10 57883
20140317 6.43 6.54 6.56 6.35 34355
20140318 6.53 6.59 6.60 6.44 33130
20140319 6.55 6.69 6.72 6.45 41299
20140320 6.69 6.43 6.70 6.40 24656
20140321 6.43 6.75 6.86 6.40 48325
20140324 6.76 6.73 6.84 6.69 34732
20140325 6.74 6.71 6.84 6.63 20975
20140326 6.76 6.65 6.78 6.51 22749
20140327 6.64 6.58 6.67 6.55 16856
20140328 6.57 6.55 6.72 6.50 17129
20140815 7.15 7.15 7.15 7.15 2727
20140818 7.87 7.87 7.87 7.87 5004
20140819 8.66 8.66 8.66 8.62 93301
20140820 9.45 9.53 9.53 8.99 347359
20140821 9.94 9.56 9.95 9.22 229594
20140822 9.55 9.25 9.55 9.14 122251
20140825 9.18 9.88 10.17 9.05 217903
20140826 9.65 9.31 9.70 9.06 144524
20140827 9.37 9.22 9.43 9.11 86838
20140828 9.24 8.98 9.24 8.85 75818
20140829 8.77 8.79 8.94 8.73 61049
20140901 8.79 9.01 9.03 8.72 48889
20140902 9.00 9.15 9.18 8.90 56004
20140903 9.09 9.19 9.30 9.09 60725
20140904 9.18 9.08 9.20 8.94 64908
20140905 9.07 9.12 9.23 8.96 53624
20140909 9.14 9.50 9.50 9.14 102826
20140910 9.49 9.34 9.51 9.30 60836
20140911 9.30 9.36 9.65 9.26 64084
20140912 9.31 9.34 9.39 9.24 36825
20140915 9.49 9.56 9.62 9.37 67242
20140916 9.52 9.13 9.55 9.02 66503
20140917 9.10 9.03 9.23 8.84 42081
20140918 9.04 9.32 9.35 9.00 41464
20140919 9.30 9.37 9.55 9.26 49983
20140922 9.39 9.10 9.59 9.08 41564
20140923 9.10 9.23 9.23 9.03 22873
20140924 9.21 9.39 9.42 9.10 43813
20140925 9.44 9.47 9.60 9.32 60516
20140926 9.41 10.17 10.42 9.41 137899
20140929 10.02 10.16 10.45 10.02 84054
20140930 10.05 10.08 10.16 9.97 41762
20141008 10.14 10.30 10.48 10.10 43299
20141009 10.37 10.07 10.39 9.95 52496
20141010 10.12 9.99 10.12 9.95 30589
20141013 10.23 10.77 10.99 10.23 118001
20141014 10.58 10.80 10.90 10.48 66348
20141015 10.78 10.70 10.90 10.66 43595
20141016 10.65 10.59 10.96 10.57 51617
20141017 10.48 10.15 10.65 9.98 47413
20141020 10.16 10.30 10.38 10.01 31386
20141021 10.24 10.20 10.38 10.16 20882
20141022 10.20 10.08 10.28 10.05 18136
20141023 10.02 10.05 10.24 9.97 20607
20141024 10.06 9.60 10.75 9.60 69607
20141027 9.46 9.83 9.84 9.31 39264
20141028 9.76 10.06 10.10 9.76 32314
20141029 10.04 10.15 10.35 10.03 40852
20141030 10.19 10.10 10.35 10.08 24808
20141031 10.14 10.19 10.24 10.09 20819
20141103 10.19 10.51 10.67 10.11 52456
20141104 10.52 10.59 10.70 10.42 36282
20141105 10.66 10.64 10.74 10.50 26607
20141106 10.66 10.70 10.76 10.58 30237
20141107 10.65 10.29 10.76 10.25 40301
20141110 10.30 10.21 10.35 10.10 23934
20141111 10.19 9.94 10.27 9.75 38554
20141112 9.92 10.20 10.20 9.80 14871
20141113 10.25 10.04 10.28 10.00 22597
20141114 10.04 9.90 10.07 9.90 16030
20141117 9.94 10.04 10.20 9.94 24414
20141118 10.09 10.15 10.19 10.05 16553
20141119 10.16 10.50 10.60 10.16 36209
20141120 10.40 10.40 10.48 10.28 21351
20141121 10.40 10.42 10.51 10.21 26918
20141124 10.47 10.38 10.50 10.22 36940
20141125 10.39 10.48 10.56 10.30 33092
20141126 10.52 11.12 11.22 10.43 87228
20141223 10.01 10.01 10.94 10.01 78815
20141224 9.75 9.20 9.75 9.01 83593
20141225 9.16 9.25 9.37 8.82 58054
20141226 9.15 9.79 9.94 9.03 63139
20141229 9.83 9.41 9.83 9.35 39336
20141230 9.36 9.18 9.49 9.13 27214
20141231 9.16 9.28 9.37 9.10 23292
20150105 9.33 9.23 9.50 9.07 35679
20150106 9.22 9.15 9.38 9.04 40842
20150107 9.14 9.25 9.26 9.10 24490
20150108 9.25 9.25 9.35 9.20 27280
20150109 9.23 9.15 9.29 9.13 31514
20150112 9.16 8.85 9.16 8.81 29202
20150113 8.90 8.92 8.98 8.85 13815
20150114 8.89 8.76 8.95 8.69 20940
20150115 8.83 8.99 9.07 8.73 43332
20150116 8.91 9.25 9.40 8.90 87075
20150119 8.86 8.97 9.20 8.80 74145
20150120 8.97 9.16 9.17 8.97 41934
20150121 9.19 9.47 9.56 9.15 66358
20150122 9.53 10.18 10.26 9.40 120008
20150123 10.02 10.65 10.75 9.94 140607
20150126 10.55 10.47 10.55 10.28 85450
20150127 10.39 10.45 10.55 10.25 55825
20150128 10.38 10.68 10.73 10.15 93154
20150129 10.68 10.68 10.78 10.42 59747
20150130 10.55 10.74 10.88 10.49 71347
20150202 10.63 10.27 10.63 10.22 41687
20150203 10.29 10.34 10.49 10.17 30231
20150204 10.35 10.49 10.51 10.20 36325
20150205 10.60 10.25 10.62 10.25 22939
20150206 10.20 9.86 10.32 9.84 27808
20150209 9.90 9.62 10.01 9.60 16396
20150210 9.59 9.73 9.85 9.59 10756
20150211 9.79 10.06 10.10 9.70 19283
20150212 10.06 10.09 10.24 9.99 16733
20150213 10.12 10.19 10.34 10.10 22608
20150216 10.19 10.28 10.48 10.19 38758
20150217 10.25 10.27 10.36 10.18 16160
20150225 10.27 10.19 10.27 10.09 14090
20150226 10.19 10.19 10.35 10.10 41721
20150227 10.15 10.60 10.64 10.15 62744
20150302 10.61 10.68 10.80 10.54 70813
20150303 10.68 10.46 11.17 10.42 105149
20150304 10.50 10.57 10.65 10.29 44918
20150305 10.80 10.86 11.17 10.72 90837
20150306 10.75 10.58 10.85 10.46 50851
20150309 10.59 10.92 10.92 10.28 72292
20150310 10.93 11.00 11.09 10.70 62714
20150311 10.98 11.60 11.86 10.90 115942
20150312 11.47 11.21 11.49 11.16 70921
20150313 11.22 11.22 11.35 11.09 42749
20150316 11.26 11.59 11.70 11.22 62789
20150317 11.66 11.62 11.76 11.39 59944
20150318 11.57 12.03 12.15 11.55 85229
20150319 11.98 12.45 12.58 11.94 74716
20150320 12.98 12.34 12.99 12.21 64183
20150323 12.39 12.63 12.65 12.07 61895
20150324 12.63 13.27 13.70 12.38 147864
20150325 13.20 13.34 13.64 12.85 77739
20150326 13.19 13.09 13.42 13.06 43961
20150327 13.49 13.23 13.50 13.15 35942
20150330 13.30 13.02 13.42 12.92 64057
20150331 13.06 13.20 13.24 12.65 88252
20150401 13.18 13.24 13.30 13.07 45874
20150402 13.29 13.80 14.16 13.06 92009
20150403 13.68 13.68 13.89 13.53 52274
20150407 13.67 13.71 13.79 13.54 56032
20150408 13.72 13.99 14.05 13.60 87171
20150409 13.96 14.12 14.18 13.20 107584
20150410 14.40 14.09 14.40 13.98 87322
20150413 14.11 14.18 14.20 13.83 73793
20150414 14.10 13.94 14.13 13.82 51596
20150415 13.87 13.66 13.93 13.20 72544
20150416 13.40 13.49 13.74 13.21 48143
20150417 13.58 13.42 13.60 13.42 46296
20150420 13.26 12.99 13.42 12.97 61995
20150421 12.88 13.52 13.57 12.88 64069
20150422 13.52 13.91 14.09 13.39 76196
20150423 14.05 13.80 14.05 13.70 70576
20150424 13.90 14.37 14.63 13.52 108123
20150427 14.38 14.32 14.65 14.16 78240
20150428 14.40 13.85 14.49 13.70 57224
20150429 13.75 15.17 15.17 13.75 114749
20150430 15.06 14.96 15.40 14.65 78457
20150504 14.83 14.76 14.90 14.32 59530
20150505 14.80 15.25 15.69 14.39 92003
20150506 15.17 15.60 15.95 14.92 101944
20150507 15.25 14.48 15.65 14.48 64446
20150508 14.60 14.71 14.90 14.22 53218
20150511 14.74 15.40 15.46 14.53 68746
20150512 15.49 16.19 16.47 15.15 106612
20150513 16.02 15.78 16.23 15.00 77030
20150514 15.79 17.09 17.36 15.59 107624
20150515 16.74 16.76 17.16 16.35 78276
20150518 16.69 16.78 17.50 16.53 66282
20150519 16.81 16.99 17.17 16.55 58510
20150520 16.86 17.15 17.74 16.86 60430
20150521 17.05 17.81 18.06 17.05 65918
20150522 18.00 17.98 18.28 17.41 76287
20150525 17.95 18.13 18.30 17.65 82958
20150526 18.90 18.84 19.88 18.82 117049
20150527 18.60 19.76 20.49 18.59 120436
20150528 19.50 17.78 19.71 17.78 97413
20150529 17.57 17.44 18.10 16.02 74561
20150601 17.50 18.47 18.50 17.50 73648
20150602 18.69 19.34 19.35 18.50 73206
20150603 19.34 20.05 20.20 19.34 101801
20150604 20.00 19.39 20.00 18.09 74995
20150605 19.59 19.89 20.22 18.35 98679
20150608 19.74 19.50 20.00 19.20 64359
20150609 19.50 20.90 20.90 19.30 117418
20150610 20.00 21.34 21.69 19.67 118742
20150611 21.28 23.47 23.47 20.75 106276
20150612 22.88 23.40 25.00 22.60 141983
20150615 23.25 24.00 24.98 22.30 127481
20150616 23.65 21.93 24.00 21.60 93680
20150617 21.90 22.45 22.62 20.30 75459
20150618 22.41 21.90 23.34 21.00 79299
20150619 21.00 19.71 21.50 19.71 68319
20150623 19.30 18.91 20.00 17.74 70734
20150624 19.03 19.93 20.01 18.72 88887
20150625 19.90 19.19 20.48 18.80 81133
20150626 18.20 17.27 18.65 17.27 69905
20150629 17.99 15.54 17.99 15.54 79106
20150630 14.60 16.07 16.20 13.99 104732
20150701 15.82 14.46 16.10 14.46 81511
20150702 14.30 13.01 14.44 13.01 64644
20150703 11.72 11.71 12.68 11.71 73750
20150706 12.80 10.54 12.80 10.54 79855
20150707 9.49 9.49 9.49 9.49 14484
20150714 10.44 10.44 10.44 10.44 952
20150715 11.48 11.48 11.48 11.02 239604
20150716 10.50 11.28 11.87 10.33 184048
20150717 11.30 12.25 12.41 11.30 155278
20150720 12.43 13.48 13.48 12.20 195481
20150721 13.74 14.83 14.83 12.98 189968
20150722 13.60 14.84 15.48 13.60 287046
20150723 14.36 15.00 15.28 14.25 224106
20150724 15.00 14.08 15.18 13.98 179214
20150727 13.68 12.67 14.77 12.67 162644
20150728 11.79 12.05 12.98 11.46 146378
20150729 12.40 13.26 13.26 11.90 130238
20150730 13.28 12.80 14.29 12.80 141229
