20140102 4.48 4.50 4.52 4.43 7040
20140103 4.49 4.46 4.49 4.42 7934
20140106 4.45 4.31 4.45 4.30 9096
20140107 4.28 4.31 4.34 4.26 4714
20140108 4.31 4.24 4.33 4.24 10179
20140109 4.28 4.19 4.28 4.19 9872
20140110 4.19 4.08 4.19 4.07 7170
20140113 4.07 4.11 4.13 4.01 5759
20140114 4.09 4.19 4.19 4.08 5426
20140115 4.14 4.18 4.22 4.14 6349
20140116 4.20 4.29 4.32 4.17 9052
20140117 4.26 4.27 4.30 4.23 4238
20140120 4.29 4.22 4.29 4.20 3679
20140121 4.22 4.26 4.29 4.20 5152
20140122 4.29 4.33 4.34 4.24 9360
20140123 4.30 4.32 4.33 4.30 5913
20140124 4.30 4.39 4.39 4.30 10600
20140127 4.36 4.40 4.40 4.33 7149
20140128 4.36 4.36 4.40 4.35 5725
20140129 4.36 4.38 4.40 4.35 6419
20140130 4.36 4.41 4.43 4.36 6818
20140207 4.35 4.46 4.47 4.30 6934
20140210 4.46 4.62 4.63 4.42 23989
20140211 4.60 4.78 5.07 4.60 50859
20140212 4.80 4.80 4.81 4.75 24336
20140213 4.80 4.71 4.81 4.70 23735
20140214 4.70 4.79 4.80 4.67 12842
20140217 4.77 4.78 4.82 4.76 15470
20140218 4.78 4.79 4.79 4.71 19522
20140219 4.82 4.93 5.00 4.79 47130
20140220 4.92 4.90 5.10 4.90 50175
20140221 4.90 4.73 4.92 4.69 32070
20140224 4.72 4.77 4.82 4.61 18510
20140225 4.76 4.58 4.78 4.57 14964
20140226 4.59 4.68 4.71 4.56 12652
20140227 4.66 4.67 4.74 4.64 13229
20140228 4.69 4.67 4.72 4.55 17451
20140423 5.14 5.14 5.14 5.14 3455
20140424 5.65 5.65 5.65 5.65 10690
20140425 6.22 6.22 6.22 6.00 488311
20140428 5.95 5.79 6.09 5.72 264668
20140429 5.85 5.77 5.95 5.58 190645
20140430 5.80 5.64 5.81 5.51 159318
20140505 5.64 5.76 5.81 5.56 124496
20140506 5.70 5.89 6.07 5.57 197633
20140507 5.80 5.63 5.88 5.60 124682
20140508 5.61 6.19 6.19 5.61 279476
20140509 6.10 5.96 6.15 5.88 197116
20140512 5.90 5.96 6.00 5.74 143408
20140513 5.90 5.89 5.94 5.77 85118
20140514 5.85 6.06 6.23 5.83 157135
20140515 5.94 5.75 5.97 5.61 117598
20140516 5.77 5.84 5.88 5.63 69893
20140519 5.76 5.84 6.00 5.75 70101
20140520 5.87 6.07 6.16 5.78 119838
20140521 5.98 6.14 6.47 5.94 232508
20140522 6.02 6.27 6.55 6.01 237694
20140523 6.18 6.16 6.21 6.03 122702
20140526 6.10 6.14 6.16 6.02 92441
20140527 6.10 6.00 6.24 5.98 87623
20140528 5.95 5.94 5.96 5.79 99014
20140529 5.92 5.75 5.94 5.75 73318
20140530 5.75 5.84 5.85 5.70 38012
20140603 5.81 5.78 5.86 5.77 40008
20140604 5.78 5.68 5.78 5.56 55263
20140605 5.65 5.76 5.80 5.60 44170
20140606 5.76 5.81 5.88 5.72 37764
20140609 5.80 5.72 5.88 5.71 29158
20140610 5.71 5.77 5.81 5.70 30452
20140611 5.80 5.93 6.00 5.73 93257
20140612 6.12 6.03 6.22 5.96 135317
20140613 5.93 5.88 5.96 5.69 94798
20140616 5.83 5.88 5.91 5.80 42940
20140617 5.90 5.98 5.98 5.76 66980
20140618 5.95 6.05 6.09 5.92 87370
20140619 6.01 5.75 6.07 5.73 68245
20140620 5.66 5.80 5.80 5.65 27223
20140623 5.93 5.84 5.93 5.80 35222
20140624 5.86 5.95 5.98 5.81 43015
20140625 5.97 5.98 6.02 5.91 41491
20140626 6.00 6.00 6.10 5.96 67077
20140627 6.03 6.12 6.19 6.00 81441
20140630 6.15 6.14 6.16 6.03 59336
20140701 6.15 6.14 6.18 6.05 57015
20140702 6.19 6.07 6.19 6.04 52729
20140703 6.10 6.26 6.27 5.99 98138
20140704 6.23 6.11 6.30 6.11 65795
20140707 6.11 6.08 6.14 6.03 38863
20140708 6.08 6.09 6.11 6.01 39834
20140709 6.10 5.90 6.13 5.85 73324
20140710 5.86 5.92 5.97 5.82 29132
20140711 5.93 5.99 6.02 5.91 31068
20140714 6.17 6.31 6.39 6.12 162784
20140715 6.22 6.32 6.46 6.16 116212
20140716 6.32 6.43 6.52 6.26 126514
20140717 6.60 6.51 7.00 6.45 184741
20140718 6.43 6.31 6.56 6.31 114129
20140721 6.38 6.35 6.39 6.23 60397
20140722 6.32 6.38 6.41 6.27 59072
20140723 6.37 6.22 6.37 6.20 58109
20140724 6.24 6.18 6.27 6.10 44603
20140725 6.17 6.22 6.28 6.16 49842
20140728 6.22 6.41 6.42 6.22 63428
20140729 6.41 6.56 6.56 6.41 77285
20140730 6.57 6.52 6.63 6.47 69806
20140731 6.53 6.41 6.53 6.35 149868
20140801 6.41 6.40 6.51 6.37 97610
20140804 6.42 6.68 6.68 6.42 153773
20140805 6.67 6.73 6.73 6.57 107831
20140806 6.70 6.72 6.88 6.66 106909
20140807 6.73 6.88 6.98 6.65 152058
20140808 6.90 7.15 7.16 6.86 156425
20140811 7.37 7.11 7.48 7.06 163708
20140812 7.16 7.72 7.80 7.07 278513
20140813 7.60 7.73 7.76 7.50 194790
20140814 7.63 7.26 7.71 7.23 173423
20140815 7.30 7.21 7.33 7.15 117115
20140818 7.23 7.26 7.31 7.16 104503
20140819 7.27 7.11 7.28 7.03 144045
20140820 7.10 7.09 7.14 7.00 73295
20140821 7.09 7.17 7.17 7.04 64715
20140822 7.18 7.15 7.22 7.13 63751
20140825 7.15 7.20 7.24 7.13 56076
20140826 7.20 6.85 7.20 6.83 96314
20140827 6.85 6.89 6.89 6.81 43827
20140828 6.86 6.68 6.93 6.65 51399
20140829 6.67 6.78 6.80 6.60 42585
20140901 6.78 6.96 7.02 6.78 47385
20140902 6.98 7.05 7.08 6.98 54008
20140903 7.06 7.06 7.10 7.01 53750
20140904 7.05 7.12 7.12 7.03 53481
20140905 7.12 7.17 7.23 7.10 66518
20140909 7.16 7.26 7.28 7.11 79975
20140910 7.25 7.19 7.26 7.12 61515
20140911 7.20 7.12 7.25 7.10 82457
20140912 7.12 7.20 7.22 7.09 51973
20140915 7.27 7.48 7.48 7.27 153445
20140916 7.50 7.17 7.54 7.10 94498
20140917 7.17 7.21 7.25 7.10 57891
20140918 7.19 7.27 7.27 7.13 53540
20140919 7.26 7.31 7.35 7.19 57203
20140922 7.30 7.18 7.35 7.10 77933
20140923 7.17 7.23 7.27 7.14 56639
20140924 7.20 7.30 7.31 7.10 67217
20140925 7.30 7.29 7.43 7.25 72128
20140926 7.26 7.31 7.35 7.22 37730
20140929 7.31 7.42 7.42 7.31 76621
20140930 7.42 7.56 7.56 7.39 103589
20141008 7.60 7.74 7.76 7.58 97145
20141009 7.77 7.62 7.77 7.52 86126
20141010 7.59 7.47 7.59 7.43 85116
20141013 7.47 7.53 7.54 7.39 52736
20141014 7.52 7.44 7.53 7.40 59799
20141015 7.43 7.42 7.46 7.33 48923
20141016 7.38 7.28 7.45 7.28 51354
20141017 7.28 7.19 7.36 7.06 52983
20141020 7.18 7.28 7.28 7.18 33732
20141021 7.27 7.20 7.31 7.20 32363
20141022 7.18 7.17 7.29 7.16 28373
20141023 7.20 7.01 7.22 6.99 43831
20141024 7.01 6.88 7.07 6.83 36220
20141027 6.86 6.96 6.98 6.79 34473
20141028 6.95 7.16 7.16 6.94 36546
20141104 7.88 7.65 7.88 7.34 309496
20141105 7.58 7.48 7.58 7.39 97334
20141106 7.42 7.49 7.49 7.36 69026
20141107 7.48 7.31 7.56 7.31 69508
20141110 7.30 7.34 7.40 7.24 69802
20141111 7.33 7.02 7.35 7.00 75972
20141112 6.97 7.17 7.17 6.97 38060
20141113 7.19 7.06 7.19 7.00 47943
20141114 7.08 7.11 7.11 6.96 28613
20141117 7.12 7.16 7.18 7.00 38535
20141118 7.13 7.18 7.19 7.11 23630
20141119 7.15 7.20 7.22 7.13 31256
20141120 7.19 7.17 7.19 7.15 19289
20141121 7.17 7.19 7.19 7.10 27628
20141124 7.23 7.29 7.37 7.22 75685
20141125 7.30 7.43 7.48 7.27 82453
20141126 7.46 7.38 7.48 7.30 54210
20141127 7.40 7.45 7.49 7.36 79149
20141128 7.51 7.52 7.60 7.42 105095
20141201 7.55 7.41 7.56 7.37 64562
20141202 7.40 7.45 7.47 7.34 54308
20141203 7.44 7.47 7.47 7.36 79716
20141204 7.47 7.51 7.55 7.45 97118
20141205 7.55 7.19 7.56 7.15 106209
20141208 7.15 7.23 7.25 7.09 75806
20141209 7.20 7.00 7.20 7.00 81347
20141210 7.02 7.30 7.33 7.01 66951
20141211 7.28 7.46 7.58 7.21 81744
20141212 7.42 7.44 7.48 7.35 58548
20141215 7.45 7.61 7.62 7.38 107355
20141216 7.56 7.52 7.64 7.47 72449
20141217 7.51 7.36 7.52 7.31 53022
20141218 7.36 7.34 7.46 7.33 31188
20141219 7.35 7.21 7.38 7.15 44362
20141222 7.21 7.04 7.21 6.98 62822
20141223 7.06 7.02 7.13 6.99 28429
20141224 7.03 7.16 7.16 7.03 33089
20141225 7.15 7.19 7.22 7.14 31596
20141226 7.19 7.20 7.21 7.13 34443
20141229 7.20 7.13 7.21 7.09 37600
20141230 7.13 7.07 7.16 7.03 36775
20141231 7.07 7.09 7.10 7.00 41432
20150105 7.10 7.19 7.22 7.03 50397
20150106 7.13 7.30 7.32 7.11 59803
20150107 7.32 7.24 7.34 7.17 37410
20150108 7.21 7.21 7.26 7.17 31041
20150109 7.20 7.16 7.25 7.16 33959
20150112 7.14 6.91 7.14 6.90 45868
20150113 6.90 6.98 6.98 6.90 20315
20150114 6.98 6.94 7.04 6.92 18291
20150115 6.96 7.02 7.02 6.95 19193
20150116 7.04 7.04 7.05 6.97 27559
20150119 6.97 6.77 6.97 6.69 39132
20150120 6.79 6.95 6.95 6.78 34121
20150121 7.00 7.19 7.21 7.00 70176
20150122 7.16 7.22 7.25 7.11 55100
20150123 7.22 7.15 7.26 7.13 41715
20150126 7.14 7.36 7.38 7.14 77889
20150127 7.36 7.35 7.42 7.26 68835
20150128 7.32 7.29 7.39 7.28 54830
20150129 7.26 7.26 7.32 7.23 37395
20150130 7.29 7.19 7.30 7.14 36123
20150202 7.15 7.18 7.22 7.12 30707
20150203 7.20 7.23 7.25 7.15 31951
20150204 7.23 7.20 7.29 7.18 28084
20150205 7.25 7.09 7.28 7.08 39745
20150206 7.08 7.17 7.21 7.03 45398
20150209 7.11 7.14 7.26 7.11 24373
20150210 7.14 7.10 7.19 7.09 23156
20150211 7.11 7.13 7.14 7.08 20004
20150212 7.15 7.26 7.27 7.09 43365
20150213 7.30 7.31 7.37 7.27 59093
20150216 7.33 7.36 7.39 7.32 47558
20150217 7.40 7.36 7.40 7.33 44079
20150225 7.38 7.41 7.47 7.33 60205
20150226 7.38 7.45 7.45 7.36 51460
20150227 7.46 7.69 7.69 7.46 141085
20150302 8.20 8.30 8.42 7.76 270432
20150303 8.31 8.08 8.39 8.08 152141
20150304 8.04 8.07 8.15 7.91 95196
20150305 8.08 8.10 8.23 8.01 87470
20150306 8.10 7.93 8.19 7.86 72302
20150309 7.93 8.59 8.72 7.93 193041
20150310 8.53 8.45 8.78 8.43 131308
20150311 8.49 8.40 8.55 8.37 57040
20150312 8.42 8.48 8.75 8.40 79405
20150313 8.65 8.76 8.97 8.57 117424
20150316 8.92 9.37 9.63 8.69 174269
20150317 9.37 9.39 9.59 9.24 134896
20150318 9.38 9.41 9.48 9.27 102453
20150319 9.40 9.68 9.69 9.30 146285
20150320 9.68 9.60 9.94 9.50 98496
20150323 9.56 9.59 9.63 9.37 118392
20150324 9.75 9.30 9.75 9.12 174629
20150325 9.26 9.27 9.36 9.06 124017
20150326 9.23 9.10 9.23 9.06 103319
20150327 9.13 9.17 9.27 9.09 74331
20150330 9.18 9.50 9.65 9.18 141452
20150331 9.55 9.18 9.65 9.08 136558
20150401 9.20 9.29 9.34 9.13 99283
20150402 9.35 9.55 9.56 9.29 137734
20150403 9.50 10.37 10.45 9.44 247835
20150407 10.34 10.22 10.35 10.08 157318
20150408 10.25 10.24 10.52 10.10 145494
20150409 10.22 9.83 10.26 9.56 133863
20150410 9.83 10.04 10.05 9.63 85470
20150413 10.04 10.56 10.70 9.95 176522
20150414 10.56 10.49 10.81 10.41 163175
20150415 10.88 10.60 11.00 10.35 187675
20150416 10.41 10.68 10.78 10.31 133768
20150417 10.70 10.78 10.95 10.61 158313
20150420 10.71 10.13 10.71 10.07 155974
20150421 10.13 10.48 10.49 10.13 84483
20150422 10.52 10.79 10.87 10.52 120910
20150423 10.83 10.60 10.88 10.52 146680
20150424 10.36 10.70 10.71 10.28 115768
20150427 10.81 11.04 11.25 10.81 187194
20150428 11.05 10.63 11.12 10.50 132524
20150429 10.53 11.26 11.26 10.48 195291
20150430 11.29 11.39 11.98 11.29 251736
20150504 11.40 11.48 11.62 11.18 132369
20150505 11.40 10.91 11.49 10.86 123558
20150506 10.94 10.50 11.17 10.36 105338
20150507 10.46 10.09 10.58 10.08 87121
20150508 10.27 10.46 10.48 10.10 99264
20150511 10.49 10.90 10.96 10.39 121380
20150512 10.90 11.34 11.40 10.80 152193
20150513 11.34 11.11 11.34 10.98 134467
20150514 11.13 11.20 11.21 11.01 109732
20150515 11.24 10.60 11.24 10.55 164458
20150518 10.50 10.83 10.84 10.45 95228
20150519 10.80 11.13 11.27 10.72 154085
20150520 11.17 12.24 12.24 11.10 249061
20150521 12.56 12.73 13.17 12.39 384183
20150522 12.75 13.39 13.55 12.52 328557
20150525 13.58 13.53 13.98 13.26 298989
20150526 13.66 13.78 13.84 13.25 276291
20150527 13.70 13.59 13.70 13.30 225590
20150528 13.55 13.14 14.00 13.12 275993
20150529 13.02 13.20 13.53 12.70 177792
20150601 13.25 14.17 14.33 13.24 226298
20150602 14.26 15.06 15.35 14.10 289433
20150603 14.88 14.78 15.35 14.51 210048
20150604 14.70 14.92 15.29 13.70 217403
20150605 15.02 15.36 15.83 14.91 243014
20150608 15.32 15.70 15.89 15.10 252601
20150609 15.68 15.31 15.69 15.01 188132
20150610 15.12 15.33 15.66 14.88 157362
20150611 15.38 15.25 15.50 14.99 167290
20150612 15.15 15.31 15.34 15.01 208679
20150615 15.32 15.80 15.99 15.21 233267
20150616 15.51 14.49 15.54 14.45 187823
20150617 14.67 14.65 14.78 13.63 129574
20150618 14.60 13.83 14.69 13.80 105563
20150619 13.44 12.45 13.50 12.45 129300
20150623 12.60 12.38 12.85 11.36 130126
20150624 12.62 12.84 12.98 12.21 139029
20150625 12.84 12.70 13.36 12.38 157751
20150626 12.40 11.43 12.44 11.43 165339
20150629 11.89 10.58 11.89 10.29 177033
20150630 10.45 11.26 11.37 9.78 174193
20150701 11.29 11.01 11.99 10.85 188201
20150702 11.06 10.98 11.50 10.48 164086
20150703 11.02 10.88 11.70 9.98 169328
20150706 11.97 11.06 11.97 10.11 177169
20150707 10.58 9.95 10.80 9.95 95478
20150708 8.96 8.96 8.96 8.96 7572
20150709 8.06 9.86 9.86 8.06 293102
20150710 9.73 10.85 10.85 9.51 289290
20150713 10.80 11.79 11.80 10.80 332518
20150714 11.45 11.05 11.91 11.00 297159
20150715 10.85 9.95 10.89 9.95 177624
20150716 9.49 9.96 10.38 9.01 131935
20150717 9.96 10.46 10.68 9.91 138536
20150720 10.50 10.47 10.84 10.30 138386
20150721 10.35 10.63 10.82 10.00 130588
20150722 10.50 10.70 10.77 10.38 114202
20150723 10.80 11.14 11.26 10.64 183619
20150724 11.11 10.75 11.38 10.58 193762
20150727 10.50 9.68 10.70 9.68 137046
20150728 8.90 9.22 9.78 8.72 140972
20150729 9.38 9.67 9.70 8.98 104224
20150730 9.59 9.50 9.81 9.45 109526
