20140102 11.88 11.79 11.90 11.68 97663
20140103 11.73 11.66 11.82 11.59 92017
20140106 11.60 10.95 11.60 10.85 228938
20140107 10.97 10.67 10.97 10.52 182212
20140108 10.69 10.36 10.75 10.25 214292
20140109 10.30 10.52 10.73 10.27 202466
20140110 10.51 10.33 10.51 10.26 82994
20140113 10.37 9.85 10.41 9.68 191668
20140114 10.25 10.35 10.59 10.12 302330
20140115 10.19 10.26 10.36 9.86 508857
20140116 10.03 10.09 10.19 9.86 284391
20140117 9.97 9.66 9.98 9.65 247904
20140120 9.63 9.60 9.64 9.36 163938
20140121 9.61 9.91 9.92 9.56 214666
20140122 10.03 10.24 10.35 10.01 263648
20140123 10.30 10.24 10.50 10.15 199212
20140124 10.20 10.39 10.42 10.16 177548
20140127 10.37 10.23 10.37 10.19 117692
20140128 10.31 10.09 10.31 10.04 127740
20140129 10.15 10.08 10.19 10.05 83615
20140130 10.10 9.93 10.15 9.92 93371
20140207 9.85 9.88 9.92 9.74 147845
20140210 10.07 10.87 10.87 10.07 397967
20140211 11.20 11.11 11.56 11.02 686211
20140212 11.00 11.28 11.44 10.93 280864
20140213 11.28 11.61 11.85 11.17 400997
20140214 11.46 11.45 11.72 11.30 234556
20140217 11.50 11.52 11.64 11.32 292421
20140218 11.43 11.22 11.43 11.20 260218
20140219 11.22 11.25 11.35 11.15 221007
20140220 11.27 11.07 11.35 10.95 196561
20140221 11.01 11.41 11.43 10.93 298054
20140224 11.20 11.04 11.31 11.00 203468
20140225 11.06 10.23 11.17 10.12 323104
20140226 10.20 10.47 10.52 10.20 210190
20140227 10.60 10.26 10.85 10.20 262634
20140228 10.16 10.26 10.29 9.88 313687
20140303 10.40 10.44 10.60 10.22 193170
20140304 10.31 10.34 10.40 10.11 163749
20140305 10.39 10.33 10.55 10.19 172112
20140306 10.28 10.30 10.40 10.00 148277
20140307 10.35 10.37 10.50 10.27 155960
20140310 10.38 10.08 10.45 10.02 154290
20140311 10.00 9.90 10.07 9.80 144035
20140312 9.91 9.95 10.00 9.74 113290
20140313 9.98 10.15 10.19 9.91 154459
20140314 10.10 10.03 10.20 9.94 94966
20140317 10.03 10.24 10.30 9.98 110097
20140318 10.25 10.19 10.32 10.16 126629
20140319 10.20 9.99 10.20 9.88 141449
20140320 9.96 9.71 10.03 9.71 113288
20140321 9.69 9.92 9.95 9.45 121744
20140324 9.90 10.00 10.06 9.83 101665
20140325 9.98 10.28 10.44 9.94 248758
20140326 10.29 10.35 10.40 10.10 145337
20140327 10.30 10.16 10.31 10.10 110767
20140328 10.23 10.33 10.47 10.22 223072
20140331 10.28 10.10 10.28 10.01 121413
20140401 10.07 10.27 10.32 10.00 108497
20140402 10.35 10.23 10.41 10.15 103745
20140403 10.35 10.31 10.46 10.22 162248
20140404 10.23 10.38 10.43 10.22 100927
20140408 10.30 10.69 10.72 10.27 266047
20140409 10.72 10.83 10.84 10.59 162901
20140410 10.78 10.78 10.83 10.63 171277
20140411 10.80 10.84 11.08 10.68 186782
20140414 10.85 10.75 11.09 10.65 169729
20140415 10.71 10.45 10.71 10.43 151600
20140416 10.44 10.51 10.60 10.40 86484
20140417 10.58 10.53 10.65 10.52 69960
20140418 10.50 10.56 10.62 10.43 63989
20140421 10.50 10.35 10.70 10.35 110802
20140422 10.35 10.19 10.39 10.00 104734
20140423 10.15 10.24 10.30 10.06 76711
20140424 10.20 10.10 10.34 10.09 73938
20140425 10.15 10.01 10.18 9.95 83836
20140428 10.05 9.88 10.07 9.76 80004
20140429 9.65 9.77 9.79 9.56 128587
20140430 9.78 9.79 9.82 9.70 49426
20140505 9.80 9.87 9.87 9.70 66536
20140506 9.91 10.12 10.45 9.90 171392
20140507 10.11 9.95 10.11 9.91 103208
20140508 9.95 9.86 10.14 9.84 78842
20140509 9.92 9.85 9.92 9.68 77577
20140512 9.93 10.05 10.08 9.87 86406
20140513 10.04 9.98 10.06 9.93 57164
20140514 9.92 9.98 10.04 9.91 30624
20140515 9.97 9.78 10.00 9.77 57984
20140516 9.78 9.82 9.84 9.73 44439
20140519 10.23 10.04 10.30 9.93 177587
20140520 10.11 9.99 10.14 9.92 75138
20140521 9.92 10.04 10.05 9.82 62259
20140522 10.03 9.90 10.11 9.89 80426
20140523 9.91 9.94 9.95 9.84 60054
20140526 10.05 10.05 10.14 9.99 94928
20140527 10.02 9.96 10.05 9.94 63303
20140528 9.96 10.04 10.09 9.90 89378
20140529 10.04 9.91 10.08 9.89 92242
20140530 9.91 10.03 10.08 9.88 110746
20140603 10.03 9.94 10.06 9.93 64836
20140604 9.93 9.72 9.93 9.69 108688
20140605 9.75 9.74 9.78 9.58 100724
20140606 9.74 9.63 9.74 9.59 74098
20140609 9.62 9.60 9.67 9.59 57687
20140610 9.61 9.71 9.72 9.59 62782
20140611 9.70 9.71 9.73 9.65 51871
20140612 9.72 9.62 9.72 9.62 47268
20140613 9.59 9.77 9.79 9.59 93325
20140616 9.77 9.88 9.92 9.76 111101
20140617 9.87 9.75 9.95 9.73 95312
20140618 9.75 9.77 9.84 9.70 56750
20140619 9.74 9.45 9.78 9.32 112753
20140620 9.44 9.44 9.48 9.35 82878
20140623 9.45 9.43 9.53 9.37 61256
20140624 9.43 9.48 9.50 9.42 46706
20140625 9.48 9.40 9.48 9.38 45120
20140626 9.40 9.46 9.46 9.39 61966
20140627 9.47 9.63 9.76 9.38 167850
20140630 9.58 9.60 9.70 9.49 112309
20140701 9.67 9.64 9.74 9.59 68781
20140702 9.63 9.71 9.73 9.52 128976
20140703 9.69 9.90 10.04 9.64 258378
20140704 9.87 9.85 9.92 9.74 115872
20140707 9.85 9.74 9.88 9.70 123094
20140708 9.74 9.85 9.87 9.70 115696
20140709 9.84 9.73 9.84 9.68 107745
20140710 9.80 9.66 9.85 9.63 112489
20140711 9.68 9.74 9.83 9.68 142529
20140714 9.78 10.71 10.71 9.78 747920
20140715 10.81 10.94 11.37 10.70 753815
20140716 10.94 10.57 10.94 10.50 304232
20140717 10.36 10.27 10.54 10.16 273061
20140718 10.18 10.30 10.43 10.17 192453
20140721 10.28 10.12 10.37 10.08 262127
20140722 10.13 10.50 10.69 10.13 424404
20140723 10.43 10.24 10.47 10.20 261166
20140724 10.29 10.39 10.42 10.14 273442
20140725 10.38 10.55 10.64 10.26 309128
20140728 10.60 10.77 10.80 10.52 424038
20140729 10.79 10.87 11.08 10.57 459166
20140730 10.78 10.77 10.98 10.70 287219
20140731 10.71 11.14 11.22 10.71 452971
20140801 11.22 11.13 11.58 11.12 588692
20140804 11.16 11.53 11.68 11.16 410637
20140805 11.53 11.63 11.77 11.45 309908
20140806 11.63 11.49 11.70 11.41 246893
20140807 11.63 11.18 11.68 11.16 236466
20140808 11.20 11.46 11.50 11.17 224296
20140811 11.45 11.70 11.75 11.36 254298
20140812 11.63 11.74 11.98 11.43 244957
20140813 11.67 11.54 11.94 11.43 266870
20140814 11.53 11.33 11.73 11.28 349601
20140815 11.30 11.43 11.48 11.13 219937
20140818 11.43 11.55 11.65 11.43 195064
20140819 11.58 11.69 11.72 11.38 238449
20140820 11.66 11.72 11.86 11.62 210550
20140821 11.72 11.54 11.72 11.40 191171
20140822 11.55 11.45 11.61 11.41 132566
20140825 11.44 11.10 11.49 11.08 210951
20140826 11.10 10.80 11.18 10.70 198591
20140827 10.73 10.79 10.95 10.65 131788
20140828 10.70 10.83 10.92 10.70 98710
20140829 10.85 10.97 10.97 10.79 87511
20140901 10.97 10.98 11.06 10.91 135495
20140902 10.99 11.03 11.04 10.88 174403
20140903 11.03 11.18 11.32 10.99 224539
20140904 11.30 11.19 11.34 11.11 182626
20140905 11.25 11.44 11.57 11.09 302961
20140909 11.45 11.55 11.70 11.32 255236
20140910 11.53 11.44 11.53 11.36 118348
20140911 11.43 11.56 11.74 11.40 219351
20140912 11.53 11.57 11.58 11.41 138772
20140915 11.61 11.37 11.65 11.31 254579
20140916 11.42 10.91 11.42 10.90 254376
20140917 10.89 10.96 10.98 10.82 138799
20140918 10.93 10.99 11.05 10.88 99169
20140919 11.00 11.03 11.07 10.88 96027
20140922 10.99 10.93 11.13 10.82 107272
20140923 10.95 10.98 11.01 10.79 119384
20140924 10.91 11.11 11.14 10.88 166988
20140925 11.11 11.10 11.31 11.02 182977
20140926 11.09 11.07 11.14 10.98 144422
20140929 11.07 11.11 11.19 11.04 141836
20140930 11.13 11.10 11.17 11.08 132106
20141008 11.12 11.31 11.38 11.12 229374
20141009 11.37 11.30 11.37 11.16 208066
20141010 11.23 11.12 11.30 11.06 208452
20141013 11.20 11.64 11.77 11.20 632046
20141014 11.57 11.60 11.95 11.44 390648
20141015 11.45 11.79 11.85 11.31 368174
20141016 11.75 11.45 11.83 11.45 252871
20141017 11.40 12.18 12.60 11.20 525479
20141020 12.18 12.80 12.92 12.17 770645
20141021 12.80 12.53 12.95 12.48 445920
20141022 12.50 12.32 12.63 12.17 248404
20141023 12.25 12.38 12.52 12.03 261296
20141024 12.35 12.21 12.45 12.16 146557
20141027 12.19 12.46 12.68 12.15 193249
20141028 12.44 12.66 12.72 12.26 265261
20141029 12.60 12.49 12.64 12.27 340559
20141030 12.36 12.95 13.18 12.21 526986
20141031 12.84 12.98 13.35 12.78 402429
20141103 12.99 12.76 13.13 12.73 233429
20141104 12.69 12.44 12.78 12.39 236445
20141105 12.36 12.46 12.53 12.32 127621
20141106 12.49 12.18 12.53 12.07 262646
20141107 12.20 12.10 12.25 11.91 250057
20141110 12.15 12.17 12.30 12.07 294716
20141111 12.20 11.92 12.49 11.85 389787
20141112 11.86 11.90 12.06 11.71 234284
20141113 11.91 11.78 12.00 11.71 237326
20141114 11.79 11.81 11.94 11.68 208192
20141117 11.92 11.90 12.07 11.75 219473
20141118 11.92 12.05 12.18 11.86 214751
20141119 12.21 11.97 12.25 11.90 173538
20141120 11.91 11.88 12.02 11.74 122798
20141121 11.87 11.91 11.94 11.79 112644
20141124 11.93 12.04 12.20 11.92 269230
20141125 12.00 12.18 12.19 12.00 197723
20141126 12.21 12.18 12.40 12.05 301828
20141127 12.19 12.45 12.45 12.14 366476
20141128 12.44 12.65 12.75 12.34 469905
20141201 12.67 12.33 12.67 12.31 276786
20141202 12.26 12.44 12.55 12.26 235719
20141203 12.39 13.04 13.16 12.34 692659
20141204 13.00 13.18 13.24 12.85 442721
20141205 13.16 13.74 13.85 12.90 839867
20141208 13.54 13.70 13.92 13.38 511517
20141209 13.63 12.88 14.15 12.83 645710
20141210 12.89 13.46 13.60 12.84 342653
20141211 13.40 14.00 14.22 13.31 471213
20141212 14.00 13.88 14.45 13.70 287273
20141215 13.90 13.90 14.04 13.59 202993
20141216 13.89 14.27 14.42 13.76 318277
20141217 14.45 15.70 15.70 14.45 897468
20141218 16.00 16.02 16.60 15.70 957972
20141219 16.08 16.40 16.80 15.73 568948
20141222 16.40 15.30 16.53 15.19 439769
20141223 15.40 15.11 15.77 15.01 240305
20141224 15.12 14.81 15.44 14.49 265452
20141225 14.81 15.56 15.57 14.68 326702
20141226 15.70 16.14 16.40 15.56 436795
20141229 16.43 15.54 16.70 15.34 386759
20141230 15.20 15.06 15.45 14.60 319299
20141231 15.07 15.14 15.37 14.85 188441
20150105 15.14 15.96 16.40 15.14 384832
20150106 15.75 16.95 17.50 15.72 692646
20150107 16.66 17.03 17.38 16.44 398780
20150108 16.96 16.97 17.59 16.68 342815
20150109 16.95 16.97 17.50 16.56 396682
20150112 16.90 17.40 17.51 16.61 359825
20150113 17.33 16.98 17.33 16.91 227087
20150114 16.98 16.41 17.02 16.39 167787
20150115 16.36 16.78 16.86 16.32 122678
20150116 16.91 17.06 17.58 16.90 183926
20150119 16.27 15.68 17.06 15.35 308289
20150120 15.68 16.18 16.58 15.68 199044
20150121 16.25 16.64 16.70 16.12 175306
20150122 16.70 16.55 16.97 16.38 123007
20150123 16.59 16.31 16.86 16.20 137907
20150126 16.32 16.74 16.74 16.19 123394
20150127 16.81 17.91 18.16 16.81 441077
20150128 17.65 17.73 18.05 17.50 154307
20150129 17.47 17.60 17.85 17.36 118061
20150130 17.70 17.78 18.35 17.61 161871
20150202 17.05 17.20 17.70 17.05 151436
20150203 17.46 17.01 17.50 16.56 188912
20150204 16.99 16.88 17.30 16.81 77481
20150205 17.10 16.58 17.15 16.56 109792
20150206 16.58 16.40 16.80 16.30 85910
20150209 16.20 16.25 16.54 16.19 68980
20150210 16.50 17.88 17.88 16.25 294269
20150211 18.05 18.01 18.50 17.86 252919
20150212 18.02 17.95 18.19 17.64 101448
20150213 18.01 18.11 18.60 17.90 194828
20150216 18.08 18.12 18.27 17.70 132674
20150217 18.20 18.22 18.84 17.96 146743
20150225 18.25 18.48 18.54 17.90 132418
20150226 18.42 18.40 18.47 18.00 111928
20150227 18.37 18.57 18.85 18.19 169686
20150302 18.58 19.63 19.78 18.47 310092
20150303 19.40 18.75 19.44 18.70 284753
20150304 18.80 18.95 19.37 18.79 145188
20150305 18.95 18.76 18.96 18.50 130784
20150306 18.75 18.78 19.20 18.50 117089
20150309 18.70 19.01 19.20 18.30 129226
20150310 19.00 19.56 19.75 18.76 176475
20150311 19.35 19.27 19.77 19.07 122080
20150312 19.25 19.24 19.39 19.01 111281
20150313 19.26 19.27 19.38 19.10 84992
20150316 18.61 18.90 19.23 18.18 655484
20150317 18.90 18.96 19.09 18.48 561638
20150318 18.80 18.85 18.99 18.60 341765
20150319 18.80 18.60 18.85 18.46 294500
20150320 18.60 18.37 18.77 18.25 379010
20150323 18.36 18.62 18.69 18.36 356182
20150324 18.64 18.35 18.67 18.05 445749
20150325 18.22 18.48 18.57 18.20 337205
20150326 18.55 18.31 18.56 18.12 348435
20150327 18.31 18.25 18.44 18.11 236607
20150330 18.40 18.97 18.99 18.31 564976
20150331 19.00 19.60 19.99 18.64 725987
20150401 19.90 19.72 20.19 19.45 489759
20150402 19.85 19.64 19.91 19.30 335192
20150403 19.52 19.52 19.76 19.25 297551
20150407 19.51 19.17 19.51 18.60 708294
20150408 19.00 18.75 19.00 18.50 491565
20150409 18.71 19.25 19.25 18.52 485618
20150410 19.12 19.23 19.35 19.00 351487
20150413 19.85 19.11 20.28 18.99 1058379
20150414 19.09 18.80 19.15 18.51 499102
20150415 18.74 18.21 18.75 18.15 404719
20150416 18.19 18.47 18.67 18.02 458467
20150417 18.47 18.86 19.18 18.41 572759
20150420 18.86 20.75 20.75 18.46 1282826
20150421 21.30 21.68 22.70 21.00 1005043
20150422 21.65 22.95 23.42 21.40 755648
20150423 22.91 22.78 23.33 22.06 613073
20150424 22.36 24.15 24.24 22.11 674223
20150427 24.00 23.67 24.38 23.33 572156
20150428 23.45 21.79 23.47 21.53 755245
20150429 21.50 23.97 23.97 21.50 807680
20150430 24.50 23.52 24.80 23.52 561841
20150504 24.99 25.87 25.87 24.40 686860
20150508 23.47 24.20 24.60 23.47 837561
20150511 24.10 25.68 26.36 24.10 577942
20150512 25.41 26.16 27.28 24.60 768473
20150513 25.61 25.62 27.00 25.38 626823
20150514 25.85 25.95 26.90 25.65 475930
20150515 25.80 24.96 25.85 24.35 519222
20150518 24.51 23.79 24.55 23.73 445612
20150519 23.57 23.83 24.18 23.51 507296
20150520 23.70 24.18 24.77 23.65 476945
20150521 24.40 24.10 24.40 23.75 399420
20150522 24.42 24.80 24.88 24.21 490561
20150525 25.07 25.90 26.57 25.07 609919
20150526 25.96 26.46 26.65 25.20 627993
20150527 26.26 25.67 26.26 25.50 510032
20150528 25.42 23.25 26.10 23.20 590075
20150529 23.27 22.74 23.77 21.50 418475
20150601 22.78 23.76 23.95 22.74 352829
20150602 23.90 23.64 23.90 23.10 387883
20150603 23.93 25.61 25.67 23.60 606682
20150604 25.64 25.00 25.80 23.30 453589
20150605 25.11 26.18 26.95 24.80 789411
20150608 25.78 28.80 28.80 25.60 1076305
20150609 29.25 29.00 30.50 28.14 958593
20150610 28.23 28.39 29.29 27.89 551513
20150611 28.10 27.67 28.57 27.27 441258
20150612 27.47 28.20 28.88 27.39 511244
20150615 28.16 28.30 29.40 28.00 541307
20150616 27.50 26.16 27.95 26.06 433581
20150617 26.16 26.58 26.89 24.88 423134
20150618 26.60 26.00 27.40 25.70 364797
20150619 25.03 23.52 25.57 23.50 412225
20150623 23.70 25.87 25.87 22.01 544088
20150624 26.18 27.81 27.98 25.92 725804
20150625 27.31 26.59 28.59 26.21 652318
20150626 25.30 23.93 25.99 23.93 511739
20150629 24.87 23.41 24.99 21.54 591893
20150630 22.99 24.88 25.03 21.47 689364
20150701 24.20 22.39 25.24 22.39 491750
20150702 22.50 20.15 22.68 20.15 508101
20150703 19.01 18.14 20.40 18.14 489627
20150706 19.89 16.47 19.89 16.33 708700
20150707 15.38 14.82 15.60 14.82 570278
20150708 13.34 13.34 13.57 13.34 656483
20150709 13.34 14.67 14.67 12.25 551356
20150710 15.02 16.14 16.14 15.01 512620
20150713 16.53 17.75 17.75 16.30 751040
20150714 17.25 16.78 18.46 16.18 724714
20150715 16.10 15.09 16.54 15.09 364133
20150716 15.09 15.11 15.70 13.72 500923
20150717 15.35 16.20 16.41 15.26 469123
20150720 16.50 17.82 17.82 16.00 682157
20150721 17.82 17.73 18.55 17.06 650833
20150722 17.82 18.82 19.44 17.82 725260
20150723 18.60 19.08 19.58 18.50 525280
20150724 19.15 18.30 19.37 18.12 511838
20150727 17.20 16.47 18.27 16.47 503808
20150728 15.16 15.69 16.83 14.82 573296
20150729 15.98 17.14 17.26 15.20 419446
20150730 16.97 16.25 17.49 16.05 318435
