20140219 12.19 14.63 14.63 12.19 4516
20140220 16.09 16.09 16.09 16.09 3634
20140221 17.70 17.70 17.70 17.70 3113
20140224 19.47 19.47 19.47 19.47 10651
20140225 21.42 21.42 21.42 21.42 17171
20140303 23.56 23.56 23.56 23.56 3766
20140304 25.92 25.92 25.92 25.92 3860
20140305 28.51 28.51 28.51 28.51 13919
20140310 28.52 31.36 31.36 28.04 180340
20140311 31.00 28.82 32.40 28.22 135043
20140312 27.33 26.82 27.84 25.94 102670
20140313 26.00 25.50 26.48 25.08 68202
20140314 25.05 25.13 25.46 24.50 52145
20140317 24.80 25.38 25.46 24.66 46923
20140318 25.35 26.17 27.50 25.08 82929
20140319 25.45 25.11 25.48 24.70 49949
20140320 24.85 25.35 26.79 23.81 79096
20140321 24.50 24.72 25.28 23.87 41696
20140324 24.68 23.53 25.15 23.51 45410
20140325 23.10 22.97 23.55 22.80 37879
20140326 22.90 22.75 23.16 22.71 23076
20140327 22.66 21.08 22.95 21.06 39982
20140328 21.01 21.75 22.88 20.11 61649
20140331 21.28 20.30 21.43 20.12 32677
20140401 20.18 20.93 21.19 20.16 28460
20140402 20.84 23.02 23.02 20.71 68171
20140403 22.90 25.32 25.32 22.89 125460
20140404 24.70 24.34 25.80 23.11 79514
20140408 24.48 26.77 26.77 24.00 102823
20140409 27.38 27.90 29.39 26.10 131042
20140410 27.72 28.95 30.00 27.30 115465
20140411 28.30 26.42 28.79 26.30 82962
20140414 26.49 26.80 27.42 26.23 54371
20140415 26.62 27.25 27.36 26.27 50651
20140416 27.03 25.43 27.40 25.30 66049
20140417 25.30 25.00 25.96 24.88 45756
20140418 24.88 24.85 24.99 24.35 32009
20140421 24.48 27.34 27.34 24.30 95174
20140422 26.83 28.88 29.98 26.68 125174
20140423 28.55 28.89 30.50 27.80 99666
20140424 28.65 26.80 28.90 26.80 81172
20140425 26.26 29.48 29.48 26.15 91380
20140428 29.85 28.73 31.30 28.22 115833
20140429 27.00 31.60 31.60 26.36 111746
20140430 32.66 33.39 34.76 31.32 123267
20140505 33.10 33.94 36.45 32.30 120559
20140506 33.02 37.33 37.33 32.85 122001
20140507 36.99 38.81 41.00 36.41 127506
20140508 38.00 37.60 40.46 37.39 94336
20140509 36.90 36.51 39.23 34.60 97074
20140512 36.20 38.74 39.61 35.75 90316
20140513 38.10 37.02 39.88 37.00 89211
20140514 36.00 36.95 38.00 35.80 59688
20140515 36.58 37.35 38.85 36.36 68156
20140516 36.78 33.63 37.18 33.62 76389
20140519 33.63 34.16 35.19 33.60 42794
20140520 34.60 34.79 35.99 34.46 49766
20140521 34.10 34.39 34.80 32.20 43898
20140522 34.00 34.28 34.97 33.78 43249
20140523 34.30 34.63 35.28 33.91 45043
20140526 34.17 34.32 34.64 33.57 46984
20140527 34.01 33.35 34.30 33.29 35911
20140528 33.35 34.10 34.18 33.30 39548
20140529 34.22 37.51 37.51 34.22 101307
20140530 37.51 37.38 38.39 36.08 81534
20140603 37.10 36.76 38.18 36.51 53975
20140604 36.80 37.24 38.49 36.58 55688
20140605 36.00 35.74 36.80 34.70 55924
20140606 35.70 35.01 35.90 34.69 35704
20140609 35.18 33.80 35.19 33.75 34654
20140610 33.41 34.64 34.89 33.41 32091
20140611 34.32 33.82 34.50 33.35 31916
20140612 33.61 34.02 34.89 33.51 35028
20140613 33.55 34.12 34.46 33.50 27350
20140616 34.34 36.05 36.79 33.90 63332
20140617 35.50 34.67 35.75 34.25 42442
20140618 34.59 33.91 34.96 33.80 25319
20140619 33.69 31.65 34.23 31.01 30427
20140620 31.99 31.80 31.99 31.32 14155
20140623 31.80 33.20 33.70 31.79 28172
20140624 33.03 32.85 33.76 32.60 20344
20140625 32.73 33.50 33.96 32.29 33731
20140626 33.70 35.90 36.70 33.58 76915
20140627 35.44 35.03 35.97 34.60 45925
20140630 35.01 34.10 35.50 33.82 39398
20140701 33.80 34.20 34.40 33.65 24024
20140702 34.15 33.68 34.15 33.03 25743
20140703 33.65 33.50 33.90 33.21 16143
20140704 33.58 33.85 34.33 33.57 23076
20140707 33.85 32.64 34.25 32.50 26638
20140708 32.65 32.58 32.89 31.71 21492
20140709 32.38 32.00 33.10 32.00 17962
20140710 32.00 31.86 32.40 31.82 12856
20140711 32.00 32.09 32.38 31.73 11428
20140714 32.01 32.65 32.81 31.86 15751
20140715 32.74 31.37 32.75 31.02 21315
20140716 31.34 30.32 31.64 30.13 14186
20140717 30.11 29.26 30.31 28.90 18545
20140718 29.19 29.31 29.43 28.99 9714
20140721 29.40 27.90 29.41 27.30 18495
20140722 27.98 28.29 28.31 27.85 11983
20140723 28.37 26.80 28.37 26.73 22773
20140724 26.87 26.82 27.17 25.70 21798
20140725 26.80 27.03 27.15 26.51 12915
20140728 27.08 29.73 29.73 27.08 48508
20140729 30.00 30.21 31.10 29.50 46961
20140730 30.20 29.76 30.20 29.21 26307
20140731 29.55 29.67 30.29 29.45 19675
20140801 29.67 28.82 29.85 28.66 20061
20140804 28.80 28.93 28.99 28.35 21526
20140805 29.01 29.31 29.31 28.57 17285
20140806 29.31 29.04 29.34 28.92 10556
20140807 28.88 28.26 29.15 28.15 17904
20140808 28.26 28.47 28.64 28.02 10434
20140811 28.47 29.03 29.10 28.35 14796
20140812 28.98 28.83 29.06 28.70 11192
20140813 28.83 29.78 30.75 28.83 30330
20140814 29.50 29.12 29.67 29.06 15755
20140815 29.10 28.99 29.12 28.51 10953
20140818 28.80 29.58 29.60 28.80 14163
20140819 29.67 30.52 30.99 29.55 35026
20140820 30.40 30.15 30.89 29.87 29263
20140821 30.07 29.96 30.39 29.84 16249
20140822 30.15 30.23 30.55 29.90 19288
20140825 30.31 29.75 30.39 29.61 14277
20140826 29.75 28.16 29.75 28.10 17566
20140827 28.19 28.37 28.69 28.18 7007
20140828 28.37 27.83 28.64 27.78 9373
20140829 27.79 28.07 28.18 27.75 4979
20140901 28.08 28.61 28.62 28.08 6063
20140902 28.77 29.26 29.36 28.63 14208
20140903 29.47 29.41 29.48 29.11 13684
20140904 29.34 29.91 30.27 29.22 21675
20140905 29.87 29.63 29.87 29.51 14539
20140909 29.70 29.68 29.84 29.40 10319
20140910 29.69 29.86 29.86 29.32 13436
20140911 29.95 29.85 30.15 29.61 17752
20140912 29.85 29.50 29.85 29.25 13000
20140915 29.36 29.60 29.75 29.36 11490
20140916 29.70 30.90 32.50 29.57 56253
20140917 30.51 33.99 33.99 30.51 101415
20140918 34.50 33.05 34.50 32.80 66114
20140919 32.58 32.86 33.34 32.30 41292
20140922 32.55 31.50 32.55 31.37 36397
20140923 31.66 31.63 31.98 31.39 28195
20140924 31.49 31.91 31.95 30.89 28904
20140925 31.77 31.17 32.37 30.93 32117
20140926 31.00 31.31 31.61 30.73 18661
20140929 31.33 31.88 31.88 31.33 21257
20140930 31.88 31.45 32.05 31.41 18124
20141008 31.45 31.69 31.79 31.45 14806
20141009 31.76 32.53 32.66 31.75 35991
20141010 32.25 31.57 32.40 31.50 22788
20141013 31.48 31.11 31.48 30.51 16656
20141014 31.00 31.90 31.94 30.66 22478
20141015 32.20 32.20 32.36 31.68 26675
20141016 32.20 31.88 32.66 31.76 29893
20141017 31.60 33.38 33.96 31.11 65032
20141020 33.00 34.89 36.60 32.78 81742
20141021 35.89 35.44 36.76 35.00 69760
20141022 35.10 33.24 35.29 33.15 57643
20141023 33.20 31.91 33.56 31.85 33758
20141024 31.72 31.58 32.60 31.36 23552
20141027 30.98 30.11 30.98 30.00 28805
20141028 30.18 31.26 31.26 30.18 23867
20141029 31.20 31.60 32.10 31.10 27861
20141030 31.60 31.25 31.97 31.15 18168
20141031 31.25 31.47 31.64 31.01 15061
20141103 31.71 31.73 31.83 31.30 15539
20141104 31.73 31.95 32.25 31.50 18732
20141105 31.70 31.48 31.90 30.88 15431
20141106 31.51 32.30 32.45 31.10 22839
20141107 32.31 32.23 33.27 31.90 35213
20141110 31.85 32.88 32.98 31.76 24123
20141111 32.89 31.88 33.50 31.48 29838
20141112 31.60 33.65 33.65 30.92 42990
20141113 33.00 32.91 33.70 32.75 32849
20141114 32.70 30.38 32.99 30.05 31112
20141117 29.90 29.68 30.39 27.40 21915
20141118 29.45 30.31 30.31 29.03 13756
20141119 30.32 30.11 30.56 30.02 10586
20141120 29.86 29.93 30.38 29.52 8789
20141121 29.98 30.23 30.35 29.93 8764
20141124 30.50 30.31 30.75 30.20 14175
20141125 30.42 30.17 30.42 29.85 16265
20141126 30.17 30.31 30.35 30.02 11341
20141127 30.61 31.35 32.29 30.61 28089
20141128 31.34 30.64 31.34 30.41 20704
20141201 30.68 29.80 30.68 29.58 15861
20141202 29.98 30.30 30.68 29.80 12181
20141203 30.27 30.47 30.51 29.73 13412
20141204 30.50 30.58 30.98 30.27 16554
20141205 30.55 29.06 30.55 28.90 17766
20141208 29.07 29.05 29.73 29.00 10191
20141209 28.90 27.23 28.90 26.98 22314
20141210 27.24 27.84 28.00 27.00 11139
20141211 27.68 28.10 28.25 27.41 11022
20141212 28.08 28.19 28.25 27.91 7756
20141215 28.02 28.50 28.50 28.02 8018
20141216 28.50 27.99 28.55 27.91 9211
20141217 27.92 27.59 28.10 27.33 9382
20141218 27.59 27.47 27.78 27.41 8041
20141219 27.01 26.17 27.45 26.01 9758
20141222 26.13 23.73 26.16 23.60 11718
20141223 23.72 24.05 24.49 23.13 7406
20141224 24.29 24.76 24.98 24.02 7605
20141225 25.08 24.70 25.20 24.60 5076
20141226 24.70 24.09 24.73 24.07 7786
20141229 23.90 23.18 23.96 22.88 9819
20141230 23.20 23.37 23.47 23.15 4893
20141231 23.33 23.59 23.80 23.30 5226
20150105 23.76 23.70 23.80 23.27 7179
20150106 23.60 24.82 24.99 23.30 12971
20150107 24.64 24.46 24.69 24.32 6271
20150108 24.40 24.60 24.83 24.23 6321
20150109 24.60 24.33 24.85 24.33 6697
20150112 24.33 23.40 24.48 22.89 6826
20150113 23.48 24.27 24.38 23.15 7247
20150114 24.20 23.95 24.25 23.88 5304
20150115 23.80 24.10 24.25 23.80 4653
20150116 24.03 24.45 24.58 24.03 6721
20150119 24.23 24.12 25.29 23.51 12926
20150120 24.16 25.38 25.40 24.16 16837
20150121 25.30 25.91 26.38 25.16 21735
20150122 25.75 26.12 26.28 25.50 14993
20150123 26.19 25.70 26.19 25.61 8826
20150126 25.76 25.88 25.95 25.66 5655
20150127 25.88 25.70 26.05 25.30 7518
20150128 25.71 25.89 26.00 25.65 6717
20150129 25.84 25.47 25.84 25.41 5278
20150130 25.48 25.01 25.65 24.89 6564
20150202 25.00 24.88 25.00 24.55 3842
20150203 24.88 25.19 25.27 24.88 5469
20150204 25.28 25.00 25.65 25.00 5750
20150205 25.25 24.75 25.29 24.62 6084
20150206 24.71 24.00 24.97 23.85 5737
20150209 23.99 23.85 24.14 23.74 3857
20150210 23.95 24.25 24.25 23.66 3330
20150211 24.29 24.39 24.40 24.00 3886
20150212 24.30 24.61 24.80 24.25 4080
20150213 24.59 25.00 25.19 24.55 7356
20150216 24.92 27.50 27.50 24.90 34254
20150217 28.00 27.70 28.48 27.40 45127
20150225 26.48 26.03 27.11 26.03 47175
20150226 25.99 25.97 26.24 25.50 35318
20150227 25.90 26.27 26.40 25.68 33296
20150302 26.27 26.58 26.58 26.00 46395
20150303 26.53 26.10 26.55 26.05 44375
20150304 26.09 26.50 26.56 26.03 33587
20150305 26.52 26.67 26.78 26.12 41952
20150306 26.74 27.24 27.89 26.62 64049
20150309 27.19 27.26 27.63 26.81 38567
20150310 26.95 26.60 27.10 26.40 41884
20150311 26.60 27.93 27.95 26.40 54500
20150312 27.88 27.20 27.89 26.88 38934
20150313 27.30 27.43 27.49 26.95 25814
20150316 27.35 27.74 27.80 27.27 38909
20150317 27.79 28.16 28.57 27.60 62314
20150318 28.17 28.63 28.80 27.81 50169
20150319 28.64 28.36 28.69 28.06 39463
20150320 28.37 28.85 28.95 28.37 44264
20150323 29.00 29.34 29.87 29.00 54532
20150324 29.38 28.45 29.38 27.61 55357
20150325 28.33 28.90 28.98 27.95 47823
20150326 28.81 28.99 29.45 28.45 42359
20150327 28.96 29.20 29.25 28.80 33428
20150330 29.20 29.31 29.65 28.97 45904
20150331 29.00 28.79 29.22 28.19 53912
20150401 28.54 28.84 28.98 28.51 41623
20150402 28.86 30.66 31.09 28.85 100733
20150403 30.50 30.60 30.89 29.88 76245
20150407 30.59 31.15 31.33 30.39 54199
20150408 31.20 30.48 31.44 29.90 50827
20150409 30.48 29.42 30.49 28.75 45822
20150410 29.40 29.93 30.24 29.06 35141
20150413 30.00 30.70 30.94 29.80 46619
20150414 30.76 31.75 33.33 30.76 78923
20150415 31.09 31.17 31.99 30.16 45298
20150416 30.68 31.82 31.97 30.03 51151
20150417 31.85 31.15 31.99 31.08 51855
20150420 31.00 29.10 31.00 29.10 64971
20150421 28.89 29.95 29.98 28.80 31542
20150422 29.97 30.55 30.64 29.95 43039
20150423 30.54 29.93 30.54 29.50 56670
20150424 29.61 30.48 30.53 29.41 60144
20150427 30.93 33.53 33.53 30.90 187210
20150428 34.50 36.88 36.88 34.01 183136
20150429 37.50 37.09 37.99 35.31 121793
20150430 36.71 38.60 39.68 36.00 111574
20150504 37.71 38.04 38.55 37.10 68920
20150505 38.38 37.12 39.50 36.35 66985
20150506 36.95 36.81 38.25 36.40 59516
20150507 36.98 34.19 37.15 34.04 58537
20150508 34.87 37.01 37.12 34.00 70244
20150511 37.80 40.71 40.71 37.74 93117
20150512 43.80 44.78 44.78 42.35 27928
20150513 49.00 44.71 49.00 43.51 105287
20150514 43.99 44.59 45.75 42.68 45090
20150515 44.70 46.99 48.93 43.68 53092
20150518 49.22 51.69 51.69 49.00 42927
20150519 54.66 54.40 56.34 49.50 74033
20150520 54.21 55.25 58.80 52.52 48282
20150521 54.50 55.73 57.15 53.99 39064
20150522 56.01 54.80 58.80 54.69 36696
20150525 52.50 54.80 56.83 51.08 39996
20150526 55.00 58.60 60.28 54.00 66501
20150527 61.20 64.46 64.46 59.55 64084
20150528 65.00 59.01 68.15 58.10 39147
20150529 59.05 59.00 62.95 53.11 52556
20150601 61.00 64.28 64.90 59.00 48292
20150602 65.90 70.71 70.71 65.11 46635
20150603 71.70 64.80 71.99 63.64 112796
20150604 66.03 65.15 67.45 60.25 67290
20150605 65.28 63.61 67.15 61.98 33185
20150608 63.01 61.99 66.50 60.35 30995
20150609 62.00 60.41 62.95 57.71 31845
20150610 59.05 63.81 64.88 58.07 36371
20150611 63.85 67.81 69.98 63.81 53801
20150612 68.60 72.15 74.59 68.02 52271
20150615 73.77 69.00 73.89 68.48 19803
20150616 67.50 68.01 71.19 63.00 31190
20150617 67.97 69.52 70.60 63.00 27802
20150618 69.80 64.60 69.80 63.70 19140
20150619 62.00 61.00 63.33 60.00 22636
20150623 60.85 62.50 63.00 54.90 39544
20150624 61.04 63.98 64.00 60.00 22478
20150625 64.00 57.72 64.00 57.58 36079
20150626 52.90 51.95 63.21 51.95 36160
20150629 49.00 46.76 49.20 46.76 9825
20150630 42.03 48.50 49.70 42.03 75905
20150701 45.16 43.65 47.60 43.65 77982
20150702 39.38 39.29 41.47 39.29 18439
20150703 35.36 35.36 35.36 35.36 14023
20150706 38.09 31.82 38.10 31.82 44202
20150707 28.64 28.64 28.64 28.64 875
20150715 31.50 29.20 31.50 28.58 143021
20150716 26.28 29.66 30.20 26.28 133311
20150717 29.47 32.63 32.63 29.33 121604
20150720 33.57 35.00 35.68 30.00 127821
20150721 33.74 36.00 38.00 32.84 118435
20150722 35.65 35.44 36.53 34.15 74818
20150723 35.54 37.50 37.78 35.01 96160
20150724 38.25 40.97 41.25 38.20 131514
20150727 39.00 37.12 42.90 37.07 120335
20150728 33.90 37.00 40.50 33.90 112066
20150729 37.99 38.58 40.00 33.98 89306
20150730 37.40 38.58 40.99 37.10 83444
