20140102 15.18 14.83 15.18 14.66 23125
20140103 14.93 14.46 14.93 14.44 16793
20140106 14.30 14.02 14.40 13.95 23190
20140107 13.78 13.90 14.19 13.70 14528
20140108 13.91 14.00 14.18 13.90 17255
20140109 14.10 14.17 14.50 14.02 19713
20140110 14.11 13.42 14.19 13.40 21439
20140113 13.45 13.16 13.58 12.59 27261
20140114 13.18 13.40 13.40 12.81 15509
20140115 13.39 13.70 13.72 13.23 13747
20140116 13.70 13.66 13.90 13.51 11967
20140117 13.53 13.27 13.79 13.27 9484
20140120 13.28 12.90 13.39 12.86 11239
20140121 13.00 13.46 13.51 12.91 11810
20140122 13.45 13.70 13.84 13.45 14064
20140123 13.88 14.21 14.64 13.84 26653
20140124 14.03 15.63 15.63 14.03 87417
20140127 16.00 15.33 16.14 15.16 62526
20140128 15.45 15.09 15.46 14.96 36970
20140129 15.20 15.36 15.41 14.87 35554
20140130 15.44 15.00 15.44 14.59 29023
20140207 14.97 15.20 15.32 14.75 35386
20140210 15.33 16.38 16.50 15.17 74746
20140211 16.21 16.51 16.78 16.15 60972
20140212 16.41 17.40 17.88 16.28 94823
20140213 17.65 17.82 18.78 17.60 106260
20140214 17.98 18.20 18.53 17.56 84813
20140217 18.23 18.65 19.09 17.86 69005
20140218 18.51 18.18 18.52 17.69 58932
20140219 18.06 17.80 18.38 17.51 43390
20140220 17.60 17.20 17.91 16.98 45591
20140221 17.09 17.54 17.55 17.00 21514
20140224 17.60 17.43 17.61 16.75 40807
20140225 17.45 17.03 18.33 16.92 71649
20140226 16.50 17.34 17.55 16.38 32882
20140227 17.32 16.31 17.80 16.31 43897
20140228 16.35 15.90 16.69 15.30 52074
20140303 16.63 16.86 17.20 16.41 53175
20140304 16.52 17.22 17.23 16.30 38138
20140305 17.28 17.56 18.25 17.26 49395
20140306 17.57 17.05 17.71 16.96 51947
20140307 17.15 18.76 18.76 16.80 142572
20140310 18.67 18.54 19.32 18.06 114681
20140311 18.39 18.19 18.39 17.38 73080
20140312 18.00 18.77 18.88 17.70 81056
20140313 18.77 18.60 19.09 18.24 67245
20140314 18.60 18.48 18.87 18.15 46701
20140317 18.48 19.10 19.10 18.26 59389
20140318 19.20 20.08 20.35 19.01 87383
20140319 20.00 20.29 20.54 19.62 69774
20140320 20.02 19.68 20.78 19.22 57125
20140321 19.63 21.15 21.17 19.25 94926
20140324 21.30 22.16 22.70 21.15 105290
20140325 21.85 21.89 22.18 21.38 32376
20140326 21.88 22.18 22.62 21.41 34144
20140327 22.33 20.45 22.33 19.96 87772
20140328 20.44 18.43 20.44 18.41 108535
20140331 18.30 18.15 18.79 17.03 45762
20140401 17.80 18.69 18.94 17.66 42168
20140402 18.70 18.69 19.55 18.14 48896
20140403 18.41 18.49 19.00 18.33 28436
20140404 18.30 18.94 19.01 18.24 27233
20140408 18.94 19.90 20.48 18.94 46421
20140409 19.91 19.90 20.70 19.60 31292
20140410 19.92 20.05 20.52 19.71 39244
20140411 19.99 19.90 20.20 19.65 38184
20140414 19.90 20.08 20.28 19.81 16241
20140415 19.98 19.45 20.17 19.40 24567
20140416 19.60 20.17 20.25 19.38 23093
20140417 20.30 20.88 21.11 20.26 53758
20140418 20.89 20.80 21.30 20.50 31368
20140421 20.50 20.51 21.30 20.31 38158
20140422 20.61 20.81 21.18 20.50 33453
20140423 20.81 20.00 21.15 19.60 27753
20140424 20.02 19.08 20.45 18.98 48729
20140425 19.11 18.94 19.80 18.90 31216
20140428 18.94 18.97 19.34 18.08 30802
20140429 18.75 19.11 19.18 18.61 15552
20140430 19.13 19.31 19.34 18.68 15969
20140505 19.45 20.09 20.10 19.21 20147
20140506 20.12 20.20 20.64 19.97 24503
20140507 20.02 20.05 20.55 19.90 16242
20140508 19.99 20.39 20.70 19.99 27861
20140509 20.35 20.18 20.65 19.89 37129
20140512 20.29 20.35 20.61 20.18 17984
20140513 20.20 20.53 20.68 19.95 20528
20140514 20.20 20.48 20.73 20.20 8880
20140515 20.36 20.54 20.85 20.20 28000
20140516 20.60 20.35 20.75 19.78 23676
20140519 20.29 20.22 20.39 19.85 10176
20140520 20.37 19.91 20.53 19.85 9615
20140521 19.88 20.11 20.17 19.65 8713
20140522 20.14 20.11 20.50 19.91 10286
20140523 20.01 19.98 20.41 19.70 11838
20140526 20.03 19.98 20.20 19.69 16975
20140527 19.99 20.93 21.16 19.80 56920
20140528 20.91 20.93 21.12 20.56 35087
20140529 21.00 20.78 21.10 20.61 17508
20140530 20.77 20.57 21.06 20.40 11368
20140603 20.78 19.81 20.78 19.80 29040
20140604 19.81 18.06 19.81 17.86 74651
20140605 17.96 18.60 18.61 17.70 53433
20140606 18.40 18.30 18.70 18.11 19670
20140609 18.32 17.84 18.34 17.63 36213
20140610 17.86 18.19 18.28 17.81 16877
20140611 18.21 18.37 18.54 18.06 15514
20140612 18.37 18.40 18.44 18.22 10605
20140613 18.25 18.54 18.81 18.25 26978
20140616 18.48 18.15 18.65 17.93 23028
20140617 18.20 18.35 18.36 17.90 39450
20140618 18.32 18.30 18.36 17.91 24167
20140619 18.25 17.19 18.25 17.00 37651
20140620 17.14 17.55 17.55 16.85 10514
20140623 17.49 17.93 18.08 17.33 29267
20140624 17.80 17.95 18.04 17.72 9065
20140625 17.70 17.82 18.00 17.48 12124
20140626 17.82 18.00 18.02 17.78 11515
20140627 17.90 18.11 18.25 17.90 18239
20140630 18.15 17.98 18.19 17.85 27066
20140701 18.08 17.77 18.09 17.64 23512
20140702 17.77 18.65 19.35 17.73 79853
20140703 18.50 18.44 18.54 18.13 45266
20140704 18.43 18.29 18.57 17.91 45470
20140707 18.33 18.23 18.78 18.16 46144
20140708 18.22 18.00 18.34 17.76 44564
20140709 18.05 18.07 18.62 17.98 54537
20140710 18.07 18.31 18.58 17.91 54031
20140711 18.42 18.58 18.69 18.09 47066
20140714 18.71 19.00 19.18 18.58 40438
20140715 19.12 18.90 19.12 18.70 19785
20140716 18.92 18.39 18.94 18.32 27177
20140717 18.22 17.88 18.39 17.48 47740
20140718 17.88 17.98 18.20 17.68 24658
20140721 17.98 18.20 18.20 17.60 15021
20140722 18.39 18.40 18.75 18.38 33709
20140723 18.40 18.14 18.56 17.90 17771
20140724 18.14 18.18 18.25 17.72 16612
20140725 18.50 18.49 18.90 18.35 23611
20140728 18.41 18.75 18.89 18.31 29334
20140729 18.81 19.75 20.38 18.80 73041
20140730 19.76 19.93 20.20 19.51 37698
20140731 19.80 19.96 20.23 19.75 21934
20140801 19.95 19.40 20.05 19.38 23604
20140804 19.60 20.30 20.49 19.60 46896
20140805 20.18 20.29 20.69 19.82 33901
20140806 20.20 20.24 20.52 19.99 30740
20140807 20.24 20.04 20.44 20.00 15806
20140808 20.03 19.95 20.17 19.90 16678
20140811 20.13 20.34 20.36 20.06 25904
20140812 20.35 21.43 21.44 20.35 49968
20140813 21.43 21.15 21.50 20.67 47050
20140814 21.15 20.98 21.25 20.71 41194
20140815 21.10 21.08 21.64 20.93 43048
20140818 20.90 21.33 21.56 20.79 45724
20140819 21.23 21.15 21.44 20.93 26656
20140820 21.20 21.73 23.00 20.89 60752
20140821 21.31 21.37 22.00 21.04 34819
20140822 21.43 21.60 21.77 21.38 23128
20140825 21.75 21.49 21.81 21.33 27312
20140826 21.29 20.65 21.48 20.48 30268
20140827 20.70 20.61 20.85 20.61 13956
20140828 20.60 20.40 20.65 20.13 17016
20140829 20.30 20.82 20.94 20.11 12659
20140901 20.83 21.34 21.80 20.83 42320
20140902 21.36 21.79 21.90 21.20 38731
20140903 21.90 22.03 22.92 21.90 66237
20140904 21.90 21.98 22.40 21.81 45869
20140905 21.81 21.97 22.21 21.70 27312
20140909 21.99 21.82 22.08 21.66 28409
20140910 21.70 21.89 22.08 21.61 22626
20140911 21.84 21.91 22.17 21.72 25160
20140912 21.91 22.48 22.55 21.85 44146
20140915 22.39 22.36 22.58 22.06 30209
20140916 22.36 21.71 22.36 21.12 37089
20140917 21.60 21.38 21.70 21.20 28473
20140918 21.38 20.99 21.45 20.87 28108
20140919 20.90 21.21 21.35 20.80 22327
20140922 21.17 21.25 21.25 20.84 14242
20140923 21.01 21.25 21.45 21.01 35124
20140924 21.25 21.72 21.88 21.11 32529
20140925 21.80 21.73 21.95 21.66 31992
20140926 21.72 21.77 22.16 21.56 23754
20140929 21.78 21.99 22.22 21.71 32544
20140930 22.02 22.70 22.80 21.99 43415
20141008 22.65 22.95 23.24 22.56 43129
20141009 22.95 22.32 23.05 22.13 40435
20141010 22.32 22.20 22.48 22.05 26523
20141013 22.15 24.04 24.10 22.00 110593
20141014 23.66 24.63 25.15 23.55 115027
20141015 24.63 24.68 24.80 24.05 40186
20141016 24.71 25.00 25.15 24.36 50240
20141017 24.95 24.25 25.25 23.65 40035
20141020 24.35 26.68 26.68 24.05 84327
20141021 26.68 27.02 28.00 26.48 96583
20141022 27.02 26.70 27.48 26.20 41049
20141023 26.43 26.00 26.90 25.40 41579
20141024 25.95 26.07 27.09 25.77 35561
20141027 25.61 27.54 27.70 25.07 45839
20141028 27.43 27.83 28.45 27.25 48012
20141029 27.75 27.80 28.44 27.10 51124
20141030 27.50 27.13 27.85 27.00 30094
20141031 27.25 26.40 27.43 26.01 46796
20141103 26.55 27.16 27.25 26.09 32030
20141104 27.16 26.27 27.45 26.15 27305
20141105 26.64 26.41 26.94 26.27 15498
20141106 26.48 27.40 27.55 26.48 30138
20141107 27.60 26.50 27.80 26.39 29789
20141110 26.12 24.62 26.55 24.22 76753
20141111 24.58 23.50 24.63 23.38 44178
20141112 23.53 23.41 24.08 23.28 35887
20141113 23.48 22.58 23.65 21.99 68224
20141114 22.37 22.78 22.80 22.13 28850
20141117 22.78 23.38 23.68 22.65 36662
20141118 23.31 23.19 23.52 22.91 13692
20141119 23.18 23.60 23.68 22.98 20090
20141120 23.42 23.58 24.07 23.42 20295
20141121 23.48 23.70 23.89 23.46 11783
20141124 23.72 24.29 24.60 23.72 31680
20141125 24.29 24.75 24.85 24.29 22639
20141126 24.53 25.30 25.37 24.27 36545
20141127 25.16 25.96 25.97 25.16 53639
20141128 27.00 27.28 28.55 26.80 160781
20141201 26.90 26.03 26.98 25.90 73954
20141202 25.90 25.74 25.96 25.50 37950
20141203 25.69 25.46 25.76 24.65 44741
20141204 25.21 25.88 26.07 25.14 40068
20141205 25.90 26.80 27.54 24.51 89880
20141208 26.55 26.82 27.45 26.29 78803
20141209 26.63 24.14 26.93 24.14 82223
20141210 24.14 24.57 24.85 24.14 36224
20141211 24.51 25.16 25.28 24.26 33424
20141212 25.09 24.71 25.20 24.55 37447
20141215 24.60 24.97 25.09 24.20 26516
20141216 24.97 24.35 24.97 24.29 29601
20141217 24.34 23.34 24.34 22.99 46834
20141218 23.30 23.37 23.77 23.28 21320
20141219 23.30 22.82 23.30 21.87 37042
20141222 22.68 21.03 22.68 20.88 26559
20141223 21.03 20.92 21.48 20.90 18087
20141224 20.93 21.40 21.46 20.93 17572
20141225 21.52 21.77 22.09 21.50 22122
20141226 21.63 21.46 21.88 21.20 15388
20141229 21.44 20.57 21.44 20.56 22739
20141230 20.65 20.20 20.89 19.90 22077
20141231 20.24 20.65 20.65 20.04 14495
20150105 20.60 20.83 20.87 20.35 16872
20150106 20.60 21.59 21.75 20.60 29818
20150107 21.60 21.23 21.62 21.15 14371
20150108 21.23 21.02 21.25 20.75 14876
20150109 21.02 21.02 21.26 20.86 15266
20150112 21.00 20.25 21.00 20.25 13381
20150113 20.23 20.65 20.75 20.12 16858
20150114 20.69 20.82 21.27 20.64 24642
20150115 20.87 20.99 21.23 20.63 16198
20150116 20.89 21.15 21.22 20.74 18639
20150119 20.84 20.30 21.00 20.00 42430
20150120 20.30 21.27 21.27 20.30 42742
20150121 21.55 22.53 22.80 21.50 70506
20150122 22.81 22.64 22.85 22.24 33723
20150123 22.64 22.02 22.78 21.90 27792
20150126 22.18 22.53 22.80 22.18 26961
20150127 22.53 24.78 24.78 22.41 105852
20150128 25.07 25.25 26.19 24.66 118676
20150129 24.99 25.64 25.95 24.63 59163
20150130 25.48 25.00 25.48 24.68 32048
20150202 24.80 24.70 25.58 24.32 36154
20150203 25.33 24.70 26.26 24.63 115047
20150204 24.31 24.35 24.70 23.41 78337
20150205 24.30 24.00 24.50 23.88 40035
20150206 23.86 23.40 24.18 23.26 24988
20150209 23.30 23.18 23.74 23.01 24107
20150210 23.20 23.30 23.50 22.63 26995
20150211 23.30 23.78 24.24 23.26 33704
20150212 23.85 23.93 24.20 23.70 26390
20150213 24.05 24.16 24.46 23.84 32501
20150216 24.18 24.65 24.65 24.00 38120
20150217 24.72 24.28 24.72 24.10 31160
20150225 24.10 23.99 24.24 23.70 22919
20150226 23.81 23.98 24.23 23.81 30843
20150227 23.93 24.49 24.52 23.80 49260
20150302 24.64 25.21 25.25 24.17 83130
20150303 25.02 25.21 25.95 24.89 83971
20150304 25.16 25.96 26.00 25.16 50675
20150305 25.60 25.40 26.15 24.70 59520
20150306 25.40 24.51 25.50 24.43 40843
20150309 24.41 24.60 24.67 23.99 34795
20150310 24.55 25.65 25.95 24.55 52909
20150311 25.59 26.19 26.61 25.33 70025
20150312 26.15 25.35 26.45 24.99 56314
20150313 25.46 25.72 25.78 25.11 42705
20150316 25.76 26.24 26.38 25.70 64026
20150317 26.25 26.84 27.50 26.04 86806
20150318 26.83 26.85 26.94 26.48 69385
20150319 26.86 27.10 27.48 26.51 85863
20150320 27.20 27.41 27.89 26.96 77624
20150323 27.59 29.00 29.14 27.34 120317
20150324 28.95 28.22 28.95 26.82 103713
20150325 27.95 29.50 30.22 27.58 127701
20150326 29.30 28.24 29.40 28.05 101045
20150327 28.10 28.75 28.87 27.76 52776
20150330 29.00 28.48 29.30 28.26 54565
20150331 28.46 28.28 28.90 27.77 76224
20150401 28.30 28.99 29.09 28.20 76674
20150402 28.99 29.44 30.20 28.70 122703
20150403 29.13 30.49 30.51 28.85 165741
20150407 30.51 31.35 31.43 30.10 119563
20150408 31.36 30.34 32.60 29.91 133139
20150409 29.99 29.70 30.60 28.42 84752
20150410 29.60 30.68 30.98 29.30 99456
20150413 30.69 33.75 33.75 30.00 195959
20150414 33.69 34.88 36.30 33.33 182537
20150415 34.30 33.98 35.50 33.01 116200
20150416 33.00 35.77 37.38 33.00 117124
20150417 35.79 36.03 36.55 34.96 80103
20150420 35.30 32.43 35.30 32.43 165692
20150421 30.30 32.13 32.28 29.60 215179
20150422 31.60 31.69 32.23 31.50 156801
20150423 31.99 30.50 32.10 30.43 234231
20150424 30.57 31.27 31.33 30.27 132080
20150427 31.31 30.98 31.87 30.87 124713
20150428 31.00 29.56 31.25 29.00 110951
20150429 29.56 29.86 30.21 28.70 94624
20150430 30.00 30.45 30.95 29.86 85275
20150504 30.38 30.26 30.73 29.82 61106
20150505 30.27 29.50 30.57 29.00 66370
20150506 29.37 28.97 30.20 28.20 78440
20150507 28.96 29.04 29.23 28.18 59200
20150508 29.75 30.50 30.50 29.51 100897
20150511 30.80 31.76 31.92 30.60 123276
20150512 31.99 31.99 32.55 31.36 125179
20150513 31.90 33.08 34.04 31.55 156881
20150514 33.25 32.70 33.72 32.30 107447
20150515 16.01 15.50 16.29 15.48 193066
20150518 15.60 16.49 16.65 15.51 270550
20150519 16.54 16.80 16.85 15.99 259959
20150520 16.80 17.17 17.77 16.63 322216
20150521 17.25 18.89 18.89 17.25 292667
20150522 19.90 19.18 20.78 18.91 488077
20150525 18.80 20.24 20.67 18.00 385358
20150526 20.31 21.10 21.13 20.13 346619
20150527 21.10 20.60 21.30 20.09 286572
20150528 20.60 19.52 21.98 19.50 353030
20150529 19.26 19.33 20.40 17.66 277298
20150601 19.34 20.50 20.50 19.34 213158
20150602 20.54 21.44 21.57 20.54 260977
20150603 21.45 21.63 22.28 21.00 315966
20150604 21.57 20.79 21.57 19.47 236754
20150605 20.91 20.92 21.32 20.20 240335
20150608 20.90 19.67 20.90 19.40 236180
20150609 19.66 19.53 19.98 19.16 131398
20150610 19.55 20.09 20.38 19.36 166909
20150611 20.50 20.43 20.50 20.00 161697
20150612 20.41 20.90 21.24 20.18 233196
