20140127 4.80 5.05 5.09 4.80 52353
20140128 5.05 4.90 5.06 4.85 31104
20140129 4.89 4.92 4.98 4.89 22145
20140130 4.91 4.90 4.95 4.86 16096
20140207 4.90 4.96 4.98 4.87 17807
20140210 4.96 5.20 5.34 4.96 59805
20140211 5.21 5.18 5.26 5.15 54773
20140212 5.19 5.27 5.28 5.15 55503
20140213 5.24 5.25 5.32 5.23 40943
20140214 5.23 5.30 5.31 5.23 36490
20140217 5.30 5.39 5.41 5.29 50154
20140218 5.39 5.32 5.39 5.29 37410
20140219 5.33 5.31 5.39 5.28 41104
20140220 5.32 5.23 5.34 5.21 39538
20140221 5.23 5.21 5.26 5.17 19759
20140224 5.21 5.34 5.36 5.17 55234
20140225 5.31 5.20 5.44 5.17 65436
20140226 5.19 5.19 5.23 5.05 24260
20140227 5.19 5.33 5.34 5.17 44797
20140228 5.30 5.35 5.40 5.17 41515
20140303 5.34 5.45 5.47 5.31 58888
20140304 5.40 5.44 5.62 5.38 91300
20140305 5.46 5.37 5.49 5.36 49467
20140306 5.34 5.38 5.38 5.28 26507
20140307 5.40 5.33 5.41 5.31 22315
20140310 5.21 5.07 5.29 5.06 37971
20140311 5.07 5.14 5.16 5.05 25688
20140312 5.12 5.15 5.27 5.10 27934
20140313 5.16 5.18 5.25 5.13 22141
20140314 5.16 5.19 5.19 5.13 14956
20140317 5.16 5.25 5.26 5.16 19702
20140318 5.27 5.25 5.31 5.23 21047
20140319 5.26 5.35 5.36 5.23 29100
20140320 5.34 5.19 5.36 5.19 23184
20140321 5.16 5.35 5.37 5.14 34047
20140324 5.35 5.39 5.40 5.33 32444
20140325 5.39 5.37 5.47 5.32 30970
20140326 5.36 5.36 5.41 5.32 21017
20140327 5.38 5.35 5.43 5.32 23578
20140328 5.38 5.42 5.52 5.33 48961
20140331 5.39 5.35 5.48 5.30 28487
20140401 5.34 5.38 5.42 5.30 22842
20140402 5.36 5.42 5.42 5.33 24334
20140403 5.42 5.50 5.58 5.40 63169
20140404 5.49 5.64 5.65 5.43 71007
20140408 5.60 5.60 5.67 5.58 54757
20140409 5.60 5.77 5.79 5.57 74396
20140410 5.77 5.72 5.77 5.67 49479
20140411 5.68 5.59 5.69 5.54 43558
20140414 5.56 5.65 5.67 5.56 24462
20140415 5.65 5.68 5.78 5.62 55241
20140416 5.64 5.65 5.72 5.59 37092
20140417 5.64 5.56 5.66 5.53 44027
20140418 5.55 5.61 5.62 5.53 20370
20140421 5.57 5.42 5.63 5.42 24716
20140422 5.44 5.41 5.47 5.33 22074
20140423 5.37 5.39 5.43 5.35 21371
20140424 5.38 5.38 5.39 5.34 17561
20140425 5.37 5.22 5.38 5.21 51300
20140428 5.21 5.09 5.28 5.07 27825
20140429 5.09 5.19 5.20 5.09 10237
20140430 5.17 5.25 5.26 5.15 9547
20140505 5.24 5.31 5.31 5.23 12870
20140506 5.28 5.32 5.40 5.24 19611
20140507 5.31 5.31 5.39 5.27 24478
20140508 5.29 5.32 5.38 5.29 13094
20140509 5.32 5.31 5.34 5.23 11245
20140512 5.32 5.37 5.40 5.31 18447
20140513 5.37 5.37 5.43 5.34 16732
20140514 5.39 5.49 5.52 5.35 37735
20140515 5.45 5.34 5.48 5.31 19996
20140516 5.29 5.36 5.36 5.28 10961
20140519 5.33 5.35 5.41 5.24 10711
20140520 5.32 5.42 5.43 5.32 19190
20140521 5.44 5.41 5.44 5.37 11393
20140522 5.41 5.40 5.46 5.39 15332
20140523 5.42 5.43 5.43 5.34 6923
20140526 5.42 5.54 5.56 5.40 28153
20140527 5.51 5.54 5.57 5.48 13305
20140528 5.52 5.55 5.58 5.48 13172
20140529 5.55 5.66 5.77 5.52 85849
20140530 5.62 5.61 5.67 5.53 22763
20140603 5.58 5.63 5.67 5.54 18369
20140604 5.65 5.47 5.65 5.40 30258
20140605 5.46 5.56 5.56 5.43 16928
20140606 5.57 5.55 5.58 5.49 15853
20140609 5.54 5.54 5.61 5.52 16866
20140610 5.53 5.58 5.58 5.50 16373
20140611 5.56 5.63 5.65 5.53 29280
20140612 5.63 5.63 5.68 5.55 24246
20140613 5.63 5.62 5.70 5.58 41996
20140616 5.60 5.57 5.63 5.55 28985
20140617 5.56 5.42 5.59 5.42 34675
20140618 5.42 5.38 5.45 5.36 21915
20140619 5.36 5.30 5.42 5.28 16936
20140620 5.31 5.36 5.37 5.29 10795
20140623 5.36 5.43 5.45 5.34 13681
20140624 5.41 5.46 5.48 5.40 11307
20140625 5.45 5.52 5.53 5.43 21344
20140626 5.53 5.51 5.56 5.49 24191
20140627 5.51 5.59 5.60 5.50 24391
20140630 5.58 5.57 5.67 5.55 24083
20140701 5.60 5.71 5.74 5.56 50822
20140702 5.70 5.70 5.73 5.63 24262
20140703 5.68 5.72 5.76 5.66 23302
20140704 5.69 5.67 5.72 5.61 25859
20140707 5.69 5.82 5.91 5.69 66139
20140708 5.85 5.81 5.87 5.76 33689
20140709 5.81 5.85 5.95 5.78 47384
20140710 5.85 5.79 5.99 5.79 34177
20140711 5.78 5.82 5.85 5.76 29519
20140714 5.84 5.95 6.03 5.82 48659
20140715 5.96 5.99 6.04 5.93 29214
20140716 6.00 5.92 6.02 5.91 29649
20140717 5.92 5.99 6.00 5.86 19040
20140718 5.95 6.15 6.27 5.95 98515
20140721 6.13 6.06 6.19 6.05 37442
20140722 6.09 6.23 6.29 6.06 39640
20140723 6.26 6.22 6.40 6.16 38823
20140724 6.18 6.04 6.32 5.98 52616
20140725 6.03 6.22 6.25 6.02 42943
20140728 6.20 6.26 6.31 6.17 47653
20140729 6.26 6.39 6.45 6.24 47500
20140730 6.36 6.35 6.44 6.27 30741
20140731 6.34 6.44 6.46 6.30 52985
20140801 6.39 6.49 6.51 6.38 54333
20140804 6.50 6.79 6.87 6.48 138194
20140805 6.75 6.88 6.97 6.71 87941
20140806 6.88 6.86 6.88 6.71 61720
20140807 6.84 7.02 7.16 6.84 76239
20140808 7.01 7.30 7.31 6.99 95163
20140811 7.27 7.23 7.36 7.11 88864
20140812 7.11 7.05 7.30 7.01 81635
20140813 7.05 7.26 7.29 6.98 65227
20140814 7.22 7.11 7.32 7.09 50780
20140815 7.07 7.19 7.25 7.07 36370
20140818 7.20 7.19 7.23 7.06 46369
20140819 7.17 7.29 7.40 7.13 52122
20140820 7.32 7.28 7.35 7.24 31977
20140821 7.27 7.16 7.30 7.07 76457
20140822 7.17 7.15 7.26 7.08 46000
20140825 7.12 7.30 7.36 7.08 55748
20140826 7.30 7.36 7.45 7.24 74249
20140827 7.38 7.65 7.65 7.35 79867
20140828 7.67 7.10 7.68 6.89 187150
20140829 6.95 7.00 7.03 6.87 68692
20140901 7.01 7.23 7.31 7.01 64642
20150420 7.95 7.95 7.95 7.95 719
20150421 8.75 8.75 8.75 8.75 1487
20150422 9.63 9.63 9.63 9.63 2653
20150423 10.59 10.59 10.59 10.59 941
20150424 11.65 11.65 11.65 11.65 2922
20150427 12.82 12.82 12.82 12.82 4468
20150428 14.10 14.10 14.10 14.10 4578
20150429 15.51 15.51 15.51 15.51 5276
20150430 17.06 17.06 17.06 17.06 7165
20150504 18.77 18.77 18.77 18.77 23413
20150505 20.65 20.65 20.65 20.65 17702
20150506 21.00 21.18 22.50 19.96 846606
20150507 21.43 22.50 23.17 21.40 469994
20150508 22.95 24.38 24.68 21.55 465118
20150511 23.87 26.82 26.82 23.63 196811
20150512 29.18 29.50 29.50 27.83 288371
20150513 29.50 32.45 32.45 28.45 227026
20150514 34.00 31.58 35.70 29.91 494355
20150515 30.00 31.59 33.16 29.19 291896
20150518 31.20 31.30 32.96 30.37 170637
20150519 33.00 34.10 34.40 32.12 280467
20150520 34.09 33.65 35.14 33.01 245410
20150521 33.15 32.33 33.15 32.00 177766
20150522 33.10 31.68 33.80 30.90 196058
20150525 31.20 30.60 31.30 29.85 200791
20150526 31.00 33.07 33.50 30.40 197393
20150527 33.20 32.28 33.94 31.30 172936
20150528 32.20 32.80 35.51 31.55 382438
20150529 33.80 33.45 35.08 29.52 276324
20150601 33.73 36.80 36.80 33.73 268886
20150602 38.18 40.48 40.48 38.00 180503
20150603 44.33 41.00 44.33 38.40 331228
20150604 40.19 39.07 40.44 37.13 159134
20150605 39.30 39.22 41.58 38.42 148135
20150608 39.43 37.16 39.50 36.67 131069
20150609 37.08 37.24 38.12 36.00 108266
20150610 36.50 38.11 39.00 36.03 96683
20150611 38.09 40.00 40.11 37.00 125897
20150612 40.10 39.19 41.68 38.93 113622
20150615 37.70 35.27 38.41 35.27 227378
20150616 35.00 32.80 35.00 32.00 122871
20150617 32.60 33.18 33.39 30.50 111152
20150618 32.90 31.37 33.99 31.00 86482
20150619 29.11 29.06 30.99 29.02 83042
20150623 29.11 28.22 29.94 26.15 118072
20150624 28.92 30.37 31.00 28.68 124634
20150625 31.28 30.02 31.43 28.80 86149
20150626 29.00 27.02 29.05 27.02 90201
20150629 27.02 24.32 28.00 24.32 117004
20150630 23.10 24.80 25.48 21.89 143474
20150701 24.03 22.79 26.38 22.37 162271
20150702 22.95 20.51 23.30 20.51 120669
20150703 19.59 18.46 20.60 18.46 118772
20150706 20.31 16.61 20.31 16.61 121401
20150707 15.30 14.95 15.61 14.95 43094
20150708 13.46 13.46 13.46 13.46 18735
20150709 12.11 14.81 14.81 12.11 271419
20150710 16.29 16.29 16.29 15.90 43437
20150713 17.92 17.92 17.92 17.92 7742
20150714 19.71 19.71 19.71 19.71 6112
20150715 21.68 20.20 21.68 18.33 400856
20150723 22.22 22.22 22.22 22.22 385
20150724 24.44 24.44 24.44 24.44 1116
20150727 26.86 26.74 26.88 24.50 398913
20150728 24.07 24.70 28.33 24.07 256669
20150729 24.90 27.00 27.00 23.30 169895
20150730 28.00 26.59 29.40 26.50 222961
