20140102 4.33 4.34 4.36 4.30 34623
20140103 4.34 4.27 4.34 4.26 34665
20140106 4.27 4.29 4.30 4.22 48191
20140107 4.27 4.28 4.30 4.22 22734
20140108 4.27 4.29 4.30 4.26 23601
20140109 4.26 4.21 4.28 4.21 31983
20140110 4.21 4.09 4.21 4.08 26424
20140113 4.09 4.12 4.20 4.08 30634
20140114 4.12 4.18 4.20 4.08 21412
20140115 4.19 4.13 4.20 4.08 18084
20140116 4.10 4.15 4.17 4.09 25672
20140117 4.14 4.08 4.14 4.06 15919
20140120 4.08 3.97 4.09 3.96 24431
20140121 3.98 4.00 4.03 3.97 12214
20140122 4.03 4.09 4.10 4.01 31088
20140123 4.09 4.08 4.09 4.06 20562
20140124 4.08 4.12 4.13 4.06 26421
20140127 4.11 4.09 4.11 4.06 20634
20140128 4.07 4.08 4.11 4.06 16396
20140129 4.09 4.08 4.12 4.07 15486
20140130 4.08 4.09 4.10 4.06 10815
20140207 4.08 4.16 4.16 4.07 27094
20140210 4.16 4.22 4.24 4.14 39402
20140211 4.20 4.23 4.25 4.20 34766
20140212 4.23 4.24 4.25 4.21 41381
20140213 4.25 4.23 4.29 4.22 45219
20140214 4.21 4.25 4.26 4.19 30745
20140217 4.27 4.23 4.27 4.21 68235
20140218 4.22 4.18 4.23 4.15 51957
20140219 4.18 4.21 4.22 4.15 43194
20140220 4.20 4.18 4.24 4.17 53829
20140221 4.18 4.15 4.19 4.12 29259
20140224 4.13 4.09 4.13 4.06 37523
20140225 4.13 4.01 4.13 3.97 37347
20140226 4.00 4.02 4.02 3.96 21459
20140227 4.02 4.02 4.06 4.01 33230
20140228 4.02 4.05 4.07 4.00 20192
20140303 4.04 4.09 4.09 4.01 29296
20140304 4.07 4.05 4.09 4.00 29082
20140305 4.05 4.02 4.06 4.02 24571
20140306 4.01 4.03 4.04 3.96 39934
20140307 4.03 4.00 4.03 4.00 19895
20140310 3.99 3.87 3.99 3.85 36230
20140311 3.85 3.87 3.88 3.83 27031
20140312 3.88 3.86 3.90 3.83 18371
20140313 3.86 3.87 3.89 3.83 20452
20140314 3.90 3.82 3.90 3.82 27785
20140317 3.81 3.84 3.84 3.81 40942
20140318 3.84 3.83 3.86 3.81 36433
20140319 3.83 3.86 3.86 3.81 17909
20140320 3.86 3.82 3.87 3.82 29788
20140321 3.81 3.88 3.90 3.77 88823
20140324 3.92 3.93 3.93 3.88 70291
20140325 3.92 3.92 3.94 3.90 67632
20140326 3.92 3.90 3.93 3.89 32303
20140327 3.91 3.92 3.97 3.86 59000
20140328 3.91 3.93 3.94 3.89 53047
20140331 3.93 3.84 3.93 3.83 39570
20140401 3.84 3.89 3.89 3.83 25545
20140402 3.88 3.91 3.97 3.86 48997
20140403 3.90 3.88 3.92 3.87 36995
20140404 3.88 3.90 3.90 3.86 20465
20140408 3.89 3.93 3.93 3.85 89201
20140409 3.93 3.92 3.93 3.89 40771
20140410 3.92 3.94 3.96 3.89 70582
20140411 3.92 3.91 3.94 3.89 60212
20140414 3.91 3.91 3.92 3.90 39289
20140415 3.89 3.83 3.89 3.81 96809
20140416 3.83 3.83 3.84 3.81 25285
20140417 3.83 3.83 3.84 3.81 23739
20140418 3.83 3.82 3.83 3.81 26339
20140421 3.80 3.77 3.82 3.76 33552
20140422 3.77 3.75 3.79 3.73 23510
20140423 3.77 3.76 3.78 3.74 13834
20140424 3.77 3.82 3.88 3.75 87153
20140425 3.80 3.71 3.81 3.70 54796
20140428 3.71 3.67 3.72 3.65 31511
20140429 3.67 3.68 3.72 3.67 23355
20140430 3.69 3.71 3.74 3.69 16981
20140505 3.71 3.72 3.74 3.68 23096
20140506 3.73 3.74 3.76 3.71 16532
20140507 3.74 3.72 3.77 3.72 19765
20140508 3.72 3.71 3.76 3.70 21272
20140509 3.71 3.76 3.79 3.70 44851
20140512 3.77 3.83 3.85 3.76 66583
20140513 3.83 3.84 3.86 3.80 59970
20140514 3.84 3.82 3.84 3.81 24558
20140515 3.82 3.79 3.83 3.77 28473
20140516 3.78 3.80 3.81 3.77 9279
20140519 3.81 3.79 3.81 3.76 12883
20140520 3.80 3.78 3.82 3.77 13976
20140521 3.78 3.82 3.82 3.76 19076
20140522 3.82 3.80 3.83 3.79 21031
20140523 3.80 3.81 3.82 3.79 16857
20140526 3.81 3.82 3.83 3.80 18392
20140527 3.82 3.81 3.83 3.80 11590
20140528 3.80 3.81 3.82 3.79 11976
20140529 3.81 3.80 3.82 3.79 15903
20140530 3.78 3.76 3.79 3.76 13763
20140603 3.78 3.76 3.78 3.75 14750
20140604 3.75 3.73 3.77 3.72 20416
20140605 3.74 3.74 3.75 3.71 18091
20140606 3.74 3.72 3.75 3.72 16677
20140609 3.72 3.72 3.75 3.71 16459
20140610 3.72 3.76 3.77 3.71 33477
20140611 3.76 3.79 3.79 3.75 31031
20140612 3.79 3.78 3.79 3.77 13737
20140613 3.77 3.81 3.81 3.76 30810
20140616 3.79 3.82 3.84 3.79 58015
20140617 3.81 3.78 3.82 3.77 19502
20140618 3.77 3.73 3.78 3.72 36979
20140619 3.73 3.69 3.75 3.67 19388
20140620 3.70 3.71 3.71 3.68 21926
20140623 3.71 3.73 3.74 3.70 18131
20140624 3.73 3.74 3.74 3.71 10058
20140625 3.73 3.70 3.73 3.69 17498
20140626 3.72 3.72 3.74 3.70 18207
20140627 3.72 3.75 3.76 3.71 20233
20140630 3.75 3.77 3.78 3.73 23004
20140701 3.77 3.77 3.78 3.75 25716
20140702 3.77 3.79 3.81 3.75 35196
20140703 3.79 3.81 3.82 3.75 44930
20140704 3.81 3.79 3.82 3.78 22185
20140707 3.79 3.80 3.81 3.77 18030
20140708 3.78 3.87 3.88 3.78 63545
20140709 3.85 3.82 3.91 3.81 47257
20140710 3.81 3.83 3.86 3.80 37488
20140711 3.83 3.84 3.87 3.81 27512
20140714 3.83 3.86 3.87 3.81 30449
20140715 3.84 3.83 3.86 3.81 60093
20140716 3.83 3.86 3.88 3.82 76859
20140717 3.86 3.83 3.86 3.81 41637
20140718 3.81 3.82 3.84 3.81 54762
20140721 3.82 3.84 3.85 3.80 59353
20140722 3.82 3.85 3.86 3.82 36441
20140723 3.84 3.83 3.86 3.82 45968
20140724 3.83 3.96 3.97 3.82 216791
20140725 3.93 3.97 3.97 3.92 50521
20140728 3.97 4.02 4.03 3.95 74633
20140729 4.02 4.04 4.08 4.00 62351
20140730 4.03 4.00 4.04 3.98 38663
20140731 3.99 4.03 4.03 3.99 29945
20140801 4.02 4.02 4.05 4.01 46796
20140804 4.01 4.06 4.06 4.00 39578
20140805 4.05 4.05 4.07 4.03 42004
20140806 4.05 4.05 4.06 4.01 36983
20140807 4.05 4.03 4.09 4.02 50122
20140808 4.02 4.03 4.05 4.00 37316
20140811 4.03 4.06 4.07 4.02 25755
20140812 4.06 4.09 4.10 4.05 48346
20140813 4.09 4.09 4.12 4.05 42455
20140814 4.07 4.10 4.14 4.07 70645
20140815 4.09 4.13 4.14 4.07 44211
20140818 4.13 4.14 4.16 4.11 41442
20140819 4.15 4.15 4.16 4.12 40995
20140820 4.14 4.14 4.15 4.12 49671
20140821 4.13 4.09 4.14 4.06 53349
20140822 4.08 4.13 4.18 4.08 116694
20140825 4.13 4.20 4.27 4.10 107299
20140826 4.14 4.08 4.18 4.07 54258
20140827 4.06 4.09 4.11 4.06 31953
20140828 4.09 4.05 4.09 4.04 30527
20140829 4.04 4.06 4.06 4.03 23326
20140901 4.07 4.09 4.09 4.06 24135
20140902 4.10 4.16 4.17 4.09 61833
20140903 4.16 4.17 4.20 4.14 46259
20140904 4.17 4.19 4.21 4.16 47495
20140905 4.20 4.29 4.32 4.18 141908
20140909 4.31 4.29 4.32 4.26 70505
20140910 4.28 4.29 4.32 4.25 51513
20140911 4.27 4.27 4.39 4.25 102510
20140912 4.28 4.32 4.34 4.24 55508
20140915 4.31 4.39 4.40 4.30 105035
20140916 4.39 4.31 4.48 4.31 156475
20140917 4.31 4.40 4.40 4.28 102386
20140918 4.44 4.48 4.54 4.40 153996
20140919 4.48 4.45 4.48 4.41 85359
20140922 4.44 4.33 4.44 4.32 90479
20140923 4.34 4.36 4.37 4.32 48531
20140924 4.37 4.40 4.43 4.34 70223
20140925 4.40 4.43 4.47 4.39 84764
20140926 4.43 4.45 4.47 4.40 60907
20140929 4.45 4.49 4.49 4.43 72135
20140930 4.49 4.50 4.54 4.46 75190
20141008 4.53 4.52 4.54 4.47 63641
20141009 4.52 4.50 4.53 4.44 69943
20141010 4.48 4.47 4.50 4.45 69926
20141013 4.46 4.45 4.48 4.43 61146
20141014 4.46 4.59 4.67 4.45 218865
20141015 4.56 4.75 4.76 4.54 273549
20141016 4.68 4.61 4.78 4.61 140948
20141017 4.60 4.51 4.64 4.45 110223
20141020 4.52 4.57 4.58 4.51 42687
20141021 4.57 4.54 4.61 4.52 52108
20141022 4.52 4.47 4.56 4.45 42678
20141023 4.46 4.37 4.47 4.35 66039
20141024 4.36 4.37 4.40 4.34 36547
20141027 4.36 4.38 4.41 4.33 41049
20141028 4.38 4.52 4.53 4.38 71469
20141029 4.51 4.73 4.89 4.51 339543
20141030 4.76 4.82 4.86 4.67 306918
20141031 4.82 4.79 4.90 4.77 190113
20141103 4.80 5.08 5.15 4.80 417216
20141104 5.08 5.07 5.21 5.00 251039
20141105 5.06 4.99 5.06 4.97 108962
20141106 4.98 5.10 5.24 4.96 191505
20141107 5.13 5.04 5.16 5.00 150977
20141110 5.09 5.18 5.19 5.01 166608
20141111 5.17 5.11 5.34 5.02 181222
20141112 5.06 5.21 5.27 5.04 122699
20141113 5.28 5.21 5.44 5.19 179740
20141114 5.18 5.20 5.30 5.14 94834
20141117 5.19 5.00 5.26 4.99 174795
20141118 5.00 5.05 5.09 4.95 107133
20141119 5.05 4.98 5.05 4.95 86518
20141120 4.97 4.99 4.99 4.90 52469
20141121 4.99 5.17 5.20 4.93 168333
20141124 5.17 5.19 5.24 5.10 211661
20141125 5.15 5.30 5.37 5.09 229584
20141126 5.32 5.30 5.39 5.24 117840
20141127 5.31 5.32 5.38 5.25 124142
20141128 5.37 5.66 5.85 5.37 388197
20141201 5.75 5.86 5.99 5.59 390158
20141202 5.75 5.81 5.98 5.64 252369
20141203 5.77 5.71 5.86 5.59 283895
20141204 5.71 5.82 5.88 5.64 227826
20141205 5.82 5.63 5.83 5.50 205336
20141208 5.67 5.80 5.84 5.67 287709
20141209 5.78 5.94 6.38 5.76 792124
20141210 5.92 6.37 6.48 5.77 560851
20141211 6.38 6.78 6.98 6.27 779587
20141212 6.79 6.59 6.85 6.46 400257
20141215 6.80 6.56 6.85 6.45 353847
20141216 6.56 6.44 6.58 6.29 367505
20141217 6.41 6.57 6.64 6.36 369022
20141218 6.53 6.38 6.53 6.35 264292
20141219 6.38 6.50 6.60 6.35 349634
20141222 6.45 6.21 6.46 6.04 412719
20141223 6.17 6.06 6.23 6.04 153304
20141224 6.08 5.93 6.15 5.83 182317
20141225 5.91 6.09 6.09 5.91 122982
20141226 6.09 6.24 6.28 6.07 228986
20141229 6.27 6.00 6.32 5.90 321929
20141230 5.98 5.72 5.99 5.65 368848
20141231 5.68 5.80 5.80 5.66 235491
20150105 5.82 6.00 6.08 5.79 539131
20150106 6.01 6.07 6.17 5.93 384443
20150107 6.10 6.04 6.11 5.98 245081
20150108 6.10 6.03 6.15 5.99 240310
20150109 6.01 6.00 6.10 5.98 211743
20150112 5.98 5.75 5.98 5.70 174958
20150113 5.75 5.87 5.89 5.65 224190
20150114 5.86 5.72 5.96 5.72 146124
20150115 5.76 5.83 5.85 5.68 97354
20150116 5.83 5.87 5.93 5.83 159447
20150119 5.68 5.42 5.81 5.30 238579
20150120 5.45 5.57 5.63 5.44 137687
20150121 5.59 5.79 5.79 5.58 188832
20150122 5.81 5.83 5.87 5.76 157391
20150123 5.85 5.83 5.88 5.81 145099
20150126 5.82 6.01 6.03 5.82 215426
20150127 6.04 5.95 6.05 5.84 190976
20150128 5.94 5.81 5.94 5.81 127278
20150129 5.78 5.89 5.97 5.74 179722
20150130 5.89 5.73 5.92 5.72 138193
20150202 5.66 5.61 5.72 5.56 115883
20150203 5.64 5.78 5.80 5.58 118658
20150204 5.77 5.80 5.94 5.76 174206
20150205 5.89 5.82 5.99 5.78 152707
20150206 5.81 5.76 5.90 5.73 121848
20150209 5.73 5.71 5.76 5.64 70888
20150210 5.69 6.02 6.05 5.69 279528
20150211 6.02 6.16 6.20 5.96 325298
20150212 6.16 6.11 6.19 6.01 179990
20150213 6.11 6.14 6.20 6.09 203385
20150216 6.14 6.22 6.25 6.07 203661
20150217 6.23 6.37 6.50 6.19 280077
20150225 6.38 6.14 6.44 6.14 229225
20150226 6.14 6.30 6.33 6.11 145893
20150227 6.29 6.27 6.39 6.23 152926
20150302 6.35 6.41 6.42 6.25 241213
20150303 6.36 6.22 6.36 6.20 158464
20150304 6.20 6.22 6.26 6.18 142485
20150305 6.19 6.15 6.22 6.06 170811
20150306 6.13 6.10 6.19 6.06 118362
20150309 6.08 6.20 6.21 6.00 124905
20150310 6.20 6.25 6.30 6.15 152852
20150311 6.25 6.31 6.42 6.25 226719
20150312 6.33 6.31 6.40 6.26 161704
20150313 6.35 6.58 6.62 6.31 419781
20150316 6.62 6.74 6.78 6.54 326931
20150317 6.75 7.24 7.40 6.68 622100
20150318 7.28 7.29 7.61 7.22 644899
20150319 7.25 7.14 7.25 7.05 474801
20150320 7.13 7.15 7.21 7.10 344122
20150323 7.18 7.19 7.23 7.07 357459
20150324 7.20 7.15 7.20 6.91 365565
20150325 7.16 7.20 7.33 7.11 390015
20150326 7.21 7.80 7.91 7.11 808824
20150327 7.80 7.66 8.05 7.60 472052
20150330 7.70 8.16 8.31 7.61 707351
20150331 8.15 7.99 8.18 7.90 444290
20150401 7.99 8.22 8.33 7.93 441037
20150402 8.27 8.28 8.40 7.99 458076
20150403 8.27 8.32 8.38 8.15 371332
20150407 8.32 8.82 8.87 8.32 457612
20150408 8.82 8.86 9.18 8.68 453240
20150409 8.85 9.03 9.08 8.26 444495
20150410 9.03 9.36 9.55 8.83 449825
20150413 9.37 9.38 9.49 9.22 403376
20150414 9.34 9.31 9.45 9.10 346023
20150415 9.25 8.89 9.26 8.71 302093
20150416 8.44 8.94 9.03 8.44 302592
20150417 8.94 8.94 9.10 8.80 366733
20150420 8.93 8.87 9.18 8.61 340275
20150421 8.80 9.01 9.06 8.75 280128
20150422 9.03 9.25 9.35 9.01 418644
20150423 9.28 9.07 9.30 8.93 400673
20150424 8.82 8.89 9.06 8.72 300959
20150427 8.87 9.02 9.15 8.87 344020
20150428 9.00 8.69 9.15 8.62 337301
20150429 8.62 8.78 8.94 8.55 257668
20150430 8.81 8.99 9.14 8.81 308506
20150504 8.99 9.89 9.89 8.95 623890
20150505 10.19 9.28 10.20 9.01 681067
20150506 9.31 9.36 9.83 9.10 526560
20150507 9.28 9.12 9.40 8.91 372695
20150508 9.18 9.84 9.90 9.12 533438
20150511 9.83 10.04 10.10 9.61 588522
20150512 9.95 10.10 10.31 9.88 508351
20150513 10.01 9.67 10.03 9.59 455977
20150514 9.69 9.58 9.69 9.33 319247
20150515 9.56 9.44 9.58 9.10 394804
20150518 9.30 9.19 9.51 9.16 307858
20150519 9.18 9.36 9.47 9.14 262301
20150520 9.47 9.58 10.19 9.42 435220
20150521 9.58 9.95 9.99 9.50 472955
20150522 10.05 10.04 10.15 9.75 562614
20150525 9.97 11.04 11.04 9.91 581816
20150526 11.89 12.02 12.14 11.06 1306148
20150527 11.88 12.88 12.98 11.70 868985
20150528 12.75 12.65 13.50 12.30 1252027
20150529 12.43 12.80 13.16 12.05 1135914
20150601 12.79 13.49 13.67 12.42 1172310
20150602 13.25 13.55 13.88 12.92 973063
20150603 13.50 12.88 13.59 12.67 866650
20150604 12.68 12.95 13.05 11.73 755259
20150605 12.95 13.39 13.65 12.86 1206107
20150608 13.10 13.15 13.69 13.00 835556
20150609 13.25 13.06 13.55 12.97 797800
20150610 13.04 12.77 13.09 12.50 685038
20150611 12.77 13.74 13.94 12.50 1032040
20150612 13.67 14.04 14.51 13.55 1326908
20150615 13.80 15.44 15.44 13.71 1274234
20150616 15.45 14.41 15.45 14.00 901382
20150617 14.44 14.21 14.66 13.30 691954
20150618 14.10 13.79 15.35 13.32 925970
20150619 13.34 12.41 13.60 12.41 673321
20150623 12.40 12.59 12.71 11.17 666835
20150624 12.60 12.82 13.13 12.28 675126
20150625 12.90 11.95 12.95 11.60 548990
20150626 11.41 10.76 11.45 10.76 568660
20150629 11.18 10.48 11.19 9.68 821496
20150630 10.55 11.28 11.29 9.70 620877
20150701 11.00 10.20 11.57 10.16 624173
20150702 10.13 9.18 10.49 9.18 676627
20150703 8.57 8.26 9.00 8.26 664895
20150706 8.90 8.00 9.08 7.43 1123389
20150707 7.41 7.20 7.65 7.20 316523
20150708 6.48 6.48 6.48 6.48 45611
20150713 7.10 7.10 7.10 7.10 121094
20150714 7.81 7.81 7.81 7.81 12434
20150715 8.59 7.70 8.59 7.38 1589477
20150716 7.33 8.01 8.30 7.21 950728
20150717 8.14 8.81 8.81 8.13 1048711
20150720 9.10 9.48 9.62 8.85 1172735
20150721 9.30 9.88 10.20 9.11 1022007
20150722 9.88 9.71 10.09 9.32 889106
20150723 9.70 10.05 10.15 9.58 812203
20150724 10.05 9.72 10.17 9.46 983580
20150727 9.44 8.75 9.70 8.75 919999
20150728 8.00 8.04 8.80 7.88 907134
20150729 8.37 8.70 8.74 7.87 651118
20150730 8.73 8.40 9.09 8.28 701260
