20140102 14.35 14.70 14.82 14.30 14331
20140103 14.66 14.68 14.76 14.60 13965
20140106 14.79 14.53 14.80 14.47 7774
20140107 14.30 14.45 14.58 14.08 21151
20140108 14.42 14.70 14.74 14.32 15679
20140109 14.68 14.99 15.05 14.58 19510
20140120 12.76 12.48 12.76 12.03 7190
20140121 12.51 12.80 12.92 12.42 6016
20140122 12.75 13.24 13.30 12.75 8737
20140123 13.10 14.04 14.37 13.10 19080
20140124 14.04 13.92 14.24 13.81 12699
20140127 13.58 13.85 14.00 13.51 16945
20140128 13.77 13.85 14.11 13.77 11539
20140129 13.88 13.76 13.88 13.53 8039
20140130 13.77 13.75 13.94 13.67 3627
20140207 13.80 14.15 14.25 13.75 15592
20140210 14.19 14.20 14.39 14.16 16417
20140211 14.25 14.67 14.74 14.25 26890
20140212 14.63 14.60 14.75 14.45 12419
20140213 14.52 14.20 14.62 14.11 13419
20140214 14.18 14.23 14.38 14.14 9146
20140217 14.20 14.44 14.65 14.20 13413
20140218 14.45 14.31 14.56 14.18 11779
20140219 14.30 14.22 14.45 14.03 10190
20140220 14.23 13.90 14.35 13.88 12591
20140221 13.98 13.69 13.99 13.64 10602
20140224 13.65 13.92 13.92 13.53 8388
20140225 13.83 13.20 14.06 13.03 18829
20140226 13.10 13.15 13.37 13.00 13742
20140227 13.15 13.00 13.29 12.85 17108
20140228 13.01 13.20 13.22 12.70 6241
20140303 13.20 13.45 13.45 13.10 8651
20140304 13.40 13.43 13.48 13.28 5230
20140305 13.34 13.40 13.58 13.33 4586
20140306 13.41 13.54 13.65 13.21 8486
20140307 13.49 13.38 13.49 13.22 7373
20140310 13.35 12.98 13.35 12.79 7684
20140311 12.98 12.81 13.05 12.69 5205
20140312 12.75 12.70 12.97 12.60 5189
20140313 12.73 12.81 12.85 12.66 4834
20140314 12.85 12.80 12.85 12.65 5263
20140317 12.80 12.99 12.99 12.69 5853
20140318 13.00 13.00 13.15 12.93 6455
20140319 13.09 13.00 13.13 12.95 16937
20140320 12.95 12.70 13.10 12.70 8072
20140321 12.60 12.92 13.04 12.50 7643
20140324 12.88 13.04 13.11 12.85 4682
20140325 13.00 13.00 13.12 12.88 5539
20140326 13.03 13.16 13.16 13.00 6857
20140327 13.16 12.89 13.18 12.87 6368
20140328 12.98 12.66 12.98 12.61 6445
20140331 12.70 12.70 12.71 12.45 18774
20140401 12.50 12.51 12.67 12.48 12346
20140402 12.59 12.94 12.94 12.56 18007
20140403 12.97 12.96 13.04 12.72 8158
20140404 12.92 12.84 12.92 12.78 8427
20140408 12.81 12.90 12.93 12.72 9939
20140409 12.92 12.91 12.97 12.85 16512
20140410 12.95 13.06 13.10 12.89 18394
20140411 13.01 13.01 13.06 12.96 9443
20140414 13.00 13.12 13.13 12.92 13522
20140415 13.13 12.92 13.13 12.90 8067
20140416 12.94 12.97 13.05 12.92 5405
20140417 12.94 13.01 13.10 12.94 6090
20140418 13.02 13.02 13.10 12.92 5775
20140421 13.10 13.50 13.90 13.10 56233
20140422 13.40 14.14 14.17 13.34 72541
20140423 14.19 13.87 14.19 13.83 26745
20140424 13.91 14.03 14.08 13.70 23611
20140425 13.99 13.70 14.06 13.65 26994
20140428 13.55 12.81 13.70 12.48 18892
20140429 12.96 13.18 13.19 12.70 9029
20140430 13.10 13.19 13.27 13.02 7012
20140505 13.19 13.16 13.20 12.87 5551
20140506 13.03 13.20 13.37 13.03 9098
20140507 13.22 13.00 13.22 13.00 6545
20140508 13.00 12.95 13.19 12.92 6181
20140509 12.91 12.90 13.14 12.81 7289
20140512 12.95 13.24 13.26 12.87 7938
20140513 13.30 13.35 13.45 13.24 12196
20140514 13.35 13.22 13.35 13.17 5343
20140515 13.31 13.74 13.88 13.25 29333
20140516 13.79 13.92 13.94 13.58 17353
20140519 13.91 13.74 13.91 13.61 10363
20140520 13.72 13.73 13.81 13.45 13012
20140521 13.73 13.78 13.81 13.50 10494
20140522 6.74 6.65 6.81 6.62 27737
20140523 6.63 6.65 6.72 6.53 26297
20140526 6.69 6.75 6.79 6.60 30424
20140527 6.75 6.66 6.78 6.62 22620
20140528 6.64 6.84 6.90 6.61 31519
20140529 6.82 6.70 6.84 6.65 26139
20140530 6.68 6.73 6.77 6.66 16750
20140603 6.77 6.69 6.77 6.65 11556
20140604 6.70 6.75 6.77 6.62 21001
20140605 6.77 6.75 6.77 6.68 10013
20140606 6.75 6.95 7.10 6.68 68378
20140609 6.90 7.08 7.18 6.87 53807
20140610 7.03 7.10 7.14 7.03 47896
20140611 7.10 7.05 7.15 7.03 29423
20140612 7.05 6.98 7.08 6.96 23934
20140613 6.98 7.03 7.05 6.92 20359
20140616 7.03 7.08 7.13 6.96 27068
20140617 7.11 6.94 7.15 6.89 21640
20140618 6.87 6.73 6.95 6.69 28289
20140619 6.73 6.82 6.85 6.66 17737
20140620 6.76 6.80 6.84 6.68 9317
20140623 6.75 6.85 6.89 6.75 9821
20140624 6.84 6.86 6.89 6.79 10809
20140625 6.88 6.90 6.90 6.81 13331
20140626 6.89 6.94 6.96 6.88 15000
20140627 6.92 7.00 7.04 6.89 21724
20140630 7.00 7.27 7.36 6.96 54996
20140701 7.24 7.10 7.34 7.10 39911
20140702 7.15 7.29 7.33 7.15 37743
20140703 7.25 7.28 7.36 7.21 26164
20140704 7.24 7.16 7.40 7.11 40147
20140707 7.16 7.18 7.21 7.10 22100
20140708 7.18 7.36 7.40 7.11 44914
20140709 7.35 7.33 7.53 7.30 56540
20140710 7.25 7.28 7.36 7.20 26396
20140711 7.28 7.29 7.44 7.21 37614
20140714 7.28 7.35 7.38 7.23 27388
20140715 7.32 7.17 7.32 7.11 42401
20140716 7.20 7.05 7.21 7.01 29282
20140717 6.80 6.73 6.89 6.50 89152
20140718 6.68 6.80 6.89 6.67 23450
20140721 6.80 6.87 6.92 6.75 17587
20140722 6.87 6.91 6.93 6.80 15250
20140723 6.92 6.95 7.04 6.87 27925
20140724 6.90 7.06 7.12 6.90 36771
20140728 7.21 7.13 7.22 7.01 36190
20140729 7.10 7.23 7.25 7.08 31708
20140730 7.24 7.31 7.34 7.16 40045
20140731 7.36 7.29 7.36 7.22 26793
20140801 7.30 8.02 8.02 7.24 158151
20140804 8.18 8.72 8.82 8.10 214595
20140805 8.49 8.60 8.65 8.30 123382
20140806 8.48 8.41 8.50 8.30 64724
20140807 8.45 8.95 9.22 8.45 152285
20140808 8.99 8.91 9.28 8.80 93107
20140811 8.95 8.85 8.95 8.60 81432
20140812 8.80 8.82 9.12 8.74 68864
20140813 8.83 8.74 8.88 8.64 51414
20140814 8.73 8.62 8.77 8.59 45512
20140815 8.65 8.64 8.72 8.58 34239
20140818 8.65 9.21 9.42 8.64 95067
20140819 9.19 9.50 9.57 9.09 92053
20140820 9.50 9.27 9.66 9.22 45546
20140821 9.26 9.32 9.45 9.10 33861
20140822 9.22 9.30 9.46 9.10 42606
20140825 9.28 9.33 9.57 9.28 39246
20140826 9.31 9.13 9.48 9.11 34215
20140827 9.12 9.07 9.18 8.95 30146
20140828 9.08 9.77 9.85 8.88 89585
20140829 9.74 9.80 9.88 9.51 40732
20140901 9.70 10.00 10.08 9.62 44200
20140902 10.01 9.97 10.30 9.85 36653
20140903 10.02 9.99 10.09 9.88 35567
20140904 10.03 10.11 10.21 9.92 43389
20140905 10.22 10.27 10.40 10.10 48036
20140909 10.28 10.37 10.68 10.28 48327
20140910 10.27 10.47 10.63 10.10 28541
20140911 10.42 10.58 10.86 10.42 50105
20140912 10.70 11.56 11.56 10.70 60147
20140915 11.40 11.94 12.10 11.40 81459
20140916 11.94 11.50 12.46 11.31 97406
20140917 11.50 11.20 11.75 10.86 78488
20140918 11.30 12.00 12.10 11.25 80090
20140919 11.96 12.00 12.11 11.88 49363
20140922 12.00 11.55 12.00 11.30 53088
20140923 11.50 11.84 11.84 11.26 46778
20140924 11.84 12.18 12.38 11.65 52913
20140925 12.18 12.37 12.71 12.18 55755
20140926 12.38 13.03 13.20 12.26 66497
20140929 13.17 13.00 13.50 12.88 53430
20140930 13.02 13.98 14.16 12.87 65097
20141008 13.79 15.05 15.08 13.75 103179
20141009 15.05 16.38 16.54 14.78 113625
20141010 16.52 15.96 16.64 15.60 90761
20141013 15.81 15.86 16.27 15.60 51449
20141014 15.86 15.97 16.10 15.01 70670
20141015 15.83 15.61 16.01 15.45 58256
20141016 15.79 16.90 17.17 15.45 97669
20141017 17.07 17.60 18.00 16.60 100142
20141020 17.40 17.47 18.20 17.29 77306
20141021 17.50 17.67 18.15 17.43 56310
20141022 17.34 16.86 17.88 16.76 78415
20141023 16.40 15.35 16.59 15.17 135053
20141024 15.00 15.21 15.67 14.88 60913
20141027 15.10 15.21 15.29 14.48 67238
20141028 15.22 16.73 16.73 15.21 81919
20141029 17.04 17.30 17.88 17.04 84823
20141030 17.30 17.17 17.48 16.81 52089
20141031 17.10 17.23 17.80 17.10 45094
20141103 17.23 17.48 17.50 16.84 54793
20141104 17.50 18.20 18.27 17.32 94279
20141105 18.20 18.03 18.67 18.03 52783
20141106 18.12 18.15 18.50 17.83 46304
20141107 18.15 17.75 18.29 17.33 64525
20141110 17.85 17.25 17.86 16.70 67584
20141111 17.25 16.81 17.25 16.45 45616
20141112 16.82 17.28 17.30 16.65 29227
20141113 17.27 17.28 17.52 16.81 21577
20141114 17.19 17.78 17.78 16.81 55273
20141117 17.85 17.51 17.90 17.51 27713
20141118 17.42 17.62 17.98 17.42 20776
20141119 17.62 17.15 17.67 17.10 26772
20141120 17.15 17.20 17.51 16.95 19326
20141121 17.21 17.48 17.53 17.10 21385
20141124 17.80 17.86 18.04 17.51 40665
20141125 17.94 19.65 19.65 17.94 79919
20141126 19.68 19.96 20.33 19.40 65514
20141127 20.00 19.70 20.10 19.55 42642
20141128 19.71 19.71 20.47 19.62 55261
20141201 19.72 19.10 19.99 18.90 64426
20141202 19.10 18.97 19.29 18.81 41787
20141203 19.00 20.81 20.85 19.00 77728
20141204 20.83 20.32 20.98 20.05 48577
20141205 20.28 19.99 20.28 18.54 81611
20141208 19.91 19.86 20.30 19.30 53847
20141209 19.56 19.11 20.16 19.10 39496
20141210 18.81 19.72 19.88 18.81 27475
20141211 19.69 19.83 20.35 19.40 20400
20141212 20.10 20.02 20.31 19.70 18011
20141215 20.09 19.98 20.20 19.81 21090
20141216 19.98 20.00 20.06 19.75 27472
20141217 19.96 19.60 20.10 19.50 32009
20141218 19.68 18.40 19.86 18.23 58381
20141219 18.00 18.76 19.06 17.88 42173
20141222 18.51 17.68 18.59 17.44 25172
20141223 17.64 17.52 18.00 17.30 12371
20141224 17.54 16.95 17.85 16.83 23835
20141225 16.93 18.14 18.30 16.25 62861
20141226 17.30 18.63 18.98 17.30 45516
20141229 18.47 18.40 18.80 18.18 24382
20141230 18.40 18.95 19.18 18.25 29966
20141231 19.00 19.18 19.18 18.50 32356
20150105 19.19 17.95 19.22 17.95 40085
20150106 17.56 17.13 17.59 16.60 32876
20150107 17.05 17.02 17.45 16.80 14315
20150108 17.01 17.00 17.30 16.67 16853
20150109 17.18 16.45 17.18 16.40 31149
20150112 15.42 16.90 17.32 15.42 75285
20150113 16.89 16.99 17.14 16.30 22303
20150114 16.98 16.38 17.11 16.01 36430
20150115 16.40 16.41 16.65 16.15 11556
20150116 16.41 16.60 16.62 16.31 18749
20150119 16.42 16.11 17.00 15.85 21253
20150120 16.50 16.68 16.76 16.23 13737
20150121 16.66 17.38 17.68 16.62 31121
20150122 17.25 17.41 17.72 17.25 30135
20150123 17.49 17.65 17.85 17.35 26695
20150126 17.65 19.08 19.37 17.65 78424
20150127 19.38 19.89 20.18 19.25 73379
20150128 19.80 21.88 21.88 19.38 95804
20150129 21.87 22.85 23.97 21.46 136078
20150130 22.84 22.89 23.68 22.42 64619
20150202 22.46 23.21 23.34 22.10 60936
20150203 23.00 23.90 24.70 22.81 59141
20150204 24.00 23.39 24.28 22.90 56404
20150205 23.35 24.82 25.30 23.00 65578
20150206 24.78 25.75 26.88 24.50 60137
20150209 25.80 25.23 26.35 24.70 39407
20150210 25.00 24.70 25.30 23.89 38542
20150211 24.70 25.82 25.91 24.60 23489
20150212 25.94 25.30 26.50 25.20 27259
20150213 25.37 25.30 25.54 24.80 17912
20150216 25.30 25.80 26.23 25.30 16479
20150217 26.27 26.22 26.60 25.80 20445
20150225 25.86 28.80 28.80 25.70 42928
20150226 28.69 28.26 28.70 27.30 20729
20150227 28.26 27.83 28.47 27.63 17831
20150302 28.40 28.45 28.90 27.50 24361
20150303 28.00 29.09 29.99 28.00 35237
20150304 29.00 30.38 30.58 27.60 34307
20150305 30.43 29.99 30.50 29.55 19729
20150306 30.00 29.54 30.51 29.51 20294
20150309 29.68 28.71 29.99 28.16 29932
20150310 28.62 28.36 29.13 28.17 28615
20150311 28.41 27.80 28.79 27.63 26718
20150312 27.88 29.02 29.98 27.83 29689
20150313 29.02 28.75 29.40 26.12 26107
20150316 28.41 28.88 29.22 28.10 34723
20150317 29.00 29.14 29.24 28.73 31607
20150318 29.15 29.41 30.26 29.00 36447
20150319 29.41 29.35 30.88 29.00 31572
20150320 29.35 30.88 31.20 29.35 34133
20150323 30.88 32.80 32.92 30.35 61821
20150324 32.91 33.67 33.99 31.80 51393
20150325 33.82 37.04 37.04 33.82 69888
20150326 36.80 37.46 39.90 36.61 59646
20150327 37.46 38.50 38.90 34.50 41226
20150330 38.08 37.09 38.79 36.70 43334
20150331 36.80 37.50 37.75 35.50 30366
20150401 37.45 38.38 38.66 37.00 27035
20150402 38.19 38.20 38.37 37.40 29115
20150403 38.95 39.60 41.00 38.20 52941
20150407 39.90 39.46 40.00 38.02 56936
20150408 39.00 38.50 39.50 38.16 32352
20150409 38.50 38.83 39.98 38.30 45948
20150410 38.60 38.71 39.50 37.50 30781
20150413 38.74 38.72 39.51 38.16 48736
20150414 38.70 36.65 38.99 36.65 50516
20150415 36.55 35.12 36.55 33.00 62435
20150416 35.11 38.63 38.63 33.50 73500
20150417 39.52 42.49 42.49 39.50 112424
20150420 43.15 43.35 46.68 42.49 93604
20150421 43.34 44.10 45.63 43.02 42529
20150422 43.99 48.51 48.51 43.55 79031
20150423 50.41 47.90 50.41 47.27 61904
20150424 47.92 52.30 52.30 46.80 70268
20150427 53.00 55.16 57.53 51.88 66357
20150428 55.50 54.00 56.88 52.49 54724
20150429 54.00 59.00 59.17 53.98 55352
20150430 59.95 59.99 61.95 58.00 33570
20150504 60.10 59.55 60.80 58.13 29411
20150505 59.55 60.30 62.00 57.55 36516
20150506 31.30 31.65 33.10 29.60 92216
20150507 31.67 30.02 32.78 28.58 71865
20150508 31.00 30.00 31.38 27.53 133068
20150511 30.78 32.80 32.80 30.05 165480
20150512 33.22 36.08 36.08 33.08 128176
20150520 39.00 39.69 39.69 38.68 95375
20150521 43.66 39.96 43.66 37.70 201566
20150522 39.92 39.49 42.10 37.72 231380
20150525 38.80 37.94 38.88 37.70 181961
20150526 38.10 38.20 38.71 37.00 191253
20150527 38.08 37.17 38.10 36.38 125615
20150528 37.28 38.75 40.49 37.28 220575
20150529 39.69 41.99 42.20 38.31 240065
20150601 42.90 42.20 44.58 41.73 207682
20150602 42.20 46.42 46.42 41.36 200990
20150603 46.66 48.18 49.80 45.60 193734
20150604 48.00 46.01 48.00 43.36 130054
20150605 47.80 47.70 50.01 44.91 180677
20150608 46.70 43.05 46.70 42.93 194826
20150609 41.50 41.18 42.97 39.00 154267
20150610 41.29 41.40 42.93 41.00 88088
20150611 41.62 43.38 43.93 40.48 148726
20150612 43.43 44.45 45.30 43.20 203767
20150615 45.00 41.85 45.25 41.50 241199
20150616 40.29 39.30 42.44 37.67 332125
20150617 39.00 37.78 39.18 35.37 268806
20150618 36.50 34.00 36.66 34.00 149940
20150619 31.70 30.60 31.70 30.60 100082
20150713 27.54 33.55 33.59 27.54 961617
20150714 31.00 30.20 32.54 30.20 596725
20150715 27.18 27.18 27.18 27.18 22510
20150716 24.46 24.46 25.95 24.46 662879
20150717 23.18 24.62 25.58 22.25 765888
20150720 23.50 23.61 25.02 23.18 550905
20150721 23.00 25.97 25.97 22.20 618458
20150722 26.53 25.50 27.48 24.50 644676
20150723 25.16 26.60 27.26 25.12 483779
20150724 27.00 26.50 27.90 26.00 556312
20150727 25.80 23.85 26.80 23.85 371504
20150728 21.47 21.47 23.00 21.47 402673
20150729 21.90 21.50 22.18 19.32 494665
20150730 20.53 19.35 21.22 19.35 343209
