20140102 7.26 7.33 7.35 7.20 69280
20140103 7.33 7.25 7.39 7.18 75442
20140106 7.23 7.63 7.90 7.14 263132
20140107 7.50 7.88 7.95 7.46 299663
20140108 7.84 7.79 7.93 7.64 190266
20140109 7.75 7.50 7.90 7.47 177211
20140110 7.46 7.20 7.54 7.17 164515
20140113 7.18 7.23 7.27 7.13 81985
20140114 7.24 7.33 7.35 7.04 106962
20140115 7.30 7.36 7.36 7.23 86598
20140116 7.35 7.29 7.44 7.29 82834
20140117 7.28 7.36 7.38 7.16 89184
20140120 7.35 7.59 7.64 7.26 127344
20140121 7.55 7.61 7.64 7.51 94280
20140122 7.58 7.70 7.76 7.53 122985
20140123 7.69 7.65 7.73 7.57 108115
20140124 7.60 7.68 7.77 7.57 99816
20140127 7.60 7.51 7.63 7.50 100563
20140128 7.51 7.76 7.76 7.38 130733
20140129 7.72 7.73 7.87 7.66 117995
20140130 7.70 7.93 8.10 7.69 152495
20140207 7.88 7.97 8.04 7.78 120363
20140210 7.97 8.09 8.18 7.96 165632
20140211 8.13 7.96 8.16 7.86 187670
20140212 7.94 8.36 8.44 7.84 275512
20140213 8.30 8.17 8.45 8.16 190917
20140214 8.23 8.55 8.60 8.19 226331
20140217 8.65 8.60 8.72 8.46 198069
20140218 8.65 8.97 9.40 8.54 339158
20140219 8.93 8.94 9.17 8.76 270209
20140220 9.01 8.45 9.15 8.45 266549
20140221 8.48 8.42 8.65 8.27 174806
20140224 8.35 8.63 8.65 8.27 165658
20140225 8.63 8.11 8.79 7.97 209972
20140226 7.98 8.32 8.33 7.93 153831
20140227 8.36 8.48 8.95 8.30 269386
20140228 8.41 8.70 8.79 8.30 197642
20140303 8.67 8.73 8.85 8.59 186495
20140304 8.65 8.69 8.79 8.57 140497
20140305 8.67 8.80 9.07 8.67 210465
20140306 8.77 8.68 8.86 8.55 127609
20140307 8.73 8.88 9.04 8.73 200588
20140310 8.81 8.40 8.82 8.36 149512
20140311 8.38 8.14 8.42 8.09 139253
20140312 8.11 8.10 8.24 7.82 120281
20140313 8.07 8.14 8.20 8.02 83094
20140314 8.10 8.01 8.11 7.90 75263
20140317 7.95 8.26 8.31 7.93 95804
20140318 8.28 8.20 8.34 8.16 75093
20140319 8.19 8.33 8.33 8.14 79316
20140320 8.35 8.00 8.38 8.00 84146
20140321 7.93 8.27 8.30 7.85 96351
20140324 8.26 8.25 8.31 8.15 75626
20140325 8.28 8.12 8.28 8.06 76713
20140326 8.10 8.18 8.23 8.07 58719
20140327 8.14 8.00 8.15 7.96 77005
20140328 7.97 7.69 8.03 7.64 112174
20140331 7.70 7.65 7.76 7.56 42913
20140401 7.65 7.74 7.77 7.64 37934
20140402 7.74 7.67 7.80 7.66 38207
20140403 7.70 7.73 7.81 7.68 40063
20140404 7.74 7.83 7.84 7.72 46155
20140408 7.83 7.91 7.93 7.75 50849
20140409 7.90 7.91 8.02 7.88 52116
20140410 7.93 7.99 8.07 7.87 72643
20140411 7.95 7.81 7.97 7.78 57634
20140414 7.78 7.91 7.91 7.75 49806
20140415 7.93 7.90 8.09 7.87 76260
20140416 7.90 8.04 8.06 7.87 62294
20140417 8.04 8.07 8.15 7.97 60764
20140418 8.05 8.05 8.09 8.00 35339
20140421 8.01 7.89 8.17 7.87 60281
20140422 7.89 7.80 7.93 7.65 56692
20140423 7.76 7.80 7.84 7.74 31700
20140424 7.79 7.68 7.79 7.67 33388
20140425 7.68 7.36 7.71 7.36 54256
20140428 7.32 7.06 7.33 7.05 58384
20140429 7.06 7.19 7.23 7.06 34461
20140430 7.15 7.18 7.26 7.12 34320
20140505 7.18 7.26 7.31 7.13 35472
20140506 7.27 7.36 7.45 7.24 51894
20140507 7.33 7.24 7.39 7.23 24585
20140508 7.23 7.22 7.38 7.16 23662
20140509 7.22 7.19 7.25 7.12 23844
20140512 7.23 7.43 7.45 7.20 36819
20140513 7.38 7.38 7.48 7.36 30555
20140514 7.38 7.35 7.40 7.31 22717
20140515 7.35 7.18 7.40 7.16 32655
20140516 7.15 7.22 7.22 7.08 27293
20140519 7.20 7.27 7.32 7.15 24753
20140520 7.33 7.25 7.42 7.22 24594
20140521 7.20 7.34 7.34 7.16 25787
20140522 7.31 7.28 7.46 7.27 45159
20140523 7.27 7.37 7.38 7.26 25329
20140526 7.39 7.39 7.44 7.34 32520
20140527 7.41 7.34 7.47 7.34 33614
20140528 7.34 7.46 7.48 7.30 45235
20140529 7.44 7.32 7.48 7.31 33219
20140530 7.34 7.33 7.39 7.29 20404
20140603 7.37 7.26 7.39 7.24 23834
20140604 7.23 7.17 7.28 7.09 32652
20140605 7.17 7.31 7.34 7.17 39218
20140606 7.31 7.37 7.42 7.27 41295
20140609 7.35 7.31 7.42 7.31 22134
20140610 7.36 7.42 7.45 7.30 55488
20140611 7.49 7.46 7.57 7.41 57726
20140612 7.41 7.49 7.54 7.37 36560
20140613 7.43 7.56 7.61 7.43 61601
20140616 7.56 7.52 7.59 7.48 40301
20140617 7.49 7.40 7.50 7.37 36792
20140618 7.39 7.31 7.42 7.27 43837
20140619 7.30 7.12 7.36 7.08 35732
20140620 7.16 7.20 7.23 7.12 18616
20140623 7.23 7.20 7.29 7.20 20744
20140624 7.22 7.25 7.28 7.20 24510
20140625 7.25 7.17 7.26 7.16 27964
20140626 7.20 7.28 7.32 7.20 36215
20140627 7.28 7.79 7.98 7.26 188961
20140630 7.74 7.67 7.77 7.62 86730
20140701 7.69 7.70 7.75 7.65 61165
20140702 7.69 7.63 7.70 7.56 71274
20140703 7.63 7.75 7.78 7.61 68578
20140704 7.75 7.67 7.89 7.66 59216
20140707 7.66 7.69 7.74 7.60 36642
20140708 7.49 7.29 7.49 7.10 161319
20140709 7.25 7.24 7.34 7.18 98054
20140710 7.26 7.48 7.66 7.26 143452
20140711 7.44 7.53 7.59 7.39 87723
20140714 7.53 8.01 8.16 7.47 335066
20140715 8.08 8.05 8.08 7.85 170851
20140716 7.99 8.14 8.55 7.90 271619
20140717 8.20 8.11 8.20 7.96 85513
20140718 8.03 8.12 8.29 7.92 122267
20140721 8.08 8.00 8.10 7.93 56629
20140722 8.00 8.27 8.50 7.95 337973
20140723 8.20 8.18 8.29 8.12 89019
20140724 8.18 8.20 8.70 8.15 265592
20140725 8.22 8.26 8.46 8.15 133055
20140728 8.27 8.35 8.43 8.16 198980
20140729 8.36 8.32 8.44 8.27 132356
20140730 8.32 8.24 8.35 8.11 136344
20140731 8.21 8.40 8.49 8.15 170275
20140801 8.37 8.66 9.15 8.33 486090
20140804 8.62 8.69 8.79 8.53 176788
20140805 8.68 8.65 8.69 8.57 108611
20140806 8.63 8.88 8.98 8.56 168873
20140807 8.82 8.76 8.95 8.68 132205
20140808 8.71 8.76 8.84 8.61 102171
20140811 8.72 8.86 8.93 8.70 208728
20140812 8.84 8.81 8.88 8.78 89817
20140813 8.76 8.58 8.82 8.52 154461
20140814 8.58 8.57 8.68 8.53 98243
20140815 8.55 8.64 8.68 8.50 68020
20140818 8.65 8.84 8.93 8.63 114820
20140819 8.83 8.84 8.89 8.77 85867
20140820 8.85 8.91 9.18 8.79 254145
20140821 8.90 9.14 9.25 8.74 376193
20140822 9.39 9.38 9.88 9.17 455157
20140825 9.40 9.40 9.66 9.21 377804
20140826 9.35 8.86 9.46 8.71 633244
20140827 8.85 8.80 8.94 8.61 234755
20140828 8.71 8.38 8.75 8.33 170911
20140829 8.30 8.53 8.53 8.28 98018
20140901 8.51 8.58 8.59 8.43 96127
20140902 8.58 8.71 8.72 8.56 122356
20140903 8.75 8.81 8.84 8.62 162490
20140904 8.80 8.90 8.96 8.73 202021
20140905 8.87 9.02 9.14 8.82 347776
20140909 9.01 8.99 9.04 8.89 174350
20140910 9.00 9.08 9.09 8.86 162810
20140911 9.09 9.03 9.28 8.93 222225
20140912 9.00 9.22 9.26 8.94 170846
20140915 9.21 9.28 9.34 9.12 175859
20140916 9.28 8.82 9.33 8.81 249347
20140917 8.83 8.97 8.99 8.67 130108
20140918 8.94 9.12 9.15 8.86 136757
20140919 9.12 9.33 9.37 9.09 225088
20140922 9.31 9.19 9.33 9.11 147579
20140923 9.17 9.32 9.35 9.16 140393
20140924 9.28 9.44 9.48 9.26 154593
20140925 9.45 9.34 9.52 9.26 145654
20140926 9.29 9.43 9.47 9.20 112425
20140929 9.43 9.68 9.72 9.42 187858
20140930 9.71 9.65 9.76 9.59 113440
20141008 9.67 9.64 9.67 9.50 127711
20141009 9.63 9.72 9.85 9.50 182330
20141010 9.68 9.60 9.83 9.56 123816
20141013 9.53 9.38 9.53 9.26 171497
20141014 9.36 9.35 9.47 9.32 117397
20141015 9.36 9.29 9.41 9.17 109108
20141016 9.25 9.43 9.64 9.20 233198
20141017 9.40 9.03 9.40 8.92 242491
20141020 9.06 9.11 9.15 9.00 111000
20141021 9.12 8.95 9.16 8.95 100419
20141022 8.92 8.77 9.05 8.75 111468
20141023 8.93 8.79 8.94 8.70 114595
20141024 8.79 8.89 9.00 8.78 92495
20141027 8.80 8.90 8.98 8.63 88812
20141028 8.90 9.12 9.17 8.87 114467
20141029 9.10 9.20 9.25 9.05 138171
20141030 9.20 9.10 9.21 9.08 108155
20141031 9.10 9.08 9.19 9.00 108526
20141117 8.69 8.81 8.84 8.35 174122
20141118 8.74 8.62 8.82 8.58 129244
20141119 8.64 8.82 8.91 8.61 167144
20141120 8.75 8.89 8.90 8.69 87811
20141121 8.89 8.99 9.04 8.83 96844
20141124 9.03 8.97 9.07 8.92 110185
20141125 8.97 9.18 9.25 8.94 138571
20141126 9.17 9.18 9.28 9.12 132628
20141127 9.21 9.17 9.32 9.11 127162
20141128 9.17 9.15 9.26 9.08 125342
20141201 9.16 8.94 9.19 8.91 130499
20141202 8.90 8.97 9.06 8.87 105010
20141203 8.98 9.24 9.32 8.89 230389
20141204 9.24 9.30 9.34 9.20 176405
20141205 9.31 8.95 9.34 8.75 180169
20141208 8.92 9.02 9.13 8.70 153110
20141209 8.95 8.66 9.08 8.65 184235
20141210 8.65 8.99 9.03 8.55 189116
20141211 8.98 9.17 9.18 8.89 146048
20141212 9.19 9.26 9.32 9.12 145382
20141215 9.25 9.39 9.47 9.19 196991
20141216 9.37 9.30 9.49 9.26 130179
20141217 9.27 9.51 9.80 9.22 325113
20141218 9.50 9.30 9.50 9.26 144688
20141219 9.26 9.22 9.33 8.92 140553
20150326 10.14 10.14 10.14 10.14 2072
20150327 11.15 11.15 11.15 11.15 1882
20150330 12.27 12.27 12.27 12.27 1712
20150331 13.50 13.50 13.50 13.50 3620
20150401 14.85 14.85 14.85 14.85 9181
20150402 16.34 16.34 16.34 16.34 10568
20150403 17.97 17.97 17.97 17.97 13698
20150407 19.77 19.77 19.77 19.77 47146
20150408 21.50 20.33 21.50 20.15 1378995
20150409 20.48 20.27 20.73 19.11 655017
20150410 20.00 20.34 20.60 19.75 425224
20150413 20.44 20.37 20.86 19.76 424408
20150414 20.00 19.61 20.30 19.51 321954
20150415 19.89 17.79 19.89 17.79 365312
20150416 17.46 17.70 18.31 17.16 278740
20150417 17.76 18.10 18.63 17.76 268361
20150420 17.62 18.54 18.90 17.50 343419
20150421 18.35 18.70 18.96 18.20 213772
20150422 18.72 19.64 20.32 18.61 364356
20150423 19.62 19.46 19.90 19.21 267448
20150424 19.39 18.67 19.40 18.30 248395
20150427 19.20 18.60 19.28 18.35 173603
20150428 18.62 18.98 19.28 18.47 237714
20150429 18.90 18.71 18.90 18.36 166900
20150430 18.71 18.65 19.31 18.62 174161
20150504 18.41 18.40 18.55 18.01 158777
20150505 18.32 17.42 18.52 17.31 181683
20150506 17.46 17.48 17.98 17.31 155376
20150507 17.60 17.57 17.86 17.39 119556
20150508 17.83 18.60 18.64 17.83 220786
20150511 18.81 19.49 19.70 18.66 312308
20150512 19.53 19.48 19.82 19.00 257849
20150513 19.52 21.43 21.43 19.30 628457
20150514 21.70 22.07 23.50 21.68 577806
20150515 21.60 21.60 22.70 21.03 378423
20150518 21.80 23.00 23.50 21.50 457547
20150519 23.18 23.25 23.47 22.38 297553
20150520 23.33 23.00 24.69 22.80 348006
20150521 23.00 23.00 23.38 22.71 314460
20150522 23.20 23.44 24.10 22.70 317356
20150525 23.01 24.71 25.28 22.71 386072
20150526 24.85 25.88 26.02 24.35 337195
20150527 25.72 26.29 26.54 24.99 328719
20150528 26.28 24.52 28.05 24.35 400504
20150529 24.16 24.33 25.37 22.53 376702
20150601 24.33 25.87 26.03 24.32 329730
20150602 26.27 28.46 28.46 25.90 414272
20150603 29.56 30.90 31.29 28.40 449109
20150604 30.30 33.59 33.99 28.73 508200
20150605 35.02 33.59 35.65 31.88 472784
20150608 33.95 31.73 33.98 31.35 366356
20150609 31.38 31.75 32.70 30.15 283100
20150610 31.80 33.35 33.97 30.61 338630
20150625 30.02 30.02 30.02 30.02 48990
20150626 27.02 27.02 27.02 27.02 8941
20150629 24.32 24.32 24.32 24.32 36889
20150630 21.89 22.25 24.27 21.89 536781
20150701 20.70 20.03 22.48 20.03 409815
20150702 18.80 18.03 19.50 18.03 283453
20150703 16.23 16.23 17.09 16.23 244587
20150706 17.50 14.61 17.50 14.61 300771
20150714 16.07 16.07 16.07 16.07 11943
20150715 17.68 14.46 17.68 14.46 655093
20150716 13.13 14.10 14.97 13.01 453116
20150717 14.29 15.51 15.51 14.12 349637
20150720 16.00 17.06 17.06 15.82 522814
20150721 16.51 17.14 17.53 16.51 443703
20150722 17.56 18.85 18.85 17.29 671680
20150723 19.38 19.29 19.99 18.12 603555
20150724 19.19 19.04 20.75 18.75 491557
20150727 18.60 18.00 20.50 17.50 639830
20150728 16.52 18.25 18.88 16.20 556300
20150729 18.55 20.08 20.08 17.88 459054
20150730 20.50 20.60 22.00 20.08 643527
