20140701 11.10 11.78 12.48 11.10 385699
20140702 11.76 11.13 11.78 10.81 220679
20140703 11.12 12.24 12.24 11.12 357973
20140704 12.45 12.15 12.58 12.03 434755
20140707 12.10 12.26 12.50 11.95 250174
20140708 12.25 12.95 13.29 12.12 380294
20140709 12.84 12.98 13.55 12.64 404314
20140710 12.80 12.87 13.31 12.76 224515
20140711 12.70 13.03 13.15 12.61 136513
20140714 13.08 13.28 13.29 12.82 194119
20140715 13.10 12.88 13.42 12.79 176994
20140716 12.86 12.31 12.92 12.25 161150
20140717 12.30 12.64 12.71 12.21 141340
20140718 12.63 12.76 13.19 12.51 188009
20140721 13.13 12.87 13.41 12.71 148051
20140722 12.97 13.54 13.75 12.80 359279
20140723 13.36 13.37 13.73 13.20 216438
20140724 13.41 13.38 13.87 13.00 214127
20140725 13.31 13.58 13.88 13.10 267227
20140728 13.65 13.78 14.09 13.49 272570
20140729 13.78 14.12 14.35 13.42 344400
20140730 13.90 13.79 14.12 13.73 193195
20140731 13.71 13.81 14.02 13.71 139039
20140801 13.79 13.42 13.87 13.33 146767
20140804 13.24 13.69 13.73 13.24 115341
20140805 13.69 13.69 13.84 13.59 123974
20140806 13.60 13.79 13.97 13.43 133583
20140807 13.77 13.44 13.87 13.43 118749
20140808 13.44 13.49 13.56 13.29 91878
20140811 13.52 13.62 13.77 13.43 114085
20140812 13.65 13.85 13.94 13.60 153688
20140814 13.65 13.42 14.20 13.38 217706
20140815 13.35 13.12 13.48 12.99 219261
20140818 13.13 13.45 13.57 13.13 139832
20140819 13.46 13.76 13.85 13.36 157585
20140820 14.00 13.71 14.17 13.63 161108
20140821 13.67 13.83 13.96 13.62 104883
20140822 13.77 13.89 14.04 13.74 137686
20140825 14.00 14.15 14.60 13.91 261607
20140826 14.13 13.96 14.53 13.94 188700
20140827 13.80 13.86 14.18 13.76 102123
20140828 14.15 15.25 15.25 14.15 206884
20140829 15.60 15.24 15.95 14.80 387525
20140901 15.09 15.25 15.30 14.84 233872
20140902 15.20 15.36 15.47 14.97 242207
20140903 15.41 15.15 15.72 15.14 241003
20140904 15.15 15.14 15.25 14.90 179947
20140905 15.08 15.81 15.85 14.96 302794
20140909 15.76 15.63 15.80 15.45 174867
20140910 15.50 15.72 15.92 15.31 162744
20140911 15.91 15.46 16.28 15.42 221545
20140912 15.25 15.47 15.58 15.19 111382
20140915 15.40 15.37 15.60 15.26 131604
20140916 15.30 14.51 15.35 14.48 237036
20140917 14.51 14.77 15.03 14.51 125021
20140918 14.77 14.69 14.91 14.62 75938
20140919 14.65 15.03 15.32 14.65 125460
20140922 15.00 15.12 15.27 14.82 123397
20140923 15.15 15.19 15.40 15.12 98296
20140924 15.14 15.27 15.42 15.02 86765
20140925 15.50 15.56 16.28 15.41 225313
20140926 15.70 15.49 15.97 15.43 136114
20140929 15.56 15.49 15.74 15.34 113865
20140930 15.48 15.52 15.68 15.41 78759
20141008 15.55 15.50 15.60 15.20 87567
20141009 15.53 15.70 15.85 15.41 128491
20141010 15.60 15.37 15.60 15.18 101305
20141013 15.35 15.08 15.36 14.88 89776
20141014 15.05 14.80 15.23 14.79 87947
20141015 14.75 15.31 15.38 14.70 108472
20141016 15.20 15.34 15.67 15.18 130095
20141017 15.25 14.98 15.39 14.52 111684
20141020 15.01 15.66 15.66 15.01 249770
20141021 15.66 15.44 15.69 15.37 144964
20141022 15.35 14.79 15.43 14.75 104636
20141023 14.59 13.97 14.79 13.81 139761
20141024 14.02 13.73 14.12 13.53 70603
20141027 13.61 13.95 14.11 13.61 53206
20141028 14.11 14.44 14.58 14.00 93817
20141029 14.50 15.21 15.87 14.50 251117
20141030 15.10 15.13 15.35 14.94 95429
20141031 15.13 14.92 15.31 14.80 80065
20141103 15.25 15.18 15.48 15.01 89414
20141104 15.18 15.54 15.82 14.86 201940
20141105 15.38 15.56 15.90 15.22 186044
20141106 15.69 16.47 16.81 15.49 394396
20141107 16.40 16.00 16.93 15.82 344695
20141110 16.00 16.74 17.00 16.00 317952
20141111 16.89 15.82 16.89 15.60 264788
20141112 15.70 15.91 15.99 15.25 134365
20141113 15.89 15.29 15.93 15.11 140638
20141114 15.20 15.55 15.72 15.05 109197
20141117 15.71 16.16 16.32 15.41 185804
20141118 16.16 16.53 16.82 16.03 185318
20141119 16.35 15.82 16.35 15.80 143471
20141120 15.68 16.12 16.46 15.58 168375
20141121 15.96 16.10 16.37 15.90 102356
20141124 16.30 16.23 16.54 16.00 128008
20141125 16.39 16.79 16.94 16.39 217376
20141126 16.80 16.85 17.14 16.60 180671
20141127 17.10 17.00 17.45 16.67 179795
20141128 17.00 16.41 17.10 16.20 174087
20141201 16.40 15.85 16.42 15.81 146446
20141202 15.98 16.13 16.35 15.95 123934
20141203 16.14 16.60 16.89 15.80 258518
20141204 16.65 16.86 17.22 16.34 251059
20141205 17.27 16.79 17.44 16.00 314780
20141208 16.49 16.50 16.85 16.05 207968
20141209 16.30 14.85 16.34 14.85 290549
20141210 14.85 15.20 15.25 14.38 171382
20141211 15.20 15.15 15.38 14.90 133037
20141212 15.29 15.39 15.54 15.24 93073
20141215 15.37 15.72 15.81 15.11 109825
20141216 15.70 15.54 16.00 15.49 100380
20141217 15.54 15.09 15.67 14.84 112660
20141218 15.16 15.47 15.79 15.16 142979
20141219 15.39 14.90 15.39 14.52 157267
20141222 14.90 13.88 15.16 13.75 130020
20141223 13.91 13.70 14.28 13.68 62695
20141224 13.75 14.09 14.15 13.75 55802
20141225 14.20 14.37 14.46 14.14 50714
20141226 14.28 14.13 14.28 14.02 77660
20141229 14.13 13.90 14.14 13.63 74409
20141230 13.99 13.44 14.00 13.28 91067
20141231 13.50 13.82 14.00 13.38 90827
20150105 13.79 14.19 14.38 13.40 136383
20150106 14.13 14.30 14.34 13.90 106360
20150107 14.29 14.75 15.00 14.20 202678
20150108 14.93 14.52 15.20 14.50 194210
20150109 14.35 14.22 14.65 14.15 91171
20150112 14.03 13.70 14.04 13.65 63116
20150113 13.70 13.82 14.10 13.58 65691
20150114 13.80 14.09 14.09 13.66 83285
20150115 14.00 14.00 14.12 13.80 58658
20150116 14.70 14.40 14.95 14.34 184380
20150119 14.01 14.07 14.64 13.66 122401
20150120 14.13 14.43 14.50 14.13 92322
20150121 14.38 14.72 14.82 14.37 122563
20150122 14.62 14.99 15.11 14.62 147539
20150123 15.10 14.92 15.40 14.80 191475
20150126 14.92 15.17 15.30 14.80 133277
20150127 15.40 16.69 16.69 15.32 433589
20150128 16.59 16.00 16.68 15.93 263737
20150129 16.15 16.29 16.90 16.14 284791
20150130 16.00 15.55 16.34 15.51 170516
20150202 15.30 15.55 15.93 15.05 93195
20150203 15.74 15.79 15.93 15.51 70879
20150204 15.76 15.87 16.48 15.66 142998
20150205 16.11 15.46 16.20 15.35 129178
20150206 15.60 15.08 15.61 14.94 125581
20150209 14.95 14.69 15.21 14.67 74882
20150210 14.71 14.86 14.96 14.71 45168
20150211 14.88 15.07 15.18 14.85 48217
20150212 15.07 15.15 15.36 14.95 56442
20150213 15.15 15.42 15.58 15.10 80934
20150216 15.48 15.58 15.69 15.40 77847
20150217 15.61 15.47 15.73 15.39 86487
20150225 15.39 15.47 15.64 15.22 67926
20150226 15.43 15.81 15.84 15.36 94930
20150227 15.85 15.74 16.00 15.68 94729
20150302 15.75 16.07 16.09 15.75 130062
20150303 16.08 16.10 16.69 15.81 207716
20150304 16.40 16.19 16.55 16.10 139418
20150305 16.19 15.74 16.19 15.63 144570
20150306 15.84 15.95 16.14 15.77 147150
20150309 15.90 15.84 15.90 15.57 88364
20150310 15.80 15.98 16.18 15.80 111045
20150311 16.05 15.75 16.17 15.68 88186
20150312 16.10 16.44 16.95 15.96 259762
20150313 16.30 16.42 16.62 16.21 134311
20150316 16.48 16.70 16.70 16.41 177935
20150317 16.69 16.70 16.85 16.50 213805
20150318 16.72 17.05 17.24 16.60 206380
20150319 17.10 17.13 17.19 16.81 206931
20150320 16.00 16.11 16.44 15.51 974634
20150323 15.86 16.42 16.65 15.77 718969
20150324 16.36 16.16 16.36 15.72 414162
20150325 16.09 16.01 16.17 15.86 258698
20150326 16.00 17.61 17.61 15.77 790876
20150327 17.29 17.71 18.18 17.16 620004
20150330 17.79 17.74 17.99 17.33 393100
20150331 17.80 18.20 18.46 17.37 501405
20150401 17.98 18.20 18.26 17.81 402232
20150402 18.19 18.29 18.58 17.96 395843
20150403 18.00 18.10 18.16 17.85 323336
20150407 18.09 18.52 18.85 18.00 406635
20150408 18.50 18.04 18.65 17.72 285294
20150409 17.96 17.46 18.03 16.80 271343
20150410 17.39 17.68 17.76 17.25 186257
20150413 17.60 17.83 17.96 17.54 242478
20150414 17.83 18.66 18.84 17.63 394284
20150415 18.59 17.68 19.17 17.68 340753
20150416 18.25 19.45 19.45 18.00 602040
20150417 20.06 19.49 21.39 19.48 711555
20150420 18.81 19.12 20.30 18.01 528736
20150421 19.00 19.70 19.86 18.72 341300
20150422 20.22 19.99 20.90 19.80 393633
20150423 20.28 20.79 21.42 20.05 471439
20150424 20.20 20.17 20.76 19.84 304240
20150427 20.31 20.21 20.85 19.85 265612
20150428 20.04 19.13 20.04 19.01 261293
20150429 19.85 20.21 20.50 19.38 315837
20150430 20.17 20.19 20.48 19.83 215262
20150504 20.76 20.19 21.15 20.10 192575
20150505 20.15 19.13 20.15 19.08 176605
20150506 19.20 18.34 19.50 18.18 145332
20150507 18.45 18.09 18.60 17.98 105300
20150508 18.24 18.60 18.61 18.10 119798
20150511 18.80 19.39 19.43 18.75 162968
20150512 19.50 19.75 20.18 19.25 217957
20150513 19.69 19.33 19.77 19.22 200806
20150514 19.33 20.14 20.30 19.33 287155
20150515 20.09 19.56 20.20 19.40 180600
20150518 19.11 18.63 19.11 18.31 245806
20150519 18.59 18.88 18.97 18.44 168576
20150520 18.88 19.16 19.55 18.70 227448
20150521 19.10 19.55 19.68 18.81 226125
20150522 19.90 19.94 20.10 19.56 305688
20150525 19.73 21.93 21.93 19.66 467438
20150526 21.85 22.73 23.50 21.36 458823
20150527 22.70 23.18 23.98 22.11 392648
20150528 23.13 21.75 24.58 21.69 420851
20150529 21.76 23.93 23.93 20.01 443642
20150601 25.22 26.32 26.32 25.22 504054
20150602 27.02 26.32 27.20 25.15 461168
20150603 26.38 25.49 26.38 24.88 279533
20150604 26.10 28.04 28.04 24.51 420357
20150605 28.10 28.44 29.88 27.48 420420
20150608 28.45 26.96 28.45 26.50 327013
20150609 27.05 28.60 29.00 26.96 324303
20150610 27.77 27.48 28.20 26.50 297024
20150611 27.35 27.00 27.35 26.55 210462
20150612 27.01 26.94 27.55 26.92 204956
20150615 26.70 25.50 26.70 25.38 222617
20150616 25.96 25.22 26.50 24.72 197047
20150617 25.78 27.17 27.50 25.00 287981
20150618 26.75 25.33 27.28 25.30 263000
20150619 24.03 22.80 24.90 22.80 170985
20150623 22.80 22.95 23.29 20.56 170874
20150624 15.51 15.55 15.87 15.05 225864
20150625 15.50 14.15 15.51 14.00 380827
20150626 13.70 12.74 13.70 12.74 248296
20150629 13.00 11.47 13.11 11.47 315326
20150630 11.20 11.99 12.23 10.32 415199
20150701 11.66 10.96 12.54 10.90 351003
20150702 10.90 9.86 11.25 9.86 308477
20150703 9.54 8.87 10.15 8.87 347388
20150706 9.75 8.02 9.75 7.98 445748
20150707 7.51 7.22 7.68 7.22 233551
20150720 7.94 7.94 7.94 7.94 6533
20150721 8.73 8.73 8.73 8.73 4650
20150722 9.60 9.60 9.60 9.60 34779
20150723 10.56 10.56 10.56 10.56 265742
20150724 11.24 11.62 11.62 11.01 1050238
20150727 11.60 11.96 12.78 11.20 1374500
20150728 11.15 10.81 12.38 10.76 729394
20150729 10.93 11.32 11.44 9.85 629051
20150730 11.06 11.15 12.08 10.81 715362
