20140102 7.92 8.45 8.60 7.88 434853
20140103 8.46 8.90 9.07 8.46 782358
20140106 8.90 9.01 9.25 8.83 505018
20140107 8.98 9.10 9.12 8.83 285853
20140108 9.07 9.55 9.78 8.98 693860
20140109 9.41 9.23 9.66 9.20 355879
20140110 9.11 9.10 9.45 9.05 209577
20140113 9.10 9.11 9.25 8.96 183230
20140114 9.03 9.43 9.44 9.00 284766
20140115 9.60 9.76 10.10 9.43 572536
20140116 9.79 9.62 10.04 9.45 358421
20140120 9.79 9.66 9.92 9.22 305548
20140121 9.58 10.06 10.10 9.53 412352
20140122 10.00 10.06 10.21 9.81 260919
20140123 10.06 10.00 10.28 9.95 237956
20140124 10.00 9.88 10.08 9.79 260950
20140127 9.87 9.73 9.92 9.58 218944
20140128 9.72 9.54 9.95 9.46 160478
20140129 9.54 9.81 9.90 9.53 163983
20140130 9.58 9.08 9.58 8.90 399297
20140207 9.03 9.26 9.38 8.96 248743
20140210 9.27 9.48 9.54 9.21 341621
20140211 9.46 9.29 9.57 9.09 218655
20140212 9.32 9.30 9.38 9.13 236813
20140213 9.29 9.25 9.54 9.19 265709
20140214 9.22 9.16 9.41 9.07 282662
20140217 9.17 9.30 9.30 9.04 287468
20140218 9.30 9.93 9.93 9.28 660471
20140219 9.90 9.75 9.91 9.62 355576
20140220 9.73 9.39 9.78 9.35 290263
20140221 9.36 9.24 9.50 9.19 167602
20140224 9.11 9.25 9.34 9.09 171948
20140225 9.27 8.55 9.34 8.40 400504
20140226 8.45 8.20 8.45 7.99 333885
20140227 8.22 8.07 8.43 8.01 215404
20140228 8.03 8.22 8.30 7.90 150243
20140303 8.20 8.34 8.38 8.17 117236
20140304 8.29 8.43 8.54 8.19 146591
20140305 8.44 8.32 8.51 8.28 151320
20140306 8.28 8.19 8.32 8.07 137638
20140307 8.18 8.28 8.49 8.18 139214
20140310 8.31 8.01 8.35 7.96 131687
20140311 8.02 8.25 8.33 8.01 157988
20140312 8.30 8.36 8.49 8.18 152689
20140313 8.35 8.55 8.64 8.30 247720
20140314 8.50 8.71 8.77 8.48 247621
20140317 9.00 8.68 9.12 8.68 319189
20140318 8.61 8.95 8.95 8.60 332754
20140319 8.90 8.69 8.91 8.63 158546
20140320 8.65 8.09 8.74 8.09 229770
20140321 8.10 8.23 8.25 7.91 223619
20140324 8.25 8.26 8.38 8.12 138133
20140325 8.18 8.19 8.30 8.12 118898
20140326 8.19 8.42 8.53 8.17 173674
20140327 8.37 8.15 8.49 8.13 141627
20140328 8.18 8.00 8.22 7.98 142676
20140331 8.05 8.03 8.22 7.97 129087
20140401 8.05 8.40 8.43 8.00 336211
20140402 8.24 8.13 8.39 8.04 314406
20140403 8.10 8.11 8.18 8.05 145727
20140404 8.11 8.08 8.15 8.03 118192
20140408 8.05 7.84 8.10 7.60 406143
20140409 7.76 7.86 7.91 7.71 153343
20140410 7.87 8.13 8.28 7.83 386810
20140411 8.07 8.05 8.08 7.91 140447
20140414 8.03 8.08 8.17 8.00 143187
20140415 8.08 8.04 8.13 7.99 112285
20140416 8.00 7.99 8.05 7.80 155161
20140417 7.98 7.88 8.04 7.85 101556
20140418 7.88 7.79 7.91 7.77 150658
20140421 7.80 7.56 7.80 7.55 173231
20140422 7.64 7.48 7.69 7.27 233502
20140423 7.46 7.54 7.60 7.40 81544
20140424 7.51 7.35 7.55 7.34 79048
20140425 7.36 7.21 7.41 7.21 80273
20140428 7.15 7.16 7.19 6.97 107308
20140429 7.30 7.45 7.48 7.21 154298
20140430 7.40 7.54 7.65 7.40 114964
20140505 7.60 7.63 7.68 7.51 84992
20140506 7.64 7.63 7.75 7.59 116463
20140507 7.59 7.53 7.63 7.48 79670
20140508 7.53 7.55 7.68 7.47 77407
20140509 7.53 7.42 7.75 7.35 65144
20140512 7.48 7.57 7.63 7.41 98095
20140513 7.59 7.78 7.87 7.54 199004
20140514 7.81 7.78 7.91 7.71 90255
20140515 7.80 7.77 8.01 7.77 160858
20140516 7.70 7.93 7.95 7.65 152491
20140519 7.89 7.88 7.92 7.63 139070
20140520 7.90 7.75 7.95 7.73 102354
20140521 7.73 7.99 8.01 7.63 174442
20140522 8.00 8.03 8.16 7.98 162025
20140523 8.06 8.15 8.17 7.96 90913
20140526 8.17 8.31 8.32 8.08 179827
20140527 8.30 8.30 8.41 8.23 135809
20140528 8.30 8.30 8.41 8.23 137769
20140529 8.31 8.31 8.43 8.27 101911
20140530 8.31 8.12 8.35 7.97 216787
20140603 8.12 8.14 8.20 8.03 104417
20140604 8.13 7.98 8.14 7.95 136859
20140605 8.00 8.10 8.12 7.96 132361
20140606 8.12 8.30 8.32 8.10 202818
20140609 8.30 8.27 8.37 8.21 97177
20140611 8.39 8.56 8.58 8.27 232529
20140612 8.47 8.40 8.51 8.22 252203
20140613 8.40 8.54 8.71 8.33 387006
20140616 8.62 8.51 8.65 8.44 207691
20140617 8.51 8.46 8.62 8.43 222389
20140618 8.44 8.40 8.46 8.26 194108
20140619 8.40 8.03 8.40 7.99 230363
20140620 8.05 8.12 8.15 8.00 142229
20140623 8.13 8.02 8.19 7.95 148895
20140624 8.02 8.03 8.07 7.97 105471
20140625 8.05 7.91 8.07 7.85 143115
20140626 7.92 8.01 8.11 7.90 158073
20140627 8.04 8.09 8.11 7.97 169082
20140630 8.08 8.37 8.38 8.00 266271
20140701 8.34 8.53 8.59 8.32 343471
20140702 8.50 8.50 8.60 8.35 237252
20140703 8.53 8.83 8.90 8.48 435127
20140704 8.79 8.84 8.92 8.71 262973
20140707 8.84 8.74 8.99 8.62 267642
20140708 8.67 8.75 8.95 8.65 282522
20140709 8.75 8.64 8.92 8.61 206415
20140710 8.63 8.33 8.68 8.26 267839
20140711 8.30 8.32 8.39 8.25 191066
20140714 8.35 8.09 8.37 7.98 462764
20140715 8.07 8.13 8.17 8.05 206355
20140716 8.12 8.06 8.13 7.98 256574
20140717 8.04 7.74 8.06 7.70 339501
20140718 7.74 7.73 7.87 7.61 285187
20140721 7.75 7.86 7.87 7.71 150063
20140722 7.84 8.02 8.03 7.80 177965
20140723 8.01 7.84 8.01 7.80 143101
20140724 7.80 7.86 7.94 7.73 132172
20140725 7.85 7.78 7.95 7.68 202057
20140728 7.79 7.90 7.93 7.72 332727
20140729 7.88 7.93 8.01 7.87 259306
20140730 7.92 7.94 8.05 7.90 198667
20140731 7.95 8.00 8.08 7.91 251439
20140801 7.98 7.91 8.07 7.91 219681
20140804 7.93 7.97 7.98 7.79 209960
20140805 7.98 8.06 8.09 7.85 284122
20140806 8.03 8.04 8.09 7.96 254851
20140807 8.05 8.15 8.33 8.00 562294
20141114 7.35 7.85 8.15 7.35 1747710
20141117 7.66 7.51 7.85 7.50 866152
20141118 7.48 7.50 7.58 7.43 527279
20141119 7.56 8.25 8.25 7.54 937808
20141120 8.45 8.31 8.55 8.19 1155285
20141121 8.30 8.41 8.70 8.26 912485
20141124 8.45 8.48 8.63 8.32 778825
20141125 8.48 8.60 8.75 8.41 671026
20141126 8.56 8.40 8.66 8.30 713966
20141127 8.39 8.45 8.56 8.30 681324
20141128 8.40 8.24 8.44 8.21 616620
20141201 8.20 7.97 8.26 7.88 723019
20141202 7.92 7.99 8.09 7.90 410851
20141203 7.98 8.47 8.53 7.85 923129
20141204 8.40 8.47 8.57 8.38 659759
20141205 8.45 8.16 8.47 7.98 629673
20141208 8.06 8.09 8.34 7.95 531926
20141209 8.08 8.19 8.46 7.95 897775
20141210 8.20 8.73 8.74 8.20 1061246
20141211 8.60 8.65 8.78 8.53 694863
20141212 8.67 8.84 8.99 8.58 854336
20141215 8.84 9.10 9.24 8.77 878972
20141216 9.16 9.03 9.34 8.94 765727
20141217 9.00 8.74 9.00 8.66 751434
20141218 8.70 8.85 8.93 8.69 495234
20141219 8.81 8.68 8.94 8.45 484998
20141222 8.66 8.15 8.66 8.06 635251
20141223 8.11 8.17 8.35 8.09 294251
20141224 8.28 8.41 8.47 8.21 282453
20141225 8.42 8.40 8.48 8.30 281101
20141226 8.40 8.35 8.41 8.24 313494
20141229 8.30 8.17 8.30 8.12 341175
20141230 8.16 7.80 8.22 7.78 431362
20141231 7.84 7.93 7.93 7.78 204592
20150105 7.93 8.07 8.11 7.92 236321
20150106 8.08 8.18 8.24 8.00 301091
20150107 8.19 8.21 8.39 8.11 301578
20150108 8.22 8.15 8.26 8.12 191002
20150109 8.15 8.14 8.33 8.13 248272
20150112 8.17 8.00 8.21 7.95 220369
20150113 8.04 8.25 8.33 7.99 328173
20150114 8.21 8.18 8.29 8.15 221915
20150115 8.20 8.21 8.31 8.16 189115
20150116 8.23 8.43 8.50 8.21 398375
20150119 8.33 8.30 8.65 8.23 548428
20150120 8.38 8.55 8.58 8.34 524858
20150121 8.58 8.61 8.68 8.47 518862
20150122 8.57 8.64 8.66 8.51 390419
20150123 8.64 8.47 8.65 8.38 450250
20150126 8.41 8.59 8.63 8.36 332443
20150127 8.59 8.54 8.69 8.46 319007
20150128 8.52 8.73 8.76 8.43 398247
20150129 8.64 8.63 8.80 8.61 380332
20150130 8.65 8.36 8.68 8.32 335510
20150202 8.30 8.27 8.35 8.21 213470
20150203 8.26 8.46 8.49 8.23 230998
20150204 8.48 8.38 8.52 8.36 202809
20150205 8.46 8.31 8.47 8.31 232031
20150206 8.30 8.08 8.35 8.05 274458
20150209 8.08 8.10 8.15 8.05 129795
20150210 8.10 8.16 8.16 8.07 119705
20150211 8.17 8.16 8.23 8.10 199060
20150212 8.16 8.14 8.23 8.12 218096
20150213 8.18 8.30 8.36 8.16 287039
20150216 8.31 8.52 8.57 8.31 318481
20150217 8.52 8.50 8.57 8.42 210668
20150225 8.51 8.52 8.58 8.46 226663
20150226 8.53 8.70 8.75 8.49 364210
20150227 8.67 8.62 8.73 8.58 296334
20150302 8.66 8.81 8.85 8.58 502580
20150303 8.76 8.56 8.77 8.52 467789
20150304 8.57 8.94 9.20 8.57 712072
20150305 8.90 9.12 9.17 8.87 571303
20150306 9.14 8.92 9.21 8.90 412939
20150309 8.92 9.29 9.35 8.80 562561
20150310 9.30 9.24 9.40 9.16 381868
20150311 9.30 9.10 9.36 9.02 394251
20150312 9.13 9.02 9.21 8.97 376298
20150313 9.04 9.06 9.14 8.89 456558
20150316 9.06 9.60 9.79 9.03 904584
20150317 9.62 9.65 9.75 9.53 616858
20150318 9.69 9.73 9.79 9.61 499776
20150319 9.73 9.66 9.73 9.55 523499
20150320 9.54 9.79 9.98 9.46 800135
20150323 9.85 9.81 9.86 9.64 771347
20150324 9.79 9.64 9.79 9.40 733908
20150325 9.62 10.24 10.60 9.52 1304129
20150326 10.17 10.08 10.54 9.94 676128
20150327 10.19 10.31 10.54 10.00 568364
20150330 10.30 10.38 10.46 10.18 540083
20150331 10.00 10.10 10.33 9.96 993262
20150401 10.09 10.20 10.21 10.03 543275
20150402 10.22 10.51 10.51 10.15 713926
20150403 10.46 10.69 10.88 10.30 708775
20150407 10.72 10.72 10.79 10.56 522643
20150408 10.74 10.30 10.75 10.13 764869
20150409 10.30 10.06 10.30 9.62 724516
20150410 10.02 10.33 10.50 9.90 638721
20150413 10.44 10.35 10.44 10.11 652760
20150414 10.36 10.18 10.36 10.08 592231
20150415 10.16 9.77 10.17 9.68 544928
20150416 9.68 9.90 9.98 9.58 402293
20150417 9.97 9.94 10.15 9.91 515413
20150420 9.90 10.32 10.37 9.65 884080
20150421 10.28 10.72 10.90 10.21 1075026
20150422 10.80 10.76 11.23 10.75 1008408
20150423 10.81 11.08 11.35 10.70 929173
20150424 11.00 11.85 12.10 10.87 1160773
20150427 11.90 11.87 12.36 11.70 852130
20150429 11.30 11.50 11.67 11.03 802457
20150430 11.50 11.15 11.69 11.13 588502
20150504 11.17 11.25 11.49 11.17 383009
20150505 11.30 11.35 11.95 11.17 660341
20150506 11.36 10.91 11.63 10.73 423167
20150507 10.90 10.53 10.97 10.45 342652
20150508 10.64 11.30 11.38 10.64 495129
20150511 11.39 11.70 11.88 11.34 536825
20150512 11.80 11.89 12.13 11.61 594718
20150513 11.90 12.58 12.68 11.64 878173
20150514 12.50 12.43 12.90 12.30 684189
20150515 12.25 12.00 12.60 11.90 536228
20150518 12.06 12.94 13.00 11.92 686080
20150519 12.87 13.01 13.24 12.73 544517
20150520 13.05 13.09 13.65 13.05 550369
20150521 13.16 13.31 13.55 13.03 467791
20150522 13.32 13.33 13.54 13.00 608487
20150525 13.25 13.95 14.09 13.02 723532
20150526 14.03 14.16 14.70 13.77 731766
20150527 14.12 14.06 14.34 13.70 662868
20150528 14.12 13.30 14.97 13.30 876880
20150529 13.20 13.78 14.00 12.80 714415
20150601 13.81 15.16 15.16 13.81 614230
20150602 15.85 16.68 16.68 15.23 1011915
20150615 17.50 16.17 18.35 16.15 1285227
20150616 15.75 14.55 15.75 14.55 860268
20150617 14.66 15.39 15.56 14.38 730279
20150618 15.42 14.24 15.48 14.00 582728
20150619 13.90 12.90 13.90 12.82 581980
20150623 12.90 13.69 13.73 12.35 615180
20150624 13.83 13.94 14.16 13.51 540152
20150625 13.95 13.07 13.97 12.88 381350
20150626 12.55 11.76 12.90 11.76 524483
20150629 12.20 10.58 12.20 10.58 660672
20150630 10.41 11.48 11.59 9.52 701539
20150701 11.20 10.33 11.66 10.33 606103
20150702 10.39 9.30 10.54 9.30 593746
20150703 9.10 8.45 9.88 8.37 800903
20150706 9.30 8.01 9.30 7.61 1101848
20150720 8.78 8.78 8.78 8.78 26620
20150721 9.66 9.66 9.66 9.66 110423
20150722 9.99 10.63 10.63 9.91 943183
20150723 10.90 10.76 11.05 10.30 1397957
20150724 10.76 10.61 11.15 10.50 987630
20150727 10.35 9.55 10.62 9.55 805162
20150728 9.20 9.05 9.62 8.60 857205
20150729 9.22 9.61 9.69 8.94 537181
20150730 9.56 9.00 9.85 8.92 550977
