20140102 13.73 13.85 13.93 13.60 25723
20140103 13.75 13.41 13.84 13.32 32024
20140106 13.45 13.46 13.57 13.29 27208
20140107 13.30 13.10 13.45 13.04 26852
20140108 13.08 12.93 13.37 12.87 26326
20140109 12.85 12.85 13.05 12.84 20089
20140110 12.83 12.25 12.84 12.24 29053
20140113 12.30 12.64 12.69 12.21 23113
20140114 12.53 13.10 13.11 12.53 24356
20140115 13.01 13.16 13.42 13.01 30146
20140116 13.12 12.94 13.35 12.90 19425
20140117 12.96 12.73 13.04 12.67 16896
20140120 12.68 13.26 13.33 12.52 23391
20140121 13.26 13.65 13.87 13.17 36923
20140122 13.57 13.78 14.01 13.35 46390
20140123 13.68 14.04 14.12 13.61 43340
20140124 13.90 14.50 14.56 13.90 89441
20140127 14.40 14.50 14.55 14.14 42246
20140128 14.45 14.01 14.50 14.01 36386
20140129 14.00 14.10 14.35 13.90 20070
20140130 14.00 13.97 14.38 13.77 20038
20140207 13.81 13.98 14.18 13.61 24267
20140210 14.03 14.67 14.74 14.00 42353
20140211 14.70 14.68 14.93 14.38 39775
20140212 14.70 15.18 15.33 14.51 49447
20140213 15.18 14.69 15.50 14.69 49853
20140214 14.69 14.72 14.99 14.58 27150
20140217 14.73 14.79 14.94 14.65 39189
20140218 14.81 14.60 14.88 14.45 39744
20140219 14.50 14.54 14.66 14.29 26837
20140220 14.54 14.08 14.60 14.02 31535
20140221 14.07 13.84 14.15 13.70 32701
20140224 13.80 14.23 14.25 13.72 33780
20140225 14.20 13.90 14.43 13.78 41224
20140226 13.90 14.33 14.37 13.50 26922
20140227 14.36 13.91 14.66 13.91 36884
20140228 13.83 14.16 14.20 13.55 22284
20140303 14.20 14.57 14.80 14.11 25485
20140304 14.57 14.52 14.78 14.20 35812
20140305 14.63 14.56 14.88 14.48 47418
20140306 14.60 14.74 14.85 14.45 36559
20140307 14.74 14.01 14.83 13.97 40053
20140310 13.86 13.23 13.93 13.12 36307
20140311 13.01 13.18 13.34 13.01 17610
20140312 13.15 13.01 13.34 12.71 17206
20140313 13.05 13.63 13.65 13.05 17835
20140314 13.50 13.40 13.73 13.28 13721
20140317 13.49 13.37 13.60 13.08 19238
20140318 13.37 13.23 13.45 13.18 15730
20140319 13.16 13.29 13.30 13.09 14949
20140320 13.30 12.84 13.32 12.80 20849
20140321 12.70 13.07 13.13 12.65 10960
20140512 13.80 14.37 14.37 13.38 98237
20140513 14.35 14.39 14.47 13.98 42981
20140514 14.38 14.66 14.79 14.31 50665
20140515 14.16 14.00 14.36 13.54 37495
20140516 14.00 14.00 14.15 13.55 18194
20140519 13.98 13.97 13.99 13.58 11137
20140520 13.95 14.52 15.00 13.90 41164
20140521 14.52 14.41 14.58 14.18 23754
20140522 14.43 14.18 14.50 13.98 26689
20140523 14.16 14.60 15.02 13.99 52519
20140526 14.65 14.34 14.86 14.26 34492
20140527 14.34 14.11 14.34 14.10 16707
20140528 14.11 14.18 14.21 13.99 26050
20140529 14.13 13.93 14.13 13.76 21747
20140530 13.95 13.88 14.05 13.70 17358
20140603 13.82 13.86 13.94 13.80 9394
20140604 13.85 13.85 13.90 13.62 11298
20140605 13.73 13.95 13.97 13.73 8418
20140606 13.97 13.81 13.97 13.58 12738
20140609 13.77 13.83 13.99 13.70 10218
20140610 13.82 13.82 13.87 13.62 10155
20140611 13.78 13.36 13.78 13.27 22988
20140612 13.31 13.24 13.38 13.21 13763
20140613 13.20 13.31 13.37 13.19 17469
20140616 13.31 13.30 13.35 13.24 12322
20140617 13.32 13.21 13.32 13.13 13899
20140618 13.21 13.13 13.31 12.76 31264
20140619 13.07 13.00 13.20 12.77 19564
20140620 12.92 12.94 13.05 12.84 10093
20140623 12.95 12.80 12.95 12.73 21000
20140624 12.81 12.69 12.81 12.66 17165
20140625 12.70 12.79 12.87 12.70 19743
20140626 12.79 12.87 12.98 12.79 14544
20140627 12.88 12.88 12.98 12.80 19452
20140630 12.88 12.88 12.94 12.79 15552
20140701 12.87 13.08 13.09 12.77 29910
20140702 13.02 13.08 13.15 12.97 21682
20140703 13.09 13.12 13.18 12.99 22282
20140704 13.12 12.97 13.15 12.95 16806
20140707 12.97 12.81 12.97 12.73 20653
20140708 12.76 12.75 12.81 12.65 23313
20140709 12.73 12.68 12.73 12.56 27277
20140710 12.65 12.54 12.66 12.50 17829
20140711 12.51 12.59 12.66 12.49 21219
20140714 12.59 12.74 12.78 12.59 21234
20140715 12.71 12.50 12.75 12.38 41614
20140716 12.45 12.23 12.50 12.20 32624
20140717 12.30 11.97 12.32 11.91 45906
20140718 11.97 11.89 12.00 11.74 45670
20140721 11.88 11.92 11.96 11.80 37180
20140722 11.92 12.14 12.14 11.86 44639
20140723 12.13 12.09 12.20 11.96 35034
20140724 12.11 12.26 12.57 11.91 55520
20140725 12.24 12.06 12.45 11.91 86127
20140728 12.07 12.30 12.31 12.06 73520
20140729 12.40 12.40 12.42 12.29 54228
20140730 12.41 12.48 12.53 12.31 51413
20140731 12.50 12.53 12.57 12.44 38303
20140801 12.53 12.59 12.75 12.50 64058
20140804 12.65 12.70 12.72 12.52 38137
20140805 12.73 13.19 13.44 12.73 107222
20140806 13.19 13.52 13.59 12.93 123682
20140807 13.47 13.40 13.83 13.28 109285
20140808 13.47 13.80 14.42 13.30 158037
20140811 13.75 13.73 14.37 13.42 271567
20140812 13.57 13.38 13.79 13.28 149371
20140813 13.38 13.28 13.44 13.10 107879
20140814 13.22 13.19 13.29 13.10 118765
20140815 13.12 13.33 13.57 12.93 152512
20140818 13.32 13.37 13.37 13.15 123217
20140819 13.33 13.33 13.37 13.21 81470
20140820 13.30 13.16 13.30 13.10 107441
20140821 13.14 13.09 13.21 12.95 72676
20140822 13.06 13.15 13.18 13.01 46717
20140825 13.12 13.15 13.25 13.12 59460
20140826 13.14 12.69 13.17 12.66 84559
20140827 12.69 12.76 12.83 12.61 41800
20140828 12.76 12.57 12.80 12.51 39907
20140829 12.58 12.86 12.88 12.58 42496
20140901 12.86 12.98 12.99 12.80 40056
20140902 13.02 13.22 13.25 13.02 91990
20140903 13.22 13.24 13.30 13.11 80708
20140904 13.24 13.26 13.28 13.12 70114
20140905 13.27 13.40 13.52 13.22 107320
20140909 13.39 13.37 13.48 13.24 69215
20140910 13.31 13.28 13.32 13.17 78611
20140911 13.28 13.61 13.94 13.28 185289
20140912 13.79 13.76 13.94 13.56 164643
20140915 13.66 13.84 13.97 13.65 114486
20140916 13.88 13.65 14.19 13.63 181087
20140917 13.66 14.25 14.25 13.43 205530
20140918 14.11 14.16 14.28 14.03 103632
20140919 14.15 14.25 14.31 14.03 93581
20140922 14.26 14.32 14.78 14.18 143021
20140923 14.35 14.88 15.02 14.32 176552
20140924 14.92 14.92 15.26 14.77 172337
20140925 14.93 14.95 15.17 14.78 121962
20140926 14.81 15.82 16.13 14.80 156223
20140929 15.82 16.44 16.65 15.78 154906
20140930 16.46 16.73 16.94 16.20 131153
20141008 16.60 16.75 16.95 16.30 152371
20141009 16.74 17.42 17.58 16.71 231954
20141016 17.50 16.99 17.50 16.03 214953
20141017 16.68 16.40 17.20 16.13 162700
20141020 16.59 16.70 17.00 16.21 101482
20141021 16.70 17.58 17.70 16.67 133352
20141022 17.51 17.59 17.93 17.09 160522
20141023 17.40 17.24 17.85 17.10 84710
20141024 17.21 16.84 17.38 16.64 111407
20141027 16.81 16.95 17.01 16.68 53761
20141028 17.01 16.72 17.12 16.47 157418
20141029 16.80 17.70 17.75 16.73 182261
20141030 17.70 17.77 18.53 17.60 224957
20141031 17.70 17.18 17.73 16.79 185458
20141103 17.05 17.18 17.30 16.91 76761
20141104 17.20 17.00 17.20 16.84 50235
20141105 16.91 16.99 17.16 16.89 46813
20141106 16.90 16.80 17.08 16.56 84979
20141107 16.83 16.75 17.03 16.58 63333
20141110 16.63 16.18 16.85 16.12 112064
20141111 16.19 15.49 16.39 15.15 136341
20141112 15.42 15.76 15.82 15.32 65278
20141113 15.73 15.29 15.75 15.17 72503
20141114 15.25 15.47 15.53 14.98 54003
20141117 15.47 15.79 15.94 15.40 59397
20141118 15.78 15.91 15.93 15.62 38860
20141119 15.85 15.76 15.93 15.69 35336
20141120 15.75 15.99 16.16 15.66 69399
20141121 15.72 15.83 16.10 15.72 48098
20141124 15.88 15.83 16.00 15.66 56456
20141125 15.95 16.52 16.57 15.82 126468
20141126 16.88 16.41 16.88 16.13 175790
20141127 16.35 16.36 16.43 16.22 86533
20141128 16.37 16.39 16.53 16.18 61082
20141201 16.52 16.16 16.78 16.15 80913
20141202 16.25 16.00 16.37 15.95 101945
20141203 15.98 15.86 15.98 15.66 99692
20141204 15.88 16.10 16.19 15.82 79199
20141205 16.10 15.35 16.19 15.20 121534
20141208 15.27 15.20 15.48 15.00 101307
20141209 15.23 14.88 15.23 14.80 109079
20141210 14.80 15.33 15.45 14.75 99481
20141211 15.32 15.25 15.39 15.10 67739
20141212 15.34 15.37 15.44 15.22 72621
20141215 15.36 15.61 15.71 15.30 84440
20141216 15.62 15.34 15.68 15.30 68594
20141217 15.15 15.06 15.32 14.91 73784
20141218 15.00 14.80 15.15 14.80 83294
20141219 14.80 14.72 14.91 14.47 69353
20141222 14.70 13.98 14.90 13.92 91789
20141223 13.97 14.02 14.27 13.89 46505
20141224 14.10 14.52 14.61 14.10 74004
20141225 14.55 14.50 14.62 14.39 60234
20141226 14.42 14.64 14.66 14.42 69065
20141229 14.63 14.72 14.93 14.55 90964
20141230 14.73 14.10 14.80 14.00 80432
20141231 14.19 14.01 14.29 13.88 79819
20150105 13.96 14.33 14.44 13.90 113128
20150106 14.35 14.60 14.69 14.27 99493
20150107 14.63 14.62 14.67 14.43 75317
20150108 14.62 14.65 14.91 14.54 89047
20150109 14.66 14.47 14.88 14.41 93234
20150112 14.40 14.16 14.44 14.02 72638
20150113 14.18 14.44 14.44 14.10 53116
20150114 14.48 14.16 14.50 14.00 72873
20150115 14.17 14.22 14.25 14.03 68594
20150116 14.29 14.51 14.51 14.15 100393
20150119 14.32 14.09 14.66 13.90 113453
20150120 14.13 14.54 14.58 14.13 107429
20150121 14.60 15.14 15.30 14.55 208251
20150122 15.21 15.25 15.49 15.10 150696
20150123 15.25 14.98 15.31 14.90 125658
20150126 14.97 15.17 15.25 14.91 111906
20150127 15.18 15.34 15.34 14.86 123004
20150128 15.38 15.41 15.79 15.23 176383
20150129 15.30 15.12 15.41 15.09 87648
20150130 15.18 15.01 15.28 14.99 68923
20150202 14.56 14.32 14.56 14.00 122774
20150203 14.30 14.81 15.01 14.25 125777
20150204 14.82 15.69 15.99 14.80 277053
20150205 15.67 15.40 15.69 15.26 194747
20150206 15.39 15.50 15.55 15.30 85979
20150209 15.51 15.64 15.79 15.37 112786
20150210 15.68 15.23 15.68 15.10 151473
20150211 15.26 16.21 16.42 15.10 246975
20150212 16.26 16.49 16.78 16.26 241535
20150213 16.49 16.80 17.23 16.41 228679
20150216 16.79 17.28 17.50 16.62 155107
20150217 17.25 17.12 17.25 16.83 102405
20150225 17.10 16.95 17.42 16.72 84415
20150226 16.90 16.81 17.06 16.67 79677
20150227 16.85 16.88 16.96 16.73 76958
20150302 16.90 18.09 18.25 16.90 203949
20150303 17.98 18.48 19.28 17.82 255299
20150304 18.48 18.94 19.26 18.45 132098
20150305 19.00 18.58 19.64 18.35 131667
20150306 18.59 19.33 19.62 18.59 186296
20150309 19.29 19.21 19.36 18.70 106858
20150310 19.21 19.07 19.79 18.83 113789
20150311 19.10 18.47 19.21 18.34 136893
20150312 18.50 17.94 18.50 17.78 121703
20150313 18.11 18.16 18.54 18.02 84955
20150316 18.24 19.20 19.30 17.96 231498
20150317 19.18 19.82 19.85 19.00 200656
20150318 19.90 19.66 19.98 19.51 102756
20150319 19.66 21.01 21.20 19.66 178729
20150320 21.06 20.54 21.83 20.50 189347
20150323 20.60 21.16 21.30 20.51 136307
20150324 21.16 21.90 22.90 20.91 213330
20150325 22.00 23.90 24.09 22.00 186051
20150326 23.60 24.18 25.65 23.34 226433
20150327 26.60 25.18 26.60 25.00 210777
20150330 25.30 27.70 27.70 25.22 216582
20150331 26.35 27.10 27.59 26.30 168391
20150401 27.48 27.12 27.52 26.42 131962
20150402 27.17 27.56 28.98 26.86 179177
20150403 27.15 26.83 27.15 26.50 163120
20150407 26.90 27.16 27.59 26.60 136248
20150408 27.16 26.02 27.20 25.40 202063
20150409 25.91 25.02 25.91 23.65 249515
20150410 24.78 25.40 25.84 24.39 140241
20150413 25.54 26.50 27.19 25.50 193326
20150414 26.52 25.88 26.62 25.58 121753
20150415 25.80 24.78 25.80 24.78 95399
20150416 24.78 25.00 25.60 24.10 79211
20150417 25.01 24.76 25.30 24.70 91568
20150420 24.72 23.41 24.72 22.87 156031
20150421 23.04 24.06 24.16 23.04 125441
20150422 24.43 25.01 25.49 24.08 141196
20150423 25.03 25.23 25.71 25.03 119394
20150424 24.81 25.33 25.68 24.50 117025
20150427 25.75 26.74 27.10 25.75 177310
20150428 26.58 25.70 26.61 25.06 127956
20150429 25.01 25.34 25.61 24.70 81689
20150430 25.42 26.14 26.46 25.42 131961
20150504 26.20 26.30 26.81 25.88 92029
20150505 26.09 26.41 26.47 25.57 135341
20150506 26.39 26.78 27.95 26.30 206966
20150507 27.10 27.34 27.79 26.21 149299
20150508 29.00 30.07 30.07 28.36 237367
20150511 29.95 31.93 32.60 29.50 259472
20150512 31.69 31.63 32.00 30.70 173861
20150513 31.35 32.42 33.18 30.64 186127
20150514 32.40 30.22 32.40 30.00 188059
20150515 29.90 29.77 30.03 28.40 155870
20150518 29.46 29.94 30.68 29.30 133028
20150519 29.83 31.10 31.33 29.30 168648
20150520 30.98 31.37 32.89 30.72 153765
20150521 31.72 33.16 33.18 31.50 152896
20150522 33.81 34.95 35.41 32.72 211077
20150603 38.45 38.45 38.45 38.45 8500
20150604 39.97 38.30 40.35 35.30 302286
20150605 38.55 36.93 39.60 36.85 220103
20150608 36.10 34.96 36.50 33.77 170042
20150609 34.98 35.33 36.50 34.96 128671
20150610 35.39 37.45 38.00 34.00 158716
20150611 38.10 37.46 38.78 37.44 164435
20150612 37.27 36.39 37.77 36.29 131120
20150615 36.40 34.70 36.60 34.58 132984
20150616 32.00 30.47 32.28 30.30 112308
20150617 30.84 31.18 31.38 29.49 125142
20150618 31.38 29.85 31.47 29.51 84696
20150619 29.50 28.81 30.55 28.00 121444
20150623 29.00 29.96 30.02 27.50 118878
20150624 29.96 30.18 30.90 29.27 98546
20150625 30.18 28.79 30.78 27.80 114299
20150626 27.75 25.91 27.76 25.91 116135
20150629 26.30 23.32 26.48 23.32 151695
20150630 22.60 24.40 25.18 20.99 192510
20150701 24.46 21.96 25.18 21.96 160304
20150702 21.80 19.76 22.18 19.76 178570
20150703 18.00 17.78 19.80 17.78 203640
20150706 19.56 16.80 19.56 16.00 298587
20150720 18.48 18.48 18.48 18.48 2593
20150721 20.33 20.33 20.33 20.33 7224
20150722 22.36 22.36 22.36 22.36 24848
20150723 23.99 23.80 23.99 23.10 533639
20150724 23.42 23.08 24.04 22.90 380898
20150727 22.30 20.77 23.44 20.77 249494
20150728 19.35 19.39 20.68 18.69 329883
20150729 19.55 20.41 20.55 18.50 193559
20150730 20.13 19.27 20.80 19.00 198258
