20140102 7.39 7.29 7.39 7.22 10645
20140103 7.30 7.22 7.30 7.12 13554
20140106 7.22 7.55 7.82 7.12 60042
20140107 7.47 7.65 7.68 7.40 37110
20140108 7.64 8.07 8.30 7.50 77993
20140109 7.97 7.82 8.04 7.62 65942
20140110 7.78 7.64 7.91 7.63 26957
20140113 7.64 7.52 7.64 7.40 21719
20140114 7.52 7.69 7.69 7.39 22077
20140115 7.63 7.77 7.83 7.60 23905
20140116 7.76 7.61 7.79 7.52 17920
20140117 7.60 7.87 7.87 7.43 18046
20140120 7.80 7.68 7.95 7.60 20742
20140121 7.61 7.58 7.73 7.56 13958
20140122 7.64 7.82 7.82 7.48 22256
20140123 7.76 7.86 7.86 7.68 23445
20140124 7.81 7.97 8.02 7.80 31645
20140127 7.95 7.84 8.00 7.65 22950
20140128 7.75 7.72 7.88 7.50 22705
20140129 7.72 7.75 7.88 7.66 15650
20140130 7.76 7.65 7.78 7.62 8014
20140207 7.65 7.69 7.74 7.61 9456
20140210 7.69 7.91 7.96 7.64 36657
20140211 7.93 8.10 8.17 7.81 42973
20140212 8.10 8.12 8.14 7.93 33027
20140213 8.12 7.93 8.17 7.85 25855
20140214 7.89 8.38 8.40 7.88 49805
20140217 8.39 8.63 8.68 8.25 46223
20140218 8.61 8.33 8.61 8.31 41136
20140219 8.33 8.40 8.40 8.10 42299
20140220 8.36 8.22 8.60 8.17 40023
20140221 8.23 8.17 8.23 8.03 24153
20140224 8.17 8.09 8.17 7.96 18016
20140225 8.10 7.55 8.16 7.51 28187
20140226 7.55 7.63 7.67 7.41 15879
20140227 7.63 7.61 7.69 7.57 16239
20140228 7.61 7.60 7.74 7.45 13062
20140303 7.61 7.88 7.92 7.50 22613
20140304 7.87 8.23 8.30 7.80 40328
20140305 8.25 8.48 8.55 8.23 61567
20140306 8.40 8.34 8.55 8.09 63276
20140307 8.35 8.53 8.63 8.20 50000
20140310 8.50 8.30 8.62 8.25 28407
20140311 8.25 8.39 8.60 8.17 22303
20140312 8.31 8.88 9.18 8.25 49688
20140313 8.75 9.03 9.10 8.70 40009
20140314 8.90 8.90 9.02 8.71 30079
20140317 8.90 9.38 9.54 8.90 52505
20140318 9.30 9.43 9.68 9.30 44527
20140319 9.44 9.55 9.55 9.18 33635
20140320 9.53 10.21 10.51 9.53 98992
20140321 10.11 10.45 10.68 9.91 76916
20140324 10.48 10.82 10.82 10.18 82837
20140325 10.83 11.79 11.90 10.72 133263
20140326 11.45 12.80 12.96 11.42 157628
20140327 12.57 13.90 14.08 12.45 238862
20140328 13.59 12.51 13.97 12.51 216135
20140331 12.04 11.29 12.30 11.26 201022
20140401 11.39 12.33 12.42 11.24 170869
20140402 12.10 11.96 12.49 11.86 100988
20140403 11.98 11.99 12.01 11.13 95233
20140404 11.70 11.07 11.80 10.95 180837
20140408 11.00 10.92 11.06 10.68 94183
20140409 10.92 11.10 11.23 10.82 86086
20140410 11.14 10.86 11.17 10.83 101472
20140411 10.85 10.49 10.85 10.35 104594
20140414 10.56 10.84 10.85 10.51 86334
20140415 10.88 10.60 10.93 10.53 50769
20140416 10.60 10.80 10.90 10.58 56435
20140417 10.83 10.77 10.89 10.47 48708
20140418 10.69 10.81 10.87 10.59 31683
20140421 10.68 10.54 10.77 10.47 31743
20140422 10.56 10.06 10.63 10.01 42038
20140423 10.07 9.81 10.14 9.74 33346
20140424 9.86 9.90 9.97 9.77 25822
20140425 9.91 10.29 10.40 9.91 65032
20140428 10.50 10.53 10.76 10.11 59510
20140429 10.45 10.36 10.76 10.20 45640
20140430 10.35 10.55 10.74 10.11 33933
20140505 10.40 11.37 11.38 10.40 71012
20140506 11.41 11.29 11.70 11.13 61314
20140507 11.30 10.64 11.32 10.60 49180
20140508 10.50 10.69 11.08 10.31 32320
20140509 10.75 10.40 10.77 10.32 28712
20140512 10.46 10.85 10.85 10.46 19815
20140513 10.81 10.76 11.00 10.66 19092
20140514 10.63 10.90 10.94 10.61 13952
20140515 10.88 10.99 11.24 10.73 27469
20140516 11.00 11.95 11.98 10.95 118152
20140519 11.78 11.64 11.93 11.38 60589
20140520 11.58 12.27 12.36 11.58 84106
20140521 12.25 12.76 12.89 11.95 80703
20140522 12.75 12.60 12.90 12.51 59716
20140523 12.55 12.20 12.70 11.86 72408
20140526 12.29 12.63 12.63 12.00 63341
20140527 12.46 12.27 13.05 12.26 69546
20140528 12.10 12.09 12.37 12.00 41431
20140529 12.09 11.85 12.26 11.71 34449
20140530 11.82 12.12 12.17 11.76 24143
20140603 12.07 12.21 12.48 12.07 30666
20140604 12.22 12.08 12.29 11.84 20672
20140605 12.15 12.15 12.21 12.01 17411
20140606 12.15 11.83 12.15 11.76 24015
20140609 12.15 11.60 12.15 11.45 24979
20140610 11.68 11.59 11.68 11.33 19656
20140611 11.53 11.88 11.88 11.47 21963
20140612 12.04 12.17 12.46 11.93 38729
20140613 12.16 12.14 12.29 11.98 21454
20140616 12.16 12.34 12.34 12.01 21283
20140617 12.30 12.70 12.87 12.20 51076
20140618 12.50 12.35 12.69 12.18 43733
20140619 12.50 11.71 12.51 11.62 22076
20140620 11.71 12.03 12.36 11.71 18157
20140623 12.30 12.01 12.30 11.80 22144
20140624 12.08 11.94 12.08 11.81 11304
20140625 11.90 11.80 11.90 11.63 16047
20140626 11.79 11.87 12.08 11.79 20857
20140627 12.05 11.80 12.05 11.70 38762
20140630 11.90 12.28 12.32 11.78 36001
20140701 12.28 12.46 12.54 12.13 37372
20140702 12.46 12.46 12.55 12.26 31312
20140703 6.10 5.97 6.10 5.70 62819
20140704 5.92 5.89 6.02 5.82 41265
20140707 5.89 5.82 5.95 5.76 34041
20140708 5.80 6.07 6.08 5.70 51719
20140709 6.05 5.88 6.12 5.88 46600
20140710 5.87 5.88 6.00 5.78 33073
20140711 5.81 6.24 6.26 5.81 98054
20140714 6.21 6.45 6.45 6.15 119447
20140715 6.37 6.27 6.37 6.18 119657
20140716 6.25 6.17 6.25 6.09 61301
20140717 6.17 6.29 6.31 6.10 63917
20140718 6.29 6.25 6.38 6.17 51353
20140721 6.16 6.26 6.28 6.16 33475
20140722 6.26 6.27 6.30 6.16 40905
20140723 6.27 6.19 6.27 6.18 30028
20140724 6.20 6.14 6.20 6.04 35992
20140725 6.10 6.20 6.24 6.09 24507
20140728 6.22 6.12 6.25 6.09 58725
20140729 6.13 6.32 6.32 6.11 66076
20140730 6.30 6.49 6.71 6.20 162315
20140731 6.42 6.50 6.59 6.39 77055
20140801 6.46 6.41 6.54 6.30 52351
20140804 6.40 6.44 6.47 6.38 34995
20140805 6.46 6.73 6.75 6.36 115793
20140806 6.71 6.61 6.82 6.59 70457
20140807 6.60 6.57 6.85 6.56 109409
20140808 6.60 6.53 6.68 6.50 49897
20140811 6.53 6.67 6.69 6.53 51936
20140812 6.70 6.68 6.80 6.60 87070
20140813 6.73 7.25 7.35 6.66 324784
20140814 7.24 7.19 7.25 7.05 180328
20140815 7.13 7.29 7.55 7.09 179509
20140818 7.27 7.23 7.42 7.16 153740
20140819 7.18 7.10 7.29 6.96 134622
20140820 7.10 7.14 7.28 7.05 71572
20140821 7.10 7.10 7.17 7.02 54548
20140822 7.14 7.18 7.20 7.00 58428
20140825 7.18 7.21 7.28 7.13 61650
20140826 7.21 7.22 7.30 7.15 101773
20140827 7.22 7.09 7.29 7.00 75724
20140828 7.05 6.62 7.05 6.48 137106
20140829 6.59 6.70 6.73 6.45 53746
20140901 6.71 6.81 6.89 6.66 52122
20140902 6.81 6.91 6.93 6.78 58484
20140903 6.89 7.09 7.17 6.87 76733
20140904 7.10 7.14 7.15 6.99 60949
20140905 7.13 7.20 7.25 7.12 75174
20140909 7.20 7.31 7.33 7.15 74746
20140910 7.31 7.36 7.43 7.18 88328
20140911 7.35 7.60 7.89 7.33 181044
20140912 7.60 7.81 7.84 7.50 129430
20140915 7.83 8.59 8.59 7.80 233203
20141107 8.66 8.46 9.01 8.30 434416
20141110 8.40 8.38 8.45 7.88 261195
20141111 8.16 8.04 8.23 7.92 120261
20141112 8.02 8.18 8.22 7.89 93548
20141113 8.10 8.91 9.00 8.07 203880
20141114 8.80 8.66 9.16 8.57 140881
20141117 8.70 8.98 9.08 8.35 155391
20141118 8.86 8.31 8.92 8.30 211753
20141119 8.28 8.09 8.28 8.00 111769
20141120 8.10 8.19 8.28 8.02 61634
20141121 8.14 8.12 8.24 8.09 60573
20141124 8.11 8.13 8.24 8.00 97232
20141125 8.10 8.12 8.15 8.02 87425
20141126 8.11 8.45 8.49 8.03 170784
20141127 8.45 8.23 8.52 8.19 132342
20141128 8.23 8.12 8.24 8.05 80685
20141201 8.06 7.76 8.12 7.69 179080
20141202 7.76 7.92 7.99 7.71 79462
20141203 7.93 7.88 7.97 7.65 88603
20141204 7.87 7.88 7.94 7.80 110926
20141205 7.88 7.60 7.90 7.51 95541
20141208 7.60 7.50 7.68 7.49 94891
20141209 7.49 7.70 7.73 7.20 155746
20141210 7.68 7.84 7.95 7.55 106667
20141211 7.84 7.80 7.85 7.72 79467
20141212 7.78 8.05 8.07 7.71 118940
20141215 8.02 8.08 8.11 7.86 80265
20141216 8.08 8.00 8.10 7.95 55404
20141217 7.96 7.73 7.99 7.65 68390
20141218 7.70 7.70 7.88 7.60 57166
20141219 7.68 7.69 7.78 7.36 66122
20141222 7.69 7.08 7.69 7.04 79214
20141223 7.08 7.00 7.26 6.90 62338
20141224 7.01 7.09 7.13 6.97 37318
20141225 7.12 7.08 7.12 7.00 42091
20141226 7.08 7.05 7.11 7.00 29147
20141229 6.99 6.58 7.05 6.50 97296
20141230 6.58 6.80 6.88 6.58 80617
20141231 6.80 6.81 6.86 6.58 53238
20150105 6.80 6.96 7.04 6.69 53804
20150106 6.91 7.16 7.19 6.90 47382
20150107 7.16 7.11 7.30 7.03 38352
20150108 7.05 7.07 7.16 7.05 24287
20150109 7.08 7.23 7.33 7.07 80897
20150112 7.18 6.95 7.18 6.90 29832
20150113 6.94 7.02 7.07 6.92 17138
20150114 7.03 6.84 7.05 6.78 40232
20150115 6.84 6.83 6.85 6.78 20288
20150116 6.83 6.93 6.98 6.74 38101
20150119 6.85 6.69 6.95 6.66 49482
20150120 6.69 6.90 6.93 6.69 35492
20150121 6.98 7.11 7.13 6.91 61090
20150122 7.09 7.29 7.30 7.04 58086
20150123 7.30 7.22 7.39 7.13 75135
20150126 7.20 7.34 7.35 7.15 47788
20150127 7.35 7.37 7.39 7.22 49331
20150128 7.30 7.26 7.35 7.25 37684
20150129 7.21 7.16 7.22 7.10 39854
20150130 7.17 7.11 7.19 7.09 24797
20150202 7.11 7.09 7.15 7.03 22664
20150203 7.16 7.18 7.19 7.10 33042
20150204 7.20 7.00 7.21 6.98 49552
20150205 7.01 6.87 7.09 6.86 47860
20150206 6.86 6.84 6.93 6.69 47325
20150209 6.81 6.64 6.81 6.62 41256
20150210 6.68 6.66 6.69 6.61 30589
20150211 6.73 6.68 6.73 6.63 32080
20150212 6.68 6.94 6.97 6.68 47650
20150213 6.98 7.01 7.04 6.94 50317
20150216 7.01 7.25 7.26 7.01 62228
20150217 7.31 7.16 7.31 7.09 68441
20150225 7.20 7.15 7.25 7.11 28999
20150226 7.14 7.18 7.20 7.07 40696
20150227 7.23 7.90 7.90 7.23 205926
20150302 8.11 8.40 8.68 7.81 375812
20150303 8.30 8.09 8.33 8.07 217736
20150304 8.15 8.20 8.23 8.04 118896
20150305 8.20 8.42 8.55 8.11 163400
20150306 8.39 8.10 8.42 8.10 96067
20150309 8.06 8.16 8.31 7.98 80589
20150310 8.09 8.56 8.85 8.09 160907
20150311 8.55 8.62 8.75 8.37 131374
20150312 8.53 8.74 8.85 8.53 124391
20150313 8.77 8.58 8.82 8.50 96199
20150316 8.56 8.96 8.96 8.40 182958
20150317 8.92 8.94 9.20 8.78 160703
20150318 8.90 8.95 8.99 8.72 131739
20150319 8.94 9.19 9.27 8.80 166770
20150320 9.15 9.16 9.37 9.12 121025
20150323 9.16 9.19 9.32 9.10 119746
20150324 9.20 8.91 9.25 8.58 237108
20150325 8.94 8.99 9.09 8.79 150139
20150326 9.00 8.72 9.00 8.60 112062
20150327 8.70 8.85 8.90 8.66 105375
20150330 8.83 9.07 9.14 8.80 148520
20150331 9.04 8.91 9.12 8.86 149482
20150401 8.90 9.03 9.03 8.84 119766
20150402 9.04 9.29 9.29 9.01 228915
20150403 9.37 9.74 9.74 9.28 246807
20150407 9.90 9.69 9.98 9.61 202399
20150408 9.72 9.37 9.78 9.20 163815
20150409 9.37 9.01 9.45 8.52 170640
20150410 9.00 9.12 9.15 8.87 103443
20150413 9.12 9.38 9.50 9.10 152437
20150414 9.39 9.46 9.50 9.24 169660
20150415 9.45 8.88 9.45 8.85 160557
20150416 8.78 8.91 9.12 8.58 108198
20150417 8.93 8.95 9.23 8.90 124125
20150420 8.96 8.70 8.99 8.67 148888
20150421 8.71 8.98 8.98 8.70 89528
20150422 8.97 9.25 9.29 8.97 194094
20150423 9.18 9.60 9.70 9.15 300529
20150424 9.48 9.93 10.14 9.36 389883
20150427 9.87 10.12 10.14 9.66 287535
20150428 10.18 10.07 10.40 9.74 301929
20150429 10.18 10.24 10.28 9.81 237930
20150430 10.24 10.01 10.30 9.91 162893
20150504 10.00 9.90 10.06 9.83 108245
20150505 9.87 10.03 10.37 9.51 256396
20150506 10.20 9.68 10.20 9.65 136840
20150507 9.54 8.81 9.64 8.80 175583
20150508 9.00 9.12 9.16 8.90 90125
20150511 9.23 9.48 9.51 9.19 99020
20150512 9.55 9.53 9.63 9.34 231801
20150513 9.37 9.37 9.53 9.13 177363
20150514 9.35 9.72 9.86 9.30 164908
20150515 9.74 9.40 9.82 9.40 135460
20150518 9.50 9.98 10.12 9.41 215672
20150519 10.00 10.10 10.15 9.80 187295
20150520 10.19 10.10 10.50 10.09 261124
20150521 10.36 10.86 11.03 10.36 244937
20150522 11.01 11.26 11.39 10.53 350217
20150525 11.09 11.90 12.28 11.00 254017
20150526 11.91 12.34 12.50 11.91 209770
20150527 12.25 12.72 12.90 11.61 248583
20150528 12.71 11.58 12.99 11.50 264990
20150529 11.57 11.94 12.33 10.90 240149
20150601 11.90 12.72 12.80 11.89 201294
20150602 12.75 13.17 13.20 12.75 261260
20150603 13.22 13.13 13.25 12.46 222632
20150604 12.85 12.93 13.05 11.88 205280
20150605 13.00 13.50 13.59 12.94 274456
20150608 13.40 13.10 13.58 12.76 201572
20150609 13.10 13.20 13.52 12.69 243654
20150610 13.03 14.52 14.52 12.95 268196
20150611 14.89 15.28 15.95 14.60 352358
20150612 15.29 15.25 15.75 15.06 237386
20150615 15.25 15.81 16.29 15.24 251892
20150616 15.65 14.76 15.65 14.61 185505
20150617 14.76 15.88 15.88 14.02 174077
20150618 16.00 16.08 17.00 15.61 235413
20150619 15.30 14.60 15.50 14.47 145807
20150623 14.60 14.13 15.11 13.14 168608
20150624 14.09 14.50 14.80 13.83 158180
20150625 14.50 13.32 14.61 13.10 140370
20150703 11.99 11.99 11.99 11.99 3923
20150706 10.79 10.79 12.44 10.79 385754
20150707 9.71 9.71 9.71 9.71 3002
