20140102 14.73 15.19 15.29 14.60 31171
20140103 15.16 15.53 15.76 15.05 52113
20140106 15.60 15.00 15.60 14.77 28092
20140107 14.75 16.08 16.13 14.70 54241
20140108 15.95 16.25 16.40 15.81 56833
20140109 16.40 15.61 17.18 15.55 72636
20140110 15.23 16.48 16.70 15.00 57461
20140113 16.39 17.80 18.13 16.30 126612
20140114 17.70 17.91 17.93 17.22 65846
20140115 17.87 17.95 18.52 17.56 67625
20140116 17.85 17.15 18.09 17.10 51426
20140117 17.15 18.87 18.87 17.01 116083
20140120 19.20 20.20 20.76 18.67 136429
20140121 20.00 22.22 22.22 19.60 136099
20140122 22.94 22.34 23.37 21.82 123043
20140123 22.40 23.50 23.97 22.20 106099
20140124 22.91 23.06 23.50 22.41 83484
20140127 22.90 22.32 23.10 21.22 68723
20140128 22.60 22.02 23.23 21.68 41483
20140129 21.86 23.00 23.46 21.85 57117
20140130 23.00 25.00 25.20 22.76 76433
20140207 24.50 24.71 24.90 23.71 52260
20140210 24.50 26.53 27.13 24.18 62683
20140211 26.35 29.18 29.18 26.16 79166
20140212 29.12 29.09 30.25 27.80 53695
20140213 28.50 26.20 28.80 26.18 75550
20140214 26.86 27.18 27.61 26.19 46694
20140217 26.65 28.10 28.50 26.21 46513
20140218 27.80 28.73 29.80 26.88 56170
20140219 28.12 27.96 28.72 27.25 31732
20140220 28.21 26.64 28.28 26.58 29517
20140221 26.30 26.53 27.42 26.07 20861
20140224 28.00 29.18 29.18 27.02 54622
20140225 29.40 28.80 31.51 27.50 63717
20140226 28.00 31.68 31.68 27.26 69370
20140227 32.02 32.89 34.11 31.16 63466
20140228 32.39 31.33 32.39 30.00 41816
20140303 30.88 31.15 32.15 29.83 36597
20140304 30.79 29.88 30.79 29.78 40598
20140305 29.88 29.43 29.95 28.91 28245
20140306 29.31 28.69 30.20 28.60 31698
20140307 28.69 29.90 30.47 28.65 36078
20140310 29.13 26.91 29.75 26.91 38015
20140311 26.21 24.95 26.52 24.26 49916
20140312 24.51 23.78 24.80 22.99 65981
20140313 23.69 24.15 24.50 23.37 45454
20140314 23.70 25.19 26.18 23.69 47880
20140317 25.20 25.75 26.16 24.73 34755
20140318 25.54 26.40 27.36 25.54 37435
20140319 26.18 25.50 26.57 25.40 25248
20140320 25.30 24.49 25.85 23.89 27428
20140321 24.02 25.14 25.30 24.02 21550
20140324 25.00 24.69 25.87 24.63 23638
20140325 24.50 24.30 25.18 24.00 25009
20140326 24.45 24.90 25.45 24.45 25998
20140327 24.87 23.27 25.00 23.27 31362
20140328 23.15 20.95 23.15 20.94 53595
20140331 20.75 21.16 21.50 20.32 27316
20140401 21.39 21.15 21.49 20.98 26815
20140402 21.12 20.62 21.40 20.30 29394
20140403 20.64 21.30 21.63 20.22 27735
20140404 21.02 22.32 22.50 20.90 32538
20140408 22.00 22.00 22.13 21.40 28261
20140409 22.00 22.71 22.90 22.00 26993
20140410 22.63 24.20 24.77 22.63 44058
20140411 23.59 25.92 26.44 23.30 45440
20140414 25.90 26.07 27.17 25.51 42469
20140415 26.05 25.33 26.35 25.20 37675
20140416 25.00 25.97 26.85 24.75 31396
20140417 25.77 25.17 26.07 24.96 20216
20140418 25.21 25.78 26.10 25.11 16610
20140421 26.10 26.73 26.90 26.00 35328
20140422 26.60 25.86 26.78 24.30 28089
20140423 25.80 25.10 25.94 24.73 15443
20140424 24.63 24.72 25.37 24.60 9083
20140425 24.60 22.87 24.77 22.82 18024
20140428 21.92 21.25 22.45 20.88 37746
20140429 21.24 22.56 22.80 21.05 18355
20140430 22.90 24.00 24.82 22.87 49613
20140505 24.07 24.37 24.60 23.31 29583
20140506 24.28 25.51 25.93 24.05 34154
20140507 25.50 25.05 25.51 24.58 26894
20140508 25.00 24.17 25.44 23.75 29300
20140509 12.19 11.31 12.28 11.05 64266
20140512 11.20 11.66 12.10 11.20 65882
20140513 11.52 12.83 12.83 11.52 111866
20140728 14.11 13.40 14.11 12.85 228614
20140729 13.65 14.74 14.74 13.43 215244
20140730 14.49 14.32 14.90 14.18 197830
20140731 14.39 13.92 14.45 13.71 172691
20140801 13.75 13.98 13.98 13.46 132215
20140804 13.80 13.82 13.90 13.53 68570
20140805 13.80 14.05 14.15 13.80 77549
20140806 13.99 13.91 14.03 13.71 70850
20140807 13.86 13.58 13.86 13.58 56270
20140808 13.56 14.35 14.49 13.55 107693
20140811 14.29 14.40 14.67 14.20 121323
20140812 14.35 14.33 14.35 14.10 68145
20140813 14.35 14.70 14.90 14.35 101275
20140814 14.59 15.49 15.99 14.58 174866
20140815 15.60 15.47 15.77 15.35 100767
20140818 15.47 15.63 15.73 15.10 85552
20140819 15.63 16.30 16.55 15.57 115361
20140820 16.01 15.99 16.23 15.80 61826
20140821 15.93 16.37 16.44 15.80 86303
20140822 16.40 16.27 16.55 16.11 59196
20140825 16.00 15.70 16.20 15.40 77924
20140826 15.69 16.01 16.15 15.20 76411
20140827 15.86 15.98 16.28 15.78 40736
20140828 15.92 15.42 15.95 15.40 35338
20140829 15.74 15.74 15.91 15.50 27214
20140901 15.75 16.19 16.30 15.61 47907
20140902 16.65 16.41 16.91 16.37 77730
20140903 16.30 16.47 16.65 16.22 55061
20140904 16.48 16.80 16.88 16.32 64917
20140905 16.79 16.63 16.82 16.42 49244
20140909 16.61 16.60 16.80 16.32 51495
20140910 16.40 16.38 16.52 16.10 42213
20140911 16.47 17.08 17.17 16.47 103367
20140912 17.95 17.72 18.69 17.46 124953
20140915 17.84 17.69 17.85 17.18 70818
20140916 17.56 16.55 17.65 16.51 50976
20140917 16.60 16.38 16.77 15.96 54368
20140918 16.38 16.36 16.56 16.12 30525
20140919 16.37 17.29 17.29 16.37 45680
20140922 17.30 16.89 17.30 16.76 31263
20140923 16.80 16.82 16.93 16.70 22350
20140924 16.73 16.90 16.95 16.70 33697
20140925 17.10 16.48 17.10 16.42 57922
20140926 16.49 16.25 16.49 16.05 36053
20140929 16.33 16.48 16.60 16.11 32868
20140930 16.48 16.45 16.56 16.35 24610
20141008 16.46 16.90 16.95 16.46 45075
20141009 16.94 16.70 17.09 16.46 43116
20141010 16.66 15.90 16.66 15.90 85681
20141013 15.80 15.61 15.80 15.53 42009
20141014 15.62 15.33 15.82 15.21 61233
20141015 15.40 15.49 15.55 15.23 30054
20141016 15.50 14.71 15.55 14.68 51248
20141017 14.62 14.99 15.04 14.18 57011
20141020 15.00 15.06 15.14 14.80 31203
20141021 15.05 14.91 15.23 14.90 28327
20141022 14.85 14.56 14.92 14.53 25556
20141023 14.46 14.31 14.56 14.09 26634
20141024 14.36 14.45 14.55 14.24 15389
20141027 14.39 14.49 14.56 14.22 16874
20141028 14.49 14.95 14.99 14.49 23284
20141029 14.92 15.51 15.57 14.92 53554
20141030 15.43 15.18 15.43 15.02 37312
20141031 15.19 15.03 15.27 14.75 25337
20141103 15.17 15.20 15.39 15.07 20296
20141104 15.21 14.77 15.21 14.70 26923
20141105 14.75 14.58 14.80 14.38 25945
20141106 14.71 14.89 14.90 14.65 24143
20141107 14.89 14.47 14.89 14.44 30578
20141110 14.55 14.45 14.56 14.30 21109
20141111 14.50 14.00 14.55 13.95 27653
20141112 14.05 13.86 14.16 13.80 25396
20141113 13.86 13.33 13.87 13.01 29770
20141114 13.28 13.46 13.60 13.01 24207
20141117 13.48 14.09 14.22 13.47 29918
20141118 14.12 14.00 14.16 13.83 19971
20141119 14.05 13.90 14.10 13.72 21948
20141127 15.29 15.29 15.29 14.91 37683
20141128 15.99 15.69 16.66 15.66 165737
20141201 15.47 14.61 15.47 14.31 91635
20141202 14.69 14.55 14.69 14.32 44561
20141203 14.40 14.86 14.87 14.19 65011
20141204 14.77 14.75 14.99 14.70 44349
20141205 14.70 13.91 14.70 13.81 59757
20141208 13.78 13.67 14.03 13.53 41181
20141209 13.59 12.90 13.67 12.80 56647
20141210 12.88 13.47 13.47 12.74 45091
20141211 13.50 13.58 13.97 13.19 52023
20141212 13.60 13.60 13.68 13.50 28673
20141215 13.60 13.75 13.88 13.41 41653
20141216 13.71 13.51 13.88 13.50 37577
20141217 13.25 13.11 13.47 13.01 40113
20141218 13.13 13.13 13.28 13.03 25865
20141219 13.05 12.89 13.20 12.80 29991
20141222 12.85 11.88 12.85 11.71 39200
20141223 11.10 12.10 12.54 11.10 33054
20141224 12.10 12.53 12.53 12.10 21336
20141225 12.46 12.53 12.59 12.41 15736
20141226 12.56 12.62 12.87 12.54 15625
20141229 12.60 12.00 12.60 11.90 23052
20141230 12.20 11.79 12.34 11.74 18390
20141231 11.76 12.18 12.22 11.66 21107
20150105 12.19 12.53 12.54 12.19 22450
20150106 12.54 13.52 13.56 12.40 61803
20150107 13.50 13.49 13.75 13.33 32342
20150108 13.45 13.12 13.48 13.09 20172
20150109 13.04 13.54 13.80 13.04 50932
20150112 13.54 13.61 13.80 13.30 26393
20150113 13.62 13.60 13.80 13.42 29092
20150114 13.77 14.12 14.48 13.70 46340
20150115 14.00 14.53 14.65 14.00 56203
20150116 14.62 14.48 14.62 14.20 43234
20150119 14.24 14.41 14.75 13.82 52874
20150120 14.40 14.96 14.96 14.31 58665
20150121 15.00 15.30 15.51 14.90 78725
20150122 15.32 15.09 15.60 14.99 50341
20150123 15.09 14.73 15.10 14.72 41698
20150126 14.80 15.19 15.21 14.75 28780
20150127 15.19 15.00 15.20 14.82 20986
20150128 14.95 14.82 14.95 14.64 30612
20150129 14.70 14.43 14.70 14.39 21935
20150130 14.43 14.31 14.85 14.21 27473
20150202 14.13 14.15 14.45 13.99 22354
20150203 14.20 14.58 14.64 14.18 23450
20150204 14.55 14.45 14.55 14.17 19176
20150205 14.45 14.10 14.53 14.00 35118
20150206 14.05 14.32 14.36 13.92 21313
20150209 14.30 14.40 14.68 14.08 20826
20150210 14.24 14.40 14.44 14.11 16178
20150211 14.40 14.40 14.53 14.25 16937
20150212 14.38 14.79 14.80 14.26 34536
20150213 14.88 15.07 15.11 14.80 45374
20150216 15.14 15.58 15.59 15.07 63884
20150217 15.50 15.35 15.55 15.21 32609
20150225 15.30 15.32 15.60 15.26 27212
20150226 15.33 15.21 15.33 14.90 30683
20150227 15.27 15.29 15.39 15.05 35540
20150302 15.38 16.00 16.37 15.30 98378
20150303 15.92 16.66 16.96 15.69 108743
20150304 16.44 17.58 17.59 16.35 131357
20150305 17.62 17.19 17.65 16.81 89483
20150306 17.20 16.79 17.30 16.50 64057
20150309 16.78 17.50 17.63 16.78 99108
20150310 17.36 18.48 18.78 17.30 155140
20150311 18.43 18.08 19.79 17.95 129818
20150312 18.25 17.43 18.45 17.10 73298
20150313 17.65 18.05 18.40 17.44 78956
20150316 18.39 19.38 19.68 18.39 116993
20150317 20.00 19.08 21.00 18.80 185727
20150318 19.08 20.40 20.48 19.01 139965
20150319 20.39 20.78 20.88 19.80 105498
20150320 20.59 20.84 21.07 20.21 92064
20150323 20.76 20.56 20.79 20.30 113345
20150324 20.55 19.68 20.55 19.30 148255
20150325 19.68 19.83 20.34 19.50 87439
20150326 19.78 18.94 19.78 18.68 105174
20150327 18.85 19.48 19.64 18.83 65983
20150330 19.55 19.89 20.19 19.55 86947
20150331 19.90 19.65 20.04 19.18 74500
20150605 21.62 21.62 21.62 21.62 499
20150608 23.78 23.78 23.78 23.78 1183
20150609 26.16 26.16 26.16 26.16 1291
20150610 28.78 28.78 28.78 27.50 77398
20150611 31.66 31.66 31.66 31.66 13728
20150612 34.83 34.83 34.83 34.83 3277
20150615 38.00 33.45 38.00 31.66 338003
20150616 32.18 32.51 33.45 31.11 122438
20150617 32.69 30.68 32.69 29.66 119166
20150618 30.30 27.74 30.90 27.61 134660
20150619 26.50 25.56 27.49 25.11 95524
20150623 26.05 27.03 27.50 24.28 114871
20150624 27.30 27.12 27.82 26.18 105503
20150625 26.98 25.51 27.90 24.90 98646
20150626 24.05 22.96 24.54 22.96 76628
20150629 23.24 20.66 23.34 20.66 135006
20150630 19.80 22.29 22.73 18.59 158057
20150701 22.00 21.20 23.95 20.61 165142
20150702 20.75 19.18 22.15 19.09 123774
20150703 19.18 17.32 20.14 17.26 124274
20150706 19.05 15.80 19.05 15.59 128768
20150714 17.38 17.38 17.38 17.38 2780
20150715 19.12 18.40 19.12 18.40 231578
20150716 17.90 19.40 20.20 16.71 162591
20150717 20.30 21.34 21.34 20.30 68440
20150720 23.45 23.47 23.47 22.38 169595
20150721 25.00 25.82 25.82 24.64 41557
20150722 28.40 28.40 28.40 28.40 46100
20150723 28.50 30.79 31.24 26.66 356211
20150724 29.71 31.00 33.66 29.69 192516
20150727 29.96 29.69 34.10 29.41 195504
20150728 27.71 28.09 31.88 26.88 175057
20150729 29.00 30.90 30.90 27.64 144303
20150730 31.00 29.50 32.69 29.40 123645
