20150217 25.80 30.96 30.96 25.80 660
20150225 34.06 34.06 34.06 34.06 144
20150226 37.47 37.47 37.47 37.47 145
20150227 41.22 41.22 41.22 41.22 548
20150302 45.34 45.34 45.34 45.34 2691
20150303 45.34 47.47 49.48 40.95 260725
20150304 44.20 44.24 45.50 43.10 134381
20150305 44.00 42.07 44.00 42.06 100683
20150306 41.98 41.25 43.20 41.01 72927
20150309 40.98 39.55 40.99 39.10 64949
20150310 39.54 40.35 40.67 39.42 44571
20150311 40.00 39.31 40.00 39.21 43798
20150312 39.06 38.16 39.45 38.01 54468
20150313 38.50 39.18 39.46 38.38 37725
20150316 39.55 40.28 40.36 39.50 51143
20150317 40.48 40.38 40.58 40.06 48393
20150318 40.39 40.65 40.79 40.07 52872
20150319 40.68 41.35 41.69 40.25 57610
20150320 41.36 40.91 41.50 40.76 44661
20150323 40.91 41.14 41.35 40.60 51404
20150324 41.15 40.45 41.19 39.61 53663
20150325 40.50 42.10 42.46 40.18 87786
20150326 41.90 40.98 41.90 40.70 48867
20150327 40.83 40.98 41.16 40.71 23938
20150330 40.99 41.36 42.19 40.90 44365
20150331 41.15 41.28 41.81 40.66 47078
20150401 41.23 42.04 42.17 41.16 55464
20150402 42.23 42.07 42.48 41.66 47956
20150403 42.07 45.28 46.05 41.68 99623
20150407 44.71 45.29 45.50 44.60 56790
20150408 45.48 44.02 45.70 42.80 55393
20150409 43.98 43.40 43.98 42.16 47541
20150410 43.01 45.09 45.39 42.88 50832
20150413 45.00 47.00 47.94 44.81 69199
20150414 46.51 46.71 47.26 45.49 59482
20150415 46.50 43.96 46.50 43.51 39002
20150416 43.90 44.28 44.90 43.00 30020
20150417 44.48 44.53 45.88 44.48 36476
20150420 44.59 43.17 44.90 43.08 34562
20150421 43.00 44.36 44.49 43.00 33677
20150422 44.00 45.26 45.38 43.80 56804
20150423 44.89 44.30 45.00 44.00 47120
20150424 43.67 43.40 44.04 42.84 39670
20150427 43.60 45.38 45.46 43.55 60112
20150428 45.00 43.31 45.90 43.10 42296
20150429 43.02 44.75 44.75 43.02 38078
20150430 44.89 44.85 46.45 44.60 70058
20150504 44.58 45.00 45.18 43.56 50049
20150505 45.25 44.09 46.00 43.78 45427
20150506 44.12 44.10 45.77 43.80 61998
20150507 43.93 42.20 44.09 42.10 48008
20150508 43.00 44.21 44.50 42.28 40646
20150511 44.15 48.63 48.63 44.15 166709
20150512 49.20 52.41 52.93 48.30 179085
20150513 50.10 50.50 52.15 49.01 100723
20150514 50.20 55.35 55.55 50.20 126391
20150515 54.20 54.66 58.80 52.00 99533
20150518 54.76 58.05 59.00 54.75 99356
20150519 58.94 57.30 59.70 55.50 73786
20150520 57.00 59.98 62.00 56.47 88376
20150521 60.00 59.21 61.25 57.85 65745
20150522 59.50 61.90 62.14 57.08 91041
20150525 60.50 64.50 65.48 59.50 66453
20150526 63.05 66.28 67.92 62.80 66203
20150527 66.27 71.76 72.85 64.65 74954
20150528 71.76 64.61 78.75 64.58 97045
20150529 62.52 62.50 67.63 58.30 101685
20150601 62.65 63.81 64.39 60.01 73305
20150602 63.81 62.24 63.85 60.04 65490
20150603 62.09 62.07 63.80 61.11 43344
20150604 61.70 58.50 61.77 56.00 56131
20150605 59.61 59.14 61.00 58.10 39923
20150608 59.20 56.89 59.45 56.55 38428
20150609 56.98 59.40 59.50 56.98 46382
20150610 59.41 61.95 63.55 57.02 54352
20150611 61.99 62.13 63.62 61.31 49503
20150612 62.22 60.01 62.77 59.45 51247
20150615 60.78 62.40 62.40 56.20 82640
20150616 62.30 67.30 68.59 60.10 126940
20150617 64.36 64.76 66.52 62.88 74691
20150618 64.75 58.28 64.75 58.28 60384
20150619 55.00 52.45 56.34 52.45 40829
20150623 52.50 52.75 53.45 49.48 33534
20150624 53.21 53.50 54.10 51.80 39071
20150625 53.40 48.76 53.40 48.46 42579
20150626 47.10 43.88 47.49 43.88 40829
20150629 45.33 39.50 45.80 39.49 49987
20150630 39.52 42.74 43.00 36.13 55207
20150701 42.75 42.05 45.50 41.60 53063
20150702 42.50 40.79 43.44 39.55 33725
20150703 39.97 38.81 42.49 36.89 33312
20150706 42.67 38.64 42.67 35.91 43498
20150707 37.33 34.78 37.90 34.78 23831
20150708 31.30 31.30 31.30 31.30 3574
20150709 28.17 34.43 34.43 28.17 54315
20150710 35.50 37.65 37.65 35.50 30504
20150713 40.26 41.42 41.42 38.50 51676
20150714 41.80 41.74 44.80 40.10 71077
20150715 40.00 37.57 40.55 37.57 40189
20150716 37.57 38.00 39.20 33.82 36042
20150717 38.00 40.02 40.84 38.00 34146
