20140102 31.07 30.75 31.28 30.50 5612
20140103 30.99 30.10 31.20 29.96 10996
20140106 30.10 29.65 30.22 29.48 9188
20140107 29.90 30.11 30.26 29.56 5936
20140108 30.19 30.76 31.40 30.19 12365
20140109 30.79 30.90 31.08 30.30 8370
20140110 30.67 28.60 30.97 28.51 16247
20140113 28.50 28.50 29.29 28.00 11842
20140114 28.50 28.46 28.74 28.17 12046
20140115 28.51 29.34 29.35 28.51 9343
20140116 29.50 29.50 29.60 29.00 5827
20140117 29.35 29.10 29.63 28.50 15308
20140120 28.88 28.64 29.31 27.69 11784
20140121 28.63 28.60 29.00 28.50 7217
20140122 28.75 28.90 29.35 28.60 12737
20140123 28.83 28.91 29.17 28.38 7469
20140124 28.77 29.58 29.69 28.77 8719
20140127 29.58 28.82 29.58 28.58 7531
20140128 28.70 28.71 29.30 28.54 3676
20140129 28.96 28.97 29.13 28.61 4050
20140130 29.00 28.60 29.00 28.20 5667
20140207 28.40 28.30 28.65 27.80 12319
20140210 28.30 28.80 29.01 28.05 15838
20140211 28.85 28.54 28.87 28.10 11458
20140212 28.41 28.79 28.90 28.25 13129
20140213 28.80 29.94 30.00 28.66 26193
20140214 30.04 29.66 30.38 29.37 12921
20140217 29.98 30.18 30.37 29.70 15385
20140218 30.20 29.82 30.87 29.75 15284
20140219 29.82 29.39 29.82 28.81 14822
20140220 29.30 29.17 29.46 28.93 4524
20140221 28.95 29.20 29.48 28.90 5522
20140224 29.15 28.20 29.19 28.00 11093
20140225 28.22 27.14 28.53 27.12 10990
20140226 27.11 26.79 27.11 26.03 12956
20140227 27.00 27.25 28.38 26.70 14232
20140228 27.20 26.96 27.30 26.30 10989
20140303 26.96 27.49 27.83 26.87 5217
20140304 27.30 27.50 27.63 27.03 5616
20140305 27.54 27.40 27.55 27.05 4849
20140306 27.48 27.33 27.48 26.51 8141
20140307 27.30 26.80 27.30 26.58 13347
20140310 26.80 25.19 26.80 24.30 18128
20140311 24.95 24.95 25.15 24.30 17041
20140312 24.79 24.89 24.90 24.48 7579
20140313 24.56 25.50 25.55 24.56 6463
20140314 26.15 25.85 26.15 25.31 6147
20140317 25.85 26.24 26.25 25.66 17373
20140318 26.28 26.50 26.50 25.37 13905
20140319 26.20 26.39 26.49 25.00 8484
20140320 26.15 26.39 26.93 26.07 10636
20140321 26.20 26.39 26.52 25.53 6932
20140324 26.20 26.80 27.35 25.52 12656
20140325 26.60 26.38 27.28 26.00 9033
20140326 26.26 26.50 26.66 26.00 5052
20140327 26.50 26.53 26.88 25.86 12407
20140328 26.38 26.20 26.39 25.72 7883
20140331 26.01 25.53 26.10 25.20 8234
20140401 25.64 25.78 25.97 25.30 7155
20140402 25.78 26.00 26.04 25.30 5835
20140403 26.00 26.00 26.18 25.55 8682
20140404 25.96 26.62 26.83 25.90 8118
20140408 26.45 27.25 27.30 26.45 10380
20140409 27.25 27.64 27.67 26.88 8653
20140410 27.64 27.48 27.74 27.22 5062
20140411 27.28 27.56 27.70 27.10 4349
20140414 27.42 27.55 27.68 27.20 3307
20140415 27.35 27.01 27.35 27.00 3816
20140416 26.88 26.85 27.00 26.81 3448
20140417 26.85 26.80 26.85 26.70 2469
20140418 26.95 26.85 27.00 26.62 5211
20140421 26.79 26.63 26.96 26.60 4143
20140422 26.51 26.32 26.86 26.20 2418
20140423 26.20 26.50 26.54 26.20 2204
20140424 26.48 26.04 26.48 25.61 9101
20140425 26.00 25.68 26.05 25.30 11362
20140428 25.29 25.60 25.60 25.04 4439
20140429 25.41 25.55 25.63 24.80 6619
20140430 25.36 25.45 25.55 25.11 1864
20140505 25.46 25.95 26.04 25.33 3328
20140506 25.78 25.94 26.04 25.77 2815
20140507 26.00 25.43 26.09 25.35 3055
20140508 25.30 25.26 25.54 25.20 2827
20140509 25.35 25.35 25.50 25.10 1905
20140512 25.52 25.25 25.52 25.01 5719
20140513 25.25 25.04 25.32 24.70 7408
20140514 25.03 24.68 25.15 24.61 8810
20140515 24.68 24.00 24.69 23.80 15931
20140516 24.00 24.08 24.12 23.81 3288
20140519 23.78 23.74 23.88 22.40 3911
20140520 23.51 21.82 23.73 21.46 14947
20140521 21.71 21.70 21.75 20.97 17777
20140522 21.60 22.18 22.18 21.50 11369
20140523 22.12 21.90 22.12 21.80 9673
20140526 21.88 22.18 22.22 21.88 12275
20140527 22.21 22.60 22.67 22.02 10161
20140528 22.60 22.95 23.01 22.31 8374
20140529 22.92 22.61 22.92 22.35 4739
20140530 22.68 22.60 22.68 22.48 8166
20140603 22.60 22.56 22.60 22.01 7199
20140604 22.50 22.06 22.50 21.91 9793
20140605 21.90 22.50 22.58 21.86 4370
20140606 22.38 22.23 22.42 22.10 1685
20140609 22.25 22.18 22.28 22.04 1311
20140610 22.25 22.76 22.88 22.20 7674
20140611 22.70 23.90 24.00 22.61 17859
20140612 23.90 23.90 23.90 23.55 3943
20140613 24.00 24.16 24.55 23.78 8068
20140616 24.06 24.35 24.40 24.06 5768
20140617 24.41 23.77 24.41 23.76 2605
20140618 23.77 23.75 23.98 23.52 1929
20140619 23.87 22.93 23.98 22.87 5526
20140620 22.93 23.48 23.48 22.85 2101
20140623 23.23 24.19 24.50 23.12 6132
20140624 24.11 24.38 24.50 24.11 3272
20140625 24.24 24.50 24.50 24.00 3918
20140626 24.43 24.59 24.60 24.36 3356
20140627 24.69 24.05 24.69 24.04 6145
20140630 24.16 24.45 24.53 23.85 5031
20140701 24.41 24.34 24.57 24.12 2413
20140702 24.24 24.80 24.88 24.12 7183
20140703 24.68 24.95 25.14 24.41 6303
20140704 24.94 25.00 25.08 24.72 2553
20140707 24.98 25.42 25.60 24.83 9670
20140708 25.42 25.50 25.60 24.88 3441
20140709 25.50 24.57 25.50 24.50 4755
20140710 24.58 24.86 25.26 24.58 2732
20140711 24.52 25.28 25.40 24.50 2869
20140714 25.18 25.30 25.41 25.01 2266
20140715 25.30 25.40 25.70 25.00 4402
20140716 25.27 25.69 26.00 25.27 6600
20140717 25.55 25.28 25.85 25.18 5136
20140718 25.35 25.28 25.47 25.08 1446
20140721 25.35 25.36 25.40 25.08 1950
20140722 25.50 25.64 25.85 25.30 4887
20140723 25.61 24.68 25.62 24.60 8956
20140724 24.97 24.40 25.78 23.90 11993
20140725 24.10 25.47 25.55 24.05 9402
20140728 25.70 26.11 26.28 25.36 18886
20140729 26.11 25.74 26.34 25.60 8563
20140730 25.78 25.71 25.78 25.54 4269
20140731 25.78 26.09 26.20 25.30 11828
20140801 26.00 26.01 26.25 25.52 6664
20140804 25.82 26.02 26.25 25.82 6451
20140805 26.03 26.10 26.24 25.88 6600
20140806 26.31 26.00 26.31 25.96 12966
20140807 26.00 26.00 26.20 25.67 7854
20140808 26.25 27.65 28.40 26.25 28801
20140811 27.13 27.83 28.38 27.00 21541
20140812 27.90 27.93 28.25 27.66 10464
20140813 27.55 28.43 28.45 27.55 12422
20140814 28.43 28.35 29.00 28.00 23855
20140815 28.05 28.86 29.42 27.95 19764
20140818 28.90 29.14 29.22 28.43 15414
20140819 29.18 28.93 29.20 28.40 17131
20140820 28.89 29.36 29.38 28.70 16282
20140821 29.38 29.10 29.40 28.76 5548
20140822 28.87 29.12 29.32 28.79 7607
20140825 28.90 28.40 29.07 28.15 10570
20140826 28.10 28.40 29.80 28.10 15090
20140827 28.10 28.94 29.22 27.82 15365
20140828 28.83 28.41 29.25 28.25 6518
20140829 28.45 29.52 29.55 28.20 13185
20140901 29.48 30.01 30.64 29.46 21801
20140902 30.20 30.57 30.63 30.04 15121
20140903 30.50 30.12 30.88 30.03 12892
20140904 30.17 30.20 30.50 30.01 8881
20140905 30.20 30.28 30.35 29.52 9729
20140909 30.30 30.81 30.87 29.82 11980
20140910 30.62 30.76 30.88 30.20 12041
20140911 30.81 31.28 32.00 30.81 19497
20140912 31.63 31.99 32.05 31.30 15527
20140915 32.02 32.00 32.22 31.70 21861
20140916 32.00 31.65 32.40 31.18 17639
20140917 31.70 31.94 32.27 31.53 14773
20140918 31.82 32.24 32.27 31.53 9217
20140919 32.14 32.29 32.37 32.00 8411
20140922 32.00 31.09 32.00 30.00 30155
20140923 30.79 30.89 31.04 30.10 14999
20140924 31.18 30.40 31.49 30.31 28938
20140925 30.36 30.00 30.95 29.44 20312
20140926 30.16 29.87 30.21 29.51 17303
20140929 29.80 31.65 31.65 29.80 32789
20140930 32.18 31.88 32.20 31.30 17545
20141008 32.31 32.20 32.67 32.04 19366
20141009 32.40 33.30 33.60 32.27 31364
20141010 33.28 33.97 34.08 32.89 30247
20141013 33.83 32.30 33.91 31.98 37539
20141014 32.30 32.13 32.69 31.89 21605
20141015 32.30 31.49 32.30 30.70 26626
20141016 31.66 30.77 31.66 30.41 27860
20141017 30.94 29.86 30.94 29.50 29869
20141020 29.86 30.00 30.48 28.30 52355
20141021 29.75 29.89 30.08 29.20 20933
20141022 29.88 29.69 29.98 29.38 18715
20141023 29.50 29.04 29.50 28.80 13614
20141024 28.80 30.13 30.13 28.80 15838
20141027 30.13 30.23 30.30 29.98 7734
20141028 30.48 30.22 30.68 30.00 19203
20141029 30.00 30.40 30.50 29.90 26288
20141030 30.29 30.77 31.40 30.29 22012
20141031 30.94 31.00 31.01 30.15 17520
20141103 30.50 30.49 30.60 29.49 40829
20141104 30.01 30.12 30.70 30.00 12922
20141105 30.25 29.97 30.38 29.84 17173
20141106 29.90 30.31 30.50 29.81 16657
20141107 30.31 30.05 30.76 29.75 23451
20141110 30.08 30.25 30.34 29.85 20796
20141111 30.28 29.95 30.50 29.94 19690
20141112 30.25 31.25 31.90 30.00 26460
20141113 31.28 30.78 31.37 29.95 28968
20141114 30.78 30.45 30.80 30.21 13462
20141117 30.65 30.26 30.65 30.00 20620
20141118 30.15 30.50 30.50 30.07 10903
20141119 30.33 31.00 31.27 30.32 17505
20141120 30.93 30.93 30.99 30.66 13916
20141121 31.02 31.06 31.47 30.80 15410
20141124 31.38 30.81 31.48 30.60 24142
20141125 30.95 30.20 31.00 29.90 31489
20141126 30.20 30.20 30.58 29.90 19843
20141127 30.21 29.85 30.41 29.65 34021
20141128 29.85 29.21 29.85 28.91 36013
20141201 29.20 28.65 29.20 28.42 18762
20141202 28.65 28.95 29.16 28.64 17556
20141203 28.95 28.62 29.12 28.21 31924
20141204 28.64 29.03 29.03 28.48 35827
20141205 29.19 27.71 29.19 26.31 55764
20141208 27.90 26.65 27.90 26.37 59299
20141209 26.10 25.00 26.40 24.70 63510
20141210 25.29 26.32 26.46 25.01 24397
20141211 26.32 26.76 26.92 26.12 21855
20141212 26.89 26.47 26.89 26.06 15165
20141215 26.45 26.71 26.77 26.15 16081
20141216 26.58 26.45 26.98 26.38 15944
20141217 26.45 25.55 26.45 25.12 25565
20141218 25.55 25.20 25.55 25.03 16861
20141219 25.40 25.56 25.64 25.00 19459
20141222 25.45 24.58 25.45 24.27 18335
20141223 24.11 24.82 25.12 24.10 10279
20141224 24.92 25.50 25.50 24.92 22203
20141225 25.49 25.21 25.50 25.00 14782
20141226 25.25 25.21 25.38 25.02 11588
20141229 25.08 24.49 25.19 24.37 18241
20141230 24.55 24.21 24.95 24.10 13612
20141231 24.41 24.58 24.92 24.27 8841
20150105 24.81 25.10 25.29 24.71 16785
20150106 25.10 25.18 25.44 24.73 21681
20150107 25.22 24.95 25.40 24.81 15080
20150108 24.95 24.81 24.99 24.70 15553
20150109 24.83 24.76 25.08 24.40 11801
20150112 24.70 24.45 24.80 24.31 9414
20150113 24.68 25.57 25.60 24.10 18971
20150114 25.55 25.09 25.55 24.91 12780
20150115 25.03 25.11 25.27 24.92 8578
20150116 25.12 25.40 25.55 24.99 15004
20150119 24.90 25.37 25.90 24.49 30581
20150120 25.37 26.16 26.20 25.37 29791
20150121 26.15 26.45 26.70 26.02 30652
20150122 26.32 26.75 26.82 26.30 22101
20150123 26.60 26.24 26.93 26.17 21996
20150126 26.24 26.52 26.66 25.91 14511
20150127 26.50 26.29 26.50 26.10 14920
20150128 26.29 26.80 26.82 26.25 19484
20150129 29.48 29.48 29.48 28.56 50689
20150130 30.00 28.19 30.00 28.11 86262
20150202 27.91 28.48 28.92 27.30 35253
20150203 28.59 28.57 28.80 28.10 23954
20150204 28.59 28.28 28.69 27.89 24506
20150205 28.40 27.85 28.44 27.83 21580
20150206 27.80 26.80 27.81 26.78 21959
20150209 26.80 26.36 27.20 26.18 16977
20150210 26.36 26.63 26.81 26.36 12730
20150211 26.65 26.82 27.00 26.65 15364
20150212 26.94 27.00 27.05 26.82 19194
20150213 27.13 27.80 27.87 27.13 24200
20150216 27.98 27.92 28.22 27.70 19487
20150217 27.95 27.82 28.00 27.65 19015
20150225 27.82 27.34 27.97 27.26 15043
20150226 27.15 27.62 27.63 27.15 10113
20150227 27.51 27.80 28.15 27.51 23337
20150302 27.83 28.48 28.55 27.82 37478
20150303 28.34 28.36 28.90 28.08 40631
20150304 28.26 28.72 28.74 28.25 26721
20150305 28.72 28.74 28.91 28.52 29333
20150306 28.86 28.23 28.90 28.11 24452
20150309 28.18 28.32 28.36 27.80 14161
20150310 28.21 28.29 28.43 28.13 22740
20150311 28.33 27.90 28.47 27.82 20032
20150312 27.86 27.77 28.14 27.55 18385
20150313 27.92 27.99 28.03 27.73 22679
20150316 28.09 29.49 29.75 28.09 70810
20150317 29.49 29.55 29.68 29.10 52619
20150318 29.58 30.65 30.95 29.41 76685
20150319 30.60 30.52 30.60 30.07 37624
20150320 30.48 30.89 31.24 30.30 45500
20150323 31.25 33.30 33.32 31.23 94122
20150324 33.73 34.49 34.50 31.60 101926
20150325 34.15 36.72 37.90 33.62 106225
20150326 36.37 35.20 37.70 34.61 95042
20150327 35.21 35.22 35.62 34.34 41642
20150330 35.22 34.86 35.82 34.70 44121
20150331 34.90 34.85 35.29 34.45 46662
20150401 35.02 36.16 36.45 34.79 68645
20150402 36.23 38.18 38.69 35.72 90979
20150403 37.60 38.93 39.16 37.09 83250
20150407 38.70 39.09 39.50 38.49 75117
20150408 39.09 38.72 39.29 37.80 75609
20150409 38.58 37.76 38.58 35.66 62860
20150410 37.98 40.94 41.48 37.50 86511
20150413 41.50 41.63 42.29 40.06 73575
20150414 41.63 40.80 42.00 40.06 58214
20150415 40.80 38.11 40.80 37.00 60617
20150416 38.00 39.50 40.15 37.18 62457
20150417 39.50 38.45 40.15 38.03 46429
20150420 38.85 36.08 39.00 36.03 77906
20150421 36.04 37.60 37.95 35.89 43336
20150422 37.61 38.18 38.39 37.41 49762
20150423 38.30 37.60 38.50 37.50 45672
20150424 37.29 38.00 38.20 36.30 48759
20150427 37.88 37.45 38.33 37.00 49393
20150428 37.45 35.71 37.69 35.68 42989
20150429 36.00 35.96 36.78 35.69 26016
20150430 36.35 36.52 37.08 36.08 29397
20150504 36.53 37.20 37.29 35.91 32398
20150505 36.80 35.65 36.99 35.50 27891
20150506 35.71 35.14 36.26 35.08 23751
20150507 34.80 34.13 35.30 33.81 21097
20150508 34.54 35.48 36.00 34.54 24447
