20140102 15.66 15.45 15.66 15.27 17851
20140103 15.51 15.87 15.87 15.06 43319
20140106 15.69 15.35 15.85 15.19 25264
20140107 15.18 15.38 15.45 15.07 10435
20140108 15.38 15.72 15.88 15.38 23734
20140109 15.73 15.14 15.75 15.11 15088
20140110 15.14 14.76 15.28 14.62 18270
20140113 15.00 14.80 15.07 14.70 9594
20140114 14.76 15.43 15.46 14.65 15368
20140115 15.32 15.50 15.58 15.26 9812
20140116 15.50 15.47 15.62 15.17 9928
20140117 15.52 15.28 15.60 15.24 10382
20140120 15.28 15.65 15.98 15.18 26438
20140121 15.57 15.40 15.74 15.34 22935
20140122 15.40 16.14 16.16 15.40 42577
20140123 16.10 16.27 16.45 15.95 32225
20140124 16.35 16.62 16.86 16.06 35386
20140127 16.60 17.88 18.25 16.58 75229
20140128 17.88 17.82 18.18 17.48 39655
20140129 17.80 17.92 18.24 17.62 32207
20140130 18.20 17.80 18.88 17.60 30680
20140207 17.98 18.30 18.59 17.17 50906
20140210 18.28 18.40 18.58 18.01 43500
20140211 18.37 18.41 19.20 18.20 44843
20140212 18.46 18.76 18.78 17.78 41946
20140213 18.88 18.00 19.40 18.00 42611
20140214 17.70 17.59 17.80 17.00 47242
20140217 17.54 17.94 18.08 17.22 41795
20140218 18.88 19.73 19.73 18.82 90648
20140219 20.24 19.27 20.24 19.11 64619
20140220 19.27 18.78 19.41 18.61 29308
20140221 18.60 18.85 19.23 18.60 20572
20140224 19.00 20.74 20.74 19.00 88304
20140225 20.90 20.00 21.10 19.76 63809
20140226 19.80 21.99 22.00 19.80 100795
20140227 21.90 21.16 22.55 21.02 68478
20140228 20.68 21.32 21.89 19.93 56844
20140303 20.89 22.81 23.15 20.60 52445
20140304 22.82 22.81 23.12 22.01 38894
20140305 22.79 22.31 22.80 21.98 31533
20140306 21.83 22.18 22.26 21.40 22085
20140307 21.97 22.02 22.50 21.69 17021
20140310 22.19 21.13 23.50 21.00 45629
20140311 20.59 20.91 21.80 20.59 30380
20140312 20.70 20.01 20.70 19.00 27281
20140313 20.01 20.20 20.96 20.01 16408
20140314 20.83 19.93 20.83 19.89 8887
20140317 19.91 21.78 21.80 19.20 23449
20140318 21.90 22.52 22.93 21.51 52771
20140319 23.00 24.05 24.05 22.25 62540
20140320 23.70 23.08 24.32 22.60 49799
20140321 23.15 24.05 24.98 22.12 77150
20140324 24.20 25.49 26.39 23.50 62696
20140325 24.89 24.41 25.16 24.11 47360
20140326 24.14 23.66 25.10 23.50 35073
20140327 23.90 24.03 24.77 23.50 37669
20140328 24.03 21.63 24.03 21.63 48715
20140331 21.20 21.38 22.19 20.82 23481
20140401 21.60 22.60 22.65 21.38 22783
20140402 22.61 21.97 22.98 21.90 19521
20140403 21.91 21.95 22.30 21.36 10892
20140404 21.31 22.14 22.20 21.31 8380
20140408 22.00 21.99 22.09 21.68 15651
20140409 21.94 22.29 22.89 21.94 22301
20140410 22.25 21.65 22.40 21.30 28006
20140411 21.45 20.91 21.73 20.60 27594
20140414 20.88 20.95 20.95 20.35 19317
20140415 20.93 20.85 21.13 20.67 10978
20140416 20.90 20.79 20.90 20.46 9438
20140417 20.76 20.72 21.28 20.72 17886
20140418 20.71 20.34 20.88 20.20 15529
20140421 20.02 19.56 20.27 19.47 22119
20140422 19.40 19.00 19.79 18.81 17396
20140423 19.06 19.37 19.63 19.02 10317
20140424 19.50 18.93 19.68 18.86 12866
20140425 19.12 19.00 19.32 18.90 9793
20140428 19.00 17.40 19.20 17.40 17669
20140429 17.50 17.88 17.98 17.30 13266
20140430 17.80 18.15 18.28 17.71 12990
20140505 18.30 18.52 18.65 17.65 12584
20140506 18.41 19.10 19.20 18.16 24760
20140507 18.96 18.43 18.96 18.24 21786
20140508 18.42 18.27 18.49 17.96 13688
20140509 18.18 17.90 18.28 17.45 12980
20140512 18.23 17.95 18.24 17.82 15988
20140513 17.92 18.00 18.22 17.90 9084
20140514 18.14 18.51 18.60 17.94 13431
20140515 18.48 17.70 18.48 17.70 13419
20140516 17.70 18.09 18.14 17.51 8419
20140519 18.09 17.99 18.15 17.80 6153
20140520 18.05 18.15 18.50 18.05 7189
20140521 18.25 18.30 18.34 18.00 4538
20140522 18.48 18.45 18.64 18.34 12659
20140523 18.45 18.81 18.84 18.36 8737
20140526 18.45 19.03 19.08 18.45 15728
20140527 19.06 18.61 19.18 18.50 9657
20140528 12.57 12.51 12.57 12.03 19450
20140529 12.50 12.34 12.51 12.34 8475
20140530 12.20 11.81 12.20 11.15 86889
20140603 11.55 11.67 11.85 11.42 29195
20140604 11.64 11.51 11.69 11.45 14289
20140605 11.58 11.63 11.76 11.51 19115
20140606 11.67 11.75 11.82 11.58 15045
20140609 11.68 11.51 11.78 11.45 9560
20140610 11.59 11.75 11.82 11.44 12486
20140611 11.76 11.93 12.08 11.67 21117
20140612 11.90 11.94 12.11 11.75 16206
20140613 12.05 12.19 12.35 12.04 29455
20140616 12.30 12.25 12.42 12.16 16882
20140617 12.29 12.02 12.29 11.96 14096
20140618 11.96 11.81 12.11 11.81 12526
20140619 11.85 11.55 11.91 11.26 18875
20140620 11.55 11.48 11.64 11.40 8365
20140623 11.48 11.85 11.88 11.48 10345
20140624 11.85 11.75 11.89 11.67 7459
20140625 11.75 11.59 11.91 11.45 10105
20140626 11.68 12.75 12.75 11.61 46742
20140627 13.06 13.67 14.02 13.01 108642
20140630 13.66 13.47 13.67 13.12 52822
20140701 13.30 13.48 13.77 13.28 37705
20140702 13.39 13.37 13.58 13.16 28652
20140703 13.37 13.34 13.50 13.19 23065
20140704 13.31 13.43 13.46 13.12 27431
20140707 13.41 14.10 14.12 13.27 45379
20140708 14.15 14.39 14.88 13.80 61803
20140709 14.28 13.86 14.70 13.53 55311
20140710 13.80 13.41 13.85 13.32 29594
20140711 13.47 13.62 13.63 13.35 19010
20140714 13.57 13.71 13.72 13.52 19151
20140715 13.72 13.77 13.99 13.43 30602
20140716 13.78 13.37 13.78 13.33 18538
20140717 13.24 13.30 13.46 13.17 9937
20140718 13.30 13.14 13.43 13.10 8985
20140721 13.13 12.95 13.33 12.73 21287
20140722 12.86 12.96 13.19 12.78 19324
20140723 12.96 12.76 13.03 12.68 15509
20140724 12.83 12.40 12.83 12.19 26185
20140725 12.44 12.47 12.63 12.40 9230
20140728 12.55 13.49 13.72 12.41 44141
20140729 13.49 13.54 13.69 13.22 32330
20140730 13.66 13.37 13.66 13.30 19966
20140731 13.41 13.60 13.65 13.31 24915
20140801 13.68 13.40 13.75 13.22 22840
20140804 13.39 13.59 13.60 13.29 19223
20140805 13.59 13.71 13.79 13.43 22738
20140806 13.70 13.94 14.04 13.53 29144
20140807 13.95 13.69 14.20 13.57 34406
20140808 13.65 13.70 13.81 13.51 16640
20140811 13.70 13.89 13.98 13.65 19695
20140812 13.89 13.78 13.97 13.70 17417
20140813 13.79 14.59 14.63 13.64 45577
20140814 14.51 14.77 15.28 14.35 85441
20140815 14.60 14.78 14.96 14.40 36475
20140818 14.80 14.87 14.95 14.65 27111
20140819 14.83 15.30 15.32 14.83 47633
20140820 15.30 15.00 15.63 14.98 51625
20140821 14.98 14.91 14.98 14.59 25918
20140822 14.91 14.99 14.99 14.40 21537
20140825 14.99 15.03 15.16 14.73 24111
20140826 15.03 14.59 15.08 14.55 19015
20140827 14.51 14.51 14.72 14.39 12815
20140828 14.52 15.34 15.40 14.40 68264
20140829 15.21 15.38 15.43 15.06 25087
20140901 15.30 15.53 15.70 15.13 37644
20140902 15.65 15.56 15.67 15.30 35210
20140903 15.51 15.61 15.90 15.41 43538
20140904 15.62 15.69 15.88 15.61 32336
20140905 15.72 16.07 16.47 15.70 48266
20140909 16.05 16.33 16.35 15.82 32206
20140910 16.38 16.33 16.45 16.16 29541
20140911 16.30 15.88 16.30 15.83 37398
20140912 15.87 15.93 16.00 15.65 22343
20140915 16.07 15.97 16.10 15.81 19426
20140916 15.99 15.60 16.05 15.30 32963
20140917 15.57 15.66 15.70 15.30 24045
20140918 15.55 15.87 15.89 15.50 13731
20140919 15.86 16.05 16.20 15.69 28915
20140922 16.05 15.59 16.12 15.48 22521
20140923 15.60 15.73 15.80 15.51 20514
20140924 15.60 15.77 15.77 15.49 18507
20140925 15.85 15.65 15.94 15.60 22367
20140926 15.60 15.52 15.70 15.48 16690
20140929 15.52 15.65 15.77 15.52 18993
20140930 15.66 16.26 16.30 15.59 36805
20141008 16.25 16.38 16.49 16.05 31917
20141009 16.40 16.80 17.20 16.40 44103
20141010 16.65 16.71 17.07 16.47 29738
20141013 16.71 16.47 16.71 16.26 17995
20141014 16.40 15.89 16.62 15.82 34380
20141015 15.95 15.93 16.06 15.72 20671
20141016 15.85 15.80 16.15 15.76 18506
20141017 15.88 16.03 16.10 15.18 28115
20141020 16.35 16.06 16.35 15.96 13488
20141021 16.08 15.69 16.19 15.69 19445
20141022 15.69 15.81 15.81 15.30 20989
20141023 15.74 15.28 15.85 15.19 11706
20141024 15.28 15.33 15.39 15.11 11325
20141027 15.20 15.38 15.49 14.72 9308
20141028 15.38 15.80 15.91 15.30 13945
20141029 15.90 15.86 15.98 15.75 23541
20141030 15.84 15.72 15.85 15.46 23088
20141031 16.10 15.79 16.25 15.65 32915
20141103 15.39 15.65 15.70 15.20 14072
20141104 15.47 15.46 15.65 15.15 18307
20141105 15.40 15.79 15.90 15.21 17793
20141106 15.80 15.79 15.89 15.60 12055
20141107 16.11 15.73 16.39 15.15 51687
20141110 15.50 15.67 15.70 15.09 18417
20141111 15.77 15.02 15.77 15.00 20271
20141112 15.02 15.35 15.42 14.88 18030
20141113 15.33 15.24 15.40 14.81 22004
20141114 14.94 14.89 15.23 14.89 7697
20141117 15.23 14.94 15.23 14.80 9429
20141118 14.99 14.92 15.06 14.82 13280
20141119 14.84 15.05 15.16 14.81 8284
20141120 15.00 15.08 15.11 14.90 6505
20141121 14.91 15.07 15.15 14.91 6595
20141124 15.16 15.07 15.18 15.00 13658
20141125 15.00 15.13 15.14 15.00 18893
20141126 15.10 15.50 15.57 15.08 30858
20141127 15.55 15.48 15.65 15.25 25506
20141128 15.50 15.30 15.50 15.10 16204
20141201 15.20 15.14 15.35 14.89 18969
20141202 15.14 15.20 15.50 14.95 33644
20141203 15.25 15.06 15.34 14.96 27612
20141204 15.07 15.20 15.30 15.07 26285
20141205 15.20 14.72 15.20 14.67 33307
20141208 14.73 14.50 14.89 14.49 40088
20141209 14.49 14.01 14.58 13.96 29494
20141210 13.86 15.40 15.41 13.86 62335
20141211 15.50 15.47 16.14 15.43 72193
20141212 15.50 15.29 15.56 15.10 24846
20141215 15.29 15.26 15.40 15.01 16447
20141216 15.26 15.38 15.48 15.11 23606
20141217 15.27 14.89 15.30 14.85 23082
20141218 14.90 14.88 15.28 14.86 13935
20141219 14.88 14.54 15.10 14.40 15116
20141222 14.54 13.58 14.54 13.09 18232
20141223 13.60 13.70 13.78 13.36 11587
20141224 13.75 13.86 13.99 13.72 9839
20141225 13.86 13.78 13.99 13.72 11801
20141226 13.80 13.70 13.88 13.53 18371
20141229 13.68 13.83 13.95 13.31 21301
20141230 13.84 14.14 14.19 13.70 13514
20141231 14.05 14.50 14.50 13.81 29567
20150105 14.23 14.06 14.46 14.05 32759
20150106 14.10 13.93 14.10 13.80 28399
20150107 13.89 13.72 13.95 13.71 23771
20150108 13.75 13.60 13.88 13.60 14296
20150109 13.73 13.55 13.73 13.54 8784
20150112 13.55 13.49 13.62 13.45 9021
20150113 13.55 13.71 13.75 13.47 15831
20150114 13.62 13.45 13.75 13.41 8991
20150115 13.45 13.46 13.69 13.34 6734
20150116 13.47 13.54 13.56 13.43 8924
20150119 13.00 13.06 13.47 12.75 11290
20150120 13.06 13.34 13.36 13.06 12182
20150121 13.39 13.58 13.64 13.30 21587
20150122 13.63 13.78 13.81 13.50 18097
20150123 13.81 13.60 13.83 13.52 17676
20150126 13.56 13.75 13.75 13.54 13912
20150127 13.82 13.72 13.82 13.58 16923
20150128 13.72 14.00 14.12 13.61 27704
20150129 14.00 13.86 14.09 13.83 15844
20150130 13.86 13.87 14.07 13.80 14590
20150202 13.68 14.08 14.25 13.61 21026
20150203 14.25 14.23 14.32 14.01 31036
20150204 14.16 13.84 14.25 13.81 19920
20150205 13.83 13.72 14.19 13.70 17733
20150206 13.80 13.45 13.80 13.44 13611
20150209 13.45 13.22 13.46 13.14 12260
20150210 13.22 13.51 13.78 13.22 9823
20150211 13.39 13.36 13.57 13.31 9951
20150212 13.37 13.66 13.69 13.37 9231
20150213 13.66 14.06 14.10 13.66 17684
20150216 14.10 14.05 14.18 13.85 18057
20150217 14.05 14.20 14.20 13.91 20581
20150225 14.20 14.76 14.90 14.06 37306
20150226 14.76 14.70 14.93 14.54 25389
20150227 14.80 14.77 14.88 14.60 18844
20150302 15.10 15.66 16.25 15.06 88867
20150303 15.68 16.11 16.25 15.60 75409
20150304 16.11 15.72 16.11 15.46 56129
20150305 15.53 15.46 15.68 15.13 38753
20150306 15.50 15.23 15.53 15.19 24267
20150309 15.29 15.08 15.29 14.85 37881
20150310 15.08 15.10 15.24 14.97 23364
20150311 15.10 14.98 15.25 14.93 19557
20150312 14.96 15.06 15.15 14.80 20691
20150313 15.19 15.03 15.25 14.92 18429
20150316 15.11 15.46 15.46 15.07 39883
20150317 15.52 15.35 15.54 15.00 83491
20150318 15.32 15.43 15.46 15.21 65579
20150319 15.60 15.98 16.23 15.57 117663
20150320 15.98 15.75 15.99 15.65 60557
20150323 15.85 15.94 15.98 15.72 69509
20150324 15.94 15.64 15.96 15.25 70061
20150325 15.68 17.20 17.20 15.53 182355
20150326 17.24 16.82 17.24 16.49 100786
20150327 16.82 17.70 17.90 16.82 135926
20150330 17.71 18.95 19.47 17.68 123841
20150331 18.95 20.79 20.80 18.52 140220
20150401 20.80 22.61 22.78 20.80 88392
