20140102 5.73 5.96 6.02 5.73 154083
20140103 5.93 5.93 6.08 5.83 130183
20140106 5.91 5.92 6.20 5.84 212622
20140107 5.90 6.22 6.35 5.75 240388
20140108 6.16 6.20 6.24 6.09 153724
20140109 6.16 5.80 6.17 5.79 167284
20140110 5.82 5.67 5.92 5.56 95227
20140113 5.65 5.81 5.83 5.58 77351
20140114 5.78 6.06 6.07 5.76 121348
20140115 6.04 6.06 6.15 5.95 113095
20140116 6.09 6.08 6.22 6.01 120078
20140117 6.08 6.25 6.39 6.01 201882
20140120 6.29 6.30 6.39 6.12 148300
20140121 6.25 6.31 6.32 6.12 123538
20140122 6.29 6.36 6.36 6.21 152447
20140123 6.40 6.54 6.80 6.40 241580
20140124 6.48 6.62 6.70 6.45 176427
20140127 6.63 6.59 6.88 6.55 185916
20140128 6.54 6.47 6.62 6.32 144807
20140129 6.49 6.63 6.70 6.45 115661
20140130 6.59 6.43 6.66 6.43 72176
20140207 6.33 6.65 6.65 6.26 109119
20140210 6.74 6.90 7.04 6.70 196649
20140211 6.89 7.03 7.08 6.70 256343
20140212 7.63 7.73 7.73 7.63 136777
20140213 8.50 7.93 8.50 7.77 679393
20140214 7.80 7.92 8.11 7.73 330819
20140217 7.85 8.70 8.71 7.70 489108
20140218 8.72 8.68 9.25 8.51 594553
20140219 8.50 8.66 8.72 8.45 272317
20140220 8.66 8.16 8.79 8.07 248628
20140221 8.10 8.14 8.39 7.96 192067
20140224 8.11 8.55 8.60 8.08 196386
20140225 8.60 7.70 8.68 7.70 292800
20140226 7.60 7.54 7.60 7.19 217184
20140227 7.49 7.31 7.84 7.28 184046
20140228 7.26 7.46 7.48 7.20 125062
20140303 7.45 7.56 7.57 7.38 118510
20140304 7.48 7.45 7.54 7.30 116014
20140305 7.50 7.44 7.60 7.41 115704
20140306 7.55 7.93 8.07 7.55 280896
20140307 7.73 7.78 7.88 7.65 150359
20140310 7.71 7.13 7.71 7.09 145406
20140311 7.01 6.99 7.17 6.81 97040
20140312 6.99 6.85 7.14 6.69 111673
20140313 6.95 7.06 7.12 6.93 88776
20140314 7.02 7.05 7.17 6.93 70473
20140317 7.12 7.31 7.35 7.08 81139
20140318 7.31 7.25 7.35 7.20 75996
20140319 7.25 7.25 7.34 7.16 64435
20140320 7.26 6.89 7.40 6.87 106709
20140321 6.88 7.05 7.08 6.69 92076
20140324 7.05 7.00 7.05 6.92 67571
20140325 6.97 7.05 7.06 6.91 65205
20140326 7.15 7.12 7.19 7.08 62272
20140327 7.10 6.88 7.11 6.86 59089
20140328 6.89 6.57 6.95 6.57 88395
20140331 6.60 6.58 6.68 6.51 36598
20140401 6.58 6.68 6.68 6.53 33469
20140402 6.70 6.58 6.73 6.57 37547
20140403 6.60 6.60 6.68 6.51 50188
20140404 6.63 6.85 6.91 6.63 93235
20140408 6.75 6.89 6.90 6.71 75922
20140409 6.91 6.97 7.06 6.86 63844
20140410 7.02 7.14 7.19 6.96 97038
20140411 7.05 6.97 7.06 6.92 58978
20140414 6.98 7.00 7.02 6.94 33990
20140415 7.00 7.12 7.22 6.91 97950
20140416 7.12 7.08 7.15 6.97 57864
20140417 7.10 7.44 7.48 7.06 190341
20140418 7.40 7.45 7.59 7.33 118076
20140421 7.36 7.26 7.55 7.21 97728
20140422 7.23 7.28 7.35 7.01 79025
20140423 7.34 7.36 7.50 7.26 73738
20140424 7.40 7.24 7.45 7.17 56370
20140425 7.24 7.09 7.26 7.01 49681
20140428 7.09 6.38 7.12 6.38 99981
20140429 6.38 6.35 6.42 6.13 66506
20140430 6.35 6.35 6.38 6.24 69765
20140505 6.32 6.45 6.46 6.26 71727
20140506 6.40 6.58 6.70 6.38 83001
20140507 6.59 6.65 6.83 6.52 98713
20140508 6.59 6.74 6.80 6.41 102159
20140509 6.84 7.03 7.09 6.68 155549
20140512 7.15 7.07 7.23 7.00 91512
20140513 7.04 7.08 7.19 7.00 70387
20140514 7.08 6.88 7.12 6.87 68845
20140515 6.86 6.69 6.90 6.63 44468
20140516 6.61 6.92 6.98 6.61 50190
20140519 6.89 6.94 7.03 6.82 37550
20140520 6.96 6.93 7.09 6.91 36044
20140521 6.90 7.19 7.19 6.89 62451
20140522 7.16 7.11 7.26 7.11 68680
20140523 7.11 7.20 7.22 7.09 40876
20140526 7.22 7.25 7.37 7.16 70382
20140527 7.23 7.11 7.29 7.10 49872
20140528 7.13 7.39 7.48 7.11 130958
20140529 7.40 7.28 7.49 7.23 68184
20140530 7.28 7.41 7.54 7.25 86565
20140603 7.40 7.23 7.43 7.23 57507
20140604 7.25 7.33 7.38 7.10 75189
20140605 7.38 7.44 7.45 7.27 63251
20140606 7.43 7.43 7.77 7.38 91668
20140609 7.44 7.26 7.44 7.25 48255
20140610 7.28 7.47 7.50 7.24 58814
20140611 7.43 7.55 7.60 7.43 68569
20140612 7.57 7.52 7.63 7.47 50221
20140613 7.50 7.63 7.69 7.47 82851
20140616 7.62 7.56 7.72 7.54 77207
20140617 7.56 7.41 7.56 7.37 66836
20140618 7.40 7.22 7.47 7.20 76764
20140619 7.21 7.03 7.30 6.91 61720
20140620 7.05 7.12 7.14 6.98 32484
20140623 7.12 7.34 7.34 7.12 67162
20140624 7.36 7.55 7.59 7.33 101274
20140625 8.00 7.97 8.31 7.81 306731
20140701 7.90 7.70 7.90 7.54 228087
20140702 7.69 8.06 8.07 7.65 221006
20140703 8.06 8.07 8.24 7.89 167553
20140704 8.01 8.09 8.30 7.97 129042
20140707 8.05 7.91 8.18 7.89 92102
20140708 7.88 7.97 7.98 7.80 63110
20140709 7.95 7.81 8.13 7.81 104513
20140710 7.80 7.74 7.96 7.71 67027
20140711 7.71 7.80 7.87 7.71 44462
20140714 7.81 7.89 7.92 7.79 62758
20140715 7.89 7.82 7.97 7.78 70038
20140716 7.88 7.52 7.88 7.50 88886
20140717 7.52 7.51 7.57 7.35 42959
20140718 7.50 7.63 7.68 7.45 47551
20140721 7.65 7.71 7.79 7.65 39251
20140722 7.72 7.72 7.77 7.63 42980
20140723 7.72 7.48 7.76 7.38 69557
20140724 7.48 7.42 7.53 7.31 53091
20140725 7.42 7.50 7.52 7.34 30877
20140728 7.51 7.60 7.62 7.46 47042
20140729 7.60 7.73 7.75 7.55 67223
20140730 7.74 7.76 7.79 7.64 51246
20140731 7.76 7.77 7.83 7.73 49340
20140801 7.85 7.79 7.95 7.71 95881
20140804 7.74 7.87 7.88 7.72 48557
20140805 7.87 7.87 7.88 7.75 60963
20140806 7.88 7.91 7.97 7.84 67916
20140807 7.90 7.73 7.90 7.70 67788
20140808 7.75 7.76 7.80 7.70 39303
20140811 7.78 8.09 8.16 7.75 144245
20140812 8.06 8.10 8.14 8.01 71553
20140813 8.10 8.07 8.10 7.92 75902
20140814 8.05 8.06 8.25 8.05 113252
20140815 8.03 8.21 8.31 8.03 106837
20140818 8.24 8.58 8.60 8.19 158027
20140819 8.65 8.58 9.10 8.50 249261
20140820 8.70 8.70 8.86 8.56 189509
20140821 8.70 8.78 8.90 8.40 209808
20140822 8.82 8.87 8.98 8.72 218529
20140825 8.90 8.92 9.01 8.63 220793
20140826 8.93 8.77 9.00 8.70 159759
20140827 8.79 8.69 8.93 8.57 173713
20140828 8.72 8.39 8.72 8.36 121418
20140829 8.32 8.47 8.47 8.32 81752
20140901 8.50 8.50 8.63 8.47 84472
20140902 8.53 8.69 8.71 8.52 103223
20140903 8.77 8.65 8.79 8.58 91112
20140904 8.64 8.72 8.74 8.62 96830
20140905 8.96 8.89 9.16 8.85 172941
20140909 8.90 8.88 8.96 8.84 89654
20140910 8.84 8.81 8.85 8.69 97172
20140911 8.81 8.78 8.92 8.74 99308
20140912 8.80 9.06 9.09 8.80 153357
20140915 9.10 9.15 9.20 8.96 114803
20140916 9.13 8.51 9.14 8.48 136441
20140917 8.53 8.57 8.63 8.41 59531
20140918 8.57 8.69 8.70 8.51 59129
20140919 8.74 8.79 8.87 8.70 55707
20140922 8.77 8.46 8.77 8.42 71594
20140923 8.46 8.56 8.60 8.41 41801
20140924 8.57 8.73 8.74 8.47 59511
20140925 8.77 8.77 8.88 8.70 85688
20140926 8.89 8.98 8.98 8.72 114171
20140929 9.06 9.07 9.14 8.99 103991
20140930 9.12 9.33 9.34 9.08 170263
20141008 9.45 9.32 9.45 9.14 102127
20141009 9.45 9.35 9.50 9.13 109948
20141010 9.28 9.13 9.28 9.07 88129
20141013 9.04 9.11 9.12 8.86 86849
20141014 9.12 9.00 9.14 8.94 68670
20141015 9.06 9.20 9.22 8.98 83094
20141016 9.11 8.84 9.25 8.81 86405
20141017 8.86 8.66 8.91 8.50 99858
20141020 8.71 8.81 8.83 8.66 43580
20141021 8.78 8.66 8.89 8.61 56149
20141022 8.69 8.61 8.79 8.51 51310
20141023 8.65 8.49 8.73 8.40 69041
20141024 8.48 8.50 8.56 8.45 42972
20141027 8.50 8.65 8.66 8.42 39059
20141028 8.70 8.85 8.86 8.67 65187
20141029 8.88 9.00 9.10 8.88 101229
20141030 9.03 8.93 9.10 8.90 68442
20141031 8.92 8.93 9.00 8.76 63188
20141103 8.93 9.12 9.15 8.90 89215
20141104 9.08 8.96 9.13 8.92 63768
20141105 8.94 8.83 8.97 8.81 59484
20141106 8.86 8.94 8.95 8.75 58429
20141107 8.91 8.74 9.00 8.70 76336
20141110 8.71 8.79 8.81 8.65 62028
20141111 8.80 8.46 8.82 8.38 87842
20141112 8.45 8.53 8.53 8.42 38635
20141113 8.53 8.27 8.55 8.18 71472
20141114 8.18 8.29 8.37 8.18 40193
20141117 8.28 8.50 8.55 8.24 41356
20141118 8.53 8.50 8.59 8.45 36198
20141119 8.50 8.50 8.54 8.42 28994
20141120 8.49 8.36 8.49 8.35 40403
20141121 8.40 8.58 8.58 8.37 49219
20141124 8.62 8.70 8.72 8.52 70682
20141125 8.72 8.77 8.78 8.68 55289
20141126 8.81 8.84 8.95 8.68 76411
20141127 8.85 8.92 8.92 8.80 76512
20141128 8.91 8.85 9.01 8.77 94513
20141201 8.87 8.68 8.95 8.65 71225
20141202 8.65 8.75 8.81 8.64 44485
20141203 8.79 8.76 8.79 8.61 74137
20141204 8.81 9.02 9.15 8.81 133064
20141205 9.12 8.88 9.15 8.62 108724
20141208 8.81 8.74 8.85 8.65 67752
20141209 8.74 8.23 8.85 8.21 118281
20141210 8.20 8.48 8.54 8.20 47722
20141211 8.52 8.46 8.56 8.40 55399
20141212 8.48 8.70 8.70 8.48 66022
20141215 8.71 8.85 8.88 8.68 55965
20141216 8.85 8.77 8.95 8.74 47976
20141217 8.86 8.93 8.96 8.75 80769
20141218 8.91 8.86 9.07 8.80 76018
20141219 8.85 8.54 8.88 8.46 68558
20141222 8.50 7.92 8.50 7.81 108290
20141223 7.92 7.78 8.09 7.50 77136
20141224 7.78 8.30 8.30 7.78 98498
20141225 8.29 8.25 8.36 8.18 44406
20141226 8.25 8.25 8.32 8.17 26861
20141229 8.26 8.17 8.29 8.14 34241
20141230 8.18 7.92 8.20 7.83 36597
20141231 7.92 8.02 8.06 7.80 33886
20150105 7.99 8.08 8.09 7.92 28122
20150106 8.09 8.24 8.31 8.01 54065
20150107 8.27 8.16 8.27 8.08 38019
20150108 8.13 8.15 8.23 8.10 29295
20150109 8.15 8.17 8.37 8.12 52855
20150112 8.16 8.02 8.23 7.97 28771
20150113 8.00 8.27 8.34 7.98 48060
20150114 8.27 8.32 8.50 8.25 42315
20150115 8.32 8.36 8.47 8.23 33816
20150116 8.38 8.34 8.43 8.25 40235
20150119 8.18 8.07 8.54 8.01 71445
20150120 8.12 8.59 8.62 8.12 100369
20150121 8.58 8.76 8.92 8.50 109020
20150122 8.72 9.10 9.16 8.69 143824
20150123 9.10 8.96 9.16 8.93 78104
20150126 9.01 9.38 9.48 9.01 137632
20150127 9.48 9.47 9.74 9.41 162431
20150128 9.60 9.80 10.00 9.60 166650
20150129 9.80 10.63 10.78 9.61 295264
20150130 10.50 10.63 11.09 10.41 254249
20150202 10.59 10.58 10.93 10.20 172384
20150203 10.58 11.25 11.50 10.55 228705
20150204 11.25 11.07 11.37 10.88 132110
20150205 11.07 10.51 11.17 10.40 196440
20150206 10.51 10.25 10.66 10.15 121007
20150209 10.33 10.12 10.45 10.12 71988
20150210 10.16 10.36 10.36 10.05 72105
20150211 10.35 10.73 10.78 10.30 98013
20150212 10.75 10.50 10.82 10.44 91326
20150213 10.62 10.62 11.00 10.48 128589
20150216 10.73 11.40 11.40 10.61 162817
20150217 11.35 11.23 11.48 11.06 94780
20150225 11.22 10.87 11.22 10.87 73403
20150226 10.79 10.99 11.17 10.75 82129
20150227 10.99 10.95 11.07 10.90 60571
20150302 11.00 11.31 11.36 10.80 118841
20150303 11.20 11.33 11.76 11.16 148396
20150304 11.34 11.42 11.62 11.23 97228
20150305 11.42 11.00 11.52 10.92 137435
20150306 10.97 10.58 11.09 10.50 127056
20150309 10.52 10.68 10.80 10.40 67292
20150310 10.69 10.93 10.95 10.60 68736
20150311 10.93 10.86 10.95 10.76 67912
20150312 10.83 10.52 10.95 10.48 109422
20150313 10.51 11.08 11.19 10.51 102135
20150316 11.15 11.33 11.51 11.13 160820
20150317 11.49 11.55 11.78 11.41 170153
20150318 11.65 12.18 12.19 11.65 197272
20150319 12.18 11.93 12.21 11.84 136367
20150320 11.96 12.11 12.26 11.96 125478
20150323 12.15 12.29 12.48 12.15 143873
20150324 12.30 12.05 12.33 11.62 172899
20150325 12.03 12.18 12.34 11.75 137413
20150326 12.15 12.72 12.77 11.89 226872
20150327 13.00 13.68 13.88 13.00 301132
20150330 13.60 13.29 13.60 13.12 224833
20150331 13.35 13.43 13.69 13.11 213287
20150401 13.39 13.99 14.07 13.32 209374
20150402 14.01 14.06 14.32 13.74 187130
20150403 13.98 14.10 14.39 13.80 173994
20150407 14.14 14.30 14.38 13.98 189121
20150408 14.29 13.68 14.29 13.63 223234
20150409 13.69 13.50 13.69 12.77 193987
20150410 13.46 13.99 14.25 13.31 163770
20150413 14.01 14.17 14.30 13.86 169632
20150414 14.14 13.79 14.14 13.60 178017
20150415 13.77 14.57 14.83 13.40 284684
20150416 14.00 15.11 15.25 13.90 264649
20150417 15.25 14.78 15.26 14.60 199883
20150420 14.50 14.00 14.70 13.91 199372
20150421 14.00 14.38 14.42 13.89 116260
20150422 14.35 14.49 14.75 14.31 168447
20150423 14.55 14.68 14.85 14.30 170545
20150424 14.40 14.97 15.07 14.23 197326
20150427 14.97 14.80 15.28 14.70 194554
20150428 15.10 14.40 15.28 14.30 182018
20150429 14.40 15.13 15.20 14.31 180319
20150430 15.15 15.51 16.45 15.13 255797
20150504 15.52 15.72 16.19 15.51 151281
20150505 15.64 15.01 15.80 14.96 139024
20150506 15.05 14.61 15.44 14.57 124554
20150507 14.48 14.43 14.91 14.32 100136
20150508 14.60 14.98 14.99 14.46 116981
20150511 15.19 15.75 15.79 15.02 150007
20150512 16.36 16.29 17.18 16.04 235741
20150513 16.25 16.60 16.60 15.80 181352
20150514 16.61 17.11 17.45 16.40 195441
20150515 17.49 16.45 17.60 16.18 199683
20150518 16.40 16.34 16.65 16.14 117221
20150519 16.30 16.82 16.88 16.30 126007
20150520 16.83 17.04 17.65 16.82 167092
20150521 17.20 18.18 18.51 17.20 183418
20150522 18.47 18.90 19.45 18.47 199705
20150525 18.60 19.81 19.99 18.22 234456
20150526 20.30 21.79 21.79 20.30 331333
20150527 22.60 22.20 23.19 21.31 331144
20150528 22.20 20.10 22.79 20.10 290009
20150529 20.50 21.40 22.04 18.81 290127
20150601 22.00 23.54 23.54 22.00 211921
20150602 24.45 25.89 25.89 24.10 245863
20150603 27.20 26.27 28.48 25.50 364654
20150604 26.29 28.90 28.90 24.30 281788
20150605 29.80 29.58 31.70 29.55 322033
20150608 28.99 26.63 28.99 26.62 322916
20150609 25.70 26.50 27.54 24.89 191557
20150610 26.00 26.70 27.20 25.71 195195
20150611 26.74 27.28 27.80 26.60 159489
20150612 27.30 26.75 27.57 26.55 172224
20150615 26.79 24.93 26.90 24.84 248291
20150616 24.80 22.88 24.82 22.50 165397
20150617 22.86 25.05 25.17 22.75 171062
20150618 24.74 24.22 26.48 23.50 172001
20150619 22.61 22.86 23.98 22.61 126511
20150623 23.19 23.07 23.78 21.01 172677
20150624 23.56 23.80 24.00 22.90 164782
20150625 23.88 22.22 24.01 21.50 190053
20150626 21.27 20.00 21.27 20.00 129868
20150629 20.75 18.00 20.77 18.00 187017
20150630 17.02 18.66 19.21 16.20 300561
20150701 18.34 17.71 19.50 17.17 243542
20150702 17.71 15.94 18.20 15.94 211275
20150703 15.11 14.35 16.25 14.35 161926
20150706 15.79 12.92 15.79 12.92 273279
20150707 11.80 11.63 12.39 11.63 135650
20150714 12.79 12.79 12.79 12.79 18800
20150715 14.07 14.07 14.07 13.52 323092
20150716 14.05 14.89 15.04 12.66 376621
20150717 14.91 16.38 16.38 14.89 236000
20150720 16.50 16.66 17.39 16.01 275918
20150721 16.49 16.76 17.29 16.01 201007
20150722 16.81 17.03 17.36 16.31 195556
20150723 17.07 17.77 17.92 17.01 212459
20150724 18.00 17.58 19.03 17.20 323243
20150727 17.00 15.82 18.30 15.82 268190
20150728 14.24 14.61 16.00 14.24 262501
20150729 14.93 15.79 15.82 13.26 251557
20150730 15.73 15.92 17.08 15.45 289909
