20140102 7.99 7.99 8.07 7.92 485299
20140103 7.97 7.84 7.97 7.76 540467
20140106 7.82 7.48 7.84 7.37 1231594
20140107 7.43 7.43 7.51 7.34 601149
20140108 7.45 7.42 7.51 7.38 594532
20140109 7.43 7.46 7.52 7.35 817234
20140110 7.42 7.38 7.47 7.37 467698
20140113 7.39 7.24 7.42 7.06 1187554
20140114 7.18 7.23 7.26 7.13 869623
20140115 7.21 7.17 7.23 7.12 491753
20140116 7.18 7.19 7.22 7.12 476950
20140117 7.17 7.08 7.18 7.08 555667
20140120 7.06 7.13 7.16 7.04 411916
20140121 7.15 7.22 7.27 7.15 480306
20140122 7.24 7.62 7.68 7.22 1140576
20140123 7.64 7.49 7.66 7.43 787573
20140124 7.47 7.79 7.93 7.45 1361815
20140127 7.70 7.65 7.77 7.58 706739
20140128 7.70 7.64 7.79 7.53 423566
20140129 7.67 7.54 7.68 7.48 507991
20140130 7.52 7.38 7.52 7.36 392538
20140207 7.34 7.41 7.41 7.24 498530
20140210 7.45 7.51 7.55 7.42 1062379
20140211 7.50 7.55 7.62 7.43 1084446
20140212 7.53 7.52 7.61 7.49 837754
20140213 7.52 7.41 7.52 7.38 843051
20140214 7.41 7.37 7.45 7.30 953287
20140217 7.40 7.37 7.42 7.30 851339
20140218 7.36 7.27 7.36 7.26 781694
20140219 7.27 7.37 7.40 7.23 918517
20140220 7.37 7.32 7.48 7.30 900218
20140221 7.31 7.16 7.35 7.10 1052345
20140224 7.00 6.69 7.01 6.62 1904246
20140225 6.70 6.57 6.74 6.55 1299324
20140226 6.57 6.68 6.71 6.52 941904
20140227 6.71 6.59 6.72 6.55 790142
20140228 6.61 6.72 6.74 6.58 679408
20140303 6.67 6.64 6.71 6.56 760743
20140304 7.00 6.92 7.10 6.78 2122496
20140305 6.92 6.76 6.92 6.75 590262
20140306 6.76 7.32 7.43 6.69 2660970
20140307 7.34 7.27 7.46 7.23 1719535
20140310 7.22 7.15 7.33 7.04 1164026
20140311 7.19 7.50 7.59 7.15 1892488
20140312 7.48 7.60 7.85 7.42 2089872
20140313 7.58 7.71 7.85 7.53 1492358
20140314 7.68 7.53 7.81 7.50 1303109
20140317 7.60 7.76 7.80 7.59 1177079
20140318 7.76 7.60 7.76 7.55 843899
20140319 7.51 7.50 7.54 7.24 1575462
20140320 7.50 7.51 7.73 7.40 1154551
20140321 7.57 8.01 8.08 7.45 2704395
20140324 8.01 8.06 8.17 7.85 1398770
20140325 8.04 7.98 8.20 7.90 957541
20140326 7.99 7.85 8.04 7.79 704058
20140327 7.80 7.98 8.10 7.73 1078006
20140328 7.93 8.12 8.24 7.92 1105309
20140331 8.16 8.09 8.22 7.96 678971
20140401 8.08 8.08 8.18 8.05 525249
20140402 8.14 8.29 8.40 8.11 1286559
20140403 8.30 8.10 8.39 8.07 986366
20140404 8.10 8.11 8.15 8.01 642858
20140408 8.05 8.15 8.23 7.94 961185
20140409 8.16 8.05 8.19 8.02 929854
20140410 8.04 8.05 8.08 7.82 1601694
20140411 8.00 7.95 8.01 7.89 775951
20140414 7.95 7.93 8.01 7.83 530246
20140415 7.86 7.76 7.91 7.70 758813
20140416 7.74 7.87 7.92 7.71 709656
20140417 7.88 7.75 7.89 7.73 457592
20140418 7.70 7.78 7.80 7.62 410082
20140421 7.71 7.66 7.80 7.65 454483
20140422 7.65 7.74 7.77 7.62 648158
20140423 7.72 7.79 7.83 7.70 467835
20140424 7.83 7.99 8.10 7.77 1396402
20140425 8.07 7.94 8.11 7.90 697631
20140428 7.98 7.97 8.16 7.92 968451
20140429 7.91 7.94 7.98 7.67 671097
20140430 7.87 7.90 7.98 7.77 395476
20140505 7.85 7.74 7.86 7.67 577174
20140506 7.74 7.79 7.90 7.74 463797
20140507 7.79 7.87 7.89 7.75 527230
20140508 7.48 7.35 7.58 7.32 751904
20140509 7.35 7.26 7.37 7.10 629680
20140512 7.28 7.32 7.43 7.19 517227
20140513 7.39 7.53 7.59 7.37 897278
20140514 7.65 7.63 7.83 7.61 931987
20140515 7.62 7.58 7.64 7.53 458698
20140516 7.58 7.70 7.80 7.58 962341
20140519 7.66 7.69 7.78 7.52 594646
20140520 7.70 7.74 7.78 7.64 685875
20140521 7.68 7.74 7.77 7.58 543435
20140522 7.75 7.89 7.94 7.73 921420
20140523 7.92 8.15 8.20 7.85 1338277
20140526 8.20 8.11 8.29 8.07 607556
20140527 8.11 8.17 8.25 8.06 800997
20140528 8.18 8.45 8.46 8.17 1557074
20140529 8.60 8.54 8.75 8.44 1666996
20140530 8.58 8.55 8.66 8.48 1061588
20140603 8.51 8.40 8.63 8.32 1184525
20140604 8.36 8.20 8.40 8.12 773771
20140605 8.18 8.31 8.35 8.15 476586
20140606 8.31 8.25 8.33 8.09 495191
20140609 8.17 8.30 8.56 8.12 826742
20140610 8.25 8.39 8.49 8.25 695095
20140611 8.38 8.40 8.52 8.32 579668
20140612 8.39 8.41 8.46 8.20 801011
20140613 8.38 8.43 8.48 8.28 635541
20140616 8.41 8.26 8.42 8.18 863513
20140617 8.25 8.12 8.25 8.04 685986
20140618 8.12 8.10 8.17 8.07 346365
20140619 8.13 7.99 8.15 7.97 405218
20140620 8.04 8.13 8.13 7.99 426682
20140623 8.13 8.15 8.18 8.08 249327
20140624 8.19 8.09 8.19 8.05 324250
20140625 8.13 8.13 8.14 7.96 536538
20140626 8.12 8.26 8.33 8.09 599034
20140627 8.27 8.32 8.38 8.23 550831
20140630 8.32 8.27 8.35 8.22 393736
20140701 8.29 8.10 8.29 8.06 609368
20140702 8.09 8.12 8.13 8.05 406331
20140703 8.11 8.15 8.17 8.10 288037
20140704 8.20 8.47 8.50 8.20 1358193
20140707 8.50 8.76 8.89 8.45 1460167
20140708 8.75 8.68 8.78 8.56 634375
20140709 8.69 8.56 8.76 8.54 623595
20140710 8.58 8.69 8.76 8.58 498934
20140711 8.86 8.81 8.94 8.74 849992
20140714 8.79 8.88 8.97 8.75 513882
20140715 8.86 8.86 8.90 8.84 375980
20140716 8.85 8.70 8.93 8.67 731638
20140717 8.69 8.61 8.75 8.47 705071
20140718 8.53 8.89 9.02 8.51 1025449
20140721 8.90 8.94 8.99 8.88 515900
20140722 8.90 9.18 9.21 8.88 875266
20140723 9.18 9.39 9.46 9.18 892432
20140724 9.42 9.77 9.82 9.42 1432468
20140725 9.82 9.81 9.89 9.57 738573
20140728 9.81 9.85 10.00 9.71 1220069
20140729 9.84 10.00 10.09 9.70 1066606
20140730 9.93 9.63 10.01 9.49 1633035
20140731 9.58 9.90 9.92 9.49 922418
20140801 9.80 9.74 9.98 9.73 903075
20140804 9.75 9.95 9.97 9.67 906383
20140805 9.97 9.74 9.97 9.67 822254
20140806 9.68 9.58 9.69 9.47 766842
20140807 9.56 9.52 9.65 9.48 691681
20140808 9.52 9.44 9.54 9.30 877855
20140811 9.44 9.61 9.68 9.44 701998
20140812 9.61 9.56 9.61 9.50 517427
20140813 9.61 9.55 9.63 9.40 531308
20140814 9.54 9.36 9.57 9.35 626639
20140815 9.35 9.40 9.50 9.35 418078
20140818 9.41 9.38 9.48 9.35 586810
20140819 9.43 9.40 9.43 9.33 581953
20140820 9.39 9.21 9.39 9.18 935990
20140821 9.18 9.33 9.34 9.02 973011
20140822 9.26 9.35 9.37 9.24 582370
20140825 9.33 9.16 9.33 9.11 532182
20140826 9.10 9.16 9.22 9.08 349707
20140827 9.16 9.16 9.26 9.11 333040
20140828 9.16 9.02 9.18 9.01 510218
20140829 9.05 9.12 9.15 9.02 316540
20140901 9.12 9.17 9.19 9.10 436507
20140902 9.19 9.25 9.25 9.11 610470
20140903 9.26 9.50 9.52 9.25 1170169
20140904 9.65 9.67 9.77 9.60 1100239
20140905 9.71 9.83 9.86 9.68 924771
20140909 9.83 9.62 9.83 9.58 630201
20140910 9.51 9.46 9.54 9.35 691210
20140911 9.42 9.44 9.58 9.39 704681
20140912 9.40 9.44 9.46 9.34 388227
20140915 9.36 9.25 9.36 9.20 961560
20140916 9.29 9.21 9.34 9.21 790173
20140917 9.27 9.27 9.30 9.22 675671
20140918 9.22 9.23 9.28 9.17 648544
20140919 9.23 9.28 9.28 9.18 660690
20140922 9.26 9.22 9.32 9.19 668230
20140923 9.34 9.33 9.50 9.28 879440
20140924 9.30 9.44 9.45 9.26 898003
20140925 9.49 9.39 9.52 9.36 789390
20140926 9.38 9.33 9.41 9.28 543491
20140929 9.33 9.22 9.33 9.15 873741
20140930 9.21 9.18 9.23 9.15 519218
20141008 9.54 9.44 9.58 9.35 1447312
20141009 9.45 9.47 9.57 9.45 825050
20141010 9.47 9.57 9.71 9.41 1178578
20141013 9.57 9.64 9.80 9.50 828536
20141014 9.63 9.51 9.63 9.45 654398
20141015 9.46 9.41 9.52 9.30 609059
20141016 9.35 9.31 9.38 9.28 608289
20141017 9.31 9.35 9.41 9.26 591395
20141020 9.40 9.35 9.46 9.32 597402
20141021 9.33 9.22 9.34 9.20 551512
20141022 9.23 9.20 9.28 9.18 412005
20141023 9.21 9.10 9.24 9.04 478058
20141024 9.09 9.09 9.18 9.05 325343
20141027 9.08 8.78 9.09 8.74 842476
20141028 8.82 9.02 9.03 8.82 693200
20141029 9.03 9.22 9.22 8.92 837365
20141030 9.22 9.18 9.22 9.07 692820
20141031 9.16 9.40 9.42 9.15 1100853
20141103 9.43 9.30 9.56 9.20 884538
20141104 9.26 9.39 9.42 9.18 905869
20141105 9.38 9.29 9.41 9.25 478826
20141106 9.32 9.33 9.50 9.29 724469
20141107 9.34 9.40 9.56 9.25 1002195
20141110 9.50 9.58 9.62 9.44 1291618
20141111 9.63 9.60 9.80 9.56 1662414
20141112 9.58 9.71 9.74 9.54 947386
20141113 9.72 9.51 9.77 9.45 991456
20141114 9.48 9.67 9.69 9.40 981738
20141117 9.70 9.47 9.84 9.40 996177
20141118 9.43 9.29 9.48 9.23 709607
20141119 9.25 9.19 9.32 9.15 725051
20141120 9.15 9.24 9.27 9.14 579625
20141121 9.23 9.37 9.38 9.18 795802
20141124 9.90 10.15 10.30 9.75 4698767
20141125 10.15 10.08 10.22 9.95 1867132
20141126 10.08 10.10 10.15 9.94 1890551
20141127 10.14 10.27 10.45 10.03 2162682
20141128 10.20 10.90 11.00 10.11 3320329
20141201 10.90 10.64 10.99 10.61 2059767
20141202 10.54 10.93 11.15 10.46 2353228
20141203 11.00 11.20 11.88 11.00 3408338
20141204 11.21 11.69 11.80 11.03 2322180
20141205 11.73 11.46 12.10 11.10 3123284
20141208 11.45 12.30 12.53 11.30 3592707
20141209 12.00 11.42 13.20 11.28 4567689
20141210 11.58 11.95 12.08 11.26 2672549
20141211 11.80 12.03 12.45 11.68 1844100
20141212 12.03 11.69 12.15 11.50 1310258
20141215 11.55 11.30 11.56 11.08 1677883
20141216 11.22 11.53 11.53 11.08 2038079
20141217 11.50 11.93 11.96 11.26 3055534
20141218 12.01 11.62 12.28 11.55 2416893
20141219 11.62 11.48 11.63 11.18 1822460
20141222 11.50 11.72 12.18 11.31 2766515
20141223 11.70 11.75 12.20 11.35 2860118
20141224 11.72 11.03 11.75 10.93 2715193
20141225 11.08 11.22 11.28 10.94 1613411
20141226 11.23 11.78 11.81 11.18 2576462
20141229 12.03 12.43 12.86 11.88 5437483
20141230 12.45 12.64 13.15 12.19 3861244
20141231 12.60 13.90 13.90 12.46 4899544
20150105 14.39 14.91 15.29 14.22 6560835
20150106 14.60 14.36 14.99 14.05 3346346
20150107 14.26 14.23 14.50 14.00 2642051
20150108 14.32 13.59 14.37 13.46 2639394
20150109 13.54 13.45 14.22 13.29 3294584
20150112 13.32 13.12 13.32 12.75 2436341
20150113 13.05 13.07 13.38 12.97 1664610
20150114 13.07 13.10 13.30 12.87 1646818
20150115 13.13 13.77 13.83 13.00 2429686
20150116 13.77 13.52 13.77 13.39 2129475
20150119 12.50 12.17 12.90 12.17 3603625
20150120 12.20 12.35 12.60 12.06 2914688
20150121 12.33 13.05 13.20 12.10 3555294
20150122 13.02 13.58 13.65 12.92 3224727
20150123 13.57 13.92 14.09 13.30 3310408
20150126 13.99 13.70 14.00 13.44 2162685
20150127 13.67 13.18 13.72 12.86 2804018
20150128 13.11 13.00 13.27 12.88 1561743
20150129 12.70 13.01 13.17 12.62 1468303
20150130 13.09 13.12 13.49 12.80 2096247
20150202 12.79 12.88 13.39 12.48 1976760
20150203 12.91 12.96 13.13 12.30 2936871
20150204 12.90 12.80 13.16 12.77 1660872
20150205 13.39 12.70 13.53 12.68 3160360
20150206 12.62 12.16 12.62 11.98 3163186
20150209 12.03 12.18 12.33 11.74 1278024
20150210 12.11 12.42 12.47 12.05 1077456
20150211 12.50 12.41 12.64 12.34 878329
20150212 12.41 12.47 12.55 12.20 895267
20150213 12.54 12.76 13.01 12.33 1968043
20150216 12.66 12.64 12.76 12.53 1308144
20150217 12.71 12.77 12.83 12.62 1198783
20150225 12.77 12.40 12.77 12.33 1498051
20150226 12.40 12.85 12.85 12.35 1733762
20150227 12.77 12.75 12.97 12.69 1246318
20150302 13.02 12.77 13.10 12.63 3225633
20150303 12.62 12.20 12.63 12.16 2365535
20150304 12.20 12.22 12.38 12.04 1647137
20150305 12.09 11.90 12.16 11.81 1793786
20150306 11.90 11.94 12.13 11.88 1105036
20150309 11.80 12.22 12.36 11.53 2044228
20150310 12.09 12.02 12.16 11.97 1077109
20150311 12.02 11.93 12.20 11.87 1153733
20150312 12.06 12.22 12.29 11.96 1818728
20150313 12.27 12.23 12.40 12.16 1334069
20150316 12.36 12.49 12.53 12.26 1753781
20150317 12.59 12.63 12.74 12.51 2128349
20150318 12.65 13.14 13.20 12.65 2895467
20150319 13.08 12.87 13.08 12.76 2129788
20150320 12.95 13.14 13.35 12.78 3494016
20150323 13.30 13.36 13.65 13.26 3313611
20150324 13.37 13.05 13.38 12.86 2656169
20150325 13.04 12.78 13.04 12.69 2073761
20150326 12.69 12.95 13.05 12.57 2090007
20150327 13.18 13.35 13.35 13.02 3441590
20150330 13.40 14.24 14.48 13.18 6361647
20150331 14.85 13.82 14.97 13.65 7481473
20150401 13.73 13.72 13.86 13.47 3758034
20150402 13.76 13.59 13.92 13.43 3199246
20150403 13.41 13.45 13.48 13.19 3565631
20150407 13.48 13.72 13.73 13.37 3753195
20150408 13.72 13.82 13.92 13.41 4489815
20150409 13.83 14.64 14.82 13.51 7171546
20150410 14.28 14.32 14.47 14.07 4248942
20150413 14.42 14.37 14.62 14.22 4074305
20150414 14.33 14.12 14.46 14.00 3276759
20150415 14.10 13.90 14.18 13.81 2784022
20150416 13.84 14.30 14.30 13.77 3346233
20150417 14.52 14.67 14.92 14.31 5846092
20150420 14.78 14.21 15.10 14.19 5933164
20150421 14.16 14.48 14.55 14.02 3743243
20150422 14.50 14.88 14.92 14.41 4468763
20150423 15.15 14.76 15.25 14.65 4717331
20150424 14.48 14.42 14.70 14.15 3620661
20150427 14.41 14.70 14.70 14.30 4225620
20150428 14.65 14.19 14.66 14.11 3866039
20150429 14.07 14.24 14.43 13.93 2773328
20150430 14.33 14.60 14.93 14.21 5411486
20150504 14.62 14.55 14.79 14.40 3091768
20150505 14.61 13.77 14.63 13.62 3285524
20150506 13.83 13.56 14.05 13.41 2521719
20150507 13.54 13.61 13.78 13.48 1754222
20150508 13.70 13.80 13.81 13.47 1978575
20150511 14.00 14.07 14.10 13.81 3653074
20150512 14.04 13.92 14.04 13.83 2547328
20150513 13.93 14.70 14.92 13.73 5805461
20150514 14.90 14.59 15.60 14.53 7786253
20150515 14.71 14.16 14.78 13.99 3391408
20150518 13.99 13.84 13.99 13.70 2365271
20150519 13.88 14.16 14.26 13.80 2581797
20150520 14.18 14.05 14.38 13.98 3055941
20150521 14.08 14.15 14.30 13.91 2540510
20150522 14.21 14.49 14.58 14.15 3801245
20150525 14.53 15.02 15.13 14.53 4465669
20150526 15.27 15.77 15.87 14.86 6561485
20150527 15.65 15.40 15.85 15.37 4124448
20150528 15.51 14.35 15.64 14.01 4503202
20150529 14.35 14.35 14.55 13.98 2845316
20150601 14.38 14.88 14.94 14.25 3100399
20150602 15.00 14.80 15.01 14.55 2678691
20150603 14.83 15.05 15.18 14.55 3013718
20150604 15.07 14.99 15.35 14.13 3752068
20150605 15.15 15.57 15.75 15.01 5641505
20150608 15.60 16.08 16.22 15.47 5849615
20150609 16.16 15.66 16.25 15.49 4257386
20150610 15.43 15.52 15.75 15.35 2829564
20150611 15.40 15.32 15.52 15.15 2317570
20150612 15.35 15.48 15.66 15.30 2467936
20150615 15.48 14.95 15.50 14.91 2741810
20150616 14.92 14.38 14.93 14.26 2668429
20150617 14.42 14.58 14.60 14.10 2186123
20150618 14.64 14.18 14.82 14.15 2625411
20150619 14.00 13.55 14.21 13.50 2185683
20150623 13.60 14.27 14.30 13.51 2776475
20150624 14.28 14.38 14.41 14.07 2161884
20150625 14.40 14.20 14.76 14.16 2544738
20150626 13.96 13.43 14.25 12.80 3070641
20150629 13.85 13.69 14.30 12.88 4207973
20150630 13.92 14.52 14.62 13.60 4092262
20150701 14.25 14.25 14.72 14.15 2892502
20150702 14.31 14.21 14.43 13.14 3349160
20150703 13.93 13.70 14.25 13.20 3154673
20150706 14.93 14.88 15.07 13.90 6165474
20150707 14.50 14.54 15.05 14.16 4650930
20150708 13.36 13.26 14.09 13.09 7170862
20150709 13.26 14.55 14.59 12.81 6070451
20150710 14.20 14.97 15.82 14.00 9107701
20150713 14.60 15.10 15.49 14.26 4687954
20150714 14.68 14.55 14.93 14.41 2779623
20150715 14.44 14.71 15.11 14.26 2683554
20150716 14.71 14.70 14.88 14.43 1777245
20150717 14.77 15.07 15.21 14.62 2552673
20150720 14.97 15.35 15.38 14.80 2961502
20150721 14.77 14.51 14.77 14.50 1957817
20150722 14.51 14.70 14.75 14.10 2342343
20150723 14.54 15.16 15.23 14.46 3373487
20150724 15.17 15.41 16.00 15.10 4654227
20150727 15.41 14.20 15.96 13.95 3127221
20150728 13.90 14.62 14.80 13.76 2836192
20150729 14.60 14.60 14.75 14.35 1641064
20150730 14.58 14.08 14.65 14.08 1243463
