20140102 34.41 35.34 35.69 34.40 62032
20140103 35.33 35.11 35.33 34.68 31959
20140106 35.20 34.29 35.28 34.21 23172
20140107 34.14 34.68 34.68 33.71 21192
20140108 34.79 35.17 35.30 34.62 37605
20140109 35.38 35.28 36.20 35.20 54710
20140110 35.05 35.00 35.63 34.72 26290
20140113 35.48 34.10 35.62 34.10 29477
20140114 34.15 33.71 34.50 32.80 46691
20140115 33.69 33.90 33.98 33.33 22380
20140116 34.02 33.41 34.02 33.27 20768
20140117 33.52 32.85 33.52 32.79 24376
20140120 32.86 32.00 33.17 31.65 35086
20140121 31.99 32.19 32.20 31.76 25371
20140122 32.19 32.75 32.80 31.78 44759
20140123 32.75 32.73 33.30 32.66 38085
20140124 32.80 34.42 34.77 32.63 66248
20140127 33.59 33.42 33.88 33.18 46942
20140128 33.39 32.14 33.39 31.98 44002
20140129 32.40 32.07 32.68 32.00 32639
20140130 32.10 31.75 32.22 31.72 26902
20140207 31.56 31.86 31.88 30.81 35360
20140210 31.89 32.59 32.60 31.88 67229
20140211 32.93 32.52 32.93 32.28 41795
20140212 32.85 32.66 32.85 32.46 43762
20140213 32.77 32.90 33.19 32.51 45761
20140214 33.19 33.27 33.30 32.78 36489
20140217 33.28 33.10 33.83 33.05 69797
20140218 33.05 32.47 33.25 32.34 52754
20140219 32.47 32.35 32.63 31.89 40996
20140220 32.68 31.60 32.68 31.48 42783
20140221 31.55 31.84 32.18 31.48 25166
20140224 31.69 31.78 31.80 31.16 33341
20140225 32.08 30.05 32.10 29.80 62250
20140226 29.80 30.22 30.47 29.71 28404
20140227 30.31 30.07 31.21 30.03 28723
20140228 30.08 30.41 30.46 29.76 24738
20140303 30.30 30.50 30.51 29.90 25657
20140304 30.45 30.04 30.45 29.92 27718
20140305 30.05 30.05 30.34 29.95 19614
20140306 29.90 28.33 30.00 28.30 79031
20140307 28.04 27.36 28.08 26.93 102359
20140310 27.18 27.21 27.81 26.89 53762
20140311 27.16 27.58 27.63 27.01 34377
20140312 28.31 30.34 30.34 28.30 166268
20140313 31.00 32.19 32.95 30.80 155529
20140314 31.88 31.41 31.93 31.01 67451
20140317 31.40 31.56 32.12 30.68 53818
20140318 31.50 31.10 31.95 31.02 49179
20140319 30.97 30.69 30.97 30.08 52100
20140320 30.70 30.00 30.90 29.94 39763
20140321 29.57 30.38 30.54 28.82 39661
20140324 30.29 30.40 30.65 29.85 25643
20140325 30.52 30.15 31.18 30.00 34943
20140326 30.40 30.82 31.16 30.06 32702
20140327 30.80 30.51 31.03 30.20 24526
20140328 30.46 29.22 30.80 28.90 27478
20140331 29.24 29.20 30.09 29.02 21831
20140401 29.15 29.71 30.07 29.13 17676
20140402 29.76 29.18 29.96 29.02 23420
20140403 29.29 29.08 29.42 29.01 14923
20140404 29.05 29.29 29.37 28.91 15043
20140408 29.35 30.20 30.20 29.35 29680
20140409 30.20 30.31 30.50 29.91 25816
20140410 30.31 30.21 30.72 30.15 25026
20140411 30.21 29.61 30.36 29.52 33652
20140414 29.65 30.04 30.12 29.57 18744
20140415 30.05 30.20 30.29 29.84 17728
20140416 30.29 30.39 30.62 30.06 20532
20140417 30.57 29.92 30.57 29.90 19520
20140418 29.81 29.76 29.85 29.40 12499
20140421 29.49 29.35 30.03 29.26 15469
20140422 29.60 29.30 29.90 29.01 19815
20140423 29.32 29.28 29.57 29.09 9492
20140424 29.23 28.88 29.34 28.88 19071
20140425 28.89 28.20 29.06 28.15 20307
20140428 28.07 27.47 28.35 27.45 23736
20140429 27.50 28.15 28.20 27.50 18243
20140430 28.15 29.03 29.10 28.02 19513
20140505 29.02 29.20 29.38 28.62 22815
20140506 29.10 29.43 29.70 29.10 18216
20140507 28.88 28.45 28.88 28.30 18795
20140508 28.32 28.23 28.84 28.16 11113
20140509 28.25 27.81 28.46 27.51 18467
20140512 28.30 28.68 28.94 28.00 20697
20140513 28.69 28.49 28.80 28.31 13346
20140514 28.49 28.68 28.83 28.49 9449
20140515 28.68 28.20 28.68 28.00 12571
20140516 28.26 28.36 28.46 27.81 13889
20140519 28.01 28.07 28.36 27.84 8975
20140520 28.36 28.08 28.48 27.90 11831
20140521 28.08 28.41 28.45 27.89 13018
20140522 28.26 28.45 28.89 28.26 17623
20140523 28.47 28.50 28.81 28.36 11234
20140526 28.80 28.90 29.11 28.67 18732
20140527 28.92 28.72 29.08 28.72 11426
20140528 28.70 28.94 28.98 28.48 16845
20140529 29.03 29.35 29.80 28.95 36427
20140530 29.28 29.19 29.38 29.02 17142
20140603 29.20 29.40 29.67 29.20 18799
20140604 29.39 28.78 29.39 28.51 25435
20140605 28.80 28.80 28.87 28.28 24605
20140606 28.98 28.33 29.06 28.22 23777
20140609 28.43 28.35 28.68 28.34 14779
20140610 28.59 28.99 29.04 28.33 17587
20140611 29.07 29.64 29.67 28.91 29194
20140612 29.50 29.24 29.59 29.15 15386
20140613 29.24 29.62 29.82 29.24 20870
20140616 29.65 30.02 30.28 29.65 32384
20140617 30.03 29.58 30.23 29.58 17623
20140618 29.69 29.42 29.69 29.27 16988
20140619 29.27 29.00 29.50 28.72 16482
20140620 28.86 29.27 29.50 28.86 9821
20140623 29.33 29.26 29.50 29.09 13853
20140624 29.40 29.36 29.45 29.16 12147
20140625 29.36 29.13 29.39 29.00 13596
20140626 29.28 29.64 29.69 29.28 18503
20140627 29.71 29.78 30.18 29.45 27003
20140630 29.82 30.02 30.20 29.60 20594
20140701 30.19 30.08 30.27 29.81 20111
20140702 30.13 30.61 30.78 30.00 39568
20140703 30.61 30.46 30.82 30.33 23961
20140704 30.65 29.98 30.65 29.96 30803
20140707 29.92 29.53 30.15 29.40 33809
20140708 29.68 30.14 30.16 29.44 25277
20140709 30.25 29.59 30.36 29.56 20400
20140710 29.51 29.44 29.71 29.38 16838
20140711 29.35 29.48 29.64 29.20 14279
20140714 29.45 30.20 30.24 29.35 25216
20140715 30.19 29.97 30.38 29.75 19416
20140716 29.89 29.54 30.07 29.19 22297
20140717 29.48 29.29 29.50 29.13 13469
20140718 29.23 29.27 29.47 29.16 14560
20140721 29.42 29.10 29.42 29.10 13386
20140722 29.10 29.29 29.31 29.02 15179
20140723 29.33 28.70 29.39 28.45 27848
20140724 28.58 28.62 28.84 28.05 47369
20140725 28.50 28.92 28.97 28.45 19653
20140728 29.00 29.28 29.37 28.75 33631
20140729 29.35 29.40 29.78 29.17 30466
20140730 29.35 29.50 29.68 29.31 25088
20140731 29.50 29.72 29.80 29.48 25308
20140801 29.74 29.96 30.36 29.72 59225
20140804 29.90 30.07 30.13 29.71 26993
20140805 30.18 29.92 30.25 29.71 25137
20140806 29.80 30.00 30.06 29.72 22656
20140807 30.00 29.60 30.10 29.55 31899
20140808 29.75 29.88 30.00 29.53 20932
20140811 29.88 30.20 30.27 29.83 32961
20140812 30.18 30.01 30.20 29.90 20506
20140813 30.01 29.75 30.06 29.47 30432
20140814 29.58 29.65 29.87 29.54 26082
20140815 29.70 29.81 29.88 29.55 23431
20140818 29.93 31.20 31.25 29.93 83546
20140819 31.19 30.81 31.19 30.51 59912
20140820 30.71 31.20 31.58 30.60 55175
20140821 31.23 31.30 31.50 30.95 44002
20140822 31.35 31.23 31.78 31.04 39347
20140825 31.25 30.91 31.35 30.66 36615
20140826 30.91 30.55 30.98 30.51 30761
20140827 30.74 30.76 30.87 30.50 24253
20140828 30.70 30.44 30.83 30.37 19310
20140829 30.44 30.71 30.73 30.38 16011
20140901 30.80 30.95 30.97 30.70 29334
20140902 31.08 31.14 31.16 30.81 38647
20140903 31.19 31.16 31.45 31.06 33956
20140904 31.24 31.69 31.70 31.17 45319
20140905 31.82 31.64 31.98 31.32 45401
20140909 31.60 31.36 31.73 31.30 39654
20140910 31.30 31.48 31.48 31.21 31007
20140911 31.48 31.14 31.77 31.08 44015
20140912 31.13 31.42 31.45 31.11 25270
20140915 31.50 31.58 31.77 31.44 34516
20140916 31.67 30.39 31.76 30.37 58805
20140917 30.38 30.56 30.67 30.19 30292
20140918 30.56 30.85 31.04 30.38 28331
20140919 30.96 30.88 31.06 30.69 24973
20140922 30.85 30.26 30.85 30.21 26543
20140923 30.40 30.70 30.78 30.28 20668
20140924 30.65 30.95 30.99 30.04 31875
20140925 30.99 30.96 31.30 30.90 34428
20140926 30.88 30.89 31.08 30.50 27216
20140929 30.83 31.13 31.26 30.70 31169
20140930 31.21 31.33 31.69 31.13 36027
20141008 31.39 32.57 32.70 31.39 93118
20141009 32.68 32.33 32.79 31.93 61462
20141010 32.10 33.09 33.96 32.04 89916
20141013 32.95 33.40 33.88 32.75 62205
20141014 33.49 33.12 33.77 32.95 50136
20141015 33.08 35.08 35.20 33.00 116839
20141016 34.75 34.08 35.76 34.07 85318
20141017 34.16 33.65 34.66 32.92 56347
20141020 33.70 34.69 34.83 33.65 50936
20141021 34.90 34.99 35.54 34.44 64230
20141022 34.79 34.21 35.35 34.20 55617
20141023 33.98 34.29 34.78 33.80 44918
20141024 34.32 35.19 35.35 34.30 41691
20141027 35.22 35.46 35.52 34.70 58864
20141028 35.46 36.48 36.62 35.23 60116
20141029 36.47 36.55 36.65 35.96 51524
20141030 36.60 35.70 36.60 35.59 50590
20141031 35.59 36.29 36.38 35.23 45243
20141103 36.25 36.05 37.40 35.90 40093
20141104 36.04 35.52 36.05 35.24 37552
20141105 35.41 35.57 35.86 35.28 20821
20141106 35.70 36.30 36.49 35.31 31509
20141107 38.00 36.89 39.30 36.62 96018
20141110 37.10 37.07 37.98 36.45 64256
20141111 37.03 35.41 37.03 35.35 56099
20141112 35.38 36.00 36.20 35.12 42746
20141113 36.00 35.36 36.08 35.29 31883
20141114 35.36 35.42 36.00 35.21 32986
20141117 35.41 35.18 35.73 35.00 38176
20141118 35.11 35.54 35.90 35.11 27633
20141119 35.54 36.35 36.51 35.33 34940
20141120 36.38 36.01 36.91 35.90 33811
20141121 36.25 36.27 36.82 36.02 36891
20141124 36.52 35.98 36.79 35.83 65275
20141125 36.00 36.18 36.27 35.60 40687
20141126 36.22 36.19 36.23 35.80 37360
20141127 36.29 35.75 36.37 35.66 52801
20141128 35.80 34.79 35.80 34.70 78053
20141201 34.68 35.47 35.57 34.00 52526
20141202 35.42 35.54 35.81 35.06 39099
20141203 35.57 36.35 36.35 35.06 62667
20141204 36.45 37.15 37.60 36.45 69678
20141205 37.25 36.40 37.45 35.31 70829
20141208 35.89 36.10 36.50 35.31 52175
20141209 35.90 35.71 36.96 35.39 77900
20141210 35.59 36.80 36.93 35.59 66320
20141211 36.90 36.23 36.90 36.00 58788
20141212 36.40 36.52 36.87 36.23 31794
20141215 36.52 38.22 38.50 36.52 83862
20141216 38.36 38.11 38.62 37.49 47597
20141217 38.03 37.43 38.04 37.00 49827
20141218 37.45 37.19 37.73 36.95 34624
20141219 37.19 36.00 37.29 35.70 49330
20141222 35.98 35.12 35.98 34.45 53353
20141223 35.10 34.93 35.79 34.85 28308
20141224 35.30 35.62 35.68 35.01 30172
20141225 35.70 35.49 35.90 35.28 29215
20141226 35.50 35.82 36.13 35.33 26821
20141229 35.74 34.95 35.74 34.83 33056
20141230 34.95 35.17 35.66 34.89 27512
20141231 35.17 35.45 35.88 34.98 34153
20150105 35.55 36.59 36.78 35.49 51326
20150106 36.59 37.51 37.78 36.21 66556
20150107 37.48 36.94 37.68 36.61 36274
20150108 36.86 37.05 37.60 36.86 35793
20150109 36.98 36.52 37.38 36.51 35145
20150112 36.50 36.60 36.80 35.90 40445
20150113 36.78 38.04 38.16 36.61 65303
20150114 38.08 37.83 38.20 37.49 42282
20150115 37.84 37.82 38.18 37.35 31614
20150116 37.83 37.95 38.25 37.28 37973
20150119 37.38 37.87 39.55 37.13 95428
20150120 38.48 39.08 39.08 38.19 68429
20150121 39.30 39.63 40.45 39.09 100348
20150122 39.64 40.10 40.48 39.13 77071
20150123 39.50 38.56 39.59 38.30 109489
20150126 38.35 38.90 39.19 38.33 50466
20150127 38.89 38.61 39.27 38.31 51661
20150128 38.65 38.70 39.14 38.36 42071
20150129 38.51 37.80 38.51 37.80 43243
20150130 37.81 37.71 38.61 37.69 51981
20150202 37.35 37.71 38.05 37.23 30626
20150203 37.90 38.01 38.30 37.59 49738
20150204 38.00 37.51 38.02 37.43 30809
20150205 37.63 36.81 37.89 36.80 44353
20150206 36.81 36.01 37.16 35.82 38965
20150209 35.81 35.85 36.19 35.63 24870
20150210 35.95 36.30 36.30 35.85 22221
20150211 36.22 36.68 36.88 36.22 20674
20150212 36.63 37.02 37.10 36.63 21077
20150213 37.10 37.14 37.64 37.08 32311
20150216 37.16 37.41 37.49 37.10 24538
20150217 37.42 37.20 37.57 37.18 18120
20150225 37.20 38.18 38.78 36.88 51769
20150226 38.32 38.15 38.55 37.91 25611
20150227 38.09 37.95 38.43 37.85 23110
20150302 37.96 38.40 38.52 37.90 39270
20150303 38.44 37.95 38.93 37.94 50552
20150304 37.89 39.44 39.57 37.81 78010
20150305 39.60 40.94 41.27 39.44 110912
20150306 40.75 39.30 41.26 39.25 55406
20150309 39.20 39.97 40.11 38.35 46674
20150310 39.74 42.80 43.97 39.70 107151
20150311 43.08 43.22 44.59 42.18 68894
20150312 43.10 43.10 43.50 41.77 45324
20150313 43.21 44.70 45.53 43.21 76173
20150316 45.00 44.80 45.18 44.10 82785
20150317 44.92 43.39 45.00 43.36 79704
20150318 43.20 43.96 43.98 42.60 71896
20150319 43.90 42.97 43.90 42.80 62372
20150320 42.98 42.91 43.83 42.56 63158
20150323 42.97 44.28 44.35 42.65 92171
20150324 44.29 44.77 44.90 42.87 83565
20150325 46.30 44.36 46.30 44.10 127579
20150326 44.25 43.25 44.40 43.01 81574
20150327 43.35 43.60 43.96 43.28 46992
20150330 43.80 44.66 44.90 43.68 64204
20150331 44.89 44.42 45.50 44.30 74341
20150401 44.70 46.37 46.77 44.49 100529
20150402 46.51 46.19 47.90 45.70 85954
20150403 46.19 47.11 47.19 45.61 74317
20150407 47.40 46.74 48.20 46.68 134718
20150408 46.93 45.98 47.10 45.28 100148
20150409 45.72 45.20 45.80 43.07 85609
20150410 45.18 46.42 46.57 44.99 114794
20150413 47.00 51.06 51.06 46.75 197965
20150414 51.55 51.22 52.23 50.00 140564
20150415 51.22 49.61 51.26 48.75 95707
20150416 49.58 50.01 50.85 48.90 77909
20150417 51.25 49.48 51.99 49.23 100840
20150420 49.50 47.52 49.59 47.27 93369
20150421 47.19 52.27 52.27 46.83 143431
20150422 53.49 52.86 53.94 52.18 123888
20150423 53.00 54.07 54.44 52.50 117734
20150424 32.50 33.00 33.76 32.02 177708
20150427 34.00 32.40 34.13 32.25 160806
20150428 32.46 31.18 32.50 30.62 151310
20150429 31.10 31.33 31.97 30.75 95608
20150430 31.45 31.01 31.88 31.00 107398
20150504 31.02 31.37 31.65 30.30 110600
20150505 31.01 29.70 31.37 29.50 151441
20150506 30.12 29.96 30.88 29.50 116436
20150507 29.80 30.90 31.41 29.66 119464
20150508 30.93 32.29 32.45 30.93 148195
20150511 32.42 33.10 33.47 31.50 225769
20150512 33.02 33.30 33.80 32.56 227278
20150513 33.00 34.59 34.87 32.58 273676
20150514 34.66 34.09 35.30 33.67 258245
20150515 34.01 32.84 34.01 32.62 198609
20150518 32.83 34.44 34.49 32.43 229722
20150519 34.40 36.19 36.27 33.59 294964
20150520 36.00 35.21 37.80 35.00 361904
20150521 34.91 37.37 37.97 34.51 292802
20150522 37.20 36.80 37.79 36.39 338090
20150525 36.89 37.35 37.80 36.86 264751
20150526 37.55 37.96 38.33 37.31 258253
20150527 38.18 37.70 38.60 37.24 207131
20150528 37.71 34.59 37.87 34.48 262250
20150529 34.62 34.80 35.58 33.46 175773
20150601 35.10 36.05 36.10 34.89 174738
20150602 36.05 36.59 36.77 35.70 191778
20150603 36.70 35.79 36.87 35.20 172721
20150604 35.80 34.93 35.80 32.51 192907
20150605 35.29 36.01 36.47 35.01 195602
20150608 36.15 36.19 36.84 35.40 190337
20150609 36.30 36.59 37.00 36.01 201113
20150610 36.40 36.36 36.94 35.70 185223
20150611 36.34 36.97 36.99 36.10 219003
20150612 37.16 36.91 37.46 36.44 239220
20150615 36.89 35.17 37.04 35.01 214294
20150616 34.50 34.29 35.10 33.68 151435
20150617 34.20 34.76 34.96 33.58 112720
20150618 34.60 32.94 34.74 32.88 117893
20150619 32.50 30.00 32.80 29.98 130076
20150623 29.60 31.66 31.78 29.05 138133
20150624 31.66 31.78 32.20 31.20 105629
20150625 31.77 30.50 31.97 30.00 107652
20150626 29.90 27.45 29.90 27.45 167643
20150629 28.10 26.00 28.20 24.75 181209
20150630 25.68 28.60 28.60 25.30 176691
20150701 28.50 28.20 30.28 27.90 182472
20150702 28.30 27.82 29.55 26.67 177835
20150703 27.43 28.94 30.55 27.01 293890
20150706 31.83 29.36 31.83 27.47 276240
20150707 28.50 26.95 29.14 26.42 289012
20150708 24.26 26.82 27.49 24.26 373745
20150709 26.82 29.50 29.50 26.82 192769
20150710 30.35 32.45 32.45 30.30 287222
20150713 32.79 34.23 35.00 31.75 380055
20150714 33.00 32.18 33.96 31.87 273711
20150715 31.21 29.53 32.18 29.02 185350
20150716 29.54 31.16 31.89 29.53 154799
20150717 31.25 32.56 32.99 31.16 148329
20150720 32.07 32.01 33.23 31.70 134384
20150721 31.75 32.70 32.93 31.42 108762
20150722 32.71 32.60 33.55 31.70 139300
20150723 32.60 32.85 32.97 31.80 176678
20150724 32.88 31.90 33.02 31.66 179852
20150727 31.25 28.71 31.62 28.71 178809
20150728 27.85 29.26 29.99 26.48 202995
20150729 29.20 30.45 30.58 28.80 103862
20150730 30.22 29.39 31.00 29.00 101384
