20140102 10.16 10.14 10.20 10.02 115757
20140103 10.04 9.88 10.09 9.84 131751
20140106 9.88 9.83 9.88 9.64 128183
20140107 9.70 9.75 9.86 9.63 88649
20140108 9.76 9.83 9.99 9.71 124491
20140109 9.80 9.62 9.94 9.61 92076
20140110 9.65 9.49 9.69 9.45 103125
20140113 9.50 9.39 9.57 9.33 82724
20140114 9.39 9.47 9.56 9.38 74770
20140115 9.46 9.40 9.47 9.25 89842
20140116 9.38 9.42 9.52 9.34 97277
20140117 9.36 9.27 9.39 9.16 90753
20140120 9.26 9.26 9.34 9.18 51588
20140121 9.32 9.43 9.50 9.31 74639
20140122 9.45 9.71 9.77 9.41 111956
20140123 9.68 9.64 9.77 9.60 85498
20140124 9.61 9.76 9.83 9.58 99533
20140127 9.64 9.53 9.71 9.52 91515
20140128 9.60 9.60 9.67 9.51 51173
20140129 9.64 9.69 9.75 9.62 67792
20140130 9.68 9.55 9.80 9.55 96950
20140207 9.47 9.62 9.64 9.34 92033
20140210 9.68 9.86 9.90 9.63 151592
20140211 9.86 9.94 10.04 9.78 178161
20140212 9.98 9.95 10.09 9.86 119120
20140213 9.90 9.83 9.99 9.83 107241
20140214 9.83 9.87 9.92 9.80 90415
20140217 9.98 9.92 10.01 9.88 142970
20140218 9.91 9.58 9.95 9.53 190925
20140219 9.51 9.62 9.69 9.42 161077
20140220 9.61 9.33 9.71 9.33 149430
20140221 9.32 9.05 9.38 8.96 180166
20140224 8.98 8.99 9.00 8.81 114460
20140225 8.98 8.65 9.05 8.64 124163
20140226 8.65 8.70 8.74 8.58 94548
20140227 8.73 8.71 8.82 8.64 118448
20140228 8.73 9.06 9.13 8.66 188830
20140303 9.02 8.93 9.02 8.87 123947
20140304 8.92 8.92 9.03 8.83 106681
20140305 8.98 8.88 9.03 8.86 83194
20140306 8.87 8.94 9.00 8.68 102789
20140307 8.90 8.76 8.99 8.76 94248
20140310 8.68 8.47 8.69 8.42 105947
20140311 8.45 8.48 8.55 8.39 85553
20140312 8.45 8.47 8.55 8.37 70659
20140313 8.51 8.54 8.68 8.46 81550
20140314 8.52 8.61 8.65 8.47 77010
20140317 8.64 8.76 8.78 8.58 85734
20140318 8.66 8.65 8.72 8.61 84504
20140319 8.63 8.57 8.66 8.52 63714
20140320 8.59 8.46 8.72 8.46 87511
20140321 8.44 8.80 8.84 8.40 172735
20140324 8.80 8.97 9.07 8.73 202341
20140325 8.91 8.92 9.03 8.86 103062
20140326 9.01 8.85 9.04 8.81 79047
20140327 8.85 8.77 8.92 8.72 81995
20140328 8.75 8.68 8.86 8.66 78947
20140331 8.74 8.64 8.79 8.60 52642
20140401 8.65 8.75 8.78 8.63 48676
20140402 8.77 8.84 8.88 8.73 64695
20140403 8.90 8.83 9.03 8.82 120259
20140404 8.81 8.95 8.98 8.79 65054
20140408 8.93 9.14 9.25 8.90 165980
20140409 9.13 9.07 9.15 9.01 101138
20140410 9.20 9.37 9.50 9.16 314306
20140411 9.40 9.52 9.74 9.30 325368
20140414 9.53 9.60 9.70 9.47 197558
20140415 9.53 9.38 9.61 9.32 168617
20140416 9.34 9.57 9.75 9.33 229274
20140417 9.58 9.78 10.09 9.52 350938
20140418 9.70 9.68 9.89 9.52 167633
20140421 9.68 9.30 9.81 9.30 184331
20140422 9.32 9.56 9.56 9.26 170460
20140423 9.50 9.49 9.58 9.43 89396
20140424 9.47 9.47 9.64 9.42 131290
20140425 9.46 9.41 9.68 9.33 171851
20140428 9.42 9.43 9.59 9.34 160803
20140429 9.45 9.66 9.66 9.18 203564
20140430 9.56 9.53 9.61 9.44 139502
20140505 9.45 9.62 9.68 9.24 166702
20140506 9.55 9.56 9.69 9.47 143606
20140507 9.49 9.79 9.88 9.47 310420
20140508 9.68 9.76 10.08 9.66 329678
20140509 9.83 10.30 10.49 9.79 596857
20140512 10.65 10.55 10.98 10.30 845275
20140513 10.39 10.77 10.94 10.38 650860
20140514 10.69 10.58 10.80 10.48 391469
20140515 10.58 10.20 10.68 10.08 431998
20140516 10.21 10.06 10.27 9.97 329065
20140519 9.92 9.79 9.96 9.71 222534
20140520 9.89 9.82 9.93 9.70 198990
20140521 9.75 10.02 10.03 9.66 263982
20140522 10.05 9.87 10.13 9.86 233073
20140523 9.86 10.02 10.03 9.79 176806
20140526 10.03 9.96 10.07 9.88 189854
20140527 9.95 9.76 9.97 9.76 169490
20140528 9.70 10.03 10.10 9.60 319130
20140529 9.96 9.74 10.01 9.73 186504
20140530 9.75 9.87 10.08 9.67 266754
20140603 9.90 9.83 10.06 9.80 169563
20140604 9.85 9.72 9.85 9.67 125442
20140605 9.61 9.81 9.85 9.61 151445
20140606 9.80 9.73 9.82 9.62 126048
20140609 9.63 9.67 9.84 9.62 129924
20140610 9.73 9.89 9.96 9.66 247637
20140611 9.82 9.78 9.85 9.73 153034
20140612 9.74 9.73 9.81 9.70 96617
20140613 9.72 9.81 9.96 9.70 217144
20140616 9.85 9.92 9.96 9.79 197266
20140617 9.90 9.73 9.90 9.73 130579
20140618 9.75 9.62 9.78 9.62 128322
20140619 9.65 9.20 9.67 9.17 191594
20140620 9.21 9.27 9.29 9.15 110178
20140623 9.27 9.28 9.32 9.24 92097
20140624 9.28 9.32 9.34 9.27 72893
20140625 9.32 9.20 9.32 9.18 86690
20140626 9.21 9.32 9.39 9.21 100319
20140627 9.31 9.36 9.39 9.25 93205
20140630 9.38 9.44 9.51 9.36 139508
20140701 9.48 9.41 9.48 9.37 79262
20140702 9.42 9.46 9.50 9.38 112952
20140703 9.44 9.47 9.54 9.41 129459
20140704 9.46 9.43 9.50 9.41 93780
20140707 9.41 9.38 9.44 9.35 91186
20140708 9.35 9.33 9.41 9.29 121077
20140709 9.45 9.48 9.67 9.45 360180
20140710 9.45 9.50 9.57 9.43 138366
20140711 9.52 9.56 9.64 9.48 155262
20140714 9.58 9.85 9.87 9.52 273577
20140715 9.79 9.80 9.83 9.71 185931
20140716 9.80 9.73 9.88 9.72 161594
20140717 9.73 9.66 9.73 9.59 119817
20140718 9.60 9.75 9.84 9.59 180474
20140721 9.77 9.70 9.81 9.70 121442
20140722 9.71 9.91 9.96 9.70 237533
20140723 9.93 9.94 10.09 9.85 263096
20140724 9.94 10.34 10.45 9.93 432471
20140725 10.39 10.39 10.57 10.25 403250
20140728 10.56 10.77 11.18 10.48 803559
20140729 10.81 10.88 11.02 10.71 503921
20140730 10.87 10.92 10.99 10.78 460177
20140731 10.89 10.96 10.96 10.76 298663
20140801 10.90 10.69 11.04 10.56 429647
20140804 10.74 11.51 11.65 10.74 688270
20140805 11.54 11.55 11.64 11.31 444862
20140806 11.40 11.79 11.99 11.33 506199
20140807 11.80 11.36 11.90 11.32 411762
20140808 11.42 11.46 11.70 11.28 319850
20140811 11.55 11.90 12.10 11.47 499380
20140812 11.81 12.02 12.10 11.79 412213
20140813 11.99 12.46 12.71 11.86 608705
20140814 12.37 12.49 12.87 12.26 513372
20140815 12.58 13.74 13.74 12.44 1097004
20140818 13.77 13.71 13.91 13.39 870841
20140819 13.40 13.07 13.55 12.88 923973
20140820 13.05 12.84 13.19 12.72 566875
20140821 12.84 13.05 13.14 12.72 521313
20140822 12.98 12.94 13.09 12.75 403840
20140825 12.97 12.45 13.03 12.40 453722
20140826 12.43 12.62 12.65 12.32 405754
20140827 12.58 12.88 13.18 12.54 529743
20140828 12.78 12.90 13.18 12.75 351675
20140829 12.99 12.94 13.04 12.65 229883
20140901 12.92 13.05 13.07 12.82 310451
20140902 13.06 13.47 13.49 12.86 587540
20140903 13.46 13.24 13.55 13.16 485845
20140904 13.28 13.37 13.47 13.17 381902
20140905 13.48 13.35 13.56 13.22 449555
20140909 13.42 13.12 13.42 13.03 362074
20140910 13.05 12.85 13.05 12.83 369665
20140911 12.80 12.92 13.30 12.70 456243
20140912 12.80 13.01 13.07 12.76 325494
20140915 12.98 12.93 13.01 12.73 268778
20140916 12.92 12.30 12.97 12.24 440594
20140917 12.33 12.28 12.46 12.13 271127
20140918 12.25 12.41 12.58 12.15 343573
20140919 12.39 12.47 12.62 12.36 203637
20140922 12.47 12.39 12.64 12.30 215874
20140923 12.40 12.64 12.69 12.35 261129
20140924 12.63 13.28 13.45 12.56 659262
20140925 13.41 13.25 13.65 13.17 588216
20140926 13.16 13.24 13.37 13.03 241429
20140929 13.39 13.93 14.10 13.31 609996
20140930 13.92 13.71 13.96 13.64 352543
20141008 13.88 13.82 13.91 13.71 283358
20141009 13.85 13.45 13.94 13.38 466939
20141010 13.35 13.44 13.67 13.27 338202
20141013 13.32 13.40 13.43 13.12 238380
20141014 13.36 13.33 13.70 13.30 274363
20141015 13.34 13.86 14.07 13.33 556112
20141016 13.77 13.82 14.25 13.68 626793
20141017 13.85 14.24 14.34 13.75 605891
20141020 14.34 14.90 15.00 14.16 714927
20141021 14.92 14.61 15.35 14.59 545239
20141022 14.65 14.69 15.20 14.51 470965
20141023 14.58 14.84 15.12 14.44 399821
20141024 14.84 14.30 14.95 14.00 426441
20141027 13.85 14.04 14.35 13.60 413352
20141028 13.90 15.42 15.44 13.90 702019
20141029 15.40 16.10 16.95 15.25 980407
20141030 16.07 16.20 16.66 15.98 717922
20141031 16.26 16.60 17.15 16.18 735013
20141103 16.60 16.34 16.97 16.23 555785
20141104 16.25 16.99 17.22 16.20 606082
20141105 17.00 17.80 18.21 16.88 648624
20141106 17.80 17.91 18.22 17.27 468450
20141107 17.90 18.22 19.20 17.60 738173
20141110 18.80 18.58 19.00 17.74 715437
20141111 18.65 17.83 19.20 17.25 957865
20141112 17.50 18.32 18.48 17.31 527524
20141113 18.35 17.75 18.61 17.65 611988
20141114 17.60 17.15 17.60 16.81 513280
20141117 17.25 17.39 18.12 16.60 600404
20141118 17.30 17.59 17.89 17.18 371124
20141119 17.47 17.77 18.19 17.46 440396
20141120 17.77 18.76 18.87 17.63 709360
20141121 18.69 20.24 20.58 18.47 967819
20141124 20.80 21.28 22.06 20.47 1025669
20141125 21.25 20.89 21.32 20.61 602820
20141126 21.07 21.62 22.30 20.93 726579
20141127 21.70 22.54 22.76 21.24 886354
20141128 22.29 21.92 22.70 21.35 874529
20141201 22.01 21.46 22.48 21.09 932377
20141202 21.20 23.61 23.61 21.11 1213275
20141203 24.40 23.79 25.70 23.00 1691088
20141204 23.58 26.17 26.17 23.50 1424982
20141205 27.00 28.79 28.79 25.51 1861762
20141208 27.80 30.91 31.58 26.78 1995512
20141209 30.00 27.82 33.48 27.82 2264395
20141210 27.10 27.11 29.00 25.06 1597244
20141211 26.10 25.16 26.80 25.08 1091042
20141212 24.76 25.90 26.87 24.70 1046455
20141215 25.50 26.64 26.78 25.41 748632
20141216 26.67 29.30 29.30 26.45 1525820
20141217 30.45 29.80 30.96 28.00 1724987
20141218 28.70 27.18 28.99 27.04 936191
20141219 27.38 27.02 28.34 26.00 893351
20141222 26.75 27.27 28.07 25.50 930189
20141223 27.01 27.21 27.89 26.86 572663
20141224 27.67 25.79 27.89 25.20 775420
20141225 26.10 27.60 27.85 25.75 936905
20141226 27.70 30.36 30.36 27.55 1718658
20141229 31.03 29.79 31.40 29.15 1686730
20141230 29.95 31.07 32.00 28.90 1326205
20141231 30.61 31.17 32.99 30.52 1177083
20150105 31.40 30.51 31.50 29.50 938518
20150106 29.70 29.53 30.80 28.58 818614
20150107 29.40 29.97 31.37 29.25 839532
20150108 30.30 29.43 30.44 28.63 677510
20150109 29.20 29.37 30.88 29.02 876658
20150112 29.43 30.19 31.00 29.32 939750
20150113 29.92 29.45 30.17 29.07 533083
20150114 29.69 31.10 31.10 29.55 994199
20150115 30.99 33.70 34.03 30.51 1406912
20150116 33.20 33.42 34.24 32.44 1084917
20150119 30.08 30.08 30.33 30.08 460950
20150120 28.50 28.47 29.50 27.58 1319897
20150121 29.15 30.60 31.12 29.10 1187773
20150122 30.60 33.25 33.28 30.20 1089617
20150123 33.00 34.95 36.20 32.86 1560826
20150126 34.88 34.50 35.90 34.09 862356
20150127 34.89 35.70 36.30 34.22 1221134
20150128 35.34 33.00 35.77 33.00 1304524
20150129 31.50 31.65 32.52 31.30 814922
20150130 32.10 31.50 32.85 31.48 659213
20150202 30.00 29.37 30.65 28.61 761450
20150203 30.10 32.22 32.31 29.75 1031804
20150204 32.00 31.16 32.75 31.06 886735
20150205 32.39 30.37 32.45 30.36 881511
20150206 30.05 30.81 31.72 29.81 634448
20150209 31.00 32.70 33.65 30.82 1058716
20150210 32.80 33.78 34.30 32.31 964368
20150211 33.80 33.88 34.10 32.96 561852
20150212 33.84 34.60 35.50 33.66 832117
20150213 34.74 33.31 35.10 33.16 816273
20150216 33.15 33.78 34.23 32.80 626760
20150217 33.68 34.37 35.22 33.68 594013
20150225 34.46 32.35 34.50 32.32 595618
20150226 32.58 34.52 34.76 32.27 846720
20150227 34.49 34.20 34.94 34.02 673623
20150302 34.60 35.09 35.88 34.30 945587
20150303 34.52 33.33 34.70 33.02 815964
20150304 33.37 33.85 34.55 33.37 642390
20150305 33.50 33.52 34.50 33.00 585422
20150306 33.02 32.05 33.80 31.90 793493
20150309 30.68 31.45 31.80 30.01 629067
20150310 31.45 31.81 32.50 31.20 544685
20150311 31.81 31.27 32.60 31.19 506226
20150312 31.51 31.84 32.35 30.90 462743
20150313 32.25 31.66 32.60 31.38 507960
20150316 31.68 33.20 33.20 31.39 691648
20150317 32.40 33.19 33.58 32.06 1667996
20150318 33.20 32.94 33.33 32.61 949810
20150319 32.98 32.67 33.15 32.50 670286
20150320 32.56 34.01 35.67 32.28 1737540
20150323 34.10 34.16 34.48 33.40 1053939
20150324 34.51 35.31 35.95 34.10 1680535
20150325 35.14 35.48 36.70 34.82 1223626
20150326 35.30 34.33 35.60 34.01 807251
20150327 34.44 34.27 35.42 34.20 499242
20150403 35.52 36.42 37.50 34.90 1176958
20150407 36.43 36.55 36.76 35.59 1025230
20150408 36.68 38.70 39.66 36.20 1317105
20150409 39.50 38.30 41.42 37.98 1272570
20150410 38.20 38.38 38.82 37.32 841266
20150413 38.15 37.86 38.95 37.51 691255
20150414 37.86 37.96 38.50 36.76 741215
20150415 37.60 38.19 40.08 37.36 1030707
20150416 37.50 38.80 39.32 37.20 615962
20150417 39.00 38.50 39.80 38.00 839558
20150420 38.57 36.29 38.98 36.20 790491
20150421 36.27 37.80 38.55 36.27 690497
20150422 38.00 39.38 39.92 37.55 1062626
20150423 39.50 38.64 40.29 38.51 917350
20150424 37.70 37.16 38.24 36.80 709829
20150427 37.30 37.37 38.11 37.02 496940
20150428 37.38 36.67 37.74 36.51 579604
20150429 36.45 36.80 37.37 36.45 334325
20150430 37.15 36.23 37.35 36.20 340502
20150504 36.26 35.80 36.36 35.51 301337
20150505 35.81 34.98 36.84 34.94 413259
20150506 35.21 35.15 36.40 34.80 427433
20150507 35.05 36.07 36.40 35.01 498360
20150508 36.12 35.90 36.39 35.07 420133
20150511 36.18 36.50 36.62 35.63 471706
20150512 36.50 36.80 37.67 36.00 624174
20150513 36.50 35.65 36.69 35.50 439118
20150514 35.60 35.34 36.05 35.13 320264
20150515 35.25 33.76 35.30 33.48 451515
20150518 33.45 32.64 33.45 32.59 422400
20150519 32.50 34.54 35.44 32.50 620694
20150520 34.62 33.93 34.62 33.83 446759
20150521 33.95 33.75 34.19 33.50 323379
20150522 34.12 34.83 35.46 34.12 501318
20150525 34.86 36.20 36.36 34.86 627266
20150526 36.69 36.88 37.28 35.89 697510
20150527 36.86 36.27 37.00 36.19 516225
20150528 36.27 32.80 36.40 32.78 628927
20150529 33.16 33.00 33.89 32.18 470706
20150601 33.08 34.79 35.09 32.70 520425
20150602 34.75 34.73 34.99 34.11 442593
20150603 34.80 34.92 35.75 34.41 438155
20150604 35.03 35.65 35.99 32.50 561997
20150605 36.78 35.50 36.98 34.90 588117
20150608 35.55 36.91 36.97 35.13 832742
20150609 37.03 35.88 37.20 35.51 552519
20150610 35.51 35.50 36.00 35.19 389807
20150611 35.46 34.80 35.50 34.61 344559
20150612 35.05 34.74 35.40 34.60 332335
20150615 35.20 34.25 35.67 34.10 362463
20150616 33.80 33.94 34.87 33.54 309334
20150617 34.17 35.26 35.66 33.81 478730
20150618 35.24 35.20 36.95 35.05 783792
20150619 34.40 35.64 36.96 34.02 879541
20150623 35.70 39.05 39.20 34.93 1272029
20150624 38.99 39.84 40.20 37.58 1375031
20150625 39.21 38.10 39.92 37.83 898745
20150626 37.31 34.89 39.79 34.29 1406679
20150629 36.32 35.49 37.68 31.45 1263727
20150630 35.49 37.98 38.22 32.08 1250286
20150701 37.01 34.18 37.97 34.18 929169
20150702 33.90 30.76 35.25 30.76 1133656
20150703 28.00 27.68 30.50 27.68 860165
20150706 30.35 26.85 30.35 25.08 975504
20150707 25.50 24.17 26.25 24.17 834616
20150708 21.75 21.75 21.75 21.75 475812
20150709 20.84 23.71 23.93 19.58 1155970
20150710 23.50 26.08 26.08 23.03 1162279
20150713 25.80 27.93 28.53 25.07 1240596
20150714 26.85 25.71 27.61 25.49 868908
20150715 25.60 23.14 25.98 23.14 752100
20150716 23.14 23.35 24.11 21.56 638552
20150717 23.50 24.50 24.93 23.00 622596
20150720 24.90 25.04 26.19 24.74 696290
20150721 24.60 25.19 25.90 24.04 680782
20150722 25.11 24.70 25.46 24.30 542245
20150723 25.05 26.25 26.85 25.05 972228
20150724 26.10 24.83 26.20 24.83 715424
20150727 24.01 22.35 24.63 22.35 575715
20150728 20.80 22.99 23.74 20.14 983770
20150729 22.99 23.49 23.70 22.31 472611
20150730 23.30 22.29 23.82 22.17 386507
