20140102 4.63 4.63 4.63 4.57 13972
20140103 4.61 4.66 4.66 4.57 11733
20140106 4.63 4.53 4.63 4.51 15259
20140107 4.48 4.49 4.57 4.45 8568
20140108 4.50 4.48 4.53 4.45 8230
20140109 4.46 4.26 4.50 4.26 43352
20140110 4.22 4.18 4.24 4.13 14790
20140113 4.19 4.12 4.21 4.08 10819
20140114 4.12 4.21 4.24 4.12 12317
20140115 4.23 4.20 4.23 4.15 4090
20140116 4.20 4.28 4.28 4.19 6548
20140117 4.24 4.25 4.29 4.23 4222
20140120 4.26 4.26 4.30 4.19 6012
20140121 4.28 4.28 4.30 4.24 6355
20140122 4.25 4.35 4.39 4.25 10202
20140123 4.33 4.35 4.39 4.33 9267
20140124 4.35 4.35 4.38 4.30 14243
20140127 4.32 4.33 4.38 4.30 9590
20140128 4.36 4.28 4.36 4.26 21568
20140129 4.27 4.32 4.34 4.27 9228
20140130 4.32 4.33 4.36 4.31 9294
20140207 4.33 4.36 4.36 4.30 6794
20140210 4.35 4.44 4.44 4.34 14245
20140211 4.42 4.48 4.49 4.38 17544
20140212 4.47 4.48 4.49 4.44 14744
20140213 4.47 4.44 4.52 4.44 11187
20140214 4.44 4.51 4.51 4.44 10418
20140217 4.55 4.57 4.58 4.50 18609
20140218 4.57 4.55 4.57 4.50 14824
20140219 4.53 4.55 4.60 4.52 14212
20140220 4.54 4.49 4.57 4.49 12467
20140221 4.49 4.44 4.50 4.41 12082
20140224 4.43 4.40 4.45 4.36 13042
20140225 4.40 4.25 4.45 4.25 17254
20140226 4.26 4.28 4.29 4.22 11617
20140227 4.29 4.28 4.34 4.26 11317
20140228 4.25 4.32 4.33 4.20 10105
20140303 4.31 4.38 4.40 4.31 12606
20140304 4.37 4.37 4.39 4.34 11759
20140305 4.38 4.36 4.40 4.36 11464
20140306 4.39 4.37 4.39 4.30 11953
20140307 4.37 4.45 4.46 4.36 20052
20140310 4.48 4.52 4.67 4.48 50400
20140311 4.50 4.55 4.56 4.40 27334
20140312 4.52 4.66 4.68 4.51 31997
20140313 4.68 4.68 4.83 4.67 40418
20140314 4.68 4.75 4.75 4.63 27998
20140317 4.77 4.79 4.83 4.72 25838
20140318 4.77 4.70 4.82 4.68 28696
20140319 4.69 4.63 4.70 4.60 48604
20140320 4.64 4.74 4.80 4.63 68569
20140321 4.70 4.81 4.94 4.68 55134
20140324 4.80 4.90 4.93 4.70 41799
20140325 4.86 4.90 5.03 4.86 34560
20140326 4.91 4.92 4.95 4.87 21679
20140327 4.92 4.98 5.05 4.92 38630
20140328 4.98 4.88 5.03 4.86 33672
20140331 4.86 4.75 4.91 4.69 30601
20140401 4.73 4.85 4.85 4.73 16690
20140402 4.83 4.99 5.05 4.83 33515
20140403 4.96 4.87 5.03 4.84 34133
20140404 4.82 4.92 4.92 4.82 19571
20140408 4.89 4.94 5.02 4.89 32737
20140409 4.94 5.06 5.06 4.90 46485
20140410 5.06 5.12 5.16 5.02 51316
20140411 5.10 5.04 5.16 5.02 40085
20140414 4.95 4.91 4.98 4.84 57631
20140415 4.91 4.96 4.99 4.88 43438
20140416 4.96 4.92 4.97 4.87 25333
20140417 4.91 4.91 4.92 4.85 23148
20140418 4.90 4.94 4.96 4.87 17985
20140421 4.92 4.89 4.95 4.89 26774
20140422 4.88 5.12 5.13 4.86 100615
20140423 5.08 5.00 5.12 4.90 39951
20140424 5.00 4.90 5.03 4.89 34153
20140425 4.90 4.86 4.97 4.81 28707
20140429 4.43 4.42 4.61 4.37 81184
20140430 4.39 4.47 4.56 4.38 40876
20140505 4.45 4.46 4.49 4.41 21199
20140506 4.45 4.46 4.52 4.43 22529
20140507 4.46 4.35 4.46 4.34 26435
20140508 4.34 4.30 4.37 4.25 26023
20140509 4.29 4.26 4.36 4.26 21435
20140512 4.30 4.38 4.41 4.28 30063
20140513 4.36 4.38 4.42 4.36 15812
20140514 4.36 4.39 4.41 4.36 10593
20140515 4.39 4.25 4.39 4.24 19206
20140516 4.26 4.24 4.26 4.18 13889
20140519 4.24 4.26 4.26 4.17 12990
20140520 4.28 4.26 4.32 4.24 12547
20140521 4.25 4.28 4.28 4.21 14908
20140522 4.28 4.26 4.31 4.22 15976
20140523 4.26 4.29 4.31 4.24 11742
20140526 4.29 4.33 4.34 4.28 14693
20140527 4.33 4.34 4.37 4.31 17401
20140528 4.33 4.35 4.38 4.31 17755
20140529 4.35 4.35 4.42 4.34 21936
20140530 4.35 4.36 4.41 4.35 17510
20140603 4.36 4.46 4.52 4.35 39115
20140604 4.46 4.42 4.50 4.39 15921
20140605 4.41 4.42 4.43 4.36 21806
20140606 4.42 4.39 4.44 4.36 13712
20140609 4.39 4.36 4.42 4.35 16678
20140610 4.36 4.40 4.43 4.34 19339
20140611 4.40 4.39 4.42 4.37 12799
20140612 4.37 4.38 4.41 4.37 11357
20140613 4.37 4.50 4.54 4.37 34267
20140616 4.48 4.50 4.54 4.47 11654
20140617 4.49 4.45 4.54 4.44 10718
20140618 4.45 4.44 4.49 4.43 15149
20140619 4.46 4.40 4.47 4.36 15733
20140620 4.38 4.45 4.45 4.32 11931
20140623 4.45 4.44 4.45 4.39 15999
20140624 4.44 4.44 4.47 4.41 11189
20140625 4.45 4.45 4.52 4.40 23022
20140626 4.46 4.54 4.54 4.42 20786
20140627 4.52 4.59 4.66 4.50 29150
20140630 4.58 4.61 4.65 4.56 19344
20140701 4.61 4.71 4.75 4.58 32895
20140702 4.74 4.80 4.93 4.71 53489
20140703 4.75 5.08 5.08 4.72 73311
20140704 5.03 5.06 5.36 4.97 108022
20140707 5.09 5.13 5.25 5.00 54295
20140708 5.07 5.06 5.14 4.99 50640
20140709 5.10 4.95 5.17 4.94 52412
20140710 4.94 5.00 5.03 4.90 38015
20140711 5.06 5.33 5.35 5.02 83524
20140714 5.34 5.31 5.49 5.25 46315
20140715 5.22 5.35 5.35 5.22 43404
20140716 5.29 5.26 5.46 5.23 26514
20140717 5.26 5.19 5.26 5.18 17710
20140718 5.17 5.49 5.63 5.16 67008
20140721 5.40 5.46 5.65 5.38 46897
20140722 5.45 5.44 5.51 5.40 33990
20140723 5.45 5.35 5.45 5.32 31878
20140724 5.32 5.38 5.42 5.19 31279
20140725 5.35 5.28 5.43 5.22 27796
20140728 5.31 5.32 5.42 5.30 32197
20140729 5.32 5.43 5.50 5.32 28326
20140730 5.42 5.49 5.58 5.41 26524
20140731 5.48 5.52 5.54 5.46 22961
20140801 5.52 5.45 5.53 5.41 24103
20140804 5.45 5.73 5.88 5.42 66958
20140805 5.75 5.71 5.84 5.62 44499
20140806 5.75 5.90 5.98 5.67 74679
20140807 5.80 5.72 5.89 5.71 48179
20140808 5.80 5.80 5.87 5.66 33825
20140811 5.84 5.81 5.84 5.73 22159
20140812 5.80 5.80 5.82 5.75 20977
20140813 5.86 5.94 6.10 5.83 41254
20140814 5.88 6.40 6.53 5.83 117798
20140815 6.33 6.34 6.39 6.18 57265
20140818 6.32 6.51 6.53 6.23 38378
20140819 6.49 6.43 6.58 6.39 39119
20140820 6.47 6.35 6.47 6.26 34664
20140821 6.37 6.35 6.45 6.20 27598
20140822 6.30 6.45 6.48 6.25 24089
20140825 6.45 6.43 6.54 6.40 25036
20140826 6.47 6.26 6.64 6.18 46262
20140827 6.25 6.26 6.40 6.20 23793
20140828 6.27 6.00 6.30 5.95 59385
20140829 6.00 5.87 6.05 5.74 63388
20140901 5.86 6.26 6.31 5.84 56738
20140902 6.25 6.34 6.43 6.19 47778
20140903 6.38 6.38 6.42 6.29 34207
20140904 6.39 6.34 6.43 6.28 41700
20140905 6.35 6.36 6.41 6.28 44646
20140909 6.36 6.41 6.42 6.32 37344
20140910 6.41 6.68 6.93 6.37 78203
20140911 6.68 7.13 7.28 6.61 112520
20140912 7.10 7.05 7.11 6.95 51402
20140915 7.08 7.57 7.68 6.99 92220
20140916 7.51 7.15 7.92 7.10 138636
20140917 7.23 7.37 7.45 6.79 82991
20140918 7.30 7.17 7.40 7.13 40655
20140919 7.18 7.31 7.38 7.14 32266
20140922 7.30 7.17 7.30 7.10 42453
20140923 7.17 7.16 7.22 7.05 35816
20140924 7.16 7.32 7.50 7.11 47664
20140925 7.32 7.29 7.59 7.25 45272
20140926 7.30 7.27 7.39 7.22 22185
20140929 7.35 7.37 7.45 7.27 39883
20140930 7.40 7.58 7.61 7.40 60777
20141008 7.55 7.75 7.83 7.43 49693
20141009 7.70 7.76 7.88 7.56 46887
20141010 7.78 7.72 7.80 7.61 30810
20141013 7.74 7.51 7.74 7.36 43088
20141014 7.53 7.31 7.57 7.31 41578
20141015 7.33 7.37 7.38 7.13 50733
20141016 7.35 7.25 7.46 7.25 31228
20141017 7.20 7.14 7.28 6.95 40973
20141020 7.18 7.19 7.20 7.07 22687
20141021 7.20 7.21 7.39 7.18 44012
20141022 7.21 7.17 7.28 7.15 28433
20141023 7.18 7.19 7.28 7.13 25021
20141024 7.20 7.38 7.38 7.13 30746
20141027 7.39 7.41 7.55 7.23 48808
20141028 7.42 7.56 7.57 7.40 40028
20141029 7.56 7.55 7.72 7.50 53686
20141030 7.55 7.56 7.74 7.52 39242
20141031 7.69 7.45 7.70 7.38 43750
20141103 7.46 7.49 7.52 7.39 36929
20141104 7.49 7.50 7.58 7.42 39354
20141105 7.50 8.08 8.20 7.50 133425
20141106 8.01 7.98 8.11 7.84 55342
20141107 7.97 8.04 8.35 7.92 75079
20141110 8.09 8.10 8.16 7.98 33062
20141111 8.11 7.41 8.15 7.30 88696
20141112 7.44 7.37 7.44 7.18 43232
20141113 7.37 7.29 7.49 7.22 38436
20141114 7.23 7.38 7.40 7.23 26204
20141117 7.40 7.53 7.65 7.34 43363
20141118 7.53 7.64 7.75 7.53 29813
20141119 7.60 7.67 7.70 7.52 22201
20141120 7.67 8.06 8.20 7.66 94549
20141121 8.10 8.08 8.22 7.97 50314
20141124 8.12 8.37 8.58 7.95 100113
20141125 8.38 8.35 8.49 8.31 52644
20141126 8.34 8.49 8.57 8.24 62484
20141127 8.44 8.45 8.53 8.36 43750
20141128 8.47 8.11 8.52 8.08 64385
20141201 8.17 8.86 8.89 8.17 131281
20141202 8.77 8.93 8.99 8.69 72716
20141203 8.90 8.78 8.95 8.61 83702
20141204 8.78 8.77 8.83 8.68 50078
20141205 8.78 8.49 8.81 8.30 73547
20141208 8.30 8.39 8.47 8.20 75326
20141209 8.39 7.83 8.44 7.73 76943
20141210 7.80 8.14 8.22 7.71 35421
20141211 8.14 8.17 8.24 8.05 30810
20141212 8.17 8.23 8.35 8.17 26786
20141215 8.24 8.38 8.39 8.15 35676
20141216 8.39 8.31 8.39 8.26 28001
20141217 8.32 8.13 8.44 8.03 47892
20141218 8.11 7.94 8.24 7.93 32577
20141219 7.99 7.81 8.10 7.75 30444
20141222 7.81 7.03 7.85 7.03 65285
20141223 7.01 6.92 7.17 6.92 33676
20141224 6.93 7.29 7.34 6.93 39234
20141225 7.29 7.33 7.37 7.25 28124
20141226 7.33 7.35 7.47 7.23 25727
20141229 7.30 7.05 7.31 6.97 32244
20141230 7.07 7.15 7.31 7.07 28807
20141231 7.10 7.13 7.16 7.00 28948
20150105 7.13 7.31 7.40 7.13 38636
20150106 7.32 7.38 7.44 7.23 34295
20150107 7.36 7.38 7.38 7.27 23919
20150108 7.38 7.41 7.46 7.30 31595
20150109 7.40 7.23 7.42 7.18 33825
20150112 7.19 6.97 7.19 6.83 32438
20150113 6.92 6.87 6.96 6.76 26005
20150114 6.89 6.83 6.91 6.78 21673
20150115 6.80 6.87 6.87 6.75 22047
20150116 6.84 6.93 6.95 6.83 25678
20150119 6.80 6.57 6.88 6.39 39528
20150120 6.59 6.79 6.80 6.59 27074
20150121 6.79 7.15 7.28 6.79 40322
20150122 7.15 7.27 7.34 7.11 40228
20150123 7.28 7.29 7.35 7.19 29700
20150126 7.33 7.50 7.59 7.22 45865
20150127 7.69 7.83 7.91 7.55 93622
20150128 7.75 7.62 7.75 7.59 41409
20150129 7.56 7.55 7.72 7.40 36917
20150130 7.54 7.55 7.65 7.48 24031
20150202 7.50 7.45 7.50 7.27 26486
20150203 7.45 7.48 7.55 7.36 24648
20150204 7.50 7.35 7.53 7.35 24161
20150205 7.45 7.30 7.50 7.25 26800
20150206 7.24 7.18 7.32 7.15 22853
20150209 7.18 7.18 7.31 7.09 18892
20150210 7.18 7.17 7.28 7.08 23078
20150211 7.23 7.20 7.25 7.16 26619
20150212 7.20 7.26 7.28 7.17 21702
20150213 7.27 7.52 7.55 7.26 37107
20150216 7.57 7.60 7.65 7.48 32985
20150217 7.60 7.68 7.70 7.51 26746
20150225 7.71 7.69 7.74 7.52 24583
20150226 7.65 7.73 7.75 7.63 34655
20150227 7.74 7.77 7.78 7.66 33241
20150302 7.79 8.01 8.05 7.74 72115
20150303 7.98 7.92 8.05 7.88 45149
20150304 7.91 8.03 8.09 7.90 44533
20150305 8.00 8.19 8.25 7.97 57052
20150306 8.18 8.11 8.28 8.11 47102
20150309 8.07 8.00 8.07 7.78 46035
20150310 7.99 8.12 8.16 7.95 40027
20150311 8.06 8.22 8.43 8.03 94713
20150312 8.29 8.17 8.29 8.10 42566
20150313 8.17 8.20 8.21 8.13 23388
20150316 8.21 8.39 8.49 8.19 66072
20150317 8.40 8.60 8.77 8.40 80820
20150318 8.56 8.68 8.74 8.47 89876
20150319 8.65 8.75 8.88 8.61 70145
20150320 8.73 8.75 8.83 8.68 63726
20150323 8.72 8.86 8.96 8.72 86500
20150324 8.83 8.65 8.91 8.48 100025
20150325 8.70 8.81 8.86 8.58 102724
20150326 8.80 9.69 9.69 8.71 274726
20150327 10.00 9.69 10.00 9.30 197112
20150330 9.45 9.58 9.70 9.43 118214
20150331 9.50 9.63 9.94 9.42 137613
20150401 9.59 9.76 9.81 9.53 81290
20150402 9.86 9.93 9.96 9.70 102798
20150403 9.82 10.09 10.10 9.78 93496
20150407 10.16 10.11 10.21 10.03 94292
20150408 10.14 9.82 10.16 9.69 104253
20150409 9.80 9.41 9.80 9.06 104359
20150410 9.35 9.95 9.95 9.22 110777
20150413 9.92 10.15 10.15 9.65 135313
20150414 10.12 10.16 10.32 9.90 104656
20150415 10.17 9.70 10.20 9.58 72437
20150416 9.53 9.85 10.00 9.53 59138
20150417 10.11 9.84 10.11 9.73 69451
20150420 10.10 10.28 10.82 9.88 342530
20150421 9.98 10.59 10.73 9.88 175339
20150422 10.59 10.84 10.98 10.48 165945
20150423 10.84 10.69 10.95 10.62 113047
20150424 10.69 10.50 10.69 10.33 94727
20150427 10.50 10.77 10.85 10.39 121801
20150428 10.70 10.41 10.75 10.15 86791
20150429 10.39 10.57 10.65 10.20 69251
20150430 10.57 10.57 10.67 10.46 79946
20150504 10.55 11.35 11.63 10.47 218497
20150505 11.17 10.79 11.52 10.51 111622
20150506 10.78 10.30 11.04 10.06 70840
20150507 10.30 9.98 10.47 9.98 64488
20150508 10.10 10.86 10.89 10.10 70817
20150511 11.33 11.59 11.73 10.90 181928
20150512 11.50 12.20 12.30 11.08 168184
20150513 11.91 12.15 12.50 11.50 131556
20150514 12.20 12.77 13.20 12.12 134227
20150515 12.66 13.22 13.45 12.53 120255
20150518 13.02 12.74 13.44 12.69 117512
20150519 12.76 12.85 13.40 12.66 84851
20150520 12.81 12.67 13.09 12.52 81343
20150521 12.67 12.97 13.01 12.46 84900
20150522 13.00 14.27 14.27 12.68 144784
20150525 14.27 15.30 15.67 14.06 127038
20150526 15.30 15.45 15.66 15.09 113969
20150527 15.40 15.00 15.47 14.91 106126
20150528 15.00 14.00 15.98 13.70 148507
20150529 14.00 14.77 15.00 13.00 125221
20150601 14.75 15.34 15.47 14.57 114694
20150602 15.50 16.30 16.34 15.44 113606
20150603 16.87 17.93 17.93 15.50 180774
20150604 18.50 19.70 19.70 17.12 173918
20150605 19.70 20.05 20.75 18.90 203444
20150608 19.90 18.78 19.90 18.72 140905
20150609 18.34 19.03 19.30 17.51 93443
20150610 18.61 18.86 19.45 18.53 80389
20150611 19.00 19.10 19.31 18.61 89088
20150612 19.07 19.79 20.10 19.02 102094
20150615 19.72 19.60 20.81 19.40 106285
20150616 19.00 17.99 19.45 17.72 95577
20150617 17.72 17.79 18.25 16.40 89013
20150618 17.70 18.01 18.55 17.59 99395
20150619 17.50 16.21 17.65 16.21 64288
20150623 16.40 15.56 16.99 14.59 99688
20150624 15.66 15.87 16.05 14.80 103012
20150625 15.96 14.75 15.99 14.62 80993
20150626 13.80 13.28 14.14 13.28 81285
20150629 13.59 11.95 13.64 11.95 94007
20150630 11.05 12.36 12.39 10.76 161960
20150701 12.00 11.12 12.71 11.12 97215
20150702 11.18 10.01 11.18 10.01 152706
20150703 9.80 9.01 9.80 9.01 118623
20150706 9.60 8.11 9.75 8.11 113436
20150707 7.30 7.30 7.46 7.30 39806
20150708 6.57 6.57 6.57 6.57 12722
20150709 5.91 7.23 7.23 5.91 286409
20150710 7.80 7.95 7.95 7.45 149573
20150713 8.59 8.75 8.75 8.30 172666
20150714 9.20 9.62 9.63 8.95 319830
20150715 9.15 8.66 9.18 8.66 153292
20150716 7.79 8.38 8.95 7.79 197304
20150717 8.42 8.97 9.12 8.40 129010
20150720 9.06 9.07 9.59 8.68 188272
20150721 8.99 9.39 9.55 8.68 151784
20150722 9.45 10.06 10.11 9.37 216593
20150723 10.00 11.07 11.07 9.88 314842
20150724 11.00 11.29 12.15 10.88 293256
20150727 10.83 10.38 12.42 10.27 310869
20150728 9.55 9.98 10.90 9.55 259904
20150729 10.30 10.95 10.98 9.19 264403
20150730 11.11 10.81 11.73 10.66 256718
