20140102 46.20 46.14 46.99 45.56 9892
20140103 46.00 45.33 46.28 45.00 13877
20140106 45.36 48.10 48.50 45.27 23666
20140107 47.90 48.20 48.60 47.50 11338
20140108 48.40 48.20 49.34 47.30 11746
20140109 48.46 48.33 49.30 48.01 9030
20140110 48.52 46.75 49.00 46.06 9816
20140113 46.00 46.87 46.99 45.95 6245
20140114 46.50 45.55 46.50 45.20 16468
20140115 45.44 46.81 46.87 45.41 18444
20140116 46.70 51.49 51.49 46.55 26917
20140117 52.00 50.79 52.26 50.48 14630
20140120 51.57 50.60 51.57 49.00 13151
20140121 50.29 50.33 51.18 49.11 12276
20140122 50.13 51.26 51.98 49.70 14654
20140123 50.88 51.04 51.86 50.51 11093
20140124 51.29 52.50 54.58 50.72 16803
20140127 52.24 54.09 54.09 52.00 11606
20140128 54.21 53.75 54.49 53.04 11582
20140129 53.86 52.40 53.86 52.00 11084
20140130 52.28 52.88 53.80 51.98 4614
20140207 50.00 52.88 53.12 49.66 7411
20140210 51.50 52.50 53.06 51.50 12517
20140211 52.38 54.28 55.68 52.02 12216
20140212 54.00 53.80 54.49 53.49 6416
20140213 54.97 54.90 57.00 53.86 17725
20140214 55.60 56.96 58.19 54.60 16333
20140217 56.50 56.97 58.00 55.86 9435
20140218 56.94 56.67 56.95 55.79 7137
20140219 56.84 54.58 56.84 54.10 13757
20140220 54.58 52.50 54.88 50.44 19455
20140221 51.79 51.20 54.90 49.90 17355
20140224 50.50 50.98 52.20 50.20 10449
20140225 51.00 50.00 52.27 50.00 16462
20140226 49.70 51.68 51.95 48.10 18797
20140227 51.50 49.50 51.70 49.50 8190
20140228 49.30 48.71 50.09 46.95 15403
20140303 48.61 48.58 49.39 47.58 21643
20140304 48.00 47.13 48.54 46.90 21905
20140305 47.15 46.01 47.70 45.85 29390
20140306 46.00 46.58 46.78 45.50 12163
20140307 46.48 47.20 47.66 45.60 17230
20140310 47.20 46.55 47.20 46.00 6487
20140311 46.56 48.15 48.30 46.11 11196
20140312 48.16 49.60 49.88 48.15 15888
20140313 50.86 50.79 51.48 49.77 17945
20140314 49.92 49.60 50.95 49.60 8809
20140317 49.77 49.63 50.57 48.61 8181
20140318 49.98 50.96 51.12 49.64 13713
20140319 51.22 50.00 51.22 49.95 6085
20140320 49.55 47.73 50.00 47.52 8681
20140321 47.56 47.80 47.97 46.16 10220
20140324 47.70 46.82 47.90 46.70 7691
20140325 47.00 46.85 47.32 46.61 6701
20140326 47.39 47.84 48.26 43.00 9457
20140327 47.83 46.23 47.83 45.53 8388
20140328 46.20 43.50 46.20 43.00 15514
20140331 43.48 44.00 44.00 42.41 6871
20140401 43.50 43.88 44.10 43.22 4522
20140402 44.00 43.69 44.25 43.42 3714
20140403 43.51 43.75 44.19 43.38 4634
20140404 43.37 45.34 45.38 43.37 8674
20140408 45.88 46.75 46.75 45.10 6163
20140409 46.70 45.89 46.75 45.62 5398
20140410 46.00 46.01 46.60 45.71 2419
20140411 46.40 45.09 46.40 44.85 5195
20140414 45.09 45.84 45.93 45.00 5994
20140415 45.76 46.80 47.55 45.45 10823
20140416 46.81 47.45 47.80 46.00 11560
20140417 47.46 46.42 48.30 46.40 7506
20140418 46.11 47.32 48.08 46.11 7852
20140421 47.27 46.10 47.62 46.10 5090
20140422 46.10 45.23 46.60 44.88 7751
20140423 45.23 45.80 46.18 45.01 3178
20140424 45.20 44.98 45.55 44.95 2630
20140425 45.50 42.18 45.50 41.12 12126
20140428 42.17 37.96 42.17 37.96 37388
20140429 37.99 39.35 39.84 37.70 16013
20140430 39.35 38.65 39.80 38.51 16924
20140505 38.70 39.29 39.78 38.31 14961
20140506 39.30 40.35 40.80 39.30 17508
20140507 40.50 38.60 40.50 38.05 16820
20140508 38.44 37.61 38.58 37.50 23692
20140509 37.65 36.58 37.80 36.28 26751
20140512 36.80 37.28 37.50 35.72 18433
20140513 37.41 37.95 38.99 37.41 34803
20140514 38.18 38.14 38.50 37.58 11535
20140515 38.08 36.70 38.08 36.05 16262
20140516 36.33 35.54 36.50 34.80 32740
20140519 35.40 36.92 36.92 34.90 18695
20140520 36.82 36.53 37.16 36.33 8839
20140521 36.20 37.36 37.49 36.02 9099
20140522 37.25 36.94 37.93 36.85 8995
20140523 36.81 37.10 37.65 36.63 8307
20140526 37.50 38.30 38.65 37.50 18230
20140527 38.38 39.24 39.43 38.13 17009
20140528 38.85 39.55 39.58 38.20 21265
20140529 39.37 38.60 39.50 38.38 15120
20140530 38.65 38.60 38.97 38.02 6463
20140603 38.61 38.41 38.98 38.40 5238
20140604 38.68 38.48 38.77 38.14 5697
20140605 38.26 38.40 39.00 38.08 11567
20140606 38.09 38.26 38.48 38.00 5976
20140609 38.26 38.17 38.91 38.10 9323
20140610 38.11 37.78 38.50 37.28 8213
20140611 37.80 38.05 38.09 37.62 6712
20140612 37.85 38.83 38.95 37.85 12775
20140613 38.75 40.07 40.41 38.32 15861
20140616 40.00 40.07 40.36 39.63 10689
20140617 39.80 39.00 40.04 38.78 9337
20140618 38.80 39.09 39.29 38.80 4247
20140619 39.09 38.44 41.99 38.30 10256
20140620 38.20 38.52 38.73 37.61 4513
20140623 38.50 38.84 38.85 38.12 5896
20140624 38.42 39.47 39.60 38.42 7419
20140625 39.36 39.16 39.95 39.02 6309
20140626 39.18 40.33 40.57 39.18 15673
20140627 40.33 40.46 40.57 39.85 6342
20140630 40.58 39.95 40.59 39.80 7318
20140701 39.95 42.00 42.10 39.81 17538
20140702 41.80 42.83 43.00 41.62 11346
20140703 42.90 42.77 43.18 42.30 13362
20140704 42.51 41.76 42.76 41.54 12990
20140707 41.55 42.16 42.45 41.55 8684
20140708 42.14 43.15 43.19 41.81 5619
20140709 42.85 42.28 43.37 42.03 9234
20140710 42.00 41.60 42.75 41.42 4137
20140711 41.60 42.25 42.35 41.60 4698
20140714 42.26 43.60 43.60 42.00 8276
20140715 43.50 44.90 45.50 43.40 13820
20140716 46.00 44.75 46.99 44.48 35368
20140717 44.99 45.65 46.08 44.99 24562
20140718 45.64 46.65 47.45 44.78 25101
20140721 46.86 45.90 46.86 45.08 19200
20140722 45.47 46.06 46.46 45.21 10812
20140723 45.60 45.49 46.30 44.70 16991
20140724 45.48 44.73 45.89 44.07 12704
20140725 44.31 45.88 45.89 44.01 13054
20140728 45.92 46.15 47.80 45.70 17816
20140729 46.32 48.27 48.94 46.32 21651
20140730 48.10 48.55 49.12 47.52 15864
20140731 48.49 48.03 49.30 47.70 7732
20140801 48.39 48.00 48.50 47.88 6493
20140804 48.00 49.15 49.26 47.20 14358
20140805 49.18 48.54 49.23 48.08 6100
20140806 48.60 48.26 48.60 47.60 7599
20140807 47.86 47.87 48.55 47.86 6556
20140808 47.86 47.98 48.01 47.46 4218
20140811 48.00 47.80 48.19 47.38 11378
20140812 47.80 48.27 48.28 47.48 7963
20140813 48.52 47.79 48.58 47.40 9124
20140814 47.52 46.00 47.83 45.66 26287
20140815 46.01 48.32 48.60 46.00 24852
20140818 48.35 50.00 50.76 47.57 41866
20140819 49.77 49.10 50.21 48.50 19281
20140820 48.85 50.42 50.49 48.50 21860
20140821 50.00 50.26 50.70 50.00 14584
20140822 50.27 50.42 50.50 49.63 15431
20140825 50.42 50.13 50.96 50.00 7441
20140826 50.05 49.11 50.35 49.00 6621
20140827 49.11 48.88 49.45 48.50 6676
20140828 48.76 48.56 48.98 48.30 3728
20140829 48.77 48.50 48.77 47.42 7165
20140901 47.91 49.78 49.97 47.91 8437
20140902 49.76 49.55 49.78 48.90 14584
20140903 49.41 50.19 50.30 48.32 20624
20140904 49.73 49.60 50.00 49.10 10718
20140905 49.48 49.96 50.19 49.00 15625
20140909 50.10 50.63 51.18 49.10 13088
20140910 50.60 51.30 51.49 50.30 12910
20140911 51.27 50.85 51.75 50.69 9535
20140912 50.52 51.40 51.49 50.20 6092
20140915 51.65 53.83 54.19 51.22 19836
20140916 53.84 50.53 54.00 50.52 12153
20140917 51.01 52.20 52.24 49.76 13467
20140918 51.99 52.40 53.10 51.36 9792
20140919 52.50 52.46 52.85 51.81 3729
20140922 52.46 51.97 52.46 51.54 2267
20140923 52.00 52.49 52.57 51.32 4579
20140924 52.38 53.86 53.87 52.00 11796
20140925 53.86 52.90 53.99 52.39 6208
20140926 52.44 52.98 53.08 52.43 3671
20140929 53.00 51.98 53.35 51.94 7425
20140930 51.98 51.70 52.99 51.70 5589
20141008 51.90 52.88 52.98 51.34 11766
20141009 52.80 52.15 52.80 51.51 11393
20141010 52.13 51.82 52.19 50.70 20364
20141013 51.67 51.78 52.19 50.80 9146
20141014 51.58 50.98 52.07 50.80 5909
20141015 50.83 51.80 52.00 50.51 10982
20141016 51.70 51.71 53.05 51.20 9825
20141017 51.50 51.31 51.90 50.36 3878
20141020 51.26 50.50 51.71 50.02 9456
20141021 50.63 50.84 50.95 50.21 6434
20141022 50.30 50.38 50.84 50.20 6721
20141023 50.18 49.60 50.60 49.13 5400
20141024 49.20 49.61 49.85 49.13 3545
20141027 49.11 49.56 50.00 48.70 5088
20141028 49.90 49.97 50.10 49.29 9390
20141029 49.97 50.05 50.45 49.89 12810
20141030 50.08 49.60 51.02 49.16 10273
20141031 49.55 48.85 49.55 47.56 14854
20141103 48.08 48.46 48.59 46.78 31278
20141104 48.06 47.00 48.08 46.78 20197
20141105 47.00 46.20 47.28 45.79 23969
20141106 46.20 47.00 47.17 46.20 18277
20141107 46.93 47.58 48.27 46.77 18399
20141110 47.58 46.48 47.60 46.00 20088
20141111 46.47 46.00 46.53 45.70 11628
20141112 46.02 46.06 46.39 45.81 4989
20141113 46.20 45.00 46.20 44.40 14095
20141114 45.00 45.30 45.69 44.71 8532
20141117 45.30 46.54 46.68 45.30 10494
20141118 46.21 46.43 47.18 46.21 7491
20141119 46.76 47.20 47.20 46.01 7617
20141120 47.27 46.01 47.40 45.72 8508
20141121 46.07 45.51 46.10 45.40 7139
20141124 45.64 45.45 46.10 44.42 32673
20141125 45.27 45.69 45.69 44.87 29500
20141126 45.87 45.75 45.88 45.00 19956
20141127 45.76 45.79 46.47 45.46 17373
20141128 45.85 44.62 45.85 44.39 35707
20141201 44.76 45.25 45.33 44.18 36181
20141202 45.22 45.64 45.70 45.11 26337
20141203 45.65 47.83 48.18 45.61 42612
20141204 47.84 48.46 48.80 47.84 24142
20141205 48.40 47.75 48.40 46.90 39126
20141208 47.64 47.39 47.93 46.51 23889
20141209 47.38 45.51 47.38 45.51 25081
20141210 45.51 46.87 47.08 44.50 17558
20141211 46.48 48.40 49.20 46.37 34595
20141212 48.29 48.90 50.15 47.05 27241
20141215 48.74 50.40 51.20 48.33 37856
20141216 50.17 49.83 50.35 49.15 14349
20141217 49.51 48.85 49.60 48.42 8115
20141218 48.85 48.20 49.07 48.01 9053
20141219 48.19 46.97 48.50 46.50 19445
20141222 47.19 47.00 47.19 44.80 24733
20141223 47.00 46.12 48.20 45.80 29451
20141224 46.12 45.95 46.37 45.04 16589
20141225 45.95 46.39 46.65 45.51 12106
20141226 46.33 47.26 47.32 46.00 15217
20141229 47.19 46.10 47.20 45.20 22583
20141230 46.00 46.67 46.76 45.51 20282
20141231 46.44 47.73 48.05 46.02 20588
20150105 47.95 48.32 49.29 47.01 26188
20150106 47.95 49.54 50.10 47.70 39715
20150107 49.10 49.45 51.12 49.10 21122
20150108 49.40 49.00 50.10 49.00 23361
20150109 48.99 49.90 51.30 48.99 44451
20150112 49.97 50.35 51.30 49.50 26525
20150113 50.10 49.80 51.00 49.80 20463
20150114 49.70 47.75 49.70 47.66 26484
20150115 47.89 48.25 48.50 47.24 12978
20150116 48.49 48.26 48.60 47.91 14200
20150119 47.40 47.82 49.60 47.01 28755
20150120 48.85 49.02 49.28 47.56 18399
20150121 49.16 50.10 50.66 49.10 43203
20150122 50.50 51.20 51.85 50.50 40131
20150123 51.27 51.09 51.27 50.00 32863
20150126 51.10 51.24 51.45 50.68 27377
20150127 51.25 50.70 51.60 50.11 28526
20150128 50.95 51.86 52.99 50.88 44880
20150129 51.76 49.50 51.76 49.50 20068
20150130 49.92 49.06 50.35 48.88 14148
20150202 48.68 49.95 50.66 48.30 12950
20150203 50.20 49.64 50.38 48.71 13108
20150204 49.64 48.45 50.10 48.30 19098
20150205 48.85 47.78 48.85 47.51 23583
20150206 48.50 52.56 52.56 48.50 25773
20150209 52.56 50.28 52.56 49.30 55479
20150210 49.64 48.85 49.64 48.55 37090
20150211 48.86 49.60 50.29 48.86 46766
20150212 49.98 48.89 50.11 48.42 33450
20150213 48.55 49.23 49.75 48.54 23597
20150216 49.22 49.79 49.88 48.68 24727
20150217 49.81 50.48 50.95 49.51 26822
20150225 50.63 50.50 50.98 49.90 26791
20150226 50.26 50.79 50.80 50.11 21642
20150227 50.76 50.40 50.81 50.30 19030
20150302 50.38 49.60 50.38 49.37 44867
20150303 49.59 49.32 49.84 49.15 35188
20150304 49.40 50.30 50.32 49.00 43776
20150305 50.40 51.28 51.78 50.30 54644
20150306 51.32 50.89 51.95 50.28 29388
20150309 50.90 52.39 52.54 50.56 43789
20150310 52.50 52.40 52.60 51.10 23710
20150311 52.01 52.54 52.65 51.40 27629
20150312 52.55 51.03 52.55 51.00 29569
20150313 51.28 50.95 51.35 50.53 22385
20150316 51.40 53.00 53.28 51.01 41041
20150317 53.48 55.49 57.50 53.40 58429
20150318 55.33 55.70 55.70 54.60 29503
20150319 55.58 55.06 55.60 53.99 22517
20150320 55.00 56.10 56.48 54.00 28402
20150323 54.80 56.35 57.90 53.90 79847
20150324 56.26 56.00 57.00 54.39 49568
20150325 55.69 58.62 60.89 54.77 58742
20150326 58.99 58.22 60.37 57.30 42552
20150327 58.00 58.06 58.50 57.28 23144
20150330 58.21 58.41 58.90 57.31 25886
20150331 58.40 60.41 61.61 58.01 64167
20150401 61.44 64.01 64.50 60.68 47675
20150402 64.02 63.38 66.15 62.51 37886
20150403 63.35 63.86 65.19 62.50 25231
20150407 64.50 67.99 68.50 64.50 37891
20150408 66.90 68.10 69.18 66.01 31484
20150409 68.20 71.48 73.88 66.36 37385
20150410 72.99 78.63 78.63 72.56 55618
20150413 79.44 81.53 86.49 79.18 69075
20150414 81.53 81.92 82.48 78.00 35164
20150415 80.01 77.80 81.08 77.03 24764
20150416 76.18 76.26 79.88 73.99 29317
20150417 75.66 75.80 78.80 75.55 32707
20150420 75.80 70.85 75.80 68.50 48851
20150421 70.77 72.44 72.80 69.02 36011
20150422 72.30 74.00 74.48 72.22 36127
20150423 74.10 72.72 74.85 71.60 36609
20150424 71.06 72.52 73.15 70.98 27363
20150427 73.03 74.40 76.30 72.30 36269
20150428 74.55 70.89 75.95 69.80 44518
20150429 70.98 71.01 72.39 69.91 34034
20150430 71.70 74.64 75.39 71.20 54785
20150504 74.70 75.92 77.99 74.29 46255
20150505 75.50 72.43 75.50 72.15 30583
20150506 72.01 70.96 74.00 70.13 20279
20150507 71.00 71.90 72.79 70.10 17080
20150508 72.00 72.70 73.00 71.00 21619
20150511 72.70 75.90 78.00 72.70 39070
20150512 75.90 76.20 76.76 73.99 31784
20150513 76.18 77.45 79.81 75.11 41887
20150514 77.48 78.51 78.58 76.20 30559
20150515 78.64 80.41 81.54 78.40 44102
20150518 80.42 78.10 81.00 75.90 47564
20150519 77.05 77.86 78.29 75.86 26163
20150520 77.98 81.78 81.79 77.88 48617
20150521 81.11 81.41 83.89 79.66 34968
20150522 81.47 81.50 83.68 79.01 39033
20150525 81.00 83.00 83.85 79.51 36539
20150526 83.42 87.14 88.38 83.10 38872
20150527 87.00 92.21 93.98 86.01 41469
20150528 92.09 83.35 92.09 83.33 39373
20150529 83.65 86.50 87.14 75.09 38256
20150601 86.10 88.11 89.03 84.01 31660
20150602 88.14 91.30 91.57 87.60 31029
20150603 91.30 90.00 93.02 88.00 24907
20150604 89.51 90.19 90.66 81.08 32948
20150605 90.22 91.98 93.34 90.00 33862
20150608 93.00 93.16 94.11 89.53 36535
20150609 93.16 89.94 93.58 88.11 21176
20150610 87.58 87.55 89.40 85.95 45640
20150611 87.60 88.10 88.79 86.01 20350
20150612 88.10 86.50 88.55 86.50 30139
20150615 86.51 83.48 87.98 83.35 32412
20150616 83.14 81.25 83.14 79.11 32393
20150617 81.89 86.16 86.50 80.05 35255
20150618 86.17 82.50 89.56 81.00 39634
20150619 78.53 76.10 82.39 75.50 25313
20150623 76.21 81.89 82.32 71.04 29996
20150624 84.08 88.73 88.86 80.05 72235
20150625 88.52 82.80 90.50 80.18 55794
20150626 79.10 74.52 80.08 74.52 57935
20150629 77.31 72.00 77.31 67.07 56889
20150630 70.50 74.51 76.00 64.80 62016
20150701 73.00 68.90 75.98 68.80 35573
20150702 68.10 63.00 70.50 62.02 43520
20150703 61.03 64.00 64.00 56.70 49696
20150706 69.99 60.66 69.99 57.60 74188
20150707 57.60 54.59 57.93 54.59 21907
20150708 49.13 52.49 57.00 49.13 180655
20150709 52.49 57.74 57.74 52.49 49964
20150710 61.00 63.51 63.51 58.00 24141
20150713 66.60 69.86 69.86 66.60 51025
20150714 69.00 68.40 73.00 66.45 57243
20150715 66.05 61.56 67.50 61.56 31510
20150716 61.56 63.69 65.55 61.56 24920
20150717 63.90 68.41 70.06 63.90 27320
20150720 68.58 69.20 71.40 67.20 28378
20150721 68.97 72.00 74.80 67.40 31219
20150722 71.20 79.20 79.20 68.80 49733
20150723 81.68 80.85 85.98 79.78 63580
20150724 80.84 76.01 81.80 75.00 64314
20150727 73.00 73.64 79.00 71.00 64417
20150728 71.00 72.35 76.20 67.68 43104
20150729 73.30 76.50 76.50 71.00 45410
20150730 75.13 70.30 78.91 68.98 42459
