20140102 19.68 19.84 20.14 19.68 15009
20140103 19.79 19.85 19.99 19.48 24994
20140106 19.80 18.86 19.80 18.81 28555
20140107 18.68 18.90 19.00 18.68 11892
20140108 18.90 19.30 19.38 18.85 15915
20140109 19.39 18.86 19.45 18.85 12608
20140110 18.81 18.19 19.08 17.50 14225
20140113 18.22 17.58 18.49 17.30 20289
20140114 17.67 17.80 17.95 17.00 22549
20140115 17.67 17.69 17.88 17.50 15009
20140116 17.74 17.36 17.87 17.21 19798
20140117 17.30 16.71 17.36 16.02 38335
20140120 16.60 16.67 17.05 16.39 11494
20140121 16.69 16.67 16.98 16.56 11467
20140122 16.65 17.19 17.27 16.65 15372
20140123 17.18 17.26 17.48 17.10 11527
20140124 17.20 17.37 17.82 17.09 25230
20140127 17.27 17.39 17.65 17.20 21320
20140128 17.39 17.19 17.55 17.11 8966
20140129 17.20 17.65 17.67 17.17 14976
20140130 17.68 17.50 17.82 17.35 8089
20140207 17.50 17.48 17.65 17.33 18642
20140210 17.50 17.90 18.05 17.50 27824
20140211 17.91 18.01 18.19 17.80 20500
20140212 17.96 18.69 18.88 17.95 34792
20140213 18.88 18.28 18.93 18.17 25524
20140214 18.31 18.68 18.68 18.27 17550
20140217 18.76 18.80 18.95 18.50 32044
20140218 18.90 18.33 19.30 18.24 54307
20140219 18.22 18.23 18.48 18.01 23419
20140220 18.24 18.43 18.69 18.00 21201
20140221 18.40 18.40 18.48 18.18 18005
20140224 18.40 17.50 18.41 17.48 30625
20140225 17.72 16.18 17.75 16.05 62887
20140226 16.01 15.71 16.11 15.23 43844
20140227 15.78 15.48 15.88 15.18 30927
20140228 15.44 15.70 15.72 15.20 24519
20140303 15.72 15.99 16.08 15.35 30333
20140304 15.98 16.04 16.10 15.62 27321
20140305 16.04 16.38 16.57 16.03 37817
20140306 16.45 17.48 18.02 16.44 66718
20140307 17.48 17.69 17.95 17.14 57541
20140310 17.68 17.30 17.68 17.18 42141
20140311 17.36 18.42 18.42 16.75 53506
20140312 18.00 18.05 18.65 17.51 63182
20140313 17.91 17.71 18.00 17.33 30737
20140314 17.66 17.96 18.18 17.38 46747
20140317 17.88 18.15 18.22 17.60 25406
20140318 18.18 18.26 18.50 18.10 42509
20140319 18.53 18.15 18.56 17.63 36336
20140320 18.13 17.25 18.45 17.25 31639
20140321 17.00 17.82 18.05 16.60 33062
20140324 17.96 17.70 18.02 17.55 14128
20140325 17.74 17.67 17.94 17.42 14934
20140326 17.57 17.61 17.95 17.52 15817
20140327 17.59 16.52 17.61 16.52 22094
20140328 16.53 15.93 16.58 15.70 38448
20140331 15.93 15.79 16.23 15.50 16250
20140401 16.60 16.30 17.30 16.12 34745
20140402 16.06 15.85 16.21 15.72 25756
20140403 15.92 16.00 16.07 15.66 21125
20140404 16.10 16.44 16.55 16.00 23244
20140408 16.37 16.59 16.74 16.21 20313
20140409 16.55 16.70 16.79 16.43 15863
20140410 16.73 16.68 16.80 16.51 20454
20140411 16.65 16.33 16.65 16.01 11418
20140414 16.23 16.46 16.46 16.20 8733
20140415 16.53 16.62 16.80 16.38 12937
20140416 16.60 16.54 16.73 16.34 10297
20140417 16.66 16.20 16.66 16.10 17497
20140418 16.36 16.13 16.45 15.95 16789
20140421 16.09 15.60 16.15 15.50 23821
20140422 15.50 15.40 15.69 15.31 19814
20140423 15.42 15.49 15.63 15.42 8219
20140424 15.63 14.95 15.64 14.93 23831
20140425 14.90 14.37 14.90 14.25 25122
20140428 14.30 14.07 14.50 13.92 12678
20140429 13.90 14.29 14.38 13.86 14599
20140430 14.28 14.28 14.42 14.20 7139
20140505 14.31 14.54 14.55 14.11 5304
20140506 14.54 14.69 14.73 14.45 8078
20140507 14.52 14.28 14.67 14.16 6348
20140508 14.27 14.26 14.47 14.08 6579
20140509 14.27 14.03 14.27 13.90 7812
20140512 14.14 14.47 14.47 13.96 11554
20140513 14.50 14.39 14.57 14.33 7762
20140514 14.35 14.37 14.42 14.32 4869
20140515 14.31 13.91 14.48 13.91 7109
20140516 13.98 14.02 14.06 13.90 6225
20140519 14.18 14.01 14.18 13.88 4783
20140520 14.10 13.82 14.24 13.76 9966
20140521 13.87 13.93 13.95 13.54 27361
20140522 13.82 13.77 13.94 13.77 23454
20140523 13.80 13.80 13.80 13.52 16228
20140526 13.80 14.01 14.05 13.80 16960
20140527 13.98 14.14 14.25 13.98 20979
20140528 14.08 14.59 14.62 14.08 27262
20140529 14.84 15.00 15.36 14.84 48135
20140530 14.84 15.31 15.34 14.73 33624
20140603 15.30 15.00 15.44 14.98 17110
20140604 15.01 15.45 15.46 14.80 22894
20140605 15.41 15.97 16.25 15.28 51695
20140606 15.90 15.91 16.09 15.73 25229
20140609 15.85 15.49 15.88 15.46 20435
20140610 15.50 15.97 16.15 15.50 30591
20140611 15.99 16.15 16.35 15.86 34325
20140612 16.15 16.14 16.27 16.00 11871
20140613 16.00 16.47 16.67 15.95 26367
20140616 16.58 16.50 16.96 16.35 27962
20140617 12.65 12.77 12.86 12.40 28080
20140618 12.76 12.40 12.80 12.32 24865
20140619 12.30 11.89 12.46 11.81 23517
20140620 11.89 12.27 12.33 11.88 10974
20140623 12.28 12.40 12.49 12.21 15485
20140624 12.38 12.28 12.42 12.25 9833
20140625 12.40 12.21 12.40 12.10 11244
20140626 12.18 12.39 12.47 12.18 13520
20140627 12.40 12.33 12.45 12.19 22516
20140630 12.31 12.32 12.40 12.20 17446
20140701 12.39 12.75 12.82 12.30 37531
20140702 12.77 12.76 12.86 12.60 22398
20140703 12.71 13.14 13.38 12.63 55025
20140704 13.14 13.24 13.34 13.02 21182
20140707 13.23 13.00 13.40 12.87 24587
20140708 12.93 12.97 13.03 12.80 13601
20140709 12.99 13.28 13.40 12.99 38820
20140710 13.50 13.00 13.65 12.98 55972
20140711 13.00 12.82 13.00 12.70 35445
20140714 12.94 13.30 13.38 12.88 39148
20140715 13.24 13.48 13.50 13.11 31662
20140716 13.68 14.01 14.50 13.68 99260
20140717 14.03 14.00 14.04 13.55 38286
20140718 13.81 13.84 14.08 13.76 24574
20140721 13.90 13.58 13.90 13.47 20306
20140722 13.58 13.70 13.85 13.50 15916
20140723 13.67 13.22 13.67 13.20 27896
20140724 13.23 12.70 13.23 12.60 26398
20140725 12.92 12.89 12.98 12.76 18824
20140728 12.93 13.35 13.39 12.93 23930
20140729 13.35 13.58 13.85 13.21 29290
20140730 13.60 13.68 13.85 13.51 36582
20140731 13.66 13.54 13.73 13.45 31466
20140801 13.51 13.60 13.88 13.51 42103
20140804 13.62 13.70 13.70 13.41 25887
20140805 13.67 13.54 13.70 13.35 39994
20140806 13.52 13.38 13.52 13.28 44262
20140807 13.34 13.35 13.46 13.27 25406
20140808 13.35 13.39 13.42 13.30 22312
20140811 13.35 13.49 13.49 13.31 28908
20140812 13.50 13.66 13.76 13.48 38396
20140813 13.68 13.52 13.73 13.33 37157
20140814 13.52 13.22 13.58 13.21 52811
20140815 13.22 13.13 13.27 13.10 78804
20140818 13.16 13.41 13.43 13.16 56438
20140819 13.41 13.88 13.88 13.38 97010
20140820 13.80 13.75 13.91 13.68 63939
20140821 13.75 13.65 13.80 13.51 41390
20140822 13.74 13.80 13.83 13.60 60190
20140825 13.84 13.72 14.08 13.69 108869
20140826 13.65 13.20 13.78 13.10 59395
20140827 13.20 13.28 13.31 13.14 36320
20140828 13.23 13.07 13.37 13.07 37269
20140829 13.01 13.25 13.32 12.78 55183
20140901 13.21 13.39 13.39 13.21 49376
20140902 13.43 13.76 13.82 13.40 65076
20140903 13.77 13.77 13.87 13.64 60503
20140904 13.85 14.07 14.20 13.80 106259
20140905 14.11 14.45 14.64 13.93 145353
20140909 14.30 14.54 14.74 14.16 100352
20140910 14.45 14.34 14.45 14.20 95242
20140911 14.31 14.16 14.45 14.05 101347
20140912 14.14 14.63 14.66 14.06 109618
20140915 14.64 14.70 14.88 14.39 95853
20140916 14.64 13.96 14.68 13.88 102680
20140917 13.98 14.06 14.13 13.83 56877
20140918 14.39 14.38 14.87 14.33 118739
20140919 14.43 14.50 14.65 14.25 72886
20140922 14.47 14.28 14.47 14.17 45539
20140923 14.31 14.90 15.05 14.31 131357
20140924 14.80 15.12 15.24 14.71 132225
20140925 15.13 14.73 15.14 14.66 147943
20140926 14.63 14.67 14.72 14.49 101503
20140929 14.73 14.80 14.96 14.66 139725
20140930 14.78 15.43 15.47 14.77 161446
20141008 15.39 15.53 15.56 15.19 90034
20141009 15.46 15.54 15.59 15.20 94662
20141010 15.54 15.76 15.90 15.36 112781
20141013 15.86 15.89 15.98 15.56 107148
20141014 15.89 15.63 15.89 15.43 93758
20141015 15.58 15.49 15.63 15.20 70672
20141016 15.48 15.19 15.63 15.11 73416
20141017 15.10 14.77 15.25 14.41 93384
20141020 14.77 15.04 15.09 14.70 61785
20141021 15.13 15.16 15.28 14.91 72536
20141022 15.16 14.80 15.31 14.79 53172
20141023 14.73 14.53 14.87 14.34 39099
20141024 14.56 14.60 14.62 14.35 32277
20141027 14.45 14.85 14.87 14.35 36910
20141028 14.75 15.05 15.09 14.74 70929
20141029 15.06 14.95 15.15 14.85 92108
20141030 14.86 15.31 15.53 14.86 130814
20141031 15.28 15.09 15.35 14.90 62957
20141103 15.05 15.26 15.36 14.86 87772
20141104 15.20 14.78 15.20 14.70 72518
20141105 14.75 14.60 14.76 14.50 60104
20141106 14.60 14.80 14.84 14.50 34969
20141107 14.80 14.77 15.14 14.69 82379
20141110 14.73 14.64 14.85 14.50 56737
20141111 14.67 13.76 14.68 13.70 103283
20141112 13.76 13.98 14.03 13.65 29823
20141113 14.10 13.82 14.17 13.68 50381
20141114 13.82 13.76 13.82 13.60 45481
20141117 13.79 14.18 14.18 13.67 41360
20141118 14.08 14.09 14.17 14.02 24066
20141119 14.10 14.45 14.47 14.00 68336
20141120 14.39 14.45 14.52 14.23 44581
20141121 14.46 14.44 14.50 14.34 27377
20141124 14.56 14.63 14.64 14.31 52664
20141125 14.54 14.78 14.87 14.50 55931
20141126 14.78 14.86 15.10 14.69 80188
20141127 14.90 14.76 14.94 14.64 42736
20141128 14.72 14.84 15.00 14.45 96129
20141201 14.74 14.57 14.77 14.23 71423
20141202 14.50 14.57 14.70 14.45 69145
20141203 14.54 14.51 14.55 14.22 78250
20141204 14.49 15.01 15.20 14.47 123087
20141205 14.92 14.36 14.94 14.16 120130
20141208 14.30 13.96 14.30 13.86 98874
20141209 13.90 13.20 13.93 13.17 98999
20141210 13.23 13.63 13.70 13.07 55617
20141211 13.51 13.55 13.65 13.30 98344
20141212 13.66 13.70 13.87 13.63 72593
20141215 13.70 13.94 14.00 13.49 82697
20141216 13.86 14.02 14.02 13.64 102113
20141217 14.06 13.87 14.08 13.79 65278
20141218 13.87 14.05 14.19 13.83 73298
20141219 14.16 13.93 14.16 13.61 126030
20141222 13.90 13.28 13.90 12.80 140165
20141223 13.21 13.12 13.59 13.11 112704
20141224 13.16 13.34 13.41 13.09 54515
20141225 13.33 13.34 13.45 13.20 60261
20141226 13.34 13.41 13.50 13.19 37705
20141229 13.40 13.49 13.56 13.02 143657
20141230 13.40 13.52 13.65 13.32 162583
20141231 13.48 13.59 13.67 13.37 158971
20150105 13.60 13.73 13.84 13.40 160248
20150106 13.69 13.88 13.93 13.52 179501
20150107 13.85 13.62 13.92 13.62 117715
20150108 13.55 13.38 13.60 13.36 77372
20150109 13.36 13.10 13.44 13.10 81119
20150112 13.07 13.09 13.10 12.87 46618
20150113 13.10 13.27 13.36 13.06 40258
20150114 13.26 13.07 13.33 13.00 35426
20150115 13.08 13.16 13.28 13.08 25588
20150116 13.17 13.26 13.29 13.15 41322
20150119 13.08 12.77 13.36 12.50 64561
20150120 12.80 13.15 13.16 12.79 58162
20150121 13.18 13.43 13.45 13.16 67196
20150122 13.41 13.48 13.54 13.32 64604
20150123 13.50 13.38 13.54 13.30 53261
20150126 13.42 13.56 13.63 13.39 70869
20150127 13.60 13.73 13.75 13.50 77200
20150128 13.82 13.59 13.87 13.57 77365
20150129 13.53 13.56 13.67 13.41 43251
20150130 13.57 13.40 13.65 13.40 34217
20150202 13.49 13.54 13.66 13.38 45861
20150203 13.55 13.66 13.69 13.50 51391
20150204 13.68 13.43 13.72 13.41 52747
20150205 13.54 13.35 13.57 13.34 55756
20150206 13.37 13.05 13.39 13.01 42628
20150209 13.06 13.05 13.24 13.02 26530
20150210 13.05 13.06 13.10 13.00 34388
20150211 13.08 13.19 13.25 13.05 29943
20150212 13.25 13.25 13.29 13.17 30356
20150213 13.29 13.48 13.55 13.27 61021
20150216 13.51 13.63 13.65 13.51 46656
20150217 13.65 13.60 13.69 13.52 40159
20150225 13.62 13.76 13.85 13.52 68072
20150226 13.77 13.86 13.87 13.65 61751
20150227 13.70 13.84 13.88 13.61 95769
20150302 13.88 14.54 14.63 13.84 219811
20150303 14.48 14.27 14.49 14.20 127238
20150304 14.23 14.44 14.54 14.21 92117
20150305 14.45 14.72 14.85 14.37 125294
20150306 14.71 14.37 14.85 14.30 89977
20150309 14.22 14.99 15.20 14.17 143794
20150310 15.11 15.00 15.28 14.81 150971
20150311 14.91 14.73 14.99 14.66 72527
20150312 14.73 14.51 14.87 14.39 72582
20150313 14.59 15.03 15.24 14.57 105963
20150316 15.06 15.59 15.60 15.05 190926
20150317 15.60 17.15 17.15 15.49 426417
20150318 17.00 17.00 17.12 16.72 239555
20150319 16.90 16.84 16.95 16.64 133258
20150320 16.84 16.86 17.19 16.68 128955
20150323 17.00 17.15 17.40 16.88 154455
20150324 17.15 16.78 17.20 16.40 173329
20150325 16.78 17.41 17.78 16.66 215515
20150326 17.47 16.89 17.58 16.71 177484
20150327 17.19 17.22 17.37 16.92 115375
20150330 17.35 17.24 17.45 17.05 121728
20150331 17.24 17.19 17.55 17.15 125520
20150401 17.25 17.67 17.86 17.25 133297
20150402 17.69 18.18 18.31 17.58 139662
20150403 18.01 18.19 18.50 17.85 125862
20150407 18.19 19.08 19.37 18.13 192120
20150408 19.10 18.51 19.10 18.30 141070
20150409 18.50 18.00 18.96 17.45 142982
20150410 17.90 18.47 18.60 17.71 90987
20150413 18.48 18.78 19.33 18.40 142422
20150414 18.70 18.24 18.79 18.05 133305
20150415 18.23 17.34 18.23 17.03 116663
20150416 17.24 17.64 17.72 16.95 110404
20150417 17.80 17.59 17.90 17.39 101013
20150420 17.41 17.40 18.14 17.10 137531
20150421 17.35 18.65 18.87 17.25 181413
20150422 18.39 18.84 18.91 18.30 187065
20150423 18.82 18.82 19.07 18.38 159685
20150424 18.65 19.65 19.85 18.33 243404
20150427 19.66 20.26 20.73 19.66 211959
20150428 20.17 20.78 20.78 19.84 212394
20150429 21.00 20.30 21.50 20.11 207651
20150430 20.31 20.58 20.78 19.77 174959
20150504 20.18 19.97 20.49 19.82 110616
20150505 19.90 19.24 20.52 19.20 128220
20150506 19.47 18.99 19.97 18.80 95802
20150507 19.00 18.25 19.08 18.00 101547
20150508 18.36 18.87 18.95 18.36 111349
20150511 19.04 20.36 20.76 19.03 188548
20150512 20.23 20.32 20.86 19.92 123267
20150513 20.31 20.71 21.14 19.86 150809
20150514 20.71 21.49 21.70 20.56 176077
20150515 21.44 22.19 23.64 20.94 231375
20150518 22.19 21.80 23.00 21.75 132556
20150519 21.69 21.89 22.18 21.04 111628
20150520 22.05 22.97 23.63 22.00 147682
20150521 23.00 25.27 25.27 22.98 217396
20150522 26.00 25.80 27.00 25.20 271810
20150525 25.78 27.58 27.63 25.31 208871
20150526 28.10 29.70 30.10 28.00 202345
20150527 29.70 30.00 30.00 28.20 175205
20150528 30.00 27.00 30.35 27.00 193285
20150529 27.00 29.18 29.65 25.05 250176
20150601 29.40 30.60 31.25 28.67 213063
20150602 30.49 32.33 32.45 29.59 183126
20150603 32.33 31.60 32.90 30.29 161673
20150604 31.80 31.51 32.73 28.95 148864
20150605 20.19 19.23 20.59 19.01 274410
20150608 19.26 18.15 19.60 17.90 297900
20150609 18.15 18.74 19.00 17.78 265020
20150610 18.65 19.63 19.96 18.32 241366
20150611 19.84 20.25 20.54 19.84 284119
20150612 20.40 20.06 20.80 19.81 236841
20150615 20.08 19.18 20.28 19.10 234636
20150616 18.60 17.86 18.68 17.50 225306
20150617 17.89 18.53 18.61 17.38 172557
20150618 18.60 19.55 20.37 18.27 356421
20150619 18.20 18.88 20.30 18.20 374425
20150623 19.11 18.10 19.49 16.99 245748
20150624 18.15 18.55 18.99 17.50 246100
20150625 18.80 17.25 19.00 17.00 243750
20150626 16.51 15.53 16.51 15.53 193085
20150629 15.53 13.98 16.00 13.98 217033
20150630 13.21 13.97 14.40 12.58 354109
20150701 13.85 12.57 14.08 12.57 287145
20150702 12.00 11.31 13.00 11.31 228955
20150703 10.28 10.18 11.00 10.18 223673
20150706 11.00 9.16 11.00 9.16 322820
20150707 8.26 8.24 8.47 8.24 186240
