20140102 6.68 6.69 6.85 6.65 42465
20140103 6.70 6.52 6.75 6.47 42963
20140106 6.52 6.20 6.52 6.19 38939
20140107 6.18 6.11 6.23 6.10 29363
20140108 6.10 6.09 6.27 6.03 25716
20140109 6.06 5.84 6.14 5.79 39777
20140110 5.78 5.57 5.87 5.55 44739
20140113 5.56 5.66 5.70 5.52 21205
20140114 5.68 5.76 5.78 5.60 24053
20140115 5.77 5.77 5.84 5.73 16739
20140116 5.77 5.81 5.83 5.73 18799
20140117 5.78 5.66 5.80 5.62 18138
20140120 5.63 5.67 5.73 5.58 11762
20140121 5.68 5.79 5.84 5.65 13198
20140122 5.79 5.87 5.89 5.76 19812
20140123 5.89 5.92 5.97 5.87 20398
20140124 5.90 5.88 5.96 5.87 30955
20140127 5.85 5.87 5.92 5.85 20679
20140128 5.87 5.95 5.96 5.78 18291
20140129 5.96 5.97 5.99 5.91 16304
20140130 5.97 5.95 6.00 5.94 14307
20140207 5.90 5.97 5.98 5.85 23835
20140210 5.97 6.12 6.12 5.97 36606
20140211 6.12 6.16 6.27 6.12 48731
20140212 6.18 6.32 6.36 6.17 38503
20140213 6.32 6.23 6.35 6.21 38377
20140214 6.23 6.42 6.48 6.23 43315
20140217 6.48 6.52 6.65 6.43 49525
20140218 6.53 6.53 6.58 6.47 37386
20140219 6.57 6.50 6.60 6.49 34637
20140220 6.53 6.34 6.61 6.31 45046
20140221 6.35 6.42 6.48 6.34 34213
20140224 6.45 6.36 6.45 6.21 47714
20140225 6.31 6.17 6.38 6.12 34648
20140226 6.12 6.48 6.48 6.05 92982
20140227 6.48 6.31 6.54 6.30 76368
20140228 6.27 6.11 6.28 5.99 75362
20140303 6.08 6.18 6.22 5.97 41523
20140304 6.15 6.27 6.33 6.13 36222
20140305 6.26 6.39 6.58 6.26 74926
20140306 6.30 6.50 6.58 6.28 48278
20140307 6.56 6.72 6.73 6.46 81684
20140310 6.76 6.88 7.06 6.71 213180
20140311 6.75 6.87 6.87 6.61 92157
20140312 6.86 6.89 6.98 6.66 77769
20140313 6.98 7.08 7.23 6.90 156305
20140317 6.95 7.09 7.12 6.56 238732
20140318 7.00 6.87 7.76 6.86 260083
20140319 6.63 6.68 6.79 6.59 152242
20140320 6.64 7.35 7.35 6.61 414524
20140321 7.22 7.19 7.35 6.95 317637
20140324 7.13 7.19 7.20 6.95 196106
20140325 7.13 7.29 7.54 7.05 233800
20140326 7.14 7.39 7.53 6.92 217931
20140327 7.27 7.13 7.39 7.11 142355
20140328 6.99 6.87 7.16 6.87 97777
20140331 7.20 7.10 7.42 6.92 157982
20140401 6.95 6.93 7.00 6.70 113415
20140402 6.87 6.93 6.99 6.83 70016
20140403 6.92 6.75 6.92 6.74 70283
20140404 6.72 6.82 6.84 6.60 56303
20140408 6.75 6.81 6.88 6.74 53188
20140409 6.81 6.88 6.95 6.81 53482
20140410 6.92 6.88 6.95 6.85 54392
20140411 6.85 6.79 6.85 6.67 55979
20140414 6.80 6.82 6.84 6.76 35383
20140415 6.79 6.70 6.82 6.70 49711
20140416 6.69 6.69 6.73 6.65 29250
20140417 6.74 6.67 6.78 6.67 32929
20140418 6.67 6.59 6.67 6.55 39297
20140421 6.58 6.58 6.68 6.51 37935
20140422 6.58 6.22 6.61 6.21 71053
20140423 6.21 6.08 6.29 6.05 49479
20140424 6.06 6.03 6.15 6.01 39868
20140425 6.05 5.89 6.07 5.87 36972
20140428 5.88 5.62 5.93 5.60 42818
20140429 5.62 5.73 5.75 5.62 25863
20140430 5.73 6.07 6.30 5.73 86788
20140505 6.05 5.98 6.05 5.82 41195
20140506 5.96 5.96 6.04 5.91 23824
20140507 5.92 5.82 5.95 5.82 22666
20140508 5.85 5.82 5.93 5.81 17770
20140509 5.82 5.70 5.85 5.67 22119
20140512 5.68 5.93 5.94 5.68 32041
20140513 5.92 5.89 5.95 5.85 19416
20140514 5.89 5.89 5.94 5.87 14813
20140515 5.86 5.71 5.86 5.69 25159
20140516 5.69 5.75 5.78 5.66 13161
20140519 5.74 5.70 5.77 5.64 15044
20140520 5.79 5.71 5.84 5.68 11910
20140521 5.69 5.76 5.76 5.65 20098
20140522 5.77 5.75 5.85 5.75 20467
20140523 5.75 5.78 5.78 5.70 12704
20140526 5.80 5.86 5.88 5.80 23396
20140527 5.85 5.87 5.89 5.82 21079
20140528 5.85 5.91 5.92 5.83 23698
20140529 5.85 5.79 5.90 5.79 22883
20140530 5.80 5.81 5.85 5.78 16378
20140603 5.84 5.83 5.85 5.81 14728
20140604 5.82 5.70 5.85 5.62 29001
20140605 5.68 5.89 6.13 5.64 56033
20140606 5.85 5.83 5.88 5.80 24635
20140609 5.82 5.74 5.85 5.73 21071
20140610 5.77 5.83 5.83 5.74 16881
20140611 5.84 5.82 5.84 5.77 20397
20140612 5.82 5.85 5.95 5.80 25413
20140613 5.82 5.90 5.91 5.82 25591
20140616 5.89 5.90 5.90 5.79 26221
20140617 5.87 5.91 5.97 5.86 28492
20140618 5.91 6.06 6.15 5.88 89253
20140619 6.04 5.77 6.08 5.70 49060
20140620 5.76 5.82 5.84 5.71 21028
20140623 5.83 5.83 5.86 5.78 18572
20140624 5.81 5.85 5.91 5.81 22943
20140625 5.85 5.80 5.87 5.76 24121
20140626 5.80 5.87 5.90 5.79 29053
20140627 5.86 5.93 6.00 5.85 39334
20140630 5.91 6.01 6.11 5.90 49283
20140701 6.03 6.05 6.07 5.97 36138
20140702 6.05 6.07 6.09 5.96 56999
20140703 6.05 6.12 6.15 6.00 50236
20140704 6.13 6.18 6.26 6.11 64253
20140707 6.15 6.16 6.24 6.10 41111
20140708 6.16 6.31 6.55 6.07 95723
20140709 6.28 6.14 6.35 6.10 62511
20140710 6.12 6.16 6.21 6.10 37882
20140711 6.17 6.26 6.33 6.14 47638
20140714 6.26 6.37 6.39 6.23 52588
20140715 6.33 6.29 6.41 6.25 40956
20140716 6.29 6.26 6.36 6.24 38995
20140717 6.25 6.18 6.34 6.11 41403
20140718 6.15 6.20 6.24 6.13 24911
20140721 6.20 6.15 6.22 6.12 20616
20140722 6.14 6.29 6.33 6.12 43902
20140723 6.27 6.34 6.50 6.25 109162
20140724 6.32 6.28 6.38 6.16 46231
20140725 6.27 6.42 6.55 6.26 73560
20140728 6.41 6.45 6.52 6.37 67844
20140729 6.44 6.47 6.56 6.44 60307
20140730 6.44 6.44 6.50 6.35 46660
20140731 6.43 6.58 6.60 6.40 71165
20140801 6.55 6.43 6.59 6.42 46671
20140804 6.46 6.52 6.53 6.41 36176
20140805 6.51 6.58 6.58 6.47 47253
20140806 6.57 6.56 6.57 6.47 43898
20140807 6.53 6.51 6.67 6.44 68152
20140808 6.58 6.52 6.62 6.42 43778
20140811 6.52 6.55 6.58 6.49 47920
20140812 6.55 6.61 6.62 6.52 52143
20140813 6.60 6.61 6.64 6.51 48259
20140814 6.63 6.62 6.76 6.57 78712
20140815 6.64 6.70 6.73 6.60 43059
20140818 6.69 6.74 6.75 6.66 49348
20140819 6.77 6.87 7.05 6.70 133283
20140820 6.80 6.92 7.01 6.78 93070
20140821 6.96 6.89 7.00 6.80 68569
20140822 6.89 6.90 7.10 6.88 77820
20140825 6.86 6.76 6.87 6.72 58696
20140826 6.73 6.57 6.84 6.51 51816
20140827 6.56 6.67 6.68 6.55 37715
20140828 6.64 6.56 6.72 6.55 38540
20140829 6.59 6.67 6.67 6.51 30731
20140901 6.69 6.77 6.77 6.64 37592
20140902 6.78 6.83 6.84 6.77 50392
20140903 6.86 6.85 6.90 6.75 80473
20140904 6.86 6.88 6.90 6.81 64305
20140905 6.91 6.89 6.91 6.84 64063
20140909 6.88 6.85 6.90 6.81 62146
20140910 6.83 7.05 7.05 6.79 109838
20140911 7.03 6.93 7.10 6.88 122581
20140912 6.91 7.09 7.09 6.88 94495
20140915 7.10 7.35 7.60 7.06 159133
20140916 7.31 7.22 7.56 7.21 219241
20140917 7.26 7.23 7.31 7.10 95398
20140918 7.22 7.38 7.38 7.16 89752
20140919 7.37 7.36 7.44 7.21 71040
20140922 7.31 7.30 7.39 7.12 77637
20140923 7.29 7.43 7.57 7.25 102728
20140924 7.43 7.53 7.54 7.38 91445
20140925 7.54 7.39 7.55 7.32 73288
20140926 7.39 7.40 7.50 7.35 41017
20140929 7.42 7.49 7.51 7.39 72053
20140930 7.48 7.43 7.52 7.41 55179
20141008 7.46 7.48 7.48 7.33 66496
20141009 7.46 7.66 7.74 7.45 118038
20141010 7.66 7.71 7.85 7.55 92003
20141013 7.67 7.96 8.06 7.58 130539
20141014 7.91 7.97 8.26 7.89 121411
20141015 8.01 7.91 8.07 7.81 65314
20141016 7.90 7.68 8.10 7.68 68999
20141017 7.67 7.39 7.76 7.24 90456
20141020 7.38 7.54 7.58 7.38 42460
20141021 7.53 7.40 7.60 7.37 38453
20141022 7.39 7.27 7.44 7.27 45702
20141023 7.26 7.06 7.26 7.02 53624
20141024 7.01 7.05 7.17 7.01 39166
20141027 7.00 7.26 7.39 7.00 48201
20141028 7.29 7.69 7.83 7.28 119446
20141029 7.70 8.46 8.46 7.66 212579
20141030 8.70 8.92 9.20 8.60 394736
20141031 8.82 8.73 9.08 8.64 308834
20141103 8.90 8.82 9.36 8.72 407370
20141104 8.71 8.45 8.71 8.38 267239
20141105 8.40 8.39 8.57 8.30 107811
20141106 8.42 8.60 8.64 8.34 125529
20141107 8.53 8.25 8.67 8.20 136262
20141110 8.31 8.51 8.57 8.22 95454
20141111 8.55 8.86 8.89 8.21 243557
20141112 8.79 9.30 9.74 8.68 392920
20141113 9.22 8.91 9.49 8.89 210513
20141114 8.91 8.74 9.13 8.61 113491
20141117 8.73 8.68 8.99 8.52 103032
20141118 8.70 8.69 8.76 8.52 85895
20141119 8.66 8.75 8.80 8.59 82236
20141120 8.74 8.95 9.07 8.66 113757
20141121 8.91 9.05 9.32 8.84 159160
20141124 9.10 9.36 9.45 8.92 162661
20141125 9.40 9.41 9.95 9.37 280032
20141126 9.45 9.55 9.61 9.27 155377
20141127 9.55 9.33 9.58 9.17 167283
20141128 9.31 9.23 9.46 9.12 99219
20141201 9.24 9.09 9.26 8.97 83048
20141202 9.12 9.49 9.60 9.12 150963
20141203 9.53 9.45 9.60 9.30 94281
20141204 9.42 9.45 9.48 9.23 115106
20141205 9.42 9.00 9.42 8.85 124201
20141208 9.00 8.96 9.23 8.84 98315
20141209 8.85 8.42 8.97 8.40 170841
20141210 8.38 8.86 8.91 8.32 100183
20141211 8.87 8.90 9.03 8.75 82172
20141212 8.81 8.96 8.99 8.81 48155
20141215 8.90 9.31 9.50 8.90 111014
20141216 9.38 9.18 9.43 9.05 87374
20141217 9.17 9.00 9.21 8.96 75561
20141218 8.94 8.89 9.07 8.81 55315
20141219 9.07 9.04 9.29 8.97 122280
20141222 8.81 8.15 8.90 8.14 126784
20141223 8.20 8.10 8.36 8.01 49497
20141224 8.10 8.24 8.25 8.10 33665
20141225 8.24 8.29 8.33 8.18 31784
20141226 8.30 8.39 8.46 8.10 62236
20141229 8.37 8.11 8.37 8.06 62157
20141230 8.10 7.83 8.17 7.82 43687
20141231 7.83 8.01 8.01 7.75 45003
20150105 8.01 8.08 8.08 7.95 40712
20150106 8.00 8.27 8.51 8.00 59893
20150107 8.20 8.58 8.78 8.20 117845
20150108 8.53 8.41 8.74 8.30 117398
20150109 8.34 8.18 8.50 8.18 70950
20150112 8.11 8.03 8.21 8.01 42513
20150113 8.00 8.06 8.10 7.99 26310
20150114 8.05 7.98 8.11 7.95 25658
20150115 7.94 8.08 8.13 7.94 27523
20150116 8.09 8.22 8.23 8.03 49321
20150119 8.02 7.94 8.27 7.76 58943
20150120 8.01 8.18 8.18 7.99 54517
20150121 8.20 8.38 8.45 8.20 61499
20150122 8.35 8.44 8.47 8.33 59084
20150123 8.46 8.54 8.75 8.39 107463
20150126 8.62 8.96 9.08 8.51 146363
20150127 8.93 8.79 8.96 8.64 104417
20150128 8.74 8.69 8.86 8.60 57485
20150129 8.58 8.71 8.77 8.51 37680
20150130 8.71 8.55 8.85 8.53 49125
20150202 8.40 8.48 8.62 8.37 36898
20150203 8.46 8.62 8.67 8.46 41631
20150204 8.63 8.48 8.67 8.48 32298
20150205 8.55 8.21 8.61 8.19 80341
20150206 8.17 8.12 8.26 8.07 33367
20150209 8.11 8.12 8.23 8.11 27255
20150210 8.11 8.18 8.22 8.11 28164
20150211 8.18 8.21 8.26 8.14 24002
20150212 8.22 8.23 8.28 8.16 30625
20150213 8.28 8.47 8.72 8.27 97759
20150216 8.48 8.54 8.58 8.43 49750
20150217 8.57 8.62 8.68 8.50 44590
20150225 8.62 8.63 8.73 8.52 41007
20150226 8.60 8.71 8.75 8.57 52537
20150227 8.73 8.80 8.93 8.72 74417
20150302 9.21 9.15 9.28 8.93 159978
20150303 9.10 9.03 9.29 9.01 98845
20150304 9.02 9.34 9.44 9.01 140284
20150305 9.39 9.35 9.39 9.16 88338
20150306 9.36 9.28 9.71 9.28 73192
20150309 9.28 9.60 9.65 9.28 124169
20150310 9.70 10.27 10.50 9.64 197388
20150311 10.15 10.27 10.40 10.00 120104
20150312 10.26 10.24 10.59 10.09 93352
20150313 10.27 11.26 11.26 10.24 171938
20150316 11.80 12.05 12.32 11.53 297552
20150317 12.20 11.93 12.40 11.78 198736
20150318 11.80 12.11 12.23 11.70 132495
20150319 12.01 12.30 12.30 11.90 145446
20150320 12.32 12.00 12.59 11.88 159521
20150323 11.93 12.06 12.20 11.88 131516
20150324 12.18 12.90 13.09 12.00 258851
20150325 12.75 13.00 13.16 12.41 157481
20150326 12.80 12.32 12.95 12.00 136025
20150327 12.32 12.43 12.80 12.25 68269
20150330 12.48 12.53 12.79 12.45 79099
20150331 12.65 12.28 12.66 12.20 95516
20150401 12.80 13.27 13.50 12.51 189061
20150402 13.26 13.42 13.55 12.91 151699
20150403 13.42 14.76 14.76 13.13 170969
20150407 15.30 16.10 16.24 15.05 228407
20150408 16.02 16.55 17.24 15.56 292698
20150409 16.34 16.03 16.45 14.95 207732
20150410 10.60 10.71 11.20 10.40 275922
20150413 10.67 10.57 10.67 10.25 251699
20150414 10.59 11.63 11.63 10.59 287884
20150415 12.36 11.40 12.79 11.40 709556
20150416 10.30 11.05 11.88 10.26 433920
20150417 11.05 10.77 11.28 10.61 323426
20150420 10.42 10.21 10.68 10.21 271781
20150421 10.10 10.57 10.62 10.04 177867
20150422 10.54 11.05 11.19 10.54 296386
20150423 11.05 11.37 11.62 10.91 344823
20150424 11.12 11.03 11.25 10.88 244407
20150427 11.10 10.80 11.20 10.68 244454
20150428 10.80 10.30 10.90 10.15 220384
20150429 10.20 10.50 10.62 10.12 126961
20150430 10.55 10.32 10.61 10.32 116113
20150504 10.33 10.35 10.47 10.16 132802
20150505 10.29 9.69 10.34 9.51 175356
20150506 9.69 9.35 9.90 9.21 149744
20150507 9.35 9.25 9.65 9.24 109485
20150508 9.40 9.56 9.60 9.30 124830
20150511 9.76 10.04 10.08 9.60 182786
20150512 10.25 11.04 11.04 10.21 292032
20150513 11.55 11.47 11.90 11.15 729034
20150514 11.24 11.26 11.42 10.86 369875
20150515 11.13 11.67 12.00 11.12 536885
20150518 11.44 11.51 11.87 11.30 353403
20150519 11.25 11.64 11.80 11.21 334993
20150520 11.59 11.64 11.95 11.39 408167
20150521 11.62 12.18 12.47 11.50 423827
20150522 12.26 12.09 12.49 11.80 385108
20150525 12.10 12.50 12.60 12.05 415857
20150526 12.60 13.22 13.50 12.35 446488
20150527 13.25 14.05 14.35 12.53 472079
20150528 14.10 13.07 14.69 12.70 495775
20150529 13.00 13.69 13.99 12.10 413481
20150601 13.74 14.40 14.54 13.71 333661
20150602 14.36 15.84 15.84 14.20 386442
20150603 15.86 16.34 17.00 15.17 456598
20150604 16.34 15.77 16.35 14.80 310407
20150605 15.86 15.34 16.25 14.92 377133
20150608 15.21 14.82 15.21 14.65 280411
20150609 14.70 15.92 15.92 14.40 361340
20150610 15.50 15.68 16.22 15.30 266330
20150611 15.68 15.83 15.97 15.50 228889
20150612 15.92 16.28 16.87 15.78 356478
20150615 16.28 15.42 16.28 15.29 275613
20150616 15.29 14.45 15.29 14.05 207584
20150617 14.30 14.57 14.83 13.30 197298
20150618 14.40 13.75 14.66 13.71 151343
20150619 13.31 12.39 13.59 12.38 139459
20150623 12.33 12.68 12.80 11.50 165472
20150624 12.85 13.10 13.36 12.70 164140
20150625 13.10 12.15 13.10 11.90 139525
20150626 11.64 10.94 11.90 10.94 145261
20150629 11.29 9.85 11.29 9.85 184669
20150630 9.78 10.39 10.50 8.87 226922
20150701 10.29 9.57 10.75 9.40 192084
20150702 9.50 8.61 9.77 8.61 192710
20150703 8.50 7.75 8.70 7.75 181595
20150706 8.53 6.98 8.53 6.98 217356
20150707 6.28 6.28 6.56 6.28 98716
20150714 6.91 6.91 6.91 6.91 1482
20150715 7.60 7.60 7.60 7.28 358051
20150716 7.60 7.89 8.18 6.88 341727
20150717 8.05 8.50 8.62 7.89 258329
20150720 8.42 9.35 9.35 8.36 318332
20150721 9.08 9.36 9.77 8.91 323069
20150722 9.25 9.35 9.56 9.00 234149
20150723 9.30 9.81 10.00 9.23 256354
20150724 9.75 9.78 10.36 9.60 296458
20150727 9.41 8.80 10.20 8.80 304646
20150728 8.25 8.14 8.99 7.93 265176
20150729 8.38 8.89 8.90 7.94 204203
20150730 8.80 8.60 9.22 8.50 216774
