20140102 4.49 4.48 4.52 4.43 12984
20140103 4.49 4.39 4.49 4.38 16795
20140106 4.37 4.09 4.38 4.00 46621
20140107 4.09 4.15 4.19 4.02 15804
20140108 4.16 4.16 4.21 4.12 20714
20140109 4.14 4.07 4.16 4.04 25643
20140110 4.06 3.97 4.10 3.86 31939
20140113 4.01 4.06 4.25 4.01 42077
20140114 4.01 4.15 4.17 3.91 26277
20140115 4.12 4.09 4.13 4.06 20961
20140116 4.10 4.12 4.13 4.04 19268
20140117 4.12 4.03 4.12 4.02 16144
20140120 4.03 4.08 4.11 4.00 17148
20140121 4.09 4.12 4.16 4.05 18758
20140122 4.13 4.25 4.26 4.13 32865
20140123 4.24 4.25 4.26 4.20 21691
20140124 4.22 4.31 4.38 4.21 21205
20140127 4.31 4.32 4.34 4.24 19085
20140128 4.28 4.27 4.32 4.25 12853
20140129 4.26 4.27 4.34 4.24 19040
20140130 4.27 4.26 4.30 4.24 9525
20140207 4.24 4.35 4.38 4.22 19587
20140210 4.34 4.49 4.50 4.33 21845
20140211 4.50 4.49 4.56 4.42 22060
20140212 4.50 4.50 4.54 4.46 25805
20140213 4.48 4.60 4.78 4.45 48811
20140214 4.59 4.66 4.70 4.57 24158
20140217 4.65 4.78 4.83 4.60 50659
20140218 4.77 4.75 4.78 4.66 37640
20140219 4.72 4.71 4.85 4.66 39554
20140220 4.70 4.57 4.71 4.50 38124
20140221 4.54 4.47 4.58 4.36 38475
20140224 4.46 4.47 4.48 4.40 16454
20140225 4.46 4.33 4.47 4.29 27802
20140226 4.32 4.24 4.33 4.20 25615
20140227 4.24 4.19 4.25 4.18 26516
20140228 4.19 4.25 4.25 4.16 17353
20140303 4.24 4.38 4.38 4.23 28273
20140304 4.34 4.40 4.42 4.31 22762
20140305 4.40 4.37 4.44 4.36 19320
20140306 4.37 4.44 4.48 4.31 23195
20140307 4.44 4.37 4.46 4.34 16536
20140310 4.31 4.19 4.35 4.15 24410
20140311 4.19 4.29 4.29 4.17 19935
20140312 4.29 4.33 4.39 4.20 18672
20140313 4.35 4.55 4.57 4.27 72386
20140314 4.50 4.40 4.52 4.36 32924
20140317 4.41 4.48 4.50 4.41 27841
20140318 4.46 4.41 4.49 4.38 32671
20140319 4.40 4.34 4.40 4.27 19822
20140320 4.33 4.23 4.40 4.22 24154
20140321 4.22 4.35 4.36 4.21 23578
20140324 4.35 4.53 4.56 4.30 71549
20140325 4.56 4.63 4.73 4.48 123721
20140326 4.65 4.52 4.65 4.48 54873
20140327 4.50 4.51 4.60 4.48 40277
20140328 4.48 4.37 4.59 4.35 45794
20140331 4.38 4.33 4.45 4.30 27599
20140401 4.32 4.42 4.42 4.30 27338
20140402 4.40 4.51 4.54 4.38 35361
20140403 4.49 4.57 4.65 4.41 52369
20140404 4.53 4.60 4.64 4.51 51021
20140408 4.56 4.57 4.64 4.55 34481
20140409 4.58 4.56 4.60 4.51 31838
20140410 4.56 4.58 4.63 4.54 32504
20140411 4.55 4.51 4.55 4.49 21852
20140414 4.57 4.65 4.71 4.51 71851
20140415 4.62 4.68 4.79 4.62 69340
20140416 4.64 5.15 5.15 4.59 379855
20140417 5.13 5.04 5.24 5.03 239046
20140418 5.05 5.03 5.13 4.93 133787
20140421 4.95 4.88 4.99 4.84 115333
20140422 4.89 4.83 4.98 4.75 122293
20140423 4.81 4.97 5.11 4.76 150638
20140424 4.90 4.74 4.96 4.71 97268
20140425 5.08 5.01 5.21 4.89 322600
20140428 4.86 4.51 4.98 4.51 210657
20140429 4.43 4.40 4.48 4.30 104123
20140430 4.41 4.46 4.51 4.37 82429
20140505 4.45 4.45 4.45 4.34 55810
20140506 4.48 4.46 4.54 4.44 54756
20140507 4.45 4.68 4.68 4.37 105411
20140508 4.58 4.60 4.69 4.52 69462
20140509 4.57 4.45 4.66 4.42 56301
20140512 4.46 4.53 4.56 4.45 44105
20140513 4.53 4.60 4.61 4.49 48914
20140514 4.60 4.50 4.62 4.48 46522
20140515 4.50 4.38 4.51 4.37 44448
20140516 4.38 4.43 4.43 4.35 26514
20140519 4.40 4.37 4.40 4.34 19820
20140520 4.40 4.40 4.45 4.38 15951
20140521 4.40 4.44 4.46 4.38 22018
20140522 4.45 4.39 4.50 4.38 25484
20140523 4.40 4.45 4.45 4.39 24199
20140526 4.45 4.46 4.48 4.41 29223
20140527 4.47 4.46 4.50 4.41 32388
20140528 4.46 4.47 4.48 4.41 30993
20140529 4.46 4.40 4.46 4.40 25245
20140530 4.40 4.39 4.42 4.36 25124
20140603 4.38 4.33 4.39 4.32 30956
20140604 4.32 4.27 4.35 4.23 24487
20140605 4.24 4.30 4.31 4.24 15992
20140606 4.31 4.24 4.31 4.22 17603
20140609 4.24 4.25 4.29 4.22 16752
20140610 4.26 4.29 4.29 4.21 14313
20140611 4.27 4.33 4.33 4.27 15622
20140612 4.33 4.33 4.34 4.29 12566
20140613 4.30 4.39 4.40 4.30 31493
20140616 4.37 4.40 4.42 4.35 27785
20140617 4.38 4.33 4.41 4.33 17082
20140618 4.32 4.34 4.36 4.30 16809
20140619 4.32 4.17 4.38 4.11 24802
20140620 4.20 4.29 4.32 4.19 16384
20140623 4.29 4.25 4.30 4.23 14722
20140624 4.25 4.28 4.30 4.22 12107
20140625 4.26 4.45 4.69 4.20 90709
20140626 4.43 4.42 4.47 4.38 64527
20140627 4.40 4.44 4.46 4.40 25796
20140630 4.45 4.47 4.56 4.40 49551
20140701 4.50 4.48 4.52 4.44 23997
20140702 4.50 4.45 4.50 4.41 25464
20140703 4.43 4.57 4.58 4.43 55103
20140704 4.55 4.52 4.57 4.50 26858
20140707 4.50 4.50 4.55 4.46 18420
20140708 4.50 4.48 4.50 4.45 21970
20140709 4.47 4.65 4.66 4.44 51388
20140710 4.59 4.51 4.64 4.51 76435
20140711 4.49 4.53 4.56 4.45 37308
20140714 4.47 4.49 4.50 4.39 48179
20140715 4.48 4.46 4.49 4.40 51500
20140716 4.44 4.42 4.46 4.42 35417
20140717 4.42 4.54 4.55 4.40 86442
20140718 4.51 4.57 4.62 4.48 69732
20140721 4.57 4.61 4.69 4.55 62287
20140722 4.58 5.07 5.07 4.57 221860
20140723 5.30 5.45 5.58 5.15 717107
20140724 5.20 5.54 5.79 5.15 710474
20140725 5.43 5.27 5.47 5.20 370015
20140728 5.25 5.28 5.29 5.10 266419
20140729 5.22 5.35 5.48 5.22 367609
20140730 5.27 5.89 5.89 5.24 743834
20140731 6.05 5.77 6.10 5.64 531964
20140801 5.73 5.66 5.82 5.58 319206
20140804 5.62 5.70 5.77 5.51 300335
20140805 5.62 5.66 5.68 5.56 200953
20140806 5.65 5.49 5.65 5.40 257429
20140807 5.47 5.35 5.47 5.33 182535
20140808 5.36 5.37 5.41 5.33 91752
20140811 5.36 5.42 5.43 5.29 136705
20140812 5.38 5.42 5.45 5.35 111939
20140813 5.43 5.46 5.47 5.37 145045
20140814 5.50 5.28 5.51 5.27 130601
20140815 5.28 5.38 5.46 5.18 155528
20140818 5.38 5.40 5.40 5.34 94009
20140819 5.40 5.40 5.45 5.33 95264
20140820 5.39 5.49 5.53 5.36 181713
20140821 5.46 5.37 5.49 5.31 104066
20140822 5.37 5.40 5.44 5.34 61789
20140825 5.40 5.44 5.48 5.38 99446
20140826 5.42 5.23 5.44 5.20 84254
20140827 5.22 5.16 5.26 5.13 70021
20140828 5.17 5.14 5.21 5.10 49385
20140829 5.15 5.20 5.20 5.10 35872
20140901 5.20 5.27 5.28 5.18 43753
20140902 5.26 5.46 5.46 5.26 128777
20140903 5.46 5.49 5.50 5.38 131466
20140904 5.47 5.64 5.78 5.42 241099
20140905 5.62 5.56 5.62 5.50 119569
20140909 5.55 5.48 5.55 5.40 107496
20140910 5.46 5.51 5.56 5.42 99571
20140911 5.52 5.63 5.65 5.44 212456
20140912 5.57 5.65 5.66 5.53 127272
20140915 5.68 5.70 5.74 5.60 149951
20140916 5.72 5.32 5.72 5.29 187598
20140917 5.32 5.46 5.49 5.25 122431
20140918 5.44 5.49 5.50 5.39 89177
20140919 5.46 5.60 5.61 5.44 111316
20140922 5.55 5.59 5.71 5.47 108536
20140923 5.57 5.79 5.88 5.56 236515
20140924 5.72 5.75 5.78 5.65 151780
20140925 5.77 5.69 5.81 5.63 141827
20140926 5.65 5.88 5.90 5.62 204032
20140929 5.86 5.97 6.08 5.82 221306
20140930 5.93 5.97 6.06 5.87 146139
20141008 6.00 5.98 6.04 5.91 130360
20141009 5.98 5.90 6.07 5.84 139793
20141010 5.85 5.80 5.89 5.73 149870
20141013 5.83 5.88 5.93 5.73 107428
20141014 5.88 5.81 5.91 5.74 101894
20141015 5.81 5.76 5.84 5.70 89609
20141016 5.75 5.88 5.96 5.71 171543
20141017 5.85 5.82 5.92 5.53 122462
20141020 5.82 6.40 6.40 5.73 228376
20141021 6.58 6.71 6.95 6.58 763510
20141022 6.57 6.69 6.85 6.48 383842
20141023 6.58 6.39 6.65 6.31 252452
20141024 6.25 6.53 6.85 6.24 363335
20141027 6.39 6.43 6.52 6.25 216968
20141028 6.51 6.58 6.65 6.35 238516
20141029 6.60 6.98 7.24 6.52 565695
20141030 6.89 6.88 7.02 6.72 347145
20141031 6.80 6.82 7.04 6.78 281973
20141103 7.05 6.88 7.29 6.75 470503
20141104 6.76 6.59 6.78 6.54 290228
20141105 6.56 6.60 6.65 6.49 129098
20141106 6.60 6.65 6.67 6.54 109312
20141107 6.62 6.56 6.64 6.50 130765
20141110 6.55 6.62 6.65 6.52 97454
20141111 6.60 6.20 6.62 6.15 165208
20141112 6.20 6.30 6.33 6.18 70774
20141113 6.31 6.39 6.53 6.10 170011
20141114 6.29 6.24 6.29 6.16 70196
20141117 6.29 6.40 6.46 6.21 87021
20141118 6.37 6.61 6.68 6.34 166985
20141119 6.55 6.48 6.66 6.45 100621
20141120 6.48 6.51 6.54 6.30 103225
20141121 6.49 6.63 6.64 6.42 107159
20141124 6.82 6.66 6.82 6.63 179036
20141125 6.63 6.65 6.69 6.56 131472
20141126 6.69 6.69 6.71 6.60 103359
20141127 6.68 6.95 7.05 6.63 203493
20141128 6.93 6.80 6.93 6.62 181334
20141201 6.74 6.66 6.83 6.65 131737
20141202 6.66 6.75 6.87 6.65 153674
20141203 6.76 6.69 6.84 6.64 131334
20141204 6.69 6.79 6.79 6.60 181662
20141205 6.81 7.10 7.38 6.62 478508
20141208 7.11 7.50 7.50 7.01 448508
20141209 7.50 6.85 7.66 6.80 392779
20141210 6.75 7.19 7.30 6.72 225547
20141211 7.13 7.09 7.24 6.96 167764
20141212 7.08 6.90 7.08 6.87 154902
20141215 6.59 6.77 7.07 6.39 435727
20141216 6.63 6.52 6.63 6.40 335102
20141217 6.48 6.24 6.49 6.19 288312
20141218 6.16 6.02 6.17 5.97 297284
20141219 5.97 5.60 5.97 5.43 373391
20141222 5.51 5.19 5.52 5.13 280583
20141223 5.10 5.39 5.46 5.10 189583
20141224 5.40 5.59 5.63 5.38 164572
20141225 5.61 5.53 5.69 5.46 134640
20141226 5.55 5.51 5.56 5.44 97603
20141229 5.50 5.34 5.51 5.30 114757
20141230 5.31 5.45 5.47 5.20 122021
20141231 5.39 5.45 5.52 5.35 88537
20150105 5.48 5.60 5.65 5.45 156474
20150106 5.58 5.64 5.64 5.46 120595
20150107 5.63 5.65 5.68 5.56 92469
20150108 5.64 5.54 5.65 5.52 84710
20150109 5.54 5.47 5.59 5.47 69432
20150112 5.44 5.53 5.64 5.43 100386
20150113 5.51 5.55 5.55 5.47 50175
20150114 5.54 5.48 5.54 5.48 58461
20150115 5.50 5.50 5.53 5.43 44822
20150116 5.52 5.57 5.59 5.47 65502
20150119 5.51 5.38 5.63 5.30 113095
20150120 5.38 5.54 5.57 5.38 68084
20150121 5.56 5.72 5.80 5.52 149634
20150122 5.70 5.78 5.78 5.67 109067
20150123 5.79 5.84 5.96 5.79 188970
20150126 5.83 6.13 6.19 5.80 213863
20150127 6.05 6.06 6.10 5.91 146701
20150128 6.06 6.03 6.15 6.00 101340
20150129 6.00 5.90 6.04 5.90 77062
20150130 5.90 5.89 5.98 5.81 60403
20150202 5.85 5.86 5.92 5.71 80102
20150203 5.86 5.91 5.96 5.84 53590
20150204 5.90 5.86 5.96 5.85 50085
20150205 5.92 5.77 5.96 5.77 42569
20150206 5.77 5.61 5.80 5.59 53424
20150209 5.65 5.72 5.73 5.45 57592
20150210 5.62 5.64 5.70 5.60 39039
20150211 5.64 5.70 5.75 5.63 55548
20150212 5.67 5.74 5.76 5.66 41833
20150213 5.76 5.85 5.91 5.75 57148
20150216 5.85 5.99 6.01 5.84 77692
20150217 6.01 6.04 6.10 5.98 84617
20150225 6.03 6.14 6.31 6.03 140995
20150226 6.17 6.75 6.75 6.15 371700
20150227 6.84 6.77 6.85 6.50 332287
20150302 6.75 6.80 6.95 6.61 315125
20150303 6.71 6.61 6.78 6.60 183229
20150304 6.60 6.85 6.85 6.56 209664
20150305 6.85 6.87 7.14 6.76 225745
20150306 6.93 6.76 6.95 6.72 114187
20150309 6.77 6.90 6.95 6.60 134283
20150310 6.90 7.01 7.10 6.86 155110
20150311 7.00 7.24 7.27 6.96 200689
20150312 7.25 7.24 7.28 6.96 139430
20150313 7.18 7.12 7.25 7.05 95274
20150316 7.15 7.30 7.38 7.15 162404
20150317 7.31 7.35 7.50 7.18 194049
20150318 7.33 7.38 7.44 7.24 150450
20150319 7.35 7.67 7.78 7.28 252834
20150320 7.66 7.64 7.97 7.61 209835
20150323 7.69 7.90 7.93 7.67 208888
20150324 7.90 7.73 7.90 7.33 233084
20150325 7.85 7.98 8.40 7.85 267116
20150326 7.96 8.05 8.28 7.79 176081
20150327 8.11 8.08 8.17 8.03 99607
20150330 8.03 8.11 8.18 7.65 342112
20150331 8.11 7.93 8.18 7.89 222573
20150401 7.93 7.98 8.05 7.80 137360
20150402 7.99 8.21 8.28 7.87 275474
20150403 8.09 8.49 8.59 8.05 308786
20150407 8.49 8.82 8.95 8.49 286652
20150408 8.82 8.77 8.95 8.40 223984
20150409 8.76 8.66 8.86 8.25 180443
20150410 8.66 9.45 9.53 8.54 300166
20150413 9.44 9.84 10.26 9.21 312061
20150414 9.76 9.80 10.10 9.66 205210
20150415 9.81 9.81 10.19 9.65 214663
20150416 9.70 10.79 10.79 9.61 395141
20150417 10.79 10.74 10.98 10.50 313451
20150420 10.74 11.18 11.68 10.60 372119
20150421 11.18 11.12 11.28 10.70 255217
20150422 11.11 11.25 11.59 10.97 340169
20150423 11.17 10.95 11.23 10.78 271649
20150424 10.95 10.88 10.95 10.52 218923
20150427 10.98 10.55 11.00 10.42 194086
20150428 10.55 10.38 10.55 9.97 246560
20150429 10.35 10.39 10.55 10.17 189442
20150430 10.41 11.17 11.43 10.14 406078
20150504 11.15 10.89 11.20 10.67 230819
20150505 10.76 10.00 10.76 9.99 231291
20150506 9.89 9.71 10.21 9.69 124876
20150507 9.88 9.41 10.14 9.40 127837
20150508 9.44 9.79 9.80 9.43 113686
20150511 9.93 10.28 10.55 9.68 180338
20150512 10.28 10.21 10.43 10.00 135148
20150513 10.21 10.17 10.35 10.06 122554
20150514 10.17 10.32 10.44 10.15 156326
20150515 10.20 10.18 10.25 10.08 105313
20150518 10.10 10.42 10.50 10.09 170055
20150519 10.41 10.74 11.02 10.41 262324
20150520 10.85 11.74 11.81 10.85 450885
20150521 11.70 12.03 12.27 11.51 306794
20150522 12.05 13.23 13.23 12.05 283494
20150525 13.50 13.73 14.45 13.50 429294
20150526 13.78 14.13 14.49 13.53 323693
20150527 14.14 14.27 14.50 13.71 248998
20150528 14.43 13.35 14.80 12.98 288262
20150529 13.10 13.00 13.89 12.04 232817
20150601 13.13 13.70 14.02 12.98 228970
20150602 14.17 15.07 15.07 13.82 324184
20150603 15.60 16.58 16.58 15.17 324839
20150604 16.75 17.38 18.00 16.10 381755
20150605 17.06 16.80 17.60 16.50 302178
20150608 16.81 15.55 16.81 15.40 326385
20150609 15.65 16.78 17.10 15.65 268149
20150610 16.50 16.33 16.90 15.54 283577
20150611 16.19 16.32 16.60 15.90 205969
20150612 16.49 16.60 16.89 16.23 239450
20150615 17.32 16.10 17.33 16.07 260633
20150616 15.78 14.94 15.80 14.70 209300
20150617 14.95 15.30 15.30 14.00 211438
20150618 15.23 15.47 16.61 14.88 267584
20150619 15.00 14.67 15.99 14.26 178943
20150623 14.85 15.20 15.38 13.96 170735
20150624 15.40 15.45 15.85 14.72 187051
20150625 15.50 14.38 15.65 13.96 178967
20150626 14.10 12.94 14.10 12.94 131243
20150629 13.50 11.65 13.50 11.65 203458
20150630 11.30 12.01 12.10 10.49 292911
20150701 11.84 10.81 12.07 10.81 212854
20150702 10.78 9.73 10.90 9.73 210741
20150703 8.97 8.76 9.33 8.76 211823
20150706 9.45 7.88 9.45 7.88 197614
20150707 7.10 7.09 7.10 7.09 24602
20150708 6.38 6.38 6.38 6.38 63726
20150713 7.02 7.02 7.02 7.02 4108
20150714 7.72 7.72 7.72 7.72 5605
20150715 8.49 7.51 8.49 7.10 507278
20150716 6.95 7.59 7.86 6.80 239581
20150717 7.70 8.21 8.31 7.19 287010
20150720 8.27 9.00 9.00 8.13 332403
20150721 8.82 9.30 9.67 8.60 334451
20150722 9.16 9.38 9.60 9.00 251293
20150723 9.24 9.98 10.19 9.24 327939
20150724 9.98 9.76 10.39 9.60 323318
20150727 9.47 8.80 10.15 8.78 285106
20150728 8.10 8.45 8.88 7.92 310859
20150729 8.55 9.17 9.19 8.38 204677
20150730 9.10 9.21 9.70 8.90 218819
