20140102 17.49 17.43 17.50 17.29 16711
20140103 17.47 16.99 17.56 16.97 48085
20140106 17.03 16.41 17.05 16.35 48458
20140107 16.43 16.62 16.68 16.43 23974
20140108 16.63 16.27 16.74 16.17 44440
20140109 16.29 16.16 16.45 16.15 25308
20140110 16.16 15.73 16.20 15.67 31460
20140113 15.72 15.64 15.89 15.57 17208
20140114 15.66 15.79 15.79 15.56 31213
20140115 15.80 16.04 16.07 15.80 34025
20140116 16.05 15.89 16.12 15.88 19653
20140117 15.89 15.50 15.89 15.48 22475
20140120 15.45 14.90 15.45 14.85 45616
20140121 15.00 15.05 15.18 14.90 25466
20140122 15.00 15.58 15.58 14.99 48930
20140123 15.66 15.59 15.66 15.47 25091
20140124 15.51 15.90 15.93 15.51 51344
20140127 15.77 15.37 15.85 15.31 40430
20140128 15.42 15.28 15.60 15.27 47064
20140129 15.38 15.26 15.54 15.19 38882
20140130 15.29 14.93 15.30 14.83 49894
20140207 14.92 15.35 15.35 14.88 40563
20140210 15.39 15.70 15.76 15.38 54218
20140211 15.70 15.82 15.96 15.55 75440
20140212 15.85 15.80 15.93 15.65 60221
20140213 15.90 15.35 16.18 15.30 119835
20140214 15.35 15.55 15.68 15.30 55720
20140217 16.32 16.40 16.55 16.17 146576
20140218 16.42 16.67 16.67 16.34 116592
20140219 16.65 16.84 17.16 16.61 125338
20140220 16.78 16.38 16.98 16.38 83600
20140221 16.38 16.31 16.60 16.14 52380
20140224 16.18 15.57 16.20 15.39 89103
20140225 15.58 14.60 15.63 14.42 96877
20140226 14.59 14.46 14.85 14.29 94387
20140227 14.58 14.42 14.70 14.33 58066
20140228 14.58 14.67 14.72 14.34 54344
20140303 14.68 14.76 14.95 14.54 45229
20140304 14.70 15.04 15.09 14.64 57147
20140305 15.08 14.71 15.10 14.69 45079
20140306 14.71 14.68 14.74 14.40 18167
20140317 15.20 14.92 15.23 14.80 109747
20140318 14.94 15.20 15.35 14.94 79886
20140319 15.10 14.75 15.10 14.58 80683
20140320 14.88 14.84 15.38 14.80 115406
20140321 14.60 15.08 15.14 14.54 92934
20140324 15.17 16.02 16.15 15.14 175853
20140325 15.87 15.72 16.00 15.60 102904
20140326 15.81 15.65 15.89 15.50 56072
20140327 15.65 15.71 16.05 15.62 106109
20140328 15.75 15.66 16.04 15.42 82665
20140331 15.70 15.27 15.87 15.21 63134
20140401 15.20 15.41 15.48 15.07 58106
20140402 15.34 15.73 15.85 15.33 80069
20140403 15.90 15.94 16.38 15.87 139984
20140404 15.90 16.51 16.71 15.85 150947
20140408 16.40 16.47 16.65 16.25 80113
20140409 16.58 16.67 16.89 16.41 78651
20140410 16.70 16.55 16.77 16.45 80067
20140411 16.50 16.40 16.53 16.22 52687
20140414 16.33 16.54 16.60 16.28 53220
20140415 16.54 16.22 16.63 16.18 49902
20140416 16.11 16.17 16.33 16.00 28435
20140417 16.29 16.00 16.31 15.94 38967
20140418 16.01 16.12 16.20 15.93 22192
20140421 15.99 15.52 15.99 15.49 53464
20140422 15.52 15.38 15.62 15.11 48178
20140423 15.40 15.32 15.45 15.27 21087
20140424 15.40 15.39 15.58 15.34 32257
20140425 15.41 14.79 15.46 14.75 44020
20140428 14.81 14.83 14.92 14.55 29092
20140429 14.80 14.96 14.97 14.75 21235
20140430 15.00 14.98 15.08 14.92 23167
20140505 14.93 15.07 15.07 14.80 24667
20140506 15.08 14.98 15.11 14.94 23627
20140507 14.90 14.43 14.97 14.33 41457
20140508 14.43 14.73 14.86 14.43 33318
20140509 14.73 14.89 14.94 14.53 25932
20140512 15.00 15.09 15.12 14.92 24581
20140513 15.08 14.94 15.14 14.85 19664
20140514 14.99 14.93 15.05 14.89 12238
20140515 14.83 14.58 14.95 14.50 30036
20140516 14.60 14.52 14.62 14.36 18972
20140519 14.46 14.40 14.50 14.30 17750
20140520 14.52 14.35 14.60 14.30 21105
20140521 14.35 14.63 14.63 14.28 19825
20140522 14.67 14.57 14.78 14.53 22708
20140523 14.57 14.69 14.70 14.55 12785
20140526 14.80 14.71 14.82 14.58 22759
20140527 14.73 14.47 14.74 14.45 28183
20140528 14.47 14.63 14.63 14.38 32934
20140529 14.68 14.44 14.69 14.40 28573
20140530 14.42 14.45 14.51 14.39 15838
20140603 14.45 14.40 14.55 14.40 17788
20140604 14.40 14.13 14.42 14.08 31499
20140605 14.19 14.29 14.34 14.14 20890
20140606 14.23 14.15 14.28 14.10 28182
20140609 14.18 14.24 14.35 14.17 25233
20140610 14.29 14.41 14.42 14.20 24584
20140611 14.45 14.53 14.56 14.38 36895
20140612 14.10 13.89 14.10 13.86 27653
20140613 13.94 13.97 14.11 13.83 34579
20140616 13.95 14.23 14.32 13.95 44485
20140617 14.23 14.01 14.28 13.98 24485
20140618 13.96 13.74 14.09 13.70 34580
20140619 13.71 13.48 13.88 13.41 22753
20140620 13.50 13.52 13.60 13.44 13035
20140623 13.60 13.50 13.64 13.48 18595
20140624 13.53 13.53 13.58 13.42 19594
20140625 13.53 13.47 13.53 13.42 14529
20140626 13.45 13.61 13.63 13.45 21934
20140627 13.61 13.67 13.69 13.52 29023
20140630 13.71 13.72 13.82 13.62 36563
20140701 13.75 13.69 13.79 13.59 29318
20140702 13.70 13.82 13.83 13.64 36441
20140703 13.81 13.81 13.90 13.75 31026
20140704 13.81 13.72 13.85 13.70 30205
20140707 13.73 13.97 13.99 13.71 48357
20140708 13.96 14.08 14.12 13.88 36443
20140709 14.04 13.86 14.11 13.84 33368
20140710 13.86 14.20 14.33 13.83 54465
20140711 14.14 14.35 14.45 14.14 49214
20140714 14.48 15.19 15.40 14.36 99410
20140715 14.99 15.51 15.67 14.70 108334
20140716 15.90 15.65 16.76 15.51 303120
20140717 15.60 14.91 15.60 14.82 106271
20140718 14.80 15.16 15.60 14.75 108005
20140721 15.00 15.03 15.36 14.68 75808
20140722 14.90 15.08 15.22 14.90 62051
20140723 15.08 15.10 15.34 14.90 60681
20140724 15.10 15.43 15.53 15.02 96400
20140725 15.40 15.34 15.47 15.18 57926
20140728 15.36 15.38 15.50 15.18 95709
20140729 15.36 15.46 15.66 15.30 63678
20140730 15.47 15.12 15.57 14.95 96649
20140731 15.10 15.18 15.25 14.98 54332
20140801 15.15 15.06 15.36 15.04 61852
20140804 15.07 15.57 15.59 15.07 86651
20140805 15.59 15.64 15.72 15.40 72950
20140806 15.62 15.63 15.69 15.46 56326
20140807 15.60 15.32 15.65 15.30 64407
20140808 15.42 15.40 15.58 15.36 39734
20140811 15.47 15.62 15.74 15.41 47483
20140812 15.63 15.76 15.96 15.61 67430
20140813 15.80 15.61 15.80 15.49 39940
20140814 15.60 15.35 15.61 15.31 71374
20140815 15.40 15.39 15.44 15.19 63028
20140818 15.41 15.52 15.54 15.36 77125
20140819 15.58 15.82 15.90 15.52 100681
20140820 15.97 15.86 16.04 15.76 105266
20140821 15.70 15.75 15.81 15.38 121359
20140822 15.69 16.11 16.15 15.52 115003
20140825 16.08 16.48 16.55 16.03 161344
20140826 16.42 16.25 16.55 16.05 104070
20140827 16.21 16.27 16.39 16.00 77036
20140828 16.29 15.99 16.35 15.96 48643
20140829 16.10 16.21 16.21 15.81 41539
20140901 16.28 16.70 16.75 16.12 91984
20140902 16.71 16.95 17.05 16.58 113078
20140903 17.20 16.85 17.20 16.70 76805
20140904 16.85 17.39 17.50 16.72 110904
20140905 17.40 17.50 17.61 17.23 69362
20140909 17.54 18.06 18.13 17.54 106752
20140910 18.05 17.96 18.10 17.71 68703
20140911 17.98 17.66 18.10 17.28 112141
20140912 17.54 17.91 17.95 17.38 72288
20140915 18.00 17.88 18.35 17.65 134107
20140916 17.86 17.27 18.15 17.22 155841
20140917 17.28 17.49 17.60 17.10 87306
20140918 17.45 17.75 17.76 17.28 89326
20140919 18.05 17.90 18.06 17.58 105115
20140922 17.89 17.75 17.89 17.51 99768
20140923 17.70 18.75 18.81 17.67 171709
20140924 18.57 18.82 18.95 18.50 105179
20140925 18.81 18.96 19.14 18.67 100757
20140926 18.84 18.99 19.20 18.71 60745
20140929 19.15 18.98 19.18 18.66 91256
20140930 18.99 19.10 19.34 18.91 76304
20141008 19.15 19.22 19.34 19.06 59009
20141009 19.18 18.97 19.36 18.77 72744
20141010 18.80 18.79 18.98 18.55 66891
20141013 18.73 18.51 18.76 18.41 46724
20141014 18.58 18.74 18.85 18.50 61330
20141015 18.71 18.82 19.03 18.69 46783
20141016 18.69 18.38 18.85 18.36 45383
20141017 18.28 18.86 19.05 18.03 88792
20141020 18.86 18.86 18.99 18.73 35358
20141021 18.86 18.70 18.99 18.44 32795
20141022 18.85 18.68 18.89 18.55 24827
20141023 18.58 18.14 18.70 18.12 33666
20141024 18.15 18.08 18.30 17.92 28782
20141027 18.01 18.15 18.28 17.70 21966
20141028 18.20 18.75 18.76 18.04 46178
20141029 18.80 18.88 19.01 18.60 55708
20141030 18.87 19.06 19.42 18.85 90800
20141031 19.08 18.92 19.25 18.75 50564
20141103 18.88 18.89 18.99 18.77 40267
20141104 18.90 19.18 19.49 18.80 83564
20141105 19.30 19.17 19.30 18.90 41704
20141106 19.17 19.22 19.29 18.80 48870
20141107 19.22 19.60 20.00 19.22 148493
20141110 19.61 20.60 21.00 19.61 118827
20141111 20.78 20.36 20.78 19.85 89510
20141112 20.30 21.09 21.18 19.88 91837
20141113 21.20 21.10 21.54 20.52 105042
20141114 20.94 20.60 21.05 20.30 64487
20141117 20.44 20.51 20.86 20.35 42011
20141118 20.21 20.65 20.69 20.12 37539
20141119 20.68 20.50 21.14 20.48 46289
20141120 20.50 19.91 20.77 19.60 80829
20141121 19.88 19.91 20.05 19.67 47476
20141124 20.25 20.96 20.96 19.90 128614
20141125 20.94 20.95 21.21 20.57 70662
20141126 20.90 21.63 21.78 20.70 109735
20141127 21.73 21.45 21.78 21.15 55598
20141128 21.50 21.81 22.07 21.42 75342
20141201 21.02 21.28 21.80 20.72 72440
20141202 21.05 22.20 22.59 20.81 71687
20141203 22.01 21.88 22.98 21.70 78406
20141204 21.95 21.97 22.14 21.57 61107
20141205 22.16 21.45 22.18 20.50 96076
20141208 21.30 21.00 21.42 20.63 90585
20141209 21.00 22.00 23.10 20.99 239922
20141210 22.01 23.63 23.63 21.84 142248
20141211 23.90 25.92 25.92 23.90 178156
20141212 25.92 25.57 25.95 24.50 110858
20141215 25.41 25.05 25.41 24.50 81272
20141216 25.05 24.94 25.50 24.62 66824
20141217 24.97 24.40 25.10 23.90 69647
20141218 24.35 24.37 25.05 24.05 64826
20141219 24.34 24.63 24.88 23.60 70633
20141222 24.76 24.19 25.67 24.19 104892
20141223 23.90 23.88 25.20 23.03 69108
20141224 23.80 23.92 24.25 23.50 36464
20141225 23.78 24.99 25.08 23.78 69265
20141226 24.90 25.23 25.50 24.73 52065
20141229 25.50 25.10 25.50 24.27 53481
20141230 25.05 24.80 25.08 24.57 49780
20141231 24.62 25.28 25.46 24.00 87859
20150105 25.28 26.58 27.10 24.75 133105
20150106 26.19 26.64 26.64 26.00 68687
20150107 26.60 26.08 26.60 25.70 63947
20150108 25.88 25.39 26.10 25.30 42123
20150109 25.26 25.15 25.94 25.10 45148
20150112 25.01 24.35 25.12 23.70 73350
20150113 24.20 24.45 24.69 24.05 41082
20150114 24.60 24.30 24.79 24.01 35889
20150115 24.11 24.55 24.89 23.75 60304
20150116 24.59 24.33 24.99 24.00 46456
20150119 23.98 22.60 24.46 21.91 104441
20150120 23.26 24.36 24.52 22.80 101473
20150121 24.32 25.45 25.54 24.18 108260
20150122 25.10 25.51 25.82 25.10 49384
20150123 25.48 25.28 25.60 25.00 39362
20150126 25.10 26.26 26.26 24.91 60545
20150127 26.46 26.69 26.71 25.66 70541
20150128 26.35 25.93 26.51 25.70 45973
20150129 25.72 25.27 26.00 25.20 49300
20150130 25.28 25.11 25.59 25.10 35476
20150202 24.60 24.70 25.07 24.60 32072
20150203 24.83 25.08 25.22 24.61 33601
20150204 25.08 24.50 25.08 24.38 30375
20150205 24.83 24.30 25.20 24.30 29246
20150206 24.05 25.37 26.23 24.05 84418
20150209 27.91 25.37 27.91 24.00 200516
20150210 24.95 25.38 25.53 24.01 97429
20150211 25.55 25.55 25.99 25.30 64652
20150212 25.36 25.52 25.65 24.70 63579
20150213 25.41 25.25 25.96 25.19 71755
20150216 24.48 23.50 24.49 22.78 218568
20150217 23.25 23.19 23.66 23.14 105646
20150225 23.40 24.33 24.34 23.35 120705
20150226 24.39 24.15 24.40 23.76 82459
20150227 24.10 24.02 24.25 23.82 68741
20150302 24.16 24.20 24.35 23.96 97801
20150303 24.18 24.91 25.25 24.01 167703
20150304 24.91 25.55 25.70 24.91 134881
20150305 25.48 24.78 25.48 24.65 97209
20150306 24.78 24.38 25.05 24.21 76847
20150309 24.50 25.81 26.00 24.44 176147
20150310 25.78 26.13 26.49 25.34 153137
20150311 26.10 25.85 26.40 25.71 75512
20150312 25.85 25.90 26.16 25.60 58832
20150313 25.95 25.90 26.40 25.68 62097
20150316 25.65 28.49 28.49 25.25 252775
20150317 28.59 29.90 30.14 28.29 189299
20150318 29.60 29.53 29.72 28.87 100070
20150319 29.43 29.70 30.45 29.10 115671
20150320 31.00 30.15 31.71 29.91 265016
20150323 30.65 32.30 32.99 30.10 199706
20150324 32.38 31.80 32.38 30.88 173757
20150325 31.88 31.83 32.06 31.02 143498
20150326 31.88 32.11 33.46 31.40 179259
20150327 32.00 31.77 32.11 31.37 79596
20150330 31.89 32.42 32.80 31.87 127492
20150331 33.05 31.75 33.33 31.62 166174
20150401 31.75 32.05 32.20 31.31 134034
20150402 32.25 32.33 32.42 31.80 144451
20150403 32.17 34.00 34.04 31.77 253862
20150407 34.50 36.22 36.25 33.70 223872
20150408 36.40 35.30 36.58 34.80 181237
20150409 35.16 37.59 38.16 33.95 229491
