20140102 14.65 14.65 14.80 14.41 22878
20140103 14.65 14.36 14.74 14.32 10398
20140106 14.48 14.47 14.59 13.88 22676
20140107 14.40 14.60 14.65 14.20 17400
20140108 14.54 14.82 15.00 14.50 25027
20140109 14.92 14.40 15.10 14.36 23845
20140110 14.30 14.40 14.92 14.10 11970
20140113 14.45 14.98 15.20 14.45 22406
20140114 15.01 15.84 15.95 15.01 52960
20140115 15.94 16.04 16.13 15.53 29854
20140116 16.69 16.35 17.20 16.11 84322
20140117 16.36 16.53 16.89 16.36 40530
20140120 16.85 16.03 17.15 15.78 48447
20140121 15.90 16.18 16.20 15.50 24510
20140122 16.15 16.26 16.46 15.87 21109
20140123 16.16 16.34 16.55 16.12 20022
20140124 16.33 16.67 16.78 16.23 21373
20140127 16.60 17.09 17.12 16.43 41814
20140128 17.00 17.07 17.50 16.80 34980
20140129 17.00 17.40 17.70 16.98 23588
20140130 17.40 17.48 17.64 17.23 12265
20140207 17.45 17.86 17.86 17.41 14768
20140210 17.99 18.50 18.79 17.99 37551
20140211 18.65 18.81 18.88 18.31 25996
20140212 18.85 19.52 19.65 18.10 40442
20140213 19.60 18.95 19.75 18.91 21975
20140214 18.81 19.79 19.92 18.50 34378
20140217 20.00 19.90 20.12 19.66 23341
20140218 19.90 20.23 21.10 19.75 42662
20140219 20.01 20.90 21.08 19.88 29389
20140220 20.95 21.86 22.33 20.70 59418
20140221 21.88 22.18 22.77 21.70 58769
20140224 22.60 24.01 24.01 22.19 117940
20140225 24.00 21.61 24.37 21.61 119996
20140226 20.87 20.40 20.87 19.45 95757
20140227 20.31 19.90 20.59 19.48 75167
20140228 19.41 19.85 20.60 19.41 51273
20140303 20.01 21.84 21.84 20.01 70524
20140304 22.13 22.88 23.49 21.40 77082
20140305 23.90 22.40 23.90 22.28 76235
20140306 22.45 22.07 22.95 21.79 47903
20140307 22.25 22.97 23.27 22.19 48992
20140310 22.84 21.10 22.84 21.10 47164
20140311 21.09 20.73 21.33 20.05 37050
20140312 20.75 21.20 21.34 20.38 29161
20140313 21.20 21.61 22.00 21.20 23100
20140314 21.43 21.88 22.25 21.22 28379
20140317 21.68 22.53 22.64 21.68 26188
20140318 22.56 22.69 23.23 22.56 39212
20140319 22.55 22.92 23.10 22.26 29603
20140320 22.92 21.85 23.27 21.70 33378
20140321 21.50 21.81 22.05 20.56 39859
20140324 21.75 21.08 21.75 20.95 26270
20140325 21.08 20.69 21.19 19.98 40749
20140326 20.81 21.16 21.59 20.61 26300
20140327 21.50 21.63 21.93 21.15 34698
20140328 21.40 20.38 21.60 20.08 32909
20140331 20.40 20.35 20.98 19.65 12060
20140401 20.35 20.77 20.84 20.31 16801
20140402 20.94 20.25 20.95 20.01 22081
20140403 10.00 10.18 10.35 10.00 34781
20140404 10.17 11.01 11.20 10.13 121842
20140408 11.02 12.11 12.11 11.02 262935
20140409 12.49 12.20 12.49 11.80 244313
20140410 12.20 13.15 13.42 11.99 315877
20140411 13.01 12.55 13.01 12.32 223434
20140414 12.55 12.66 12.88 11.92 212283
20140415 12.50 12.23 12.55 12.12 121653
20140416 12.25 12.12 12.44 12.00 104413
20140417 12.12 12.20 12.35 11.80 116532
20140418 12.16 11.91 12.16 11.85 69217
20140421 11.70 11.12 11.75 11.02 155609
20140422 11.13 11.17 11.38 10.88 93852
20140423 11.16 11.12 11.25 10.91 52126
20140424 11.07 11.17 11.20 10.96 53031
20140425 11.20 11.78 11.99 11.18 163910
20140428 11.70 11.11 11.73 11.08 99044
20140429 10.95 11.42 11.52 10.77 66792
20140430 11.50 11.59 11.78 11.33 70479
20140505 11.58 11.80 11.89 11.50 84502
20140506 11.78 12.02 12.14 11.60 146745
20140507 11.90 11.80 12.09 11.77 89547
20140508 11.70 11.49 11.90 11.33 66745
20140509 11.43 11.26 11.52 11.10 48369
20140512 11.31 11.35 11.58 11.22 62868
20140513 11.30 11.20 11.30 11.12 45342
20140514 11.20 11.08 11.25 11.04 45642
20140515 11.14 11.05 11.29 10.93 52414
20140516 11.05 10.94 11.16 10.84 26981
20140519 10.93 10.60 10.98 10.60 38075
20140520 10.68 11.11 11.28 10.67 85113
20140521 11.35 11.78 11.95 11.23 160003
20140522 11.65 11.68 11.99 11.55 115907
20140523 11.63 11.75 11.87 11.50 89045
20140526 11.77 11.78 11.83 11.62 59965
20140527 11.80 11.71 11.80 11.60 45847
20140528 11.62 11.88 11.99 11.57 84282
20140529 12.10 11.90 12.10 11.60 168873
20140530 11.70 11.71 11.88 11.62 60412
20140603 11.72 11.46 11.76 11.45 49983
20140604 11.46 10.79 11.50 10.65 172310
20140605 10.85 10.78 11.10 10.43 202648
20140606 10.67 9.85 10.67 9.70 551783
20140609 9.47 9.08 9.47 9.01 304085
20140610 9.08 9.20 9.25 9.04 155681
20140611 9.20 9.19 9.26 9.02 157496
20140612 9.15 9.08 9.15 9.06 97467
20140613 9.09 9.13 9.17 9.09 87088
20140616 9.10 9.08 9.12 8.92 195876
20140617 9.03 8.93 9.04 8.93 79829
20140618 8.89 8.90 9.07 8.80 131545
20140619 8.90 8.28 8.96 8.18 134649
20140620 8.27 8.35 8.36 8.21 71276
20140623 8.34 8.37 8.43 8.29 63990
20140624 8.37 8.38 8.41 8.31 42598
20140625 8.38 8.26 8.41 8.18 71136
20140626 8.26 8.39 8.42 8.22 77765
20140627 8.39 8.39 8.42 8.30 76892
20140630 8.39 8.86 9.15 8.39 223301
20140701 8.91 8.87 8.96 8.77 115667
20140702 8.92 8.86 8.93 8.75 113547
20140703 8.85 8.96 9.04 8.78 125960
20140704 8.98 8.89 9.03 8.83 91409
20140707 8.90 8.87 8.93 8.81 70021
20140708 8.90 8.95 9.04 8.88 93439
20140709 8.96 8.77 9.01 8.77 93834
20140710 8.75 8.62 8.84 8.61 72018
20140711 8.64 8.86 8.92 8.62 78011
20140714 8.87 8.89 8.93 8.77 72898
20140715 8.89 8.86 8.96 8.81 73802
20140716 8.89 8.91 8.92 8.71 70869
20140717 8.92 8.89 8.93 8.81 56902
20140718 8.72 8.65 8.83 8.45 261468
20140721 8.48 8.30 8.61 8.26 201848
20140722 8.25 8.32 8.37 8.22 72656
20140723 8.32 8.29 8.38 8.27 67876
20140724 8.29 8.20 8.32 8.13 74888
20140725 8.20 8.34 8.35 8.16 53065
20140728 8.30 8.50 8.52 8.30 91350
20140729 8.55 8.61 8.63 8.46 100108
20140730 8.73 9.02 9.10 8.73 298458
20140731 9.00 8.96 9.00 8.82 141074
20140801 8.96 9.06 9.26 8.86 253202
20140804 9.13 9.15 9.22 9.02 143410
20140805 9.15 9.15 9.20 9.06 123305
20140806 9.12 9.21 9.25 9.07 146530
20140827 9.90 9.30 9.90 9.24 354366
20140828 9.31 8.92 9.35 8.71 209349
20140829 8.80 8.95 8.98 8.80 94258
20140901 8.90 9.02 9.08 8.90 115301
20140902 8.99 9.40 9.44 8.80 226379
20140903 9.41 9.67 9.79 9.41 270523
20140904 9.70 9.70 9.76 9.51 180038
20140905 9.71 9.68 9.76 9.60 162101
20140909 9.69 10.42 10.61 9.69 340334
20140910 10.43 10.43 10.51 10.15 221915
20140911 10.44 10.52 10.78 10.30 250228
20140912 10.51 10.62 10.70 10.38 162753
20140915 10.59 10.52 10.69 10.40 180653
20140916 10.48 9.95 10.52 9.88 237827
20140917 9.89 9.93 10.07 9.69 126121
20140918 9.94 10.10 10.10 9.80 97201
20140919 10.11 10.23 10.27 10.03 117633
20140922 10.28 9.94 10.28 9.92 107335
20140923 9.94 10.00 10.07 9.92 79855
20140924 10.00 10.10 10.13 9.95 110314
20140925 10.10 10.05 10.17 10.00 130059
20140926 10.00 10.03 10.07 9.91 71368
20140929 10.03 10.25 10.28 10.03 143270
20140930 10.35 10.39 10.44 10.27 132752
20141008 10.37 10.76 10.77 10.30 212043
20141009 10.78 10.73 10.86 10.50 213531
20141010 10.73 10.99 11.09 10.63 257808
20141013 11.01 11.44 11.50 10.90 277246
20141014 11.45 11.21 11.54 11.13 219757
20141015 11.20 11.46 11.61 11.15 217271
20141016 11.44 11.36 12.18 11.29 349420
20141017 11.26 10.96 11.43 10.70 209380
20141020 11.00 11.30 11.35 11.00 123410
20141021 11.36 11.06 11.47 11.01 132882
20141022 11.03 10.70 11.09 10.67 134479
20141023 10.70 10.32 10.82 10.27 128553
20141024 10.27 10.20 10.32 9.90 110688
20141027 10.15 10.23 10.28 10.05 57037
20141028 10.24 10.66 10.70 10.24 102904
20141029 10.78 10.73 10.89 10.63 116200
20141030 10.75 10.65 10.86 10.53 111688
20141031 10.70 10.55 10.74 10.40 91649
20141103 10.58 10.57 10.60 10.45 64284
20141104 10.57 10.40 10.57 10.34 68758
20141105 10.40 10.48 10.51 10.19 60249
20141106 10.47 10.36 10.51 10.26 51226
20141107 10.38 10.18 10.44 10.15 77841
20141110 10.18 10.32 10.37 10.18 46840
20141111 10.33 9.90 10.38 9.74 115440
20141112 9.88 10.05 10.07 9.81 56515
20141113 10.05 9.86 10.07 9.79 63987
20141114 9.77 9.85 9.86 9.70 45715
20141117 9.88 10.09 10.20 9.78 57771
20141118 10.09 10.17 10.21 10.04 41892
20141119 10.17 10.18 10.23 10.06 47559
20141120 10.17 10.00 10.17 9.96 48846
20141121 10.00 10.00 10.05 9.93 45628
20141124 10.04 10.07 10.12 9.97 70378
20141125 10.08 10.13 10.13 10.00 74094
20141126 10.16 10.17 10.20 10.07 75581
20141127 10.17 10.52 10.53 10.17 163564
20141128 10.53 10.40 10.57 10.31 100308
20141201 10.40 10.10 10.40 10.10 88383
20141202 10.10 10.19 10.30 10.07 65155
20141203 10.18 10.27 10.27 10.04 130936
20141204 10.30 10.52 10.58 10.30 181468
20141205 10.53 10.20 10.60 10.00 138767
20141208 10.16 10.09 10.18 10.00 106797
20141209 10.09 9.71 10.09 9.70 152362
20141210 9.68 9.98 10.01 9.60 72810
20141211 10.00 9.97 10.03 9.90 74995
20141212 9.96 10.03 10.05 9.93 61838
20141215 10.03 10.27 10.28 10.00 93335
20141216 10.28 10.15 10.31 10.10 67430
20141217 10.15 9.96 10.18 9.90 71454
20141218 9.95 9.91 10.02 9.88 49271
20141219 9.91 9.78 9.95 9.61 72325
20141222 9.70 9.26 9.70 9.02 88144
20141223 9.26 9.31 9.45 9.08 38842
20141224 9.32 9.44 9.45 9.32 27565
20141225 9.46 9.59 9.73 9.46 34721
20141226 9.62 9.45 9.62 9.43 34347
20141229 9.48 9.21 9.50 9.20 38825
20141230 9.21 9.12 9.35 9.11 31202
20141231 9.11 9.17 9.18 9.09 32338
20150105 9.21 9.25 9.26 9.12 36155
20150106 9.25 9.49 9.57 9.20 85609
20150107 9.55 9.38 9.55 9.35 42716
20150108 9.35 9.38 9.47 9.34 38067
20150109 9.38 9.33 9.41 9.32 37548
20150112 9.34 9.12 9.34 9.06 42623
20150113 9.11 9.23 9.25 8.98 42360
20150114 9.24 9.09 9.25 9.08 34473
20150115 9.13 9.08 9.15 9.07 39086
20150116 9.10 9.10 9.10 9.03 66810
20150119 9.07 9.04 9.28 8.83 83571
20150120 9.04 9.27 9.28 9.04 63442
20150121 9.31 9.47 9.48 9.31 86537
20150122 9.47 9.51 9.51 9.37 75879
20150123 9.54 9.41 9.59 9.40 58245
20150126 9.40 9.54 9.55 9.36 58057
20150127 9.59 9.52 9.59 9.41 63707
20150128 9.53 9.47 9.56 9.44 55507
20150129 9.42 9.46 9.50 9.39 39462
20150130 9.46 9.35 9.52 9.34 40095
20150202 9.34 9.38 9.43 9.29 35740
20150203 9.37 9.44 9.49 9.36 51640
20150204 9.47 9.29 9.49 9.28 60566
20150205 9.32 9.15 9.37 9.13 55880
20150206 9.15 9.09 9.22 9.08 38968
20150209 9.09 9.00 9.15 9.00 32484
20150210 9.00 9.20 9.28 9.00 42260
20150211 9.26 9.19 9.27 9.15 24294
20150212 9.23 9.27 9.27 9.15 28831
20150213 9.28 9.38 9.42 9.22 80714
20150216 9.38 9.44 9.47 9.37 66263
20150217 9.44 9.40 9.48 9.36 45916
20150225 9.41 9.39 9.43 9.35 53519
20150226 9.39 9.44 9.45 9.33 62531
20150227 9.44 9.51 9.54 9.43 95282
20150302 9.55 9.75 9.79 9.48 142431
20150303 9.74 9.89 9.99 9.64 197232
20150304 9.90 10.18 10.18 9.80 198584
20150305 10.30 10.11 10.33 10.03 159123
20150306 10.11 9.87 10.19 9.86 122931
20150309 9.77 10.05 10.12 9.71 108534
20150310 10.00 10.09 10.18 9.95 120222
20150311 10.09 9.97 10.15 9.96 89430
20150312 9.98 9.85 10.06 9.80 98800
20150313 9.87 10.04 10.05 9.85 85536
20150316 10.08 10.24 10.26 10.08 184507
20150317 10.27 10.30 10.38 10.18 233326
20150318 10.30 10.48 10.48 10.29 240386
20150319 10.53 10.45 10.53 10.30 222136
20150320 10.46 10.64 10.71 10.34 251236
20150323 10.65 11.25 11.48 10.65 376245
20150324 11.25 11.10 11.34 10.71 317955
20150325 10.98 11.31 11.36 10.97 246531
20150326 11.32 11.40 11.85 11.15 301730
20150327 11.40 11.39 11.49 11.18 185436
20150330 11.39 11.30 11.45 11.21 208533
20150331 11.30 11.21 11.38 11.10 202531
20150401 11.25 11.41 11.47 11.25 229328
20150402 11.42 12.00 12.12 11.30 369428
20150403 11.90 11.92 12.00 11.62 271211
20150407 11.93 12.16 12.36 11.90 263470
20150408 12.29 11.88 12.30 11.78 282066
20150409 11.85 11.47 11.85 11.02 266408
20150410 11.36 11.78 11.85 11.26 193004
20150413 11.88 12.25 12.44 11.80 367262
20150414 12.29 12.18 12.51 12.07 291056
20150415 12.20 11.62 12.23 11.55 228711
20150416 11.50 11.64 11.80 11.20 158522
20150417 11.73 11.65 11.88 11.55 207493
20150420 11.65 11.18 11.65 11.15 237686
20150421 11.18 11.50 11.50 11.16 159458
20150422 11.59 11.92 11.99 11.51 236398
20150423 11.92 12.28 12.37 11.80 356326
20150424 12.10 12.67 12.70 11.98 401588
20150427 12.77 13.04 13.91 12.77 461011
20150428 12.95 12.32 13.07 12.30 330603
20150429 12.29 12.72 12.77 12.09 211660
20150430 12.80 12.45 13.08 12.45 217339
20150504 12.34 12.55 12.64 12.24 175689
20150505 12.65 12.00 12.65 11.90 176017
20150506 12.00 11.47 12.23 11.32 164517
20150507 11.47 11.61 11.64 11.20 156634
20150508 11.97 12.01 12.01 11.66 182698
20150511 12.07 12.44 12.54 11.96 231207
20150512 12.47 12.45 12.60 12.22 225021
20150513 12.35 12.95 13.10 12.26 374901
20150514 12.95 12.89 13.04 12.70 251312
20150515 12.88 12.80 12.88 12.41 228597
20150518 12.74 13.50 13.55 12.56 446032
20150519 13.53 14.84 14.85 13.53 520652
20150520 14.84 14.60 15.09 14.40 460757
20150521 14.64 14.75 14.90 14.41 291952
20150522 14.80 15.06 15.70 14.53 428745
20150525 14.88 15.15 15.36 14.60 346149
20150526 15.20 15.84 15.96 14.93 398950
20150527 15.67 15.64 16.48 15.40 433005
20150528 15.65 14.21 16.20 14.13 405151
20150529 13.80 14.97 15.22 13.50 353208
20150601 14.97 15.83 16.18 14.97 358582
20150602 15.84 16.86 16.93 15.81 386450
20150603 17.10 18.55 18.55 16.76 544734
20150604 18.98 19.48 19.94 17.18 524374
20150605 19.46 20.50 20.88 18.70 509227
20150608 20.44 18.80 20.44 18.71 459727
20150609 18.69 18.35 19.50 18.11 370977
20150610 18.39 18.86 19.25 18.39 265042
20150611 18.90 20.10 20.50 18.90 323585
20150612 20.50 19.88 20.80 19.52 314716
20150615 19.93 19.08 20.20 18.92 255256
20150616 19.00 18.29 19.00 17.80 209848
20150617 18.30 18.71 18.71 17.70 163609
20150618 18.54 18.11 19.34 17.91 209034
20150619 17.51 16.37 17.51 16.30 173199
20150623 16.33 15.93 16.74 15.10 179344
20150624 16.20 16.39 16.55 15.72 204767
20150625 16.40 16.28 16.85 16.00 201452
20150626 15.59 14.65 16.15 14.65 154284
20150629 15.00 13.19 15.10 13.19 268031
20150630 12.91 14.08 14.10 11.87 295804
20150701 13.91 12.67 14.38 12.67 188434
20150702 12.80 11.40 12.89 11.40 254969
20150703 10.62 10.26 11.38 10.26 216194
20150706 11.28 9.23 11.28 9.23 255405
20150707 8.81 8.31 8.87 8.31 117947
20150708 7.48 7.48 7.90 7.48 432929
20150709 6.83 8.23 8.23 6.83 269079
20150710 8.95 9.05 9.05 8.43 101204
20150713 9.85 9.96 9.96 9.60 244499
20150714 10.58 10.96 10.96 10.38 624962
20150715 10.78 9.86 10.79 9.86 267946
20150716 9.66 9.95 10.40 8.87 320112
20150717 9.96 10.68 10.90 9.96 235013
20150720 10.69 10.82 11.08 10.40 274114
20150721 10.70 10.96 11.20 10.41 266662
20150722 10.88 11.00 11.18 10.52 237960
20150723 11.00 11.41 11.46 10.90 299188
20150724 11.59 11.01 11.59 10.80 322407
20150727 10.59 9.91 11.35 9.91 241907
20150728 9.30 9.26 9.94 8.92 232477
20150729 9.41 10.02 10.10 8.92 187133
20150730 9.85 9.63 10.20 9.60 178259
