20140102 5.49 5.53 5.58 5.42 65454
20140103 5.49 5.50 5.57 5.44 57575
20140106 5.50 5.30 5.52 5.27 58304
20140107 5.27 5.36 5.38 5.25 45926
20140108 5.36 5.36 5.43 5.31 53268
20140109 5.35 5.16 5.39 5.16 62526
20140110 5.17 4.95 5.18 4.90 75741
20140113 5.00 5.16 5.38 4.95 107750
20140114 5.10 5.21 5.23 5.08 63367
20140115 5.18 5.19 5.27 5.15 48438
20140116 5.19 5.20 5.30 5.16 60483
20140117 5.20 5.09 5.21 5.05 50284
20140120 5.09 5.10 5.15 5.05 27365
20140121 5.10 5.19 5.20 5.10 36590
20140122 5.21 5.31 5.32 5.18 65940
20140123 5.30 5.30 5.38 5.28 56765
20140124 5.26 5.39 5.39 5.25 70482
20140127 5.35 5.35 5.46 5.33 64388
20140128 5.36 5.34 5.41 5.28 42609
20140129 5.35 5.42 5.43 5.32 56724
20140130 5.42 5.41 5.46 5.34 61174
20140207 5.37 5.50 5.53 5.33 89904
20140210 5.49 5.59 5.64 5.47 129450
20140211 5.59 5.55 5.67 5.48 106959
20140212 5.56 5.63 5.67 5.49 102410
20140213 5.62 5.45 5.65 5.44 110976
20140214 5.46 5.60 5.60 5.45 84408
20140217 5.62 5.72 5.74 5.61 143434
20140218 5.71 5.79 5.86 5.63 174437
20140219 5.79 5.90 5.96 5.71 222308
20140220 5.93 5.72 5.96 5.72 173400
20140221 5.72 5.76 5.84 5.64 106171
20140224 5.73 5.76 5.80 5.67 89563
20140225 5.75 5.51 5.89 5.45 188877
20140226 5.49 5.55 5.55 5.41 76862
20140227 5.56 5.50 5.72 5.50 114197
20140228 5.82 6.05 6.05 5.71 328135
20140303 6.18 6.30 6.53 6.13 690078
20140304 6.20 6.25 6.35 6.17 320610
20140305 6.28 6.15 6.48 6.14 330851
20140306 6.17 6.50 6.66 6.06 446209
20140307 6.40 6.32 6.48 6.22 287711
20140310 6.26 6.09 6.28 6.04 192807
20140311 6.09 5.97 6.13 5.85 189572
20140312 5.95 5.91 6.04 5.75 168521
20140313 5.90 6.01 6.05 5.85 129394
20140314 5.95 5.86 5.97 5.80 107571
20140317 5.88 6.02 6.04 5.81 115406
20140318 5.99 6.04 6.11 5.98 145455
20140319 6.01 5.99 6.04 5.87 120083
20140320 5.95 5.77 6.01 5.77 113344
20140321 5.67 5.89 5.92 5.65 120554
20140324 5.90 5.87 5.92 5.81 89557
20140325 5.86 5.90 5.94 5.82 82521
20140326 5.88 5.93 6.01 5.87 90053
20140327 5.95 5.80 5.95 5.76 96088
20140328 5.77 5.63 5.83 5.63 98613
20140331 5.63 5.67 5.76 5.63 49898
20140401 5.69 5.75 5.75 5.67 41480
20140402 5.76 5.69 5.77 5.67 47668
20140403 5.69 5.80 5.88 5.69 87525
20140404 5.77 5.86 5.86 5.76 57138
20140408 5.84 5.98 6.01 5.79 127361
20140409 5.99 6.01 6.03 5.93 83437
20140410 6.00 5.91 6.03 5.89 108626
20140411 5.89 5.92 5.96 5.87 63448
20140414 5.90 5.95 5.95 5.89 50871
20140415 6.06 6.02 6.30 6.01 248598
20140416 6.09 6.22 6.28 6.00 255737
20140417 6.18 6.10 6.21 6.08 128548
20140418 6.08 6.13 6.16 6.04 81962
20140421 6.04 5.98 6.12 5.95 102158
20140422 5.96 5.91 6.03 5.83 96479
20140423 5.90 5.92 5.95 5.85 52969
20140424 5.90 5.76 5.90 5.74 76312
20140425 5.77 5.54 5.81 5.51 115481
20140428 5.59 5.43 5.59 5.34 62899
20140429 5.42 5.52 5.53 5.38 47854
20140430 5.53 5.55 5.56 5.47 36674
20140505 5.54 5.64 5.64 5.50 52686
20140506 5.60 5.63 5.67 5.57 44136
20140507 5.61 5.48 5.61 5.48 55094
20140508 5.48 5.49 5.60 5.45 46842
20140509 5.49 5.45 5.54 5.41 41373
20140512 5.52 5.62 5.64 5.47 70008
20140513 5.59 5.61 5.65 5.57 41609
20140514 5.58 5.62 5.67 5.58 32157
20140515 5.61 5.56 5.71 5.53 70524
20140516 5.53 5.60 5.66 5.53 46864
20140519 5.59 5.59 5.68 5.56 55601
20140520 5.63 5.60 5.67 5.57 38680
20140521 5.57 5.57 5.58 5.46 44993
20140522 5.55 5.51 5.60 5.51 40390
20140523 5.51 5.56 5.57 5.49 32036
20140526 5.56 5.59 5.62 5.56 35731
20140527 5.59 5.63 5.65 5.56 63500
20140528 5.67 5.71 5.72 5.62 90086
20140529 5.68 5.58 5.71 5.57 59004
20140530 5.57 5.63 5.67 5.53 43935
20140603 5.66 5.70 5.73 5.63 67392
20140604 5.66 5.61 5.72 5.55 56639
20140605 5.60 5.68 5.69 5.57 50543
20140606 5.68 5.62 5.68 5.61 43009
20140609 5.61 5.57 5.66 5.57 39651
20140610 5.61 5.69 5.70 5.58 67404
20140611 5.67 5.84 5.87 5.64 139327
20140612 5.80 5.78 5.88 5.77 84638
20140613 5.78 5.85 5.93 5.78 85856
20140616 5.85 5.87 5.94 5.81 60267
20140617 5.83 5.76 5.86 5.73 69477
20140618 5.77 5.85 5.93 5.74 103544
20140619 5.82 5.93 5.99 5.73 134635
20140620 5.92 6.09 6.14 5.89 225787
20140623 6.09 6.05 6.12 6.00 114033
20140624 6.04 6.14 6.15 5.96 148339
20140625 6.08 5.96 6.12 5.93 129891
20140626 5.98 5.98 6.08 5.95 89628
20140627 5.95 5.96 6.00 5.89 105598
20140630 5.99 6.18 6.26 5.96 212656
20140701 6.18 6.13 6.19 6.09 118448
20140702 6.11 6.30 6.56 6.10 320202
20140703 6.25 6.30 6.37 6.20 153587
20140704 6.25 6.21 6.36 6.19 149166
20140707 6.27 6.35 6.45 6.27 165242
20140708 6.34 6.32 6.38 6.19 137828
20140709 6.33 6.37 6.65 6.24 341980
20140710 6.33 6.28 6.41 6.23 160885
20140711 6.28 6.43 6.45 6.22 157719
20140714 6.53 6.49 6.62 6.41 168137
20140715 6.45 6.61 6.84 6.44 276817
20140716 6.54 6.53 6.67 6.47 187035
20140717 6.55 6.46 6.55 6.30 144530
20140718 6.40 6.36 6.49 6.31 108388
20140721 6.35 6.40 6.47 6.30 85299
20140722 6.41 6.43 6.48 6.33 89822
20140723 6.43 6.33 6.54 6.32 103047
20140724 6.29 6.09 6.32 6.05 175124
20140725 6.09 6.18 6.20 6.09 70750
20140728 6.21 6.28 6.32 6.18 101022
20140729 6.29 6.33 6.38 6.27 93569
20140730 6.35 6.38 6.43 6.29 94832
20140731 6.41 6.42 6.42 6.31 92048
20140801 6.40 6.49 6.76 6.36 271723
20140804 6.51 6.59 6.64 6.45 148409
20140805 6.57 6.78 6.82 6.51 224438
20140806 6.70 6.75 6.86 6.63 196140
20140807 6.71 6.59 6.80 6.55 186600
20140808 6.57 7.00 7.00 6.56 383606
20140811 7.10 7.41 7.58 7.08 538508
20140812 7.38 7.31 7.38 7.25 238908
20140813 7.35 7.92 8.04 7.32 763262
20140814 7.74 8.06 8.15 7.68 579693
20140815 8.01 7.83 8.45 7.81 532296
20140818 7.74 7.83 7.95 7.68 286722
20140819 7.78 7.74 7.83 7.70 215835
20140820 7.78 7.80 8.29 7.76 381603
20140821 7.78 8.06 8.18 7.74 315233
20140822 8.03 8.04 8.21 7.92 240321
20140825 8.05 7.93 8.10 7.91 146836
20140826 7.85 7.49 7.86 7.45 276894
20140827 7.48 8.24 8.24 7.44 531755
20140828 8.40 8.29 8.78 8.22 726845
20140829 8.10 8.39 8.45 8.01 404809
20140901 8.45 8.80 9.08 8.35 526841
20140902 8.75 9.21 9.32 8.67 583207
20140903 9.30 9.15 9.45 8.96 548948
20140904 9.07 9.09 9.28 9.01 376796
20140905 9.10 9.09 9.17 8.95 297537
20140909 9.03 9.20 9.33 8.94 298671
20140910 9.13 9.09 9.19 8.95 213039
20140911 9.09 9.21 9.55 9.09 409699
20140912 9.40 9.65 9.79 9.33 404528
20140915 9.80 10.45 10.62 9.67 603901
20140916 10.30 9.78 10.43 9.76 510835
20140917 9.78 9.65 9.91 9.42 284843
20140918 9.66 9.73 9.82 9.43 201447
20140919 9.67 9.85 9.94 9.60 211577
20140922 9.78 9.31 9.78 9.18 301538
20140923 9.28 9.37 9.49 9.26 171389
20140924 9.34 9.97 10.09 9.26 345810
20140925 9.98 9.80 10.08 9.77 264013
20140926 10.07 9.91 10.50 9.87 302953
20140929 9.93 9.97 10.10 9.83 204419
20140930 9.98 9.79 10.02 9.69 217288
20141008 9.69 9.84 9.93 9.67 190441
20141009 9.82 9.66 9.87 9.47 236860
20141010 9.65 9.47 9.65 9.39 210130
20141013 9.35 9.55 9.58 9.23 176294
20141014 9.50 9.40 9.64 9.36 145859
20141015 9.25 9.05 9.28 8.91 280198
20141016 8.96 9.04 9.25 8.91 173811
20141017 9.20 9.09 9.24 8.86 155242
20141020 9.15 9.39 9.48 9.13 191699
20141021 9.40 9.11 9.43 9.11 114266
20141022 9.04 9.09 9.38 8.96 145429
20141023 9.09 9.19 9.29 9.00 129106
20141024 9.19 8.99 9.26 8.93 100179
20141027 8.97 9.25 9.27 8.77 125654
20141028 9.25 9.40 9.42 9.21 171190
20141029 9.46 9.53 9.63 9.35 232097
20141030 9.50 9.41 9.62 9.37 187385
20141031 9.40 9.54 9.61 9.22 197021
20141103 9.58 10.09 10.49 9.49 634500
20141104 9.87 9.81 9.98 9.75 346099
20141105 9.77 9.55 9.87 9.51 215684
20141106 9.56 9.53 9.64 9.29 182724
20141107 9.53 9.38 9.61 9.30 146232
20141110 9.57 9.48 9.62 9.32 123333
20141111 9.42 8.65 9.42 8.53 308940
20141112 8.65 8.82 8.88 8.60 136315
20141113 8.77 8.38 8.78 8.26 212835
20141114 8.31 8.36 8.44 8.29 88863
20141117 8.42 8.45 8.58 8.26 101422
20141118 8.40 8.48 8.60 8.40 71989
20141119 8.48 8.60 8.66 8.48 98789
20141120 8.51 8.49 8.58 8.45 78532
20141121 8.49 8.62 8.63 8.46 97412
20141124 8.68 8.67 8.74 8.58 123782
20141125 8.68 8.81 8.83 8.68 124913
20141126 8.82 8.91 8.97 8.65 185979
20141127 8.98 8.84 9.03 8.76 152775
20141128 8.87 8.76 8.97 8.71 141825
20141201 8.73 8.39 8.78 8.37 183420
20141202 8.40 8.43 8.54 8.40 127150
20141203 8.43 8.54 8.55 8.29 195556
20141204 8.53 8.57 8.62 8.50 167062
20141205 8.57 8.91 9.08 8.20 431808
20141208 8.93 9.03 9.25 8.75 350277
20141209 8.96 8.20 8.96 8.15 304736
20141210 8.20 8.37 8.40 8.06 129188
20141211 8.33 8.75 8.88 8.21 240097
20141212 8.68 8.70 8.79 8.61 130985
20141215 8.51 8.69 8.75 8.48 136655
20141216 8.70 8.72 8.88 8.66 119105
20141217 8.73 8.47 8.73 8.42 125031
20141218 8.45 8.38 8.66 8.35 136931
20141219 8.33 8.14 8.38 8.08 162984
20141222 8.14 7.40 8.15 7.33 193914
20141223 7.36 7.29 7.55 7.24 95991
20141224 7.42 7.56 7.64 7.37 105125
20141225 7.59 7.70 7.82 7.52 96176
20141226 7.69 7.56 7.69 7.50 111149
20141229 7.54 7.39 7.54 7.31 96995
20141230 7.41 7.44 7.54 7.33 71903
20141231 7.44 7.50 7.56 7.40 78699
20150105 7.51 7.58 7.63 7.28 127626
20150106 7.54 7.74 7.79 7.47 161029
20150107 7.75 7.76 7.86 7.71 105922
20150108 7.75 7.66 7.83 7.65 72136
20150109 7.73 7.65 7.84 7.64 95911
20150112 7.61 7.35 7.61 7.31 84678
20150113 7.35 7.47 7.53 7.35 56893
20150114 7.42 7.40 7.55 7.38 56727
20150115 7.40 7.49 7.52 7.39 52502
20150116 7.47 7.55 7.60 7.46 69859
20150119 7.47 7.36 7.65 7.20 104142
20150120 7.41 7.70 7.77 7.39 118113
20150121 7.70 7.91 8.05 7.68 187150
20150122 7.89 8.07 8.17 7.80 174954
20150123 8.08 7.92 8.12 7.84 134005
20150126 7.93 8.06 8.13 7.93 126176
20150127 8.05 8.06 8.16 7.89 97716
20150128 8.05 8.09 8.14 7.96 95683
20150129 8.08 8.42 8.49 8.01 261275
20150217 9.26 9.26 9.26 9.00 122119
20150225 9.30 8.81 9.32 8.78 332536
20150226 8.80 8.90 9.00 8.76 172467
20150227 8.88 8.91 9.12 8.82 151160
20150302 9.06 8.93 9.06 8.81 169396
20150303 8.91 8.96 9.17 8.76 242043
20150304 8.90 9.51 9.67 8.88 397647
20150305 9.40 9.40 9.57 9.28 222830
20150306 9.40 9.64 9.80 9.35 305176
20150309 9.60 9.58 9.63 9.38 140876
20150310 9.58 9.71 9.90 9.51 201873
20150311 9.71 9.47 9.77 9.40 169029
20150312 9.46 9.23 9.53 9.16 146994
20150313 9.29 9.36 9.41 9.19 90493
20150316 9.37 9.71 9.80 9.37 167443
20150317 9.79 9.78 9.94 9.64 219545
20150318 9.75 10.11 10.25 9.70 280412
20150319 10.24 10.08 10.50 10.00 244387
20150320 10.08 10.28 10.39 10.02 238495
20150323 10.26 10.29 10.50 10.20 267820
20150324 10.29 11.00 11.04 10.20 514624
20150325 11.15 11.02 11.28 10.67 402867
20150326 10.98 10.68 10.98 10.63 267918
20150327 10.80 11.08 11.39 10.72 247177
20150330 11.10 11.70 11.98 11.10 324885
20150331 11.80 11.76 12.15 11.50 289568
20150401 11.81 12.50 12.50 11.74 276576
20150402 12.70 12.46 12.87 12.26 286130
20150403 12.28 13.58 13.71 12.22 550089
20150407 13.50 13.79 14.10 13.33 498763
20150408 13.79 13.44 13.90 13.02 322681
20150409 13.45 13.45 13.65 12.51 358683
20150410 13.35 13.49 13.73 13.16 212017
20150413 13.40 13.60 14.08 13.32 369480
20150414 13.45 14.05 14.45 13.33 510593
20150415 14.06 13.79 14.98 13.70 399531
20150416 13.15 13.35 13.84 13.00 312390
20150417 13.45 13.99 14.10 13.01 512761
20150420 13.80 13.94 14.75 13.46 510486
20150421 13.88 14.59 14.69 13.73 560881
20150422 14.61 15.17 15.28 14.39 519352
20150423 15.18 14.71 15.75 14.70 816340
20150424 14.60 14.73 15.00 14.35 461999
20150427 14.73 14.43 14.92 14.29 465928
20150428 14.45 13.33 14.45 13.15 391884
20150429 13.40 13.67 14.05 13.19 355930
20150430 13.70 13.89 14.17 13.56 327458
20150504 14.00 14.02 14.30 13.76 273764
20150505 14.00 13.78 14.28 13.62 333747
20150506 13.79 13.50 14.23 13.30 268311
20150507 13.48 12.72 13.48 12.66 250991
20150508 12.82 13.98 13.99 12.82 346634
20150511 14.02 14.70 15.09 13.76 423137
20150512 14.70 14.39 14.71 14.21 284867
20150513 14.45 14.42 14.78 14.11 453950
20150514 14.42 14.20 14.71 14.08 271290
20150515 14.18 13.92 14.18 13.58 242670
20150518 13.90 15.10 15.11 13.67 468940
20150519 15.27 14.86 15.44 14.76 457574
20150520 14.92 14.90 15.50 14.88 438901
20150521 14.85 16.09 16.30 14.70 517844
20150522 16.10 16.18 16.32 15.63 423875
20150525 16.16 17.15 17.40 16.01 411595
20150526 17.77 18.87 18.87 17.37 323337
20150527 19.90 19.09 20.76 19.01 650846
20150528 18.95 17.18 19.00 17.18 577271
20150529 16.97 17.00 17.77 15.66 433824
20150601 17.05 18.12 18.65 17.05 388288
20150602 18.19 18.98 19.02 17.92 419224
20150603 18.99 18.38 19.39 18.11 368053
20150604 18.00 17.89 18.00 16.67 381358
20150605 17.95 17.81 18.37 17.03 374867
20150608 17.81 18.63 19.00 17.28 462777
20150609 18.64 18.87 19.50 18.50 406464
20150610 18.66 18.51 18.99 18.00 322248
20150611 18.38 19.39 19.61 18.26 447483
20150612 19.50 19.84 20.47 19.39 505362
20150615 19.87 20.39 21.20 19.84 496047
20150616 20.31 18.77 20.38 18.63 394455
20150617 18.74 18.84 19.17 17.53 289973
20150618 19.40 18.27 19.89 18.00 284684
20150619 17.65 16.70 18.10 16.44 251706
20150623 16.70 16.56 17.13 15.13 227373
20150624 16.81 16.98 17.37 16.37 237948
20150625 16.98 15.92 17.01 15.47 221358
20150626 15.30 14.33 15.35 14.33 201623
20150629 14.81 12.90 14.86 12.90 261346
20150630 12.29 13.30 13.41 11.61 331489
20150701 13.15 11.97 13.55 11.97 271892
20150702 11.66 10.77 12.11 10.77 224011
20150703 10.01 9.69 10.69 9.69 254744
20150706 10.50 8.72 10.55 8.72 346574
20150707 8.15 7.85 8.15 7.85 86282
20150728 8.64 8.64 8.64 8.64 5458
20150729 9.50 9.50 9.50 9.50 3205
20150730 10.45 10.45 10.45 10.45 13001
