20140102 8.33 8.45 8.47 8.33 17302
20140103 8.45 8.31 8.45 8.28 15011
20140106 8.24 7.91 8.28 7.80 30538
20140107 7.90 7.93 8.01 7.83 12020
20140108 7.99 7.84 8.02 7.84 14804
20140109 7.80 7.65 7.89 7.60 13234
20140110 7.59 7.63 7.67 7.57 10728
20140113 7.65 7.68 7.73 7.60 6218
20140114 7.68 7.86 7.86 7.65 10551
20140115 7.83 7.85 7.86 7.77 7279
20140116 7.82 7.87 7.90 7.82 7402
20140117 7.86 7.68 7.86 7.66 8286
20140120 7.72 7.80 7.93 7.71 12281
20140121 7.83 7.91 7.95 7.81 9003
20140122 7.88 8.06 8.07 7.88 21257
20140123 8.03 8.05 8.09 7.99 14583
20140124 8.05 8.12 8.14 8.01 15312
20140127 8.10 8.09 8.17 8.06 9980
20140128 8.08 8.20 8.29 8.03 22487
20140129 8.19 8.24 8.24 8.13 11400
20140130 8.24 8.13 8.28 8.09 8747
20140207 8.01 8.13 8.17 7.99 11680
20140210 8.13 8.38 8.39 8.10 23559
20140211 8.36 8.34 8.45 8.27 18458
20140212 8.34 8.51 8.51 8.34 30021
20140213 8.54 8.35 8.55 8.34 18513
20140214 8.32 8.51 8.51 8.32 21025
20140217 8.60 8.70 8.71 8.48 38683
20140218 8.67 8.62 8.69 8.55 23009
20140219 8.62 8.69 8.75 8.57 27749
20140220 8.74 8.76 8.97 8.73 67115
20140221 8.73 8.48 8.73 8.40 28755
20140224 8.38 8.43 8.49 8.35 25909
20140225 8.43 8.35 8.68 8.30 36056
20140226 8.27 8.47 8.47 8.21 20871
20140227 8.48 8.38 8.67 8.36 22788
20140228 8.42 9.05 9.10 8.40 78672
20140303 9.10 9.29 9.36 8.92 87864
20140304 9.14 9.06 9.20 8.85 50168
20140305 9.11 8.94 9.17 8.91 34238
20140306 8.89 8.90 8.94 8.74 30220
20140307 8.90 8.91 8.97 8.81 24071
20140310 8.86 8.45 8.93 8.42 32157
20140311 8.35 8.50 8.56 8.30 18159
20140312 8.53 8.57 8.57 8.32 16908
20140313 8.55 8.52 8.61 8.46 14262
20140314 8.51 8.58 8.67 8.46 12130
20140317 8.58 8.53 8.58 8.40 28866
20140318 8.54 8.63 8.77 8.53 37351
20140319 8.65 8.65 8.65 8.48 18648
20140320 8.65 8.51 8.79 8.50 29085
20140321 8.53 8.69 8.74 8.35 20940
20140324 8.70 8.85 8.89 8.70 35530
20140325 8.85 8.88 9.00 8.82 30849
20140326 8.92 8.90 8.92 8.76 22902
20140327 8.94 8.86 9.01 8.78 25779
20140328 8.85 9.02 9.06 8.85 56301
20140331 9.04 8.64 9.15 8.57 49178
20140401 8.58 8.70 8.70 8.45 24779
20140402 8.71 8.69 8.73 8.63 16176
20140403 8.69 8.58 8.77 8.52 19482
20140404 8.58 8.65 8.67 8.50 9951
20140408 8.63 8.78 8.79 8.56 23598
20140409 8.74 8.85 8.89 8.74 24728
20140410 8.89 8.79 8.89 8.75 21378
20140411 8.79 9.19 9.24 8.75 70459
20140414 9.20 9.49 9.86 9.20 166765
20140415 9.31 9.15 9.35 9.10 70055
20140416 9.05 9.02 9.23 9.01 46429
20140417 9.08 9.23 9.29 9.02 38879
20140418 9.21 9.14 9.21 9.05 23417
20140421 9.05 9.18 9.39 8.96 55774
20140422 9.17 9.55 9.64 9.03 93329
20140423 9.50 9.67 9.76 9.39 89782
20140424 9.65 9.30 9.82 9.15 124170
20140425 9.19 9.46 9.57 9.05 114117
20140428 9.34 9.40 9.68 9.18 127769
20140429 9.39 9.30 9.62 9.05 105637
20140430 9.35 9.98 9.98 9.18 232754
20140505 9.80 9.99 10.19 9.64 222540
20140506 10.00 9.89 10.14 9.84 113533
20140507 9.85 10.15 10.24 9.65 142789
20140508 10.10 9.58 10.16 9.52 140939
20140509 9.47 9.17 9.65 9.10 117741
20140512 9.20 9.31 9.33 9.01 73884
20140513 9.28 9.25 9.33 9.10 53386
20140514 9.00 8.78 9.00 8.66 65288
20140515 8.75 8.67 8.85 8.61 41358
20140516 8.64 8.60 8.68 8.40 45655
20140519 8.57 8.63 8.64 8.50 25679
20140520 8.69 8.47 8.71 8.45 32396
20140521 8.46 8.54 8.56 8.40 25056
20140522 8.54 8.58 8.66 8.51 34946
20140523 8.53 8.96 9.14 8.52 79261
20140526 8.90 8.92 9.24 8.81 86825
20140527 8.91 8.77 9.08 8.76 45692
20140528 8.74 8.71 8.77 8.49 54409
20140529 8.68 8.51 8.75 8.50 38259
20140530 8.52 8.53 8.58 8.45 25724
20140603 8.50 8.51 8.59 8.48 16562
20140604 8.50 8.25 8.52 8.19 43976
20140605 8.26 8.33 8.33 8.20 23434
20140606 8.33 8.26 8.33 8.21 15967
20140609 8.25 8.32 8.32 8.21 17662
20140610 8.32 8.42 8.42 8.25 22132
20140611 8.38 8.43 8.46 8.36 16078
20140612 8.40 8.40 8.43 8.32 18601
20140613 8.40 8.47 8.49 8.33 27496
20140616 8.45 8.45 8.47 8.40 18504
20140617 8.45 8.24 8.45 8.23 33401
20140618 8.22 8.11 8.29 8.09 29963
20140619 8.09 7.94 8.22 7.89 24111
20140620 8.00 8.06 8.10 7.94 14793
20140623 8.06 8.19 8.24 8.06 23541
20140624 8.20 8.29 8.47 8.15 42726
20140625 8.28 8.20 8.28 8.16 13146
20140626 8.21 8.29 8.32 8.21 21470
20140627 8.35 8.34 8.37 8.31 23376
20140630 8.32 8.32 8.35 8.28 18623
20140701 8.33 8.31 8.35 8.28 20009
20140702 8.31 8.37 8.37 8.30 20658
20140703 8.37 8.43 8.44 8.32 22034
20140704 8.42 8.39 8.46 8.37 20903
20140707 8.41 8.50 8.52 8.36 30655
20140708 8.51 8.51 8.54 8.43 25294
20140709 8.51 8.31 8.53 8.30 28899
20140710 8.26 8.28 8.35 8.24 24237
20140711 8.32 8.39 8.42 8.28 22655
20140714 8.43 8.48 8.49 8.37 29626
20140715 8.46 8.57 8.61 8.45 40875
20140716 8.57 8.49 8.59 8.46 27405
20140717 8.47 8.59 8.65 8.46 43011
20140718 8.55 8.70 8.84 8.53 53598
20140721 8.71 8.71 8.85 8.66 52119
20140722 8.71 8.80 8.88 8.64 40976
20140723 8.79 8.68 8.81 8.63 30714
20140724 8.63 8.70 8.73 8.53 34745
20140725 8.70 8.79 8.83 8.64 27954
20140728 8.82 8.90 8.93 8.78 55889
20140729 8.90 8.85 8.93 8.83 39363
20140730 8.83 8.84 8.87 8.76 39906
20140731 8.84 8.89 8.91 8.80 33827
20140801 8.87 8.74 8.94 8.74 40480
20140804 8.74 8.88 8.90 8.74 36237
20140805 8.88 9.00 9.00 8.83 44311
20140806 9.00 9.04 9.09 8.93 38379
20140807 9.02 8.84 9.02 8.83 35163
20140808 8.85 8.93 8.95 8.82 33514
20140811 8.92 9.27 9.27 8.91 76454
20140812 9.18 9.30 9.38 9.15 58325
20140813 9.30 9.28 9.30 9.13 37152
20140814 9.21 9.11 9.32 9.10 38409
20140815 9.08 9.35 9.35 9.08 35815
20140818 9.40 9.46 9.46 9.31 49935
20140819 9.47 9.53 9.85 9.44 82059
20140820 9.53 9.55 9.75 9.48 41577
20140821 9.50 9.62 9.65 9.34 43788
20140822 9.61 9.65 9.69 9.54 31860
20140825 9.68 9.53 9.68 9.50 22600
20140826 9.50 9.25 9.59 9.21 46324
20140827 9.25 9.35 9.46 9.25 34069
20140828 9.34 9.36 9.47 9.28 25602
20140829 9.35 9.44 9.45 9.31 20417
20140901 9.44 9.70 9.75 9.44 49725
20140902 9.75 9.88 9.98 9.75 71307
20140903 10.00 9.96 10.19 9.88 75092
20140904 10.00 10.01 10.05 9.92 40586
20140905 10.01 10.02 10.10 9.90 37335
20140909 10.08 10.01 10.09 9.95 34743
20140910 10.01 9.96 10.01 9.84 34319
20140911 9.98 9.98 10.18 9.89 51725
20140912 9.98 10.12 10.18 9.90 46388
20140915 10.13 10.30 10.30 10.08 46939
20140916 10.30 9.83 10.38 9.82 47834
20140917 9.85 9.90 9.95 9.75 35552
20140918 9.91 9.90 10.00 9.83 29796
20140919 9.89 10.03 10.10 9.89 27628
20140922 10.01 9.88 10.07 9.84 28039
20140923 9.85 10.04 10.05 9.84 31477
20140924 10.00 10.15 10.19 9.97 37240
20140925 10.19 10.06 10.24 10.04 32245
20140926 10.04 10.30 10.30 10.00 41654
20140929 10.31 10.48 10.57 10.31 36212
20140930 10.48 10.59 10.60 10.38 29880
20141008 10.59 10.53 10.68 10.39 35849
20141009 10.54 10.93 11.12 10.32 92776
20141010 10.71 10.78 10.90 10.60 54072
20141013 10.71 10.64 10.72 10.45 34221
20141014 10.63 10.75 10.87 10.55 34174
20141015 10.75 10.91 10.97 10.55 47581
20141016 10.85 10.92 11.35 10.78 81254
20141017 10.92 11.14 11.17 10.45 56455
20141020 11.20 11.31 11.33 11.04 50063
20141021 11.33 10.96 11.35 10.91 50955
20141022 10.93 10.72 11.08 10.70 35380
20141023 10.68 10.41 10.79 10.38 32387
20141024 10.40 10.47 10.65 10.40 27234
20141027 10.51 10.74 10.80 10.51 33817
20141028 10.89 11.22 11.34 10.88 58183
20141029 11.28 11.32 11.44 11.13 54935
20141030 11.30 11.68 11.96 11.22 77990
20141031 11.69 11.63 11.75 11.41 41563
20141103 11.60 11.68 11.86 11.50 42747
20141104 11.71 11.37 11.72 11.35 31289
20141105 11.32 11.62 11.75 11.30 35054
20141106 11.62 11.72 11.76 11.52 21326
20141107 11.72 11.55 11.90 11.49 36342
20141110 11.50 11.52 11.66 11.36 30840
20141111 11.55 11.01 11.58 10.97 56704
20141112 11.05 11.26 11.29 11.00 30097
20141113 11.27 11.34 11.53 11.03 38609
20141114 11.35 11.20 11.35 11.14 16497
20141117 11.16 11.25 11.33 11.10 24653
20141118 11.26 11.30 11.36 11.16 22507
20141119 11.25 11.40 11.44 11.21 25705
20141120 11.35 11.58 11.63 11.33 38039
20141121 11.63 11.59 11.63 11.47 23114
20141124 11.63 11.71 11.85 11.54 47939
20141125 11.80 12.14 12.25 11.75 64863
20141126 12.15 12.00 12.23 11.90 48783
20141127 12.00 12.15 12.19 11.90 45715
20141128 12.15 12.48 12.80 12.05 89247
20141201 13.03 13.73 13.73 13.01 138236
20141202 13.75 13.91 14.55 13.60 136653
20141203 13.86 13.54 13.86 13.28 87705
20141204 13.55 13.57 13.69 13.38 61489
20141205 13.54 12.73 13.80 12.40 84230
20141208 12.62 13.04 13.32 12.38 73425
20141209 13.60 13.11 14.03 13.10 126975
20141210 13.00 13.29 13.48 12.45 63396
20141211 13.29 13.41 13.65 13.03 61890
20141212 13.54 13.80 13.80 13.26 60988
20141215 14.04 13.80 14.04 13.65 54232
20141216 13.76 13.39 13.76 13.23 57771
20141217 13.36 13.28 13.36 13.10 37318
20141218 13.26 13.19 13.54 13.18 38413
20141219 13.01 12.95 13.34 12.71 43058
20141222 12.95 12.15 12.95 12.04 55531
20141223 12.06 12.19 12.48 12.05 29665
20141224 12.21 12.50 12.58 12.21 21953
20141225 12.88 12.70 12.88 12.53 19914
20141226 12.71 12.71 12.75 12.56 20564
20141229 12.68 13.00 13.17 12.68 32555
20141230 13.10 12.98 13.48 12.81 31128
20141231 12.90 12.56 12.98 12.40 42641
20150105 12.56 12.46 12.56 12.20 41510
20150106 12.44 12.76 12.80 12.23 44901
20150107 12.74 12.67 12.80 12.52 23640
20150108 12.67 12.37 12.70 12.36 22159
20150109 12.37 12.32 12.57 12.29 25426
20150112 12.36 12.16 12.40 12.11 22623
20150113 12.17 12.28 12.34 12.10 13515
20150114 12.31 12.28 12.60 12.15 22368
20150115 12.38 12.47 12.55 12.32 14050
20150116 12.48 12.73 12.73 12.40 20054
20150119 12.45 11.92 12.56 11.91 30085
20150120 11.93 12.79 12.79 11.93 35050
20150121 12.77 13.05 13.30 12.70 49982
20150122 13.04 13.28 13.47 12.94 49118
20150123 13.27 13.13 13.46 13.10 36185
20150126 13.10 13.56 13.70 13.10 40248
20150127 13.56 13.55 13.69 13.31 32652
20150128 13.53 13.23 13.53 13.20 30687
20150129 13.19 13.26 13.34 13.10 18660
20150130 13.28 13.36 13.54 13.28 28137
20150202 13.29 13.35 13.48 13.23 21176
20150203 13.32 13.46 13.65 13.32 20235
20150204 13.50 13.42 13.58 13.38 23981
20150205 13.45 13.37 13.50 13.33 38339
20150206 13.36 13.27 13.48 13.25 27895
20150209 13.13 12.93 13.35 12.90 20050
20150210 12.96 12.97 13.12 12.82 11064
20150211 12.99 13.38 13.45 12.99 16037
20150212 13.38 13.49 13.50 13.33 15558
20150213 13.51 13.47 13.62 13.39 20798
20150216 13.44 13.85 13.85 13.36 34734
20150217 13.78 13.96 14.00 13.68 30531
20150225 13.95 13.67 13.95 13.61 25332
20150226 13.61 13.73 13.73 13.50 18083
20150227 13.72 13.60 13.78 13.55 19971
20150302 13.65 13.80 13.84 13.57 37763
20150303 13.83 13.57 13.84 13.55 28713
20150304 13.54 13.66 13.74 13.50 18324
20150305 13.66 13.60 13.69 13.50 23203
20150306 13.61 14.96 14.96 13.61 111040
20150309 15.15 14.98 15.27 14.67 117223
20150310 14.85 15.74 15.90 14.71 116938
20150311 15.49 15.51 15.83 15.35 60918
20150312 15.51 14.94 15.74 14.75 55868
20150313 14.98 15.07 15.25 14.81 38056
20150316 15.25 15.23 15.40 15.05 54830
20150317 15.30 15.65 16.22 15.12 71790
20150318 15.45 16.03 16.25 15.38 60570
20150319 16.00 16.14 16.24 15.57 56952
20150320 16.08 16.05 16.30 15.93 48012
20150323 16.05 16.10 16.18 15.82 54052
20150324 16.15 16.18 16.85 15.56 69870
20150325 16.18 16.18 16.40 15.80 60309
20150326 16.18 15.86 16.24 15.82 46080
20150327 15.83 15.75 16.00 15.64 36658
20150330 15.79 15.93 16.04 15.57 41298
20150331 15.93 15.70 16.04 15.63 42223
20150401 15.72 16.18 16.19 15.60 58693
20150402 16.31 16.36 16.39 16.07 59462
20150403 16.32 16.98 17.12 16.20 79875
20150407 17.01 17.03 17.10 16.64 73761
20150408 16.96 16.64 16.96 16.22 52611
20150409 16.64 15.81 16.66 15.57 82102
20150410 15.70 16.34 16.39 15.66 55294
20150413 16.30 16.68 16.85 16.20 64841
20150414 16.67 16.40 16.73 16.27 51412
20150415 16.42 15.81 16.57 15.70 44516
20150416 15.80 15.89 16.00 15.40 47413
20150417 15.95 15.95 16.10 15.80 50020
20150420 15.85 15.87 16.50 15.75 67177
20150421 15.90 16.39 16.39 15.75 56454
20150422 16.45 16.79 16.89 16.45 80544
20150423 16.85 17.15 17.15 16.58 85099
20150424 16.86 17.83 18.17 16.70 118471
20150427 17.95 17.63 18.19 17.30 81282
20150428 17.63 16.80 17.66 16.61 63878
20150429 16.18 17.23 17.30 16.18 50494
20150430 17.20 18.00 18.18 17.10 94022
20150504 18.30 19.80 19.80 18.30 96429
20150505 20.97 19.28 21.29 19.20 151576
20150506 19.14 19.47 20.33 18.98 97523
20150507 19.47 18.10 19.47 17.52 66237
20150508 18.30 18.73 18.87 18.10 58320
20150511 18.94 19.37 19.60 18.83 89526
20150512 19.50 19.87 20.18 19.21 101532
20150513 19.94 19.82 19.99 19.23 77321
20150514 19.82 20.33 20.40 19.53 105007
20150515 20.34 21.33 21.78 20.03 150741
20150518 20.90 21.15 21.42 20.52 93811
20150519 21.15 22.61 22.93 20.97 125921
20150520 23.48 22.02 24.30 21.88 198833
20150521 22.00 22.31 23.09 21.17 123424
20150522 22.00 22.30 22.50 21.10 108760
20150525 21.90 22.47 22.85 21.56 133413
20150526 22.52 23.47 23.58 22.05 176009
20150527 23.50 23.66 23.74 22.71 154672
20150528 23.40 21.56 24.30 21.45 154279
20150529 21.60 20.82 21.97 20.20 109905
20150601 21.39 22.90 22.90 21.37 105049
20150602 23.80 24.34 24.40 23.15 193200
20150603 24.35 23.51 24.50 23.03 122653
20150604 23.30 23.19 23.93 21.16 136195
20150605 23.78 25.51 25.51 23.40 213076
20150608 26.00 28.05 28.05 26.00 219255
20150609 27.00 27.94 29.71 26.26 233452
20150610 27.31 27.58 28.80 26.71 157604
20150611 27.33 28.39 28.80 27.03 137540
20150612 28.59 28.37 29.80 28.10 134427
20150615 28.20 26.76 28.50 26.72 132531
20150616 27.00 26.53 27.48 26.00 92953
20150617 26.80 26.12 26.81 24.50 112260
20150618 26.14 24.85 26.95 24.70 96376
20150619 24.54 22.37 24.54 22.37 88392
20150623 22.37 22.29 22.89 20.15 103025
20150624 22.51 23.35 23.59 22.30 116803
20150625 23.35 21.80 23.37 21.51 92279
20150626 20.99 19.62 21.40 19.62 75070
20150629 20.00 17.66 20.35 17.66 113742
20150630 17.62 18.70 18.72 15.89 132589
20150701 18.68 17.10 19.24 16.89 93974
20150702 17.18 15.39 17.59 15.39 113367
20150703 14.91 13.85 15.49 13.85 124868
20150706 15.24 13.05 15.24 12.52 134191
20150707 12.52 11.75 12.90 11.75 132382
20150708 10.58 11.34 12.09 10.58 232700
20150709 10.95 12.47 12.47 10.84 110310
20150710 13.49 13.72 13.72 13.10 58743
20150713 15.09 15.09 15.09 14.65 106792
20150714 15.55 15.80 16.59 15.16 209821
20150715 15.10 14.22 15.40 14.22 117208
20150716 14.22 14.93 15.29 13.36 95100
20150717 14.98 15.95 16.20 14.98 102451
20150720 15.97 16.01 16.50 15.53 118079
20150721 15.59 16.29 16.45 15.38 103919
20150722 16.19 16.57 16.66 15.74 93113
20150723 16.49 17.20 17.26 16.35 123297
20150724 17.05 16.78 17.89 16.62 120211
20150727 16.78 16.89 18.46 16.50 255810
20150728 15.60 17.65 17.80 15.20 192991
20150729 18.01 18.80 18.80 16.71 158056
20150730 18.50 17.27 18.79 17.00 132855
