20140102 36.70 36.81 36.95 36.49 26957
20140103 36.63 34.90 36.64 34.80 72033
20140106 35.11 33.85 35.34 33.52 45826
20140107 33.68 33.70 34.26 33.35 27599
20140108 33.82 34.04 34.35 33.42 27085
20140109 34.08 34.00 34.97 33.96 29442
20140110 33.70 32.90 33.73 32.77 28959
20140113 32.97 33.23 33.59 32.86 19466
20140114 33.36 33.99 33.99 33.01 22451
20140115 33.98 34.65 34.67 33.75 27495
20140116 34.66 34.26 34.78 34.08 21770
20140117 34.00 34.10 34.50 33.65 17126
20140120 34.25 33.70 34.94 33.50 21724
20140121 34.01 34.96 35.13 33.89 36708
20140122 35.01 35.51 35.86 35.01 35396
20140123 35.80 35.51 35.90 35.43 30949
20140124 35.42 35.76 36.07 35.28 25707
20140127 35.42 35.00 35.68 34.87 25612
20140128 34.90 34.95 35.34 34.65 17591
20140129 34.99 35.56 35.57 34.95 15744
20140130 35.70 35.00 35.70 34.88 14731
20140207 34.50 35.97 36.19 34.38 24196
20140210 36.30 36.57 36.85 35.79 36671
20140211 36.50 36.09 36.68 35.84 30737
20140212 36.07 37.84 38.25 35.88 59421
20140213 37.65 36.48 37.65 36.42 36878
20140214 36.45 36.97 37.17 36.06 25580
20140217 37.18 37.36 37.79 37.18 25180
20140218 37.45 36.99 37.65 36.79 24925
20140219 36.80 37.19 37.75 36.51 28214
20140220 36.97 35.99 37.24 35.91 27320
20140221 35.90 35.50 36.20 35.31 21711
20140224 35.18 34.96 35.54 34.80 21557
20140225 35.05 33.30 35.28 33.02 36622
20140226 33.26 32.65 33.26 32.23 45859
20140227 32.70 32.75 34.05 32.68 33490
20140228 33.00 33.51 33.60 32.71 17668
20140303 33.20 33.95 34.17 33.20 18529
20140304 33.66 33.40 33.84 32.90 16152
20140305 33.88 33.40 34.00 33.38 13257
20140306 33.30 32.85 33.30 32.62 15321
20140307 32.94 33.33 33.80 32.94 15509
20140310 33.00 31.85 33.00 31.80 18647
20140311 31.82 31.46 31.94 31.21 28004
20140312 31.36 31.65 31.75 30.97 16152
20140313 31.69 31.80 32.08 31.51 14778
20140314 31.70 31.73 31.92 31.50 10314
20140317 31.73 32.26 32.28 31.67 13573
20140318 32.40 32.96 33.65 32.40 24374
20140319 32.85 32.90 32.94 32.41 13520
20140320 32.89 32.50 33.20 32.50 11749
20140321 32.35 33.25 33.29 31.79 17894
20140324 33.30 33.35 33.88 33.13 21135
20140325 33.00 31.89 33.00 31.69 33286
20140326 31.93 31.81 32.10 31.69 15450
20140327 31.79 31.54 32.10 31.54 13060
20140328 31.22 30.91 31.60 30.90 16533
20140331 30.94 30.94 31.18 30.72 8059
20140401 30.93 31.56 31.61 30.90 10342
20140402 31.58 31.30 31.75 31.00 11332
20140403 31.31 30.81 31.47 30.75 14399
20140404 30.85 31.17 31.27 30.76 9000
20140408 31.27 31.54 31.64 31.06 15182
20140409 31.59 31.64 31.74 31.53 13464
20140410 31.57 31.77 31.99 31.55 14379
20140411 31.70 31.51 31.70 31.25 12967
20140414 31.48 31.70 31.73 31.35 9713
20140415 31.68 31.75 31.89 31.34 12499
20140416 31.70 31.59 31.74 31.35 8646
20140417 31.62 32.06 32.38 31.60 19718
20140418 31.99 32.17 32.22 31.81 9959
20140421 32.01 31.44 32.01 31.33 16020
20140422 31.42 31.23 31.58 31.03 11309
20140423 31.38 31.29 31.57 31.23 5651
20140424 31.29 30.92 31.30 30.77 7611
20140425 30.91 29.95 30.92 29.95 18496
20140428 29.92 28.37 29.99 28.37 15142
20140429 28.41 28.81 28.86 28.40 9360
20140430 28.81 29.25 29.29 28.69 8341
20140505 29.25 29.58 29.58 29.15 6391
20140506 29.73 29.73 29.95 29.56 8011
20140507 29.68 29.24 29.77 29.15 7746
20140508 29.24 29.10 29.73 29.03 9117
20140509 21.79 21.26 22.00 21.19 12287
20140512 21.55 21.64 21.76 21.27 10454
20140513 21.72 21.61 21.91 21.56 7494
20140514 21.57 21.50 21.61 21.40 8708
20140515 21.41 21.78 22.23 21.30 24494
20140516 21.59 21.28 21.71 21.23 12656
20140519 21.27 21.06 21.34 20.96 8344
20140520 21.30 21.16 21.46 21.01 6746
20140521 21.29 21.42 21.44 21.01 7594
20140522 21.45 21.24 21.72 21.22 9062
20140523 21.34 21.47 21.50 21.15 7287
20140526 21.47 21.60 21.67 21.27 11822
20140527 21.58 21.42 21.59 21.40 9594
20140528 21.48 21.49 21.59 21.21 14453
20140529 21.48 21.26 21.62 21.26 13684
20140530 21.26 20.61 21.35 20.53 22830
20140603 20.74 20.62 20.77 20.60 9254
20140604 20.61 20.57 20.73 20.44 9668
20140605 20.20 20.53 20.59 20.19 14645
20140606 20.58 20.41 20.65 20.28 9560
20140609 20.41 20.28 20.41 20.13 11093
20140610 20.36 21.01 21.06 20.36 23116
20140611 21.10 20.95 21.11 20.80 11568
20140612 20.95 20.77 20.95 20.71 10846
20140613 20.77 21.13 21.17 20.67 18078
20140616 21.13 21.12 21.23 21.02 13389
20140617 21.12 20.87 21.17 20.76 12117
20140618 20.87 20.27 20.87 20.25 17711
20140619 20.33 19.69 20.38 19.59 15282
20140620 19.69 19.93 19.98 19.63 8931
20140623 19.90 19.94 20.08 19.85 8812
20140624 19.94 20.29 20.36 19.87 11513
20140625 20.28 20.09 20.28 19.97 7834
20140626 20.07 20.30 20.38 20.06 13520
20140627 20.38 20.55 20.65 20.21 15521
20140630 20.58 20.50 20.69 20.38 11482
20140701 20.61 21.03 21.07 20.45 27029
20140702 21.00 21.02 21.06 20.70 19280
20140703 21.02 21.25 21.35 20.85 20380
20140704 21.35 21.10 21.35 21.00 14767
20140707 21.11 21.21 21.24 20.90 15585
20140708 21.18 21.25 21.25 20.96 15832
20140709 21.20 20.94 21.44 20.90 20714
20140710 20.95 21.10 21.15 20.82 15280
20140711 21.03 21.45 21.50 20.98 17951
20140714 21.48 22.19 22.27 21.45 29445
20140715 22.10 22.13 22.38 21.80 21698
20140716 22.13 21.95 22.33 21.90 14034
20140717 21.83 21.84 22.09 21.61 12638
20140718 21.78 21.84 21.99 21.78 7798
20140721 21.83 21.45 21.85 21.27 12585
20140722 21.29 21.80 21.84 21.29 13166
20140723 21.82 22.36 22.37 21.52 27095
20140724 22.29 22.11 22.47 21.75 17070
20140725 22.20 22.13 22.24 22.03 11049
20140728 22.20 22.61 22.64 22.20 21029
20140729 22.75 23.12 23.38 22.63 40210
20140730 23.11 23.14 23.20 22.85 24743
20140731 23.15 24.26 24.35 23.15 56456
20140801 24.42 25.43 26.25 24.42 112730
20140804 25.43 25.85 25.99 25.11 61092
20140805 25.68 25.61 25.81 25.32 38773
20140806 25.71 26.12 26.57 25.61 57910
20140807 26.12 25.14 26.28 25.11 48138
20140808 25.27 25.27 25.40 24.81 29381
20140811 25.33 25.81 26.06 25.05 35688
20140812 25.86 25.88 26.00 25.51 30118
20140813 25.84 25.50 25.84 25.25 21428
20140814 25.48 24.69 25.48 24.65 37362
20140815 24.69 24.91 25.02 24.69 17348
20140818 24.95 25.46 25.47 24.95 22153
20140819 25.55 25.54 25.74 25.19 24323
20140820 25.58 25.35 25.72 25.24 22194
20140821 25.34 25.31 25.55 25.01 17472
20140822 25.35 25.41 25.45 25.05 16375
20140825 25.43 25.73 25.88 25.41 29475
20140826 25.70 24.71 25.70 24.58 33450
20140827 24.82 24.53 24.95 24.44 17208
20140828 24.52 24.09 24.55 23.90 24208
20140829 24.05 24.32 24.34 23.97 10304
20140901 24.33 24.74 24.75 24.25 13738
20140902 24.84 24.93 24.93 24.72 22704
20140903 24.98 24.91 24.99 24.48 45176
20140904 24.71 25.23 25.27 24.70 30715
20140905 25.38 25.19 25.40 24.98 18791
20140909 25.19 25.00 25.19 24.86 21230
20140910 24.86 25.67 25.77 24.77 45666
20140911 25.55 25.91 25.97 25.47 55512
20140912 26.08 26.88 26.88 26.02 67401
20140915 27.03 26.78 27.05 26.41 48021
20140916 26.75 25.51 26.75 25.51 52142
20140917 25.50 25.60 25.69 25.12 18895
20140918 25.54 25.60 25.66 25.23 16895
20140919 25.58 26.66 26.88 25.50 45385
20140922 26.74 26.93 27.35 26.50 48097
20140923 26.74 27.71 27.90 26.64 52774
20140924 27.72 27.77 27.98 27.40 33103
20140925 27.90 27.52 28.00 27.45 25560
20140926 27.45 27.87 28.00 27.30 33795
20140929 28.00 28.11 28.11 27.68 29882
20140930 28.18 27.44 28.58 27.38 37654
20141008 27.47 27.61 27.65 27.30 21702
20141009 27.52 28.68 28.68 26.81 50851
20141010 28.30 29.20 29.25 28.20 53559
20141013 28.90 28.83 29.12 28.50 18880
20141014 28.85 29.00 29.18 28.30 23144
20141015 28.99 29.22 29.29 28.66 21699
20141017 29.00 30.73 31.00 28.42 42262
20141020 30.70 32.07 32.15 30.38 52811
20141021 32.00 31.60 32.15 31.20 24019
20141022 31.60 32.05 32.50 31.21 20876
20141023 31.88 31.55 31.88 30.05 32171
20141024 31.10 31.40 32.00 30.73 17670
20141027 31.11 31.75 32.09 31.11 12827
20141028 31.60 32.98 33.11 31.60 33344
20141029 33.12 33.03 33.33 32.50 18711
20141030 32.97 32.53 33.59 32.45 16823
20141031 32.69 31.80 32.95 31.72 24413
20141103 31.90 31.31 31.90 31.30 21424
20141104 31.28 31.62 31.95 30.91 30186
20141105 31.61 31.17 31.62 31.08 15214
20141106 31.27 32.54 32.58 31.20 29196
20141107 32.54 31.74 32.59 31.59 17830
20141110 31.59 31.15 31.89 31.00 18864
20141111 31.30 30.39 31.48 29.60 35170
20141112 30.03 31.07 31.18 30.02 23280
20141113 31.06 31.24 32.14 30.71 28691
20141114 31.03 30.42 31.32 30.20 12934
20141117 30.42 31.40 31.61 30.23 13863
20141118 31.11 31.88 31.97 31.11 17106
20141119 31.67 32.06 32.35 31.65 14383
20141120 31.99 33.18 33.51 31.89 36636
20141121 33.00 33.24 33.43 32.38 23640
20141124 33.26 32.90 33.32 32.60 22920
20141125 32.75 32.99 33.17 32.61 14447
20141126 32.95 32.77 33.28 32.65 15535
20141127 32.83 34.39 34.49 32.77 34238
20141128 34.39 34.61 34.85 34.00 24505
20141201 34.20 34.30 34.68 33.18 20758
20141202 34.00 34.60 34.80 33.88 15249
20141203 34.64 34.78 34.79 33.80 23988
20141204 34.78 34.98 35.40 34.34 14766
20141205 35.00 34.00 35.20 33.01 36035
20141208 33.25 33.55 33.88 32.47 43700
20141209 33.13 33.23 33.47 32.40 29238
20141210 36.55 36.55 36.55 35.02 80462
20141211 37.90 40.00 40.21 37.00 79794
20141212 39.00 39.04 40.00 38.36 47040
20141215 39.00 39.41 39.86 37.80 43921
20141216 39.00 38.59 39.09 38.10 36638
20141217 37.60 37.50 38.39 37.04 36639
20141218 37.39 37.34 38.20 37.11 22537
20141219 37.65 37.60 37.87 36.51 27239
20141222 37.68 37.15 37.69 35.88 26815
20141223 37.28 37.80 38.18 36.71 28301
20141224 37.87 41.58 41.58 37.87 89039
20141225 42.48 41.43 44.00 40.37 90865
20141226 40.45 40.60 41.58 39.90 46732
20141229 40.29 40.60 40.60 39.05 35078
20141230 40.00 39.15 40.00 37.56 81315
20141231 37.95 38.95 38.99 37.51 47322
20150105 38.70 37.29 38.70 36.79 56280
20150106 36.80 36.30 36.80 35.68 71072
20150107 36.30 37.09 37.50 35.85 52156
20150108 37.00 36.87 37.45 36.15 34714
20150109 36.70 36.77 37.57 36.50 34215
20150112 36.78 35.38 36.98 35.16 35369
20150113 35.35 36.40 36.55 35.26 33758
20150114 36.35 37.15 37.46 35.71 44129
20150115 36.97 37.17 38.40 36.83 48496
20150116 37.17 37.49 37.67 36.50 27609
20150119 36.79 37.00 38.80 36.00 53653
20150120 37.10 39.26 39.30 37.10 59926
20150121 39.32 39.49 39.96 38.81 61327
20150122 39.47 39.68 39.88 38.80 44517
20150123 39.68 39.19 40.29 39.01 40074
20150126 39.15 39.28 39.47 38.51 29415
20150127 39.31 40.25 40.27 39.03 62381
20150128 40.00 38.89 40.02 38.83 46652
20150129 38.02 36.92 38.48 36.85 54349
20150130 36.94 36.45 37.35 36.34 35354
20150202 36.98 35.75 36.98 35.26 62178
20150203 37.20 38.38 39.30 37.20 85161
20150204 38.01 39.23 39.57 37.98 62944
20150205 39.23 38.70 39.74 38.70 40240
20150206 38.63 37.19 39.30 37.01 37563
20150209 37.00 37.75 37.88 36.81 17980
20150210 37.04 38.23 38.28 37.04 12429
20150211 38.35 39.23 39.35 38.35 26566
20150212 39.14 39.26 39.27 38.50 21214
20150213 39.26 39.91 40.23 39.26 37618
20150216 39.90 39.90 40.13 39.50 18996
20150217 40.01 40.00 40.58 40.00 24767
20150225 39.99 39.10 40.00 39.10 15282
20150226 39.09 39.49 39.61 39.02 14783
20150227 39.42 39.92 39.95 39.11 20560
20150302 40.01 40.10 40.20 39.71 27520
20150303 40.00 41.47 42.33 39.71 45833
20150304 41.02 44.18 44.97 41.02 69927
20150305 46.00 43.90 46.18 43.01 41707
20150306 44.00 43.08 44.18 41.95 43235
20150309 42.50 44.40 44.87 41.70 26960
20150310 44.42 44.46 44.66 43.51 21222
20150311 44.44 43.09 44.45 42.78 19965
20150312 43.09 42.68 43.87 42.09 17288
20150313 42.66 43.42 43.60 42.32 13626
20150316 43.63 44.74 45.17 43.50 28474
20150317 44.51 44.91 46.05 44.40 28064
20150318 45.00 49.20 49.39 44.89 55224
20150319 49.23 48.80 51.00 48.20 32274
20150320 48.80 49.69 50.24 48.20 31863
20150323 49.70 51.40 51.85 49.51 32261
20150324 51.50 50.30 51.50 48.40 40543
20150325 50.00 51.39 51.80 48.70 31615
20150326 50.40 49.56 50.60 48.50 24682
20150327 49.54 50.97 51.50 48.88 25831
20150330 51.28 51.49 53.60 50.26 35625
20150331 51.56 50.03 51.66 49.50 37727
20150401 50.16 50.20 51.00 49.00 49096
20150402 50.61 52.92 53.30 49.92 71585
20150403 52.76 54.78 55.00 52.22 55234
20150407 55.27 57.90 58.00 54.01 51608
20150408 57.91 62.02 62.88 55.56 72980
20150409 62.35 60.20 62.35 56.00 49128
20150410 59.50 63.15 64.30 58.92 50631
20150413 62.95 64.05 66.18 61.52 39270
20150414 64.00 60.05 64.00 59.99 56303
20150415 59.50 54.90 59.50 54.10 38950
20150416 54.45 55.30 57.00 52.45 46577
20150417 56.00 54.87 56.97 53.70 43057
20150420 54.88 52.39 54.89 52.33 42772
20150421 52.41 56.84 57.05 52.41 46149
20150422 57.70 59.79 60.80 56.00 58032
20150423 60.10 58.75 61.00 58.55 36486
20150424 58.75 60.08 60.99 57.77 49936
20150427 60.50 62.26 65.16 60.50 53849
20150428 62.28 57.30 62.78 56.03 69455
20150429 56.60 57.68 58.38 56.06 28037
20150430 57.80 56.75 58.36 56.51 37296
20150504 28.13 26.56 28.38 26.50 82455
20150505 26.58 26.63 27.49 26.57 73600
20150506 27.08 26.15 27.25 25.80 53470
20150507 26.16 25.55 26.17 25.00 65857
20150508 25.62 27.35 27.55 25.62 77144
20150511 27.49 28.87 29.00 27.47 106371
20150512 29.00 29.13 29.21 28.03 88865
20150513 29.40 30.06 30.82 29.40 134535
20150514 30.20 30.44 31.15 29.21 106901
20150515 30.30 29.47 30.30 29.21 89796
20150518 29.00 30.28 30.30 28.48 102566
20150519 30.47 30.45 31.05 29.76 137244
20150520 30.35 31.85 32.50 30.00 171064
20150521 32.70 35.04 35.04 32.70 197068
20150522 37.10 34.98 37.41 34.00 239830
20150525 34.40 35.00 35.99 33.25 168159
20150526 35.00 35.65 36.00 34.56 151564
20150527 35.65 36.33 36.98 35.46 172245
20150528 36.36 32.70 36.36 32.70 169630
20150529 32.48 32.00 33.30 29.43 129206
20150601 31.90 33.33 33.39 31.90 101128
20150602 34.00 34.88 34.95 33.39 117585
20150603 34.88 33.76 34.92 33.00 106237
20150604 33.48 32.20 33.48 30.70 111335
20150605 32.60 32.81 33.31 32.22 90999
20150608 32.88 32.59 33.00 31.60 80451
20150609 32.42 33.34 33.60 31.71 92875
20150610 33.28 35.45 36.30 32.70 179144
20150611 35.45 38.35 38.99 35.35 202825
20150612 38.36 38.25 39.06 37.20 168144
20150615 38.23 35.24 38.23 35.10 162428
20150616 34.70 35.23 36.70 33.35 101217
20150617 35.00 35.55 35.98 33.86 77909
20150618 35.55 33.59 36.10 33.35 74450
20150626 30.23 30.23 30.23 30.23 15230
20150629 29.46 27.21 29.46 27.21 108842
20150630 25.00 28.75 29.15 24.49 119233
20150701 28.00 25.88 28.90 25.88 100095
20150702 26.15 23.29 26.15 23.29 79114
20150703 22.31 20.96 23.00 20.96 98616
20150706 23.06 21.70 23.06 19.22 124873
20150707 21.00 19.53 21.64 19.53 86854
20150708 17.58 19.34 19.88 17.58 295747
20150709 19.35 21.27 21.27 19.35 106319
20150710 23.18 23.40 23.40 22.39 41421
20150713 25.08 25.74 25.74 24.70 92880
20150714 26.50 26.03 27.98 25.88 137518
20150715 25.34 23.44 26.40 23.44 89446
20150716 23.44 24.58 25.50 21.89 94182
20150717 24.82 26.66 26.80 24.80 67963
20150720 26.80 27.50 28.26 26.52 97833
20150721 27.00 27.20 27.52 26.60 63205
20150722 27.22 26.86 27.68 25.90 83117
20150723 26.54 28.61 29.00 26.54 107446
20150724 28.60 27.79 29.37 27.61 90818
20150727 27.20 25.01 27.58 25.01 88178
20150728 24.40 25.34 26.26 22.52 124233
20150729 25.20 26.30 26.30 24.83 60361
20150730 26.61 25.38 27.19 25.28 60684
