20140102 5.20 5.20 5.21 5.16 45166
20140103 5.18 5.15 5.20 5.11 70525
20140106 5.14 5.04 5.15 5.02 95496
20140107 5.01 5.04 5.06 5.00 42159
20140108 5.04 5.02 5.08 5.00 52980
20140109 5.02 4.88 5.03 4.87 81624
20140110 4.86 4.70 4.88 4.66 99817
20140113 4.70 4.70 4.77 4.67 67685
20140114 4.68 4.78 4.78 4.67 60189
20140115 4.76 4.73 4.77 4.69 58652
20140116 4.73 4.73 4.76 4.71 53682
20140117 4.73 4.66 4.73 4.64 56340
20140120 4.63 4.64 4.67 4.62 44073
20140121 4.64 4.69 4.70 4.64 42237
20140122 4.70 4.86 4.87 4.69 93107
20140123 4.85 4.85 4.93 4.84 71417
20140124 4.85 4.95 4.95 4.82 82081
20140127 4.93 4.88 4.95 4.88 54624
20140128 4.89 4.86 4.94 4.85 41189
20140129 4.87 4.88 4.90 4.86 35345
20140130 4.89 4.87 4.89 4.85 23184
20140207 4.86 4.93 4.93 4.80 39064
20140210 4.92 5.04 5.05 4.91 89199
20140211 5.06 5.02 5.07 5.00 89680
20140212 5.02 5.13 5.16 5.02 109914
20140213 5.16 5.05 5.16 5.04 101272
20140214 5.03 5.11 5.13 5.03 91876
20140217 5.13 5.22 5.22 5.10 152258
20140218 5.23 5.31 5.37 5.19 214821
20140219 5.30 5.28 5.34 5.23 125166
20140220 5.28 5.24 5.35 5.16 145180
20140221 5.29 5.21 5.29 5.15 99872
20140224 5.16 5.09 5.17 5.05 102934
20140225 5.08 4.96 5.16 4.94 104836
20140226 4.96 4.97 4.97 4.86 79417
20140227 4.95 4.90 5.04 4.90 71495
20140228 4.90 4.93 4.94 4.83 64297
20140303 4.90 5.03 5.04 4.87 72981
20140304 4.98 5.24 5.34 4.97 246044
20140305 5.27 5.13 5.27 5.11 115396
20140306 5.10 5.19 5.27 5.10 127094
20140307 5.20 5.12 5.23 5.10 88244
20140310 5.05 4.89 5.08 4.88 110893
20140311 4.90 4.91 4.95 4.88 55526
20140312 4.90 5.00 5.02 4.88 70158
20140313 5.03 5.04 5.08 5.01 53987
20140314 4.80 4.82 4.87 4.75 157368
20140317 4.83 4.85 4.87 4.78 80758
20140318 4.85 4.82 4.85 4.80 81702
20140319 4.82 4.76 4.82 4.72 78469
20140320 4.75 4.73 4.82 4.73 73146
20140321 4.73 4.81 4.83 4.69 70724
20140324 4.81 4.86 4.87 4.75 96698
20140325 4.85 4.83 4.87 4.81 67686
20140326 4.85 4.86 4.86 4.81 55214
20140327 4.88 4.82 4.90 4.82 69341
20140328 4.80 4.82 4.85 4.80 59172
20140331 4.82 4.81 4.85 4.77 43533
20140401 4.85 4.89 4.89 4.82 83278
20140402 5.25 5.03 5.26 4.99 275896
20140403 4.98 4.95 5.05 4.91 123247
20140404 4.93 5.09 5.15 4.90 150136
20140408 5.03 5.08 5.11 5.03 118194
20140409 5.09 5.07 5.10 5.04 77027
20140410 5.07 5.03 5.07 4.99 93691
20140411 5.02 4.99 5.02 4.97 57918
20140414 4.98 5.05 5.05 4.97 52329
20140415 5.03 4.99 5.03 4.98 48349
20140416 4.98 5.01 5.02 4.97 43994
20140417 5.01 4.99 5.02 4.99 45459
20140418 4.93 4.89 4.93 4.88 44946
20140421 4.88 4.79 4.88 4.78 69430
20140422 4.77 4.77 4.82 4.72 47780
20140423 4.90 4.84 5.01 4.80 107941
20140424 4.80 4.77 4.82 4.75 52832
20140425 4.77 4.68 4.80 4.68 57539
20140428 4.64 4.48 4.64 4.48 76909
20140429 4.48 4.52 4.54 4.42 49361
20140430 4.50 4.64 4.67 4.50 63594
20140505 4.60 4.62 4.63 4.55 31106
20140506 4.62 4.60 4.64 4.55 36653
20140507 4.60 4.51 4.61 4.51 27064
20140508 4.53 4.51 4.57 4.51 27266
20140509 4.52 4.46 4.52 4.45 28588
20140512 4.51 4.56 4.57 4.46 43751
20140513 4.56 4.56 4.59 4.54 38484
20140514 4.60 4.59 4.68 4.57 61685
20140515 4.57 4.49 4.58 4.48 41373
20140516 4.50 4.51 4.52 4.46 24024
20140519 4.50 4.47 4.51 4.45 21302
20140520 4.48 4.46 4.52 4.44 23298
20140521 4.45 4.49 4.49 4.41 24955
20140522 4.50 4.48 4.52 4.45 32782
20140523 4.49 4.49 4.50 4.45 31798
20140526 4.50 4.51 4.53 4.48 32284
20140527 4.52 4.50 4.52 4.48 22253
20140528 4.50 4.51 4.51 4.45 33855
20140529 4.50 4.51 4.62 4.47 76283
20140530 4.49 4.49 4.51 4.46 38993
20140603 4.49 4.45 4.49 4.43 33395
20140604 4.46 4.42 4.46 4.41 30884
20140605 4.42 4.44 4.46 4.39 36006
20140606 4.45 4.40 4.45 4.39 25489
20140609 4.43 4.39 4.45 4.38 32324
20140610 4.40 4.41 4.42 4.38 29621
20140611 4.41 4.42 4.44 4.40 32684
20140612 4.41 4.40 4.43 4.39 33264
20140613 4.41 4.41 4.43 4.38 46884
20140616 4.42 4.41 4.42 4.39 43340
20140617 4.41 4.38 4.42 4.37 42322
20140618 4.37 4.46 4.59 4.37 151141
20140619 4.41 4.30 4.44 4.28 79617
20140620 4.30 4.28 4.32 4.25 34404
20140623 4.29 4.24 4.31 4.23 52106
20140624 4.24 4.21 4.25 4.18 76375
20140625 4.21 4.13 4.21 4.12 68985
20140626 4.10 4.18 4.18 4.10 78976
20140627 4.17 4.21 4.21 4.15 60025
20140630 4.21 4.22 4.23 4.18 60128
20140701 4.21 4.26 4.29 4.19 95818
20140702 4.25 4.26 4.27 4.23 45933
20140703 4.26 4.25 4.27 4.24 53224
20140704 4.26 4.22 4.26 4.21 59838
20140707 4.23 4.21 4.24 4.19 43221
20140708 4.21 4.20 4.21 4.17 50110
20140709 4.21 4.27 4.38 4.18 171857
20140710 4.24 4.21 4.27 4.21 71602
20140711 4.21 4.23 4.26 4.20 42160
20140714 4.24 4.27 4.27 4.22 68689
20140715 4.26 4.32 4.32 4.25 100936
20140716 4.31 4.31 4.36 4.27 90699
20140717 4.31 4.27 4.32 4.25 48126
20140718 4.26 4.26 4.29 4.24 49342
20140721 4.26 4.20 4.28 4.20 68930
20140722 4.20 4.24 4.25 4.19 58330
20140723 4.23 4.21 4.25 4.18 60270
20140724 4.22 4.23 4.24 4.19 68542
20140725 4.24 4.28 4.29 4.23 90187
20140728 4.28 4.39 4.41 4.28 213322
20140729 4.39 4.42 4.45 4.36 146937
20140730 4.42 4.37 4.43 4.34 115987
20140731 4.37 4.42 4.43 4.36 83272
20140801 4.65 4.50 4.79 4.48 376153
20140804 4.51 4.61 4.74 4.48 266629
20140805 4.60 4.60 4.64 4.55 151119
20140806 4.62 4.59 4.62 4.53 131407
20140807 4.58 4.50 4.59 4.49 147026
20140808 4.49 4.55 4.61 4.46 185111
20140811 4.54 4.62 4.66 4.53 211814
20140812 4.63 4.64 4.67 4.58 156378
20140813 4.64 4.69 4.85 4.60 300295
20140814 4.66 4.72 4.81 4.65 308806
20140815 4.71 4.76 4.79 4.70 244785
20140818 4.77 4.86 4.87 4.72 280276
20140819 4.85 4.76 4.85 4.72 274251
20140820 4.75 4.72 4.78 4.71 140856
20140821 4.72 4.68 4.73 4.63 120852
20140822 4.67 4.69 4.70 4.62 117830
20140825 4.69 4.62 4.70 4.61 109641
20140826 4.61 4.53 4.64 4.51 127266
20140827 4.52 4.54 4.58 4.51 74961
20140828 4.55 4.59 4.62 4.52 107063
20140829 4.61 4.60 4.64 4.56 72716
20140901 4.60 4.67 4.67 4.59 90899
20140902 4.67 4.70 4.70 4.65 101066
20140903 4.69 4.70 4.72 4.67 113709
20140904 4.70 4.70 4.71 4.67 122100
20140905 4.72 4.71 4.73 4.68 120860
20140909 4.71 4.78 4.84 4.67 249870
20140910 4.75 4.83 4.88 4.73 262990
20140911 4.82 4.76 4.86 4.75 243025
20140912 4.75 4.81 4.82 4.73 157209
20140915 4.82 4.90 4.97 4.82 281229
20140916 4.89 4.74 4.94 4.74 264256
20140917 4.74 4.86 4.86 4.71 178242
20140918 4.85 5.03 5.04 4.81 457886
20140919 5.05 4.94 5.05 4.91 325194
20140922 4.93 4.84 4.98 4.79 242852
20140923 4.84 4.88 4.90 4.82 141974
20140924 4.87 4.92 4.95 4.85 195155
20140925 4.95 4.92 4.98 4.86 233543
20140926 4.89 4.92 4.98 4.88 182746
20140929 4.93 5.00 5.02 4.91 285103
20140930 4.99 4.98 5.04 4.95 205758
20141008 5.00 5.06 5.08 4.96 250113
20141009 5.07 5.16 5.16 5.00 419730
20141010 5.12 5.37 5.38 5.10 759245
20141013 5.38 5.32 5.50 5.22 510818
20141014 5.27 5.31 5.39 5.22 328180
20141015 5.38 5.22 5.44 5.19 354386
20141016 5.15 5.08 5.26 5.08 270603
20141017 5.07 5.03 5.10 4.89 274208
20141020 5.02 5.04 5.06 4.96 214115
20141021 5.04 4.98 5.04 4.97 132040
20141022 4.99 4.88 5.02 4.87 150759
20141023 4.87 4.79 4.89 4.76 161660
20141024 4.78 4.75 4.83 4.75 93565
20141027 4.74 4.77 4.78 4.68 78805
20141028 4.77 4.88 4.89 4.76 116542
20141029 4.89 4.94 4.98 4.86 174221
20141030 4.92 4.93 4.97 4.87 197863
20141031 4.92 4.99 5.01 4.86 315514
20141103 4.94 5.08 5.09 4.85 489957
20141104 5.04 5.11 5.15 5.02 428734
20141105 5.12 5.05 5.16 5.05 324751
20141106 5.03 5.01 5.07 4.94 258630
20141107 4.99 4.92 5.04 4.92 240291
20141110 4.93 5.04 5.04 4.91 225193
20141111 5.07 4.88 5.07 4.81 280663
20141112 4.85 4.93 4.94 4.84 126659
20141113 4.92 4.88 4.94 4.84 143371
20141114 4.85 4.90 4.91 4.83 105400
20141117 4.92 4.95 4.99 4.91 186228
20141118 4.94 4.97 4.98 4.93 118515
20141119 4.96 4.94 4.97 4.90 111514
20141120 4.94 4.96 5.01 4.92 122879
20141121 4.95 4.97 4.98 4.91 135161
20141124 5.02 5.04 5.09 4.99 306727
20141125 5.02 5.08 5.08 5.01 245998
20141126 5.06 5.26 5.35 5.02 690046
20141127 5.20 5.19 5.29 5.15 469473
20141128 5.19 5.12 5.19 5.06 339251
20141201 5.12 5.17 5.20 5.08 283142
20141202 5.15 5.17 5.21 5.13 267044
20141203 5.19 5.24 5.24 5.15 401423
20141204 5.23 5.31 5.33 5.22 447687
20141205 5.31 5.10 5.33 5.05 414902
20141208 5.06 5.20 5.27 5.05 336192
20141209 5.20 5.03 5.28 5.02 474020
20141210 5.05 5.22 5.23 4.96 344192
20141211 5.23 5.28 5.28 5.14 466178
20141212 5.30 5.45 5.65 5.30 872216
20141215 5.36 6.00 6.00 5.31 873320
20141216 6.09 6.01 6.23 5.84 1640078
20141217 5.91 5.84 5.98 5.81 706888
20141218 5.80 6.10 6.36 5.76 874418
20141219 6.07 6.06 6.24 5.97 760591
20141222 6.00 5.63 6.01 5.55 676217
20141223 5.61 5.51 5.77 5.49 356181
20141224 5.51 5.64 5.65 5.50 270861
20141225 5.66 5.90 5.90 5.61 414153
20141226 6.10 5.99 6.27 5.96 765489
20141229 5.89 5.97 6.13 5.85 532749
20141230 5.98 5.70 5.98 5.68 372470
20141231 5.70 5.76 5.84 5.68 209531
20150105 5.80 5.82 5.85 5.66 356672
20150106 5.79 5.91 5.96 5.71 379216
20150107 5.89 5.84 5.96 5.77 260249
20150108 5.82 5.64 5.85 5.62 274128
20150109 5.61 5.60 5.72 5.59 199414
20150112 5.55 5.38 5.59 5.34 241717
20150113 5.30 5.45 5.46 5.30 151561
20150114 5.46 5.46 5.57 5.40 184171
20150115 5.50 5.51 5.53 5.43 133904
20150116 5.51 5.53 5.54 5.43 183434
20150119 5.38 5.16 5.44 5.04 273833
20150120 5.20 5.29 5.29 5.17 179399
20150121 5.23 5.40 5.41 5.23 208913
20150122 5.40 5.46 5.49 5.37 191254
20150123 5.45 5.39 5.48 5.37 161103
20150126 5.51 5.54 5.55 5.47 256016
20150127 5.55 5.56 5.57 5.41 239523
20150128 5.54 5.78 5.99 5.48 562947
20150129 5.65 5.64 5.74 5.61 275616
20150130 5.63 5.55 5.69 5.54 183861
20150202 5.54 5.43 5.54 5.42 138791
20150203 5.43 5.52 5.53 5.42 113224
20150204 5.53 5.56 5.68 5.50 164198
20150205 5.61 5.44 5.64 5.42 130173
20150210 4.91 5.09 5.12 4.91 459205
20150211 5.08 5.04 5.08 4.97 273919
20150212 5.03 5.07 5.08 5.00 184443
20150213 5.08 5.18 5.24 5.08 258070
20150216 5.18 5.26 5.35 5.16 190900
20150217 5.27 5.28 5.38 5.23 141693
20150225 5.29 5.26 5.31 5.24 132882
20150226 5.25 5.33 5.34 5.24 169284
20150227 5.33 5.31 5.35 5.28 215654
20150302 5.33 5.40 5.40 5.30 228703
20150303 5.39 5.37 5.44 5.32 261719
20150304 5.35 5.42 5.42 5.34 207326
20150305 5.42 5.45 5.46 5.39 215890
20150306 5.46 5.50 5.59 5.43 310225
20150309 5.45 5.51 5.51 5.37 238019
20150310 5.50 5.54 5.58 5.47 239133
20150311 5.55 5.70 5.77 5.52 527071
20150312 5.77 5.71 5.88 5.65 572910
20150313 5.72 5.74 5.80 5.64 333782
20150316 5.76 5.81 5.82 5.71 423844
20150317 5.81 5.92 5.99 5.79 672555
20150318 5.96 5.99 5.99 5.85 569591
20150319 5.95 6.12 6.19 5.91 673746
20150320 6.09 6.08 6.12 6.02 447177
20150323 6.10 6.19 6.23 6.07 463269
20150324 6.19 6.09 6.22 5.93 638271
20150325 6.07 6.07 6.09 5.98 464050
20150326 6.05 6.05 6.09 5.98 394160
20150327 6.06 6.14 6.18 6.05 386570
20150330 6.14 6.34 6.48 6.14 657934
20150331 6.36 6.24 6.39 6.18 425266
20150401 6.25 6.42 6.45 6.22 430344
20150402 6.45 6.53 6.57 6.40 484146
20150403 6.52 6.64 6.75 6.46 485339
20150407 6.68 6.84 6.85 6.68 455364
20150408 6.91 6.74 6.92 6.64 475799
20150409 6.73 6.53 6.73 6.38 481934
20150410 6.48 6.67 6.68 6.45 350030
20150413 6.70 7.03 7.07 6.70 597521
20150414 7.04 7.16 7.34 6.92 567573
20150415 7.16 7.02 7.38 6.88 615622
20150416 6.92 7.05 7.16 6.79 368903
20150417 7.09 7.29 7.45 7.05 733335
20150420 7.23 7.06 7.41 7.02 764934
20150421 7.05 7.22 7.22 6.98 455851
20150422 7.30 7.38 7.45 7.24 618426
20150423 7.39 7.31 7.40 7.24 539241
20150424 7.21 7.24 7.27 7.09 508725
20150427 7.29 7.26 7.42 7.19 526978
20150428 7.24 7.00 7.24 6.95 542923
20150429 6.95 7.03 7.07 6.90 312358
20150430 7.04 6.96 7.07 6.95 285670
20150504 6.94 7.07 7.10 6.87 303969
20150505 7.04 6.68 7.05 6.66 372864
20150506 6.68 6.41 6.76 6.38 313219
20150507 6.40 6.20 6.44 6.19 303435
20150508 6.30 6.49 6.49 6.26 295973
20150511 6.52 6.71 6.72 6.51 392404
20150512 6.71 6.70 6.77 6.62 307680
20150513 6.65 6.74 6.86 6.65 375748
20150514 6.74 6.82 6.84 6.72 283771
20150515 6.82 6.62 6.82 6.56 253030
20150518 6.60 6.80 6.86 6.53 356219
20150519 6.78 6.98 6.98 6.75 440680
20150520 7.02 7.16 7.57 6.97 810694
20150521 7.15 7.34 7.35 7.10 624205
20150522 7.43 7.53 7.54 7.25 788436
20150525 7.52 7.91 8.03 7.45 811866
20150526 7.95 8.05 8.14 7.80 670811
20150527 8.10 8.32 8.37 7.80 805306
20150528 8.25 7.69 8.58 7.65 952178
20150529 7.63 8.33 8.36 7.28 990332
20150601 8.55 8.70 8.85 8.40 784375
20150602 8.71 9.09 9.10 8.59 728057
20150603 9.04 8.98 9.08 8.70 597314
20150604 8.93 8.89 9.05 8.30 615861
20150605 8.97 9.15 9.28 8.85 751979
20150608 9.18 9.21 9.47 8.95 671509
20150609 9.11 8.95 9.20 8.80 459607
20150610 8.88 9.25 9.43 8.80 570234
20150611 9.20 9.38 9.43 9.13 439974
20150612 9.38 9.90 9.95 9.35 594864
20150615 9.90 9.86 10.18 9.78 609814
20150616 9.79 9.40 9.79 9.23 506567
20150617 9.37 9.53 9.60 8.82 534551
20150618 9.51 9.35 9.88 9.34 511478
20150619 9.00 8.42 9.22 8.42 417850
20150623 8.37 8.57 8.60 7.73 389815
20150624 8.60 8.78 8.79 8.46 400775
20150625 8.71 8.50 8.90 8.32 347115
20150626 8.05 7.65 8.25 7.65 364273
20150629 7.88 7.05 7.94 6.89 464724
20150630 7.02 7.59 7.60 6.43 473112
20150701 7.49 7.06 7.76 6.95 367191
20150702 7.05 6.48 7.23 6.36 379387
20150703 6.25 5.83 6.55 5.83 383544
20150706 6.40 5.55 6.40 5.25 575542
20150707 5.30 5.00 5.37 5.00 305296
20150708 4.50 4.68 4.80 4.50 732712
20150709 4.54 5.15 5.15 4.51 513968
20150710 5.46 5.67 5.67 5.46 164105
20150713 6.20 6.24 6.24 5.90 625215
20150714 6.30 6.35 6.66 6.03 834702
20150715 6.05 5.88 6.23 5.72 453244
20150716 5.88 6.13 6.23 5.56 366543
20150717 6.15 6.48 6.55 6.15 379279
20150720 6.39 6.40 6.61 6.25 457687
20150721 6.30 6.63 6.77 6.25 452031
20150722 6.55 6.53 6.66 6.42 332758
20150723 6.50 6.69 6.75 6.47 340676
20150724 6.74 6.79 7.05 6.70 578820
20150727 6.65 6.53 6.92 6.20 482164
20150728 6.18 6.40 6.50 5.97 338770
20150729 6.46 6.85 6.95 6.30 287059
20150730 6.80 6.75 7.04 6.70 426141
