20140102 3.69 3.68 3.69 3.60 32377
20140103 3.65 3.61 3.67 3.59 35747
20140106 3.60 3.49 3.61 3.46 41095
20140107 3.49 3.51 3.53 3.45 20840
20140108 3.50 3.51 3.54 3.48 19845
20140109 3.50 3.41 3.52 3.40 24999
20140110 3.41 3.33 3.43 3.31 28834
20140113 3.32 3.35 3.37 3.32 15495
20140114 3.34 3.45 3.47 3.34 22452
20140115 3.44 3.43 3.47 3.40 16917
20140116 3.43 3.44 3.47 3.42 12058
20140117 3.45 3.39 3.45 3.37 15471
20140120 3.37 3.39 3.40 3.36 11579
20140121 3.38 3.43 3.44 3.38 12530
20140122 3.46 3.51 3.51 3.44 22732
20140123 3.51 3.50 3.53 3.47 28178
20140124 3.48 3.52 3.54 3.47 49471
20140127 3.50 3.51 3.53 3.49 27010
20140128 3.52 3.51 3.52 3.47 22205
20140129 3.51 3.52 3.53 3.48 20294
20140130 3.51 3.53 3.53 3.49 11519
20140207 3.51 3.58 3.58 3.50 31812
20140210 3.59 3.64 3.66 3.57 52367
20140211 3.63 3.63 3.66 3.61 39699
20140212 3.64 3.67 3.69 3.62 48447
20140213 3.68 3.61 3.68 3.61 49258
20140214 3.62 3.71 3.72 3.60 84414
20140217 3.72 3.70 3.75 3.68 85491
20140218 3.69 3.67 3.72 3.65 71272
20140219 3.67 3.73 3.73 3.65 82643
20140220 3.73 3.69 3.74 3.67 58481
20140221 3.68 3.64 3.68 3.60 46118
20140224 3.62 3.59 3.64 3.56 41286
20140225 3.59 3.48 3.62 3.45 53195
20140226 3.48 3.50 3.52 3.42 35810
20140227 3.51 3.44 3.54 3.44 45927
20140228 3.46 3.48 3.49 3.39 42797
20140303 3.46 3.56 3.58 3.44 51042
20140304 3.54 3.55 3.58 3.51 31520
20140305 3.55 3.57 3.57 3.52 38335
20140306 3.82 3.93 3.93 3.80 145537
20140307 4.09 4.05 4.09 3.83 607365
20140310 3.91 3.82 3.99 3.79 269309
20140311 3.75 3.70 3.76 3.63 168908
20140312 3.71 3.79 3.81 3.65 145892
20140313 3.78 3.71 3.81 3.70 102212
20140314 3.67 3.61 3.70 3.59 97989
20140317 3.63 3.68 3.68 3.61 72418
20140318 3.67 3.72 3.73 3.62 91245
20140319 3.69 3.75 3.75 3.65 74419
20140320 3.73 3.60 3.74 3.60 100599
20140321 3.58 3.66 3.70 3.56 89504
20140324 3.66 3.72 3.72 3.64 71554
20140325 3.70 3.73 3.75 3.68 76593
20140326 3.72 3.71 3.73 3.69 58088
20140327 3.70 3.66 3.71 3.65 57064
20140328 3.68 3.63 3.69 3.63 46255
20140331 3.65 3.66 3.66 3.60 34746
20140401 3.65 3.70 3.70 3.63 44777
20140402 3.70 3.73 3.73 3.68 59056
20140403 3.73 3.70 3.74 3.68 42018
20140404 3.69 3.72 3.72 3.66 34667
20140408 3.71 3.77 3.78 3.70 85604
20140409 3.76 3.77 3.78 3.73 46232
20140410 3.75 3.74 3.77 3.74 51667
20140411 3.74 3.69 3.74 3.68 51200
20140414 3.66 3.73 3.74 3.65 37326
20140415 3.73 3.75 3.83 3.73 77493
20140416 3.75 3.80 3.83 3.73 91457
20140417 3.80 3.87 3.93 3.80 144299
20140418 3.88 3.86 3.92 3.83 69430
20140421 3.84 3.80 3.93 3.77 88244
20140422 3.78 3.81 3.83 3.74 73349
20140423 3.85 3.89 3.98 3.85 163826
20140424 3.91 3.83 3.92 3.81 80227
20140425 3.81 3.69 3.85 3.67 72418
20140428 3.67 3.59 3.67 3.56 63936
20140429 3.59 3.67 3.67 3.56 34689
20140430 3.66 3.69 3.70 3.64 31355
20140505 3.67 3.73 3.73 3.64 26131
20140506 3.76 3.76 3.84 3.74 48167
20140507 3.78 3.73 3.80 3.71 45827
20140508 3.71 3.84 3.89 3.68 94234
20140509 3.85 3.86 3.88 3.80 75491
20140512 3.89 3.88 3.92 3.83 92821
20140513 3.88 3.84 3.88 3.79 55659
20140514 3.84 3.84 3.88 3.80 40856
20140515 3.83 3.72 3.83 3.72 49510
20140516 3.73 3.76 3.77 3.68 41409
20140519 3.76 3.73 3.77 3.70 26535
20140520 3.74 3.87 3.87 3.74 84012
20140521 3.84 3.88 3.89 3.81 68783
20140522 3.88 3.83 3.90 3.83 49410
20140523 3.84 3.90 3.91 3.82 65357
20140526 3.90 3.89 3.93 3.86 52335
20140527 3.88 3.86 3.90 3.83 52575
20140528 3.85 3.85 3.86 3.80 63317
20140529 3.85 3.82 3.89 3.80 50052
20140530 3.81 3.80 3.82 3.75 42969
20140603 3.80 3.81 3.84 3.79 34196
20140604 3.81 3.73 3.81 3.72 44880
20140605 3.74 3.76 3.77 3.69 43314
20140606 3.77 3.74 3.77 3.70 45787
20140609 3.75 3.74 3.79 3.71 39759
20140610 3.73 3.78 3.78 3.72 37658
20140611 3.78 3.83 3.84 3.76 49971
20140612 3.84 3.81 3.84 3.80 28497
20140613 3.79 3.82 3.84 3.79 42296
20140616 3.82 3.84 3.85 3.81 42696
20140617 3.84 3.76 3.84 3.75 42410
20140618 3.75 3.72 3.76 3.72 33519
20140619 3.72 3.60 3.75 3.55 63572
20140620 3.62 3.64 3.66 3.61 28304
20140623 3.65 3.64 3.68 3.64 33010
20140624 3.65 3.67 3.67 3.62 29676
20140625 3.65 3.64 3.67 3.63 22582
20140626 3.64 3.68 3.70 3.64 40708
20140627 3.68 3.72 3.73 3.65 38148
20140630 3.72 3.71 3.75 3.70 32253
20140701 3.71 3.73 3.75 3.70 39192
20140702 3.73 3.77 3.79 3.73 56209
20140703 3.76 3.76 3.79 3.73 53142
20140704 3.88 4.14 4.14 3.85 510878
20140707 4.10 3.98 4.10 3.96 377939
20140708 3.94 4.38 4.38 3.92 292694
20140709 4.38 4.43 4.72 4.31 814355
20140710 4.35 4.51 4.61 4.26 422795
20140711 4.50 4.46 4.60 4.39 311353
20140714 4.40 4.46 4.54 4.30 279898
20140715 4.40 4.38 4.47 4.33 183002
20140716 4.43 4.45 4.67 4.39 308543
20140717 4.44 4.24 4.44 4.21 232325
20140718 4.21 4.23 4.26 4.16 106941
20140721 4.25 4.28 4.32 4.18 113224
20140722 4.27 4.28 4.30 4.20 115803
20140723 4.28 4.24 4.30 4.20 113683
20140724 4.25 4.19 4.26 4.11 141103
20140725 4.17 4.21 4.21 4.15 88452
20140728 4.19 4.28 4.29 4.19 147409
20140729 4.29 4.31 4.34 4.25 143427
20140730 4.33 4.29 4.34 4.25 109776
20140731 4.26 4.29 4.29 4.23 92301
20140801 4.28 4.33 4.39 4.26 190840
20140804 4.30 4.35 4.36 4.29 128680
20140805 4.36 4.32 4.37 4.28 110710
20140806 4.31 4.25 4.31 4.24 140087
20140807 4.26 4.24 4.28 4.23 82054
20140808 4.23 4.25 4.27 4.22 71356
20140811 4.25 4.30 4.31 4.24 104094
20140812 4.30 4.36 4.38 4.29 145028
20140813 4.38 4.30 4.38 4.27 126009
20140814 4.30 4.32 4.38 4.27 160378
20140815 4.31 4.47 4.56 4.31 267429
20140818 4.50 4.52 4.54 4.45 158878
20140819 4.52 4.49 4.52 4.44 127318
20140820 4.48 4.53 4.63 4.47 177646
20140821 4.51 4.46 4.52 4.40 127519
20140822 4.44 4.46 4.48 4.43 87821
20140825 4.47 4.39 4.47 4.35 84651
20140826 4.37 4.25 4.42 4.24 125339
20140827 4.26 4.29 4.29 4.21 62744
20140828 4.42 4.35 4.60 4.34 188784
20140829 4.29 4.33 4.35 4.28 73996
20140901 4.33 4.42 4.45 4.32 83743
20140902 4.43 4.45 4.46 4.36 124087
20140903 4.45 4.47 4.49 4.39 125856
20140904 4.48 4.51 4.57 4.45 162526
20140905 4.53 4.51 4.54 4.45 112337
20140909 4.51 4.56 4.58 4.46 144018
20140910 4.55 4.61 4.65 4.51 187665
20140911 4.59 4.50 4.66 4.48 198618
20140912 4.48 4.69 4.74 4.47 268939
20140915 4.70 4.73 4.87 4.67 245921
20140916 4.76 4.58 4.83 4.56 240706
20140917 4.60 4.71 4.72 4.51 171469
20140918 4.70 4.83 4.85 4.67 234725
20140919 4.84 4.85 4.91 4.75 171962
20140922 4.83 4.71 4.83 4.70 135136
20140923 4.70 4.75 4.76 4.68 81955
20140924 4.76 4.89 4.90 4.73 178115
20140925 4.87 4.81 4.92 4.79 125267
20140926 4.81 4.81 4.83 4.76 80764
20140929 4.81 4.84 4.85 4.78 113734
20140930 4.84 4.80 4.86 4.74 149003
20141008 4.80 4.83 4.84 4.78 132308
20141009 4.89 4.92 4.99 4.84 230798
20141010 4.89 4.92 4.97 4.86 164654
20141013 4.93 4.87 4.93 4.79 104721
20141014 4.85 4.85 4.90 4.81 108971
20141015 4.85 4.95 4.95 4.79 155954
20141016 4.97 5.25 5.45 4.92 712356
20141017 5.13 5.00 5.20 4.87 391492
20141020 5.01 5.07 5.11 4.99 157806
20141021 5.06 5.02 5.13 5.00 132432
20141022 5.00 4.87 5.03 4.78 138447
20141023 4.85 4.71 4.87 4.67 161167
20141024 4.70 4.72 4.75 4.70 69768
20141027 4.68 4.77 4.77 4.61 74463
20141028 4.77 4.91 4.92 4.75 123549
20141029 4.91 4.99 5.05 4.91 150892
20141030 5.00 5.01 5.08 4.95 145443
20141031 5.03 4.97 5.05 4.92 121699
20141103 4.98 5.14 5.17 4.97 198521
20141104 5.16 5.18 5.44 5.11 302529
20141105 5.19 5.19 5.42 5.15 275550
20141106 5.18 5.14 5.20 5.03 189306
20141107 5.12 5.05 5.18 5.01 144503
20141110 5.08 5.10 5.12 5.02 92815
20141111 5.12 4.89 5.15 4.86 162750
20141112 4.88 5.14 5.18 4.86 175065
20141113 5.12 5.02 5.14 4.98 117538
20141114 4.99 4.94 5.02 4.92 73253
20141117 4.95 5.01 5.04 4.95 65847
20141118 4.99 5.03 5.07 4.99 72384
20141119 5.04 5.05 5.06 5.00 57008
20141120 5.04 5.14 5.18 5.01 144633
20141121 5.15 5.13 5.19 5.07 110215
20141124 5.21 5.15 5.26 5.13 131165
20141125 5.18 5.26 5.28 5.13 171401
20141126 5.26 5.26 5.32 5.18 147456
20141127 5.26 5.28 5.40 5.25 198629
20141128 5.29 5.22 5.34 5.17 140897
20141201 5.22 5.18 5.23 5.09 155949
20141202 5.16 5.19 5.25 5.13 114027
20141203 5.21 5.20 5.22 5.13 137927
20141204 5.23 5.38 5.44 5.19 259288
20141205 5.40 5.17 5.40 5.02 246053
20141208 5.17 5.27 5.36 5.08 154751
20141209 5.27 5.04 5.31 5.00 187737
20141210 5.03 5.23 5.26 5.01 135920
20141211 5.25 5.37 5.52 5.25 291973
20141212 5.37 5.62 5.66 5.35 291233
20150106 6.00 5.73 6.18 5.68 486646
20150107 5.74 5.69 5.78 5.53 219220
20150108 5.65 5.47 5.68 5.45 164512
20150109 5.50 5.40 5.55 5.40 110223
20150112 5.35 5.39 5.53 5.33 105487
20150113 5.41 5.42 5.48 5.36 64422
20150114 5.42 5.25 5.46 5.20 89630
20150115 5.25 5.36 5.39 5.21 64767
20150116 5.34 5.37 5.40 5.31 77920
20150119 5.28 5.06 5.31 4.85 141236
20150120 5.03 5.26 5.26 5.03 102477
20150121 5.26 5.48 5.49 5.26 140642
20150122 5.50 5.54 5.59 5.43 120303
20150123 5.54 5.50 5.56 5.40 100661
20150126 5.50 5.61 5.63 5.48 129030
20150127 5.61 5.58 5.65 5.45 116286
20150128 5.65 5.80 5.97 5.60 310818
20150129 5.76 5.97 6.09 5.66 244722
20150130 5.91 5.90 6.10 5.83 173576
20150202 6.08 6.02 6.13 5.82 200986
20150203 5.98 5.95 6.06 5.83 149553
20150204 5.96 5.88 6.05 5.87 145003
20150205 5.95 5.76 5.98 5.76 108083
20150206 5.73 5.53 5.73 5.48 134475
20150209 5.68 6.08 6.08 5.61 270966
20150210 6.24 6.06 6.37 5.97 354821
20150211 5.95 6.15 6.19 5.89 218043
20150212 6.10 6.06 6.18 6.00 154079
20150213 6.06 6.40 6.47 6.06 300326
20150216 6.51 6.44 6.60 6.34 227606
20150217 6.41 6.52 6.58 6.38 133082
20150225 6.45 6.79 6.99 6.45 196260
20150226 6.77 7.20 7.29 6.70 299017
20150227 7.30 7.32 7.38 7.00 311201
20150302 7.30 7.38 7.49 7.17 255521
20150303 7.30 7.03 7.34 7.02 305974
20150304 7.03 7.21 7.22 7.03 193122
20150305 7.21 7.16 7.27 7.11 158057
20150306 7.18 7.05 7.22 7.03 103736
20150309 7.05 7.27 7.29 6.87 179107
20150310 7.29 7.79 7.98 7.21 336697
20150311 8.00 7.94 8.20 7.80 338545
20150312 7.86 7.95 8.08 7.69 207390
20150313 8.00 8.00 8.19 7.91 186687
20150316 8.25 8.30 8.65 8.19 263707
20150317 8.31 8.83 9.10 8.13 380649
20150318 8.83 8.85 8.96 8.65 241373
20150319 8.95 9.19 9.28 8.77 274202
20150320 9.12 9.22 9.28 9.07 175789
20150323 9.22 9.27 9.36 9.10 199270
20150324 9.26 8.98 9.26 8.64 289160
20150325 8.98 8.80 9.00 8.65 187945
20150326 8.77 8.81 8.94 8.60 154396
20150327 8.87 8.86 8.98 8.70 106857
20150330 8.94 9.36 9.50 8.70 264706
20150331 9.37 9.10 9.63 9.08 188239
20150401 9.11 9.15 9.21 8.94 151572
20150402 9.14 9.30 9.41 9.08 186727
20150403 9.30 9.29 9.43 9.15 172643
20150407 9.28 9.41 9.59 9.25 223731
20150408 9.42 10.35 10.35 9.34 471332
20150409 10.34 10.82 11.17 10.03 499808
20150410 10.64 11.02 11.39 10.40 306709
20150413 11.02 10.91 11.29 10.80 248471
20150414 10.83 10.52 10.83 10.44 267063
20150415 10.65 10.50 10.97 10.40 229581
20150416 10.20 10.39 10.88 9.77 193275
20150417 10.41 10.37 10.62 10.30 155160
20150420 10.37 9.80 10.37 9.75 255689
20150421 9.80 10.27 10.32 9.78 166611
20150422 10.27 10.46 10.53 10.27 158841
20150423 10.47 10.90 10.95 10.22 316774
20150424 10.91 11.35 11.55 10.63 328538
20150427 11.35 11.44 11.69 10.91 316092
20150428 11.33 10.65 11.33 10.62 200297
20150429 10.59 10.55 10.77 10.28 124555
20150430 10.55 10.50 10.76 10.49 103719
20150504 10.50 10.96 11.01 10.50 154953
20150505 10.98 10.15 11.00 10.09 179840
20150506 10.17 9.70 10.34 9.46 141882
20150507 9.60 8.99 9.65 8.96 150128
20150508 9.19 9.24 9.31 8.99 137765
20150511 9.34 10.08 10.16 9.33 189021
20150512 10.09 10.16 10.58 10.00 184626
20150513 10.05 9.85 10.15 9.72 182582
20150514 9.88 10.62 10.73 9.88 305192
20150515 10.62 11.30 11.50 10.62 443591
20150518 11.00 11.49 11.50 10.86 305844
20150519 11.49 11.47 11.88 11.20 245432
20150520 11.55 11.69 12.27 11.51 234369
20150521 11.69 11.78 12.16 11.58 196073
20150522 11.99 12.00 12.17 11.62 240195
20150525 12.05 13.06 13.20 11.90 299311
20150526 13.21 14.37 14.37 13.21 207784
20150527 15.15 14.41 15.30 14.37 471398
20150528 14.41 13.01 15.02 12.98 341399
20150529 12.89 14.31 14.31 11.90 497420
20150601 14.40 15.58 15.63 14.40 328583
20150602 15.65 16.86 17.11 15.05 371868
20150603 16.79 17.00 17.80 15.80 324530
20150604 17.14 18.65 18.70 16.15 405052
20150605 18.65 20.39 20.49 18.00 468678
20150608 19.87 18.62 20.30 18.60 412662
20150609 18.06 17.70 18.06 16.90 316138
20150610 17.49 18.13 18.59 17.00 231689
20150611 18.16 18.21 18.58 17.60 234628
20150612 18.26 17.99 18.43 17.92 242082
20150615 17.98 17.13 17.98 17.02 267497
20150616 16.87 15.70 16.92 15.50 241618
20150617 15.82 17.15 17.27 14.97 277488
20150618 17.15 17.10 17.87 16.61 261307
20150619 16.59 15.39 16.99 15.39 178030
20150623 15.35 14.60 15.67 13.85 208503
20150624 14.90 15.02 15.31 14.41 164607
20150625 15.00 13.80 15.02 13.60 219141
20150626 13.21 12.42 13.21 12.42 160656
20150629 12.70 11.18 12.99 11.18 218347
20150630 10.50 12.20 12.26 10.06 325069
20150701 11.85 11.13 12.84 11.01 304428
20150702 11.34 10.02 11.55 10.02 242868
20150703 9.60 9.02 10.31 9.02 246117
20150706 9.92 8.12 9.92 8.12 295302
20150707 7.59 7.31 7.68 7.31 108593
20150714 8.04 8.04 8.04 8.04 1406
20150715 8.84 8.84 8.84 8.84 29462
20150716 8.80 9.51 9.68 7.96 492781
20150717 9.51 10.42 10.42 9.51 321061
20150720 10.48 10.96 11.29 10.46 350646
20150721 10.80 10.90 11.27 10.50 255474
20150722 10.88 10.91 11.16 10.50 215245
20150723 10.91 11.35 11.48 10.90 239939
20150724 11.36 10.86 11.48 10.71 271588
20150727 10.52 9.77 11.22 9.77 262585
20150728 8.95 9.13 10.00 8.83 235292
20150729 9.35 10.04 10.04 9.00 195313
20150730 10.17 9.68 10.48 9.50 209854
