20140102 36.79 37.25 37.30 36.00 17379
20140103 36.82 37.15 37.55 36.82 17409
20140106 36.65 36.00 37.30 35.20 12767
20140107 35.58 35.85 36.19 35.08 10796
20140108 35.70 36.40 36.79 35.57 15807
20140109 36.61 35.76 36.80 35.76 16290
20140110 35.45 34.66 35.50 34.26 12342
20140113 34.11 34.30 34.99 33.61 8760
20140114 34.30 35.20 35.25 33.95 7263
20140115 35.80 35.89 36.35 35.31 10571
20140116 35.99 34.78 36.49 34.65 17145
20140117 34.76 33.57 34.76 33.57 8678
20140120 33.55 33.57 34.10 32.70 7810
20140121 33.58 34.23 34.30 33.00 7288
20140122 34.30 35.47 35.67 33.78 17121
20140123 35.30 35.90 36.10 34.68 22767
20140124 36.00 37.35 37.79 35.50 31419
20140127 37.33 39.33 40.96 36.72 41674
20140128 39.41 38.30 39.85 38.00 15657
20140129 38.35 38.34 39.10 37.92 11871
20140130 38.34 38.98 39.00 38.00 9151
20140207 38.90 39.40 39.87 38.00 15614
20140210 40.03 41.10 42.20 40.03 37700
20140211 41.10 41.26 42.10 39.91 16341
20140212 41.20 40.45 41.58 39.95 19036
20140213 40.00 38.02 40.32 38.00 18093
20140214 38.03 38.18 38.64 37.93 12102
20140217 38.47 38.65 39.08 37.90 19463
20140218 38.50 39.66 40.40 38.30 21912
20140219 39.89 38.88 39.89 38.73 9263
20140220 38.57 37.91 39.20 37.91 13210
20140221 37.85 38.00 38.10 37.30 7147
20140224 37.95 39.99 39.99 37.92 18670
20140225 40.00 39.60 42.10 38.10 37531
20140226 38.20 39.88 40.55 38.01 14598
20140227 39.88 39.31 41.32 39.00 17668
20140228 39.00 38.24 39.70 37.20 12688
20140303 38.20 38.28 38.99 37.08 8624
20140304 37.50 37.04 38.52 37.00 11557
20140305 37.00 36.79 37.94 36.75 7050
20140306 36.78 36.96 37.00 35.54 9015
20140307 37.20 37.25 37.84 36.96 4808
20140310 37.10 35.18 37.10 35.00 6089
20140311 34.88 34.92 36.15 34.85 5587
20140312 35.05 35.35 35.45 34.20 5788
20140313 35.35 35.27 35.65 35.02 4166
20140314 35.00 35.82 36.09 34.95 5210
20140317 35.95 36.25 36.34 35.76 4602
20140318 36.30 35.81 36.35 35.41 6582
20140319 35.31 35.03 35.78 34.96 3959
20140320 35.05 34.30 35.79 34.30 4551
20140321 34.00 34.55 34.88 33.50 4223
20140324 34.50 34.45 34.97 34.12 3726
20140325 34.14 33.98 34.63 33.90 4308
20140326 34.30 35.03 35.20 33.60 9015
20140327 34.80 34.18 35.03 34.11 5621
20140328 34.00 30.76 34.00 30.76 21802
20140331 30.15 28.30 30.15 27.68 24026
20140401 28.20 28.42 28.80 27.70 14726
20140402 28.42 29.47 29.60 28.42 15041
20140403 29.47 29.59 29.69 28.82 8024
20140404 29.48 29.75 29.77 29.15 6107
20140408 29.59 29.89 30.03 28.80 11960
20140409 29.80 29.82 30.19 29.52 5730
20140410 29.81 29.49 29.93 29.04 8469
20140411 29.30 29.30 29.45 28.30 9843
20140414 29.50 30.00 30.30 29.50 10791
20140415 30.20 29.47 30.20 29.22 6349
20140416 29.36 29.58 29.60 28.80 5833
20140417 29.65 29.77 29.77 28.85 7879
20140418 29.78 29.86 29.90 28.75 6803
20140421 29.75 29.02 29.75 29.00 7143
20140422 29.06 28.12 29.06 27.36 9554
20140423 28.12 28.60 28.60 28.12 8726
20140424 28.71 28.48 28.90 28.31 4437
20140425 28.51 28.78 28.79 27.58 7026
20140428 28.35 28.80 28.80 26.66 9155
20140429 28.00 28.28 28.46 27.83 5357
20140430 28.17 28.50 28.78 27.27 10427
20140505 28.28 28.49 28.50 27.75 8988
20140506 28.30 29.38 29.40 28.30 17661
20140507 29.38 28.85 29.38 28.85 9777
20140508 28.66 28.75 29.29 28.66 6230
20140509 28.73 28.19 28.90 28.01 12250
20140512 28.50 28.34 28.70 28.00 9153
20140513 28.30 28.42 28.66 28.13 4769
20140514 28.18 28.32 28.50 28.18 2666
20140515 28.33 27.76 28.47 27.75 4233
20140516 27.70 27.59 27.94 27.14 6197
20140519 27.80 27.10 27.80 26.81 4301
20140520 27.50 27.58 28.13 27.30 3948
20140521 27.65 27.66 27.88 27.25 5259
20140522 27.60 27.50 27.83 27.46 3793
20140523 27.38 28.28 28.28 27.31 5471
20140526 27.91 28.73 28.80 27.80 12047
20140527 28.60 29.30 29.32 28.35 16575
20140528 29.32 29.57 29.70 28.70 13486
20140529 29.39 29.37 29.60 29.05 8111
20140530 29.28 29.58 29.70 28.87 8309
20140603 29.54 29.05 29.59 28.67 9327
20140604 28.98 28.98 29.03 28.52 3548
20140605 28.96 29.04 29.20 28.73 6195
20140606 29.04 29.00 29.26 28.82 4116
20140609 28.83 28.98 29.17 28.55 4512
20140610 28.70 29.21 29.29 28.31 8490
20140611 29.26 29.28 29.29 28.80 8619
20140612 29.50 29.38 29.58 29.11 4982
20140613 29.31 31.58 32.32 29.23 30075
20140616 31.28 31.40 31.52 30.78 14228
20140617 31.09 30.70 31.28 30.48 10432
20140618 30.85 31.10 31.28 30.52 6878
20140619 31.28 29.68 31.28 29.18 8287
20140620 29.79 29.80 30.00 29.02 6609
20140623 29.88 30.96 32.77 29.68 18113
20140624 31.11 31.58 31.80 30.68 13304
20140625 31.57 32.38 32.55 31.19 14809
20140626 32.37 32.52 32.80 32.04 11764
20140627 32.60 32.64 32.86 32.03 9599
20140630 32.64 31.59 33.97 31.23 33642
20140701 31.59 31.20 31.59 30.70 13058
20140702 31.39 31.29 31.43 30.86 7851
20140703 31.29 31.96 32.20 31.08 10433
20140704 31.96 31.78 32.17 31.31 7247
20140707 31.84 31.42 31.84 31.31 3490
20140708 31.36 31.68 31.69 31.15 5504
20140709 31.36 31.11 31.98 31.11 6047
20140710 31.01 30.68 31.26 30.53 3627
20140711 30.68 30.21 30.90 30.00 6842
20140714 30.21 30.88 30.96 30.15 6483
20140715 30.87 30.58 30.88 30.30 4049
20140716 30.58 30.59 30.71 30.07 3868
20140717 30.58 30.58 30.61 30.29 2362
20140718 30.49 30.60 30.98 30.38 4133
20140721 30.40 30.22 30.74 30.18 2682
20140722 30.21 30.10 30.49 29.85 8277
20140723 30.11 29.19 30.40 29.02 6564
20140724 29.00 28.10 29.00 27.52 8773
20140725 28.19 28.23 28.39 28.01 5247
20140728 28.38 28.21 28.50 27.85 11258
20140729 28.30 28.91 28.97 28.29 12524
20140730 28.90 29.18 29.26 28.55 9500
20140731 29.20 29.00 29.28 28.87 7213
20140801 29.05 28.77 29.51 28.61 7888
20140804 28.97 29.31 29.70 28.47 24340
20140805 29.99 29.33 29.99 28.70 14500
20140806 29.20 29.13 29.28 28.70 8326
20140807 29.08 29.30 29.68 28.80 13975
20140808 29.20 31.13 31.60 29.20 41728
20140811 31.13 31.60 31.83 30.83 21353
20140812 31.59 32.62 33.18 31.59 26262
20140813 32.96 32.70 32.99 31.88 15419
20140814 32.04 32.24 32.80 32.02 9307
20140815 32.30 32.80 32.96 32.12 9759
20140818 32.70 32.69 32.85 32.40 14989
20140819 32.52 32.79 32.96 32.52 11671
20140820 32.65 33.74 33.95 32.50 14676
20140821 33.70 33.90 33.96 32.90 10094
20140822 33.56 33.80 33.88 33.20 6382
20140825 33.74 33.55 34.18 33.40 6407
20140826 33.40 32.56 33.67 32.25 9034
20140827 32.56 32.62 32.84 32.08 4410
20140828 32.87 32.78 32.87 32.02 8292
20140829 32.80 35.00 35.20 32.75 23350
20140901 35.00 34.99 35.88 34.70 19946
20140902 35.10 35.16 35.39 34.72 11242
20140903 35.16 35.07 35.67 34.90 9935
20140904 35.79 35.00 35.80 34.68 14134
20140905 34.83 36.27 37.00 34.70 23000
20140909 36.60 38.00 38.20 36.05 18768
20140910 37.60 37.80 38.25 37.60 21268
20140911 38.00 37.00 38.18 36.70 21271
20140912 36.82 37.05 37.40 36.10 14063
20140915 36.97 37.45 37.94 36.50 8425
20140916 37.30 35.54 37.33 35.50 10405
20140917 35.48 35.10 35.95 34.67 9123
20140918 34.96 35.19 36.07 34.50 8696
20140919 35.50 36.99 36.99 35.38 13317
20140922 36.98 36.95 37.53 36.60 7513
20140923 36.82 38.08 38.66 36.75 20047
20140924 37.80 37.80 38.26 37.42 10867
20140925 37.80 37.67 38.50 37.60 6963
20140926 37.87 37.73 38.21 37.46 8421
20140929 37.68 36.10 37.70 36.10 18591
20140930 36.40 36.10 36.58 35.58 13214
20141008 36.20 36.65 37.10 36.11 8091
20141009 36.65 36.67 36.93 35.78 8840
20141010 36.30 36.36 36.83 36.17 8057
20141013 36.02 34.75 36.56 34.61 17653
20141014 34.82 33.30 35.09 33.30 25006
20141015 33.47 33.92 33.99 33.15 25772
20141016 33.70 33.96 34.30 33.50 15464
20141017 33.56 33.80 34.09 32.98 15985
20141020 33.80 33.82 33.82 32.36 30669
20141021 33.70 33.50 33.80 32.98 23525
20141022 33.17 33.00 33.58 32.65 14299
20141023 32.50 31.35 32.74 31.25 16840
20141024 31.31 30.80 31.51 30.80 11423
20141027 30.75 31.10 31.27 30.00 12273
20141028 31.13 32.08 32.25 30.92 26832
20141029 32.05 32.45 32.62 31.88 28263
20141030 32.95 32.80 33.69 32.46 33001
20141031 32.81 32.50 33.22 32.30 15697
20141103 32.30 33.36 33.48 32.00 24699
20141104 33.37 34.30 34.51 33.37 34868
20141105 34.40 34.55 34.98 34.05 20452
20141106 34.48 34.54 34.83 34.13 15967
20141107 34.50 33.68 34.61 33.40 18815
20141110 33.60 34.15 34.20 33.17 24477
20141111 34.11 33.39 34.11 32.23 21184
20141112 32.90 34.00 34.03 32.90 15829
20141113 34.05 33.83 34.17 33.23 8370
20141114 33.38 32.59 33.80 32.17 13208
20141117 32.12 32.80 32.97 32.11 8648
20141118 32.70 32.85 32.94 32.16 10971
20141119 32.70 32.50 32.86 32.38 7362
20141120 32.50 32.00 32.55 31.72 12759
20141121 31.91 32.10 32.55 31.81 13301
20141124 32.45 31.45 32.49 31.10 24289
20141125 31.80 31.74 31.80 31.10 29668
20141126 31.82 33.65 33.97 31.77 36851
20141127 33.65 33.87 34.20 33.25 26654
20141128 34.16 33.69 34.16 33.18 19093
20141201 33.52 33.56 34.33 33.16 24147
20141202 33.56 34.12 34.67 33.37 32005
20141203 34.13 33.88 34.50 33.50 42867
20141204 33.88 33.41 33.88 33.23 34634
20141205 33.40 31.80 33.40 31.39 35822
20141208 31.76 30.80 32.47 30.75 35498
20141209 30.80 28.63 30.98 28.40 41838
20141210 28.50 29.50 29.71 28.50 20925
20141211 29.30 29.82 29.96 29.02 20254
20141212 29.60 30.20 30.49 29.60 14434
20141215 30.16 30.58 30.70 30.15 19560
20141216 30.55 30.33 30.80 30.11 11620
20141217 30.18 29.41 30.18 28.90 27502
20141218 29.38 29.38 29.75 29.10 12031
20141219 29.16 28.91 29.31 28.48 24136
20141222 29.14 26.02 29.14 26.02 34073
20141223 26.04 24.55 26.45 24.51 40889
20141224 24.75 25.45 25.47 24.70 32124
20141225 25.46 25.86 26.25 25.40 28618
20141226 25.66 26.04 26.17 25.37 21974
20141229 26.00 25.85 26.15 25.07 31498
20141230 25.49 25.38 25.73 24.45 34503
20141231 25.30 26.10 26.21 24.70 40800
20150105 25.54 25.73 25.98 25.45 18231
20150106 25.73 26.51 26.59 25.21 34786
20150107 26.44 26.61 26.72 26.04 27528
20150108 26.65 26.38 27.36 26.35 27682
20150109 26.22 26.15 26.78 26.06 22833
20150112 26.01 25.43 26.15 25.21 15603
20150113 25.50 25.94 26.18 25.35 21175
20150114 25.98 26.03 26.42 25.80 17157
20150115 26.06 26.25 26.55 25.98 13996
20150116 26.23 27.03 27.37 26.12 29968
20150119 26.66 28.05 29.10 26.41 58050
20150120 28.00 29.60 29.80 28.00 55596
20150121 29.66 29.80 30.25 29.18 43692
20150122 29.55 29.58 29.85 29.01 29490
20150123 29.60 29.28 29.78 29.10 22112
20150126 29.10 29.42 29.95 29.10 25526
20150127 29.55 28.99 29.57 28.60 27093
20150128 28.88 30.85 30.97 28.70 54537
20150129 30.50 30.67 31.00 30.20 22703
20150130 30.57 30.20 30.86 29.87 20558
20150202 29.80 29.39 30.40 29.05 15756
20150203 29.60 30.00 30.50 29.43 22097
20150204 30.00 29.52 30.55 29.47 18564
20150205 29.52 29.20 29.86 28.80 22662
20150206 29.17 28.54 29.36 28.36 13410
20150209 28.40 28.74 28.94 28.12 11416
20150210 28.74 29.40 29.49 28.33 13001
20150211 29.31 29.13 29.76 29.00 14027
20150212 29.39 30.98 31.12 29.16 31848
20150213 31.37 31.20 31.37 30.80 32024
20150216 31.20 32.10 32.22 30.90 23482
20150217 32.26 32.21 32.28 31.70 16550
20150225 32.31 32.24 33.20 32.20 23430
20150226 32.28 32.60 33.09 31.70 27101
20150227 33.50 33.36 33.98 32.80 56411
20150302 33.39 33.81 33.87 32.69 37199
20150303 33.79 32.83 33.79 32.83 27155
20150304 31.60 32.39 32.50 31.02 62881
20150305 32.12 35.63 35.63 32.12 86821
20150306 36.35 34.40 36.95 34.33 47782
20150309 34.90 36.38 36.57 32.50 48893
20150310 36.07 35.40 36.57 35.18 55275
20150311 35.30 34.82 35.75 34.41 31485
20150312 34.78 33.74 35.18 33.50 27203
20150313 34.02 33.62 34.25 33.62 31699
20150316 33.88 34.56 35.04 33.88 44028
20150317 34.59 34.52 36.22 34.48 93414
20150318 34.66 36.00 36.45 34.52 81708
20150319 36.00 36.22 36.32 35.60 36414
20150320 36.45 37.82 38.55 36.45 68237
20150323 38.01 37.35 38.48 37.25 61742
20150324 37.40 37.17 37.95 35.75 57259
20150325 36.80 38.95 39.30 36.27 79882
20150326 38.60 37.99 39.60 37.05 64014
20150327 38.48 38.50 38.75 37.53 35849
20150330 38.50 39.79 39.82 38.28 58271
20150331 39.72 39.50 40.15 38.90 33599
20150401 39.50 39.98 40.20 38.90 42233
20150402 40.00 39.39 40.60 38.89 58882
20150403 39.00 40.05 40.16 38.00 66122
20150407 40.06 41.01 41.24 39.13 65427
20150408 40.41 39.00 40.88 38.63 65346
20150409 38.63 37.65 38.99 36.68 58248
20150410 37.63 38.90 39.50 37.63 53037
20150413 39.00 40.07 40.80 39.00 49516
20150414 40.10 39.65 40.37 39.50 37461
20150415 39.58 37.90 39.58 37.80 33845
20150416 37.45 38.10 39.00 36.50 33987
20150417 38.40 37.37 39.17 37.35 41240
20150420 37.37 41.11 41.11 36.80 121194
20150421 41.50 43.29 44.58 41.10 98689
20150422 43.25 46.39 47.48 42.88 84105
20150423 44.50 44.46 45.22 43.21 103602
20150424 43.60 46.57 46.77 43.25 72555
20150427 46.50 46.65 48.56 46.11 61737
20150428 45.29 43.68 46.30 42.65 77500
20150429 43.17 44.24 44.65 43.17 35955
20150430 44.30 43.82 45.32 43.80 35695
20150504 43.70 42.91 44.10 42.70 35609
20150505 43.03 42.63 44.38 41.86 37944
20150506 42.95 42.35 43.67 41.90 38022
20150507 42.35 40.29 42.49 40.08 35619
20150508 40.98 41.91 42.00 40.80 38907
20150511 41.90 44.19 44.26 41.80 54758
20150512 44.44 45.75 46.80 43.29 78015
20150513 45.05 46.55 47.71 44.63 71290
20150514 46.51 45.77 48.65 45.70 59925
20150515 45.28 46.14 47.90 45.28 53729
20150518 46.14 47.80 48.80 45.50 82650
20150519 48.10 47.82 48.10 46.85 73686
20150520 47.83 49.70 52.36 47.51 69095
20150521 49.10 51.26 51.28 49.10 53538
20150522 52.33 51.60 54.25 50.20 69473
20150525 50.45 54.16 55.24 50.18 87216
20150526 55.00 55.85 58.00 54.84 76710
20150527 55.20 55.30 57.58 55.01 55238
20150528 55.15 50.00 55.70 49.77 83411
20150529 50.30 50.88 52.25 47.69 60722
20150601 50.51 54.00 54.19 50.51 49169
20150602 54.00 56.70 56.95 53.29 61766
20150603 56.70 54.69 56.96 53.36 49840
20150604 54.69 52.99 54.69 49.50 61871
20150605 53.15 53.37 54.45 52.81 52168
20150608 49.00 50.82 52.60 49.00 85662
20150609 50.17 50.73 52.58 49.74 35003
20150610 50.70 53.36 53.95 50.03 58961
20150611 52.79 58.70 58.70 52.59 109416
20150612 59.80 58.40 59.80 57.58 55055
20150615 58.30 56.85 58.98 56.18 55181
20150616 56.90 60.30 60.30 56.51 117892
20150617 60.00 60.14 60.80 57.19 71734
20150618 60.10 58.24 62.89 57.80 56317
20150619 56.98 53.10 58.27 52.42 48103
20150623 53.10 53.98 54.65 48.11 40739
20150624 54.45 53.83 54.74 51.83 35494
20150625 53.83 49.80 54.18 48.45 38148
20150626 48.10 44.82 48.77 44.82 42583
20150629 45.00 40.35 45.99 40.34 52959
20150630 38.00 42.43 42.74 36.27 67796
20150701 41.50 38.19 43.43 38.19 40968
20150702 38.00 34.37 38.00 34.37 57011
20150703 31.65 30.93 34.05 30.93 55851
20150706 34.00 27.84 34.02 27.84 69850
20150707 26.00 25.06 26.15 25.06 32905
20150714 27.57 27.57 27.57 27.57 2233
20150715 30.33 30.00 30.33 29.37 173859
20150716 29.99 31.55 32.49 27.00 82746
20150717 31.56 34.70 34.71 31.56 79460
20150720 34.75 34.80 36.45 33.41 70230
20150721 34.50 35.78 36.78 33.29 52193
20150722 35.68 35.08 36.50 33.88 63323
20150723 34.82 36.19 36.30 34.82 57865
20150724 36.60 36.41 37.88 36.00 64939
20150727 35.65 32.77 36.50 32.77 57067
20150728 30.01 29.85 32.54 29.49 65085
20150729 30.80 31.98 31.99 28.99 49382
20150730 31.79 30.82 32.65 30.51 37986
