20140102 6.16 6.26 6.30 6.16 113385
20140103 6.24 6.40 6.42 6.17 174385
20140106 6.38 6.13 6.38 6.12 163562
20140107 6.12 6.28 6.41 6.08 144551
20140108 6.35 6.34 6.51 6.20 127572
20140109 6.36 6.13 6.42 6.12 80780
20140110 6.10 5.88 6.15 5.82 142586
20140113 5.92 5.92 5.94 5.86 60978
20140114 5.91 6.04 6.04 5.90 60478
20140115 6.02 6.06 6.18 6.01 73542
20140116 6.06 6.23 6.29 6.05 127962
20140117 6.24 6.25 6.33 6.16 83622
20140120 6.35 6.18 6.35 6.14 59771
20140121 6.17 6.17 6.27 6.12 56260
20140122 6.18 6.37 6.40 6.18 135867
20140123 6.35 6.36 6.44 6.31 107361
20140124 6.36 6.28 6.40 6.26 98218
20140127 6.23 6.13 6.27 6.13 95669
20140128 6.14 6.12 6.19 6.11 55015
20140129 6.11 6.14 6.23 6.11 56719
20140130 6.15 6.06 6.19 6.03 66597
20140207 6.03 6.25 6.26 6.02 71336
20140210 6.25 6.37 6.39 6.25 143602
20140211 6.30 6.39 6.49 6.28 132184
20140212 6.40 6.59 6.63 6.36 229558
20140213 6.59 6.72 6.81 6.59 396809
20140214 6.71 6.74 6.85 6.67 183528
20140217 6.72 6.75 6.79 6.62 165154
20140218 6.75 7.20 7.42 6.75 390507
20140219 7.15 7.26 7.44 7.13 195108
20140220 7.20 7.15 7.47 7.07 213254
20140221 7.15 7.13 7.45 7.11 214404
20140224 7.10 7.27 7.35 7.07 193925
20140225 7.38 7.19 7.65 7.00 292329
20140226 7.11 7.07 7.19 6.80 188630
20140227 7.08 7.08 7.36 6.95 169841
20140228 7.06 7.03 7.09 6.80 129673
20140303 7.03 7.40 7.40 7.03 220917
20140304 7.34 7.39 7.50 7.30 140732
20140305 7.39 7.39 7.68 7.37 179638
20140306 7.40 7.27 7.46 7.18 98183
20140307 7.30 7.06 7.32 7.04 131404
20140310 7.09 6.93 7.27 6.88 141472
20140311 6.94 7.02 7.02 6.82 81425
20140312 7.02 7.03 7.05 6.84 72085
20140313 7.05 7.04 7.21 7.01 95968
20140314 7.06 6.95 7.06 6.88 55643
20140317 6.96 6.98 7.04 6.91 88476
20140318 7.00 6.96 7.07 6.93 109671
20140319 6.96 7.06 7.10 6.93 97501
20140320 7.09 6.83 7.13 6.83 92501
20140321 7.03 6.99 7.07 6.70 152641
20140324 7.05 6.93 7.05 6.90 106896
20140325 6.89 6.83 7.00 6.80 93141
20140326 6.83 6.80 6.91 6.78 61612
20140327 6.77 6.65 6.85 6.64 111305
20140328 6.64 6.35 6.73 6.25 148434
20140331 6.37 6.35 6.42 6.29 39092
20140401 6.55 6.55 6.59 6.42 70265
20140402 6.55 6.42 6.60 6.40 53797
20140403 6.42 6.41 6.54 6.40 36146
20140404 6.42 6.56 6.58 6.42 48657
20140408 6.53 6.61 6.63 6.49 65084
20140409 6.60 6.67 6.71 6.58 66908
20140410 6.69 6.71 6.77 6.66 72472
20140411 6.69 6.74 6.74 6.57 60880
20140414 6.75 6.68 6.75 6.65 42634
20140415 6.68 6.54 6.71 6.50 51750
20140416 6.52 6.49 6.59 6.43 50788
20140417 6.52 6.48 6.55 6.43 47961
20140418 6.47 6.52 6.53 6.45 28449
20140421 6.48 6.39 6.52 6.38 51118
20140422 6.41 6.25 6.44 6.08 112603
20140423 6.26 6.13 6.26 6.09 49959
20140424 6.13 6.13 6.21 6.11 29663
20140425 6.17 6.15 6.25 6.12 38585
20140428 6.12 5.96 6.18 5.95 52114
20140429 5.97 5.81 6.00 5.66 85728
20140430 5.84 5.86 5.88 5.76 37942
20140505 5.87 5.77 5.87 5.65 63333
20140506 5.72 5.79 5.84 5.72 38562
20140507 5.77 5.62 5.78 5.62 61479
20140508 5.53 5.55 5.69 5.53 56605
20140509 5.55 5.68 5.71 5.53 80172
20140512 5.73 5.80 5.81 5.66 67408
20140513 5.82 5.77 5.84 5.71 47727
20140514 5.77 5.75 5.80 5.73 32549
20140515 5.75 5.53 5.76 5.51 68188
20140516 5.53 5.50 5.58 5.44 41387
20140519 5.50 5.49 5.55 5.46 30674
20140520 5.53 5.61 5.68 5.53 53043
20140521 5.61 5.64 5.70 5.55 49266
20140522 5.64 5.63 5.73 5.60 41238
20140523 5.67 5.66 5.68 5.60 45409
20140526 5.66 5.68 5.74 5.65 51704
20140527 5.69 5.77 5.82 5.68 71513
20140528 5.80 5.76 5.84 5.71 54290
20140529 5.79 5.70 5.82 5.69 49068
20140530 5.70 5.72 5.80 5.69 38341
20140603 5.75 5.65 5.80 5.65 43582
20140604 5.67 5.67 5.70 5.54 48173
20140605 5.66 5.74 5.75 5.61 45698
20140606 5.73 6.05 6.13 5.73 192721
20140609 6.05 6.25 6.30 5.98 240906
20140610 6.26 6.34 6.44 6.16 171292
20140611 6.33 6.42 6.42 6.25 112503
20140612 6.42 6.47 6.62 6.35 144801
20140613 6.49 6.65 6.68 6.42 119287
20140616 6.69 6.66 6.72 6.56 114388
20140617 6.65 6.66 6.81 6.59 131978
20140618 6.68 6.91 7.07 6.66 189306
20140619 7.03 6.70 7.03 6.61 111018
20140620 6.71 6.64 6.81 6.55 134804
20140623 6.65 7.12 7.14 6.65 170084
20140624 7.11 7.22 7.44 7.02 178308
20140625 7.26 7.24 7.33 7.15 109560
20140626 7.20 7.40 7.55 7.19 148744
20140627 7.36 7.46 7.57 7.28 123423
20140630 7.43 7.40 7.57 7.32 131662
20140701 7.41 7.40 7.50 7.31 123227
20140702 7.40 7.42 7.62 7.22 187836
20140703 7.31 7.44 7.58 7.31 138058
20140704 7.45 7.43 7.50 7.34 120885
20140707 7.45 7.68 7.74 7.44 217065
20140708 7.69 8.11 8.30 7.69 272526
20140709 8.12 8.00 8.24 7.95 216098
20140710 8.00 8.28 8.30 7.88 221163
20140711 8.32 8.20 8.37 8.11 132889
20140714 8.22 8.25 8.28 8.16 104883
20140715 8.21 7.50 8.25 7.43 448302
20141126 8.25 8.25 8.25 8.25 10876
20141127 9.08 9.08 9.08 9.08 13871
20141128 9.99 9.99 9.99 9.99 13446
20141201 10.99 10.99 10.99 10.99 22789
20141202 11.91 11.91 12.05 11.22 1181157
20141203 11.64 11.75 12.18 11.44 707867
20141204 11.84 11.83 12.22 11.75 442574
20141205 11.83 11.15 11.90 10.90 494718
20141208 11.00 11.47 11.67 10.83 326733
20141209 11.34 10.32 11.38 10.32 443520
20141210 10.20 11.35 11.35 10.20 356690
20141211 11.36 12.25 12.49 11.35 665470
20141212 12.30 12.16 12.49 11.73 306553
20141215 12.13 12.31 12.78 11.83 276093
20141216 12.28 12.11 12.50 12.00 172292
20141217 12.11 11.78 12.11 11.59 210484
20141218 11.80 11.79 11.87 11.63 119414
20141219 11.79 11.55 11.79 11.06 280131
20141222 11.35 10.44 11.36 10.40 367269
20141223 10.40 10.56 10.81 10.30 207285
20141224 10.30 10.73 10.88 10.00 321131
20141225 10.83 11.29 11.60 10.83 246058
20141226 11.35 11.16 11.59 10.97 171408
20141229 11.16 11.38 11.76 10.93 244498
20141230 11.36 11.30 11.54 11.01 150017
20141231 11.30 11.25 11.48 11.01 138958
20150105 11.39 11.50 11.59 11.26 181071
20150106 11.44 11.51 11.64 11.25 167462
20150107 11.75 11.44 11.85 11.30 162593
20150108 11.28 11.19 11.47 11.05 147332
20150109 11.01 11.08 11.32 11.01 89626
20150112 11.00 11.13 11.16 10.80 97747
20150113 11.26 11.33 11.47 11.25 127704
20150114 11.25 11.13 11.31 11.07 67733
20150115 11.17 11.59 11.79 11.17 217751
20150116 11.45 11.68 11.75 11.45 124313
20150119 11.39 11.50 12.20 11.03 237439
20150120 11.74 12.55 12.61 11.61 386789
20150121 12.50 12.83 13.36 12.46 377639
20150122 12.80 12.79 13.00 12.50 189825
20150123 12.79 13.00 13.30 12.79 217387
20150126 12.97 13.13 13.25 12.61 229323
20150127 13.22 12.99 13.32 12.76 240065
20150128 12.83 12.56 12.95 12.53 170831
20150129 12.36 12.36 12.73 12.20 116307
20150130 12.38 12.40 12.63 12.26 117761
20150202 12.21 12.29 12.55 12.18 80907
20150203 12.31 12.47 12.53 12.31 106856
20150204 12.49 12.31 12.52 12.29 70440
20150205 12.40 12.46 12.89 12.34 154635
20150206 12.32 12.38 12.59 12.19 77657
20150209 12.40 12.74 12.90 12.20 154468
20150210 12.62 12.56 12.65 12.28 113794
20150211 12.55 12.58 12.67 12.45 80608
20150212 12.56 12.26 12.86 12.23 163638
20150213 12.31 12.31 12.59 12.26 148080
20150216 12.45 12.27 12.45 11.91 189479
20150217 12.26 12.12 12.34 12.02 142787
20150225 12.21 12.14 12.26 12.04 76794
20150226 12.16 12.33 12.41 12.16 118653
20150227 12.35 12.38 12.41 12.29 100834
20150302 13.11 12.83 13.12 12.63 343557
20150303 12.82 13.73 14.11 12.72 434322
20150304 13.80 13.87 14.36 13.69 347348
20150305 13.90 13.48 13.92 13.34 210938
20150306 13.50 13.00 13.65 12.96 190771
20150309 13.00 13.22 13.34 13.00 120855
20150310 13.30 13.23 13.35 13.10 96959
20150311 13.25 14.03 14.24 13.11 276716
20150312 14.03 14.01 14.66 13.69 233960
20150313 13.90 13.87 14.10 13.70 123049
20150316 13.84 14.17 14.31 13.84 215360
20150317 14.17 14.03 14.20 13.90 223505
20150318 14.10 14.23 14.45 14.08 210653
20150319 14.32 14.64 14.84 14.08 281157
20150320 14.60 14.46 14.76 14.34 181535
20150323 14.70 14.61 14.78 14.48 218092
20150324 14.74 15.26 15.35 14.24 374602
20150325 15.10 15.38 15.84 14.96 298156
20150326 15.44 14.85 15.51 14.78 236851
20150327 14.87 14.84 15.10 14.60 174082
20150408 16.32 16.32 16.32 16.32 19219
20150409 17.50 16.73 17.50 15.81 716108
20150410 16.46 16.51 16.68 16.22 373481
20150413 16.51 16.35 16.70 16.25 375830
20150414 16.35 16.02 16.45 15.62 431248
20150415 16.08 15.13 16.22 14.99 327055
20150416 15.13 15.42 15.58 14.65 283614
20150417 15.42 15.30 15.73 15.28 339117
20150420 15.30 15.99 15.99 15.26 475178
20150421 16.15 17.22 17.50 16.15 533098
20150422 17.32 17.34 17.50 16.88 469045
20150423 17.40 17.29 17.48 16.87 318796
20150424 17.01 16.72 17.02 16.40 330327
20150427 16.94 17.15 17.19 16.40 435786
20150428 17.19 16.72 18.05 16.35 482703
20150429 16.60 16.60 16.85 15.99 250644
20150430 16.61 16.84 16.96 16.30 215980
20150504 16.90 17.15 17.40 16.50 283370
20150505 17.10 16.21 17.14 16.20 210790
20150506 16.33 15.40 16.53 15.36 194759
20150507 15.41 15.60 16.00 15.40 206894
20150508 15.67 15.99 16.08 15.67 189668
20150511 16.14 16.04 16.14 15.38 328692
20150512 16.06 16.98 17.02 15.85 350267
20150513 16.90 16.52 16.99 16.40 310634
20150514 16.50 16.25 16.72 16.20 222870
20150515 16.23 16.21 16.50 15.98 146628
20150518 16.23 16.38 16.96 16.12 260699
20150519 16.42 16.65 16.88 16.10 386522
20150520 16.70 16.70 17.19 16.56 458607
20150521 16.75 17.35 17.35 16.75 433724
20150522 17.80 17.51 18.00 17.26 471696
20150525 17.44 19.26 19.26 17.30 659676
20150526 20.00 19.39 20.10 19.01 591844
20150527 19.40 20.74 21.31 19.03 657822
20150528 20.76 18.67 21.25 18.67 608640
20150529 18.72 19.32 19.87 17.71 495475
20150601 20.80 20.29 20.88 19.98 515335
20150602 20.43 20.30 20.58 19.82 458922
20150603 20.31 21.50 22.03 20.01 512490
20150604 21.52 20.93 21.73 19.44 433289
20150605 21.12 21.02 21.70 20.47 419299
20150608 21.20 20.31 21.35 20.29 380964
20150609 20.31 19.90 20.49 19.65 362072
20150610 20.14 19.95 20.31 19.82 300278
20150611 19.93 20.90 21.20 19.66 410543
20150612 21.25 22.26 22.77 21.25 608516
20150615 22.26 21.76 22.75 21.30 563340
20150616 21.49 20.75 21.59 20.06 371045
20150617 20.60 21.91 22.30 20.00 384557
20150618 21.88 20.58 21.88 20.41 299089
20150619 20.04 18.53 20.55 18.52 269397
20150623 18.51 18.81 18.90 16.68 360835
20150624 18.90 19.10 19.75 18.38 407002
20150625 19.11 17.65 19.20 17.29 342092
20150626 17.00 15.89 17.00 15.89 259526
20150629 16.40 14.30 16.40 14.30 469722
20150630 13.51 14.65 14.93 12.87 557484
20150701 14.58 13.19 14.91 13.19 347936
20150702 12.95 11.87 13.35 11.87 375279
20150703 11.58 10.68 12.03 10.68 428970
20150706 11.75 11.30 11.75 9.62 737099
20150707 11.10 10.17 12.05 10.17 855167
20150714 11.19 11.19 11.19 11.19 15809
20150715 12.31 11.70 12.31 11.19 962003
20150716 11.11 12.25 12.48 10.66 671548
20150717 12.35 13.13 13.41 12.20 567522
20150720 13.15 13.74 14.19 13.08 601017
20150721 13.42 13.96 14.30 13.20 501967
20150722 13.75 14.01 14.40 13.51 454945
20150723 13.99 14.28 14.37 13.85 370708
20150724 14.37 14.00 14.76 13.80 457490
20150727 13.68 12.60 14.20 12.60 444661
20150728 12.10 11.95 12.67 11.34 603370
20150729 12.20 12.90 13.03 11.60 317171
20150730 12.88 12.56 13.50 12.56 336039
