20140102 32.55 32.68 32.90 32.40 25777
20140103 32.70 31.50 32.76 31.40 89975
20140106 31.50 30.69 31.60 30.46 55036
20140107 30.49 30.67 30.90 30.33 32381
20140108 30.69 30.57 31.07 29.85 74723
20140109 30.35 29.93 30.47 29.92 44063
20140110 29.78 28.95 29.78 28.82 46235
20140113 28.89 27.98 29.17 27.98 52384
20140114 28.04 28.57 28.62 27.48 52981
20140115 28.45 28.00 28.66 27.81 46220
20140116 28.04 28.33 28.46 28.02 35927
20140117 28.39 27.65 28.39 27.60 36999
20140120 27.60 27.83 28.17 27.12 24734
20140121 27.90 28.02 28.29 27.86 26363
20140122 28.05 29.35 29.40 28.05 60071
20140123 29.40 28.92 29.40 28.70 45739
20140124 28.89 29.17 29.45 28.70 37597
20140127 29.18 28.00 29.28 28.00 63997
20140128 27.96 28.07 28.26 27.72 30451
20140129 28.10 28.00 28.26 27.82 31798
20140130 28.05 27.41 28.18 27.30 32431
20140207 27.10 27.82 27.84 27.07 32670
20140210 27.90 29.10 29.15 27.90 65104
20140211 29.00 29.14 29.83 28.90 63557
20140212 29.45 29.69 30.15 29.40 74240
20140213 29.68 29.03 29.79 29.00 58561
20140214 29.29 29.65 29.75 29.16 53643
20140217 29.88 30.14 30.36 29.83 76877
20140218 30.38 30.72 30.79 29.82 83574
20140219 30.89 29.98 30.89 29.86 74478
20140220 30.07 29.33 30.49 29.32 58017
20140221 29.35 29.16 29.66 28.91 49270
20140224 28.99 27.90 28.99 27.85 82800
20140225 28.00 26.86 28.19 26.63 94705
20140226 26.65 26.90 27.00 26.13 51292
20140227 27.03 26.55 27.46 26.50 46762
20140228 26.60 27.01 27.08 26.43 33934
20140303 27.07 27.80 27.89 26.99 58839
20140304 27.75 27.38 27.75 27.25 59033
20140305 27.40 26.82 27.50 26.76 48125
20140306 26.90 26.75 26.90 26.32 42305
20140307 26.76 26.78 27.29 26.61 33596
20140310 26.79 25.87 26.79 25.80 40443
20140311 25.82 25.76 25.99 25.40 37073
20140312 25.75 27.39 27.54 25.53 99997
20140313 27.30 27.24 27.60 27.00 64161
20140314 27.15 26.60 27.16 26.54 39697
20140317 26.75 27.00 27.09 26.64 38577
20140318 27.20 26.73 27.20 26.65 38519
20140319 26.73 26.35 26.73 25.95 38340
20140320 26.18 25.81 26.48 25.80 36453
20140321 25.67 26.32 26.39 25.38 43887
20140324 26.34 27.14 27.40 26.16 77298
20140325 27.38 27.13 27.38 26.85 57818
20140326 27.20 26.90 27.24 26.85 37422
20140327 26.90 26.13 26.98 26.07 37959
20140328 26.25 25.49 26.26 25.25 56402
20140331 23.51 23.00 24.76 22.94 119161
20140401 22.91 23.26 23.45 22.91 43418
20140402 23.23 23.37 23.47 23.04 34122
20140403 23.40 23.31 23.66 23.26 31236
20140404 23.40 23.51 23.53 23.10 24342
20140408 23.51 23.85 23.86 23.43 40957
20140409 23.79 24.50 24.86 23.79 59218
20140410 24.58 24.43 24.88 24.30 47447
20140411 24.45 24.75 24.92 24.45 50926
20140414 24.74 24.80 24.86 24.48 30224
20140415 24.79 24.81 25.17 24.56 42008
20140416 24.75 25.51 25.73 24.45 92576
20140417 25.96 25.98 26.75 25.80 81667
20140418 25.96 25.99 26.25 25.68 42183
20140421 25.68 25.91 26.50 25.60 45809
20140422 25.80 26.60 26.67 25.28 74451
20140423 26.49 25.97 26.82 25.86 39113
20140424 26.19 25.50 26.37 25.50 35797
20140425 25.55 25.60 25.90 25.16 41579
20140428 25.65 24.81 25.65 24.80 36545
20140429 24.77 24.80 24.94 24.42 27225
20140430 24.82 25.08 25.39 24.77 20920
20140505 25.10 25.21 25.35 24.92 25488
20140506 25.30 25.99 26.17 25.26 36044
20140507 25.99 25.46 25.99 25.46 24340
20140508 25.41 25.22 25.89 25.16 22587
20140509 25.24 24.81 25.35 24.43 25781
20140512 24.93 25.32 25.44 24.60 34213
20140513 25.31 24.80 25.44 24.68 28335
20140514 24.78 24.89 24.95 24.70 14785
20140515 24.92 25.11 25.28 24.47 35395
20140516 25.05 24.84 25.24 24.73 24403
20140519 24.84 24.50 24.84 23.99 37182
20140520 24.67 24.50 24.83 24.21 25651
20140521 24.50 24.53 24.65 24.13 12198
20140522 24.60 24.53 24.88 24.35 16468
20140523 24.53 24.52 24.60 24.31 11435
20140526 24.80 24.71 24.84 24.60 14197
20140527 24.71 24.63 24.82 24.60 13021
20140528 24.61 24.88 24.88 24.51 19056
20140529 24.80 24.49 24.98 24.40 20813
20140530 24.49 24.48 24.49 24.17 17214
20140603 24.55 24.53 24.55 24.32 17146
20140604 24.50 24.22 24.53 24.06 15562
20140605 24.45 24.59 24.63 24.25 16759
20140606 24.61 24.19 24.69 24.14 16843
20140609 24.12 24.02 24.14 23.70 30189
20140610 23.93 24.30 24.35 23.84 15970
20140611 24.30 24.44 24.67 24.30 22567
20140612 24.40 24.37 24.57 24.30 15270
20140613 24.23 24.73 24.82 24.23 34700
20140616 24.77 25.02 25.24 24.70 33768
20140617 24.99 25.01 25.43 24.99 29804
20140618 25.00 24.72 25.14 24.70 19750
20140619 24.99 25.35 25.80 24.95 70293
20140620 25.32 25.21 25.35 24.88 29803
20140623 16.73 16.61 17.08 16.56 48079
20140624 16.59 16.53 16.59 16.36 29836
20140625 16.50 16.34 16.58 16.27 27318
20140626 16.32 16.54 16.65 16.26 34633
20140627 16.53 16.53 16.63 16.35 34677
20140630 16.40 16.51 16.56 16.31 40828
20140701 16.55 17.02 17.20 16.50 77913
20140702 16.99 17.11 17.17 16.86 46555
20140703 17.10 17.01 17.13 16.92 35598
20140704 17.00 17.02 17.23 16.79 68057
20140707 17.05 17.28 17.36 17.02 56608
20140708 17.29 17.52 17.55 17.06 71769
20140709 17.40 17.14 17.78 17.10 71162
20140710 17.11 16.97 17.35 16.96 47228
20140711 16.93 16.98 17.16 16.89 33385
20140714 16.98 17.03 17.13 16.90 37962
20140715 17.03 16.66 17.03 16.63 59287
20140716 16.60 16.53 16.80 16.42 38198
20140717 16.50 16.49 16.60 16.43 19338
20140718 16.45 16.60 16.80 16.41 23906
20140721 16.60 16.47 16.67 16.43 20294
20140722 16.45 16.60 16.70 16.45 30632
20140723 16.60 16.43 16.65 16.40 37099
20140724 16.35 16.33 16.49 16.28 41190
20140725 16.38 16.51 16.55 16.35 30673
20140728 16.55 16.87 16.94 16.55 66342
20140729 16.89 16.98 17.29 16.83 71896
20140730 17.00 17.02 17.03 16.86 46108
20140731 17.02 17.14 17.16 16.96 43745
20140801 17.10 16.91 17.23 16.91 69551
20140804 16.97 17.12 17.14 16.93 74079
20140805 17.16 17.09 17.19 16.95 65876
20140806 17.08 17.65 17.71 17.00 218893
20140807 17.53 17.47 17.88 17.42 136479
20140808 17.48 17.43 17.60 17.27 69418
20140811 17.46 17.65 17.68 17.37 80855
20140812 17.66 17.86 18.07 17.43 126995
20140813 17.89 18.33 18.49 17.65 184188
20140814 18.31 18.11 18.43 18.09 89513
20140815 18.18 18.20 18.38 18.08 86466
20140818 18.28 18.65 18.80 18.06 143610
20140819 18.44 18.50 18.64 18.35 101768
20140820 18.45 18.37 18.59 18.35 62969
20140821 18.32 17.91 18.38 17.77 108946
20140822 17.92 18.04 18.14 17.92 59838
20140825 18.30 18.12 18.39 18.05 74778
20140826 18.10 17.74 18.28 17.66 67515
20140827 17.64 17.66 17.79 17.62 45272
20140828 17.69 18.08 18.30 17.45 98544
20140829 17.89 18.10 18.19 17.80 55834
20140901 18.10 18.28 18.33 18.07 64126
20140902 18.30 18.37 18.43 18.18 89280
20140903 18.43 18.38 18.54 18.28 97804
20140904 18.38 18.40 18.47 18.20 92177
20140905 18.43 18.37 18.49 18.29 73620
20140909 18.37 18.49 18.50 18.27 94217
20140910 18.50 18.74 18.75 18.40 112913
20140911 18.78 18.55 19.12 18.51 161010
20140912 18.50 18.65 18.65 18.41 71345
20140915 18.63 19.06 19.24 18.50 139866
20140916 19.14 18.33 19.23 18.31 114935
20140917 18.31 18.38 18.51 18.20 65425
20140918 18.33 18.50 18.56 18.10 75123
20140922 18.91 18.52 19.20 18.51 121274
20140923 18.50 18.57 18.66 18.39 58374
20140924 18.43 18.77 18.90 18.43 86088
20140925 18.78 18.66 18.93 18.61 78585
20140926 18.55 18.43 18.71 18.35 62342
20140929 18.76 18.57 18.77 18.48 76223
20140930 18.66 18.83 18.93 18.57 94159
20141008 18.88 19.25 19.38 18.70 132149
20141009 19.28 19.26 19.48 19.03 118587
20141010 19.11 19.21 19.32 19.06 77390
20141013 19.20 19.06 19.30 18.87 83651
20141014 19.04 18.78 19.09 18.70 71914
20141015 18.00 17.62 18.09 17.55 265362
20141016 17.60 17.41 17.84 17.41 124258
20141017 17.41 17.23 17.54 16.91 91395
20141020 17.32 17.32 17.37 17.09 72320
20141021 17.40 17.47 17.63 17.33 82147
20141022 17.43 17.15 17.52 17.14 60465
20141023 17.15 16.90 17.25 16.86 65488
20141024 16.89 16.99 17.00 16.80 47850
20141027 16.94 17.24 17.26 16.81 50178
20141028 17.25 17.41 17.42 17.17 102070
20141029 17.42 17.38 17.47 17.25 105019
20141030 17.33 17.13 17.38 17.06 113934
20141031 16.96 16.67 17.06 16.54 213207
20141103 16.66 17.01 17.04 16.59 139487
20141104 17.03 16.86 17.09 16.71 78555
20141105 17.05 16.96 17.05 16.85 71341
20141106 16.97 17.18 17.19 16.81 103911
20141107 17.16 16.90 17.20 16.83 77070
20141110 16.87 16.85 16.94 16.59 89261
20141111 16.90 16.67 17.10 16.51 101910
20141112 16.64 16.81 16.85 16.52 45386
20141113 16.81 16.62 16.88 16.54 69577
20141114 16.61 16.69 16.78 16.55 56779
20141117 16.60 16.82 16.95 16.60 69381
20141118 16.81 16.91 16.94 16.76 49701
20141119 16.89 16.81 16.92 16.75 50505
20141120 16.78 16.70 16.83 16.68 43523
20141121 16.74 16.78 16.79 16.64 43830
20141124 16.90 17.21 17.29 16.83 151871
20141125 17.22 17.28 17.32 17.11 96045
20141126 17.32 17.18 17.35 17.06 85438
20141127 17.25 17.49 17.60 17.22 141704
20141128 17.42 17.25 17.50 17.14 104812
20141201 17.26 17.55 17.70 17.24 132201
20141202 17.53 18.05 18.11 17.51 200975
20141203 18.10 18.08 18.15 17.83 153888
20141204 18.08 18.17 18.24 17.93 155669
20141205 18.18 17.41 18.19 17.20 176219
20141208 17.47 17.95 18.31 17.35 187623
20141209 18.12 17.24 18.13 17.20 174527
20141210 17.28 18.32 18.63 17.28 229933
20141211 18.28 18.45 18.88 18.18 204707
20141212 18.60 18.49 18.77 18.40 121534
20141215 18.45 19.20 19.30 18.30 220050
20141216 19.20 18.91 19.43 18.78 151285
20141217 18.87 18.31 18.87 18.13 149529
20141218 18.26 18.01 18.61 18.00 177749
20141219 18.05 17.62 18.23 17.20 186782
20141222 17.70 17.75 17.98 17.27 145054
20141223 17.75 17.19 17.77 17.15 127083
20141224 17.20 17.61 17.62 17.20 111541
20141225 17.96 18.01 18.48 17.83 209890
20141226 17.90 17.94 18.03 17.67 112516
20141229 17.95 18.24 18.45 17.75 198753
20141230 18.16 18.15 18.43 17.98 133294
20141231 18.18 18.47 18.59 18.15 137405
20150105 18.80 18.90 19.20 18.50 260392
20150106 18.78 18.83 18.92 18.43 183367
20150107 18.73 18.37 19.08 18.34 162602
20150108 18.30 18.38 18.57 18.29 100239
20150109 18.40 17.92 18.55 17.88 114679
20150112 17.85 17.67 18.08 17.52 112732
20150113 17.67 18.18 18.20 17.67 109565
20150114 18.17 17.89 18.24 17.71 89052
20150115 17.88 18.00 18.10 17.80 73141
20150116 18.13 18.18 18.33 18.09 101327
20150119 17.90 17.88 18.50 17.71 157077
20150120 18.05 18.75 18.88 18.05 213395
20150121 19.11 19.60 19.61 19.11 414161
20150122 19.65 19.70 20.40 19.60 325185
20150123 19.77 19.76 20.10 19.43 246160
20150126 19.90 20.08 20.28 19.83 191434
20150127 20.16 19.61 20.20 19.45 192876
20150128 19.52 19.60 19.79 19.45 139669
20150129 19.38 19.96 20.16 19.38 209191
20150130 20.08 19.57 20.10 19.53 146506
20150202 18.96 20.00 20.50 18.73 285593
20150203 19.80 19.92 20.15 19.80 175176
20150204 19.99 20.60 20.80 19.93 284087
20150205 20.80 20.10 20.88 20.00 179700
20150206 20.03 19.45 20.18 19.23 144198
20150209 19.46 19.53 19.77 19.36 94104
20150210 19.51 19.52 19.64 19.43 100123
20150211 19.54 19.93 19.97 19.50 96409
20150212 19.98 19.90 20.15 19.87 95119
20150213 20.01 20.00 20.33 19.97 149197
20150216 20.01 20.16 20.18 19.80 133135
20150217 20.17 20.29 20.50 20.05 135812
20150225 20.35 20.00 20.45 19.92 140073
20150226 19.99 20.03 20.10 19.84 145894
20150227 20.00 19.75 20.04 19.70 146952
20150302 19.83 20.44 20.45 19.73 272972
20150303 20.30 20.18 20.73 20.14 285779
20150304 20.15 20.40 20.42 20.06 207506
20150305 20.41 21.39 21.49 20.20 358063
20150306 21.42 20.90 21.79 20.80 281884
20150309 20.88 21.28 21.42 20.58 179346
20150310 21.27 21.26 21.68 21.10 169225
20150311 21.26 20.92 21.36 20.81 148974
20150312 21.00 20.81 21.36 20.68 146235
20150313 21.60 21.31 21.98 21.20 300056
20150316 21.35 21.70 21.85 21.15 275633
20150317 21.73 21.75 21.98 21.48 252955
20150318 21.90 22.12 22.29 21.73 331411
20150319 23.99 22.81 23.99 22.66 586471
20150320 22.93 22.79 23.23 22.56 269504
20150323 23.00 23.22 23.28 22.81 278655
20150324 23.10 23.86 23.99 22.21 431799
20150325 24.11 23.82 24.83 23.65 433653
20150326 23.71 23.13 23.72 22.83 247088
20150327 22.92 23.64 23.90 22.91 217561
20150330 23.61 23.88 24.23 23.56 245063
20150331 23.73 23.52 24.08 23.36 244109
20150401 23.54 24.24 24.36 23.42 319756
20150402 24.31 24.94 24.95 24.06 329959
20150403 24.71 26.36 27.00 24.63 381725
20150409 27.00 28.68 29.00 24.24 577044
20150410 28.16 28.58 29.19 27.71 336668
20150413 28.56 28.43 28.95 27.81 323474
20150414 28.45 27.83 28.50 27.80 240497
20150415 27.62 26.25 27.62 26.25 229616
20150416 25.80 27.10 28.12 25.60 278686
20150417 27.20 26.81 27.43 26.71 188793
20150420 26.30 25.80 26.48 25.69 304705
20150421 25.65 26.76 26.87 25.65 217886
20150422 26.90 27.04 27.53 26.90 180890
20150423 27.03 27.10 27.68 26.55 230286
20150424 27.62 27.61 28.49 27.00 271512
20150427 27.61 27.64 28.20 27.22 278208
20150428 27.50 27.37 28.32 27.32 268334
20150429 27.50 27.90 28.12 27.40 176360
20150430 28.16 27.52 28.45 27.50 160158
20150504 27.53 27.96 28.16 27.20 199230
20150505 28.00 26.83 28.40 26.63 225281
20150506 27.11 26.83 27.46 26.68 169238
20150507 26.90 26.13 27.10 25.99 123627
20150508 26.38 27.10 27.10 26.27 137377
20150511 27.15 28.74 28.82 26.91 290000
20150512 28.90 28.72 29.12 28.25 217442
20150513 28.60 28.90 29.10 28.05 232372
20150514 28.90 28.89 29.32 28.70 204868
20150515 28.97 30.80 31.50 28.50 325914
20150518 30.89 32.22 32.42 30.80 311189
20150519 32.26 32.99 33.50 31.50 269806
20150520 33.20 32.94 34.32 32.70 244997
20150521 32.95 34.95 35.06 32.60 252870
20150522 35.10 36.70 36.77 34.20 300439
20150525 36.00 38.15 39.01 35.20 271779
20150526 38.50 38.36 39.50 37.50 264958
