20140102 6.03 5.95 6.03 5.89 34530
20140103 5.89 5.83 5.95 5.80 32622
20140106 5.80 5.65 5.80 5.65 31166
20140107 5.61 5.67 5.72 5.58 21171
20140108 5.66 5.69 5.75 5.66 23528
20140109 5.69 5.58 5.76 5.58 24783
20140110 5.57 5.40 5.60 5.38 39806
20140113 5.40 5.46 5.48 5.40 20750
20140114 5.46 5.53 5.55 5.43 18685
20140115 5.52 5.62 5.62 5.51 24483
20140116 5.63 5.60 5.67 5.56 23927
20140117 5.60 5.57 5.67 5.56 22103
20140120 5.57 5.47 5.57 5.43 18268
20140121 5.55 5.65 5.65 5.49 20444
20140122 5.63 5.88 5.94 5.63 47143
20140123 5.88 5.95 6.00 5.83 48888
20140124 5.94 5.94 6.01 5.87 36104
20140127 5.90 5.97 6.00 5.87 34941
20140128 5.98 5.93 6.02 5.88 21420
20140129 6.00 5.98 6.04 5.93 27577
20140130 5.96 5.94 6.02 5.88 19804
20140207 5.89 6.25 6.30 5.89 70307
20140210 6.26 6.35 6.42 6.19 76990
20140211 6.32 6.27 6.37 6.21 58725
20140212 6.28 6.50 6.55 6.28 86056
20140213 6.45 6.30 6.66 6.30 100565
20140214 6.31 6.50 6.50 6.31 69847
20140217 6.52 7.15 7.15 6.51 99143
20140218 7.50 7.12 7.57 7.02 259215
20140219 7.09 7.46 7.46 6.92 165620
20140220 7.32 7.17 7.45 7.14 105337
20140221 7.11 6.92 7.17 6.75 98146
20140224 6.93 7.07 7.13 6.88 66452
20140225 7.07 6.62 7.14 6.59 84744
20140226 6.67 6.64 6.67 6.42 77415
20140227 6.65 6.58 6.80 6.56 58119
20140228 6.50 6.48 6.56 6.21 74979
20140303 6.48 6.74 6.74 6.40 58575
20140304 6.70 6.77 6.80 6.61 46362
20140305 6.78 6.63 6.82 6.60 38768
20140306 6.59 6.59 6.62 6.42 36867
20140307 6.64 6.93 7.08 6.60 88505
20140310 6.85 6.66 7.07 6.66 79395
20140311 6.56 7.03 7.05 6.56 62914
20140312 7.05 7.19 7.32 6.87 106637
20140313 7.20 7.22 7.25 7.06 56831
20140314 7.15 7.01 7.35 6.90 64378
20140317 7.05 7.18 7.18 6.81 50076
20140318 7.12 7.01 7.24 6.93 49412
20140319 6.93 6.99 6.99 6.81 38764
20140320 6.96 6.56 6.96 6.56 54350
20140321 6.55 6.71 6.75 6.45 49170
20140324 6.72 6.74 6.79 6.65 38090
20140325 6.74 6.76 6.87 6.61 32949
20140326 6.77 6.79 6.84 6.73 22880
20140327 6.80 6.60 6.84 6.60 32887
20140328 6.63 6.62 6.69 6.43 29804
20140331 6.62 6.65 6.74 6.53 22805
20140401 6.61 6.78 6.80 6.61 22491
20140402 6.79 6.65 6.82 6.62 24023
20140403 6.66 6.90 6.95 6.65 50029
20140404 6.91 7.02 7.07 6.84 49657
20140408 7.13 7.04 7.13 6.95 41090
20140409 7.08 7.01 7.08 6.92 40458
20140410 6.99 6.98 7.07 6.93 33168
20140411 6.97 7.18 7.18 6.86 51615
20140414 7.15 7.20 7.47 7.13 83016
20140415 7.15 7.14 7.26 7.09 41397
20140416 7.10 7.16 7.17 7.00 31792
20140417 7.17 7.17 7.30 7.12 48999
20140418 7.13 7.24 7.29 6.99 49486
20140421 7.20 7.71 7.96 7.16 161535
20140422 7.75 8.00 8.10 7.59 195130
20140423 7.88 7.75 7.95 7.68 86029
20140424 7.77 7.86 7.91 7.52 85090
20140425 7.80 7.43 7.97 7.43 89562
20140428 7.45 6.81 7.45 6.80 87385
20140429 6.66 6.80 6.93 6.61 49745
20140430 6.80 6.73 6.93 6.60 50198
20140505 6.73 6.86 6.90 6.47 45492
20140506 6.84 6.83 6.95 6.79 35800
20140507 6.79 6.62 6.91 6.59 37367
20140508 6.56 6.60 6.78 6.51 29815
20140509 6.63 6.52 6.63 6.44 28521
20140512 6.58 6.67 6.70 6.55 30800
20140513 6.71 6.73 6.84 6.66 32756
20140514 6.73 6.73 6.79 6.67 21325
20140515 6.75 6.37 6.75 6.37 51369
20140516 6.30 6.35 6.39 6.23 37260
20140519 6.36 6.18 6.36 6.11 30673
20140520 6.28 6.23 6.38 6.20 21293
20140521 6.28 6.33 6.37 6.15 19604
20140522 6.36 6.28 6.43 6.25 21936
20140523 6.28 6.38 6.40 6.25 16230
20140526 6.42 6.52 6.57 6.41 26604
20140527 6.54 6.45 6.58 6.40 24051
20140528 6.46 6.62 6.62 6.45 29833
20140529 6.59 6.55 6.68 6.50 25103
20140530 6.54 6.50 6.54 6.36 26099
20140603 6.50 6.44 6.52 6.41 14444
20140604 6.44 6.36 6.44 6.28 23137
20140605 6.36 6.45 6.45 6.32 17377
20140606 6.45 6.54 6.61 6.45 25637
20140609 6.57 6.49 6.60 6.45 18906
20140610 6.49 6.53 6.55 6.41 16367
20140611 6.51 6.56 6.57 6.46 20542
20140612 6.54 6.53 6.58 6.46 17346
20140613 6.50 6.65 6.71 6.48 31835
20140616 6.63 6.67 6.75 6.62 30953
20140617 6.68 6.80 6.87 6.61 54775
20140618 6.81 6.75 6.88 6.70 30104
20140619 6.72 6.56 6.84 6.52 37312
20140620 6.53 6.48 6.59 6.35 31436
20140623 6.48 6.60 6.60 6.45 22708
20140624 6.59 6.65 6.66 6.53 22153
20140625 6.63 6.54 6.63 6.47 22723
20140626 6.55 6.96 7.19 6.55 109879
20140627 6.90 6.97 7.02 6.85 54655
20140630 6.99 6.97 7.07 6.94 42418
20140701 7.01 7.04 7.05 6.95 40494
20140702 7.03 7.10 7.17 6.98 51391
20140703 7.10 7.06 7.18 7.05 43271
20140704 7.05 6.99 7.08 6.91 47011
20140707 6.96 7.19 7.25 6.96 60409
20140708 7.17 7.23 7.33 7.12 48829
20140709 7.28 7.02 7.28 7.02 49455
20140710 6.98 6.94 7.07 6.91 38156
20140711 6.99 7.15 7.23 6.93 44714
20140714 7.14 7.28 7.28 7.12 44306
20140715 7.28 7.19 7.28 7.12 43945
20140716 7.16 7.44 7.47 7.12 85363
20140717 7.40 7.33 7.55 7.27 54600
20140718 7.31 7.32 7.36 7.20 40539
20140721 7.27 7.23 7.36 7.14 30856
20140722 7.26 7.30 7.36 7.16 36402
20140723 7.26 7.06 7.34 7.05 49913
20140724 7.00 7.05 7.13 6.91 45427
20140725 7.04 7.10 7.11 7.02 24061
20140728 7.10 7.16 7.17 7.08 40845
20140729 7.16 7.24 7.24 7.13 43369
20140730 7.22 7.28 7.29 7.20 37782
20140731 7.26 7.35 7.35 7.25 45726
20140801 7.34 7.21 7.40 7.20 53387
20140804 7.19 7.25 7.27 7.16 44104
20140805 7.26 7.35 7.35 7.20 54962
20140806 7.38 7.46 7.51 7.33 78203
20140807 7.42 7.29 7.47 7.28 43773
20140808 7.30 7.55 7.67 7.29 84470
20140811 7.54 7.63 7.67 7.51 55719
20140812 7.62 7.75 7.78 7.53 54590
20140813 7.72 7.68 7.88 7.60 71590
20140814 7.67 7.62 7.73 7.56 51317
20140815 7.61 7.69 7.74 7.57 38194
20140818 7.69 7.92 8.00 7.69 66477
20140819 7.91 7.87 8.08 7.85 53100
20140820 7.91 8.01 8.06 7.84 55821
20140821 8.02 7.86 8.06 7.77 53746
20140822 7.86 7.93 7.95 7.81 33813
20140825 8.12 8.13 8.69 8.12 128929
20140826 8.09 8.26 8.45 8.09 110865
20140827 8.18 7.98 8.27 7.90 92978
20140828 7.91 7.79 8.07 7.73 61755
20140829 7.80 7.89 7.92 7.75 32697
20140901 7.89 8.14 8.17 7.83 43163
20140902 8.18 8.26 8.40 8.13 68396
20140903 8.29 8.30 8.35 8.16 47352
20140904 8.31 8.50 8.59 8.31 91461
20140905 8.51 8.48 8.54 8.35 49805
20140909 8.49 8.42 8.50 8.35 44282
20140910 8.40 8.56 8.59 8.28 54325
20140911 8.60 8.79 8.98 8.52 103109
20140912 8.79 8.86 8.92 8.66 48317
20140915 8.86 8.88 8.95 8.75 56273
20140916 8.91 8.35 9.05 8.33 86095
20140917 8.36 8.48 8.59 8.33 68022
20140918 8.49 8.52 8.62 8.41 40683
20140919 8.52 8.50 8.60 8.38 53346
20140922 8.47 8.46 8.58 8.42 56606
20140923 8.45 8.64 8.65 8.44 49702
20140924 8.63 8.77 8.80 8.55 47397
20140925 8.80 8.75 8.94 8.71 48067
20140926 8.75 8.76 8.87 8.65 47592
20140929 9.58 9.64 9.64 9.19 172216
20140930 9.80 9.52 9.80 9.41 194751
20141008 9.44 9.52 9.69 9.30 99376
20141009 9.53 10.08 10.19 9.41 181272
20141010 10.00 10.12 10.38 9.86 124533
20141013 10.15 10.34 10.58 10.07 135224
20141014 10.26 9.85 10.38 9.84 122510
20141015 9.90 10.00 10.07 9.75 67871
20141016 9.84 9.75 9.98 9.75 76114
20141017 9.73 9.32 9.75 9.21 92519
20141020 9.31 9.40 9.45 9.21 65573
20141021 9.42 9.32 9.55 9.30 54981
20141022 9.32 8.98 9.36 8.96 60570
20141023 8.99 8.79 9.10 8.74 54307
20141024 8.80 8.73 8.92 8.68 35992
20141027 8.70 8.89 8.91 8.67 35389
20141028 8.93 9.22 9.24 8.93 63183
20141029 9.24 9.26 9.39 9.24 73824
20141030 9.26 9.22 9.36 9.12 50251
20141031 9.23 9.10 9.32 9.00 47520
20141103 9.10 9.26 9.30 9.10 37891
20141104 9.28 9.41 9.43 9.18 55261
20141105 9.42 9.24 9.49 9.20 39014
20141106 9.22 9.25 9.27 9.09 39430
20141107 9.25 9.05 9.29 8.96 51813
20141110 9.00 9.04 9.09 8.93 39887
20141111 9.00 8.53 9.05 8.42 75489
20141112 8.50 8.69 8.72 8.47 28452
20141113 8.68 8.78 8.83 8.56 45520
20141114 8.74 8.73 8.85 8.60 26351
20141117 8.70 8.98 9.02 8.70 40781
20141118 8.94 9.25 9.25 8.94 55091
20141119 9.21 9.24 9.32 9.13 42271
20141120 9.24 9.16 9.32 9.14 27143
20141121 9.18 9.36 9.45 9.13 49317
20141124 9.38 9.39 9.50 9.31 53808
20141125 9.41 9.53 9.59 9.32 58066
20141126 9.54 9.72 9.74 9.42 62750
20141127 9.72 10.20 10.32 9.55 118835
20141128 10.21 10.29 10.41 9.83 93724
20141201 10.29 10.17 10.39 10.03 100098
20141202 10.05 10.49 10.57 10.04 186673
20141203 10.47 10.45 10.49 10.17 112405
20141204 10.45 10.80 11.28 10.33 264900
20141205 10.70 10.82 11.20 10.10 223838
20141208 10.76 11.13 11.32 10.42 314147
20141209 10.70 10.02 11.07 10.02 360495
20141210 9.62 9.80 10.19 9.38 174593
20141211 9.75 9.79 9.84 9.50 80050
20141212 9.80 9.89 9.96 9.74 60497
20141215 9.84 10.00 10.07 9.66 59995
20141216 10.05 10.02 10.22 10.00 59026
20141217 10.02 9.73 10.07 9.64 68062
20141218 9.73 9.74 9.87 9.53 40664
20141219 9.70 9.32 9.70 9.28 67444
20141222 9.90 9.97 10.25 9.72 161749
20141223 9.80 9.36 9.90 9.30 82002
20141224 9.35 9.59 9.66 9.35 61522
20141225 9.59 9.88 10.05 9.53 71909
20141226 9.86 9.82 9.93 9.64 54658
20141229 9.82 9.42 9.82 9.40 51703
20141230 9.40 9.03 9.49 8.95 65964
20141231 9.12 8.89 9.12 8.80 59330
20150105 8.91 9.03 9.05 8.60 64231
20150106 8.97 9.25 9.28 8.80 59308
20150107 9.20 9.07 9.25 8.93 42180
20150108 9.09 9.06 9.16 8.96 34965
20150109 9.05 8.96 9.10 8.95 31047
20150112 8.91 8.67 8.92 8.62 40064
20150113 8.67 8.81 8.84 8.62 24665
20150114 8.73 8.83 8.86 8.71 26046
20150115 8.84 9.04 9.09 8.83 35723
20150116 9.10 9.00 9.12 8.93 29214
20150119 8.87 8.63 8.99 8.60 36620
20150120 8.62 8.91 8.93 8.62 29348
20150121 8.99 9.23 9.28 8.91 62017
20150122 9.24 9.31 9.38 9.13 48461
20150123 9.33 9.27 9.40 9.15 56618
20150126 9.24 9.57 9.57 9.23 116556
20150127 9.57 9.79 9.82 9.48 140075
20150128 9.89 9.57 9.89 9.52 95130
20150129 9.39 9.41 9.52 9.36 41110
20150130 9.42 9.42 9.54 9.38 38468
20150202 9.37 9.33 9.43 9.30 29327
20150203 9.35 9.43 9.48 9.31 27485
20150204 9.45 9.30 9.46 9.29 28343
20150205 9.38 9.24 9.39 9.22 36327
20150206 9.24 8.93 9.24 8.90 39821
20150209 8.92 8.94 9.00 8.84 25165
20150210 8.98 9.03 9.03 8.91 21386
20150211 9.03 9.04 9.11 9.00 21729
20150212 9.08 9.17 9.20 9.05 28797
20150213 9.17 9.32 9.38 9.17 31955
20150216 9.35 9.43 9.46 9.27 28241
20150217 9.47 9.38 9.48 9.29 22853
20150225 9.38 9.41 9.47 9.27 30593
20150226 9.41 9.55 9.55 9.37 38460
20150227 9.56 9.69 9.75 9.56 48623
20150302 9.86 10.03 10.18 9.77 99836
20150303 10.00 9.92 10.12 9.91 72510
20150304 9.90 9.99 10.04 9.88 54584
20150305 10.04 10.36 10.36 9.99 95917
20150306 10.43 10.12 10.45 10.10 64702
20150309 10.12 10.10 10.15 9.95 50097
20150310 10.10 10.14 10.34 10.10 48557
20150311 10.14 10.15 10.23 10.06 40538
20150312 10.18 10.11 10.30 10.07 46794
20150313 10.19 10.31 10.44 10.17 52077
20150316 10.43 11.03 11.17 10.43 152042
20150317 11.14 11.10 11.33 10.90 168031
20150318 11.12 12.21 12.21 11.05 284645
20150319 12.29 12.72 12.98 12.20 263326
20150320 12.72 12.89 13.00 12.56 154339
20150323 12.90 12.85 12.96 12.65 115286
20150324 12.88 12.88 12.98 12.28 160581
20150325 12.87 13.80 14.17 12.55 162212
20150326 13.55 13.93 14.70 13.33 155130
20150327 13.93 14.04 14.16 13.58 88400
20150330 14.20 14.83 14.99 13.94 137694
20150331 15.89 15.90 16.31 15.24 227143
20150401 15.90 16.20 16.66 15.68 243912
20150402 15.88 16.02 16.16 15.65 170872
20150403 15.89 15.78 16.04 15.57 136733
20150407 16.19 17.30 17.32 16.09 249839
20150408 11.82 11.19 11.98 11.13 418208
20150409 11.20 12.00 12.31 10.14 430776
20150410 11.90 11.82 12.09 11.39 258055
20150413 11.82 11.62 11.99 11.41 243127
20150414 11.60 11.37 11.60 11.25 176986
20150415 11.37 10.71 11.37 10.58 160832
20150416 10.53 10.60 11.10 10.18 160834
20150417 10.72 10.76 10.93 10.50 154974
20150420 10.74 10.35 10.74 10.33 175449
20150421 10.39 10.90 10.90 10.39 125921
20150422 10.90 11.44 11.64 10.80 255051
20150423 11.40 11.30 11.62 11.20 200626
20150424 11.10 11.09 11.22 10.91 167730
20150427 11.51 11.55 11.62 11.10 349637
20150428 12.71 12.71 12.71 12.71 129914
20150429 13.00 12.31 13.48 12.17 698139
20150430 12.55 13.54 13.54 12.55 579570
20150504 14.39 14.80 14.89 13.70 599478
20150505 14.61 14.05 14.61 13.53 452336
20150506 13.85 13.12 13.99 12.82 386399
20150507 12.80 11.89 12.80 11.81 269387
20150508 12.07 13.08 13.08 12.07 531734
20150511 13.45 14.20 14.39 13.08 590048
20150512 14.40 14.45 14.93 13.93 417254
20150513 14.20 14.36 14.79 13.80 301543
20150514 14.36 14.27 14.70 13.99 231388
20150515 14.00 13.45 14.16 13.01 271038
20150518 13.42 13.93 14.31 13.15 232335
20150519 13.70 15.32 15.32 13.61 411855
20150520 15.84 16.12 16.85 15.73 429828
20150521 16.18 16.55 16.82 15.80 320830
20150522 16.54 16.46 17.33 16.00 249994
20150525 16.00 16.24 16.60 15.53 313689
20150526 16.20 17.46 17.85 16.11 375796
20150527 17.40 16.80 17.77 16.69 285648
20150528 16.81 15.12 16.99 15.12 286965
20150529 14.86 15.37 15.98 14.00 210989
20150601 16.02 16.18 16.62 15.98 177027
20150602 16.21 16.56 16.57 15.82 237287
20150603 16.62 17.13 17.30 16.30 279492
20150604 17.16 16.95 17.45 16.00 239723
20150605 17.10 18.25 18.60 16.83 405902
20150608 17.55 17.17 17.99 17.00 381018
20150609 16.88 16.73 17.17 16.53 200260
20150610 16.75 17.07 17.38 16.40 191074
20150611 17.07 16.76 17.15 16.50 212770
20150612 16.73 16.90 17.04 16.51 212943
20150615 16.80 16.02 16.80 15.80 228210
20150616 15.60 14.96 15.75 14.80 153554
20150617 15.29 15.97 15.97 14.58 170860
20150618 16.00 16.24 16.88 15.78 190680
20150619 15.69 14.70 15.96 14.65 118833
20150623 14.80 15.21 15.25 13.30 115654
20150624 15.30 15.32 15.69 14.88 114253
20150625 15.48 14.60 15.58 14.35 114091
20150626 14.17 13.14 14.40 13.14 132144
20150629 13.57 12.74 13.98 11.90 257496
20150630 12.80 13.20 13.64 11.47 191230
20150701 13.11 13.15 14.11 12.68 187109
20150702 13.48 12.57 13.57 12.17 170938
20150703 12.20 11.31 12.75 11.31 159651
20150706 12.44 10.18 12.44 10.18 132861
20150707 9.23 9.16 9.28 9.16 18272
