20140102 30.25 30.00 30.46 29.99 3540
20140103 29.88 30.34 30.36 29.48 4428
20140106 30.00 30.64 31.20 30.00 9181
20140107 30.90 30.58 30.90 30.22 3490
20140108 30.48 30.30 30.84 30.30 3795
20140109 30.40 28.81 30.47 28.81 5258
20140110 28.80 29.11 29.64 28.80 4250
20140113 29.75 29.25 29.75 28.90 2946
20140114 29.20 29.43 29.59 28.60 3384
20140115 29.35 29.96 30.49 29.35 3155
20140116 29.96 31.45 32.46 29.96 12026
20140117 31.00 30.53 31.20 30.45 5413
20140120 30.50 30.56 31.08 30.48 5127
20140121 30.57 30.58 31.00 30.50 4458
20140122 30.59 31.07 31.09 30.46 6406
20140123 31.25 30.83 31.30 30.72 5500
20140124 30.83 32.03 32.20 30.63 13757
20140127 32.03 33.72 33.98 31.72 23884
20140128 33.73 33.50 33.95 33.00 12246
20140129 33.01 33.65 33.98 32.38 14471
20140130 33.47 33.34 33.63 33.20 5166
20140207 32.99 36.55 36.59 32.88 21772
20140210 37.20 40.21 40.21 37.10 52591
20140211 41.00 44.23 44.23 39.88 81618
20140212 45.65 46.22 48.64 44.40 60653
20140213 46.33 45.00 48.10 44.51 49522
20140214 44.60 44.88 45.50 44.25 32660
20140217 45.16 45.43 46.17 44.31 33976
20140218 45.20 44.55 45.20 43.47 45875
20140219 44.35 44.78 44.78 43.55 38060
20140220 44.74 42.39 44.74 42.18 39632
20140221 42.00 42.05 43.12 41.47 25707
20140224 42.39 42.20 42.39 40.95 34355
20140225 42.30 39.00 42.71 38.10 49026
20140226 39.14 41.45 41.47 39.14 57734
20140227 41.99 42.70 45.55 41.27 64957
20140228 40.80 46.97 46.97 40.80 57327
20140303 48.17 48.80 50.60 45.29 46282
20140304 47.86 50.95 53.66 47.00 45741
20140305 50.09 49.10 50.50 48.23 27228
20140306 48.60 47.45 48.60 46.01 20507
20140307 47.36 49.30 52.20 47.00 28066
20140310 48.15 47.48 51.89 46.00 28562
20140311 46.50 44.34 48.33 43.00 23340
20140312 44.01 45.59 47.18 43.67 28163
20140313 45.60 46.18 46.20 44.12 14812
20140314 45.90 44.50 45.90 44.20 13229
20140317 44.90 48.95 48.95 44.90 26749
20140318 49.88 49.80 51.01 47.91 25842
20140319 49.23 50.80 52.81 49.01 24282
20140320 50.10 47.61 50.88 47.20 19953
20140321 47.02 52.37 52.37 47.01 21779
20140324 55.01 51.99 55.01 51.55 28689
20140325 50.85 50.48 51.94 49.50 16919
20140326 50.50 50.99 53.35 50.02 18116
20140327 50.21 50.63 52.07 49.36 13503
20140328 50.05 48.24 50.69 48.10 13812
20140331 48.67 48.68 50.09 47.10 7373
20140401 48.15 50.91 50.99 48.15 11258
20140402 51.39 48.88 51.90 48.50 16033
20140403 49.10 48.60 49.78 47.89 8689
20140404 48.06 48.76 49.50 48.05 6173
20140408 48.07 47.86 48.55 47.05 8581
20140409 47.50 48.10 48.50 47.48 5837
20140410 48.10 50.03 51.05 47.80 13551
20140411 49.55 50.38 50.45 49.03 7921
20140414 50.00 49.87 51.10 49.46 7102
20140415 49.71 50.40 50.55 49.41 6521
20140416 49.80 49.00 50.33 48.68 6165
20140417 49.10 49.09 49.59 48.53 4393
20140418 48.84 49.00 49.44 48.84 3639
20140421 49.46 48.53 49.46 47.99 4728
20140422 48.53 45.15 48.53 44.00 17908
20140423 45.50 44.39 45.88 44.00 9634
20140424 44.04 44.07 44.80 43.52 3261
20140425 44.05 44.69 45.68 43.55 7550
20140428 44.76 43.16 45.50 43.05 4205
20140825 47.48 47.48 47.48 47.48 238
20140826 52.23 52.23 52.23 52.23 414
20140827 57.45 57.45 57.45 57.45 32186
20140828 58.88 60.00 63.15 58.00 63411
20140829 59.03 58.67 59.80 57.41 28752
20140901 58.67 58.50 59.78 58.02 15411
20140902 58.48 59.45 61.50 58.12 25934
20140903 59.75 59.11 59.80 58.51 17248
20140904 58.80 59.08 59.20 58.04 22214
20140905 59.14 60.30 61.00 58.88 16537
20140909 60.34 59.47 60.34 59.00 13289
20140910 59.20 58.43 59.20 57.69 11408
20140911 58.40 56.74 58.95 56.47 18570
20140912 56.62 57.20 57.49 56.45 12801
20140915 56.91 56.37 56.97 55.55 18050
20140916 56.50 55.66 57.55 55.30 11322
20140917 55.71 54.80 56.56 53.60 12047
20140918 54.85 55.54 55.75 54.00 8666
20140919 55.51 58.11 60.00 55.50 23441
20140922 58.10 56.15 58.43 56.01 10340
20140923 56.18 55.66 56.56 55.00 7067
20140924 55.72 57.01 59.21 55.06 10432
20140925 57.30 56.42 57.49 56.20 8364
20140926 56.86 55.90 58.86 55.72 10367
20140929 56.21 56.18 56.40 55.20 7476
20140930 56.26 56.05 56.60 55.60 4654
20141008 56.05 57.04 57.39 55.53 6883
20141009 57.47 58.58 59.30 57.01 12298
20141010 58.11 58.25 58.60 57.21 10089
20141013 58.53 57.55 58.53 57.36 7589
20141014 57.21 56.52 58.49 56.40 7880
20141015 56.56 55.90 56.95 55.40 7037
20141016 55.62 54.94 56.49 54.90 6712
20141017 54.81 54.00 55.19 53.40 6669
20141020 54.08 54.90 54.98 53.60 4010
20141021 54.98 53.79 55.40 53.60 4996
20141022 53.81 52.06 54.12 51.68 7824
20141023 52.00 50.00 52.29 50.00 11093
20141024 50.05 52.37 52.37 48.66 7238
20141027 50.86 51.60 51.88 50.71 6140
20141028 51.60 52.72 52.96 51.11 10248
20141029 53.22 53.46 54.18 52.25 9052
20141030 53.36 51.90 53.36 51.51 9320
20141031 51.90 51.62 52.57 51.40 4736
20141103 51.41 51.65 52.20 51.16 5316
20141104 51.64 53.09 53.45 51.60 8755
20141105 53.30 53.00 53.78 52.03 6389
20141106 53.10 53.11 53.38 52.50 5297
20141107 53.35 53.40 54.30 53.33 11444
20141110 53.60 53.00 53.60 52.51 4886
20141111 53.00 49.71 53.00 48.82 12154
20141112 49.71 49.99 50.35 49.09 4876
20141113 49.68 49.80 50.40 48.90 7461
20141114 49.65 51.81 52.75 49.61 12220
20141117 51.50 51.86 52.30 51.00 6053
20141118 51.84 51.82 52.49 51.50 3893
20141119 51.59 51.32 52.20 51.04 3767
20141120 51.12 50.55 51.65 50.47 3927
20141121 50.30 51.53 51.68 50.30 4902
20141124 52.00 52.91 53.25 51.64 7523
20141125 52.91 53.50 54.12 52.64 8770
20141126 54.18 53.02 54.50 52.98 9263
20141127 53.04 54.70 55.89 53.04 16833
20141128 54.18 52.58 54.90 52.35 15326
20141201 52.46 50.84 52.58 50.10 9671
20141202 51.28 50.55 51.57 50.38 10118
20141203 50.45 51.95 53.59 49.63 18741
20141204 51.94 51.36 52.41 51.00 16256
20141205 51.35 49.77 51.36 48.80 17869
20141208 49.01 48.00 49.77 47.90 18202
20141209 47.76 44.01 47.76 43.80 19660
20141210 44.03 44.30 45.59 41.78 46305
20141211 45.60 46.04 46.40 45.02 32454
20141212 46.35 46.31 46.38 45.22 16999
20141215 46.21 47.11 47.48 45.99 16910
20141216 46.90 46.47 47.42 46.32 12704
20141217 46.01 47.27 47.58 44.51 17964
20141218 47.30 47.09 48.26 46.80 15092
20141219 47.09 45.16 47.27 44.60 16218
20141222 45.32 43.09 45.33 42.20 9129
20141223 42.85 43.40 44.28 42.80 6480
20141224 43.31 43.93 44.15 43.31 5691
20141225 44.06 43.12 44.21 42.95 10982
20141226 43.00 43.15 43.54 42.60 6260
20141229 43.15 41.07 43.15 40.99 12630
20141230 41.23 40.70 42.27 40.50 6072
20141231 40.40 40.39 41.15 39.60 8391
20150105 40.62 41.96 42.39 40.08 11465
20150106 41.41 42.80 43.15 41.40 10470
20150107 42.50 42.78 43.48 42.30 5948
20150108 42.91 42.43 42.91 42.10 4859
20150109 42.35 42.65 43.61 42.35 10226
20150112 42.40 45.40 46.92 42.10 21200
20150113 46.35 49.35 49.38 46.29 32531
20150114 48.01 48.26 51.29 48.00 28188
20150115 48.18 47.94 49.70 47.61 12641
20150116 47.93 47.87 48.10 46.60 11453
20150119 46.80 47.07 49.37 46.06 12573
20150120 47.07 47.92 48.48 46.81 12130
20150121 48.00 48.52 48.92 47.50 13870
20150122 48.85 49.10 49.33 48.18 15799
20150217 54.01 54.01 54.01 54.01 1070
20150225 58.98 56.65 58.98 55.00 38737
20150226 56.00 59.70 61.60 54.65 42272
20150227 59.70 57.88 59.70 57.02 29878
20150302 57.89 59.00 61.38 57.89 42769
20150303 58.80 57.90 59.90 57.50 19444
20150304 57.63 56.60 58.38 56.35 21677
20150305 56.65 58.90 59.59 54.90 37486
20150306 58.10 56.40 58.55 55.60 25764
20150309 55.65 55.08 55.75 54.65 16756
20150310 55.00 54.61 55.00 53.97 15736
20150311 54.65 52.95 55.00 52.50 20684
20150312 53.12 53.29 53.48 52.59 14153
20150313 53.33 51.00 53.60 50.00 83464
20150316 50.95 51.96 52.00 50.50 72019
20150317 52.50 51.70 53.10 51.45 98051
20150318 52.06 53.41 53.48 51.80 111273
20150319 53.41 54.97 55.52 52.63 121214
20150320 55.30 54.12 56.29 53.94 106450
20150323 54.30 53.89 54.89 53.53 108987
20150324 53.73 57.00 57.02 53.73 171089
20150325 57.00 58.02 58.50 56.00 148608
20150326 57.30 58.40 60.20 57.06 107046
20150327 58.08 57.53 58.10 56.51 51859
20150330 57.50 56.47 57.50 56.05 63729
20150331 56.80 56.83 58.28 56.18 51220
20150401 56.87 62.51 62.51 56.87 55517
20150402 67.77 67.91 68.76 64.66 117986
20150403 69.08 69.64 72.18 67.78 112317
20150407 68.69 70.79 73.00 67.01 66168
20150408 69.35 66.48 70.20 66.00 67110
20150409 66.00 68.80 68.92 63.20 69239
20150410 68.00 75.68 75.68 67.01 65032
20150413 72.00 73.85 76.00 71.89 85148
20150414 73.16 70.30 75.37 69.67 62468
20150415 70.02 65.00 71.94 64.81 52646
20150416 64.94 65.40 68.20 64.00 53119
20150417 66.75 65.08 67.86 64.83 47670
20150420 65.50 63.21 66.88 62.99 55002
20150421 63.28 65.92 66.00 62.90 44196
20150422 67.50 67.98 69.00 66.88 59305
20150423 68.29 68.98 70.85 68.29 69834
20150424 68.20 66.17 68.20 64.80 58357
20150427 66.36 66.51 67.93 65.00 45972
20150428 67.06 63.43 67.76 62.77 60420
20150429 63.05 64.40 65.10 63.01 38255
20150430 64.40 64.60 65.70 64.01 41209
20150504 65.40 69.00 70.80 65.31 90504
20150505 67.88 63.91 68.89 62.60 61095
20150506 64.57 61.88 65.23 61.50 45372
20150507 61.80 59.88 62.80 59.00 40372
20150508 60.86 61.70 61.70 59.89 51448
20150511 62.60 64.07 64.49 61.70 61924
20150512 64.00 64.97 65.48 63.66 62460
20150513 65.06 65.34 67.02 64.51 63152
20150514 65.80 64.35 66.38 63.00 68001
20150515 64.67 65.91 67.54 64.30 76258
20150518 66.25 68.00 68.79 65.15 108213
20150519 68.31 67.90 70.54 67.01 94722
20150520 69.10 68.66 70.24 67.70 117926
20150521 68.87 70.57 70.89 67.60 111951
20150522 70.28 69.82 72.00 69.00 101097
20150525 68.80 69.79 69.80 67.00 100021
20150526 69.89 71.86 73.00 69.89 97371
20150527 71.74 70.58 71.74 68.66 106455
20150528 71.00 68.70 77.50 68.50 139938
20150529 69.00 75.30 75.57 64.00 191509
20150601 76.44 78.38 79.55 75.71 130251
20150602 79.49 79.00 82.78 76.83 108701
20150603 78.20 78.50 81.37 75.30 104306
20150604 78.51 84.98 85.50 73.50 122623
20150605 86.05 88.70 93.10 83.51 157034
20150608 90.10 84.90 90.10 82.23 92977
20150609 84.96 85.80 86.84 83.01 61250
20150610 84.83 87.41 88.00 83.38 70220
20150611 88.66 87.90 91.00 87.00 66406
20150612 88.10 92.35 95.80 87.10 96412
20150615 93.00 89.98 93.20 88.00 60349
20150616 89.48 82.64 89.48 82.00 62701
20150617 83.50 84.50 84.90 78.88 56388
20150618 85.00 82.75 88.00 82.66 63812
20150619 81.25 74.88 83.98 74.88 46339
20150623 75.00 75.41 77.00 68.13 63419
20150624 76.68 75.01 76.99 72.50 57949
20150625 75.97 72.01 75.97 70.81 52114
20150626 69.03 64.81 70.00 64.81 49335
20150629 65.99 58.33 67.00 58.33 81943
20150630 52.60 61.80 61.81 52.50 96138
20150701 60.90 57.90 64.69 57.80 76966
20150702 56.50 52.11 59.68 52.11 67475
20150703 48.77 46.90 54.50 46.90 80139
20150706 51.59 43.50 51.59 42.21 123349
20150707 41.55 39.15 41.55 39.15 53904
20150708 35.24 37.80 39.15 35.24 324783
20150709 36.11 41.58 41.58 36.10 76791
20150710 45.00 45.74 45.74 43.50 26658
20150713 50.31 50.31 50.31 49.86 65519
20150714 55.00 55.28 55.34 51.51 155041
20150715 54.00 49.75 54.55 49.75 107459
20150716 49.75 52.77 54.10 45.96 76058
20150717 52.91 57.02 58.00 52.77 75422
20150720 57.24 57.67 60.85 55.89 86579
20150721 56.00 56.76 58.25 55.20 49956
20150722 56.80 57.01 58.00 55.00 52426
20150723 57.40 62.71 62.71 57.06 94718
20150724 62.90 60.79 65.66 60.68 77867
20150727 59.78 55.05 64.01 55.00 103570
20150728 55.10 56.36 58.60 50.88 111767
20150729 57.40 60.88 61.00 54.50 79347
20150730 60.00 60.99 64.98 59.00 102474
