20140102 7.56 7.58 7.62 7.51 29827
20140103 7.61 7.67 7.74 7.55 37992
20140106 7.68 7.35 7.69 7.34 34568
20140107 7.35 7.39 7.48 7.31 20302
20140108 7.42 7.37 7.47 7.33 26714
20140109 7.38 7.15 7.44 7.15 38302
20140110 7.11 6.86 7.18 6.81 40299
20140113 6.82 6.91 6.95 6.80 20364
20140114 6.95 7.07 7.07 6.85 18964
20140115 7.10 7.08 7.13 7.01 17764
20140116 7.08 7.10 7.15 7.06 14561
20140117 7.07 6.92 7.07 6.90 19161
20140120 6.90 6.84 6.94 6.80 14809
20140121 6.85 7.00 7.03 6.84 21533
20140122 7.01 7.16 7.19 7.01 28513
20140123 7.14 7.51 7.78 7.11 85010
20140124 7.41 7.46 7.55 7.32 48784
20140127 7.38 7.68 7.74 7.35 66816
20140128 7.65 7.56 7.80 7.52 55377
20140129 7.52 7.57 7.65 7.52 29995
20140130 7.60 7.43 7.60 7.41 23187
20140207 7.35 7.65 7.67 7.35 34337
20140210 7.60 7.99 8.10 7.58 112229
20140211 7.98 7.79 8.03 7.74 81400
20140212 7.79 8.03 8.08 7.76 85933
20140213 8.03 7.83 8.18 7.81 92559
20140214 7.81 7.88 7.91 7.75 50718
20140217 7.91 7.99 7.99 7.84 63491
20140218 8.00 8.09 8.18 7.96 92748
20140219 8.05 7.95 8.12 7.91 74050
20140220 7.93 7.67 8.02 7.63 66105
20140221 7.68 8.16 8.20 7.67 191888
20140224 8.03 8.29 8.30 7.98 157356
20140225 8.28 7.82 8.33 7.70 115803
20140226 7.75 8.39 8.39 7.66 153655
20140227 8.38 8.21 8.49 8.13 155158
20140228 8.19 8.29 8.33 7.95 106410
20140303 8.20 8.27 8.35 8.13 92402
20140304 8.25 8.42 8.46 8.08 143445
20140305 8.37 8.18 8.48 8.13 99452
20140306 8.14 8.45 8.58 8.10 160115
20140307 8.43 8.37 8.49 8.26 102254
20140310 8.32 7.84 8.32 7.83 96675
20140311 7.79 8.09 8.13 7.76 79444
20140312 8.01 8.34 8.48 7.97 165979
20140313 8.20 8.13 8.28 8.01 108392
20140314 8.05 8.35 8.57 8.01 181965
20140317 8.30 8.58 8.60 8.26 196324
20140318 8.50 8.64 8.66 8.44 153998
20140319 8.60 8.84 9.19 8.53 307766
20140320 8.70 8.43 8.92 8.40 169315
20140321 8.32 8.56 8.60 8.23 128945
20140324 8.53 8.75 9.00 8.46 165149
20140325 8.65 8.45 8.73 8.36 142472
20140326 8.42 8.43 8.51 8.34 77159
20140327 8.37 8.02 8.40 8.00 122898
20140328 8.00 7.86 8.11 7.85 66855
20140331 7.80 7.85 7.99 7.80 35183
20140401 7.83 7.92 7.95 7.81 31831
20140402 7.92 7.63 7.98 7.60 63562
20140403 7.60 7.72 7.80 7.54 48617
20140404 7.64 7.74 7.74 7.64 29451
20140408 7.68 7.85 7.89 7.68 38857
20140409 7.82 7.89 7.91 7.81 38883
20140410 7.87 7.88 7.95 7.84 37814
20140411 7.81 7.70 7.83 7.67 44253
20140414 7.68 7.84 7.84 7.66 30509
20140415 7.85 7.75 7.85 7.72 31430
20140416 7.70 7.73 7.78 7.68 28352
20140417 7.71 7.61 7.73 7.60 40969
20140418 7.60 7.61 7.62 7.52 27326
20140421 7.58 7.48 7.66 7.48 29947
20140422 7.44 7.43 7.55 7.37 27499
20140423 7.46 7.47 7.50 7.43 14031
20140424 7.45 7.33 7.50 7.32 23199
20140425 7.32 7.11 7.36 7.10 28447
20140428 7.09 6.87 7.09 6.85 27673
20140429 6.87 7.03 7.03 6.87 17192
20140430 7.03 7.06 7.07 7.00 14919
20140505 7.08 7.22 7.25 7.06 26456
20140506 7.21 7.19 7.27 7.14 23986
20140507 7.19 7.06 7.24 7.04 20207
20140508 7.05 7.11 7.19 7.00 14397
20140509 7.11 7.19 7.22 7.08 19986
20140512 7.26 7.33 7.40 7.21 34702
20140513 7.31 7.26 7.42 7.25 25018
20140514 7.26 7.27 7.34 7.23 20392
20140515 7.28 7.05 7.32 7.03 21370
20140516 7.04 7.11 7.11 7.01 15618
20140519 7.16 7.28 7.36 7.09 30031
20140520 7.32 7.23 7.36 7.22 19286
20140521 7.20 7.25 7.27 7.13 14492
20140522 7.28 7.29 7.48 7.22 49106
20140523 7.29 7.27 7.31 7.18 27569
20140526 7.26 7.34 7.34 7.23 25811
20140527 7.35 7.65 7.69 7.32 120747
20140528 7.58 7.61 7.66 7.45 100277
20140529 7.60 7.51 7.70 7.50 53995
20140530 7.49 7.56 7.75 7.45 66924
20140603 7.53 7.37 7.54 7.35 48235
20140604 7.37 7.18 7.41 7.07 48377
20140605 7.12 7.24 7.25 7.12 23546
20140606 7.22 7.14 7.24 7.10 30609
20140609 7.16 7.16 7.21 7.12 17483
20140610 7.15 7.29 7.30 7.11 36598
20140611 7.26 7.30 7.31 7.23 22154
20140612 7.28 7.16 7.28 7.14 32277
20140613 7.14 7.34 7.35 7.14 49042
20140616 7.35 7.34 7.36 7.29 33681
20140617 7.34 7.45 7.64 7.33 80032
20140618 7.39 8.19 8.20 7.39 344560
20140710 7.85 8.32 8.72 7.51 390377
20140711 8.35 8.25 8.55 8.11 187590
20140714 8.20 8.31 8.45 8.11 138085
20140715 8.27 8.24 8.34 8.08 105610
20140716 8.17 8.35 8.51 8.11 225969
20140717 8.28 8.13 8.32 8.06 102498
20140718 8.06 8.13 8.23 8.06 69557
20140721 8.13 8.09 8.18 8.04 46742
20140722 8.09 8.17 8.33 8.01 66354
20140723 8.20 8.47 8.94 8.20 195756
20140724 8.30 8.16 8.40 8.03 98549
20140725 8.12 8.25 8.28 8.11 45618
20140728 8.25 8.31 8.35 8.19 53405
20140729 8.26 8.29 8.39 8.22 56723
20140730 8.30 8.41 8.44 8.26 71753
20140731 8.36 8.54 8.55 8.32 92838
20140801 8.45 8.30 8.49 8.28 92089
20140804 8.25 8.56 8.63 8.23 93594
20140805 8.52 8.57 8.62 8.47 66493
20140806 8.60 8.68 8.95 8.53 160552
20140807 8.63 8.59 8.65 8.46 91775
20140808 8.58 8.70 8.75 8.49 67875
20140811 8.76 9.21 9.31 8.76 222970
20140812 9.19 9.12 9.22 9.02 98258
20140813 9.06 9.14 9.15 8.83 92471
20140814 9.16 8.88 9.16 8.87 93517
20140815 8.87 8.99 9.07 8.87 53398
20140818 8.99 9.29 9.48 8.95 167816
20140819 9.29 9.54 9.75 9.26 162588
20140820 9.46 9.49 9.61 9.40 69255
20140821 9.50 9.34 9.54 9.18 70548
20140822 9.30 9.41 9.45 9.20 68208
20140825 9.42 9.55 9.75 9.30 81470
20140826 9.48 9.16 9.53 9.10 94475
20140827 9.20 9.23 9.33 9.05 58212
20140828 9.22 9.48 9.68 9.16 109455
20140829 9.42 9.90 10.23 9.41 145272
20140901 9.90 9.97 10.09 9.71 108302
20140902 10.18 10.04 10.28 9.84 123801
20140903 10.06 10.04 10.15 9.94 119328
20140904 10.08 10.06 10.15 9.99 81002
20140905 10.06 10.18 10.51 10.05 125932
20140909 10.19 10.24 10.51 10.01 106100
20140910 10.24 10.14 10.25 10.03 93932
20140911 10.15 10.00 10.27 9.86 92587
20140912 9.99 10.06 10.10 9.86 66542
20140915 10.08 10.06 10.20 9.93 80742
20140916 10.07 9.63 10.13 9.53 85065
20140917 9.64 9.52 9.68 9.38 74061
20140918 9.52 9.69 9.69 9.40 78056
20140919 9.64 9.83 9.90 9.59 57872
20140922 9.81 9.71 9.81 9.58 50269
20140923 9.71 9.82 9.88 9.59 61634
20140924 9.83 10.05 10.07 9.75 72862
20140925 10.01 9.94 10.12 9.90 64610
20140926 9.90 9.98 10.05 9.89 54826
20140929 9.97 10.00 10.08 9.97 56060
20140930 10.00 10.36 10.37 10.00 99937
20141008 10.38 11.03 11.37 10.38 210931
20141009 11.01 11.08 11.34 10.98 131765
20141010 11.28 11.18 11.28 11.05 101426
20141013 11.20 11.16 11.25 10.80 103924
20141014 11.18 11.76 11.91 11.12 137819
20141015 11.65 11.72 12.50 11.38 135944
20141016 11.62 11.30 11.94 11.30 88683
20141017 11.28 11.18 11.39 10.60 95778
20141020 11.10 11.20 11.47 10.98 109929
20141021 11.22 11.26 11.41 11.08 55280
20141022 11.24 11.30 11.57 11.10 66941
20141023 11.22 11.19 11.34 10.82 65489
20141024 11.11 11.41 11.45 11.08 81131
20141027 11.39 11.44 11.64 11.18 67454
20141028 11.45 11.88 11.88 11.42 127687
20141029 11.88 11.98 12.20 11.73 108030
20141030 11.97 11.84 12.07 11.81 58569
20141031 11.80 11.75 11.92 11.51 71530
20141103 11.67 12.12 12.15 11.67 110071
20141104 12.12 12.10 12.50 12.06 98566
20141105 12.09 12.13 12.24 11.87 44052
20141106 12.13 12.18 12.33 12.00 42006
20141107 12.25 11.90 12.30 11.71 85249
20141110 11.88 11.80 12.08 11.65 82053
20141111 11.80 11.30 11.83 10.87 87938
20141112 11.20 11.24 11.36 10.95 56270
20141113 11.55 10.94 11.55 10.85 59905
20141114 10.83 10.46 10.93 10.38 75932
20141117 10.51 10.66 10.99 10.23 57525
20141118 10.60 10.65 10.85 10.53 53351
20141119 10.65 10.81 10.83 10.54 40117
20141120 10.75 10.66 10.81 10.63 31221
20141121 10.66 10.73 10.74 10.44 48264
20141124 10.75 10.89 10.94 10.62 85766
20141125 10.83 11.05 11.09 10.77 84526
20141126 11.07 10.98 11.15 10.81 78225
20141127 10.98 11.16 11.29 10.90 93422
20141128 11.16 11.42 11.50 11.09 97437
20141201 11.39 11.04 11.61 10.96 62600
20141202 11.01 11.56 11.82 10.98 99680
20141203 11.54 11.60 11.85 11.20 73282
20141204 11.50 11.48 11.61 11.39 106514
20141205 11.48 10.88 11.57 10.80 94185
20141208 10.78 10.46 10.80 10.37 110031
20141209 10.46 10.12 10.46 10.08 115341
20141210 10.08 10.39 10.52 10.06 58463
20141211 10.40 10.43 10.54 10.21 59824
20141212 10.43 10.58 10.61 10.36 66585
20141215 10.66 10.86 11.10 10.50 106003
20141216 10.80 10.76 10.90 10.63 55893
20141217 10.71 10.40 10.71 10.30 55722
20141218 10.41 10.48 10.57 10.30 41489
20141219 10.46 10.17 10.46 10.00 49456
20141222 10.16 9.22 10.17 9.15 119639
20141223 9.19 9.31 9.45 9.14 40070
20141224 9.32 9.47 9.66 9.32 29635
20141225 9.51 9.50 9.54 9.42 24136
20141226 9.50 9.61 9.69 9.50 24266
20141229 9.65 10.03 10.49 9.61 70474
20141230 10.03 10.21 10.27 9.98 52026
20141231 10.21 10.30 10.46 10.13 43524
20150105 10.30 10.46 10.52 10.21 45768
20150106 10.45 10.33 10.55 10.25 40680
20150107 10.33 10.34 10.43 10.25 28208
20150108 10.26 10.20 10.36 10.19 25072
20150109 10.18 10.16 10.29 10.16 19151
20150112 10.19 9.70 10.19 9.55 35980
20150113 9.60 9.94 10.05 9.60 20832
20150114 9.87 9.92 10.02 9.87 13316
20150115 9.85 9.93 9.98 9.85 13169
20150116 9.99 10.36 10.42 9.88 42149
20150529 11.40 11.40 11.40 11.40 543
20150601 12.54 12.54 12.54 12.54 412
20150602 13.79 13.79 13.79 13.79 1208
20150603 15.17 15.17 15.17 15.17 1347
20150604 16.69 16.69 16.69 16.69 2869
20150605 18.36 18.36 18.36 18.36 535
20150608 20.20 20.20 20.20 20.20 1023
20150609 22.22 22.22 22.22 22.22 1423
20150610 24.44 24.44 24.44 24.44 2103
20150611 26.88 26.88 26.88 26.88 6565
20150612 29.57 29.57 29.57 29.57 4040
20150615 32.53 32.53 32.53 32.53 2574
20150616 35.78 35.78 35.78 33.40 671527
20150617 33.89 32.20 34.68 32.20 378228
20150618 32.20 29.34 33.78 28.98 319824
20150619 28.60 26.50 28.68 26.40 205184
20150623 26.98 27.18 27.80 25.38 147738
20150624 27.18 26.90 27.87 26.50 188716
20150625 26.90 25.90 27.33 25.58 170783
20150626 24.49 23.31 24.85 23.31 88895
20150629 22.70 20.98 22.91 20.98 170683
20150630 19.79 21.95 22.47 18.88 259699
20150701 21.80 19.76 22.98 19.76 159053
20150702 19.66 17.78 19.75 17.78 106582
20150703 16.66 16.01 18.40 16.00 156495
20150706 17.61 14.41 17.61 14.41 153397
20150707 13.30 12.97 14.60 12.97 92382
20150708 11.67 13.62 14.27 11.67 377711
20150709 13.30 14.98 14.98 13.02 75675
20150710 16.48 16.48 16.48 16.48 9158
20150713 18.13 18.13 18.13 18.13 33565
20150714 19.94 19.94 19.94 19.16 140988
20150715 19.69 17.95 20.88 17.95 247663
20150716 17.40 19.75 19.75 16.41 219232
20150717 19.90 21.24 21.72 19.51 223791
20150720 20.45 20.88 21.94 20.37 220415
20150721 20.00 20.29 20.85 19.88 139123
20150722 20.30 20.94 21.54 20.02 161802
20150723 20.90 21.32 21.61 20.31 140315
20150724 21.17 20.90 22.74 20.88 171304
20150727 20.49 18.81 21.30 18.81 145066
20150728 17.03 16.93 18.60 16.93 142148
20150729 17.37 17.90 17.90 15.85 116610
20150730 17.70 17.05 18.21 16.70 118093
