20140102 3.23 3.25 3.26 3.21 53329
20140103 3.25 3.23 3.26 3.20 43748
20140106 3.21 3.18 3.24 3.16 57987
20140107 3.17 3.17 3.20 3.17 34269
20140108 3.17 3.10 3.19 3.08 71448
20140109 3.10 3.06 3.10 3.05 36892
20140110 3.04 2.96 3.04 2.95 44069
20140113 2.95 2.96 2.99 2.93 30712
20140114 2.96 3.00 3.00 2.96 31236
20140115 3.00 2.99 3.00 2.97 22694
20140116 2.99 3.00 3.02 2.97 23762
20140117 2.99 2.96 3.00 2.95 24063
20140120 2.94 2.96 2.97 2.94 22996
20140121 2.97 3.05 3.08 2.97 50284
20140122 3.06 3.09 3.09 3.04 37863
20140123 3.08 3.06 3.09 3.05 36731
20140124 3.06 3.10 3.12 3.05 54569
20140127 3.08 3.08 3.12 3.06 38707
20140128 3.08 3.08 3.10 3.06 27517
20140129 3.09 3.10 3.12 3.08 29670
20140130 3.11 3.11 3.13 3.09 29146
20140207 3.09 3.13 3.13 3.07 35141
20140210 3.12 3.18 3.18 3.11 66049
20140211 3.18 3.15 3.19 3.13 81716
20140212 3.16 3.18 3.18 3.14 74609
20140213 3.17 3.14 3.19 3.14 56456
20140214 3.16 3.21 3.22 3.14 74743
20140217 3.23 3.23 3.27 3.20 66488
20140218 3.23 3.19 3.23 3.18 67509
20140219 3.19 3.27 3.28 3.18 130103
20140220 3.28 3.35 3.60 3.26 263314
20140221 3.35 3.28 3.38 3.23 136006
20140224 3.25 3.20 3.26 3.18 71574
20140225 3.20 3.13 3.23 3.10 87556
20140226 3.12 3.15 3.16 3.09 55547
20140227 3.16 3.17 3.21 3.14 68341
20140228 3.16 3.19 3.21 3.15 49330
20140303 3.24 3.29 3.30 3.21 93800
20140304 3.28 3.29 3.29 3.24 56958
20140305 3.29 3.27 3.32 3.26 48353
20140306 3.27 3.28 3.28 3.21 69403
20140307 3.28 3.25 3.31 3.24 50108
20140310 3.24 3.11 3.24 3.10 66277
20140311 3.11 3.13 3.14 3.10 41976
20140312 3.13 3.12 3.15 3.09 53800
20140313 3.14 3.22 3.25 3.12 77045
20140314 3.20 3.25 3.27 3.18 68441
20140317 3.25 3.26 3.28 3.22 55714
20140318 3.27 3.30 3.34 3.24 97026
20140319 3.29 3.34 3.35 3.25 94211
20140320 3.31 3.26 3.37 3.26 81457
20140321 3.24 3.36 3.36 3.23 150553
20140324 3.38 3.36 3.39 3.32 125609
20140325 3.35 3.31 3.35 3.29 125055
20140326 3.31 3.33 3.36 3.31 81571
20140327 3.33 3.28 3.33 3.27 65205
20140328 3.28 3.22 3.29 3.21 81953
20140331 3.21 3.24 3.26 3.20 40452
20140401 3.23 3.26 3.26 3.21 38007
20140402 3.26 3.32 3.36 3.24 113262
20140403 3.35 3.32 3.39 3.30 105346
20140404 3.30 3.35 3.35 3.29 69660
20140408 3.33 3.40 3.42 3.33 123647
20140409 3.39 3.38 3.41 3.36 73917
20140410 3.38 3.38 3.39 3.34 68369
20140411 3.38 3.34 3.39 3.33 70705
20140414 3.34 3.34 3.36 3.31 64990
20140415 3.34 3.32 3.37 3.30 70342
20140416 3.31 3.34 3.35 3.31 46895
20140417 3.35 3.33 3.36 3.32 43547
20140418 3.33 3.36 3.36 3.31 34682
20140421 3.34 3.26 3.37 3.26 81783
20140422 3.25 3.26 3.28 3.21 51602
20140423 3.26 3.24 3.27 3.22 37562
20140424 3.22 3.19 3.23 3.18 39174
20140425 3.19 3.15 3.21 3.14 52709
20140428 3.14 3.03 3.15 3.01 77637
20140429 3.03 3.06 3.07 3.01 40500
20140430 3.05 3.08 3.08 3.03 24714
20140505 3.07 3.07 3.08 3.03 33064
20140506 3.07 3.08 3.10 3.05 29447
20140507 3.07 3.02 3.07 3.01 34461
20140508 3.02 3.02 3.07 3.01 36898
20140509 3.03 3.01 3.04 3.00 36773
20140512 3.03 3.08 3.09 3.02 49695
20140513 3.08 3.08 3.09 3.05 33605
20140514 3.08 3.09 3.10 3.06 27761
20140515 3.08 3.03 3.10 3.02 25966
20140516 3.04 3.03 3.04 3.01 29245
20140519 3.03 2.98 3.03 2.96 36529
20140520 3.00 3.00 3.02 2.97 28749
20140521 2.99 3.02 3.02 2.97 23871
20140522 3.01 3.00 3.03 2.99 34189
20140523 2.99 3.01 3.02 2.98 18151
20140526 3.01 3.02 3.04 3.00 29091
20140527 3.01 3.00 3.02 2.99 15621
20140528 3.02 3.02 3.03 2.99 21075
20140529 3.02 3.02 3.04 3.00 20901
20140530 3.01 3.01 3.02 2.99 22288
20140603 3.01 2.99 3.02 2.99 18309
20140604 3.00 2.95 3.00 2.94 41126
20140605 2.95 2.96 2.96 2.92 59054
20140606 2.95 2.95 2.95 2.92 27031
20140609 2.94 2.93 2.95 2.92 28718
20140610 2.93 2.94 2.95 2.92 27283
20140611 2.94 2.94 2.95 2.92 36113
20140612 2.94 2.99 3.01 2.92 73562
20140613 2.97 2.98 3.00 2.96 62466
20140616 2.97 2.99 3.00 2.97 31955
20140617 2.99 2.94 2.99 2.92 45125
20140618 2.93 2.91 2.94 2.91 38582
20140619 2.91 2.84 2.92 2.83 43913
20140620 2.85 2.86 2.87 2.84 19678
20140623 2.86 2.87 2.89 2.86 17645
20140624 2.88 2.88 2.89 2.86 21825
20140625 2.88 2.87 2.88 2.86 18538
20140626 2.87 2.92 2.95 2.87 46009
20140627 2.92 2.93 2.94 2.89 48525
20140630 2.94 2.95 2.96 2.93 42241
20140701 2.96 2.96 2.96 2.94 46373
20140702 2.96 2.98 2.99 2.94 59625
20140703 3.01 3.04 3.13 2.98 152490
20140704 2.99 2.96 2.99 2.94 79635
20140707 2.96 2.95 2.97 2.94 32847
20140708 2.96 2.97 2.98 2.94 37676
20140709 2.96 2.95 2.98 2.93 37724
20140710 2.94 2.96 2.97 2.93 37647
20140711 2.96 2.98 2.98 2.94 40530
20140714 2.98 3.00 3.02 2.97 55403
20140715 3.00 3.03 3.04 3.00 75971
20140716 3.05 3.02 3.05 3.01 45953
20140717 3.02 2.98 3.02 2.97 50443
20140718 2.98 2.99 3.02 2.97 37440
20140721 2.98 2.99 3.01 2.97 33736
20140722 2.98 3.02 3.03 2.97 72353
20140723 3.02 3.02 3.04 3.01 86058
20140724 3.03 3.06 3.08 3.00 125065
20140725 3.06 3.08 3.08 3.04 81134
20140728 3.08 3.12 3.12 3.07 111679
20140729 3.12 3.12 3.15 3.10 96269
20140730 3.12 3.11 3.14 3.09 84689
20140731 3.10 3.14 3.14 3.10 78546
20140801 3.12 3.10 3.15 3.09 87914
20140804 3.10 3.15 3.15 3.10 82431
20140805 3.14 3.16 3.18 3.13 97497
20140806 3.15 3.19 3.21 3.14 128195
20140807 3.19 3.14 3.22 3.14 93485
20140808 3.14 3.14 3.16 3.11 72701
20140811 3.15 3.18 3.19 3.14 81603
20140812 3.18 3.17 3.19 3.15 65419
20140813 3.16 3.24 3.24 3.15 197175
20140814 3.22 3.20 3.25 3.19 115699
20140815 3.21 3.28 3.30 3.19 198694
20140818 3.26 3.40 3.51 3.25 448709
20140819 3.35 3.35 3.40 3.31 250384
20140820 3.33 3.33 3.38 3.32 138368
20140821 3.33 3.30 3.34 3.26 113491
20140822 3.31 3.32 3.33 3.28 80344
20140825 3.32 3.26 3.33 3.25 103366
20140826 3.26 3.21 3.27 3.19 88679
20140827 3.20 3.22 3.24 3.20 66439
20140828 3.22 3.19 3.23 3.19 63809
20140829 3.19 3.22 3.22 3.18 45825
20140901 3.22 3.26 3.27 3.20 83892
20140902 3.27 3.32 3.34 3.26 141508
20140903 3.32 3.33 3.34 3.29 132516
20140904 3.34 3.36 3.37 3.31 124218
20140905 3.35 3.41 3.43 3.34 209500
20140909 3.41 3.42 3.44 3.36 199774
20140910 3.37 3.40 3.43 3.36 154776
20140911 3.41 3.47 3.64 3.40 442806
20140912 3.44 3.67 3.75 3.40 668909
20140915 3.65 3.68 3.77 3.61 452307
20140916 3.67 3.61 3.82 3.58 509911
20140917 3.67 3.97 3.97 3.61 706604
20140918 4.22 4.37 4.37 4.11 430763
20140919 4.59 4.31 4.59 4.19 1481697
20140922 4.26 4.20 4.30 4.13 697077
20140923 4.14 4.19 4.22 4.08 604023
20140924 4.15 4.20 4.29 4.12 630321
20140925 4.18 4.21 4.30 4.15 617720
20140926 4.16 4.24 4.36 4.15 421930
20140929 4.24 4.22 4.33 4.21 341571
20140930 4.23 4.16 4.24 4.15 312946
20141008 4.17 4.21 4.21 4.13 249542
20141009 4.20 4.35 4.45 4.18 675607
20141010 4.27 4.26 4.34 4.22 390827
20141013 4.23 4.18 4.25 4.12 239742
20141014 4.13 4.23 4.23 4.11 304602
20141015 4.20 4.19 4.23 4.14 189398
20141016 4.16 4.11 4.22 4.09 227287
20141017 4.10 3.95 4.11 3.90 313496
20141020 3.95 3.99 4.00 3.94 128455
20141021 3.99 3.98 4.04 3.97 121933
20141022 3.98 3.95 4.05 3.94 115885
20141023 3.93 3.75 3.93 3.72 212433
20141024 3.77 3.76 3.78 3.72 99928
20141027 3.76 3.86 3.94 3.75 145975
20141028 3.84 3.94 3.94 3.83 153782
20141029 3.93 3.99 4.01 3.90 179948
20141030 4.06 4.11 4.27 4.06 389665
20141031 4.10 4.08 4.16 4.03 183339
20141103 4.09 4.13 4.15 4.08 181734
20141104 4.14 4.23 4.26 4.11 350764
20141105 4.22 4.15 4.25 4.15 206876
20141106 4.12 4.09 4.15 4.02 227106
20141107 4.10 4.02 4.14 4.00 168422
20141110 4.03 4.08 4.08 4.03 116341
20141111 4.11 3.94 4.16 3.90 199942
20141112 3.91 3.98 3.99 3.89 99415
20141113 3.99 3.95 3.99 3.90 112593
20141114 3.94 3.98 4.01 3.90 110648
20141117 4.00 4.02 4.02 3.93 103360
20141118 4.06 4.08 4.19 4.06 234620
20141119 4.05 4.11 4.13 4.04 125889
20141120 4.11 4.14 4.17 4.07 166449
20141121 4.14 4.14 4.15 4.07 164895
20141124 4.17 4.18 4.22 4.12 308055
20141125 4.18 4.20 4.21 4.15 229732
20141126 4.21 4.16 4.24 4.11 212116
20141127 4.17 4.19 4.23 4.15 264437
20141128 4.19 4.33 4.38 4.16 483480
20141201 4.28 4.24 4.34 4.22 317906
20141202 4.23 4.28 4.30 4.20 193580
20141203 4.29 4.32 4.40 4.25 414154
20141204 4.32 4.53 4.59 4.29 628068
20141205 4.52 4.26 4.52 4.12 558449
20141208 4.22 4.29 4.33 4.18 326005
20141209 4.25 4.13 4.37 4.12 414671
20141210 4.11 4.22 4.23 4.08 195481
20141211 4.21 4.36 4.38 4.17 309641
20141212 4.36 4.41 4.50 4.36 317669
20141215 4.41 4.51 4.53 4.36 313641
20141216 4.49 4.60 4.61 4.45 385978
20141217 4.58 4.51 4.69 4.47 384564
20141218 4.52 4.43 4.52 4.40 249155
20141219 4.42 4.58 4.58 4.31 388653
20141222 4.66 4.48 4.75 4.39 435595
20141223 4.48 4.69 4.93 4.36 898768
20141224 4.52 4.83 4.90 4.45 817807
20141225 4.79 5.06 5.10 4.73 744350
20141226 5.00 5.02 5.09 4.94 514513
20141229 5.00 5.35 5.51 4.96 864842
20141230 5.33 5.20 5.65 5.12 893391
20141231 5.15 5.11 5.26 5.00 521591
20150105 5.07 5.21 5.29 5.03 390736
20150106 5.18 5.11 5.22 5.07 324178
20150107 5.10 5.13 5.18 5.04 235999
20150108 5.10 4.88 5.14 4.87 364586
20150109 4.87 4.87 4.98 4.84 214658
20150112 4.80 4.65 4.85 4.60 234843
20150113 4.61 4.72 4.75 4.61 115034
20150114 4.73 4.81 4.93 4.71 198418
20150115 4.82 4.86 4.90 4.78 134408
20150116 4.85 4.92 4.95 4.81 157264
20150119 4.77 4.45 4.85 4.43 318618
20150120 4.50 4.58 4.61 4.50 192928
20150121 4.60 4.70 4.72 4.58 165428
20150122 4.70 4.71 4.74 4.67 156858
20150123 4.71 4.71 4.79 4.65 189686
20150126 4.70 4.79 4.79 4.67 157185
20150127 4.78 4.92 4.93 4.77 289385
20150128 4.92 4.86 4.93 4.82 178288
20150129 4.82 4.79 4.85 4.76 129327
20150130 4.79 4.83 4.90 4.78 170699
20150202 4.75 4.77 4.85 4.57 124905
20150203 4.80 4.94 4.95 4.80 226278
20150204 4.94 4.93 4.98 4.84 193888
20150205 5.00 5.04 5.15 4.90 455922
20150206 5.00 4.85 5.14 4.83 353685
20150209 4.80 4.68 4.80 4.64 168369
20150210 4.68 4.72 4.73 4.65 96468
20150211 4.71 4.78 4.81 4.70 97512
20150212 4.79 4.77 4.80 4.72 106441
20150213 4.79 4.88 4.95 4.78 157207
20150216 4.88 4.96 5.01 4.88 168388
20150217 5.08 5.05 5.13 5.01 242070
20150225 5.06 5.04 5.10 5.03 177650
20150226 5.02 5.23 5.24 5.01 365107
20150227 5.23 5.18 5.24 5.13 250003
20150302 5.25 5.20 5.26 5.16 208739
20150303 5.19 5.05 5.19 5.05 271057
20150304 5.06 5.30 5.55 5.06 533974
20150305 5.30 5.39 5.53 5.27 387607
20150306 5.35 5.21 5.49 5.20 269450
20150309 5.16 5.20 5.21 5.08 191849
20150310 5.19 5.25 5.39 5.16 202728
20150311 5.23 5.18 5.28 5.13 192212
20150312 5.17 5.19 5.32 5.15 193091
20150313 5.19 5.24 5.25 5.19 160776
20150316 5.34 5.75 5.76 5.32 784441
20150317 5.78 6.01 6.14 5.70 906869
20150318 5.99 6.02 6.12 5.89 579424
20150319 6.00 6.00 6.07 5.91 422690
20150320 6.00 6.16 6.39 5.93 522927
20150323 6.17 6.23 6.33 6.11 482343
20150324 6.21 6.11 6.28 5.91 614206
20150325 6.10 6.03 6.10 5.98 386785
20150326 6.00 6.01 6.12 5.93 336129
20150327 6.01 6.14 6.23 5.98 337773
20150330 6.14 6.21 6.34 6.14 424036
20150331 6.23 6.16 6.29 6.12 382046
20150401 6.11 6.22 6.22 6.09 346715
20150402 6.50 6.84 6.84 6.50 342323
20150403 7.18 7.25 7.49 7.02 1224205
20150407 7.25 7.72 7.95 7.11 970787
20150408 7.61 7.96 8.18 7.30 1018364
20150409 7.96 7.70 8.13 7.54 626438
20150410 7.62 7.73 7.93 7.48 502216
20150413 7.69 7.91 8.10 7.64 562385
20150414 7.92 7.77 7.95 7.71 463143
20150415 7.71 7.25 7.73 7.24 482958
20150416 7.10 7.23 7.35 6.91 419507
20150417 7.31 7.25 7.36 7.20 422488
20150420 7.19 7.06 7.31 7.01 484747
20150421 7.00 7.41 7.44 7.00 431534
20150422 7.41 7.55 7.62 7.41 511291
20150423 7.58 7.68 7.75 7.46 571937
20150424 7.55 7.53 7.68 7.42 409365
20150427 7.55 7.55 7.65 7.45 413585
20150428 7.57 7.14 7.57 7.06 460342
20150429 7.03 7.27 7.37 7.03 261880
20150430 7.26 7.16 7.32 7.13 247756
20150504 7.16 7.30 7.35 7.04 309765
20150505 7.30 7.36 7.65 7.23 681857
20150506 7.36 7.05 7.48 6.97 370113
20150507 6.99 6.47 7.02 6.46 389387
20150508 6.84 6.80 6.93 6.58 372622
20150511 6.87 7.17 7.26 6.80 424149
20150512 7.17 7.19 7.29 7.06 364703
20150513 7.18 7.41 7.55 7.08 617283
20150514 7.44 7.43 7.61 7.33 503401
20150515 7.43 7.11 7.43 7.05 376237
20150518 7.05 7.09 7.17 6.95 236202
20150519 7.01 7.50 7.67 7.00 538012
20150520 7.52 7.88 8.14 7.43 1027193
20150521 7.86 8.20 8.29 7.80 882795
20150522 8.31 8.25 8.50 8.01 851645
20150525 8.22 8.48 8.58 8.10 770124
20150526 8.50 8.55 8.56 8.31 834065
20150527 8.55 9.26 9.33 8.41 988995
20150528 9.03 8.33 9.49 8.33 1011771
20150529 8.25 8.11 8.48 7.65 723492
20150601 8.10 8.56 8.56 8.08 556008
20150602 8.99 9.18 9.20 8.63 706908
20150603 9.21 9.31 9.69 9.00 858251
20150604 9.31 9.10 9.31 8.40 690997
20150605 9.36 9.74 9.94 9.28 1008173
20150608 9.99 10.71 10.71 9.98 1418556
20150609 10.73 10.36 10.73 10.18 939242
20150610 10.30 10.37 10.65 9.97 661939
20150611 10.38 10.58 10.72 10.33 610318
20150612 10.60 11.64 11.64 10.50 1143265
20150615 11.76 12.07 12.64 11.68 1203463
20150616 12.01 11.33 12.01 11.20 866080
20150617 11.26 11.70 11.94 10.30 895615
20150618 11.71 11.76 12.29 11.35 817622
20150619 11.20 10.58 11.75 10.58 661112
20150623 10.30 10.09 10.70 9.52 725912
20150624 10.30 10.45 10.68 10.09 629666
20150625 10.59 9.81 10.62 9.50 542339
20150626 9.40 8.83 9.40 8.83 510400
20150629 9.08 7.95 9.15 7.95 683463
20150630 7.79 8.37 8.48 7.16 724488
20150701 8.35 7.63 8.68 7.58 587951
20150702 7.52 6.87 7.81 6.87 574655
20150703 6.55 6.18 6.98 6.18 531075
20150706 6.74 5.55 6.74 5.52 696837
20150707 5.15 5.00 5.45 5.00 326534
20150715 5.50 5.50 5.50 5.50 10429
20150716 6.03 6.00 6.03 5.06 962149
20150717 6.00 6.60 6.60 6.00 726174
20150720 6.71 6.88 7.14 6.48 840813
20150721 6.74 6.99 7.15 6.60 560416
20150722 6.90 6.89 7.05 6.61 574918
20150723 6.89 7.20 7.27 6.83 665546
20150724 7.20 6.91 7.26 6.80 675441
20150727 6.70 6.22 6.96 6.22 556265
20150728 5.75 5.80 6.20 5.60 663195
20150729 5.91 6.23 6.24 5.60 456511
20150730 6.13 5.99 6.38 5.92 456992
