20140102 9.47 9.47 9.54 9.44 10572
20140103 9.48 9.35 9.52 9.30 11122
20140106 9.33 9.05 9.33 9.03 10547
20140107 9.00 9.06 9.08 8.91 11149
20140108 9.03 9.13 9.15 8.98 12829
20140109 9.14 9.01 9.15 8.91 9622
20140110 9.01 8.81 9.01 8.80 11166
20140113 8.80 8.74 8.87 8.72 7129
20140114 8.71 8.88 8.88 8.65 7589
20140115 8.90 8.94 8.98 8.81 5293
20140116 8.94 9.03 9.08 8.80 8099
20140117 8.98 9.11 9.19 8.98 19511
20140120 9.13 9.68 9.72 8.95 46610
20140121 9.66 10.28 10.35 9.60 95235
20140122 10.28 10.78 10.85 10.16 99572
20140123 10.98 11.26 11.35 10.70 133520
20140124 11.40 11.27 11.49 10.95 85105
20140127 11.23 11.10 11.30 11.04 60007
20140128 11.18 11.41 11.61 11.10 62412
20140129 11.42 11.80 12.00 11.33 82791
20140130 11.81 12.18 12.27 11.81 67290
20140207 12.21 12.07 12.40 11.80 40230
20140210 12.10 12.18 12.27 11.97 66581
20140211 12.18 12.37 12.43 12.10 75683
20140212 12.30 12.40 12.60 12.08 85638
20140213 12.37 12.21 12.41 11.94 54997
20140214 12.21 12.38 12.56 12.04 53601
20140217 12.38 12.44 12.46 12.23 27978
20140218 12.44 13.17 13.45 12.31 74519
20140219 13.17 13.20 13.60 12.81 66997
20140220 13.01 13.24 13.35 12.65 60972
20140221 13.49 12.79 13.50 12.61 66418
20140224 12.66 12.74 12.88 12.37 29921
20140225 12.50 12.75 12.82 12.06 46137
20140226 12.65 12.52 12.95 12.20 52815
20140227 12.50 12.49 12.70 12.28 36158
20140228 12.47 13.38 13.51 12.31 67907
20140303 13.40 13.52 13.61 13.20 40162
20140304 13.55 13.70 13.92 13.10 33675
20140305 13.72 13.69 14.18 13.49 37312
20140306 13.66 13.84 14.12 13.50 32232
20140307 13.80 13.85 14.02 13.66 28614
20140310 13.88 13.48 13.90 13.31 18867
20140311 13.49 13.57 13.78 13.32 17916
20140312 13.58 13.99 14.25 13.30 94775
20140313 13.99 14.07 14.30 13.85 49684
20140314 14.05 13.93 14.06 13.70 30402
20140317 13.70 13.95 14.01 13.40 28201
20140318 13.99 14.27 14.47 13.92 62976
20140319 14.34 14.24 14.34 14.11 20089
20140320 14.23 13.97 14.35 13.82 25673
20140321 13.97 13.90 13.97 13.59 22187
20140324 13.90 13.89 13.95 13.73 28563
20140325 13.81 13.64 14.07 13.63 31235
20140326 13.64 13.77 13.78 13.55 19461
20140327 13.75 13.78 13.89 13.29 60656
20140328 13.95 13.62 13.95 13.59 46207
20140331 13.73 13.99 14.70 13.60 52185
20140401 14.03 14.25 14.47 13.90 58436
20140402 14.18 14.26 14.29 14.00 34976
20140403 14.05 13.99 14.50 13.72 19431
20140404 13.76 13.87 13.99 13.70 15452
20140408 13.70 13.72 13.87 13.63 16019
20140409 13.65 13.69 13.77 13.62 11576
20140410 13.69 13.70 13.90 13.64 22096
20140411 13.69 13.60 13.85 13.47 18838
20140414 13.60 13.67 13.81 13.55 16517
20140415 13.70 13.70 13.76 13.60 9844
20140416 13.69 13.85 13.88 13.67 18617
20140417 13.76 14.33 14.38 13.76 45824
20140418 14.72 14.89 14.90 14.34 62184
20140421 14.89 15.26 15.40 14.74 107808
20140422 15.18 15.30 15.51 14.93 104852
20140423 15.20 15.43 15.58 14.80 101793
20140424 15.30 15.45 15.98 14.96 81861
20140425 15.45 16.10 16.23 15.14 139548
20140428 15.99 16.80 16.95 15.84 208827
20140429 16.55 15.16 16.55 15.12 136376
20140430 14.83 15.16 15.21 14.33 88013
20140505 15.10 14.59 15.10 14.50 71529
20140506 14.59 14.18 14.80 14.13 75489
20140507 14.05 14.09 14.31 13.80 75898
20140508 14.23 14.05 14.38 13.94 48300
20140509 13.99 14.05 14.21 13.73 41082
20140512 14.17 14.74 14.76 14.08 36780
20140513 14.74 14.77 14.92 14.48 29786
20140514 14.74 14.60 14.92 14.53 24376
20140515 14.65 14.72 15.07 14.47 35931
20140516 14.61 14.70 14.79 14.43 18735
20140519 14.64 14.75 14.84 14.53 21005
20140520 14.75 14.83 14.88 14.67 23614
20140521 14.83 15.41 15.43 14.74 37466
20140522 15.40 15.25 15.56 15.10 37209
20140523 15.15 15.28 15.34 15.10 21050
20140526 15.30 15.15 15.45 15.15 20970
20140527 15.13 15.01 15.13 14.76 22418
20140528 15.00 15.02 15.28 14.84 15904
20140529 15.05 14.93 15.12 14.88 23711
20140530 14.93 15.14 15.39 14.90 26505
20140603 15.15 15.04 15.28 14.96 21050
20140604 15.04 14.73 15.11 14.71 23285
20140605 14.88 15.08 15.15 14.73 17575
20140606 15.00 14.78 15.11 14.71 16136
20140609 14.96 14.90 15.03 14.78 10714
20140610 14.88 14.68 14.99 14.45 30122
20140611 14.69 14.91 14.95 14.60 15296
20140612 14.87 14.54 14.87 14.53 20953
20140613 14.72 14.36 14.72 14.21 27985
20140616 14.31 14.36 14.55 14.20 19197
20140617 14.26 14.10 14.45 13.00 37981
20140618 14.17 14.09 14.17 13.80 35290
20140619 14.04 14.11 14.50 13.83 33852
20140620 14.30 14.20 14.40 13.95 11461
20140623 14.17 14.12 14.28 13.87 10318
20140624 14.12 14.15 14.28 14.00 8831
20140625 14.18 14.12 14.25 14.05 4857
20140626 14.05 14.12 14.16 13.98 9008
20140627 14.11 14.12 14.19 14.04 7417
20140630 14.12 14.12 14.60 14.05 21267
20140701 14.17 14.12 14.17 13.82 25730
20140702 14.16 14.10 14.16 13.77 44574
20140703 14.04 13.88 14.04 13.71 34977
20140704 13.89 13.75 13.89 13.51 40421
20140707 13.66 13.66 13.80 13.24 40906
20140708 13.59 13.76 13.81 13.50 30744
20140709 13.76 13.63 13.99 13.57 29168
20140710 13.68 13.65 13.78 13.55 20494
20140711 13.63 13.66 13.70 13.51 28989
20140714 13.68 13.65 13.75 13.57 9952
20140715 13.66 13.60 13.74 13.50 12458
20140716 13.60 13.50 13.64 13.38 15699
20140717 13.50 13.48 13.50 13.07 16195
20140718 13.31 13.40 13.52 13.28 15727
20140721 13.42 13.30 14.00 13.22 15277
20140722 13.28 13.10 13.28 12.44 16248
20140723 12.99 12.80 13.05 12.43 38404
20140724 12.65 12.47 12.69 12.43 16159
20140725 12.38 12.41 12.55 12.33 21426
20140728 12.47 12.58 12.62 12.45 35817
20140729 12.58 13.10 13.19 12.55 35400
20140730 13.10 13.11 13.22 13.00 28025
20140731 13.11 13.21 13.21 13.11 25312
20140801 13.21 13.97 14.03 13.20 66056
20140804 14.02 14.20 14.29 13.95 53954
20140805 14.09 14.60 14.70 14.06 49241
20140806 14.60 14.90 14.90 14.30 52124
20140807 14.92 14.68 14.92 14.50 49755
20140808 14.68 15.50 15.50 14.68 79486
20140811 15.50 15.26 15.50 15.00 69480
20140812 15.28 15.20 15.40 14.75 53758
20140813 15.20 15.30 15.45 15.15 30375
20140814 15.33 15.60 15.83 15.18 55692
20140815 15.57 15.90 16.01 15.50 38002
20140818 15.90 15.99 16.15 15.60 47142
20140819 15.91 16.00 16.11 15.71 38535
20140820 15.98 16.15 16.30 15.40 47506
20140821 16.13 16.05 16.30 15.80 57720
20140822 16.02 16.06 16.17 15.85 23163
20140825 16.20 16.05 16.29 15.90 22325
20140826 16.03 14.45 16.03 14.45 71862
20140827 14.40 15.29 15.43 14.13 70468
20140828 15.29 15.10 15.45 14.80 31102
20140829 15.11 15.22 15.37 14.60 30828
20140901 15.05 14.93 15.16 14.78 20133
20140902 14.85 14.95 15.20 14.35 30053
20140903 14.99 15.09 15.12 14.93 27020
20140904 14.97 14.93 15.10 14.80 23601
20140905 14.95 14.79 14.98 14.61 25013
20140909 14.70 14.65 14.78 14.52 24976
20140910 14.64 14.71 14.78 14.55 22590
20140911 14.72 14.65 14.80 14.58 24324
20140912 14.70 14.97 15.08 14.65 45268
20140915 14.96 15.06 15.20 14.85 38629
20140916 15.05 14.88 15.32 14.71 38004
20140917 14.86 15.02 15.09 14.79 31184
20140918 15.04 15.02 15.20 14.76 38187
20140919 15.00 15.00 15.12 14.60 51688
20140922 14.87 14.74 14.90 14.67 18294
20140923 14.74 14.70 14.79 14.55 17722
20140924 14.68 14.76 14.76 14.63 14660
20140925 14.76 14.76 14.99 14.72 16668
20140926 14.75 14.73 14.89 14.72 23506
20140929 14.83 14.75 14.89 14.70 25055
20140930 14.81 14.84 14.86 14.71 29358
20141008 14.97 15.32 15.32 14.83 50239
20141009 15.25 15.72 15.72 15.24 64261
20141010 15.73 15.64 15.74 15.49 30367
20141013 15.63 15.31 15.63 15.11 30770
20141014 15.25 15.18 15.53 15.17 27356
20141015 15.15 15.08 15.27 14.87 19681
20141016 15.03 14.98 15.10 14.80 17492
20141017 14.90 15.21 15.26 14.70 47628
20141020 15.15 15.10 15.24 14.74 52591
20141021 15.02 14.98 15.19 14.86 31942
20141022 15.00 14.83 15.08 14.70 29856
20141023 14.82 14.85 14.90 14.60 41316
20141024 14.86 14.87 15.00 14.77 18642
20141027 14.80 14.79 14.90 14.70 12093
20141028 14.89 15.06 15.09 14.83 22167
20141029 15.15 15.25 15.40 15.09 26455
20141030 15.24 15.49 15.61 15.20 43506
20141031 15.49 16.18 16.31 15.40 64829
20141103 16.30 16.99 17.40 16.03 84449
20141104 16.80 16.67 16.95 16.35 47965
20141105 16.50 16.70 16.99 16.50 34007
20141106 16.70 16.74 16.85 16.42 25069
20141107 16.76 16.34 17.08 16.16 30329
20141110 16.40 16.60 16.74 16.21 30439
20141111 16.60 16.44 16.83 16.26 34821
20141112 16.44 16.41 16.65 16.20 26343
20141113 16.49 16.45 16.63 16.27 21489
20141114 16.44 16.32 16.50 16.07 23875
20141117 16.32 16.21 16.37 16.01 15615
20141118 16.22 16.26 16.28 16.14 10454
20141119 16.33 16.55 16.78 16.22 29149
20141120 16.56 16.55 16.68 16.35 18418
20141121 16.55 16.50 16.87 16.38 31762
20141124 16.53 16.28 16.57 16.08 37832
20141125 16.35 16.55 16.85 16.24 55307
20141126 16.50 16.39 16.66 16.10 45890
20141127 16.39 16.38 16.67 16.20 45239
20141128 16.39 16.54 16.84 16.31 66746
20141201 16.68 16.28 16.68 16.03 63769
20141202 16.25 16.19 16.48 16.02 46987
20141203 16.19 16.18 16.44 15.73 82121
20141204 16.28 16.18 16.33 16.01 45532
20141205 16.15 16.00 16.15 15.75 50611
20141208 15.70 15.85 16.00 15.60 47056
20141209 15.76 16.54 16.54 15.35 103917
20141210 16.80 17.40 17.80 16.80 116396
20141211 17.50 17.34 17.54 17.00 50274
20141212 17.26 17.20 17.46 17.01 53139
20141215 17.22 18.25 18.90 17.22 89267
20141216 18.26 17.97 18.50 17.86 43071
20141217 17.97 18.07 18.10 17.42 45021
20141218 18.00 18.09 18.16 17.60 45649
20141219 17.92 18.40 18.49 17.81 62301
20141222 16.56 16.56 16.56 16.56 22474
20141223 14.90 15.30 16.56 14.90 122808
20141224 14.79 15.30 15.37 14.41 107737
20141225 15.14 15.06 15.30 14.60 84152
20141226 14.84 14.80 14.98 14.73 30784
20141229 14.79 14.01 14.79 13.99 68993
20141230 13.96 12.67 13.97 12.61 133335
20141231 12.50 12.81 13.00 12.40 95913
20150105 12.81 12.90 12.95 12.50 64473
20150106 12.87 13.17 13.27 12.70 64852
20150107 13.16 13.39 13.50 13.06 54573
20150108 13.28 13.50 13.66 13.15 41529
20150109 13.51 13.47 13.68 13.33 34439
20150112 13.47 13.00 13.47 12.85 35757
20150113 13.00 13.06 13.11 12.82 24134
20150114 13.05 12.96 13.14 12.92 21911
20150115 12.98 13.08 13.14 12.93 18055
20150116 13.12 13.13 13.25 13.00 49492
20150119 13.00 12.82 13.17 12.60 34183
20150120 12.82 13.13 13.13 12.82 53150
20150121 13.20 13.45 13.47 13.10 63480
20150122 13.46 13.80 13.84 13.40 72652
20150123 13.74 13.80 13.95 13.68 69599
20150126 13.88 13.86 13.94 13.72 50484
20150127 13.87 13.74 13.89 13.58 58378
20150128 13.73 13.66 13.84 13.58 42914
20150129 13.61 13.62 13.75 13.54 34632
20150130 13.62 13.43 13.70 13.40 33583
20150202 13.46 13.19 13.46 13.10 29750
20150203 13.27 13.67 13.80 13.21 51636
20150204 13.70 13.57 13.77 13.52 31727
20150205 13.60 13.70 14.27 13.60 45962
20150206 13.73 13.31 13.73 13.24 29391
20150209 13.15 13.11 13.39 13.03 27469
20150210 13.15 13.57 13.65 13.09 49901
20150211 13.48 13.49 13.65 13.46 39072
20150212 13.51 13.51 13.64 13.45 25404
20150213 13.51 13.70 13.72 13.51 66072
20150216 13.73 13.70 13.87 13.61 71155
20150217 13.76 13.81 13.95 13.68 81996
20150225 13.85 13.95 14.06 13.74 61366
20150226 13.90 14.02 14.08 13.90 49591
20150227 14.10 13.95 14.13 13.89 65499
20150302 13.99 14.05 14.09 13.88 78730
20150303 14.01 13.89 14.04 13.80 62515
20150304 13.93 14.28 14.35 13.88 125650
20150305 14.26 14.40 14.50 14.17 84280
20150306 14.40 14.38 14.48 14.18 56928
20150309 14.26 14.42 14.52 14.23 64129
20150310 14.43 14.65 14.86 14.43 90875
20150311 14.70 14.80 14.95 14.54 85197
20150312 14.81 14.90 15.17 14.71 128710
20150313 14.99 15.11 15.20 14.68 142130
20150316 15.23 15.51 15.54 15.10 190700
20150317 15.53 15.78 16.20 15.41 199052
20150318 15.71 15.83 15.94 15.54 129492
20150319 15.84 15.79 15.89 15.66 111011
20150320 15.79 15.97 16.17 15.63 134816
20150323 15.96 16.16 16.22 15.85 142218
20150324 16.16 15.67 16.19 15.00 164230
20150325 15.68 15.68 16.10 15.62 117123
20150326 15.67 15.65 15.95 15.36 94107
20150327 15.66 15.84 15.87 15.50 90760
20150330 15.38 15.86 16.20 15.20 189014
20150331 15.89 16.82 17.00 15.80 251457
20150401 16.85 16.79 16.93 16.50 147596
20150402 16.94 16.95 16.98 16.54 155530
20150403 16.80 17.34 17.87 16.68 180745
20150407 17.31 17.52 17.60 17.25 123630
20150408 17.52 16.67 17.58 16.62 155501
20150409 16.63 16.37 16.87 15.62 130693
20150410 16.20 16.69 16.85 16.15 80242
20150413 16.71 17.01 17.17 16.55 132937
20150414 17.02 17.09 17.27 16.87 120502
20150415 17.09 16.10 17.09 16.10 96335
20150416 16.08 16.61 16.85 15.93 92790
20150417 16.79 16.95 17.05 16.45 132780
20150420 17.01 17.22 17.69 16.70 198645
20150421 17.23 17.51 17.56 16.93 156927
20150422 17.54 17.77 18.11 17.54 172605
20150423 17.80 17.55 17.83 17.39 151580
20150424 17.30 17.99 18.10 17.18 149539
20150427 18.00 18.00 18.47 17.90 148153
20150428 18.01 17.46 18.05 17.14 101341
20150429 17.38 17.96 18.00 17.10 108519
20150430 17.97 17.75 18.18 17.70 83922
20150504 17.73 17.28 17.73 17.20 96988
20150505 17.31 17.03 17.54 16.96 89457
20150506 17.10 16.63 17.37 16.40 68575
20150507 16.63 15.98 16.69 15.90 55323
20150508 16.01 16.43 16.46 16.01 53743
20150511 16.66 16.96 16.97 16.45 60586
20150512 16.96 17.32 17.45 16.88 92248
20150513 17.23 19.02 19.02 17.19 236325
20150514 19.21 19.72 20.27 19.20 205462
20150515 19.73 20.00 20.46 19.38 162638
20150518 19.90 20.67 21.58 19.67 150060
20150519 20.67 20.75 20.87 20.00 105544
20150520 20.69 20.51 21.20 20.45 111640
20150521 20.40 20.12 20.40 19.72 158610
20150522 20.20 21.58 22.00 19.90 187802
20150525 21.20 21.71 21.81 20.85 143813
20150526 21.71 21.97 22.40 21.56 133232
20150527 21.98 21.71 22.27 21.20 102716
20150528 21.51 21.80 22.00 20.89 141414
20150529 21.92 23.98 23.98 21.79 193732
20150601 24.18 25.38 25.78 24.18 156727
20150603 27.00 26.40 27.16 23.06 185665
20150724 23.76 23.78 26.52 23.76 658301
20150727 22.00 21.40 22.33 21.40 267573
20150728 19.26 19.26 20.30 19.26 281729
20150729 19.16 18.18 19.70 17.33 281301
20150730 19.50 19.45 20.00 19.10 328313
