20140102 9.98 9.90 10.05 9.86 99324
20140103 9.86 9.64 9.90 9.51 125793
20140106 9.62 9.16 9.62 8.99 178578
20140107 9.05 9.06 9.12 8.92 116174
20140108 9.09 8.96 9.14 8.87 129010
20140109 8.96 8.92 9.11 8.90 78825
20140110 8.90 8.83 8.98 8.77 64416
20140113 8.84 8.57 8.88 8.44 110781
20140114 8.51 8.76 8.80 8.46 103220
20140115 8.70 8.63 8.84 8.52 88966
20140116 8.60 8.60 8.72 8.54 94008
20140117 8.57 8.38 8.58 8.38 74937
20140120 8.38 8.39 8.45 8.31 48474
20140121 8.43 8.82 8.95 8.40 169107
20140122 8.78 9.45 9.63 8.75 271753
20140123 9.45 9.52 9.80 9.33 235574
20140124 9.52 10.47 10.47 9.46 404592
20140127 10.71 10.54 10.77 10.35 271266
20140128 10.55 10.42 10.62 10.35 114364
20140129 10.45 10.29 10.52 10.21 112302
20140130 10.25 9.90 10.27 9.70 203046
20140207 9.77 10.05 10.07 9.70 105861
20140210 10.12 10.32 10.50 10.12 122079
20140211 10.32 10.24 10.38 10.15 146252
20140212 10.21 9.96 10.25 9.87 204304
20140213 9.97 9.83 9.97 9.77 117725
20140214 9.80 9.73 9.93 9.55 240651
20140217 9.75 9.80 9.80 9.60 180470
20140218 9.85 9.70 9.85 9.66 133552
20140219 9.68 9.81 9.93 9.51 258373
20140220 9.78 9.46 9.89 9.46 172966
20140221 9.35 8.88 9.41 8.76 262387
20140224 8.65 8.40 8.68 8.33 220822
20140225 8.43 8.51 8.74 8.33 234995
20140226 8.53 8.60 8.74 8.41 155492
20140227 8.62 8.11 8.68 8.10 192462
20140228 8.22 8.67 8.70 8.12 218007
20140303 8.58 8.81 8.85 8.40 225003
20140304 8.80 8.74 8.86 8.60 189944
20140305 8.76 8.45 8.78 8.43 157162
20140306 8.43 9.30 9.30 8.32 378239
20140307 9.56 9.13 9.72 9.11 431312
20140310 9.15 9.13 9.35 8.82 280927
20140311 9.19 9.86 10.04 9.01 688535
20140312 9.65 10.38 10.78 9.55 801161
20140313 10.26 10.10 10.46 9.91 423091
20140314 10.00 9.80 10.31 9.60 344057
20140317 9.96 10.14 10.28 9.88 289634
20140318 10.00 9.91 10.01 9.71 269362
20140319 9.81 10.47 10.57 9.31 684984
20140320 10.40 10.18 10.95 10.15 700995
20140321 10.07 11.20 11.20 10.00 793930
20140324 11.44 12.19 12.32 11.23 1177436
20140325 12.05 12.07 12.82 11.81 955042
20140326 12.01 11.93 12.35 11.60 565106
20140327 12.20 12.78 13.07 12.00 1033487
20140328 12.60 12.00 12.93 12.00 678823
20140331 12.11 12.35 13.00 12.08 519886
20140401 12.09 12.48 12.51 11.50 491498
20140402 12.32 13.13 13.54 12.31 725078
20140403 13.08 13.43 13.43 12.83 671615
20140404 13.40 13.17 13.89 13.03 567380
20140408 12.92 12.71 12.95 12.37 524704
20140409 12.62 12.80 13.18 12.60 570132
20140410 12.69 12.20 12.75 12.07 646847
20140411 12.02 12.20 12.34 11.81 383471
20140414 12.08 12.40 12.60 11.80 573176
20140415 12.21 11.70 12.30 11.69 428798
20140416 11.61 11.76 12.08 11.61 301619
20140417 11.81 11.42 11.90 11.40 278397
20140418 11.47 11.40 11.61 11.34 231683
20140421 11.31 10.92 11.48 10.89 299102
20140422 10.90 11.24 11.26 10.80 346729
20140423 11.10 11.02 11.23 10.94 175504
20140424 11.02 11.07 11.45 10.87 356561
20140425 11.10 11.16 11.37 10.98 251517
20140428 11.18 10.51 11.26 10.51 228727
20140429 10.51 10.56 10.62 10.00 318539
20140430 10.42 10.43 10.53 10.35 197327
20140505 10.45 10.11 10.45 9.98 219778
20140506 10.12 10.16 10.25 10.07 142373
20140507 10.03 9.70 10.12 9.68 213389
20140508 9.70 9.91 10.28 9.57 296967
20140509 9.89 9.58 9.94 9.51 175945
20140512 9.66 9.77 9.83 9.41 195395
20140513 10.00 10.12 10.55 9.92 365617
20140514 10.30 10.48 10.58 10.30 352801
20140515 10.40 10.11 10.43 10.03 163216
20140516 10.08 10.50 10.55 10.01 237675
20140519 10.40 10.24 10.40 10.07 156241
20140520 10.29 10.18 10.34 10.11 111875
20140521 10.11 10.36 10.45 9.88 201010
20140522 10.26 10.72 10.96 10.26 382866
20140523 10.78 11.02 11.22 10.66 386448
20140526 11.10 10.95 11.20 10.83 226227
20140527 10.92 11.07 11.25 10.92 188041
20140528 11.10 11.20 11.27 11.03 167541
20140529 11.24 10.94 11.57 10.93 183721
20140530 10.90 10.69 10.98 10.51 149435
20140603 10.62 10.65 10.83 10.50 122268
20140604 10.64 10.11 10.64 9.97 194430
20140605 10.00 10.13 10.16 9.93 140641
20140606 10.23 10.43 10.56 10.02 232638
20140609 10.30 10.36 10.66 10.16 194607
20140610 10.37 10.78 10.86 10.24 271470
20140611 10.68 10.88 11.04 10.64 189551
20140612 10.86 10.70 10.89 10.52 192955
20140613 10.61 10.49 10.77 10.45 191819
20140616 10.52 10.57 10.63 10.38 164581
20140617 10.46 10.49 10.74 10.35 151362
20140618 10.41 10.13 10.51 10.11 173882
20140619 10.11 9.50 10.25 9.48 266072
20140620 9.52 9.55 9.61 9.43 112729
20140623 9.62 9.59 9.76 9.54 128992
20140624 9.59 9.61 9.67 9.52 81872
20140625 9.62 9.40 9.63 9.34 177896
20140626 9.39 9.46 9.58 9.35 162917
20140627 9.46 9.51 9.58 9.42 121242
20140630 9.51 9.47 9.56 9.44 135367
20140701 9.52 9.47 9.53 9.42 111905
20140702 9.46 9.63 9.64 9.38 202004
20140703 9.64 9.60 9.64 9.55 154828
20140704 9.63 9.74 9.83 9.59 201094
20140707 9.81 9.88 9.98 9.74 238442
20140708 9.89 9.74 9.92 9.63 174670
20140709 9.74 9.41 9.77 9.40 170002
20140710 9.42 9.47 9.59 9.40 118391
20140711 9.49 9.70 9.79 9.44 193289
20140714 9.73 9.79 9.90 9.66 177451
20140715 9.75 9.97 9.98 9.73 240935
20140716 10.12 9.91 10.15 9.86 217842
20140717 9.90 9.86 9.97 9.77 113802
20140718 9.80 10.20 10.33 9.76 354603
20140721 10.30 10.34 10.58 10.19 319680
20140722 10.36 10.51 10.60 10.22 243295
20140723 10.63 10.55 10.82 10.49 255412
20140724 10.66 11.20 11.30 10.58 514532
20140725 11.20 11.32 11.40 10.92 311599
20140728 11.40 11.35 11.48 11.00 359084
20140729 11.29 11.40 11.66 11.21 302385
20140730 11.30 10.92 11.48 10.82 384091
20140731 10.90 11.06 11.07 10.70 235301
20140801 10.93 10.75 11.07 10.73 179428
20140804 10.78 11.00 11.06 10.78 172384
20140805 10.98 10.85 10.98 10.80 164979
20140806 10.81 10.70 10.84 10.55 230632
20140807 10.71 10.70 10.82 10.59 192166
20140808 10.68 10.65 10.76 10.55 177378
20140811 10.67 10.90 10.91 10.67 192726
20140812 10.90 10.99 11.00 10.83 166269
20140813 11.19 10.90 11.20 10.84 152011
20140814 10.85 10.67 10.88 10.67 155561
20140815 10.67 10.85 10.92 10.67 119778
20140818 10.82 10.75 10.91 10.67 150481
20140819 10.77 10.68 10.80 10.62 184134
20140820 10.73 10.70 10.78 10.64 155675
20140821 10.75 10.41 10.75 10.25 325884
20140822 10.41 10.50 10.57 10.37 147879
20140825 10.50 10.31 10.50 10.29 152087
20140826 10.29 10.07 10.33 10.01 225686
20140827 10.07 10.13 10.25 10.05 112197
20140828 10.12 10.17 10.26 10.08 102953
20140829 10.22 10.24 10.25 10.15 81888
20140901 10.24 10.35 10.41 10.15 112986
20140902 10.37 10.59 10.65 10.37 275115
20140903 10.56 10.69 10.72 10.50 249337
20140904 10.80 10.88 11.06 10.76 360816
20140905 11.03 10.77 11.04 10.68 260565
20140909 10.81 10.58 10.81 10.52 227444
20140910 10.56 10.49 10.56 10.36 198524
20140911 10.48 10.81 11.20 10.44 477462
20140912 10.68 10.68 10.78 10.50 332581
20140915 10.74 10.62 10.74 10.50 213477
20140916 10.59 10.40 10.79 10.38 300063
20140917 10.58 10.84 10.85 10.46 463443
20140918 10.76 10.67 10.91 10.63 310379
20140919 10.69 10.78 10.83 10.66 255717
20140922 10.76 10.62 10.76 10.53 204765
20140923 10.69 10.83 10.88 10.69 306534
20140924 10.80 10.88 10.92 10.71 302055
20140925 10.89 10.71 10.94 10.66 310111
20140926 10.67 10.69 10.71 10.56 163864
20140929 10.71 10.66 10.74 10.58 248613
20140930 10.67 10.64 10.68 10.60 213112
20141008 10.94 10.83 10.98 10.75 436728
20141009 10.83 10.77 10.90 10.69 313869
20141010 10.72 11.00 11.05 10.69 576434
20141013 10.96 11.12 11.20 10.92 419196
20141014 11.20 10.93 11.23 10.89 316273
20141015 10.92 10.89 10.95 10.74 225022
20141016 10.79 10.75 10.98 10.74 233275
20141017 10.73 10.71 10.84 10.46 194323
20141020 10.72 10.76 10.82 10.64 146148
20141021 10.80 10.57 10.87 10.57 147608
20141022 10.57 10.65 10.78 10.50 196568
20141023 10.60 10.31 10.65 10.29 181631
20141024 10.32 10.32 10.46 10.20 120019
20141027 10.29 10.15 10.29 10.10 130413
20141028 10.19 10.36 10.37 10.17 120130
20141029 10.38 10.63 10.87 10.32 332880
20141030 10.60 10.54 10.62 10.45 187998
20141031 10.54 10.77 10.83 10.53 294195
20141103 10.87 10.80 10.94 10.73 292880
20141104 10.79 10.93 11.04 10.68 379885
20141105 10.89 10.74 10.92 10.70 203948
20141106 10.72 10.79 10.98 10.72 215980
20141107 10.82 10.72 10.99 10.66 335655
20141110 10.73 10.88 10.91 10.61 272647
20141111 10.92 10.80 11.11 10.73 492294
20141112 10.75 10.84 10.84 10.55 290240
20141113 10.84 10.97 11.04 10.60 448411
20141114 10.86 11.08 11.12 10.75 409061
20141117 11.08 11.45 11.65 11.08 870611
20141118 11.37 11.24 11.43 11.16 399322
20141119 11.23 11.25 11.57 11.20 411893
20141120 11.17 10.91 11.17 10.90 293888
20141121 10.87 11.01 11.06 10.85 247548
20141124 11.58 11.80 12.08 11.42 1333408
20141125 11.75 11.73 11.76 11.57 533580
20141126 11.71 11.67 11.82 11.52 476798
20141127 11.74 11.86 11.96 11.65 554253
20141128 11.87 12.58 12.67 11.62 921782
20141201 12.60 12.64 13.19 12.60 914990
20141202 12.65 13.07 13.20 12.48 548428
20141203 13.20 13.35 14.22 13.20 815798
20141204 13.35 13.88 14.00 13.26 504712
20141205 13.90 13.10 13.90 12.60 593586
20141208 12.90 14.38 14.41 12.65 820168
20141209 14.00 13.33 15.55 13.31 775011
20141210 14.40 14.65 14.66 13.50 737347
20141211 14.40 15.56 15.85 14.28 636734
20141212 15.70 15.06 15.70 14.87 401995
20141215 14.95 14.52 15.00 14.15 442652
20141216 14.60 14.89 14.96 14.32 409351
20141217 14.78 14.92 15.19 14.30 482229
20141218 14.99 14.54 15.21 14.40 342425
20141219 14.58 14.14 14.60 13.70 358033
20141222 14.01 13.28 14.53 13.03 463666
20141223 13.05 13.33 13.90 13.05 315459
20141224 13.40 13.17 13.55 12.89 275238
20141225 13.22 13.78 13.83 13.22 346749
20141226 13.84 14.11 14.19 13.70 360898
20141229 14.59 14.59 15.25 14.25 669725
20141230 14.50 14.43 15.07 14.38 468704
20141231 14.44 15.87 15.87 14.30 737039
20150105 16.23 16.76 17.46 16.23 932812
20150106 16.40 16.18 16.56 15.73 490909
20150107 15.99 16.38 16.69 15.88 316410
20150108 16.30 16.20 16.82 15.51 375595
20150109 16.12 16.30 17.16 16.11 576560
20150209 14.79 14.70 15.49 14.67 488304
20150210 14.52 14.94 15.31 14.47 241785
20150211 15.25 14.99 15.53 14.76 342930
20150212 15.05 14.53 15.09 14.27 326894
20150213 14.62 15.40 15.80 14.59 434437
20150216 15.48 15.33 15.58 15.10 264789
20150217 15.26 15.82 15.93 15.26 339409
20150225 15.88 15.56 15.89 15.49 228763
20150226 15.75 16.22 16.35 15.63 350900
20150227 16.17 16.06 16.17 15.89 249840
20150302 16.55 16.00 16.56 15.91 407590
20150303 15.91 15.49 15.91 15.47 330639
20150304 15.47 15.49 15.60 15.22 241244
20150305 15.38 14.98 15.43 14.86 264949
20150306 15.00 15.03 15.25 14.94 173731
20150309 15.04 15.28 15.32 14.65 228546
20150310 15.18 15.18 15.33 15.05 155540
20150311 15.23 15.61 15.76 15.23 282119
20150312 15.73 15.78 15.84 15.41 260208
20150313 15.75 15.59 15.82 15.43 231398
20150316 15.65 15.88 15.90 15.57 340217
20150317 15.93 16.12 16.26 15.86 354103
20150318 16.20 16.44 16.55 16.09 378748
20150319 16.39 16.27 16.39 16.10 381390
20150320 17.16 17.90 17.90 16.88 917061
20150323 18.54 18.88 19.17 18.17 821149
20150324 19.23 18.68 19.23 18.02 626123
20150325 18.66 18.47 18.67 18.13 510088
20150326 18.29 18.40 18.90 18.20 454804
20150327 18.78 19.91 20.20 18.45 692662
20150330 20.22 21.51 21.88 19.83 867770
20150331 22.27 21.25 22.48 21.10 838055
20150401 21.25 22.92 23.30 20.81 748470
20150402 22.89 23.23 24.11 22.66 740564
20150403 22.81 23.50 23.80 22.64 521130
20150407 23.79 23.59 23.80 23.18 547592
20150408 23.42 22.72 23.59 22.32 696204
20150409 22.80 23.08 23.20 21.30 649858
20150410 22.90 23.16 23.55 22.57 480971
20150413 23.33 23.40 23.80 22.81 526792
20150414 23.41 22.80 23.43 22.55 388690
20150415 22.78 21.42 22.78 21.39 381160
20150416 20.90 21.70 21.88 20.61 367307
20150417 21.81 21.76 22.17 21.57 369396
20150420 21.70 21.20 22.47 21.10 465695
20150421 21.15 21.96 21.96 21.00 322583
20150422 22.02 22.60 22.67 22.00 433450
20150423 22.93 23.10 23.40 22.24 610923
20150424 22.61 22.36 22.96 22.18 356510
20150427 21.80 21.90 22.20 21.58 502765
20150428 21.88 21.97 22.68 21.60 418521
20150429 21.85 22.30 22.45 21.30 327697
20150430 22.10 23.57 24.05 22.10 848823
20150504 24.66 23.12 24.69 23.00 878289
20150505 22.73 21.26 22.90 20.98 546348
20150506 21.25 20.09 21.46 19.84 414181
20150507 20.09 20.18 20.53 19.90 237752
20150508 20.49 20.20 20.75 19.55 398711
20150511 20.71 20.80 21.07 20.20 452047
20150512 20.81 20.59 20.86 20.37 357118
20150513 20.48 20.80 20.84 20.09 415589
20150514 20.65 20.43 20.91 20.43 268071
20150515 20.40 20.30 20.79 20.14 245920
20150518 20.10 19.96 20.34 19.94 244994
20150519 19.96 20.54 20.60 19.96 270333
20150520 20.69 20.74 21.18 20.39 433984
20150521 20.69 21.12 21.15 20.60 370010
20150522 21.28 21.99 22.32 21.28 510903
20150525 21.98 22.38 22.62 21.64 479764
20150526 22.50 22.82 22.94 22.02 579631
20150527 22.72 22.25 22.79 22.01 464378
20150528 22.27 20.36 22.80 20.35 565386
20150529 20.48 20.55 20.90 19.44 389043
20150601 20.65 22.18 22.22 20.45 409877
20150602 22.25 23.23 23.25 22.00 619640
20150603 24.50 24.15 24.99 23.30 766444
20150604 24.40 24.74 24.85 22.50 568508
20150605 25.12 25.30 25.50 24.20 625153
20150608 25.58 27.66 27.83 25.57 1015659
20150609 28.33 26.35 28.60 25.90 837674
20150610 12.50 13.33 13.77 12.41 1339842
20150611 13.25 13.53 13.67 13.00 1232067
20150612 13.60 13.50 13.80 13.20 1097127
20150615 13.82 14.79 14.85 13.56 2121200
20150616 14.30 13.73 14.83 13.40 1536803
20150617 13.73 13.57 13.98 12.80 1100046
20150618 13.57 13.13 14.33 12.90 1117692
20150619 12.71 11.82 12.99 11.82 792657
20150623 11.82 11.79 12.00 10.67 721166
20150624 11.99 11.91 12.22 11.41 829257
20150625 12.06 12.27 13.05 11.90 1340667
20150626 11.64 11.04 12.18 11.04 865433
20150629 11.61 11.37 11.86 10.00 1325861
20150630 11.30 12.50 12.51 10.70 1427604
20150701 12.51 12.50 13.39 11.85 1463168
20150702 12.10 11.25 12.66 11.25 1201960
20150703 10.51 10.13 11.30 10.13 861315
20150706 11.09 9.36 11.10 9.12 1364627
20150707 8.80 8.42 8.90 8.42 1128834
20150713 9.26 9.26 9.26 9.26 76027
20150714 10.19 10.19 10.19 10.19 159912
20150715 10.30 9.17 10.30 9.17 1146649
20150716 9.17 9.26 9.66 8.50 796832
20150717 9.38 9.88 9.97 9.28 723620
20150720 10.03 10.15 10.39 9.80 770315
20150721 9.99 10.12 10.34 9.80 583569
20150722 10.00 9.88 10.18 9.57 643178
20150723 9.87 10.08 10.17 9.65 755485
20150724 10.11 10.30 10.88 10.01 1218442
20150727 10.01 9.29 10.85 9.27 1342135
20150728 8.90 9.33 9.67 8.46 966235
20150729 9.51 9.82 9.85 9.23 624611
20150730 9.99 9.49 10.28 9.45 660128
