20140102 4.00 4.04 4.05 3.98 16377
20140103 4.04 3.99 4.06 3.96 26768
20140106 3.98 3.84 3.98 3.83 30765
20140107 3.83 3.87 3.87 3.76 19852
20140108 3.87 3.83 3.89 3.81 16025
20140109 3.84 3.73 3.86 3.72 24933
20140110 3.73 3.84 4.00 3.68 64714
20140113 3.85 3.76 3.87 3.70 39282
20140114 3.74 3.82 3.82 3.70 18717
20140115 3.80 3.83 3.84 3.79 14875
20140116 3.83 3.83 3.87 3.81 16769
20140117 3.82 3.77 3.83 3.72 15617
20140120 3.77 3.75 3.78 3.73 8883
20140121 3.74 3.78 3.79 3.72 14269
20140122 3.80 3.86 3.87 3.78 30340
20140123 3.88 3.88 3.90 3.85 20097
20140124 3.88 3.93 3.96 3.86 29670
20140127 3.91 3.90 3.94 3.88 18186
20140128 3.90 3.90 3.94 3.88 22650
20140129 3.90 3.91 3.93 3.90 18113
20140130 3.91 3.91 3.92 3.87 15153
20140207 3.90 3.95 3.96 3.88 21290
20140210 3.97 4.03 4.04 3.96 46487
20140211 4.02 4.02 4.05 3.99 38875
20140212 4.03 4.08 4.09 4.01 42860
20140213 4.07 4.05 4.10 4.04 32350
20140214 4.06 4.10 4.11 4.03 45774
20140217 4.11 4.11 4.13 4.09 51399
20140218 4.11 4.08 4.11 4.05 37679
20140219 4.08 4.12 4.13 4.06 51599
20140220 4.11 4.10 4.17 4.06 51467
20140221 4.09 4.03 4.12 3.99 33265
20140224 4.02 3.97 4.02 3.94 31137
20140225 3.96 3.85 4.00 3.81 38111
20140226 3.91 3.99 4.00 3.85 52197
20140227 3.98 3.90 4.00 3.90 33138
20140228 3.90 3.93 3.95 3.87 27747
20140303 3.93 3.98 3.98 3.90 25183
20140304 3.94 4.03 4.03 3.92 38740
20140305 4.04 4.00 4.05 3.97 33131
20140306 3.99 4.01 4.02 3.93 30175
20140307 4.01 3.99 4.03 3.97 20061
20140310 3.96 3.85 3.96 3.83 25643
20140311 3.84 3.86 3.88 3.81 18610
20140312 3.86 3.88 3.89 3.82 20108
20140313 3.88 3.91 3.93 3.88 20784
20140314 3.91 3.89 3.91 3.84 12677
20140317 3.87 3.94 3.94 3.86 19469
20140318 3.94 3.93 3.97 3.91 21002
20140319 3.93 4.01 4.02 3.91 42658
20140320 4.00 3.90 4.03 3.89 33564
20140321 3.90 4.08 4.11 3.89 90592
20140324 4.10 4.09 4.11 4.05 52590
20140325 4.07 4.07 4.11 4.04 40227
20140326 4.05 4.10 4.11 4.04 50652
20140327 4.10 4.03 4.15 4.02 58781
20140328 4.02 4.03 4.07 4.01 52261
20140331 4.03 3.99 4.06 3.97 21416
20140401 3.99 4.07 4.07 3.99 24643
20140402 4.05 4.08 4.10 4.04 21571
20140403 4.06 4.07 4.08 4.04 18900
20140404 4.08 4.11 4.12 4.07 31976
20140408 4.10 4.14 4.15 4.08 46440
20140409 4.14 4.12 4.14 4.09 23304
20140410 4.10 4.13 4.15 4.10 33334
20140411 4.11 4.14 4.14 4.08 23905
20140414 4.13 4.16 4.16 4.11 33398
20140415 4.17 4.14 4.17 4.12 36066
20140416 4.14 4.11 4.15 4.10 25180
20140417 4.11 4.16 4.17 4.11 41587
20140418 4.13 4.19 4.20 4.13 40036
20140421 4.17 4.16 4.27 4.13 65294
20140422 4.17 4.15 4.20 4.08 50350
20140423 4.13 4.22 4.23 4.13 52059
20140424 4.20 4.19 4.24 4.17 42524
20140425 4.19 4.08 4.21 4.05 62119
20140428 4.06 3.90 4.06 3.87 47919
20140429 3.89 3.94 3.95 3.85 13297
20140430 3.94 4.00 4.01 3.93 22240
20140505 4.00 3.99 4.00 3.96 23795
20140506 4.00 4.00 4.02 3.97 13464
20140507 3.98 3.94 4.00 3.93 16786
20140508 3.93 3.96 4.00 3.93 9710
20140509 3.96 3.96 3.98 3.94 11178
20140512 3.98 4.04 4.06 3.98 19415
20140513 4.05 4.09 4.16 4.03 21173
20140514 4.10 4.08 4.10 4.05 14287
20140515 4.08 4.02 4.10 3.99 25698
20140516 4.01 4.04 4.05 4.00 8478
20140519 4.04 3.96 4.04 3.96 14909
20140520 3.98 3.95 4.01 3.95 16971
20140521 3.94 3.98 3.99 3.93 10709
20140522 3.98 3.96 4.03 3.96 22166
20140523 3.96 3.98 4.00 3.94 10285
20140526 4.01 4.01 4.02 3.98 18140
20140527 4.01 4.05 4.10 4.01 31633
20140528 4.05 4.06 4.07 4.03 12699
20140529 4.05 4.08 4.09 4.03 23156
20140530 4.07 4.06 4.09 4.03 21968
20140603 4.06 4.10 4.10 4.03 28632
20140604 4.11 4.09 4.13 4.04 26792
20140605 4.08 4.10 4.11 4.06 24129
20140606 4.10 4.08 4.13 4.06 21843
20140609 4.09 4.11 4.12 4.06 24568
20140610 4.11 4.12 4.13 4.07 22106
20140611 4.11 4.10 4.13 4.09 21748
20140612 4.09 4.19 4.24 4.08 108333
20140613 4.17 4.22 4.30 4.16 109086
20140616 4.20 4.20 4.24 4.16 55471
20140617 4.19 4.19 4.24 4.15 27941
20140618 4.19 4.27 4.34 4.17 99290
20140619 4.28 4.09 4.30 4.07 61301
20140620 4.10 4.12 4.14 4.06 30543
20140623 4.11 4.13 4.17 4.10 28470
20140624 4.14 4.15 4.17 4.11 23967
20140625 4.16 4.16 4.18 4.12 25670
20140626 4.17 4.19 4.21 4.15 35491
20140627 4.18 4.22 4.24 4.17 36730
20140630 4.22 4.31 4.34 4.19 67805
20140701 4.30 4.30 4.33 4.26 47978
20140702 4.30 4.34 4.39 4.28 71497
20140703 4.32 4.36 4.36 4.30 56290
20140704 4.36 4.53 4.54 4.34 200993
20140707 4.49 4.51 4.57 4.43 67231
20140708 4.49 4.46 4.51 4.42 54350
20140709 4.44 4.35 4.49 4.34 50443
20140710 4.35 4.36 4.41 4.32 46405
20140711 4.36 4.40 4.43 4.34 36092
20140714 4.41 4.50 4.51 4.38 64720
20140715 4.49 4.46 4.51 4.44 39745
20140716 4.45 4.37 4.47 4.37 39184
20140717 4.37 4.39 4.40 4.33 26278
20140718 4.38 4.40 4.45 4.35 25313
20140721 4.39 4.37 4.41 4.35 25754
20140722 4.38 4.45 4.47 4.36 32269
20140723 4.45 4.44 4.49 4.41 40771
20140724 4.44 4.38 4.47 4.38 39290
20140725 4.37 4.46 4.46 4.37 26693
20140728 4.48 4.56 4.60 4.44 107953
20140729 4.55 4.56 4.58 4.51 64273
20140730 4.56 4.54 4.57 4.51 57657
20140731 4.54 4.60 4.62 4.52 67165
20140801 4.61 4.49 4.61 4.48 54841
20140804 4.50 4.55 4.56 4.48 42327
20140805 4.55 4.59 4.61 4.53 53535
20140806 4.60 4.65 4.68 4.58 62636
20140807 4.63 4.58 4.65 4.58 47820
20140808 4.56 4.59 4.63 4.55 34794
20140811 4.62 4.64 4.64 4.60 37690
20140812 4.63 4.64 4.66 4.59 59728
20140813 4.64 4.73 4.73 4.61 79181
20140814 4.72 4.68 4.73 4.66 60366
20140815 4.68 4.71 4.73 4.65 40818
20140818 4.71 4.80 4.80 4.71 67153
20140819 4.78 4.93 4.95 4.78 104306
20140820 4.93 4.91 4.97 4.86 95248
20140821 4.91 4.95 4.95 4.85 77445
20140822 4.95 4.99 5.03 4.93 54672
20140825 4.99 5.06 5.08 4.96 60462
20140826 5.03 4.84 5.06 4.80 105379
20140827 4.80 4.83 4.87 4.77 59422
20140828 4.83 4.81 4.88 4.79 56847
20140829 4.85 4.90 4.91 4.80 44281
20140901 4.90 5.08 5.11 4.88 92072
20140902 5.08 5.12 5.16 5.06 86587
20140903 5.15 5.14 5.16 5.04 67256
20140904 5.14 5.15 5.16 5.08 63540
20140905 5.15 5.23 5.25 5.13 78288
20140909 5.21 5.38 5.45 5.21 100712
20140910 5.42 5.50 5.56 5.32 95544
20140911 5.51 5.38 5.55 5.31 121467
20140912 5.36 5.47 5.50 5.34 63721
20140915 5.47 5.57 5.57 5.47 87201
20140916 5.58 5.29 5.58 5.28 143212
20140917 5.28 5.37 5.38 5.15 80564
20140918 5.37 5.34 5.43 5.30 76117
20140919 5.35 5.45 5.47 5.32 65554
20140922 5.44 5.31 5.45 5.25 84897
20140923 5.32 5.42 5.43 5.30 70769
20140924 5.39 5.58 5.63 5.37 138664
20140925 5.58 5.55 5.75 5.51 116478
20140926 5.56 5.63 5.68 5.54 64303
20140929 5.67 5.88 5.92 5.65 124138
20140930 5.85 5.85 5.93 5.81 89915
20141008 5.84 6.09 6.14 5.80 139729
20141009 6.05 6.14 6.37 6.01 206958
20141010 6.14 6.15 6.19 6.05 94493
20141013 6.12 6.28 6.29 5.95 126600
20141014 6.25 6.49 6.71 6.20 231680
20141015 6.57 7.14 7.14 6.42 276970
20141016 6.80 6.55 6.87 6.44 360228
20141017 6.48 6.20 6.48 6.06 212421
20141020 6.15 6.37 6.44 6.14 111799
20141021 6.33 6.23 6.39 6.15 98026
20141022 6.21 6.15 6.28 6.09 78395
20141023 6.15 6.17 6.35 6.12 91104
20141024 6.14 6.11 6.21 6.03 64423
20141027 6.10 6.01 6.20 5.84 150532
20141028 5.98 6.10 6.10 5.96 145262
20141029 6.10 6.16 6.23 6.07 163291
20141030 6.16 6.15 6.28 6.10 108228
20141031 6.14 6.20 6.25 6.11 98114
20141103 6.20 6.42 6.49 6.16 166263
20141104 6.37 6.33 6.39 6.23 105982
20141105 6.32 6.32 6.41 6.23 89868
20141106 6.29 6.37 6.39 6.24 91090
20141107 6.37 6.50 6.64 6.37 174283
20141110 6.53 6.55 6.79 6.41 130979
20141111 6.48 6.18 6.56 6.17 125358
20141112 6.18 6.30 6.32 6.11 63049
20141113 6.30 6.13 6.31 6.11 66350
20141114 6.09 6.17 6.22 6.08 40068
20141117 6.20 6.23 6.29 6.15 41550
20141118 6.27 6.38 6.41 6.21 77010
20141119 6.38 6.41 6.50 6.34 63695
20141120 6.35 6.69 7.05 6.35 249163
20141121 6.62 6.80 6.87 6.56 151103
20141124 6.85 7.04 7.06 6.76 213812
20141125 7.05 7.44 7.50 7.00 251257
20141126 7.46 7.32 7.47 7.25 136095
20141127 7.30 7.29 7.42 7.21 105880
20141128 7.28 7.28 7.42 7.26 125218
20141201 7.28 7.06 7.32 7.00 130981
20141202 7.05 7.13 7.23 7.05 93855
20141203 7.12 6.96 7.18 6.86 141247
20141204 6.96 7.07 7.16 6.92 98533
20141205 7.07 6.71 7.07 6.53 189258
20141208 6.70 6.90 6.96 6.59 109764
20141209 6.84 6.58 6.84 6.49 187947
20141210 6.53 6.79 6.88 6.43 109362
20141211 6.79 7.31 7.32 6.75 157649
20141212 7.30 7.50 7.62 7.20 197073
20141215 7.50 7.51 7.57 7.40 79704
20141216 7.48 7.53 7.76 7.42 115308
20141217 7.55 7.40 7.66 7.23 88632
20141218 7.50 7.23 7.50 7.01 100053
20141219 7.20 7.18 7.24 7.00 87133
20141222 7.18 6.92 7.20 6.86 106527
20141223 6.65 7.03 7.09 6.65 54359
20141224 7.10 7.32 7.45 6.99 79810
20141225 7.31 7.50 7.66 7.30 139995
20141226 7.45 7.66 7.78 7.43 117232
20141229 7.70 7.36 7.75 7.20 107539
20141230 7.36 7.08 7.41 7.05 74906
20141231 7.09 7.46 7.46 7.09 80573
20150105 7.48 7.48 7.57 7.29 95870
20150106 7.40 7.46 7.48 7.33 53361
20150107 7.44 7.40 7.67 7.35 70480
20150108 7.41 7.29 7.49 7.26 60554
20150109 7.23 7.34 7.40 7.23 50333
20150112 7.29 7.91 8.01 7.29 227887
20150113 7.88 8.03 8.08 7.76 183080
20150114 8.00 8.17 8.47 7.93 206077
20150115 8.15 8.30 8.48 8.14 157863
20150116 8.30 8.23 8.39 7.95 155771
20150119 7.99 7.79 8.27 7.69 151716
20150120 7.83 8.30 8.30 7.80 155769
20150121 8.43 8.56 8.68 8.33 147247
20150122 8.55 8.76 8.88 8.38 145172
20150123 8.67 9.22 9.35 8.51 207441
20150126 9.20 9.25 9.38 9.07 150982
20150127 9.19 8.96 9.38 8.82 157249
20150128 8.99 9.03 9.16 8.73 96294
20150129 8.80 9.02 9.11 8.80 75805
20150130 9.00 8.95 9.17 8.80 66800
20150202 8.83 8.59 8.90 8.51 86326
20150203 8.62 8.72 8.80 8.53 71320
20150204 8.68 8.59 8.79 8.55 57322
20150205 8.69 8.44 8.72 8.39 85178
20150206 8.40 8.24 8.40 8.13 67260
20150209 8.16 8.17 8.26 8.05 36301
20150210 8.17 8.63 8.75 8.15 90451
20150211 8.68 8.60 8.68 8.49 44831
20150212 8.60 8.55 8.64 8.47 34294
20150213 8.54 8.93 8.98 8.54 82315
20150216 8.93 9.10 9.18 8.91 73557
20150217 9.06 8.99 9.11 8.93 52853
20150225 8.95 8.77 8.98 8.66 62480
20150226 8.75 8.80 8.97 8.68 56106
20150227 8.76 8.88 8.95 8.75 76052
20150302 8.88 8.93 8.95 8.60 72415
20150303 8.90 8.78 8.94 8.70 77443
20150304 8.80 8.82 8.85 8.73 61320
20150305 8.85 8.80 8.86 8.70 70956
20150306 8.80 8.50 8.80 8.50 93056
20150309 8.50 9.35 9.35 8.50 193058
20150310 9.81 10.17 10.28 9.51 311954
20150311 10.17 9.86 10.17 9.80 178372
20150312 9.84 9.73 10.09 9.53 125081
20150313 9.75 9.86 9.95 9.62 79596
20150316 10.00 9.90 10.06 9.75 144195
20150317 9.89 10.13 10.15 9.81 161432
20150318 10.13 10.20 10.28 9.95 149514
20150319 10.20 10.98 10.98 10.00 215305
20150320 10.81 11.31 11.38 10.80 200581
20150323 11.27 11.16 11.55 11.12 189663
20150324 11.16 11.35 11.50 10.87 164763
20150325 11.35 11.15 11.35 11.07 93042
20150326 11.00 10.93 11.22 10.80 120182
20150327 10.70 11.80 11.96 10.65 200992
20150330 11.80 12.11 12.55 11.65 172733
20150331 12.11 11.97 12.30 11.85 124102
20150401 11.89 12.06 12.18 11.88 70267
20150402 12.07 12.25 12.29 11.89 126309
20150403 12.19 12.27 12.70 11.99 109545
20150407 12.27 12.47 12.60 12.11 134893
20150408 12.47 12.13 12.49 11.71 148665
20150409 12.10 11.43 12.13 10.94 177569
20150410 11.42 11.51 11.64 11.15 126660
20150413 11.51 11.51 11.58 11.27 173423
20150414 11.50 11.84 12.06 11.39 186988
20150415 11.90 11.57 12.25 11.55 155317
20150416 11.30 11.40 11.62 10.97 151632
20150417 11.48 11.80 11.98 11.48 194888
