20140102 4.05 4.13 4.14 4.04 25224
20140103 4.14 4.07 4.14 4.04 16563
20140106 4.06 3.96 4.07 3.95 18148
20140107 3.91 3.99 4.03 3.91 13936
20140108 4.00 3.97 4.04 3.95 12934
20140109 3.95 3.85 4.00 3.82 21802
20140110 3.85 3.72 3.85 3.70 25916
20140113 3.72 3.69 3.74 3.67 16236
20140114 3.68 3.80 3.83 3.67 21955
20140115 3.77 3.80 3.81 3.76 12097
20140116 3.80 3.88 3.96 3.76 34470
20140117 3.87 3.81 3.87 3.78 15470
20140120 3.81 3.76 3.81 3.73 11178
20140121 3.74 3.80 3.82 3.74 12733
20140122 3.76 3.88 3.89 3.76 22397
20140123 3.86 4.08 4.22 3.86 70448
20140124 4.08 4.07 4.15 4.03 30885
20140127 4.06 4.25 4.26 4.02 53800
20140128 4.23 4.26 4.34 4.16 42477
20140129 4.26 4.22 4.26 4.15 22627
20140130 4.20 4.14 4.21 4.12 14940
20140207 4.12 4.22 4.24 4.10 21780
20140210 4.20 4.31 4.33 4.16 41569
20140211 4.30 4.29 4.39 4.27 41323
20140212 4.29 4.36 4.37 4.22 35529
20140213 4.35 4.42 4.54 4.30 68069
20140214 4.37 4.46 4.53 4.37 72156
20140217 4.46 4.65 4.66 4.40 100125
20140218 4.60 4.80 4.92 4.56 133359
20140219 4.80 4.75 4.82 4.63 54847
20140220 4.74 4.68 4.79 4.67 43605
20140221 4.68 4.76 4.83 4.64 59065
20140224 4.73 4.67 4.75 4.57 46538
20140225 4.67 4.41 4.67 4.36 50846
20140226 4.38 4.57 4.68 4.26 74058
20140227 4.55 4.59 4.77 4.45 71289
20140228 4.60 4.72 4.72 4.49 67253
20140303 4.71 4.74 4.79 4.64 59733
20140304 4.71 4.86 4.87 4.64 68620
20140305 4.87 4.81 4.90 4.75 59080
20140306 4.75 4.71 4.82 4.69 36743
20140307 4.73 4.72 4.76 4.61 33677
20140310 4.71 4.61 4.71 4.59 25922
20140311 4.55 4.76 4.77 4.50 23493
20140312 4.76 4.92 5.03 4.73 78547
20140313 4.90 5.02 5.04 4.83 68067
20140314 4.98 5.02 5.03 4.95 37464
20140317 4.98 5.10 5.20 4.98 42761
20140318 5.09 5.30 5.40 5.05 91976
20140319 5.26 5.36 5.37 5.16 54189
20140320 5.35 5.11 5.46 5.10 58478
20140321 5.09 5.14 5.30 5.02 36990
20140324 5.12 5.17 5.22 5.03 43600
20140325 5.14 5.54 5.69 5.10 165461
20140326 5.44 5.47 5.63 5.37 73813
20140327 5.47 5.38 5.62 5.38 65241
20140328 5.38 5.18 5.45 5.15 42996
20140331 5.18 5.23 5.35 5.11 28616
20140401 5.25 5.23 5.29 5.15 26381
20140402 5.23 5.16 5.24 5.14 29498
20140403 5.16 5.32 5.32 5.16 25624
20140404 5.32 5.64 5.67 5.30 75006
20140408 5.56 5.61 5.68 5.55 39637
20140409 5.58 5.61 5.75 5.56 40888
20140410 5.60 5.71 5.83 5.58 42949
20140411 5.70 5.56 5.73 5.50 34921
20140414 5.54 5.84 5.88 5.51 67622
20140415 5.85 6.00 6.15 5.75 85925
20140416 6.02 5.98 6.08 5.90 47314
20140417 5.97 6.26 6.36 5.96 105334
20140418 6.24 6.30 6.41 6.14 66190
20140421 6.28 5.92 6.43 5.92 139401
20140422 5.91 5.81 5.95 5.63 92443
20140423 5.74 6.16 6.24 5.74 73605
20140424 6.24 6.14 6.34 6.11 61198
20140429 5.80 5.53 5.80 5.53 23487
20140430 5.22 6.08 6.08 5.14 156665
20140505 6.00 6.12 6.18 5.87 82177
20140506 6.15 6.38 6.45 6.00 99175
20140507 6.30 6.12 6.41 6.08 76982
20140508 6.03 6.04 6.28 5.90 47977
20140509 6.04 6.14 6.18 5.83 52121
20140512 6.18 6.12 6.19 5.95 49677
20140513 6.12 5.89 6.12 5.87 47034
20140514 5.90 5.89 5.99 5.85 30069
20140515 5.88 5.43 5.94 5.31 67294
20140516 5.43 5.55 5.58 5.43 34957
20140519 5.50 5.29 5.54 5.12 47294
20140520 5.30 5.24 5.40 5.23 32914
20140521 5.21 5.17 5.23 4.98 60311
20140522 5.16 5.16 5.19 5.10 34166
20140523 5.16 5.29 5.33 5.11 45046
20140526 5.26 5.30 5.33 5.21 30705
20140527 5.30 5.23 5.30 5.15 28372
20140528 5.22 5.21 5.25 5.17 26649
20140529 5.22 5.15 5.31 5.14 26912
20140530 5.15 5.14 5.22 5.10 22159
20140603 5.18 5.31 5.38 5.14 50772
20140604 5.30 5.43 5.45 5.29 50195
20140605 5.43 5.55 5.58 5.31 34862
20140606 5.55 5.54 5.62 5.39 28634
20140609 5.53 5.77 5.79 5.44 59482
20140610 5.77 5.77 5.85 5.70 43487
20140611 5.77 5.70 5.79 5.66 27104
20140612 5.79 5.80 6.06 5.75 50551
20140613 5.73 5.88 5.92 5.62 50615
20140616 5.87 6.02 6.08 5.80 59221
20140617 6.00 6.01 6.08 5.89 40058
20140618 6.01 5.81 6.04 5.80 26721
20140619 5.82 5.57 5.90 5.56 32497
20140620 5.62 6.08 6.08 5.59 89615
20140623 6.17 6.10 6.26 6.02 61612
20140624 6.08 6.29 6.35 5.96 81629
20140625 6.23 6.21 6.38 6.18 57724
20140626 6.20 6.21 6.27 6.13 43483
20140627 6.21 6.35 6.63 6.17 99879
20140630 6.38 6.39 6.44 6.29 46083
20140701 6.31 6.26 6.43 6.22 55310
20140702 6.24 6.36 6.41 6.21 44558
20140703 6.36 6.73 6.81 6.30 110141
20140704 6.69 6.89 7.27 6.64 147660
20140707 6.85 6.91 6.92 6.62 67103
20140708 6.79 6.77 6.88 6.61 57979
20140709 6.68 6.67 6.89 6.65 55725
20140710 6.64 6.70 6.74 6.58 49951
20140711 6.70 6.69 6.88 6.56 43224
20140714 6.66 6.83 6.89 6.62 55777
20140715 6.83 6.77 6.98 6.58 76846
20140716 6.71 6.50 6.79 6.40 62714
20140717 6.50 6.40 6.54 6.10 81055
20140718 6.38 6.40 6.40 6.24 27901
20140721 6.37 6.38 6.50 6.30 29795
20140722 6.37 6.35 6.56 6.31 73995
20140723 6.38 6.17 6.44 6.09 71591
20140724 6.17 5.98 6.25 5.88 90502
20140725 5.93 5.84 5.95 5.60 153116
20140728 5.80 6.09 6.09 5.75 109127
20140729 6.09 6.22 6.27 6.02 76544
20140730 6.20 6.16 6.26 6.09 45815
20140731 6.13 6.29 6.32 6.12 70195
20140801 6.29 6.20 6.32 6.14 51177
20140804 6.20 6.53 6.64 6.20 122922
20140805 6.55 6.60 6.63 6.45 84705
20140806 6.61 6.60 6.68 6.51 67914
20140807 6.66 6.61 6.83 6.56 93636
20140808 6.64 6.77 6.77 6.53 85037
20140811 6.80 6.78 6.85 6.72 68939
20140812 6.78 6.62 6.78 6.60 85088
20140813 6.60 6.83 6.84 6.58 77623
20140814 6.85 6.86 6.93 6.73 82701
20140815 6.83 6.84 6.90 6.73 54101
20140818 6.84 7.05 7.12 6.79 91971
20140819 7.07 7.15 7.22 6.96 88119
20140820 7.15 7.14 7.24 7.00 78821
20140821 7.16 7.12 7.16 6.94 62438
20140822 7.09 7.30 7.30 7.04 75823
20140825 7.35 7.18 7.46 7.17 87050
20140826 7.12 6.90 7.16 6.86 76729
20140827 6.83 7.15 7.19 6.80 73229
20140828 7.20 7.10 7.29 7.03 78417
20140829 7.11 7.12 7.18 6.95 63789
20140901 7.13 7.17 7.22 7.06 49342
20140902 7.20 7.43 7.43 7.15 171709
20140903 7.40 7.49 7.64 7.33 121818
20140904 7.48 7.44 7.54 7.37 81407
20140905 7.40 7.44 7.44 7.29 60233
20140909 7.45 7.62 7.71 7.39 91446
20140910 7.62 8.01 8.28 7.61 170164
20140911 8.03 7.89 8.07 7.78 134878
20140912 7.87 8.00 8.09 7.85 62858
20140915 8.02 8.20 8.33 8.02 91454
20140916 8.20 7.75 8.26 7.72 104118
20140917 7.70 8.10 8.16 7.70 90428
20140918 8.15 8.12 8.24 8.00 69498
20140919 8.15 8.14 8.19 8.06 43628
20140922 8.07 8.12 8.25 8.00 58820
20140923 8.12 8.53 8.68 8.01 126693
20140924 8.46 8.50 8.75 8.36 138811
20140925 8.51 8.42 8.54 8.32 94167
20140926 8.40 8.40 8.55 8.20 54280
20140929 8.38 8.53 8.57 8.35 95650
20140930 8.50 8.58 8.60 8.42 56768
20141008 8.58 9.05 9.07 8.58 123325
20141009 9.09 9.29 9.35 8.81 117601
20141010 9.28 9.60 9.71 9.14 161187
20141013 9.55 9.44 10.00 9.33 106844
20141014 9.49 9.05 9.49 9.03 101685
20141015 9.05 9.01 9.10 8.85 69048
20141016 9.00 8.79 9.16 8.78 69387
20141017 8.77 8.61 8.78 8.33 84127
20141020 8.54 8.80 8.89 8.50 41967
20141021 8.85 8.87 9.19 8.80 80831
20141022 8.88 8.76 9.02 8.73 46944
20141023 8.76 8.48 8.78 8.46 75279
20141024 8.46 8.62 8.70 8.46 45052
20141027 8.62 8.92 8.95 8.62 55565
20141028 9.00 9.08 9.20 8.99 57490
20141029 9.13 9.32 9.32 9.00 86019
20141030 9.34 9.25 9.42 9.12 77120
20141031 9.15 9.17 9.34 8.95 68966
20141103 9.24 9.50 9.50 9.11 76516
20141104 9.53 9.59 9.68 9.46 105682
20141105 9.60 9.98 10.10 9.53 130280
20141106 9.98 9.99 10.29 9.70 102530
20141107 10.04 9.88 10.05 9.75 60091
20141110 9.81 9.89 9.95 9.70 33486
20141111 9.79 9.40 10.00 9.33 66752
20141112 9.39 9.83 9.92 9.22 63090
20141113 9.84 9.73 9.92 9.57 79107
20141114 9.69 9.82 9.95 9.65 58352
20141117 9.80 10.11 10.51 9.54 206500
20141120 9.84 9.74 9.96 9.40 201886
20141121 9.74 9.80 10.43 9.50 134049
20141124 9.89 9.85 10.00 9.72 138668
20141125 9.78 10.00 10.09 9.76 103876
20141126 10.10 9.98 10.38 9.95 110574
20141127 9.97 10.31 10.33 9.97 130086
20141128 10.27 10.31 10.42 10.03 88487
20141201 10.38 10.92 11.34 10.33 201770
20141202 10.89 10.91 11.15 10.65 111335
20141203 10.91 10.78 10.95 10.66 83241
20141204 10.94 10.52 10.94 10.40 124554
20141205 10.45 9.99 10.65 9.87 137139
20141208 9.99 9.92 10.09 9.60 98369
20141209 9.90 8.93 9.90 8.93 165059
