20140102 20.58 20.54 20.79 20.41 81517
20140103 20.40 20.19 20.50 20.08 88521
20140106 20.14 19.11 20.15 19.01 153528
20140107 19.00 18.69 19.05 18.58 153706
20140108 18.72 18.18 18.90 17.80 246666
20140109 18.01 18.44 18.58 18.01 168139
20140110 18.19 18.13 18.30 18.03 74452
20140113 18.08 17.31 18.20 17.02 188532
20140114 17.28 17.43 17.48 17.17 125064
20140115 17.43 17.17 17.44 16.96 123743
20140116 17.15 17.30 17.52 17.08 113403
20140117 17.23 17.08 17.44 17.06 89694
20140120 17.08 17.20 17.27 16.94 52489
20140121 17.20 17.41 17.59 17.20 71304
20140122 17.44 18.92 19.03 17.36 265238
20140123 18.88 18.64 18.99 18.43 129476
20140124 18.51 19.17 19.75 18.41 217309
20140127 18.93 18.61 19.00 18.52 133680
20140128 18.71 18.89 19.03 18.62 76151
20140129 18.95 18.83 19.12 18.71 52415
20140130 18.70 18.50 18.83 18.30 66790
20140207 18.07 18.53 18.80 17.90 114213
20140210 18.55 18.90 18.97 18.41 151657
20140211 18.80 18.79 19.00 18.39 178153
20140212 18.79 18.78 18.90 18.62 99193
20140213 18.77 18.36 18.77 18.33 147138
20140214 18.31 18.20 18.47 18.06 145290
20140217 18.25 18.05 18.34 17.83 171209
20140218 18.08 17.65 18.12 17.61 150561
20140219 17.67 17.88 18.08 17.56 151802
20140220 17.90 17.68 18.18 17.65 127013
20140221 17.60 17.10 17.75 16.98 232676
20140224 16.67 15.72 16.67 15.71 357941
20140225 15.77 15.62 15.94 15.55 184037
20140226 15.60 15.82 15.84 15.50 136064
20140227 15.90 15.54 15.99 15.51 135615
20140228 15.65 15.84 15.87 15.52 139140
20140303 15.73 15.53 15.73 15.34 173305
20140304 15.82 15.74 16.04 15.50 216465
20140305 15.78 15.41 15.78 15.39 137850
20140306 15.41 16.35 16.63 15.29 406738
20140307 16.33 15.98 16.40 15.96 186676
20140310 15.81 15.34 15.91 15.23 142408
20140311 15.33 15.75 16.10 15.33 233636
20140312 15.70 16.64 16.88 15.61 406502
20140313 16.61 16.83 17.05 16.45 271401
20140314 16.62 16.80 17.15 16.58 162951
20140317 16.90 17.21 17.30 16.80 198708
20140318 17.30 16.68 17.35 16.61 200337
20140319 16.65 16.69 16.78 16.13 177957
20140320 16.98 16.88 17.60 16.86 265975
20140321 16.60 18.57 18.57 16.60 510541
20140324 18.70 19.26 19.48 18.12 514691
20140325 18.92 18.66 19.33 18.40 331097
20140326 18.70 18.55 18.84 18.25 185406
20140327 18.40 18.50 19.20 18.16 288410
20140328 18.56 18.59 19.34 18.40 333333
20140331 18.68 18.86 18.95 18.00 243584
20140401 18.71 18.87 19.07 18.51 167391
20140402 18.92 19.93 20.23 18.92 458860
20140403 19.96 19.40 20.01 19.32 221279
20140404 19.25 19.22 19.54 19.08 165280
20140408 19.12 19.59 19.76 19.03 177452
20140409 19.56 19.32 19.84 19.16 169713
20140410 19.28 19.11 19.29 18.49 362488
20140411 18.82 18.58 18.87 18.39 217665
20140414 18.50 18.71 18.79 18.44 130300
20140415 18.65 18.13 18.65 18.10 155399
20140416 18.15 18.32 18.50 17.97 149509
20140417 18.40 17.86 18.48 17.84 158196
20140418 17.75 17.66 17.86 17.32 147323
20140421 17.45 17.00 17.86 16.97 228709
20140422 16.98 17.29 17.34 16.70 176025
20140423 17.18 17.17 17.36 16.98 135893
20140424 17.10 17.40 17.74 17.06 213810
20140425 17.60 17.20 17.66 17.15 137701
20140428 17.25 16.64 17.36 16.43 158293
20140429 16.59 16.43 16.60 16.08 176541
20140430 16.37 16.49 16.65 16.30 83790
20140505 16.30 15.96 16.31 15.78 183231
20140506 15.93 16.01 16.13 15.83 127888
20140507 15.90 15.78 16.11 15.75 122760
20140508 15.80 15.88 16.19 15.68 156937
20140509 15.85 15.94 16.01 15.60 101523
20140512 16.02 16.33 16.44 15.72 195947
20140513 16.33 16.51 16.76 16.20 181948
20140514 16.88 16.87 17.25 16.80 230387
20140515 16.77 16.49 16.77 16.45 108567
20140516 16.45 16.66 16.87 16.41 92598
20140519 16.53 16.39 16.60 16.16 75457
20140520 16.40 16.23 16.49 16.17 61744
20140521 16.24 16.67 16.68 16.12 107009
20140522 16.68 16.95 17.45 16.68 181669
20140523 16.95 17.93 17.95 16.95 304555
20140526 17.85 17.84 18.15 17.65 165095
20140527 17.72 17.87 18.17 17.70 98238
20140528 17.87 18.03 18.30 17.73 104351
20140529 18.13 17.82 18.42 17.82 128544
20140530 17.90 17.68 18.00 17.30 143145
20140603 17.60 17.39 18.02 17.31 112382
20140604 17.40 16.86 17.43 16.68 164773
20140605 16.78 17.23 17.25 16.75 109893
20140606 11.17 11.02 11.20 10.83 145099
20140609 10.92 11.33 11.48 10.89 228732
20140610 11.21 11.49 11.65 11.16 252712
20140611 11.41 11.46 11.65 11.33 139376
20140612 11.38 11.16 11.45 11.04 166220
20140613 11.10 11.20 11.28 11.06 126429
20140616 11.18 10.81 11.22 10.66 494214
20140617 10.75 10.59 10.77 10.56 207257
20140618 10.58 10.61 10.69 10.57 109022
20140619 10.62 10.36 10.66 10.28 123774
20140620 10.35 10.31 10.44 10.25 165863
20140623 10.32 10.31 10.44 10.29 151406
20140624 10.33 10.36 10.41 10.27 84909
20140625 10.36 10.16 10.37 10.11 169259
20140626 10.18 10.26 10.30 10.15 167579
20140627 10.26 10.32 10.39 10.22 189909
20140630 10.30 10.42 10.52 10.29 192672
20140701 10.42 10.37 10.46 10.32 133639
20140702 10.38 10.42 10.42 10.31 143361
20140703 10.38 10.43 10.44 10.35 210095
20140704 10.44 10.56 10.63 10.43 283800
20140707 10.56 10.92 11.01 10.54 489863
20140708 10.90 10.88 10.94 10.74 207709
20140709 10.86 10.68 10.87 10.66 200343
20140710 10.59 10.70 10.84 10.42 234125
20140711 10.67 10.91 11.10 10.65 285489
20140714 10.93 10.99 11.17 10.90 191716
20140715 10.98 11.12 11.16 10.91 234819
20140716 11.10 11.34 11.50 11.05 328049
20140717 11.34 11.17 11.37 11.08 161818
20140718 11.10 11.62 11.85 11.00 493813
20140721 11.59 11.66 11.83 11.46 268641
20140722 11.60 11.87 12.05 11.53 333998
20140723 11.80 12.21 12.30 11.78 481576
20140724 12.40 13.20 13.23 12.25 794701
20140725 13.10 13.01 13.14 12.73 411138
20140728 12.99 13.09 13.32 12.71 604344
20140729 13.00 12.88 13.13 12.62 590236
20140730 12.87 12.31 12.88 12.27 568552
20140731 12.23 12.59 12.60 12.16 331017
20140801 12.47 12.20 12.65 12.20 421888
20140804 12.21 12.67 12.76 12.18 419347
20140805 12.66 12.57 12.67 12.41 282661
20140806 12.46 12.43 12.47 12.22 243698
20140807 12.44 12.46 12.66 12.33 301756
20140808 12.46 12.11 12.54 12.09 402183
20140811 12.12 12.20 12.36 12.09 422965
20140812 12.18 12.22 12.34 12.15 281330
20140813 12.25 12.21 12.36 12.10 224462
20140814 12.20 12.14 12.35 12.14 215088
20140815 12.12 12.23 12.36 12.09 301646
20140818 12.32 12.20 12.35 12.12 264560
20140819 12.16 11.91 12.20 11.75 450676
20140820 11.93 11.76 11.94 11.65 417576
20140821 11.76 11.83 11.83 11.57 462023
20140822 11.75 11.82 11.89 11.72 289496
20140825 11.80 11.92 11.93 11.66 341871
20140826 11.83 12.09 12.10 11.76 446412
20140827 12.06 12.08 12.13 11.96 204376
20140828 12.04 11.99 12.07 11.85 159020
20140829 11.99 12.09 12.19 11.96 162098
20140901 12.06 12.11 12.12 11.91 172041
20140902 12.12 12.21 12.21 12.01 276029
20140903 12.23 12.50 12.56 12.22 440419
20140904 12.80 12.58 12.85 12.52 339673
20140905 12.63 12.49 12.67 12.41 254590
20140909 12.46 12.18 12.54 12.09 508564
20140910 12.14 12.21 12.24 12.01 222791
20140911 12.16 12.12 12.29 12.08 286073
20140912 12.08 12.15 12.21 12.03 199076
20140915 12.11 11.98 12.12 11.94 271508
20140916 12.01 11.83 12.19 11.82 292139
20140917 11.95 12.07 12.11 11.83 301880
20140918 12.04 11.97 12.05 11.86 192714
20140919 11.99 12.07 12.14 11.94 235818
20140922 12.08 11.98 12.14 11.95 243108
20140923 12.17 12.21 12.37 12.16 355766
20140924 12.21 12.29 12.31 12.10 315463
20140925 12.32 12.14 12.35 12.04 336889
20140926 12.08 12.17 12.18 11.85 376568
20140929 12.18 12.25 12.29 11.98 498254
20140930 12.24 12.29 12.29 12.17 255518
20141008 12.80 12.54 12.83 12.47 617621
20141009 12.58 12.57 12.75 12.41 369688
20141010 12.63 13.17 13.31 12.61 1043520
20141013 13.18 13.64 13.71 13.17 736802
20141014 13.66 13.70 13.75 13.44 413715
20141015 13.70 13.46 13.72 13.23 408968
20141016 13.32 13.08 13.45 13.04 331642
20141017 13.10 13.26 13.28 12.78 346445
20141020 13.12 13.29 13.44 13.12 227490
20141021 13.12 13.03 13.14 12.82 267223
20141022 12.99 12.73 12.99 12.72 192458
20141023 12.71 12.44 12.76 12.37 194297
20141024 12.41 12.40 12.63 12.31 117644
20141027 12.41 12.01 12.42 11.98 272628
20141028 12.09 12.46 12.50 12.05 210845
20141029 12.49 12.92 13.08 12.45 375678
20141030 12.95 12.78 12.96 12.64 239396
20141031 12.79 13.25 13.28 12.78 423716
20141103 13.35 13.08 13.52 12.99 439559
20141104 13.00 13.20 13.25 12.80 307470
20141105 13.17 12.99 13.32 12.98 235965
20141106 13.00 13.17 13.44 13.00 336312
20141107 13.14 13.42 13.87 13.01 603200
20141110 13.50 13.73 14.06 13.25 745249
20141111 13.84 13.89 14.14 13.50 775386
20141112 13.75 13.96 14.10 13.65 500383
20141113 14.03 13.61 14.19 13.57 391957
20141114 13.56 13.47 13.65 13.30 334606
20141117 13.46 13.02 13.48 12.98 536628
20141118 13.00 12.79 13.05 12.64 431729
20141119 12.80 12.87 12.89 12.70 257711
20141120 12.79 12.88 12.95 12.77 265270
20141121 12.83 13.18 13.22 12.73 385232
20141124 14.00 14.50 14.50 13.88 1101055
20141125 15.05 14.95 15.20 14.64 1278080
20141126 14.81 15.38 15.60 14.71 1150651
20141127 15.30 15.44 15.73 15.00 992674
20141128 15.41 16.98 16.98 15.10 1148813
20141201 17.35 16.71 17.68 16.48 1086327
20141202 16.40 17.27 17.65 16.23 1049576
20141203 17.50 18.15 19.00 17.50 1284198
20141204 18.15 19.65 19.87 17.59 799828
20141205 19.89 18.74 19.98 18.10 993035
20141208 18.65 20.55 20.55 18.31 1043092
20141209 20.10 18.50 22.19 18.50 1244114
20141210 18.45 19.62 19.69 17.80 819832
20141211 19.43 20.00 20.88 19.18 610379
20141212 20.00 19.78 20.62 19.38 576120
20141215 20.12 19.02 20.32 18.01 627686
20141216 18.79 19.71 19.76 18.01 777028
20141217 19.60 21.14 21.50 19.20 1141429
20141218 21.92 21.22 22.54 21.00 949730
20141219 20.90 20.70 21.20 19.71 634780
20141222 20.49 20.61 21.85 19.71 748047
20141223 20.00 20.50 21.44 19.52 703267
20141224 20.39 19.48 20.39 19.28 455146
20141225 19.30 19.67 19.87 19.01 423636
20141226 19.81 21.20 21.30 19.81 772949
20141229 22.40 23.32 23.32 21.60 1457957
20141230 23.32 23.99 25.50 22.70 972931
20141231 24.00 26.39 26.39 23.90 502175
20150105 28.75 28.22 29.03 27.50 1077245
20150106 27.50 26.98 27.88 26.20 773707
20150107 26.56 27.08 27.37 25.96 595574
20150108 26.80 25.65 26.90 25.03 640869
20150109 25.36 25.03 26.99 25.00 776156
20150112 24.70 24.09 24.76 23.71 629892
20150113 24.10 23.99 24.55 23.38 409930
20150114 24.10 24.25 24.88 23.93 464287
20150115 24.34 26.01 26.01 24.30 705954
20150116 25.80 25.81 26.50 25.28 641998
20150119 23.42 23.23 25.46 23.23 807044
20150120 23.65 23.95 24.48 23.03 726015
20150121 24.00 25.80 26.28 23.62 911994
20150122 25.80 26.42 27.28 25.48 686846
20150123 26.40 27.71 28.50 25.60 894495
20150126 27.97 27.19 28.00 26.85 465072
20150127 27.01 25.79 27.15 24.83 818887
20150128 25.40 25.01 25.60 24.65 507352
20150129 24.51 25.34 25.85 24.41 464052
20150130 25.50 25.81 26.80 25.20 716636
20150202 25.01 26.44 27.36 24.80 743977
20150203 26.69 26.27 26.97 25.06 628410
20150204 26.35 26.55 26.97 26.03 485804
20150205 27.99 27.00 28.80 26.98 1218310
20150206 26.33 25.50 26.66 25.30 573565
20150209 25.00 24.60 25.30 24.01 486460
20150210 24.22 25.28 25.34 24.22 341657
20150211 25.60 25.30 25.80 24.88 276226
20150212 25.12 24.78 25.31 24.51 403052
20150213 24.86 25.59 26.19 24.47 605431
20150216 25.21 24.78 25.37 24.70 571884
20150217 24.93 25.02 25.27 24.61 438353
20150225 24.97 24.41 24.97 24.22 250335
20150226 24.37 25.49 25.60 24.33 448393
20150227 25.41 25.63 26.35 25.22 415817
20150302 26.52 25.42 26.62 25.10 819036
20150303 25.10 24.07 25.10 23.90 885308
20150304 24.09 24.01 24.64 23.62 461122
20150305 23.95 23.11 23.95 22.80 738008
20150306 22.95 22.83 23.43 22.83 360432
20150309 22.62 23.69 23.89 21.95 689266
20150310 23.30 23.09 23.46 22.75 451935
20150311 23.06 23.24 23.59 23.03 403046
20150312 23.59 24.20 24.27 23.15 676505
20150313 24.20 24.08 24.59 23.90 459726
20150316 24.52 24.59 24.73 24.13 521734
20150317 24.80 24.88 25.20 24.61 539297
20150318 25.05 26.05 26.10 24.92 732316
20150319 26.01 25.81 26.44 25.51 651995
20150320 26.00 27.27 28.25 25.85 979825
20150323 27.80 28.38 29.20 27.80 897100
20150324 28.84 27.46 28.84 26.56 818492
20150325 27.75 26.89 28.30 26.84 729852
20150326 26.72 28.25 28.25 26.27 811300
20150327 29.70 30.40 31.00 28.63 1133397
20150330 30.68 33.44 33.44 29.99 1150441
20150331 34.50 32.94 36.38 32.67 1703580
20150401 32.94 32.45 32.98 31.76 992242
20150402 32.45 31.96 33.35 31.47 930349
