20140102 7.92 7.98 8.02 7.82 17369
20140103 7.99 7.89 8.00 7.79 14119
20140106 7.85 7.83 7.88 7.60 12868
20140107 7.73 7.79 7.79 7.65 6306
20140108 7.79 7.80 7.87 7.75 9857
20140109 7.77 7.81 7.82 7.60 13239
20140110 7.71 7.79 7.79 7.61 7500
20140113 7.79 7.75 7.79 7.66 7065
20140114 7.75 7.95 7.96 7.71 19430
20140115 7.99 7.99 8.06 7.89 18125
20140116 7.99 8.14 8.14 7.92 20612
20140117 8.12 8.07 8.28 8.04 26348
20140120 8.00 7.85 8.07 7.79 16955
20140121 7.88 7.93 7.94 7.83 11284
20140122 7.92 8.20 8.20 7.92 27896
20140123 8.20 8.20 8.26 8.13 30735
20140124 8.18 8.34 8.35 8.12 29651
20140127 8.31 8.31 8.40 8.24 23010
20140128 8.30 8.26 8.35 8.10 17460
20140129 8.25 8.26 8.30 8.19 11753
20140130 8.23 8.10 8.26 8.07 17579
20140207 8.10 8.23 8.24 7.99 16780
20140210 8.23 8.46 8.53 8.23 29160
20140211 8.44 8.56 8.65 8.40 28118
20140212 8.57 8.66 8.77 8.48 27214
20140213 8.70 8.58 8.85 8.53 31760
20140214 8.53 9.14 9.14 8.51 45147
20140217 9.18 9.37 9.55 9.00 82304
20140218 9.32 9.33 9.61 9.22 47056
20140219 9.28 9.26 9.45 9.17 27888
20140220 9.26 8.92 9.26 8.84 32128
20140221 8.90 9.00 9.07 8.84 20114
20140224 8.93 9.10 9.10 8.78 23982
20140225 9.10 9.07 9.29 8.82 47228
20140226 9.09 9.62 9.98 9.09 82328
20140227 9.70 9.40 9.70 9.28 38117
20140228 9.18 9.37 9.50 9.17 39390
20140303 9.50 9.49 9.65 9.28 36665
20140304 9.52 9.65 9.70 9.43 35482
20140305 9.80 9.75 9.88 9.52 35499
20140306 9.80 9.75 9.86 9.63 35312
20140307 9.78 9.95 10.49 9.76 66430
20140310 9.96 9.40 9.96 9.40 36484
20140311 9.41 9.41 9.60 9.00 34077
20140312 9.57 9.42 9.90 9.22 38710
20140313 9.47 9.37 9.47 9.13 23951
20140314 9.33 9.21 9.38 9.13 20642
20140317 9.23 9.39 9.78 9.23 33491
20140318 9.45 9.34 9.57 9.31 27327
20140319 9.38 9.42 9.43 9.23 19746
20140320 9.48 9.28 9.48 9.24 18175
20140321 9.25 9.19 9.34 9.01 34673
20140324 9.19 9.05 9.20 9.02 16812
20140325 9.09 9.27 9.58 8.92 33425
20140326 9.28 9.46 9.66 9.27 37815
20140327 9.58 9.40 9.73 9.35 38367
20140328 9.37 9.10 9.45 9.02 23409
20140331 9.18 9.22 9.34 8.98 27057
20140401 9.20 9.28 9.28 9.14 14070
20140402 9.38 9.30 9.51 9.19 28991
20140403 9.29 9.22 9.43 9.16 20463
20140404 9.24 9.22 9.24 9.10 11770
20140408 9.18 9.27 9.31 9.16 15206
20140409 9.30 9.55 9.55 9.25 41510
20140410 9.52 9.43 9.63 9.42 29446
20140411 9.45 9.29 9.45 9.22 13753
20140414 9.29 9.39 9.43 9.22 12876
20140415 9.39 9.40 9.46 9.31 11450
20140416 9.41 9.51 9.53 9.31 18145
20140417 9.50 9.37 9.50 9.37 11837
20140418 9.35 9.23 9.35 9.20 13652
20140421 9.15 8.82 9.18 8.82 18928
20140422 8.70 8.52 8.76 8.36 31119
20140423 8.49 8.55 8.59 8.42 8241
20140424 8.55 8.50 8.55 8.46 6319
20140425 8.50 8.22 8.53 8.15 11623
20140428 8.22 7.63 8.30 7.60 21330
20140429 7.63 7.81 7.82 7.63 8427
20140430 7.84 7.91 7.98 7.75 10614
20140505 7.91 8.18 8.20 7.91 15495
20140506 8.19 8.24 8.37 8.14 12801
20140507 8.20 7.96 8.20 7.95 10496
20140508 7.96 8.03 8.18 7.96 7614
20140509 8.01 7.95 8.06 7.87 6056
20140512 8.08 8.25 8.25 7.98 8951
20140513 8.21 8.40 8.93 8.21 15198
20140514 8.39 8.31 8.40 8.28 6857
20140515 8.31 8.08 8.34 8.03 8008
20140516 8.06 8.19 8.19 8.05 4399
20140519 8.14 8.11 8.14 8.01 2966
20140520 8.17 8.10 8.22 8.09 4195
20140521 8.08 8.15 8.17 8.03 3806
20140527 8.58 8.41 8.85 8.38 33939
20140528 8.35 8.46 8.50 8.27 18545
20140529 8.42 8.41 8.56 8.33 10666
20140530 8.41 8.42 8.64 8.34 10216
20140603 8.46 8.26 8.48 8.22 13435
20140604 8.27 8.22 8.33 8.19 6190
20140605 8.23 8.34 8.35 8.20 8363
20140606 8.30 8.24 8.33 8.20 6620
20140609 8.25 8.33 8.34 8.20 8180
20140610 8.36 8.38 8.39 8.23 6755
20140611 8.39 8.47 8.51 8.33 11160
20140612 8.47 8.44 8.47 8.36 7522
20140613 8.44 8.48 8.54 8.40 9365
20140616 8.45 8.58 8.63 8.45 11088
20140617 8.58 8.54 8.69 8.52 10116
20140618 8.54 8.43 8.55 8.41 6683
20140619 8.45 8.20 8.52 8.10 9670
20140620 8.19 8.31 8.37 8.17 4938
20140623 8.30 8.45 8.60 8.30 6454
20140624 8.45 8.50 8.60 8.45 8261
20140625 8.51 8.48 8.55 8.40 7883
20140626 8.48 8.61 8.73 8.43 16516
20140627 8.60 8.73 8.85 8.55 19761
20140630 8.73 8.72 8.91 8.72 16531
20140701 8.71 8.98 8.98 8.66 34431
20140702 8.92 8.96 9.08 8.86 16752
20140703 8.98 9.03 9.13 8.90 13672
20140704 9.01 9.05 9.10 8.98 10669
20140707 9.05 9.06 9.09 8.90 14671
20140708 9.03 9.20 9.24 8.92 15076
20140709 9.17 9.04 9.25 9.00 14615
20140710 9.02 9.06 9.15 9.01 9924
20140711 9.05 9.13 9.25 9.03 9119
20140714 9.15 9.31 9.34 9.08 15900
20140715 9.30 9.22 9.46 9.15 16630
20140716 9.23 9.09 9.29 9.04 10956
20140717 9.04 9.13 9.25 9.03 9616
20140718 9.15 9.14 9.22 9.06 7714
20140721 9.14 8.98 9.14 8.93 9227
20140722 8.93 9.04 9.14 8.91 9196
20140723 9.06 8.50 9.10 8.50 14793
20140724 8.97 9.35 9.35 8.96 117818
20140725 9.35 8.99 9.36 8.88 88982
20140728 9.00 9.05 9.15 8.93 52349
20140729 9.01 9.10 9.15 8.94 30869
20140730 9.05 9.28 9.38 9.03 35529
20140731 9.22 9.34 9.48 9.14 39514
20140801 9.34 9.14 9.41 9.12 23985
20140804 9.18 9.29 9.29 9.14 22791
20140805 9.28 9.33 9.35 9.20 19054
20140806 9.30 9.40 9.45 9.22 25102
20140807 9.39 9.26 9.45 9.24 20334
20140808 9.25 9.33 9.43 9.25 12630
20140811 9.34 9.48 9.49 9.34 19497
20140812 9.45 9.50 9.63 9.45 18310
20140813 9.49 9.48 9.60 9.38 22894
20140814 9.45 9.45 9.59 9.41 18316
20140815 9.45 9.53 9.56 9.43 17059
20140818 9.53 9.74 9.75 9.51 30993
20140819 9.74 9.80 9.85 9.64 23810
20140820 9.79 9.81 9.93 9.75 24205
20140821 9.84 10.07 10.15 9.62 32168
20140822 10.06 11.08 11.08 9.95 162851
20140825 11.18 11.15 11.30 10.74 89154
20140826 11.03 10.86 11.29 10.65 57753
20140827 10.88 10.81 11.08 10.69 40515
20140828 10.79 10.66 10.79 10.50 21091
20140829 10.65 10.75 10.77 10.56 17651
20140901 10.75 10.87 10.87 10.63 25235
20140902 10.91 11.04 11.17 10.85 39570
20140903 11.01 10.98 11.06 10.84 28418
20140904 10.98 11.02 11.08 10.89 21713
20140905 11.02 11.45 11.66 10.94 61782
20140909 11.40 11.58 11.58 11.22 30032
20140910 11.52 11.63 11.67 11.35 22882
20140911 11.63 11.58 12.05 11.51 36757
20140912 11.58 11.82 11.92 11.43 26158
20140915 11.78 12.03 12.09 11.72 21611
20140916 11.96 11.57 12.30 11.44 30093
20140917 11.59 11.68 11.70 11.40 14041
20140918 11.66 11.79 11.86 11.58 15696
20140919 11.82 12.48 12.51 11.68 26461
20140922 12.45 12.35 12.45 12.15 15534
20140923 12.35 12.30 12.49 12.15 20928
20140924 12.28 12.57 12.96 12.17 40553
20140925 12.55 12.32 12.67 12.18 26683
20140926 12.25 12.19 12.32 12.11 11633
20140929 12.23 12.22 12.33 12.14 21715
20140930 12.22 12.29 12.31 12.20 13959
20141015 13.52 13.16 13.52 12.65 79825
20141016 12.97 12.30 12.97 12.30 46852
20141017 12.08 11.51 12.17 11.38 32736
20141020 11.57 11.72 11.77 11.30 18559
20141021 11.77 11.83 11.90 11.63 19300
20141022 11.83 11.77 11.95 11.68 20655
20141023 11.66 11.49 11.75 11.31 18786
20141024 11.48 11.50 11.65 11.31 12697
20141027 11.51 11.77 11.83 11.51 35634
20141028 11.78 12.41 12.43 11.78 46118
20141029 12.45 13.20 13.25 12.42 67479
20141030 13.12 12.92 13.36 12.78 24345
20141031 12.92 14.01 14.17 12.66 48011
20141103 14.12 14.09 14.35 13.82 31173
20141104 14.00 13.94 14.10 13.79 24161
20141105 13.92 13.93 14.10 13.80 13167
20141106 13.93 14.16 14.20 13.81 30563
20141107 13.58 14.12 14.30 13.58 24032
20141110 14.10 14.89 14.99 13.89 38603
20141111 14.72 14.29 14.97 13.98 27233
20141112 14.29 14.41 14.45 14.07 21575
20141113 14.38 13.71 14.38 13.60 25468
20141114 13.75 13.69 13.77 13.43 11466
20141117 13.69 13.69 13.74 13.50 24841
20141118 13.67 13.58 13.85 13.50 22205
20141119 13.61 13.75 13.87 13.55 33349
20141120 13.70 13.75 13.80 13.55 32107
20141121 13.72 13.70 13.89 13.58 28984
20141124 13.73 13.68 13.80 13.59 30815
20141125 13.67 13.46 13.72 13.44 34925
20141126 13.46 13.74 13.78 13.42 32774
20141127 13.79 13.92 14.12 13.67 44712
20141128 13.90 13.76 13.94 13.55 28766
20141201 13.74 13.75 13.83 13.51 29432
20141202 13.73 13.90 14.07 13.70 29562
20141203 13.90 14.63 14.80 13.90 63158
20141204 14.90 14.74 14.95 14.63 43711
20141205 14.80 14.69 14.84 14.25 78166
20141208 14.65 13.97 14.70 13.97 32629
20141209 13.80 14.03 14.48 13.00 41269
20141210 13.97 13.78 14.10 13.49 18677
20141211 13.75 13.77 14.06 13.60 17802
20141212 13.77 13.65 13.94 13.59 49353
20141215 13.73 13.99 14.00 13.68 31984
20141216 13.99 14.15 14.20 13.93 28298
20141217 14.14 14.32 14.33 14.01 32301
20141218 14.33 13.99 14.33 13.96 15849
20141219 13.99 14.55 15.39 13.99 61955
20141222 14.56 13.63 14.56 13.13 22674
20141223 13.46 13.82 14.09 13.20 20510
20141224 13.82 13.80 14.07 13.68 42081
20141225 13.83 13.88 14.05 13.39 30276
20141226 13.90 13.77 13.99 13.60 11080
20141229 13.76 13.61 13.94 13.51 8080
20141230 13.61 13.55 13.66 13.10 22657
20141231 13.45 13.48 13.65 13.30 11794
20150105 13.35 13.20 13.58 13.19 16980
20150106 13.19 13.52 13.58 12.61 35451
20150107 13.45 13.57 13.64 13.24 15454
20150108 13.58 13.50 13.58 13.31 9626
20150109 13.49 13.45 13.63 13.44 8979
20150112 13.46 13.43 13.50 13.30 4368
20150113 13.44 13.60 13.60 13.44 4413
20150114 13.60 13.61 13.84 13.54 9920
20150115 13.61 13.68 13.77 13.57 5579
20150116 13.80 14.37 14.45 13.61 44711
20150119 14.37 14.70 14.71 14.01 65622
20150120 14.70 14.57 15.20 14.39 111564
20150121 14.84 15.49 16.03 14.61 95745
20150122 15.99 15.61 15.99 15.36 73375
20150123 15.50 15.18 15.60 15.07 32313
20150126 15.28 15.73 15.98 15.15 43328
20150127 15.73 16.38 16.58 15.72 66764
20150128 16.56 15.95 16.58 15.91 21046
20150129 15.95 15.99 17.53 15.90 55528
20150130 16.14 16.23 16.44 15.88 37960
20150202 16.23 15.77 16.30 15.73 15281
20150203 15.85 15.30 16.00 15.15 25367
20150204 15.60 15.60 15.88 15.31 22402
20150205 15.75 15.65 15.90 15.45 25076
20150206 15.62 16.12 16.60 15.60 46376
20150209 16.24 15.90 16.24 15.60 15965
20150210 15.00 15.91 15.98 14.42 32125
20150211 15.91 16.13 16.49 15.61 40394
20150212 16.12 15.80 16.30 15.70 19049
20150213 15.98 15.67 15.98 15.61 17239
20150216 15.71 15.90 15.94 15.64 31473
20150217 15.86 16.08 16.69 15.80 46279
20150225 16.20 16.38 16.99 15.88 71166
20150226 16.60 16.50 16.96 16.03 45391
20150227 16.26 15.97 16.38 15.95 85710
20150302 15.88 15.87 15.98 15.72 49885
20150303 15.98 15.88 16.18 15.74 38380
20150304 15.83 15.02 16.07 14.99 181811
20150305 15.05 15.07 15.15 14.94 68555
20150306 15.04 15.12 15.18 14.99 49320
20150309 15.15 14.98 15.15 14.85 42968
20150310 14.97 15.06 15.14 14.93 47572
20150311 15.10 14.88 15.14 14.76 52778
20150312 15.00 14.53 15.05 14.49 73890
20150313 14.53 14.75 14.77 14.38 58558
20150316 14.76 15.18 15.20 14.76 86658
20150317 15.18 15.87 15.99 15.01 147151
20150318 15.70 15.80 15.93 15.54 97094
20150319 15.80 16.26 16.31 15.62 118309
20150320 16.20 15.97 16.20 15.91 70918
20150323 16.00 16.17 16.21 15.71 86713
20150324 16.16 15.78 16.16 15.41 72903
20150325 15.75 16.32 16.53 15.62 148086
20150326 16.15 15.88 16.18 15.62 85806
20150327 15.84 15.87 16.14 15.73 46941
20150330 16.03 16.15 16.30 15.78 88815
20150331 16.17 16.43 16.74 16.17 112219
20150401 16.44 16.78 16.96 16.41 93520
20150402 16.87 17.41 17.55 16.60 107884
20150403 17.20 17.88 18.11 17.11 97950
20150407 17.98 18.03 18.08 17.52 83282
20150408 18.00 17.28 18.05 16.96 107115
20150409 17.27 17.15 17.30 16.00 74543
20150410 17.01 18.87 18.87 16.70 124326
20150413 20.20 20.76 20.76 20.10 190965
20150414 21.22 21.86 22.48 20.30 149869
20150415 21.46 22.32 23.98 21.02 130657
20150416 21.43 23.02 23.92 20.09 106458
20150417 23.10 22.35 23.46 22.01 83293
20150420 21.99 21.97 23.03 21.05 90441
20150421 21.99 24.17 24.17 21.35 90631
20150422 25.40 25.19 26.36 24.71 124510
20150423 25.30 25.22 25.99 24.71 108700
20150424 24.26 24.96 25.22 23.88 94488
20150427 25.10 24.96 25.70 24.25 93427
20150428 25.00 23.85 25.45 23.45 67634
20150429 23.37 24.52 24.85 23.37 63951
20150430 25.00 24.54 25.30 24.38 62099
20150504 24.54 24.13 24.90 23.90 39913
20150505 24.18 24.56 24.80 23.79 56856
20150506 24.58 25.10 25.62 24.58 76107
20150507 25.31 26.59 27.30 24.80 82378
20150508 27.22 28.74 29.15 26.59 85344
20150511 28.76 30.89 31.28 28.75 92344
20150512 31.47 33.98 33.98 30.00 110259
20150513 33.70 33.00 34.97 31.60 90015
20150514 33.60 32.51 33.60 32.08 68629
20150515 32.58 34.11 34.83 32.01 76471
20150518 34.83 34.58 35.00 33.70 55961
20150519 34.94 34.37 34.94 33.80 50658
20150520 34.45 36.38 37.80 33.70 66828
20150521 35.90 38.99 39.29 35.90 61343
20150522 39.76 39.89 41.54 38.00 60022
20150525 39.87 39.50 40.50 37.89 66996
20150526 41.00 40.05 41.24 39.58 70319
20150527 40.89 38.95 40.89 38.60 67612
20150528 38.66 40.26 42.85 37.81 108426
20150529 40.52 41.49 42.27 36.23 93349
20150601 41.50 43.60 44.00 41.50 63115
20150602 44.03 43.75 44.08 41.90 66863
20150603 43.74 41.00 43.74 41.00 56799
20150604 40.07 38.53 40.10 36.90 105164
20150605 38.53 37.68 39.30 36.30 110186
20150608 37.70 35.20 37.72 34.69 96237
20150609 35.01 35.85 36.90 33.70 68100
20150610 35.85 36.36 36.80 34.77 56244
20150611 36.36 36.77 37.53 36.35 49227
20150612 36.85 36.00 37.30 35.70 57931
20150615 36.00 33.30 36.18 33.09 88951
20150616 33.20 31.38 33.20 31.19 63103
20150617 31.40 33.27 33.49 30.06 62963
20150618 33.00 31.66 34.00 31.51 45250
20150619 30.30 29.09 31.68 28.60 33052
20150623 28.70 28.67 29.98 26.22 37908
20150624 29.00 30.57 30.99 28.60 60443
20150625 30.57 29.29 30.88 28.58 53245
20150626 28.70 26.36 28.70 26.36 39660
20150629 27.33 23.72 27.33 23.72 48144
20150630 22.45 24.12 24.55 21.35 96169
20150701 23.27 21.71 24.47 21.71 77679
20150702 20.58 19.54 21.80 19.54 63987
20150703 18.08 17.59 20.30 17.59 74911
20150706 19.34 15.83 19.35 15.83 95949
20150721 17.41 17.41 17.41 17.41 2329
20150722 19.15 19.15 19.15 19.15 384
20150723 21.07 21.07 21.07 21.07 4152
20150724 23.18 23.18 23.18 23.18 11555
20150727 25.50 22.33 25.50 21.71 260041
20150728 20.15 20.51 22.90 20.10 123848
20150729 21.10 22.11 22.19 19.56 99083
20150730 21.99 22.10 23.10 21.22 109019
