20140102 24.00 24.75 24.80 23.91 12138
20140103 24.55 25.90 26.19 24.55 21064
20140106 25.72 25.48 26.66 25.30 19981
20140107 25.40 24.92 25.50 24.70 12423
20140108 24.96 25.65 26.16 24.96 16984
20140109 25.48 25.58 26.18 25.40 15506
20140110 25.56 23.99 25.56 23.80 14924
20140113 23.98 22.00 24.18 21.91 25006
20140114 22.02 23.14 23.14 22.02 14234
20140115 23.04 23.40 23.92 22.91 16194
20140116 23.65 23.20 23.65 22.00 15759
20140117 23.02 23.50 23.72 22.57 9989
20140120 23.50 23.43 23.89 23.23 7658
20140121 23.68 23.31 23.69 23.20 5340
20140122 23.31 23.85 23.97 22.71 10389
20140123 23.86 24.46 24.57 23.72 13321
20140124 24.29 24.68 24.98 24.00 13417
20140127 24.50 24.20 24.99 24.17 25604
20140128 24.00 24.50 24.66 24.00 9866
20140129 24.50 25.55 25.70 24.36 17306
20140130 25.55 25.82 26.18 25.21 13532
20140207 25.92 26.96 27.34 25.60 18107
20140210 26.96 27.24 27.40 26.81 24230
20140211 27.00 26.90 27.23 26.21 19211
20140212 26.82 27.43 27.43 26.39 15356
20140213 27.10 26.10 27.65 26.00 13966
20140214 26.05 27.09 27.10 26.05 12208
20140217 27.12 28.33 28.49 27.12 20450
20140218 28.35 27.49 28.57 27.40 20871
20140219 27.55 28.56 28.80 27.11 19322
20140220 28.56 27.80 29.08 27.80 20635
20140221 27.80 26.73 27.92 26.62 16262
20140224 26.80 27.65 27.88 26.26 13231
20140225 27.52 25.73 27.78 24.89 19089
20140226 25.32 26.08 26.50 24.55 22767
20140227 26.04 25.80 26.48 25.50 15020
20140228 25.60 26.35 26.45 24.50 11180
20140303 26.35 27.00 27.12 26.35 15280
20140304 26.51 27.60 27.60 26.51 15377
20140305 27.60 27.60 28.38 27.41 38120
20140306 27.62 27.09 27.66 26.15 19336
20140307 27.09 27.48 29.00 27.01 18097
20140310 27.39 26.81 27.45 26.58 11375
20140311 26.49 26.10 27.20 25.81 12449
20140312 26.20 26.09 26.37 25.29 10056
20140313 26.16 26.76 26.89 26.00 8021
20140314 26.60 25.99 26.90 25.82 8235
20140317 26.10 28.07 28.30 26.03 20949
20140318 28.00 28.20 28.49 27.67 17069
20140319 27.82 28.22 28.79 27.70 21016
20140320 28.02 27.00 29.18 27.00 34821
20140321 26.99 27.65 27.87 26.50 23712
20140324 27.80 28.50 28.89 27.38 28837
20140325 28.41 28.30 28.86 27.59 17792
20140326 28.32 28.72 29.38 28.06 39460
20140327 28.59 27.75 29.25 27.60 21317
20140328 27.75 26.80 28.00 26.25 29299
20140331 27.00 26.87 27.09 26.32 10490
20140401 26.87 27.30 27.87 26.82 13248
20140402 27.11 27.05 27.42 26.58 14275
20140403 27.05 27.23 27.34 26.66 13843
20140404 27.23 27.57 27.73 27.03 8147
20140408 27.50 27.60 27.88 27.23 9605
20140409 27.60 27.80 28.28 27.48 14584
20140410 27.90 27.90 28.45 27.75 17104
20140411 27.75 26.93 27.77 26.70 15384
20140414 26.92 27.60 27.79 26.72 9673
20140415 27.51 27.11 27.98 27.01 8956
20140416 27.36 27.15 27.38 26.78 6984
20140417 27.20 26.99 27.25 26.78 7189
20140418 26.99 27.05 27.27 26.78 5620
20140421 26.99 26.95 27.23 26.63 11766
20140422 26.90 25.90 26.90 25.90 10545
20140423 26.00 25.43 26.50 24.89 18443
20140424 25.56 25.13 25.69 25.07 5617
20140425 25.13 23.63 25.13 23.51 14041
20140428 23.70 23.00 23.94 22.93 6313
20140429 23.00 23.60 23.80 22.80 7754
20140430 23.69 23.50 23.77 23.40 4235
20140505 23.47 23.08 23.69 22.60 7996
20140506 23.11 23.65 23.76 23.00 10850
20140507 23.71 23.20 23.71 23.20 6965
20140508 23.21 23.22 23.65 23.01 4536
20140509 23.22 22.20 23.47 22.00 8194
20140512 22.45 22.81 22.83 22.11 12814
20140513 22.85 22.89 23.08 22.66 5712
20140514 22.92 22.68 22.92 22.43 3709
20140515 22.74 22.29 22.96 22.21 5284
20140516 22.29 21.91 22.29 21.38 9366
20140519 22.01 21.52 22.08 21.35 5869
20140520 21.61 22.58 22.59 21.61 10533
20140521 22.58 22.97 23.20 22.20 6489
20140522 22.81 23.15 23.15 22.80 6976
20140523 23.20 23.35 23.36 22.66 4202
20140526 23.35 25.20 25.30 23.13 26200
20140527 25.50 24.35 26.20 24.16 27653
20140528 24.45 25.03 25.34 24.00 14471
20140529 25.00 25.35 26.00 24.65 20202
20140530 25.30 25.50 25.69 24.70 14665
20140603 25.47 26.31 26.39 25.30 14189
20140604 26.40 25.86 26.40 25.67 9397
20140605 25.86 26.40 26.70 25.60 15386
20140606 26.25 25.83 27.00 25.82 11972
20140609 25.79 25.31 26.10 25.10 6136
20140610 25.30 25.99 26.02 25.19 7898
20140611 25.90 26.04 26.25 25.86 5280
20140612 26.10 26.19 26.38 25.98 9121
20140613 26.15 26.90 27.18 25.68 14084
20140616 26.93 26.94 27.30 26.50 11173
20140617 26.71 26.84 27.13 26.69 8304
20140618 27.00 26.70 27.30 26.70 10631
20140619 26.72 26.10 27.98 26.03 18212
20140620 25.73 26.35 26.70 25.71 6234
20140623 26.30 26.00 26.72 26.00 12502
20140624 25.81 26.22 26.50 25.55 15370
20140625 26.15 26.14 26.39 26.07 4697
20140626 26.06 27.10 27.33 26.01 31077
20140627 27.10 27.46 27.60 26.86 25063
20140630 27.52 28.78 28.85 27.41 56133
20140701 28.99 31.66 31.66 28.97 91587
20140702 32.99 34.83 34.83 32.31 118766
20140703 34.80 33.77 34.80 33.08 66396
20140704 33.76 33.78 34.22 33.10 48480
20140707 33.78 33.60 35.58 33.48 54541
20140708 33.50 34.02 34.33 32.22 29337
20140709 34.48 35.55 37.10 34.05 43667
20140710 34.85 35.21 36.48 34.36 21871
20140711 34.99 35.98 36.23 34.03 23021
20140714 35.94 36.39 37.49 35.60 36873
20140715 36.50 36.00 36.79 35.03 26118
20140716 35.90 34.00 36.66 33.85 44087
20140717 34.01 34.55 34.78 33.71 17018
20140718 34.60 34.96 35.10 34.01 17518
20140721 35.48 36.29 37.38 35.18 29220
20140722 35.50 36.33 36.88 35.45 13289
20140723 36.03 37.58 38.88 36.03 34787
20140724 37.90 36.20 38.00 35.00 27974
20140725 35.77 36.02 36.35 35.61 11625
20140728 36.20 36.25 36.63 35.58 30181
20140729 36.05 36.99 36.99 35.15 31556
20140730 36.73 38.82 39.99 36.26 52212
20140731 38.54 38.87 39.99 37.50 27709
20140801 38.61 37.64 38.61 37.40 26206
20140804 37.83 38.87 38.98 37.16 16197
20140805 38.80 38.13 38.99 37.51 18361
20140806 37.81 37.60 38.58 37.50 14245
20140807 38.00 38.05 38.70 37.60 19076
20140808 38.11 37.80 38.43 37.65 10838
20140811 37.88 37.85 38.37 37.30 15925
20140812 37.99 38.10 38.30 37.40 17845
20140813 38.05 37.90 38.28 37.41 15493
20140814 37.99 37.70 38.33 37.51 10829
20140815 37.68 38.34 38.48 37.68 9352
20140818 38.34 38.88 38.97 38.08 17815
20140819 38.85 40.13 40.90 37.80 35481
20140820 40.82 41.53 44.14 40.80 47405
20140821 41.73 41.80 41.96 40.40 24154
20140822 41.21 42.10 42.69 41.15 12664
20140825 42.07 41.30 42.09 40.76 17428
20140826 40.60 39.19 41.55 39.03 19761
20140827 39.04 39.19 39.99 38.50 10696
20140828 39.23 39.10 39.90 38.63 11742
20140829 39.10 39.78 40.28 38.67 21837
20140901 40.00 40.60 41.78 40.00 22062
20140902 41.00 42.80 43.68 40.66 42876
20140903 42.53 42.49 43.26 42.28 18121
20140904 42.48 42.97 43.30 42.20 19177
20140905 43.00 42.75 43.14 41.40 26319
20140909 42.44 42.05 42.80 41.31 23765
20140910 41.50 42.50 42.60 41.50 15134
20140911 42.20 41.91 42.88 41.61 12108
20140912 41.70 41.88 42.10 41.11 12534
20140915 41.81 44.10 44.31 41.51 42376
20140916 44.00 42.36 45.20 41.90 31943
20140917 42.40 42.37 42.78 41.30 13219
20140918 42.80 43.00 43.81 42.00 15290
20140919 43.30 47.30 47.30 43.30 40183
20140922 48.10 48.56 48.60 46.22 28122
20140923 48.00 53.38 53.38 47.30 37218
20140924 52.85 52.99 54.49 52.10 26709
20140925 52.50 55.05 57.88 52.13 30422
20140926 54.00 57.18 59.25 53.73 22523
20140929 57.40 55.29 57.40 55.01 27091
20140930 55.35 53.89 55.47 52.20 27862
20141008 53.63 54.30 54.88 52.65 20015
20141009 54.32 53.85 54.50 53.00 24814
20141010 53.41 52.10 53.85 51.20 32166
20141013 51.15 51.34 51.50 50.05 17118
20141014 51.36 52.38 52.76 51.04 19981
20141015 52.00 51.35 52.00 50.00 18908
20141016 51.13 51.00 51.99 50.35 14552
20141017 50.48 48.95 50.50 47.76 30451
20141020 48.98 50.20 50.27 48.61 17658
20141021 49.95 49.00 50.90 49.00 15058
20141022 49.03 53.39 53.48 48.50 38820
20141023 53.80 54.25 54.55 52.50 27631
20141024 54.24 51.29 54.33 50.50 17716
20141027 50.90 51.52 52.52 49.00 14052
20141028 51.50 55.10 55.10 51.06 29246
20141029 54.10 54.91 56.56 53.01 28332
20141030 54.62 54.55 54.68 53.50 13314
20141031 54.40 54.93 55.00 52.70 14318
20141103 54.20 55.04 56.08 53.40 16776
20141104 55.05 55.40 56.75 54.25 13209
20141105 55.40 54.02 55.40 54.00 7203
20141106 53.90 54.85 54.85 53.02 8570
20141107 54.86 55.96 57.85 54.85 21424
20141110 55.97 57.30 58.85 55.20 19911
20141111 57.30 55.52 57.96 53.72 13345
20141112 55.40 56.42 56.55 54.00 6335
20141113 56.20 50.78 56.20 50.78 22376
20141114 50.09 49.00 50.68 46.42 18369
20141117 48.00 48.86 51.12 48.00 12570
20141118 48.86 48.86 49.50 46.80 18882
20141119 48.31 48.17 48.88 47.46 13708
20141120 47.90 46.97 47.90 46.68 12852
20141121 46.96 48.28 49.95 46.90 13546
20141124 48.52 48.97 49.66 48.41 12573
20141125 48.80 50.28 50.86 48.80 14530
20141126 50.11 50.37 50.87 49.77 9244
20141127 50.01 49.17 50.66 48.90 10498
20141128 49.31 48.15 49.50 47.90 10297
20141201 48.01 47.80 48.39 46.65 10771
20141202 48.48 47.90 48.48 47.15 10845
20141203 47.90 49.75 50.50 47.28 14887
20141204 49.78 50.25 50.98 49.64 11514
20141205 50.40 55.28 55.28 49.12 34795
20141208 55.28 56.00 59.50 55.18 41218
20141209 55.89 50.40 55.89 50.40 37269
20141210 48.11 52.20 53.00 48.11 12482
20141211 52.20 53.60 54.19 51.55 13828
20141212 53.52 53.40 55.83 52.85 10244
20141215 52.40 55.70 55.86 52.10 24620
20141216 55.70 55.95 55.95 54.57 10797
20141217 55.20 55.00 55.92 54.50 6548
20141218 54.63 56.50 57.80 54.62 11323
20141219 56.51 56.42 57.38 55.01 9076
20141222 56.08 54.50 56.50 53.00 12561
20141223 54.01 52.50 54.78 51.30 10712
20141224 52.21 52.00 53.80 51.45 7598
20141225 52.02 52.64 53.17 51.91 5626
20141226 52.65 52.25 53.00 49.50 12430
20141229 51.18 49.58 51.21 47.03 23371
20141230 49.38 48.10 49.38 47.77 5687
20141231 48.98 45.20 49.00 44.70 10900
20150105 45.10 42.65 45.10 41.18 12222
20150106 42.25 43.70 44.46 42.11 11884
20150107 43.00 42.01 43.90 40.52 19046
20150108 41.37 42.32 42.68 41.31 10137
20150109 42.69 43.00 43.71 42.30 15131
20150112 43.00 41.28 43.49 40.60 13614
20150113 41.00 41.38 41.79 40.88 11305
20150114 41.37 43.56 44.10 41.19 15232
20150115 43.57 42.65 43.87 42.47 7787
20150116 42.45 42.40 42.71 41.68 12364
20150119 41.71 42.87 45.00 40.84 16084
20150120 42.88 45.48 45.68 42.88 16874
20150121 45.49 46.11 47.23 45.38 11988
20150122 46.11 47.48 48.56 44.86 20311
20150123 47.16 48.20 49.14 47.01 19885
20150126 48.71 47.70 48.89 46.16 8631
20150127 47.22 46.36 47.54 45.35 12679
20150128 46.23 44.70 46.23 44.41 15431
20150129 44.71 45.02 45.12 44.51 7279
20150130 45.11 43.00 45.30 42.90 7920
20150202 43.00 43.91 44.00 41.76 6431
20150203 43.98 44.31 44.33 43.53 6253
20150204 44.12 43.85 44.74 42.43 14467
20150205 43.15 44.00 44.50 42.98 12257
20150206 43.59 42.41 43.60 42.41 4688
20150209 42.31 41.84 42.31 41.76 4192
20150210 41.84 42.16 42.29 41.51 3597
20150211 42.13 43.00 43.20 41.91 4950
20150212 42.99 42.30 42.99 42.16 5964
20150213 42.30 43.67 43.93 42.30 7526
20150216 43.85 44.41 44.65 43.60 8921
20150217 44.39 43.95 44.69 43.71 6446
20150225 43.51 45.54 46.20 43.51 12358
20150226 45.50 45.40 45.80 44.52 8467
20150227 45.40 45.91 47.11 45.01 15358
20150302 45.81 46.09 46.20 45.10 12816
20150303 45.58 45.44 46.15 45.41 11513
20150304 45.44 45.57 46.15 45.42 11785
20150305 45.97 47.89 48.00 45.61 21522
20150306 47.85 45.88 48.00 45.60 13814
20150309 45.85 45.27 45.85 44.37 14010
20150310 45.22 44.94 45.75 44.67 14679
20150311 44.94 43.01 45.00 42.80 24103
20150312 42.88 43.91 44.33 42.80 15171
20150313 43.91 44.51 44.80 43.63 12696
20150316 44.81 45.40 45.94 44.18 26492
20150317 45.40 46.84 47.58 45.40 26839
20150318 46.80 48.42 48.65 46.08 27124
20150319 48.42 47.92 48.88 47.50 22798
20150320 47.87 47.46 48.39 46.85 24592
20150323 47.80 48.24 48.50 47.53 26957
20150324 48.99 53.06 53.06 48.99 49238
20150325 54.10 54.48 57.44 54.10 43867
20150326 55.00 52.11 55.19 51.50 25592
20150327 52.02 53.25 53.26 51.68 17231
20150330 52.85 51.56 54.49 51.30 22299
20150331 51.65 52.42 53.23 51.01 14651
20150401 52.70 51.99 52.94 51.68 32073
20150402 52.25 54.26 54.45 51.30 33278
20150403 53.38 57.80 57.80 53.11 34861
20150407 57.70 60.20 60.50 56.97 36102
20150408 58.50 57.00 58.70 55.05 42742
20150409 56.99 56.11 56.99 54.30 26141
20150410 55.50 56.88 57.53 55.03 18262
20150413 58.88 58.85 62.00 57.57 34599
20150414 58.61 56.82 58.62 56.00 24538
20150415 56.78 52.88 56.78 52.12 24398
20150416 52.63 53.91 55.00 51.30 16923
20150417 54.06 54.23 54.66 53.19 18923
20150420 54.30 55.89 55.99 51.68 28598
20150421 55.49 57.33 57.50 55.10 28918
20150422 57.28 58.05 58.49 56.89 23744
20150423 58.00 56.93 58.10 56.40 21478
20150424 56.35 58.30 58.56 55.70 21463
20150427 58.26 57.00 60.60 56.94 30721
20150428 56.50 53.78 57.80 53.17 25531
20150429 53.48 54.61 55.34 53.47 13017
20150430 54.75 54.20 55.70 54.00 11405
20150504 53.89 55.89 55.94 53.00 15411
20150505 55.67 56.70 58.48 55.11 24984
20150506 56.89 55.32 57.95 55.00 17436
20150507 54.50 53.70 54.50 52.80 14900
20150508 53.50 55.28 55.38 53.50 13116
20150511 56.00 59.05 60.00 56.00 27414
20150512 59.08 64.96 64.96 59.08 49703
20150513 64.90 64.20 67.89 63.00 38410
20150514 64.10 63.60 65.89 62.92 24684
20150515 63.56 65.61 67.50 62.94 30107
20150518 65.80 68.99 70.36 65.00 31392
20150519 68.68 68.08 70.35 67.00 21268
20150520 68.50 69.50 72.00 68.50 21932
20150521 69.50 72.26 74.30 68.80 21684
20150522 73.45 70.00 73.50 67.00 33590
20150525 68.90 77.00 77.00 67.20 26692
20150526 80.88 84.45 84.70 80.02 35401
20150527 84.45 92.90 92.90 83.01 35596
20150528 94.03 87.01 101.89 86.50 30342
20150529 89.90 93.90 95.16 87.05 35597
20150601 91.50 99.37 101.80 88.88 39037
20150602 97.39 109.31 109.31 95.58 35733
20150603 107.57 112.00 115.00 100.50 36914
20150604 109.00 109.96 112.00 100.80 17615
20150605 109.08 103.00 111.00 101.28 20015
20150608 102.00 93.50 102.31 92.70 27752
20150609 93.50 92.00 95.38 90.00 18237
20150610 92.20 95.22 98.00 92.00 19633
20150611 94.69 97.33 98.46 94.18 11570
20150612 97.54 96.08 100.11 93.00 13687
20150615 95.65 92.71 96.99 92.65 15565
20150616 91.69 87.23 92.68 85.00 15215
20150617 87.10 92.59 95.95 87.00 19773
20150618 92.99 92.49 98.98 92.21 19230
20150619 88.00 89.00 94.80 86.03 14463
20150623 88.81 89.90 92.70 80.21 19923
20150624 90.39 89.96 92.28 87.29 12894
20150625 89.94 83.00 91.32 83.00 15956
20150626 79.95 74.70 79.95 74.70 8393
20150629 74.60 67.23 74.60 67.23 18585
20150630 62.97 73.00 73.60 60.51 33294
20150701 71.20 65.70 76.91 65.70 30982
20150702 63.98 59.13 64.00 59.13 28588
20150703 53.22 53.22 59.13 53.22 24759
20150706 58.53 47.90 58.53 47.90 24008
20150707 43.11 43.11 43.94 43.11 8071
20150708 38.80 42.10 43.20 38.80 63969
20150709 40.12 46.31 46.31 37.90 23037
20150710 49.94 50.94 50.94 48.94 16883
20150713 54.50 56.03 56.03 52.50 24182
20150714 58.00 57.50 61.60 54.00 38412
20150715 54.99 51.75 55.81 51.75 23221
20150716 51.75 51.88 55.44 46.58 27188
20150717 52.00 57.07 57.07 51.92 25518
20150720 58.50 62.00 62.43 57.99 30778
20150721 61.50 62.30 65.00 58.67 24509
20150722 60.80 65.05 67.50 59.80 28371
20150723 64.00 64.55 66.50 62.00 23149
20150724 64.66 65.00 68.39 63.58 26175
20150727 63.00 58.50 66.00 58.50 21348
20150728 52.71 52.69 58.50 52.65 34142
20150729 54.80 57.96 57.96 53.70 37066
20150730 61.20 63.76 63.76 59.60 28723
