20140102 33.65 33.80 34.00 33.20 30977
20140103 33.51 34.59 35.00 33.35 37662
20140106 34.50 33.21 34.79 32.77 37132
20140107 32.80 33.22 33.40 32.62 18779
20140108 33.47 34.30 34.65 33.23 24109
20140109 34.07 32.82 35.47 32.71 39046
20140110 32.51 32.23 33.39 31.67 27087
20140113 31.98 31.51 32.40 30.46 47455
20140114 31.26 31.90 31.97 30.80 23834
20140115 31.89 32.29 32.48 31.61 25868
20140116 32.48 32.00 32.48 31.14 33888
20140117 31.62 31.95 32.30 31.62 21940
20140120 31.65 31.27 32.18 31.07 11605
20140121 31.11 30.48 31.57 30.01 31338
20140122 30.47 31.16 31.30 29.35 60150
20140123 32.32 34.28 34.28 32.30 62312
20140124 35.98 36.80 37.41 35.28 93208
20140127 36.68 40.00 40.48 35.67 103192
20140128 39.55 39.38 40.00 37.89 75088
20140129 38.85 39.14 39.49 38.55 57584
20140130 38.90 39.19 40.38 38.28 55115
20140207 38.50 39.80 40.39 37.03 36586
20140210 39.00 38.69 39.69 38.47 72957
20140211 38.65 36.30 38.65 36.20 78533
20140212 35.90 39.93 39.93 35.81 113229
20140221 39.90 42.63 43.92 39.52 150856
20140224 42.48 44.73 45.09 40.90 130086
20140225 44.20 45.72 48.20 43.60 108054
20140226 45.60 44.70 45.68 43.30 47196
20140227 47.01 42.79 47.59 41.38 103587
20140228 43.67 45.70 45.80 42.79 121043
20140303 47.00 45.70 47.80 43.71 111057
20140304 44.70 43.90 44.97 42.30 78130
20140305 43.30 43.03 44.29 42.58 55362
20140306 43.07 43.26 43.83 40.90 49086
20140307 43.29 41.95 43.60 41.81 26810
20140310 41.80 37.80 41.80 37.76 90162
20140311 37.80 37.99 39.40 37.57 68706
20140312 37.88 38.33 39.94 37.60 76321
20140313 38.30 40.19 40.50 38.04 66041
20140314 39.81 39.89 40.39 39.55 23331
20140317 40.28 40.60 41.13 39.89 51620
20140318 40.60 43.37 44.66 40.60 83585
20140319 43.32 41.49 43.37 41.25 53805
20140320 41.66 40.30 43.20 39.70 58314
20140321 39.41 41.88 42.30 37.70 54263
20140324 41.62 41.00 41.88 39.75 45834
20140325 40.01 40.50 41.85 39.67 29769
20140326 40.70 42.90 42.98 40.11 29447
20140327 42.75 41.64 42.75 41.60 23087
20140328 41.58 39.70 41.94 38.88 34589
20140331 39.66 40.36 40.78 38.50 27130
20140401 40.29 41.79 42.16 39.81 29558
20140402 41.51 39.84 42.83 39.79 42463
20140403 39.83 40.00 41.60 39.83 35414
20140404 39.95 40.60 40.78 38.90 29643
20140408 40.01 40.42 41.30 39.73 26592
20140409 40.78 41.60 41.99 40.41 37742
20140410 41.75 42.71 42.89 41.62 48169
20140411 42.60 41.66 42.60 40.40 28287
20140414 41.66 41.03 42.00 40.85 26672
20140415 41.06 41.13 41.73 40.90 21763
20140416 40.67 40.13 41.25 40.00 24183
20140417 40.00 39.66 40.46 39.60 17314
20140418 39.50 40.62 40.93 39.35 22014
20140421 40.30 40.95 42.00 40.03 44477
20140422 40.98 40.10 41.68 39.63 47200
20140423 40.26 38.55 40.64 37.94 54238
20140424 39.40 37.00 39.40 36.88 79083
20140425 36.88 36.29 38.00 36.11 42189
20140428 36.19 36.41 37.08 35.81 47302
20140429 36.70 37.21 37.30 36.29 30500
20140430 37.21 37.60 37.96 37.03 17713
20140505 37.13 37.88 38.20 36.70 17968
20140506 38.00 36.94 38.10 36.66 33571
20140507 36.73 36.52 37.36 36.48 16568
20140508 36.75 34.48 36.75 34.28 69197
20140509 34.52 34.48 34.87 32.90 52054
20140512 34.50 35.50 35.59 34.48 27677
20140513 35.51 34.72 35.58 34.46 32831
20140514 34.70 35.13 35.28 34.53 9784
20140515 35.00 34.61 35.80 34.58 19150
20140516 34.84 34.00 34.84 33.33 31011
20140519 33.72 33.40 33.89 33.13 23871
20140520 33.80 34.16 35.11 33.80 36229
20140521 34.20 35.50 35.53 33.86 25461
20140522 35.50 36.20 37.17 35.21 40767
20140523 36.20 37.39 37.65 36.05 32256
20140526 37.99 38.60 38.97 37.99 41630
20140527 38.71 38.70 38.99 38.25 26759
20140528 39.00 40.86 41.90 38.76 64648
20140529 40.87 41.30 41.80 40.10 52775
20140530 41.00 40.08 41.00 39.41 58072
20140603 20.01 20.25 20.92 19.73 91562
20140604 19.90 19.72 20.05 19.01 84651
20140605 19.60 19.88 19.90 19.15 63736
20140606 19.93 19.96 20.60 19.73 55003
20140609 19.91 19.20 20.15 19.18 39109
20140610 19.21 20.24 20.24 19.16 70009
20140611 20.14 20.33 20.51 20.00 64057
20140612 20.28 20.60 20.85 20.00 83252
20140613 20.48 20.80 21.14 20.31 73627
20140616 20.80 20.87 21.30 20.50 93525
20140617 20.86 20.94 21.27 20.66 104753
20140618 21.35 20.51 21.38 20.50 90496
20140619 20.34 20.10 20.45 19.22 87743
20140620 19.87 20.36 20.65 19.65 66288
20140623 20.35 20.35 20.65 20.21 53764
20140624 20.31 20.70 20.97 20.30 63833
20140625 20.70 20.00 20.88 19.81 66353
20140626 20.17 19.50 20.19 19.26 197517
20140627 19.39 19.38 19.59 19.17 120112
20140630 19.42 20.12 20.35 19.22 154038
20140701 20.15 20.33 20.59 19.84 89267
20140702 20.33 20.29 20.48 19.92 72850
20140703 20.29 19.41 20.29 19.34 143971
20140704 19.48 18.99 19.48 18.89 151684
20140707 19.13 18.59 19.13 18.12 184190
20140708 18.35 18.48 18.74 18.35 88306
20140709 18.47 17.55 18.55 17.45 171075
20140710 17.55 17.00 17.71 16.69 220224
20140711 17.00 16.27 17.00 16.25 239176
20140714 16.35 17.14 17.23 15.55 286321
20141118 18.85 18.85 18.85 18.85 355062
20141119 18.70 18.10 18.88 17.91 1037868
20141120 17.94 17.09 17.94 17.07 570535
20141121 17.14 17.93 18.17 17.14 528800
20141124 18.00 17.61 18.15 17.50 453927
20141125 17.61 17.83 18.05 17.61 340106
20141126 17.85 17.78 17.97 17.42 365723
20141127 17.89 17.83 18.08 17.65 439540
20141128 17.83 17.72 17.90 17.49 318200
20141201 17.59 17.19 17.67 17.10 340731
20141202 17.19 17.70 17.95 17.15 328528
20141203 17.63 17.82 17.94 17.27 402571
20141204 17.87 19.38 19.60 17.87 843991
20141205 19.08 19.58 19.93 18.80 700971
20141208 19.50 19.43 20.45 19.19 737605
20141209 18.90 17.64 19.00 17.63 595615
20141210 17.56 18.40 18.70 17.51 306122
20141211 18.30 19.09 19.18 18.06 357945
20141212 19.20 19.99 20.30 19.10 604131
20141215 20.30 21.00 21.45 20.00 609556
20141216 21.30 20.59 21.50 20.36 375900
20141217 20.62 20.23 20.80 19.80 369864
20141218 20.04 20.78 21.15 20.03 349782
20141219 20.64 20.39 20.96 19.98 266755
20141222 20.26 18.48 20.26 18.46 334095
20141223 18.48 18.29 19.56 18.24 273424
20141224 18.45 18.76 18.95 18.28 230208
20141225 18.86 19.20 19.25 18.74 214437
20141226 19.70 19.26 19.83 19.24 202056
20141229 19.15 18.58 19.15 18.30 284030
20141230 18.49 17.80 18.50 17.49 265600
20141231 17.80 17.91 18.18 17.72 182469
20150105 17.88 18.39 18.44 17.24 289908
20150106 18.15 19.48 19.87 18.00 398019
20150107 19.45 18.83 19.62 18.69 292346
20150108 18.83 18.45 19.11 18.31 243139
20150109 18.40 18.66 19.50 18.28 389752
20150112 18.50 19.78 19.86 18.37 523018
20150113 19.85 21.17 21.70 19.54 824383
20150114 21.02 20.59 21.27 20.42 394312
20150115 20.50 20.51 21.07 20.21 272759
20150116 20.60 22.13 22.50 20.50 732082
20150119 21.50 22.69 24.29 21.30 895892
20150120 23.15 24.96 24.96 22.96 1052727
20150121 25.88 25.91 26.46 24.98 994149
20150122 25.90 26.09 27.73 25.59 696430
20150123 25.90 25.68 27.20 25.31 710811
20150126 25.82 26.35 26.78 25.41 525402
20150127 26.99 25.57 27.00 25.08 598034
20150128 25.19 25.39 26.57 25.19 492776
20150129 25.30 26.33 26.40 25.01 469088
20150130 26.50 24.18 26.59 24.00 634711
20150202 24.10 24.50 24.95 23.68 364238
20150203 24.69 26.04 26.68 24.51 573168
20150204 26.08 26.25 26.98 26.00 526188
20150205 26.15 27.69 28.39 25.59 696706
20150206 27.66 26.78 28.67 26.42 478243
20150209 26.50 25.35 27.45 24.80 463520
20150210 25.25 27.18 27.30 25.02 411769
20150211 27.17 27.80 28.47 26.80 519084
20150212 27.83 27.19 28.29 27.00 385466
20150213 26.93 26.83 27.89 26.12 613030
20150216 26.85 29.06 29.30 26.50 644736
20150217 29.05 28.03 29.05 27.90 459684
20150225 28.00 27.48 28.50 27.17 327311
20150226 27.40 27.69 28.00 26.70 299709
20150227 27.69 27.62 28.36 27.20 347147
20150302 27.63 27.75 28.29 26.95 624488
20150303 27.78 27.41 28.46 27.38 560535
20150304 27.79 29.15 29.80 27.78 789859
20150305 29.10 28.73 29.10 28.18 490268
20150306 28.80 27.49 28.99 27.40 403429
20150309 27.50 27.90 28.01 26.68 329312
20150310 27.89 27.75 28.28 27.50 300795
20150311 27.88 27.00 27.89 26.70 426622
20150312 26.86 26.27 27.24 25.81 420022
20150313 26.40 27.06 27.14 26.16 312481
20150316 27.20 28.29 28.39 27.20 546784
20150317 28.40 28.09 28.50 27.80 470465
20150318 28.10 29.94 30.58 27.77 799895
20150319 30.15 29.49 30.19 28.88 587866
20150320 29.50 30.45 31.49 29.23 710565
20150323 30.50 33.02 33.50 30.50 933835
20150324 33.30 34.05 34.66 31.41 1028162
20150325 33.66 33.35 34.57 33.00 668602
20150326 32.70 31.00 32.71 30.58 734207
20150327 30.92 31.40 31.57 30.50 339702
20150330 31.22 30.73 31.99 29.98 595510
20150331 30.88 30.90 31.55 30.31 472333
20150401 30.87 31.70 31.80 30.59 421876
20150402 31.98 32.27 32.84 31.50 493122
20150403 32.14 31.97 32.47 31.65 405410
20150407 31.97 32.91 33.15 31.64 575228
20150408 32.90 31.74 33.00 31.01 492537
20150409 31.74 30.65 31.80 29.68 420612
20150410 30.65 32.13 32.70 30.22 535140
20150413 32.20 33.20 33.69 31.89 652284
20150414 33.30 32.06 33.40 31.78 439188
20150415 31.90 30.38 31.91 30.17 430092
20150416 30.00 32.37 32.85 29.60 621380
20150417 33.03 33.22 33.65 32.10 425514
20150421 33.50 34.93 35.49 33.22 813928
20150422 35.00 35.72 36.98 34.58 671813
20150504 36.98 33.96 36.98 33.89 554591
20150505 33.88 31.88 33.88 31.09 586742
20150506 31.75 32.69 34.88 31.75 514425
20150507 33.50 33.34 35.20 33.01 434488
20150508 34.00 36.38 36.50 33.10 764887
20150511 36.80 38.16 39.20 35.60 738786
20150512 38.31 38.55 39.50 37.49 695675
20150513 37.30 37.12 38.31 37.10 481613
20150514 37.13 36.84 38.68 36.38 449694
20150515 37.37 37.86 38.60 36.55 483337
20150518 37.46 38.28 38.90 37.09 432267
20150519 38.31 37.95 38.48 36.98 403971
20150520 37.99 39.05 40.65 37.99 522091
20150521 39.05 42.96 42.96 38.90 713564
20150522 44.00 41.58 44.00 41.00 618708
20150525 40.70 42.35 43.33 39.60 593376
20150526 43.00 45.06 45.48 42.36 506127
20150527 45.37 46.20 47.31 43.46 483132
20150528 46.60 41.58 47.10 41.58 541838
20150529 42.10 42.95 44.50 41.01 509751
20150601 43.02 44.52 45.23 43.01 402007
20150602 44.74 46.19 46.20 44.30 422067
20150603 46.33 44.74 47.17 43.50 416900
20150604 44.80 42.00 45.00 40.27 557943
20150605 42.50 40.96 42.89 40.01 563537
20150608 41.00 39.66 41.09 39.00 469360
20150609 39.66 40.50 41.50 39.40 427784
20150610 40.60 41.49 42.19 39.88 396783
20150611 41.55 42.42 43.23 41.53 442763
20150612 42.55 40.80 42.89 40.79 430063
20150615 40.70 38.19 40.70 38.15 470454
20150616 37.80 37.24 37.80 35.90 326901
20150617 37.00 38.68 38.99 36.61 299337
20150618 38.80 36.36 38.92 36.19 256305
20150619 35.90 33.40 36.86 33.01 274134
20150623 33.50 33.41 33.98 30.43 340468
20150624 33.70 34.40 34.75 33.30 350176
20150625 34.95 33.69 35.87 33.00 460982
20150626 32.00 30.32 32.00 30.32 331213
20150629 30.96 27.29 30.99 27.29 471097
20150630 25.10 28.75 28.94 24.56 521034
20150701 28.00 26.30 30.00 25.88 499739
20150702 26.25 23.67 27.00 23.67 548611
20150703 22.50 21.30 24.60 21.30 527629
20150706 23.40 21.30 23.40 19.17 651020
20150707 20.26 19.17 21.00 19.17 677309
20150713 21.09 21.09 21.09 21.09 36530
20150714 23.20 23.20 23.20 23.20 16923
20150715 25.52 22.93 25.52 22.93 1058163
20150716 22.93 24.48 24.93 21.01 554260
20150717 24.70 26.92 26.93 24.48 566956
20150720 27.17 27.85 28.60 26.51 612060
20150721 27.60 27.69 28.28 26.80 380840
20150722 27.40 27.91 28.59 27.21 467116
20150723 28.15 28.43 28.71 27.43 467489
20150724 28.85 27.50 29.65 27.40 535398
20150727 26.80 24.75 28.19 24.75 527190
20150728 23.58 24.08 25.49 22.31 460178
20150729 24.51 25.90 25.94 23.82 347371
20150730 25.46 25.19 26.94 25.02 428273
