20140102 2.76 2.75 2.76 2.73 21036
20140103 2.75 2.72 2.75 2.71 20618
20140106 2.70 2.63 2.70 2.62 33259
20140107 2.63 2.62 2.64 2.57 39793
20140108 2.62 2.60 2.63 2.57 39633
20140109 2.58 2.55 2.60 2.54 27982
20140110 2.54 2.52 2.56 2.50 23276
20140113 2.51 2.58 2.58 2.51 32555
20140114 2.58 2.58 2.60 2.55 22958
20140115 2.57 2.54 2.58 2.54 18852
20140116 2.55 2.55 2.57 2.54 20129
20140117 2.54 2.47 2.54 2.47 33858
20140120 2.47 2.42 2.47 2.41 42506
20140121 2.42 2.43 2.45 2.41 44486
20140122 2.43 2.50 2.51 2.43 45123
20140123 2.50 2.47 2.50 2.46 45289
20140124 2.46 2.53 2.56 2.45 55974
20140127 2.50 2.51 2.54 2.48 31403
20140128 2.51 2.52 2.54 2.50 30564
20140129 2.52 2.52 2.54 2.50 12303
20140130 2.52 2.48 2.52 2.48 13457
20140207 2.48 2.51 2.51 2.46 12507
20140210 2.51 2.55 2.57 2.51 41060
20140211 2.55 2.57 2.58 2.53 36967
20140212 2.55 2.58 2.59 2.55 34770
20140213 2.56 2.56 2.60 2.55 37111
20140214 2.56 2.61 2.62 2.55 42875
20140217 2.62 2.63 2.67 2.62 47773
20140218 2.64 2.62 2.65 2.60 30838
20140219 2.60 2.64 2.65 2.60 28456
20140220 2.64 2.61 2.65 2.60 38037
20140221 2.60 2.57 2.61 2.55 26192
20140224 2.55 2.48 2.55 2.45 46025
20140225 2.48 2.42 2.48 2.42 44589
20140226 2.43 2.40 2.43 2.36 51564
20140227 2.40 2.40 2.43 2.38 26952
20140228 2.40 2.48 2.49 2.38 44038
20140303 2.47 2.50 2.52 2.45 28086
20140304 2.50 2.47 2.52 2.44 22586
20140305 2.47 2.44 2.49 2.43 20160
20140306 2.45 2.49 2.50 2.40 62052
20140307 2.47 2.46 2.49 2.44 37417
20140310 2.44 2.36 2.44 2.35 38567
20140311 2.37 2.40 2.40 2.35 23361
20140312 2.40 2.44 2.55 2.38 60094
20140313 2.43 2.44 2.47 2.41 36306
20140314 2.44 2.40 2.44 2.36 50783
20140317 2.40 2.43 2.44 2.40 33562
20140318 2.44 2.44 2.44 2.40 25664
20140319 2.42 2.44 2.47 2.40 55402
20140320 2.43 2.45 2.57 2.41 102267
20140321 2.43 2.55 2.56 2.43 108246
20140324 2.54 2.63 2.65 2.54 114011
20140325 2.60 2.67 2.83 2.58 141006
20140326 2.68 2.59 2.68 2.59 70316
20140327 2.59 2.60 2.66 2.58 68991
20140328 2.59 2.58 2.63 2.57 57955
20140331 2.59 2.55 2.60 2.54 38580
20140401 2.53 2.57 2.60 2.52 32101
20140402 2.58 2.83 2.83 2.58 138545
20140403 3.11 3.03 3.11 2.95 730128
20140404 2.94 2.97 3.01 2.85 387743
20140408 2.93 2.86 2.97 2.84 316496
20140409 2.87 2.82 2.89 2.79 220620
20140410 2.83 2.81 2.84 2.77 163955
20140411 2.79 2.79 2.80 2.73 141934
20140414 2.77 2.81 2.82 2.76 105714
20140415 2.79 2.73 2.80 2.71 103142
20140416 2.74 2.76 2.77 2.73 50783
20140417 2.72 2.70 2.74 2.68 95075
20140418 2.68 2.69 2.70 2.65 41371
20140421 2.67 2.66 2.70 2.64 55079
20140422 2.65 2.66 2.67 2.63 37798
20140423 2.66 2.68 2.71 2.65 49417
20140424 2.69 2.67 2.71 2.65 45909
20140425 2.66 2.65 2.68 2.60 54862
20140428 2.64 2.49 2.65 2.47 53129
20140429 2.46 2.48 2.51 2.46 52047
20140430 2.48 2.49 2.51 2.47 36593
20140505 2.48 2.46 2.50 2.44 42174
20140506 2.46 2.46 2.50 2.44 36658
20140507 2.46 2.48 2.50 2.45 30490
20140508 2.48 2.49 2.54 2.46 58595
20140509 2.49 2.46 2.50 2.44 33229
20140512 2.48 2.51 2.51 2.46 54449
20140513 2.50 2.51 2.54 2.50 35848
20140514 2.53 2.52 2.56 2.51 50239
20140515 2.51 2.47 2.51 2.45 40859
20140516 2.47 2.49 2.50 2.46 14244
20140519 2.50 2.46 2.50 2.45 13398
20140520 2.48 2.47 2.51 2.46 18576
20140521 2.47 2.48 2.49 2.46 16045
20140522 2.47 2.47 2.51 2.47 23151
20140523 2.49 2.50 2.52 2.47 39789
20140526 2.50 2.49 2.51 2.48 27697
20140527 2.50 2.51 2.52 2.49 27036
20140528 2.52 2.54 2.55 2.50 39994
20140529 2.53 2.52 2.58 2.51 54180
20140530 2.52 2.50 2.54 2.49 17183
20140603 2.50 2.48 2.51 2.46 38563
20140604 2.48 2.45 2.48 2.44 18443
20140605 2.45 2.46 2.46 2.43 30693
20140606 2.46 2.45 2.46 2.44 14496
20140609 2.46 2.46 2.47 2.44 12277
20140610 2.45 2.46 2.47 2.44 17969
20140611 2.46 2.45 2.46 2.44 13868
20140612 2.45 2.41 2.45 2.41 27808
20140613 2.40 2.42 2.43 2.40 23631
20140616 2.42 2.43 2.45 2.41 26810
20140617 2.43 2.44 2.44 2.41 26739
20140618 2.43 2.48 2.49 2.42 58817
20140619 2.45 2.41 2.48 2.41 49264
20140620 2.42 2.51 2.55 2.40 118331
20140623 2.52 2.65 2.67 2.48 172146
20140624 2.64 2.66 2.68 2.58 88679
20140625 2.65 2.57 2.65 2.55 45997
20140626 2.57 2.60 2.61 2.56 21715
20140627 2.60 2.57 2.64 2.57 39769
20140630 2.56 2.58 2.60 2.56 34433
20140701 2.58 2.58 2.61 2.57 25250
20140702 2.58 2.61 2.62 2.57 31067
20140703 2.61 2.68 2.72 2.60 81127
20140704 2.66 2.67 2.72 2.65 31904
20140707 2.67 2.66 2.71 2.65 21424
20140708 2.66 2.62 2.66 2.60 19107
20140709 2.61 2.63 2.65 2.58 25694
20140710 2.62 2.60 2.63 2.57 19576
20140711 2.60 2.72 2.78 2.58 70527
20140714 2.71 2.78 2.82 2.67 78633
20140715 2.77 2.81 2.81 2.71 68387
20140716 2.78 2.77 2.81 2.74 35660
20140717 2.79 2.75 2.89 2.75 76308
20140718 2.71 2.71 2.76 2.69 55119
20140721 2.71 2.71 2.74 2.69 22825
20140722 2.70 2.77 2.78 2.69 48982
20140723 2.79 2.77 2.83 2.76 63286
20140724 2.77 2.86 2.89 2.76 124880
20140725 2.85 2.88 2.90 2.81 43872
20140728 2.85 2.86 2.89 2.84 55406
20140729 2.87 2.91 2.91 2.85 92070
20140730 2.91 2.88 2.92 2.86 51542
20140731 2.90 2.99 3.03 2.86 171761
20140801 2.97 2.94 3.02 2.92 114604
20140804 2.93 2.95 2.95 2.88 110147
20140805 2.94 2.93 2.94 2.90 51411
20140806 2.90 2.92 2.95 2.88 71548
20140807 2.92 2.86 2.92 2.85 56158
20140808 2.84 2.83 2.87 2.81 60482
20140811 2.84 2.88 2.88 2.82 61693
20140812 2.88 2.86 2.88 2.84 32840
20140813 2.86 2.89 2.89 2.84 51293
20140814 2.91 2.88 2.91 2.86 47494
20140815 2.88 2.96 3.03 2.86 125063
20140818 2.98 2.96 3.01 2.93 104325
20140819 2.94 2.93 2.96 2.90 54103
20140820 2.93 2.97 2.98 2.92 69101
20140821 2.99 2.95 2.99 2.91 59589
20140822 2.95 2.94 2.96 2.92 30031
20140825 2.94 2.92 2.94 2.89 43386
20140826 2.92 2.86 2.92 2.85 44215
20140827 2.87 2.84 2.90 2.80 59955
20140828 2.84 2.83 2.87 2.82 27517
20140829 2.84 2.87 2.87 2.84 24851
20140901 2.88 2.90 2.90 2.86 43650
20140902 2.90 2.92 2.93 2.89 48697
20140903 2.92 2.94 2.94 2.90 55694
20140904 2.95 2.95 2.97 2.93 54109
20140905 2.95 2.94 2.96 2.93 50072
20140909 2.95 2.99 3.00 2.94 82551
20140910 2.98 3.02 3.03 2.95 116185
20140911 3.03 2.99 3.10 2.99 116069
20140912 3.00 3.10 3.13 2.99 179412
20140915 3.11 3.41 3.41 3.08 418423
20140916 3.46 3.37 3.70 3.32 507095
20140917 3.45 3.46 3.56 3.25 292589
20140918 3.44 3.42 3.57 3.38 156297
20140919 3.40 3.46 3.48 3.32 153199
20140922 3.43 3.34 3.43 3.31 98001
20140923 3.35 3.36 3.38 3.30 87396
20140924 3.36 3.38 3.42 3.31 98102
20140925 3.38 3.47 3.58 3.33 185304
20140926 3.43 3.50 3.54 3.37 106934
20140929 3.48 3.50 3.66 3.48 116985
20140930 3.49 3.47 3.54 3.43 99630
20141008 3.53 3.54 3.58 3.49 91952
20141009 3.54 3.69 3.71 3.52 197711
20141010 3.71 4.06 4.06 3.69 214640
20141013 4.30 4.47 4.47 4.29 206234
20141014 4.58 4.62 4.75 4.35 764631
20141015 4.53 4.40 4.56 4.35 451187
20141016 4.31 4.12 4.33 4.11 351344
20141017 4.13 4.12 4.19 4.06 212491
20141020 4.13 4.18 4.23 4.08 206137
20141021 4.18 4.00 4.18 3.98 176080
20141022 4.00 3.90 4.04 3.86 143675
20141023 3.93 4.00 4.06 3.87 167318
20141024 3.98 3.92 4.02 3.90 93469
20141027 3.90 3.80 3.90 3.74 128063
20141028 3.83 4.00 4.05 3.81 164517
20141029 4.05 4.08 4.11 3.95 166581
20141030 4.08 4.04 4.14 4.00 137453
20141031 4.07 4.26 4.28 4.03 292355
20141103 4.25 4.28 4.33 4.16 176299
20141104 4.28 4.19 4.28 4.09 161989
20141105 4.18 4.13 4.18 4.08 110846
20141106 4.12 4.13 4.20 4.09 115362
20141107 4.11 4.24 4.32 4.10 359191
20141110 4.23 4.21 4.29 4.12 184174
20141111 4.21 4.00 4.25 3.94 252776
20141112 3.96 4.02 4.04 3.87 128524
20141113 3.99 3.97 4.00 3.83 119386
20141114 3.92 3.97 3.97 3.88 70968
20141117 3.95 3.97 4.02 3.90 54514
20141118 3.97 3.96 4.02 3.88 95107
20141119 3.93 3.95 3.99 3.90 63285
20141120 3.96 3.87 3.96 3.84 140369
20141121 3.87 3.88 3.93 3.85 63316
20141124 4.27 4.27 4.27 4.27 125983
20141125 4.70 4.52 4.70 4.43 1149269
20141126 4.34 4.29 4.50 4.25 700869
20141127 4.28 4.26 4.38 4.22 432188
20141128 4.23 4.31 4.41 4.15 507430
20141201 4.24 4.19 4.28 4.17 245028
20141202 4.16 4.20 4.24 4.13 176547
20141203 4.25 4.24 4.42 4.21 491885
20141204 4.22 4.27 4.28 4.18 307567
20141205 4.27 4.03 4.30 4.00 356276
20141208 4.01 4.09 4.13 3.95 265132
20141209 4.06 3.99 4.25 3.99 294619
20141210 3.90 4.05 4.06 3.88 147294
20141211 3.99 4.14 4.14 3.97 182890
20141212 4.14 4.16 4.20 4.09 186424
20141215 4.16 4.17 4.18 4.09 151309
20141216 4.16 4.24 4.27 4.12 245642
20141217 4.22 4.24 4.35 4.20 247403
20141218 4.24 4.12 4.28 4.11 185933
20141219 4.10 4.06 4.11 3.97 135729
20141222 4.05 4.00 4.12 3.95 159290
20141223 4.00 3.95 4.08 3.90 96146
20141224 3.97 4.09 4.25 3.93 135377
20141225 4.10 4.12 4.17 4.05 125812
20141226 4.11 4.15 4.19 4.08 131026
20141229 4.15 4.28 4.38 4.13 391086
20141230 4.24 4.10 4.29 4.10 209595
20141231 4.15 4.34 4.35 4.04 272405
20150105 4.38 4.43 4.57 4.28 495700
20150106 4.37 4.30 4.37 4.20 237438
20150107 4.28 4.34 4.35 4.22 161501
20150108 4.31 4.25 4.36 4.24 165882
20150109 4.27 4.23 4.34 4.22 152074
20150112 4.25 3.98 4.25 3.98 186405
20150113 3.99 4.01 4.03 3.96 82447
20150114 4.01 3.97 4.04 3.93 68672
20150115 3.99 4.05 4.05 3.96 82832
20150116 4.04 4.02 4.05 3.99 82708
20150119 3.91 3.89 4.09 3.77 217558
20150120 3.88 4.07 4.08 3.86 123034
20150121 4.06 4.15 4.20 4.05 116272
20150122 4.12 4.18 4.19 4.06 133855
20150123 4.15 4.20 4.24 4.12 118997
20150126 4.20 4.34 4.34 4.17 202919
20150127 4.34 4.40 4.55 4.25 317901
20150128 4.39 4.30 4.40 4.29 101581
20150129 4.26 4.52 4.63 4.23 346084
20150130 4.55 4.97 4.97 4.48 819743
20150202 4.86 4.60 4.86 4.52 644788
20150203 4.58 4.60 4.69 4.45 316599
20150204 4.61 4.71 4.86 4.52 395595
20150205 4.93 4.56 4.93 4.50 387212
20150206 4.42 4.39 4.63 4.30 263499
20150209 4.39 4.37 4.49 4.32 144233
20150210 4.40 4.60 4.60 4.36 209371
20150211 4.61 4.70 4.75 4.53 237347
20150212 4.69 4.79 4.85 4.63 244243
20150213 4.79 4.77 4.89 4.75 251780
20150216 4.90 4.94 5.14 4.82 331861
20150217 4.95 4.91 4.99 4.84 174198
20150225 4.92 4.87 5.13 4.82 228631
20150226 4.87 4.94 4.97 4.74 213303
20150227 4.94 4.90 4.97 4.84 224373
20150302 4.97 5.39 5.39 4.97 703991
20150303 5.39 5.59 5.85 5.20 578961
20150304 5.50 5.93 6.12 5.49 479450
20150305 5.88 6.00 6.22 5.79 427437
20150306 6.00 5.73 6.00 5.72 282745
20150309 5.72 5.90 5.97 5.51 385886
20150310 5.92 6.10 6.30 5.92 398600
20150311 6.02 6.10 6.16 5.96 248979
20150312 6.10 6.06 6.12 5.94 221132
20150313 6.12 6.01 6.20 5.93 193333
20150316 6.06 6.12 6.15 5.98 241066
20150317 6.18 6.12 6.25 6.06 298394
20150318 6.15 6.50 6.59 6.06 424302
20150319 6.47 6.45 6.64 6.34 283221
20150320 6.44 6.53 6.64 6.40 263284
20150323 6.54 6.70 6.94 6.54 323360
20150324 6.70 6.67 6.79 6.39 349462
20150325 6.60 6.45 6.65 6.39 305255
20150326 6.38 6.23 6.38 6.18 283479
20150327 6.30 6.52 6.60 6.30 303476
20150330 6.54 6.78 6.94 6.42 450895
20150331 6.92 6.62 7.15 6.60 428611
20150401 6.55 6.75 6.82 6.51 266372
20150402 6.75 6.70 6.84 6.65 228435
20150403 6.66 6.67 6.75 6.56 204387
20150407 6.73 6.77 6.86 6.70 277001
20150408 6.77 6.93 7.00 6.66 453303
20150409 6.94 6.85 7.00 6.51 331871
20150410 6.79 6.82 6.89 6.63 266087
20150413 6.85 6.94 6.98 6.73 414554
20150414 6.95 7.14 7.30 6.85 547233
20150415 7.04 6.68 7.04 6.68 346927
20150416 6.51 6.43 6.67 6.29 381469
20150417 6.47 6.56 6.59 6.41 275192
20150420 6.58 6.45 6.87 6.40 399288
20150421 6.44 6.70 6.75 6.37 305792
20150422 6.70 6.90 6.92 6.65 409250
20150423 6.93 7.05 7.16 6.93 438562
20150424 6.95 7.00 7.10 6.84 339322
20150427 7.36 7.42 7.70 7.21 1065203
20150428 7.39 6.78 7.39 6.73 639747
20150429 6.80 6.92 7.04 6.66 364965
20150430 6.95 7.01 7.12 6.92 276488
20150504 7.01 7.05 7.15 7.01 268782
20150505 7.02 6.69 7.06 6.65 279776
20150506 6.70 6.37 6.78 6.28 243852
20150507 6.33 6.13 6.35 6.10 177512
20150508 6.24 6.37 6.37 6.21 149432
20150511 6.53 6.65 6.71 6.53 216293
20150512 6.67 6.63 6.73 6.54 197483
20150513 6.63 6.82 6.89 6.52 322993
20150514 6.87 6.69 6.87 6.64 220006
20150515 6.70 7.06 7.09 6.41 549412
20150519 7.70 7.33 7.70 7.12 946921
20150520 7.35 7.49 7.80 7.16 877920
20150521 7.26 7.90 8.00 7.22 797442
20150522 7.87 7.93 8.15 7.65 634291
20150525 7.85 8.32 8.32 7.70 770409
20150526 8.25 8.30 8.40 8.07 598823
20150527 8.41 8.34 8.41 8.05 686722
20150528 8.34 7.72 8.48 7.68 663250
20150529 7.79 7.72 7.99 7.21 444296
20150601 7.74 8.14 8.20 7.74 424000
20150602 8.12 8.40 8.44 8.02 537964
20150603 8.40 8.77 8.87 8.29 594022
20150604 8.78 9.65 9.65 8.61 1120914
20150605 10.00 10.62 10.62 9.60 1107902
20150608 10.75 10.12 11.03 10.08 870670
20150609 10.02 10.03 10.20 9.65 606865
20150610 10.00 9.96 10.35 9.61 519488
20150611 9.97 10.24 10.35 9.85 495802
20150612 10.00 10.28 10.50 9.87 590694
20150615 10.26 10.25 10.60 10.15 594762
20150616 10.00 9.48 10.17 9.47 563558
20150617 9.39 9.66 9.66 8.80 371310
20150618 9.65 9.27 9.86 9.13 339335
20150619 9.02 8.34 9.15 8.34 275138
20150623 8.30 8.06 8.49 7.51 337789
20150624 8.21 8.32 8.35 8.00 290073
20150625 8.32 8.57 9.15 8.31 507464
20150626 8.01 7.71 8.47 7.71 369836
20150629 8.18 7.28 8.28 6.94 528924
20150630 7.29 7.69 7.84 6.55 528910
20150701 7.60 7.02 7.79 6.93 401545
20150702 7.10 6.32 7.25 6.32 387930
20150703 5.95 5.69 6.11 5.69 348516
20150706 6.22 5.12 6.24 5.12 501702
20150707 4.69 4.61 4.70 4.61 153383
20150714 5.07 5.07 5.07 5.07 10108
20150715 5.58 5.20 5.58 5.07 891163
20150716 4.85 5.27 5.50 4.75 443285
20150717 5.27 5.73 5.79 5.23 493091
20150720 5.76 5.80 5.94 5.52 529554
20150721 5.70 5.97 6.09 5.60 502425
20150722 5.99 6.14 6.42 5.91 502114
20150723 6.17 6.35 6.40 6.07 460807
20150724 6.42 6.11 6.45 6.01 569415
20150727 5.98 5.50 6.21 5.50 362205
20150728 5.01 5.13 5.50 4.95 402372
20150729 5.21 5.53 5.55 5.06 284312
20150730 5.50 5.36 5.70 5.30 291371
