20140102 14.52 14.78 14.92 14.48 14924
20140103 14.76 14.48 14.76 14.40 17515
20140106 14.49 14.17 14.56 14.11 13965
20140107 14.15 14.46 14.57 14.06 14870
20140108 14.53 14.74 14.74 14.45 22909
20140109 14.70 14.60 14.93 14.51 22252
20140110 14.56 14.36 14.56 14.23 12976
20140113 14.34 14.36 14.46 14.21 7389
20140114 14.42 15.80 15.80 14.31 91015
20140115 15.80 15.84 15.90 15.41 60535
20140116 15.76 15.50 15.96 15.39 41580
20140117 15.49 15.47 15.88 15.40 30380
20140120 15.34 15.60 15.83 15.10 28141
20140121 15.45 15.69 15.78 15.41 24892
20140122 15.90 16.08 16.30 15.71 38148
20140123 16.02 16.05 16.26 15.90 30992
20140124 16.08 16.17 16.32 16.06 27703
20140127 16.01 15.65 16.01 15.54 24267
20140128 15.60 15.47 15.84 15.25 14840
20140129 15.60 16.10 16.14 15.46 24714
20140130 16.15 15.99 16.30 15.89 16235
20140207 15.98 16.39 16.39 15.70 22288
20140210 16.50 16.73 16.96 16.35 34268
20140211 16.91 16.75 17.30 16.57 35543
20140212 17.06 17.03 17.10 16.66 28562
20140213 17.23 16.31 17.45 16.27 36131
20140214 16.31 16.72 16.83 16.30 22914
20140217 16.79 17.22 17.22 16.68 32098
20140218 17.23 17.00 17.24 16.87 25814
20140219 16.97 16.85 17.09 16.73 20489
20140220 16.93 16.31 17.07 16.29 20257
20140221 16.33 16.16 16.55 15.91 15166
20140224 16.16 16.41 16.43 16.00 13949
20140225 16.30 15.53 16.59 15.11 23814
20140226 15.53 15.72 15.72 15.21 14241
20140227 15.84 15.47 15.92 15.30 16007
20140228 15.38 15.74 15.95 15.35 15233
20140303 15.70 16.25 16.28 15.70 17663
20140304 16.12 15.91 16.19 15.71 12899
20140305 16.00 16.06 16.27 15.90 11797
20140306 16.06 16.00 16.10 15.65 10117
20140307 16.00 15.89 16.11 15.75 10081
20140310 15.55 15.04 15.87 14.88 9367
20140311 14.90 14.82 15.08 14.61 7548
20140312 14.82 15.12 15.15 14.68 6879
20140313 15.08 15.30 15.38 14.95 9456
20140314 15.30 15.44 15.48 15.22 6597
20140317 15.44 15.80 16.00 15.35 9063
20140318 15.80 16.25 16.45 15.73 23895
20140319 16.20 16.56 16.64 16.00 33493
20140320 16.71 15.99 16.73 15.99 19215
20140321 15.75 16.26 16.26 15.58 15647
20140324 16.18 16.42 16.52 16.10 13412
20140325 16.65 16.12 16.70 16.06 17940
20140326 16.13 16.25 16.32 16.05 8309
20140327 16.20 15.80 16.34 15.68 9730
20140328 15.66 15.00 15.81 14.85 12002
20140331 14.95 15.07 15.23 14.85 4525
20140401 15.03 15.44 15.50 15.03 4798
20140402 15.43 15.20 15.60 15.13 4944
20140403 15.25 15.36 15.65 15.18 5788
20140404 15.36 15.51 15.56 15.30 4229
20140408 15.50 15.71 15.80 15.40 7273
20140409 15.79 15.79 15.80 15.60 6313
20140410 15.79 15.86 16.19 15.77 8947
20140411 15.80 16.10 16.11 15.69 8716
20140414 16.11 16.03 16.18 15.96 8269
20140415 16.00 16.01 16.07 15.89 6146
20140416 16.00 15.98 16.11 15.81 4901
20140417 15.98 16.27 16.33 15.98 13239
20140418 16.23 16.13 16.23 16.04 6044
20140421 16.13 15.80 16.24 15.80 7202
20140422 15.85 15.44 15.89 15.16 10040
20140423 15.29 15.31 15.40 15.25 4978
20140424 15.37 15.25 15.45 15.10 5204
20140425 15.20 14.85 15.40 14.84 7977
20140428 14.50 13.85 14.83 13.78 10387
20140429 13.85 13.84 14.11 13.55 7547
20140430 14.00 14.28 14.28 13.86 5915
20140505 14.28 14.58 14.66 14.20 6941
20140506 14.60 14.60 14.72 14.52 3996
20140507 14.60 14.29 14.60 14.25 4187
20140508 14.24 14.48 14.56 14.20 3258
20140509 14.42 14.21 14.56 14.20 3665
20140512 14.30 14.76 15.05 14.28 6640
20140513 14.76 15.01 15.18 14.75 10751
20140514 14.95 14.94 15.01 14.84 4610
20140515 14.81 14.63 14.97 14.56 4180
20140516 14.60 14.33 14.60 14.19 7628
20140519 14.43 14.60 14.72 14.33 7400
20140520 14.54 14.72 14.90 14.54 5456
20140521 14.65 15.01 15.03 14.61 6026
20140522 15.05 14.84 15.50 14.82 6124
20140523 14.72 15.03 15.25 14.72 3283
20140526 11.66 11.56 11.68 11.42 8648
20140527 11.56 11.58 11.69 11.50 6251
20140528 11.58 11.76 11.78 11.56 7345
20140529 11.76 11.59 11.77 11.57 6835
20140530 11.59 11.78 11.80 11.48 10108
20140603 11.78 11.70 11.99 11.70 5989
20140604 11.69 11.70 11.90 11.61 5825
20140605 11.70 11.89 11.95 11.60 9735
20140606 11.91 11.94 11.96 11.79 8351
20140609 11.81 12.01 12.15 11.75 9285
20140610 11.96 12.21 12.25 11.94 14083
20140611 12.18 12.24 12.41 12.12 11642
20140612 12.23 12.06 12.25 12.06 9881
20140613 12.13 12.56 12.69 12.09 30085
20140616 12.56 12.93 13.15 12.56 66131
20140617 13.02 12.72 13.35 12.59 82444
20140618 12.78 12.31 12.78 12.18 30697
20140619 12.28 11.72 12.28 11.46 24930
20140620 11.66 11.91 11.95 11.51 14135
20140623 12.03 12.03 12.09 11.91 8862
20140624 11.95 12.08 12.08 11.83 14426
20140625 12.01 12.00 12.07 11.89 7850
20140626 12.12 12.20 12.24 12.03 11724
20140627 12.20 12.26 12.34 12.13 11004
20140630 12.22 12.31 12.36 12.13 17603
20140701 12.31 12.35 12.45 12.23 13289
20140702 12.36 12.38 12.44 12.25 12509
20140703 12.31 12.51 12.53 12.29 19715
20140704 12.50 12.43 12.51 12.39 13277
20140707 12.44 12.40 12.60 12.30 8844
20140708 12.41 12.59 12.60 12.34 18615
20140709 12.60 12.26 12.60 12.22 14901
20140710 12.30 12.98 13.00 12.20 33105
20140711 12.97 13.58 14.18 12.80 89973
20140714 13.10 13.18 13.29 12.91 46659
20140715 13.11 12.87 13.11 12.76 32411
20140716 12.87 12.95 13.00 12.75 15707
20140717 12.95 12.72 12.96 12.61 13764
20140718 12.75 12.76 12.90 12.63 11467
20140721 12.76 12.90 12.99 12.62 14064
20140722 12.88 13.00 13.08 12.85 16838
20140723 12.98 12.75 12.98 12.64 14537
20140724 12.73 12.50 12.83 12.45 14306
20140725 12.51 12.64 12.68 12.45 10257
20140728 12.64 12.86 12.92 12.60 16564
20140729 12.86 14.15 14.15 12.86 97826
20140730 14.20 14.14 14.58 13.91 121496
20140731 14.18 13.91 14.20 13.73 43640
20140801 13.79 13.70 13.91 13.55 27549
20140804 13.69 13.88 13.97 13.61 24867
20140805 13.88 14.18 14.50 13.86 60028
20140806 14.15 14.17 14.49 14.04 30284
20140807 14.15 13.95 14.17 13.88 21541
20140808 14.00 14.06 14.15 13.91 12769
20140811 14.12 15.00 15.47 14.12 94819
20140812 14.82 15.49 15.56 14.82 64818
20140813 15.49 15.32 15.50 15.03 42049
20140814 15.35 15.70 16.09 15.18 42288
20140815 15.55 15.33 15.62 15.20 33020
20140818 15.41 15.83 16.07 15.41 55463
20140819 15.66 16.15 16.48 15.51 40229
20140820 16.15 15.90 16.40 15.60 33301
20140821 15.90 15.68 15.97 15.50 33427
20140822 15.55 15.59 15.68 15.28 24690
20140825 15.59 15.12 15.59 15.08 21926
20140826 15.17 14.94 15.42 14.83 23594
20140827 14.92 14.88 15.15 14.53 19435
20140828 15.05 14.58 15.05 14.57 19235
20140829 14.61 15.05 15.05 14.60 15961
20140901 15.05 15.30 15.30 14.98 21476
20140902 15.30 15.36 15.38 15.16 25297
20140903 15.43 15.50 15.99 15.28 30900
20140904 15.52 15.53 15.61 15.34 20898
20140905 15.51 15.41 15.57 15.20 21951
20140909 15.31 15.26 15.44 15.19 22134
20140910 15.30 15.35 15.38 15.14 17520
20140911 15.27 15.45 15.78 15.27 31290
20140912 15.38 15.54 15.54 15.20 30121
20140915 15.58 15.69 15.73 15.30 27561
20140916 15.65 15.20 15.98 15.01 42112
20140917 15.19 15.05 15.37 14.70 20007
20140918 15.05 15.49 15.49 14.81 17691
20140919 15.48 15.50 15.56 15.24 17902
20140922 15.41 15.72 15.77 15.15 28519
20140923 15.68 16.06 16.28 15.58 46329
20140924 15.92 15.98 16.23 15.81 38066
20140925 16.08 15.97 16.38 15.85 38731
20140926 16.02 16.19 16.47 15.71 33093
20140929 16.18 16.67 16.69 16.12 31358
20140930 16.71 16.90 17.08 16.40 32673
20141008 16.81 16.74 16.88 16.44 31084
20141009 16.75 16.84 17.08 16.45 31871
20141010 16.86 16.56 16.86 16.50 22348
20141013 16.42 16.86 17.02 16.14 30191
20141014 16.86 17.36 17.95 16.86 46297
20141015 17.36 17.65 17.80 17.30 26700
20141016 17.53 17.17 17.53 17.10 19039
20141017 17.10 16.66 17.23 15.92 28979
20141020 16.55 17.04 17.09 16.44 16778
20141021 16.92 16.76 17.11 16.66 12248
20141022 16.77 16.79 16.95 16.67 12302
20141023 16.79 16.01 16.79 15.85 15412
20141024 16.17 15.99 16.17 15.78 10177
20141027 16.00 17.03 17.03 15.75 24263
20141028 17.00 16.95 17.35 16.89 25376
20141029 17.11 17.29 17.35 16.78 29302
20141030 17.28 17.35 17.60 17.20 22081
20141031 17.30 17.19 17.60 16.95 19490
20141103 17.19 17.26 17.35 16.95 19389
20141104 17.50 18.06 18.57 17.49 39249
20141105 17.95 18.15 18.34 17.65 19577
20141106 18.10 18.26 18.58 17.81 19476
20141107 18.26 17.96 18.40 17.93 16124
20141110 17.85 18.07 18.07 17.40 15200
20141111 18.08 17.01 18.12 16.98 17716
20141112 16.84 17.18 17.27 16.70 10535
20141113 17.22 16.56 17.46 15.86 20922
20141114 16.56 16.92 16.95 16.14 13286
20141117 16.98 16.93 17.42 16.78 8010
20141118 16.93 16.63 16.94 16.60 11857
20141119 16.60 16.94 16.94 16.39 13765
20141120 16.80 16.98 17.08 16.77 13178
20141121 17.00 17.55 17.78 16.99 21962
20141124 17.55 17.30 17.74 17.23 21243
20141125 17.28 17.44 17.58 17.20 16173
20141126 17.49 17.44 17.50 17.23 17621
20141127 17.44 17.76 18.10 17.35 30175
20141128 17.74 17.30 17.74 17.04 21631
20141201 17.21 17.13 17.40 16.73 20337
20141202 17.05 17.50 17.90 17.05 25494
20141203 17.50 17.90 18.00 17.00 29485
20141204 17.82 18.70 18.99 17.55 41914
20141205 18.70 19.06 19.62 17.32 49316
20141208 18.72 18.46 19.15 18.30 30284
20141209 17.98 17.79 18.58 17.01 37739
20141210 17.98 17.91 18.00 17.14 6790
20150609 19.69 19.69 19.69 19.69 48
20150610 21.66 21.66 21.66 21.66 23
20150611 23.83 23.83 23.83 23.83 24
20150612 26.21 26.21 26.21 26.21 129
20150615 28.83 28.83 28.83 28.83 65
20150616 31.71 31.71 31.71 31.71 180
20150617 34.88 34.88 34.88 34.88 1901
20150618 38.37 38.37 38.37 36.10 67291
20150619 37.00 34.53 37.49 34.53 73590
20150623 33.83 31.08 33.83 31.08 47751
20150624 31.08 31.80 32.12 30.62 40848
20150625 31.60 31.21 33.19 30.50 44326
20150626 29.93 28.99 30.00 28.09 43707
20150629 31.78 26.28 31.78 26.09 34114
20150630 26.00 27.65 27.66 23.65 42805
20150701 27.30 25.90 28.45 25.50 31255
20150702 25.00 23.31 26.00 23.31 38358
20150703 20.98 20.98 21.97 20.98 57205
20150706 22.68 18.88 22.80 18.88 54377
20150707 16.99 16.99 16.99 16.99 4143
20150714 18.69 18.69 18.69 18.69 9504
20150715 20.56 16.85 20.56 16.85 113579
20150716 16.50 17.31 18.05 15.17 78872
20150717 17.35 18.92 19.04 17.31 71426
20150720 18.57 19.40 19.92 18.57 76132
20150721 19.20 21.34 21.34 18.60 87910
20150722 21.04 21.20 21.60 20.05 79188
20150723 21.00 22.49 22.90 20.52 75936
20150724 22.44 23.98 24.74 22.10 126541
20150727 23.22 21.58 24.10 21.58 72217
20150728 19.42 19.42 21.55 19.42 80775
20150729 20.25 20.63 20.70 18.58 62340
20150730 20.30 18.81 20.64 18.68 49226
