20140102 6.87 6.96 7.04 6.83 79232
20140103 6.93 7.24 7.28 6.89 191568
20140106 7.20 7.18 7.46 7.11 127373
20140107 7.17 7.23 7.32 7.11 73022
20140108 7.26 7.33 7.37 7.16 95528
20140109 7.34 7.21 7.39 7.17 85087
20140110 7.18 6.90 7.21 6.83 72625
20140113 6.86 6.71 7.00 6.70 65077
20140114 6.76 7.03 7.04 6.71 55181
20140115 7.05 7.00 7.07 6.92 42149
20140116 7.00 7.09 7.16 6.96 61834
20140117 7.07 7.01 7.10 6.96 43710
20140120 7.01 6.80 7.05 6.79 49144
20140121 6.75 7.01 7.01 6.73 43746
20140122 7.06 7.21 7.26 7.06 100491
20140123 7.19 7.20 7.26 7.12 67783
20140124 7.14 7.63 7.67 7.14 239244
20140127 7.50 7.70 7.86 7.47 191303
20140128 7.75 7.78 7.86 7.50 135024
20140129 7.80 7.96 7.97 7.70 151491
20140130 7.97 7.85 7.98 7.78 74384
20140207 7.80 7.90 7.90 7.60 103120
20140210 7.90 8.03 8.09 7.90 146850
20140211 8.00 7.93 8.13 7.90 121934
20140212 7.93 8.44 8.45 7.85 246250
20140213 8.58 8.07 8.58 8.02 206242
20140214 8.21 8.52 8.60 8.21 277157
20140217 8.50 8.51 8.78 8.45 228639
20140218 8.51 8.86 8.96 8.31 293866
20140219 8.83 8.70 8.93 8.60 215588
20140220 8.64 8.66 8.88 8.42 214622
20140221 8.72 8.70 8.96 8.55 168250
20140224 8.61 8.68 8.70 8.36 153227
20140225 8.69 8.60 9.22 8.43 352653
20140226 8.50 8.59 8.75 8.00 202250
20140227 8.64 8.46 8.85 8.40 165898
20140228 8.47 8.28 8.47 8.03 131318
20140303 8.23 8.41 8.45 8.15 100014
20140304 8.32 8.58 8.77 8.22 132658
20140305 8.68 8.48 8.78 8.46 100813
20140306 8.45 8.28 8.47 8.18 116102
20140307 8.32 9.11 9.11 8.32 475798
20140310 9.10 9.01 9.33 8.91 484411
20140311 8.80 8.74 9.25 8.57 344367
20140312 8.68 8.08 8.74 7.87 317844
20140313 8.05 7.95 8.16 7.71 188660
20140314 7.96 7.97 8.16 7.86 101618
20140317 8.00 8.08 8.16 7.80 97094
20140318 8.06 8.16 8.30 8.02 128992
20140319 8.12 7.94 8.23 7.80 126174
20140320 7.94 7.80 8.04 7.77 90954
20140321 7.82 7.87 7.87 7.50 118743
20140324 7.87 7.85 7.95 7.78 76852
20140325 7.84 8.03 8.05 7.77 92747
20140326 8.00 7.94 8.09 7.89 68143
20140327 7.93 7.89 8.03 7.83 61646
20140328 7.84 7.33 7.90 7.31 116078
20140331 7.37 7.19 7.43 7.14 51833
20140401 7.14 7.36 7.39 7.14 44582
20140402 7.39 7.34 7.39 7.29 39810
20140403 7.36 7.34 7.41 7.29 34608
20140404 7.37 7.41 7.45 7.32 30454
20140408 7.39 7.58 7.63 7.39 60015
20140409 7.63 7.59 7.70 7.55 60112
20140410 7.61 7.72 7.87 7.56 73489
20140411 7.65 7.69 7.75 7.61 47206
20140414 7.69 7.75 7.80 7.63 42250
20140415 7.77 7.95 7.96 7.70 125337
20140416 7.89 7.88 7.99 7.81 99472
20140417 7.86 7.88 8.08 7.84 73520
20140418 7.89 7.80 8.02 7.70 63466
20140421 7.80 7.50 7.89 7.50 66949
20140422 7.65 8.25 8.25 7.65 454843
20140423 8.24 7.98 8.25 7.94 255350
20140424 8.00 7.69 8.07 7.69 201689
20140425 7.63 7.16 7.72 6.94 290213
20140428 7.20 7.03 7.31 6.97 158677
20140429 7.03 7.17 7.17 6.99 100795
20140430 7.15 7.20 7.33 7.05 113903
20140505 7.20 7.22 7.28 7.13 76292
20140506 7.20 7.28 7.37 7.20 87771
20140507 7.25 7.14 7.25 7.13 88890
20140508 7.04 7.17 7.30 7.04 55493
20140509 7.17 7.20 7.22 7.10 41982
20140512 7.26 7.41 7.42 7.25 91638
20140513 7.44 7.62 7.70 7.42 127884
20140514 7.55 7.58 7.67 7.42 137646
20140515 7.57 7.37 7.57 7.30 114359
20140516 7.29 7.39 7.51 7.28 74071
20140519 7.41 7.38 7.41 7.28 45766
20140520 7.42 7.33 7.44 7.29 59974
20140521 7.29 7.50 7.53 7.20 82667
20140522 7.56 7.64 7.66 7.46 143420
20140523 7.60 7.60 7.64 7.47 89570
20140526 7.61 7.63 7.64 7.55 83650
20140527 7.61 7.52 7.62 7.48 68170
20140528 7.53 7.61 7.63 7.45 99830
20140529 7.63 7.65 7.74 7.53 133052
20140530 7.64 7.50 7.65 7.48 95171
20140603 7.50 7.43 7.57 7.40 76237
20140604 7.44 7.27 7.45 7.25 86985
20140605 7.29 7.37 7.39 7.19 72328
20140606 7.42 7.42 7.56 7.38 118403
20140609 7.38 7.49 7.49 7.33 82349
20140610 7.48 7.56 7.60 7.38 125484
20140611 7.55 7.71 7.82 7.53 248035
20140612 7.71 7.65 7.77 7.62 153915
20140613 7.65 7.80 7.87 7.63 192351
20140616 7.80 7.77 7.88 7.74 119849
20140617 7.78 7.65 7.78 7.61 89436
20140618 7.66 7.60 7.70 7.58 81218
20140619 7.59 7.36 7.69 7.32 96854
20140620 7.37 7.49 7.49 7.32 60928
20140623 7.47 7.57 7.62 7.46 67923
20140624 7.58 7.50 7.60 7.44 59878
20140625 7.57 7.43 7.57 7.36 58750
20140626 7.42 7.54 7.64 7.42 77808
20140627 7.57 7.63 7.67 7.53 78820
20140630 7.63 7.73 7.76 7.61 126788
20140701 7.72 7.84 7.95 7.70 190883
20140702 7.89 7.91 8.14 7.86 191723
20140703 7.91 7.87 8.04 7.82 121879
20140704 7.89 7.80 7.92 7.76 90000
20140707 7.85 7.95 8.10 7.85 155670
20140708 7.94 8.08 8.15 7.91 213158
20140709 8.12 7.86 8.13 7.85 133952
20140710 7.85 7.87 7.94 7.75 69849
20140711 7.87 7.90 7.95 7.80 84605
20140714 7.91 7.93 7.96 7.81 101466
20140715 7.93 7.80 7.94 7.76 120772
20140716 7.82 7.73 7.85 7.70 94949
20140717 7.70 7.61 7.76 7.58 83399
20140718 7.65 7.68 7.80 7.64 102624
20140721 7.67 7.66 7.71 7.60 50748
20140722 7.64 7.68 7.77 7.61 74848
20140723 7.71 7.56 7.71 7.50 96967
20140724 7.56 7.56 7.64 7.46 93871
20140725 7.59 7.59 7.64 7.53 103642
20140728 7.63 7.84 7.85 7.60 210753
20140729 7.86 7.96 8.05 7.79 351004
20140730 8.00 7.89 8.01 7.84 201965
20140731 7.90 8.01 8.08 7.86 207808
20140801 8.00 7.81 8.02 7.81 168594
20140804 7.85 7.93 7.97 7.81 120419
20140805 7.94 8.05 8.06 7.86 184217
20140806 8.00 8.06 8.06 7.92 241393
20140807 8.09 7.94 8.21 7.93 256617
20140808 7.93 8.04 8.10 7.89 168043
20140811 8.04 8.20 8.33 8.04 249165
20140812 8.26 8.29 8.34 8.19 262400
20140813 8.29 8.36 8.36 8.16 233874
20140814 8.37 8.23 8.47 8.22 218393
20140815 8.45 8.41 8.58 8.31 314162
20140818 8.47 8.70 8.70 8.41 327323
20140819 8.76 8.61 8.76 8.51 257949
20140820 8.59 8.53 8.68 8.46 231568
20140821 8.53 8.40 8.53 8.27 205963
20140822 8.42 8.87 9.08 8.37 451045
20140825 8.86 8.83 8.97 8.65 269750
20140826 8.78 8.62 8.96 8.57 246182
20140827 8.64 9.12 9.46 8.64 432833
20140828 9.10 9.11 9.36 9.00 337815
20140829 9.12 9.07 9.43 9.05 353073
20140901 9.11 9.98 9.98 9.11 854435
20140902 9.80 9.94 10.06 9.77 588682
20140903 9.99 10.41 10.79 9.95 685733
20140904 10.43 11.15 11.39 10.35 664596
20140905 11.29 11.88 12.18 11.20 924491
20140909 12.30 13.07 13.07 11.97 764617
20140910 13.58 13.35 13.97 13.09 1525293
20140911 13.51 12.99 13.79 12.66 1147813
20140912 12.98 12.99 13.17 12.72 766479
20140915 13.05 14.29 14.29 13.00 987620
20140916 14.29 12.86 14.48 12.86 1568804
20140917 12.66 12.75 12.96 12.45 653252
20140918 12.75 12.88 13.06 12.40 581045
20140919 12.78 13.57 14.13 12.62 951850
20140922 13.30 12.76 13.46 12.48 669831
20140923 12.48 12.79 12.86 12.44 436330
20140924 12.74 12.92 13.40 12.50 635522
20140925 13.02 13.35 13.97 13.01 861884
20140926 13.15 13.17 13.48 12.97 480258
20140929 13.23 13.57 13.85 13.04 685547
20140930 13.57 14.54 14.84 13.46 932517
20141008 14.50 15.99 15.99 14.41 766013
20141009 16.20 15.79 16.38 15.30 870418
20141010 15.70 15.37 15.75 15.06 577729
20141013 15.07 14.94 15.20 14.38 452407
20141014 14.85 15.12 15.33 14.61 476330
20141015 15.18 15.07 15.30 14.70 481601
20141016 14.71 14.10 14.87 14.08 578080
20141017 14.10 14.31 14.63 14.03 404038
20141020 14.30 14.79 14.88 14.11 395547
20141021 14.70 14.31 14.87 14.27 282862
20141022 14.43 14.47 14.78 14.20 291275
20141023 14.30 14.58 14.78 14.22 309338
20141024 14.70 15.14 15.50 14.60 688176
20141027 15.07 15.53 15.53 14.80 495129
20141028 15.64 15.41 15.87 15.31 644112
20141029 15.46 16.11 16.50 15.25 835592
20141030 16.00 15.80 16.19 15.66 509216
20141031 15.90 14.89 15.98 14.75 692024
20141103 14.80 14.77 15.07 14.52 421179
20141104 14.81 14.50 14.87 14.32 353762
20141105 14.44 14.69 14.81 14.17 312346
20141106 14.78 14.57 14.78 14.45 182566
20141107 14.58 15.22 15.27 14.40 518906
20141110 15.21 15.10 15.34 14.79 402383
20141111 15.16 13.72 15.23 13.59 569693
20141112 13.65 13.76 13.94 13.40 252141
20141113 13.77 13.09 13.81 13.04 352184
20141114 13.01 12.98 13.22 12.80 204288
20141117 13.16 13.36 13.65 12.91 241200
20141118 13.32 13.68 13.96 13.21 254480
20141119 13.63 13.72 13.88 13.40 241022
20141120 13.69 13.58 13.69 13.41 158219
20141121 13.49 13.46 13.67 13.30 193538
20141124 13.66 13.49 13.75 13.46 232023
20141125 13.50 13.81 13.94 13.41 289811
20141126 13.61 13.42 13.68 13.02 480422
20141127 13.38 13.38 13.57 13.31 289403
20141128 13.38 13.38 13.57 13.35 235163
20141201 13.40 12.87 13.49 12.82 368925
20141202 12.87 12.79 13.09 12.66 347129
20141203 12.70 13.07 13.08 12.34 524481
20141204 13.03 12.94 13.27 12.80 483024
20141205 12.95 12.44 13.00 12.30 417224
20141208 12.48 12.98 13.15 12.25 505192
20141209 12.98 11.98 13.11 11.92 465302
20141210 11.85 12.43 12.51 11.80 259402
20141211 12.37 12.92 12.99 12.25 341904
20141212 13.15 14.07 14.20 12.89 853588
20141215 14.08 14.33 14.90 14.08 825720
20141216 14.15 13.81 14.25 13.67 662648
20141217 13.65 14.75 14.97 13.28 951476
20141218 14.60 15.52 16.00 14.50 1005500
20141219 15.60 14.95 15.60 14.82 603677
20141222 14.64 13.48 14.76 13.46 577351
20141223 13.61 12.98 13.87 12.88 363912
20141224 13.07 13.40 13.87 13.07 301080
20141225 13.42 13.48 13.64 13.34 206525
20141226 13.39 13.55 13.79 13.16 319902
20141229 13.64 14.59 14.69 13.41 505939
20141230 14.45 14.54 14.96 14.06 487910
20141231 14.54 14.86 15.20 14.37 429629
20150105 15.05 14.60 15.22 14.31 375911
20150106 14.60 14.64 15.10 14.49 380046
20150107 14.70 15.22 15.48 14.26 633813
20150108 15.04 15.00 15.56 14.90 448690
20150109 14.93 14.55 15.29 14.55 322304
20150112 14.40 14.96 15.25 14.40 364060
20150113 14.94 15.63 15.78 14.80 579380
20150114 15.55 14.69 15.70 14.64 467936
20150115 14.77 14.90 15.02 14.52 290258
20150116 14.90 15.85 16.39 14.72 1137221
20150119 15.20 15.68 16.66 15.08 888480
20150120 15.93 17.25 17.25 15.75 475128
20150121 18.40 18.98 18.98 18.20 997003
20150122 19.90 19.13 20.12 18.88 1193333
20150123 19.05 18.59 20.15 18.50 1009644
20150126 18.50 19.65 20.20 18.33 1011508
20150127 19.60 19.86 20.36 19.25 683095
20150128 19.80 18.99 20.25 18.76 595154
20150129 18.64 19.21 19.55 18.56 379362
20150130 19.18 18.08 19.33 18.08 464345
20150202 17.61 18.01 18.65 17.57 329350
20150203 18.11 19.81 19.81 18.11 365998
20150204 20.59 20.55 21.58 20.06 888992
20150205 20.58 21.92 22.61 20.40 901788
20150206 21.66 20.73 22.10 20.45 544570
20150209 20.53 20.17 21.25 19.82 366031
20150210 20.19 21.99 22.10 19.82 490198
20150211 22.03 22.90 23.68 21.86 593639
20150212 22.90 22.74 23.20 22.47 315857
20150213 22.86 22.90 23.97 22.80 447638
20150216 23.05 24.67 24.80 23.00 462730
20150217 25.12 27.14 27.14 24.12 594881
20150225 28.10 26.31 28.80 26.01 692441
20150226 26.31 25.95 27.48 25.02 600573
20150227 26.01 28.55 28.55 25.60 632936
20150302 29.43 30.60 31.11 28.71 744939
20150303 30.15 29.37 30.50 29.20 521173
20150304 29.20 29.91 30.79 28.91 580075
20150305 29.59 29.65 30.78 28.80 498497
20150306 29.48 26.69 29.50 26.69 714332
20150309 26.38 27.29 27.95 25.99 435313
20150310 27.37 29.55 29.93 26.92 554350
20150311 29.39 28.10 29.56 27.22 551744
20150312 28.40 27.41 28.42 26.11 411246
20150313 27.46 28.00 28.60 27.22 361299
20150316 28.50 29.40 30.00 28.39 535689
20150317 29.39 29.07 29.98 28.55 473646
20150318 28.89 29.16 29.65 28.20 443578
20150319 29.00 28.90 29.25 28.38 375107
20150320 28.90 30.12 30.66 28.78 687189
20150323 29.98 32.42 33.06 29.66 649214
20150324 32.50 33.46 34.42 31.00 760087
20150325 33.20 32.65 33.22 32.00 427552
20150326 32.60 30.73 33.29 30.01 494356
20150327 30.73 32.08 32.50 30.60 361303
20150330 32.11 31.80 32.98 31.40 322184
20150331 31.50 31.52 32.19 30.79 348702
20150401 31.50 32.52 33.08 31.48 394292
20150402 33.50 33.19 34.84 33.08 440187
20150403 32.95 33.93 34.22 32.51 394980
20150407 33.95 37.32 37.32 33.93 507710
20150408 38.20 36.43 38.48 35.28 496854
20150409 36.12 35.82 36.40 33.79 456252
20150410 35.98 36.40 37.50 35.82 331146
20150413 36.08 36.41 37.25 35.50 330353
20150414 36.30 35.27 36.30 34.61 382817
20150415 35.10 32.50 35.10 31.80 412909
20150416 31.55 32.39 33.58 31.16 304454
20150417 33.48 32.09 33.50 31.95 308551
20150420 31.89 30.01 31.89 29.90 461805
20150421 30.02 32.18 32.32 30.01 373340
20150422 33.01 33.30 34.50 32.98 355007
20150423 33.53 33.28 33.87 32.59 326752
20150424 32.48 32.73 33.10 31.81 369436
20150427 32.90 35.33 35.90 32.90 515537
20150428 35.41 37.22 38.68 35.41 663217
20150429 37.97 38.57 39.30 37.35 435338
20150430 38.83 37.60 39.10 37.00 360235
20150504 37.04 36.76 37.50 36.00 257271
20150505 36.69 36.92 38.58 36.03 337480
20150506 36.80 37.70 39.15 36.80 371996
20150507 37.50 35.70 38.53 35.00 308746
20150508 36.50 39.27 39.27 36.50 468788
20150511 39.60 43.20 43.20 39.60 581252
20150512 43.68 44.05 44.88 42.26 521188
20150513 42.81 47.42 48.46 42.32 614167
20150514 48.00 48.55 49.96 45.50 524377
20150515 47.85 50.50 53.26 46.30 435898
20150518 50.60 55.55 55.55 50.60 322741
20150519 57.30 60.90 61.11 56.00 500596
20150520 60.95 61.00 63.51 58.90 512629
20150521 60.00 60.99 62.00 58.16 413861
20150522 61.35 58.41 62.25 57.16 410130
20150525 56.31 64.25 64.25 56.03 507944
20150526 66.00 70.68 70.68 64.30 400959
20150527 71.89 69.52 74.78 67.92 464112
20150528 69.50 66.50 71.10 66.00 422193
20150529 67.40 73.15 73.15 67.40 507321
