20140102 49.60 49.86 50.15 48.81 9309
20140103 49.51 48.73 49.85 48.21 8227
20140106 48.30 46.30 48.52 46.21 7897
20140107 46.31 47.07 47.40 46.31 5473
20140108 47.18 46.96 47.97 46.71 6159
20140109 46.81 45.87 46.81 45.87 8872
20140110 45.60 45.40 46.59 45.00 4617
20140113 45.12 45.73 45.86 45.12 5230
20140114 45.67 46.85 46.85 45.42 7123
20140115 46.80 47.06 47.11 46.43 5329
20140116 47.10 46.22 47.10 46.00 5692
20140117 46.02 46.15 46.57 46.00 2977
20140120 46.15 45.44 46.35 45.10 3680
20140121 45.44 45.22 46.08 45.00 4843
20140122 45.30 45.30 45.83 45.15 13244
20140123 45.40 43.94 45.74 43.50 24460
20140124 43.82 46.33 46.46 43.80 16256
20140127 46.00 46.05 46.78 45.70 9745
20140128 45.90 44.47 46.35 44.25 6919
20140129 44.50 45.54 45.78 44.50 3721
20140130 45.09 45.28 46.28 45.00 4737
20140207 45.00 45.62 45.87 44.48 5385
20140210 45.88 47.16 47.59 45.88 9945
20140211 47.00 47.21 48.20 46.85 10552
20140212 47.20 46.62 47.69 46.50 12531
20140213 46.62 46.17 47.19 46.01 7437
20140214 47.05 49.00 50.25 46.71 26295
20140217 49.12 49.40 49.94 48.60 16278
20140218 49.68 49.50 49.87 48.80 11169
20140219 49.50 52.22 52.88 49.50 21157
20140220 51.70 51.95 52.77 50.30 14648
20140221 51.95 51.10 51.96 50.70 8492
20140224 51.14 53.79 54.00 49.62 14009
20140225 53.35 50.97 54.87 50.11 15728
20140226 50.34 49.56 51.00 47.78 10937
20140227 49.39 47.28 50.98 46.60 12985
20140228 46.88 47.80 47.96 46.85 4880
20140303 47.85 48.40 49.40 47.05 5151
20140304 48.21 48.35 49.37 47.81 5742
20140305 48.37 47.96 48.83 47.68 3974
20140306 47.41 48.06 48.17 47.13 3932
20140307 48.40 48.16 48.71 47.80 3485
20140310 47.96 46.45 47.96 45.75 6534
20140311 46.20 46.63 46.89 46.02 1999
20140312 46.63 46.59 46.89 45.60 2226
20140313 46.49 46.90 47.18 46.49 3872
20140314 46.53 46.91 47.14 46.50 3117
20140317 47.38 48.20 48.38 46.71 5097
20140318 48.19 48.15 48.78 47.81 5187
20140319 47.92 47.72 48.28 47.03 6486
20140320 47.65 46.80 48.35 46.57 5674
20140321 46.70 47.02 47.33 45.60 2848
20140324 47.02 46.98 47.16 46.71 4386
20140325 46.68 46.66 47.03 46.00 3509
20140326 46.89 47.07 47.15 46.67 1703
20140327 46.99 45.82 46.99 45.80 3206
20140328 45.68 43.99 46.06 43.50 4972
20140331 44.00 44.08 44.40 43.70 2459
20140401 44.10 44.79 44.86 43.82 2024
20140402 44.89 43.74 44.89 43.70 1898
20140403 44.44 44.58 44.95 43.90 3409
20140404 44.50 45.77 46.03 44.50 4127
20140408 45.65 46.12 46.28 45.23 1935
20140409 46.13 46.87 47.50 46.13 4025
20140410 47.20 47.14 47.50 46.86 4232
20140411 47.14 47.43 47.68 46.70 3789
20140414 47.77 47.89 48.08 46.82 5925
20140415 47.50 46.82 48.00 46.75 8645
20140416 46.80 46.81 47.23 46.51 2345
20140417 47.10 47.70 48.32 46.85 6924
20140418 47.38 47.33 47.78 47.20 2141
20140421 47.33 45.97 47.47 45.34 3306
20140422 46.30 46.85 47.35 45.64 2675
20140423 47.28 46.98 47.41 46.50 1549
20140424 47.21 46.29 47.24 45.73 2652
20140425 46.12 45.22 46.43 45.21 2148
20140428 44.98 44.20 45.38 44.16 2984
20140429 44.21 44.19 44.88 43.77 3544
20140430 44.20 45.18 45.45 44.10 2258
20140505 45.01 46.00 46.00 44.75 2447
20140506 45.99 45.90 46.22 45.47 1526
20140507 45.79 45.25 45.90 45.03 1264
20140508 45.01 45.10 45.79 45.00 1224
20140509 45.40 45.00 45.40 44.84 1245
20140512 45.34 45.98 45.98 45.00 2899
20140513 46.40 46.12 46.45 45.77 3234
20140514 46.11 45.95 46.12 45.63 1647
20140515 46.15 45.06 46.15 44.80 2740
20140516 45.05 45.25 45.33 44.71 1419
20140519 45.38 44.71 45.38 44.50 785
20140520 45.02 44.89 45.77 44.88 2032
20140521 44.99 45.16 45.30 44.60 1249
20140522 45.16 44.88 45.60 44.75 4076
20140523 44.83 44.70 44.88 43.95 4188
20140526 44.88 45.69 45.69 44.76 4762
20140527 45.71 45.00 45.93 44.90 3301
20140528 45.00 45.35 45.41 44.80 2170
20140529 45.40 45.03 45.58 44.94 3388
20140530 45.11 44.63 45.29 44.18 2725
20140603 44.70 44.90 45.08 44.54 1474
20140604 44.99 44.70 45.00 44.53 1991
20140605 44.55 44.96 45.07 44.52 1642
20140606 44.96 44.30 44.96 43.90 3856
20140609 44.20 44.31 44.55 44.00 2517
20140610 44.06 44.37 44.43 44.05 2891
20140611 44.35 45.55 45.75 44.28 7282
20140612 45.50 46.10 46.45 45.50 7089
20140703 50.71 50.71 50.71 48.80 22611
20140704 52.28 54.25 55.50 51.15 37449
20140707 54.03 55.75 56.50 53.17 19897
20140708 55.68 55.30 55.68 53.82 13580
20140709 55.03 55.31 55.70 54.32 9300
20140710 54.63 57.20 58.50 54.63 13036
20140711 57.00 56.85 58.30 56.68 11679
20140714 28.38 28.17 28.97 27.10 11245
20140715 28.16 27.51 28.35 26.76 24234
20140716 27.28 27.52 28.00 26.88 8726
20140717 27.23 27.22 27.65 26.99 5478
20140718 27.26 28.71 29.90 27.26 14881
20140721 28.72 28.25 28.88 28.00 7226
20140722 28.00 27.85 28.22 27.30 9879
20140723 27.87 28.14 28.20 27.35 8732
20140724 27.69 27.99 28.14 27.40 5710
20140725 28.50 28.17 28.99 28.00 6620
20140728 28.15 28.09 28.39 27.57 10710
20140729 28.10 29.20 29.30 27.83 20059
20140730 29.20 29.49 29.80 28.90 13970
20140731 29.46 29.30 29.55 28.76 12449
20140801 29.19 30.41 32.00 28.90 22509
20140804 30.08 33.45 33.45 30.08 25885
20140805 33.86 34.86 35.00 33.50 33714
20140806 34.95 34.30 35.10 33.74 15827
20140807 34.22 33.91 34.80 33.52 14369
20140808 33.90 33.56 34.49 33.35 7983
20140811 33.88 33.02 34.08 32.79 23036
20140812 33.09 33.25 33.50 33.00 11070
20140813 33.24 32.39 33.28 31.97 13388
20140814 32.30 31.97 32.30 31.60 11480
20140815 32.07 31.99 32.50 31.65 8343
20140818 32.07 32.96 33.26 32.07 17212
20140819 32.96 32.38 32.99 31.95 16252
20140820 32.31 32.01 32.31 31.76 10158
20140821 32.14 32.12 32.16 31.78 7105
20140822 32.12 32.32 32.47 31.60 8461
20140825 32.21 32.05 32.48 31.90 5946
20140826 32.05 31.10 32.18 31.01 10265
20140827 31.10 30.65 31.47 30.50 12233
20140828 30.63 30.12 30.82 29.57 9470
20140829 30.16 30.38 30.69 29.87 5334
20140901 30.66 31.45 31.50 30.20 10088
20140902 31.45 31.43 31.88 31.25 11584
20140903 31.45 31.56 31.78 31.03 11042
20140904 31.52 31.63 31.80 31.21 8101
20140905 31.51 31.45 31.73 31.09 10648
20140909 31.31 31.68 31.69 31.20 7046
20140910 31.68 34.85 34.85 31.59 44739
20140911 34.96 34.30 35.47 33.70 32387
20140912 34.29 33.96 34.30 33.41 16179
20140915 33.90 34.55 34.67 33.54 13933
20140916 34.55 33.30 34.55 33.00 11670
20140917 33.30 33.34 33.65 32.80 6700
20140918 33.00 34.18 34.20 33.00 11856
20140919 34.10 35.00 35.00 33.71 14631
20140922 34.71 33.97 35.00 33.44 10695
20140923 33.95 33.83 33.99 33.51 4346
20140924 33.94 34.17 34.47 33.90 6610
20140925 34.18 33.75 34.29 33.50 7309
20140926 33.53 33.64 34.09 33.30 5582
20140929 33.60 33.83 34.22 33.59 5217
20140930 33.63 33.52 34.15 33.14 8564
20141008 33.65 34.10 34.18 33.48 13532
20141009 34.32 33.80 34.39 33.50 12226
20141010 33.99 33.52 33.99 33.50 11016
20141013 33.50 34.37 34.50 33.50 14402
20141014 34.48 34.00 34.50 33.91 10863
20141015 34.00 34.65 34.67 33.61 15441
20141016 34.43 35.66 36.88 34.18 21594
20141017 35.40 34.50 36.18 33.40 16027
20141020 34.29 34.89 34.96 33.86 7425
20141021 34.89 36.75 37.55 34.51 26581
20141022 36.76 35.71 37.50 35.50 22762
20141023 35.50 34.36 35.99 34.33 13903
20141024 34.36 34.52 35.08 34.00 4218
20141027 34.53 34.93 35.50 33.70 6286
20141028 35.20 35.30 35.85 35.02 8389
20141029 35.40 35.45 35.70 35.00 7871
20141030 35.45 35.87 36.40 35.45 10646
20141031 35.92 35.59 36.49 35.40 10180
20141103 35.60 35.95 36.00 35.21 8169
20141104 35.88 34.29 35.95 34.02 12961
20141105 34.03 33.10 34.29 32.50 16178
20141106 32.95 33.29 33.36 32.78 9341
20141107 33.40 32.80 33.65 32.48 13403
20141110 32.70 31.60 32.70 31.02 15156
20141111 31.60 29.78 31.60 29.60 36896
20141112 29.78 30.49 31.00 29.78 17660
20141113 30.50 31.84 31.84 30.50 19072
20141114 31.80 31.23 31.83 30.71 13954
20141117 31.30 31.47 31.56 30.88 13935
20141118 31.43 30.71 31.46 30.49 10513
20141119 30.65 30.53 30.70 30.27 14013
20141120 30.28 30.80 31.00 30.28 8068
20141121 30.80 30.79 30.98 30.40 13000
20141124 31.30 30.63 31.30 30.60 16084
20141125 30.75 30.65 30.88 30.03 17111
20141126 30.70 31.60 31.60 30.70 27667
20141127 31.73 32.77 32.80 31.46 21397
20141128 32.80 32.03 32.88 32.00 31732
20141201 32.01 32.20 32.60 31.00 26465
20141202 32.20 32.18 32.99 31.63 28778
20141203 32.24 31.68 32.24 31.30 23419
20141204 31.70 31.73 31.94 31.60 21200
20141205 31.74 33.28 33.72 31.52 60647
20141208 32.80 34.38 34.80 32.50 44667
20141209 34.18 32.68 34.18 31.00 45953
20141210 32.75 33.35 33.47 31.50 21527
20141211 33.60 33.10 33.60 32.61 10096
20141212 32.90 32.79 33.10 32.57 15879
20141215 32.80 35.27 35.50 32.25 54480
20141216 35.00 36.15 36.63 34.60 52114
20141217 35.61 35.45 36.47 35.21 21279
20141218 35.03 36.82 37.55 34.50 28285
20141219 36.85 37.28 37.50 35.92 20291
20141222 37.12 34.12 37.12 33.55 34209
20141223 33.99 31.49 33.99 30.90 35760
20141224 31.50 33.50 34.20 31.50 31275
20141225 34.99 34.00 34.99 32.76 17535
20141226 34.01 33.30 34.03 32.80 8008
20141229 33.20 32.80 33.20 31.18 31803
20141230 32.40 32.06 32.65 31.89 7538
20141231 31.90 32.33 32.43 31.46 6599
20150105 32.00 31.81 32.30 30.00 17970
20150106 31.44 32.24 32.67 31.30 11916
20150107 32.25 31.85 32.73 31.55 8925
20150108 31.95 32.30 32.70 31.66 15035
20150109 32.30 31.81 32.99 31.71 10030
20150112 31.50 31.00 31.99 30.75 7862
20150113 31.08 31.64 32.00 30.80 8843
20150114 31.85 31.77 32.90 31.49 13914
20150115 31.81 31.50 31.99 30.91 10232
20150116 31.58 31.50 31.72 31.25 11803
20150119 31.30 33.68 34.47 31.13 63042
20150120 33.95 36.27 36.71 33.95 63211
20150121 36.30 36.10 37.30 35.88 39240
20150122 35.98 36.08 36.99 35.96 27916
20150123 36.10 36.33 37.12 36.10 26059
20150126 36.33 38.50 39.78 36.33 38734
20150127 38.60 39.99 40.40 37.00 70008
20150128 39.70 39.80 39.83 38.52 55473
20150129 39.77 39.90 40.22 38.51 15580
20150130 39.90 42.05 42.65 39.20 24556
20150202 41.05 43.81 44.00 40.01 35159
20150203 43.20 43.70 44.50 42.24 39152
20150204 43.50 43.30 44.05 42.60 12610
20150205 43.30 43.00 43.88 41.92 20128
20150206 42.98 43.29 46.75 42.20 25741
20150209 43.40 42.29 44.98 40.10 21171
20150210 41.00 42.50 42.89 40.00 10710
20150211 42.90 46.75 46.75 42.88 34769
20150212 47.00 51.43 51.43 46.40 43189
20150213 52.46 52.99 56.57 50.88 70186
20150216 52.49 53.55 54.23 51.58 38217
20150217 53.02 51.71 53.30 51.71 15901
20150225 51.19 49.90 51.80 48.00 28251
20150226 49.60 49.15 50.49 48.51 34184
20150227 49.27 49.77 49.89 48.73 21669
20150302 50.10 51.18 51.84 48.50 39160
20150303 50.69 49.44 51.76 49.10 30590
20150304 49.43 50.67 50.70 48.70 20607
20150305 51.00 50.65 53.00 50.65 30999
20150306 49.91 46.43 50.64 46.12 44151
20150309 46.00 46.60 47.41 45.90 31882
20150310 46.74 48.16 49.30 46.74 40694
20150311 47.82 52.98 52.98 47.82 42988
20150312 53.60 58.17 58.28 51.60 57460
20150313 57.05 58.20 59.37 56.01 23971
20150316 58.09 57.93 58.90 55.88 40488
20150317 57.55 57.00 57.61 55.81 26725
20150318 56.28 57.20 57.38 56.08 24318
20150319 57.20 55.29 57.20 54.55 24681
20150320 55.29 57.40 57.60 55.00 38217
20150323 57.00 57.01 57.76 55.70 35795
20150324 57.39 55.35 57.39 55.17 36246
20150325 55.35 60.88 60.89 55.05 47225
20150326 61.00 55.30 63.51 54.79 67482
20150327 54.99 54.70 56.60 53.49 34354
20150330 55.10 56.40 57.40 54.70 42207
20150331 56.37 55.80 56.37 54.33 28259
20150401 55.49 56.25 56.26 54.72 26075
20150402 56.61 59.30 60.80 56.28 40681
20150403 58.97 60.36 61.41 57.60 30209
20150407 60.00 59.76 62.98 58.66 23907
20150408 60.20 58.85 60.20 57.08 21117
20150409 58.58 59.15 60.26 55.61 20641
20150410 58.16 65.07 65.07 58.00 40009
20150413 66.66 71.58 71.58 66.65 14186
20150414 78.74 75.10 78.74 71.60 60296
20150420 76.70 76.79 82.58 67.59 57699
20150421 75.00 79.48 81.97 73.00 15543
20150422 79.00 79.10 80.02 76.08 19098
20150423 77.77 78.94 79.13 74.45 35294
20150424 76.87 77.80 82.00 76.02 21216
20150427 77.35 74.00 79.79 73.81 26168
20150428 74.95 70.49 75.56 66.61 33186
20150429 71.33 71.50 71.80 67.48 30439
20150430 71.50 75.09 76.50 70.07 35474
20150504 75.26 73.00 77.50 72.82 19375
20150505 73.17 75.16 78.00 72.91 24772
20150506 75.13 82.68 82.68 74.00 49528
20150507 84.00 87.01 88.99 80.10 28433
20150508 86.87 89.51 91.50 84.13 27917
20150511 89.40 88.03 91.10 86.30 43994
20150512 88.15 88.18 90.00 87.11 16707
20150513 86.66 85.82 87.40 85.00 23862
20150514 89.00 90.20 94.40 89.00 33462
20150515 89.39 87.00 90.12 85.00 19479
20150518 91.00 95.70 95.70 90.11 28735
20150519 103.50 101.00 103.99 98.40 30163
20150520 100.80 104.25 111.10 100.00 23487
