20140102 8.02 8.06 8.34 7.89 225722
20140103 7.98 7.70 8.03 7.66 215374
20140106 7.70 7.33 7.70 7.32 199287
20140107 7.24 7.40 7.55 7.24 111935
20140108 7.44 6.82 7.53 6.70 344839
20140109 6.86 6.80 7.01 6.72 175014
20140110 6.79 6.89 6.93 6.75 108848
20140113 6.91 6.62 6.98 6.28 211358
20140114 6.58 6.98 7.05 6.55 140514
20140115 7.01 6.99 7.08 6.90 99310
20140116 7.00 6.81 7.05 6.80 85203
20140117 6.82 6.63 6.87 6.51 118716
20140120 6.66 6.68 6.81 6.53 65411
20140121 6.70 7.01 7.06 6.68 135720
20140122 7.00 7.22 7.26 6.98 133311
20140123 7.25 7.14 7.33 7.01 130071
20140124 7.15 7.16 7.33 7.02 187530
20140127 7.16 7.06 7.22 7.01 76990
20140128 7.12 6.93 7.18 6.80 90450
20140129 7.05 6.94 7.10 6.85 82869
20140130 6.95 6.95 7.05 6.92 69017
20140207 6.91 7.30 7.35 6.91 145128
20140210 7.29 7.70 7.75 7.26 208693
20140211 7.72 7.72 7.97 7.58 208674
20140212 7.71 8.19 8.24 7.71 288019
20140213 8.13 8.03 8.32 7.96 261777
20140214 8.01 8.09 8.18 7.90 145417
20140217 8.09 8.04 8.17 7.86 178163
20140218 8.04 8.24 8.29 7.84 256632
20140219 8.26 7.93 8.26 7.93 190790
20140220 7.90 7.57 8.02 7.50 231462
20140221 7.61 7.68 7.73 7.50 137420
20140224 7.61 7.48 7.67 7.20 179495
20140225 7.48 7.06 7.60 7.00 207384
20140226 7.06 7.13 7.15 6.80 139760
20140227 7.18 6.88 7.25 6.85 166704
20140228 6.86 6.83 7.09 6.78 176207
20140303 6.84 7.10 7.12 6.70 153730
20140304 7.07 7.05 7.09 6.87 111142
20140305 7.16 7.34 7.37 7.02 223374
20140306 7.42 7.45 7.80 7.38 315592
20140307 7.43 7.31 7.51 7.20 140077
20140320 7.45 7.28 7.79 7.10 302766
20140321 7.45 7.73 7.81 7.39 263707
20140324 7.76 8.50 8.50 7.76 522068
20140325 8.50 8.47 8.88 8.37 428667
20140326 8.52 8.63 8.67 8.38 262324
20140327 8.64 8.50 8.89 8.38 337487
20140328 8.41 7.70 8.59 7.65 375503
20140331 7.71 7.63 7.93 7.41 212717
20140401 7.66 7.88 7.89 7.58 121601
20140402 7.80 7.90 8.15 7.80 149063
20140403 8.04 7.84 8.10 7.84 105260
20140404 7.90 8.30 8.38 7.80 235193
20140408 8.38 8.32 8.39 8.11 153854
20140409 8.28 8.27 8.42 8.16 150787
20140410 8.38 8.43 8.58 8.28 250123
20140411 8.45 8.44 8.51 8.17 185786
20140414 8.47 8.57 8.69 8.40 225654
20140415 8.82 8.73 9.14 8.70 396373
20140416 8.60 9.05 9.15 8.57 393688
20140417 8.98 8.79 9.10 8.75 225940
20140418 8.80 8.70 9.04 8.64 200520
20140421 8.61 8.50 8.77 8.41 207676
20140422 8.46 8.64 8.64 8.44 153835
20140423 8.74 8.70 8.84 8.62 118155
20140424 8.60 8.48 8.65 8.41 122170
20140425 8.48 8.00 8.58 7.91 222750
20140428 7.98 7.98 8.19 7.70 147842
20140429 7.98 8.31 8.35 7.98 129606
20140430 8.33 8.57 8.67 8.21 126425
20140505 8.58 8.56 8.68 8.50 106675
20140506 8.67 8.59 8.88 8.55 161806
20140507 8.53 8.35 8.62 8.34 113612
20140508 8.30 8.20 8.44 8.10 100533
20140509 8.20 8.26 8.26 8.02 90405
20140512 8.24 8.47 8.59 8.24 125220
20140513 8.47 8.55 8.59 8.39 77059
20140514 8.54 8.74 8.85 8.48 181474
20140515 8.82 8.43 8.82 8.40 133633
20140516 8.47 8.55 8.60 8.26 89889
20140519 8.67 8.35 8.67 8.28 89616
20140520 8.46 8.31 8.48 8.24 69194
20140521 8.37 8.37 8.45 8.24 79365
20140522 8.39 8.19 8.42 8.15 148532
20140523 8.18 8.20 8.25 8.06 101875
20140526 8.21 8.35 8.38 8.20 85370
20140527 8.33 8.21 8.40 8.20 71549
20140528 8.21 8.23 8.28 8.11 73348
20140529 8.19 8.21 8.27 8.12 82418
20140530 8.20 8.63 8.77 8.13 279321
20140603 8.63 8.58 8.77 8.54 162434
20140604 8.57 8.19 8.57 8.16 162803
20140605 8.12 8.21 8.24 8.06 149454
20140606 8.21 8.14 8.22 8.10 62604
20140609 8.19 8.19 8.24 8.09 88481
20140610 8.13 8.17 8.23 8.10 63134
20140611 8.20 8.14 8.21 8.09 74191
20140612 8.15 7.84 8.15 7.75 223837
20140613 7.82 7.90 7.98 7.71 132873
20140616 7.94 8.09 8.14 7.83 118823
20140617 8.09 8.07 8.17 8.04 70610
20140618 8.07 8.04 8.19 8.02 72025
20140619 8.05 7.87 8.17 7.80 100614
20140620 7.88 8.12 8.15 7.88 89464
20140623 8.10 8.29 8.33 8.10 123334
20140624 8.29 8.36 8.46 8.25 87085
20140625 8.36 8.35 8.41 8.20 84820
20140626 8.28 8.31 8.38 8.27 64287
20140627 8.29 8.43 8.59 8.22 154651
20140630 8.42 8.38 8.53 8.31 85764
20140701 8.40 8.24 8.43 8.20 86199
20140702 8.26 8.65 8.69 8.22 273026
20140703 8.70 9.50 9.52 8.62 700845
20140704 9.49 9.53 9.65 9.35 345096
20140707 9.54 9.50 9.59 9.37 163912
20140708 9.49 9.20 9.90 9.16 327165
20140709 9.26 8.89 9.35 8.86 263898
20140710 8.94 8.95 9.05 8.79 168155
20140711 8.95 9.07 9.27 8.91 129883
20140714 9.09 9.62 9.64 9.05 260058
20140715 9.71 9.39 9.73 9.25 228954
20140716 9.53 9.10 9.60 9.01 271213
20140717 9.11 9.26 9.32 8.90 145954
20140718 9.18 9.26 9.47 9.09 150350
20140721 9.38 9.48 10.17 9.38 333896
20140722 9.58 10.43 10.43 9.49 559531
20140723 11.10 11.12 11.47 10.59 1118000
20140724 10.80 12.23 12.23 10.65 1244329
20140725 12.01 11.51 12.03 11.39 824179
20140728 11.72 11.66 11.82 11.29 561107
20140729 11.50 12.34 12.72 11.46 823994
20140730 12.10 12.64 13.30 12.03 762593
20140731 12.85 12.52 12.92 12.37 474855
20140801 12.56 12.44 12.92 12.15 590574
20140804 12.44 12.38 12.44 11.92 483113
20140805 12.25 12.42 12.62 12.03 425504
20140806 12.33 12.01 12.33 11.91 454792
20140807 12.02 11.33 12.09 11.25 607525
20140808 11.36 11.54 11.62 11.34 314988
20140811 11.52 11.73 11.78 11.43 237669
20140812 11.71 11.59 11.76 11.45 207619
20140813 11.55 11.87 11.90 11.52 278531
20140814 11.90 11.64 12.07 11.62 253577
20140815 11.71 12.00 12.44 11.33 483259
20140818 12.04 11.93 12.08 11.80 280909
20140819 11.94 11.75 11.96 11.46 316346
20140820 11.71 11.78 11.90 11.60 180323
20140821 11.80 11.63 11.82 11.58 130541
20140822 11.70 11.57 11.70 11.43 148600
20140825 11.60 11.56 11.74 11.51 135318
20140826 11.58 11.11 11.65 10.98 236775
20140827 11.11 10.91 11.15 10.82 160342
20140828 10.87 10.91 11.12 10.87 101760
20140829 10.99 11.12 11.16 10.80 107416
20140901 11.08 11.36 11.49 11.05 199294
20140902 11.44 11.79 11.79 11.28 272472
20140903 11.83 11.80 11.88 11.61 206740
20140904 11.84 12.57 12.85 11.83 632319
20140905 12.45 12.27 12.66 12.24 292583
20140909 12.22 12.00 12.22 11.67 374354
20140910 11.85 11.95 12.21 11.71 203543
20140911 11.93 12.39 12.52 11.73 400817
20140912 12.30 12.45 12.57 12.30 366451
20141020 13.65 12.99 13.65 12.30 769131
20141021 13.01 14.29 14.29 12.80 603011
20141022 14.87 14.75 15.28 14.45 753178
20141023 14.62 15.18 15.58 14.30 558090
20141024 14.96 15.37 16.08 14.82 529657
20141027 15.35 15.37 15.79 15.00 316964
20141028 15.54 15.24 15.81 14.72 446813
20141029 15.27 16.76 16.76 15.06 732422
20141030 16.70 16.52 16.86 16.37 432299
20141031 16.69 17.63 17.99 16.68 515466
20141103 19.30 19.39 19.39 18.87 365975
20141104 20.00 18.75 20.80 18.03 1245303
20141105 18.40 17.76 18.41 17.63 705012
20141106 17.55 17.79 18.15 17.47 439160
20141107 17.68 17.10 17.88 17.03 527686
20141110 17.13 17.38 17.40 16.82 445981
20141111 17.15 16.25 17.15 16.20 483303
20141112 16.20 16.82 16.96 16.10 351672
20141113 16.81 17.88 18.20 16.33 673136
20141114 17.77 17.70 18.06 17.25 349300
20141117 18.20 18.80 19.19 17.80 607483
20141118 18.85 19.97 20.49 18.60 761087
20141119 19.75 18.81 20.10 18.70 645759
20141120 18.51 19.35 19.59 18.08 564166
20141121 19.30 19.10 19.85 19.09 452245
20141124 19.20 19.23 19.99 18.53 450863
20141125 19.24 19.32 19.78 18.92 327194
20141126 19.50 19.69 19.96 19.28 502129
20141127 19.50 19.20 19.75 19.05 415376
20141128 19.11 18.57 19.19 18.23 424232
20141201 18.20 18.06 18.50 17.71 343430
20141202 18.00 18.12 18.38 17.91 238377
20141203 18.25 17.79 18.35 17.63 366223
20141204 17.79 18.51 18.76 17.61 431500
20141205 18.01 18.81 19.00 18.00 534821
20141208 19.57 20.69 20.69 19.57 786957
20141209 20.86 19.99 22.60 19.20 921177
20141210 19.60 21.54 21.80 19.51 606688
20141211 21.54 21.47 22.40 20.88 572539
20141212 21.39 20.15 21.40 20.05 421576
20141215 21.35 20.24 21.35 19.95 504681
20141216 20.26 19.55 20.38 19.00 435061
20141217 19.35 19.17 19.90 19.00 384902
20141218 19.10 18.70 19.10 18.56 314024
20141219 18.65 17.90 18.98 17.69 337193
20141222 18.19 18.71 18.78 16.48 436150
20141223 18.30 17.82 18.80 17.79 244007
20141224 17.90 18.00 18.35 17.10 261472
20141225 17.91 18.00 18.24 17.70 167984
20141226 18.03 18.48 18.68 18.02 288068
20141229 18.79 17.78 18.79 17.65 234100
20141230 17.72 16.73 17.72 16.67 277442
20141231 16.90 16.93 17.05 16.38 200680
20150105 16.97 16.79 17.28 16.60 190107
20150106 16.78 17.02 17.05 16.50 178766
20150107 17.08 17.62 17.84 17.08 247075
20150108 17.65 17.90 18.15 17.41 219793
20150109 17.80 17.55 18.15 17.50 179782
20150112 17.55 17.53 17.80 17.02 127019
20150113 17.45 17.22 17.60 17.12 102182
20150114 17.47 17.03 17.47 16.80 102465
20150115 17.03 16.98 17.13 16.80 110902
20150116 16.99 18.03 18.27 16.80 312894
20150119 17.91 17.91 18.58 17.30 337554
20150120 17.93 18.39 18.43 17.79 266760
20150121 18.49 18.94 19.33 18.01 384583
20150122 18.93 20.10 20.10 18.80 466420
20150123 20.33 20.20 20.57 19.82 412194
20150126 20.30 21.04 21.94 20.08 410937
20150127 21.20 21.08 21.43 20.50 279997
20150128 21.10 20.93 21.98 20.93 316909
20150129 20.96 20.70 21.34 20.52 231681
20150130 20.71 19.90 20.99 19.90 214443
20150202 19.80 18.98 19.80 18.98 177535
20150203 19.10 19.10 19.39 18.75 171161
20150204 19.21 19.25 19.74 19.15 141650
20150205 19.50 19.06 19.68 19.00 118449
20150206 19.50 19.40 19.55 18.80 139169
20150209 19.68 18.80 19.74 18.60 206284
20150210 19.05 18.99 19.05 18.69 109142
20150211 19.05 20.20 20.46 19.05 240859
20150212 20.25 20.22 20.38 19.88 133603
20150213 20.27 20.19 20.43 20.00 154758
20150216 20.22 20.49 20.68 20.02 175103
20150217 20.50 20.89 21.26 20.34 153840
20150225 20.83 20.60 21.19 20.60 114559
20150226 20.65 20.80 21.44 20.11 214306
20150227 20.68 20.70 20.86 20.36 140875
20150302 20.75 20.58 20.91 20.36 162399
20150303 20.50 20.08 20.58 20.00 152167
20150304 19.99 20.10 20.30 19.76 137219
20150305 20.06 20.58 20.77 20.00 175852
20150306 20.52 20.30 20.88 20.00 137151
20150309 20.33 20.63 20.75 20.01 150598
20150310 20.69 22.69 22.69 20.66 493406
20150311 23.41 23.37 24.00 22.88 505007
20150312 23.11 23.29 23.33 22.25 297909
20150313 23.37 23.26 23.98 23.01 216085
20150316 23.73 24.35 24.75 23.26 349424
20150317 24.38 24.30 24.96 24.03 311892
20150318 24.30 24.35 24.89 23.71 332795
20150319 24.13 24.66 24.85 23.82 273871
20150320 24.70 26.50 26.50 24.49 369755
20150323 27.80 27.71 28.29 27.20 755477
20150324 27.60 27.00 27.60 26.02 378958
20150325 27.83 27.04 28.86 27.03 551213
20150326 26.50 25.79 26.50 25.36 385207
20150327 25.77 25.76 26.20 25.50 179673
20150330 26.48 26.44 27.38 26.19 361344
20150331 26.49 25.75 26.68 25.51 309745
20150401 25.70 26.15 26.34 25.37 287297
20150402 26.30 25.95 26.32 25.75 251191
20150403 25.95 25.70 25.95 25.57 248285
20150407 25.72 26.18 26.29 25.67 350185
20150408 26.25 26.14 26.29 25.46 300793
20150409 26.10 25.40 26.13 25.00 228771
20150410 25.41 26.75 26.85 25.41 397097
20150413 26.96 27.39 27.80 26.46 396724
20150414 27.50 28.23 28.55 27.13 382783
20150415 27.50 25.97 27.98 25.65 389753
20150416 25.80 25.95 26.50 25.10 205773
20150417 26.05 26.11 26.45 25.71 289697
20150420 26.79 27.02 27.50 26.11 480847
20150421 28.00 26.22 28.00 25.88 453887
20150422 26.11 26.39 27.50 25.90 532216
20150423 26.65 25.53 26.65 25.25 611397
20150424 24.92 24.40 24.92 24.08 530544
20150427 24.55 24.49 24.84 24.09 413899
20150428 24.50 23.59 24.60 23.25 370617
20150429 23.68 24.29 24.51 23.55 337587
20150430 24.29 24.96 25.37 24.29 427912
20150504 25.00 24.41 25.15 24.01 315900
20150505 23.98 23.55 24.11 23.52 283456
20150506 23.50 22.54 23.90 22.50 238258
20150507 22.00 21.26 22.49 21.12 262648
20150508 21.50 21.69 21.79 21.23 175704
20150511 21.90 22.60 22.67 21.59 293859
20150512 22.69 22.30 22.74 21.95 313603
20150513 22.30 21.90 22.30 21.80 246053
20150514 21.95 22.69 22.73 21.95 329112
20150515 22.86 23.12 23.79 22.68 349727
20150518 23.22 23.07 23.77 22.90 313659
20150519 23.07 24.31 24.39 23.07 490048
20150520 24.54 25.45 26.44 24.54 653448
20150521 26.28 28.00 28.00 25.80 775427
20150522 28.80 30.80 30.80 28.80 1371583
20150525 31.80 33.88 33.88 31.20 591299
20150526 36.00 35.09 37.12 34.35 730978
20150527 35.18 34.31 35.80 32.99 576780
20150528 34.31 30.88 35.21 30.88 573226
20150529 30.89 32.80 33.92 29.60 624800
20150601 32.99 34.80 35.21 32.85 562371
20150602 35.20 36.25 36.29 34.20 461419
20150603 36.80 39.88 39.88 36.28 522638
20150604 41.13 39.99 41.33 36.39 515144
20150605 40.60 39.32 42.00 38.80 347123
20150608 39.32 37.90 39.90 36.95 283116
20150609 38.15 38.90 40.22 37.90 276163
20150610 38.33 40.86 41.90 37.21 333026
20150611 42.30 44.95 44.95 41.80 224468
20150612 47.10 43.75 48.88 42.78 428788
20150615 43.74 44.88 47.65 43.13 377893
20150616 44.88 42.40 46.00 40.39 347326
20150617 41.50 45.40 46.46 40.20 379928
20150618 46.00 45.09 47.84 44.34 245566
20150619 43.50 42.60 45.70 40.95 268651
20150623 42.29 41.25 42.50 38.34 266906
20150624 41.01 39.89 41.50 38.30 326724
20150625 39.87 36.74 39.87 36.00 367403
20150626 35.56 33.07 35.58 33.07 206386
20150629 33.00 29.76 33.00 29.76 310821
20150714 30.00 32.00 32.73 27.00 966982
20150715 30.01 28.80 30.50 28.80 102117
20150717 26.10 29.14 30.55 25.92 1012858
20150720 28.17 27.31 29.34 27.23 731925
20150721 25.80 26.38 27.27 24.61 681147
20150722 26.50 29.02 29.02 26.50 836696
20150723 29.79 30.30 31.80 28.58 891957
20150724 30.00 28.67 30.25 28.31 755053
20150727 27.43 25.80 28.38 25.80 486346
20150728 23.22 23.22 24.93 23.22 841960
20150729 25.06 25.54 25.54 24.53 1123194
20150730 26.01 25.45 26.74 25.35 1087711
