20140102 11.35 11.73 11.76 11.35 22065
20140103 11.72 12.42 12.49 11.72 75310
20140106 13.66 13.17 13.66 13.03 136171
20140107 13.17 12.70 13.50 12.49 94943
20140108 12.50 12.70 12.86 12.35 56979
20140109 12.63 12.00 12.65 11.85 72056
20140110 11.90 12.01 12.23 11.77 34054
20140113 12.06 12.05 12.26 11.85 22818
20140114 12.09 12.37 12.37 12.00 30251
20140115 12.56 12.93 13.06 12.45 83482
20140116 12.91 12.93 13.17 12.63 59386
20140117 12.75 12.48 12.89 12.45 43985
20140120 12.51 12.23 12.59 12.09 28878
20140121 12.21 12.43 12.47 12.18 26812
20140122 12.40 12.55 12.66 12.35 36917
20140123 12.64 12.88 12.97 12.59 65243
20140124 12.88 12.78 13.06 12.73 66173
20140127 12.65 12.78 12.90 12.56 46768
20140128 12.79 12.44 12.84 12.42 36333
20140129 12.35 12.32 12.39 12.08 35330
20140130 12.24 12.13 12.34 12.10 21643
20140207 12.01 12.75 12.77 11.97 56530
20140210 13.09 12.80 13.09 12.65 182539
20140211 12.78 12.58 13.10 12.54 154037
20140212 12.61 12.57 12.69 12.36 152953
20140213 12.53 12.25 12.53 12.23 118958
20140214 12.25 12.44 12.44 12.23 162208
20140217 12.68 12.40 12.79 12.32 269325
20140218 12.39 13.28 13.54 12.24 480406
20140219 13.05 12.96 13.34 12.88 322393
20140220 13.07 13.08 13.47 12.92 281573
20140221 13.11 13.05 13.43 12.86 195428
20140224 13.12 13.54 13.55 13.00 352553
20140225 13.59 12.95 13.73 12.79 268379
20140226 12.89 12.63 12.89 12.20 132314
20140227 12.63 12.13 12.77 12.12 108821
20140228 12.16 12.38 12.46 12.10 79609
20140303 12.35 12.47 12.53 12.26 67380
20140304 12.38 12.23 12.38 12.01 84452
20140305 12.28 12.22 12.42 12.16 59515
20140306 12.11 12.42 12.49 12.11 82008
20140307 12.37 12.24 12.49 12.13 54108
20140310 12.17 11.48 12.18 11.42 88146
20140311 11.41 11.58 11.65 11.33 47972
20140312 11.53 11.28 11.58 11.17 48516
20140313 11.25 11.48 11.55 11.25 45706
20140314 11.40 11.43 11.48 11.28 32333
20140317 11.39 11.70 11.73 11.39 35448
20140318 11.69 11.65 11.80 11.62 32778
20140319 11.64 11.78 11.83 11.39 51955
20140320 11.75 11.58 11.89 11.58 37596
20140321 11.50 11.81 11.81 11.38 47847
20140324 11.81 12.02 12.15 11.75 74997
20140325 12.01 11.99 12.11 11.87 26849
20140326 12.01 11.79 12.07 11.76 37348
20140327 11.75 11.84 12.07 11.73 47996
20140328 11.86 11.67 11.94 11.38 39720
20140331 11.61 11.54 11.64 11.36 21579
20140401 11.46 11.58 11.59 11.46 24825
20140402 11.56 11.43 11.61 11.38 21778
20140403 11.43 11.55 11.59 11.40 24575
20140404 11.51 11.57 11.57 11.41 20002
20140408 11.52 11.67 11.68 11.45 26525
20140409 11.66 11.85 11.86 11.65 30692
20140410 11.80 12.03 12.16 11.80 83844
20140411 11.94 11.94 12.00 11.86 24438
20140414 11.92 11.95 11.95 11.72 29079
20140415 11.87 11.94 11.94 11.83 20915
20140416 11.89 12.01 12.07 11.89 22831
20140417 12.10 12.09 12.10 11.95 40365
20140418 12.04 12.09 12.10 11.99 27027
20140421 12.00 11.98 12.09 11.82 30019
20140422 11.92 12.13 12.13 11.75 34694
20140423 12.12 12.34 12.40 12.08 71394
20140424 12.34 12.42 12.46 12.17 66882
20140425 12.47 12.15 12.70 12.14 106555
20140428 11.89 10.94 11.89 10.94 86574
20140429 10.79 10.88 11.00 10.70 52411
20140430 10.88 10.97 11.04 10.75 38567
20140505 10.92 11.08 11.12 10.88 33707
20140506 11.00 10.94 11.19 10.89 41854
20140507 10.95 10.97 11.08 10.90 30318
20140508 10.98 10.81 11.04 10.79 35158
20140509 10.81 10.81 10.91 10.66 22734
20140512 10.90 11.02 11.05 10.81 28278
20140513 11.04 11.07 11.15 10.99 39515
20140514 11.08 11.07 11.12 11.00 14814
20140515 11.10 11.00 11.10 10.89 18899
20140516 11.00 10.96 11.00 10.82 11792
20140519 10.84 10.96 10.98 10.80 27040
20140520 10.97 10.91 11.06 10.90 13411
20140521 10.97 11.09 11.09 10.93 19291
20140522 11.08 11.01 11.13 11.00 19648
20140523 11.02 11.08 11.08 10.97 15097
20140526 11.12 11.30 11.34 11.12 46658
20140527 5.64 5.50 5.65 5.46 59415
20140528 5.49 5.56 5.58 5.46 49982
20140529 5.56 5.42 5.58 5.42 40577
20140530 5.42 5.40 5.45 5.29 42697
20140603 5.40 5.35 5.42 5.33 27319
20140604 5.34 5.39 5.40 5.33 27771
20140605 5.41 5.39 5.42 5.30 38710
20140606 5.39 5.37 5.39 5.34 18749
20140609 5.39 5.33 5.39 5.32 25421
20140610 5.36 5.37 5.37 5.33 23368
20140611 5.36 5.32 5.36 5.29 34551
20140612 5.33 5.22 5.34 5.21 50160
20140613 5.23 5.30 5.31 5.22 40153
20140616 5.30 5.31 5.33 5.29 26124
20140617 5.31 5.21 5.32 5.18 58723
20140618 5.22 5.22 5.24 5.08 69789
20140619 5.23 5.15 5.23 5.07 46807
20140620 5.16 5.14 5.16 5.08 37062
20140623 5.15 5.22 5.25 5.13 40428
20140624 5.21 5.35 5.35 5.18 46881
20140625 5.34 5.54 5.64 5.34 174880
20140626 5.55 5.54 5.59 5.44 128082
20140627 5.55 5.53 5.62 5.45 53209
20140630 5.54 5.55 5.57 5.49 39628
20140701 5.54 5.53 5.56 5.45 44391
20140702 5.51 5.53 5.55 5.48 41598
20140703 5.54 5.76 5.80 5.51 105791
20140709 5.90 5.59 5.99 5.57 141442
20140710 5.52 5.63 5.65 5.37 57041
20140711 5.64 5.76 5.81 5.56 80316
20140714 5.80 5.77 5.82 5.62 57553
20140715 5.77 5.67 5.80 5.60 56649
20140716 5.67 5.57 5.67 5.55 45620
20140717 5.55 5.55 5.57 5.49 27184
20140718 5.53 5.55 5.61 5.52 30333
20140721 5.56 5.53 5.58 5.50 27547
20140722 5.54 5.56 5.59 5.50 27988
20140723 5.57 5.47 5.58 5.47 33384
20140724 5.48 5.52 5.54 5.30 45632
20140725 5.56 5.53 5.56 5.49 26600
20140728 5.53 5.66 5.68 5.53 66706
20140729 5.68 5.69 5.72 5.60 48136
20140730 5.70 5.79 5.87 5.70 107528
20140731 5.81 5.75 5.82 5.72 87720
20140801 5.73 5.69 5.82 5.68 77274
20140804 5.68 5.79 5.80 5.67 83946
20140805 5.80 5.81 5.86 5.74 83522
20140806 5.80 5.82 5.87 5.76 57575
20140807 5.83 5.89 5.95 5.82 114176
20140808 5.89 5.89 5.92 5.82 55241
20140811 5.91 6.12 6.16 5.87 214494
20140812 6.14 6.36 6.38 6.11 227820
20140813 6.40 6.22 6.45 6.22 233451
20140814 6.32 6.67 6.84 6.28 415049
20140815 6.69 6.78 6.90 6.48 336896
20140818 6.78 6.80 6.82 6.69 271158
20140819 6.80 6.73 6.89 6.69 225466
20140820 6.72 6.62 6.72 6.50 263127
20140821 6.59 6.62 6.64 6.48 110145
20140822 6.60 6.63 6.66 6.51 142133
20140825 6.62 6.80 6.82 6.58 207581
20140826 6.78 6.70 6.86 6.59 146819
20140827 6.64 6.64 6.73 6.63 64131
20140828 6.64 6.48 6.68 6.44 104165
20140829 6.47 6.53 6.60 6.43 79043
20140901 6.54 6.71 6.74 6.50 134404
20140902 6.70 6.76 6.80 6.69 125737
20140903 6.78 7.13 7.21 6.78 386655
20140904 7.14 7.16 7.26 7.01 288008
20140905 7.15 7.16 7.19 7.04 160602
20140909 7.16 7.11 7.18 7.09 131271
20140910 7.12 7.08 7.12 6.92 119392
20140911 7.08 7.14 7.24 7.04 171796
20140912 7.16 7.40 7.40 7.01 335384
20140915 7.38 7.55 7.83 7.31 316653
20140916 7.50 7.79 8.25 7.49 490778
20140917 7.81 7.76 7.89 7.50 271614
20140918 7.76 8.11 8.16 7.63 261542
20140919 8.16 8.11 8.16 7.95 199314
20140922 8.07 7.84 8.07 7.69 207344
20140923 7.80 8.35 8.41 7.72 277570
20140924 8.39 8.30 8.59 8.21 287184
20140925 8.36 8.24 8.40 8.15 217830
20140926 8.20 8.25 8.33 8.15 113157
20140929 8.28 8.40 8.57 8.28 194182
20140930 8.45 8.69 8.79 8.35 184369
20141008 8.82 8.95 9.03 8.66 132491
20141009 9.00 9.24 9.30 8.88 183932
20141010 9.34 9.16 9.34 9.10 116147
20141013 9.16 8.92 9.16 8.66 172563
20141014 8.94 8.95 9.17 8.83 107587
20141015 9.05 8.92 9.08 8.76 75517
20141016 8.85 8.45 8.85 8.45 167756
20141017 8.45 8.56 8.60 8.08 175123
20141020 8.57 8.63 8.82 8.53 100299
20141021 8.74 8.63 8.74 8.40 109526
20141022 8.65 8.66 8.72 8.57 83972
20141023 8.66 8.71 8.90 8.47 92885
20141024 8.75 8.78 8.86 8.58 83674
20141027 8.80 8.59 8.82 8.35 130415
20141028 8.63 8.59 8.64 8.41 212836
20141029 8.60 8.50 8.62 8.43 184116
20141030 8.70 8.80 9.14 8.70 371235
20141031 8.82 8.83 8.93 8.73 157581
20141103 8.87 9.27 9.28 8.86 307762
20141104 9.29 9.29 9.37 9.14 216421
20141105 9.30 9.38 9.47 9.28 217214
20141106 9.38 9.35 9.60 9.26 159741
20141107 9.39 9.01 9.39 8.99 153084
20141110 9.03 8.87 9.08 8.79 120926
20141111 8.86 8.81 9.08 8.55 151555
20141112 8.81 8.81 8.95 8.57 95774
20141113 8.80 8.76 8.93 8.66 118587
20141114 8.76 8.75 8.82 8.60 113968
20141117 8.70 9.13 9.25 8.50 227916
20141118 9.06 9.07 9.29 8.95 159034
20141119 9.07 8.99 9.12 8.88 81771
20141120 9.09 9.02 9.14 8.95 115923
20141121 9.08 8.96 9.08 8.88 92762
20141124 8.94 9.05 9.31 8.91 203785
20141125 9.05 8.96 9.10 8.88 134797
20141126 8.96 9.00 9.20 8.92 123288
20141127 9.18 9.01 9.18 8.89 171226
20141128 9.04 9.13 9.21 8.98 204411
20141201 9.19 10.04 10.04 9.19 444039
20141202 10.04 10.21 10.48 9.92 321983
20141203 10.20 10.20 10.30 9.83 306439
20141204 10.18 10.04 10.64 9.97 336370
20141205 9.95 9.29 9.95 9.04 253597
20141208 9.21 9.31 9.60 9.10 330444
20141209 9.31 9.12 9.31 8.95 225757
20141210 9.07 9.23 9.27 9.03 107971
20141211 9.24 9.27 9.32 9.11 81890
20141212 9.31 9.81 9.98 9.31 187953
20141215 9.91 10.00 10.10 9.74 139739
20141216 10.00 9.82 10.18 9.77 92272
20141217 9.70 9.63 9.80 9.44 107659
20141218 9.63 9.55 9.64 9.35 97962
20141219 9.51 9.59 9.72 9.37 153174
20141222 9.54 8.63 9.55 8.63 192176
20141223 8.70 8.93 8.98 8.48 160480
20141224 9.10 9.02 9.13 8.81 62865
20141225 9.02 8.91 9.05 8.90 37453
20141226 8.92 8.89 8.96 8.68 92180
20141229 8.87 8.71 8.87 8.56 106579
20141230 8.70 8.67 8.76 8.65 80366
20141231 8.68 8.68 8.68 8.50 67090
20150105 8.70 8.59 8.73 8.43 64292
20150106 8.59 8.59 8.66 8.42 119551
20150107 8.50 8.50 8.65 8.34 140506
20150108 8.51 8.40 8.53 8.31 135958
20150109 8.41 8.41 8.45 8.30 76301
20150112 8.39 8.58 8.63 8.37 91481
20150113 8.64 8.82 8.87 8.64 89590
20150114 8.81 8.72 8.91 8.59 85070
20150115 8.75 8.79 8.89 8.68 66401
20150116 8.80 9.20 9.27 8.80 164647
20150119 9.16 8.93 9.36 8.80 160075
20150120 9.00 9.26 9.30 9.00 126191
20150121 9.30 9.63 9.89 9.30 172802
20150122 9.68 9.71 9.90 9.60 110768
20150123 9.88 9.95 9.97 9.34 183943
20150126 9.90 9.79 9.95 9.68 135155
20150127 9.87 9.75 9.92 9.54 116248
20150128 9.71 9.52 9.71 9.45 80870
20150129 9.51 9.44 9.51 9.37 61393
20150130 9.46 9.43 9.59 9.39 72407
20150202 9.42 9.55 9.60 9.37 60279
20150203 9.58 9.71 9.79 9.58 48765
20150204 9.73 9.70 9.94 9.60 60464
20150205 9.73 9.77 9.93 9.48 125881
20150206 9.77 9.71 9.82 9.64 46963
20150209 9.72 9.71 9.78 9.62 42892
20150210 9.71 9.71 9.77 9.64 34630
20150211 9.70 9.92 9.95 9.70 70057
20150212 9.92 10.03 10.10 9.90 71395
20150213 10.06 10.19 10.24 10.03 74203
20150216 10.23 10.28 10.35 10.19 62481
20150217 10.28 10.28 10.47 10.23 80455
20150225 10.34 10.01 10.34 9.98 59258
20150226 10.03 10.22 10.34 10.02 52232
20150227 10.22 10.54 10.82 10.22 88142
20150302 10.64 10.95 11.58 10.64 103281
20150303 10.63 10.98 11.09 10.63 110989
20150304 11.00 10.96 11.11 10.75 80281
20150305 10.97 11.25 11.35 10.80 129857
20150306 11.30 11.44 11.69 11.30 113776
20150309 11.46 11.44 11.52 11.24 84966
20150310 11.46 11.33 11.75 11.26 72642
20150311 11.33 11.08 11.34 11.07 63712
20150312 11.10 11.75 12.10 11.10 176547
20150313 11.85 11.77 11.85 11.56 73364
20150316 11.77 11.84 11.98 11.77 67059
20150317 11.84 11.88 12.14 11.77 74384
20150318 11.85 11.81 11.98 11.67 73707
20150319 11.76 11.67 11.77 11.60 98313
20150320 11.75 11.85 11.95 11.66 114380
20150323 12.04 12.00 12.22 11.82 122928
20150324 12.01 11.99 12.04 11.39 130587
20150325 11.98 11.84 12.00 11.73 83098
20150326 11.85 11.88 12.05 11.68 111775
20150327 11.80 11.81 11.95 11.64 89037
20150330 11.87 11.80 12.06 11.74 96916
20150331 11.85 12.07 12.13 11.69 178401
20150401 12.06 13.28 13.28 12.05 245285
20150402 13.75 14.48 14.58 13.51 304085
20150403 14.60 14.40 14.61 14.05 204281
20150407 14.39 15.79 15.81 14.03 232913
20150408 15.71 15.60 16.05 15.13 180856
20150409 15.65 15.66 15.98 14.81 149159
20150410 15.60 15.61 15.77 15.20 168775
20150413 15.58 16.37 16.80 15.36 208148
20150414 16.38 17.11 17.38 16.18 170644
20150415 17.50 16.84 17.50 16.39 133563
20150416 16.84 18.17 18.52 16.51 233573
20150417 18.30 17.84 18.68 17.76 158025
20150420 17.84 17.65 18.25 17.40 145950
20150421 17.70 17.94 18.10 17.48 139607
20150422 18.20 18.68 18.99 18.03 151581
20150423 18.68 18.37 18.87 18.20 120386
20150424 18.48 17.86 18.48 17.65 117693
20150427 18.10 17.65 18.64 17.55 109436
20150428 17.79 17.68 18.06 17.32 112020
20150429 17.75 17.79 17.95 17.00 143036
20150430 17.80 17.79 18.10 17.57 120542
20150504 17.81 17.30 17.94 17.20 116827
20150505 17.33 16.87 17.50 16.41 133866
20150506 16.97 16.88 17.19 16.75 73265
20150507 16.90 16.80 17.04 16.47 49530
20150508 16.85 17.17 17.25 16.80 111597
20150511 17.32 18.36 18.70 17.13 203804
20150512 18.68 19.67 19.98 18.30 193915
20150513 19.70 19.33 19.90 19.19 131595
20150514 19.36 19.04 19.73 18.86 113277
20150515 19.09 18.39 19.16 18.36 87089
20150518 18.38 18.39 18.78 18.10 81666
20150519 18.48 19.00 19.14 18.04 164201
20150520 19.06 18.52 19.91 18.40 248548
20150521 18.53 18.49 18.89 17.95 207793
20150522 18.57 18.48 18.77 18.30 169857
20150525 18.50 19.85 19.99 18.30 291327
20150526 19.91 20.13 20.49 19.55 241646
20150527 20.17 19.45 20.39 19.25 250205
20150528 19.38 18.14 19.39 18.01 251446
20150529 18.08 18.30 18.60 17.03 171521
20150601 18.32 18.72 19.00 18.25 143894
20150602 18.85 19.08 19.13 18.40 177594
20150603 19.11 19.13 19.32 18.71 237420
20150604 19.13 20.32 20.43 18.55 312567
20150605 20.58 19.98 20.98 19.35 482394
20150608 19.90 19.10 19.90 18.94 262707
20150609 19.11 19.14 19.48 18.75 155381
20150610 19.18 19.29 19.47 19.00 169848
20150611 19.32 19.32 19.50 18.88 190018
20150612 19.40 19.63 19.70 19.29 286594
20150615 19.70 21.05 21.58 19.66 578642
20150616 21.53 21.69 22.55 20.63 504528
20150617 21.71 21.68 22.40 20.00 350215
20150618 21.77 21.64 22.22 21.22 349480
20150619 21.30 19.87 21.30 19.48 241433
20150623 19.76 19.29 19.86 17.92 195549
20150624 19.32 19.29 19.75 18.70 188036
20150625 19.32 18.18 19.49 18.00 162056
20150626 17.97 18.00 18.40 16.36 226179
20150629 18.35 16.20 18.90 16.20 194281
20150630 16.18 17.09 17.50 14.58 230666
20150701 17.03 15.70 17.03 15.38 168804
20150702 15.70 14.13 15.70 14.13 107949
20150703 13.20 12.72 13.70 12.72 114091
