20140102 7.53 7.71 7.72 7.53 21362
20140103 7.67 7.78 7.82 7.60 26969
20140106 7.75 7.66 8.05 7.58 46680
20140107 7.55 7.89 7.94 7.48 30995
20140108 7.88 8.21 8.25 7.82 62617
20140109 8.16 8.02 8.18 7.81 31452
20140110 7.91 8.24 8.35 7.90 40925
20140113 8.26 8.25 8.39 8.12 35923
20140114 8.23 8.47 8.65 8.05 38642
20140115 8.50 8.46 8.74 8.32 26952
20140116 8.42 8.20 8.53 8.15 28085
20140117 8.21 8.84 8.87 8.10 48766
20140120 8.62 8.49 8.85 8.35 37611
20140121 8.43 8.70 9.00 8.42 45749
20140122 8.63 8.96 9.10 8.58 41379
20140123 8.90 9.08 9.09 8.81 30077
20140124 9.12 9.29 9.64 9.06 52765
20140623 10.22 10.22 10.22 10.22 447
20140624 11.24 11.24 11.24 11.24 263
20140625 12.36 12.36 12.36 12.36 687
20140626 13.60 13.60 13.60 13.60 423
20140627 14.96 14.96 14.96 14.96 644
20140630 16.46 16.46 16.46 16.46 714
20140701 18.11 18.11 18.11 18.11 1010
20140702 19.92 19.92 19.92 19.92 5416
20140703 21.91 21.91 21.91 21.91 35944
20140709 24.10 24.10 24.10 24.01 142246
20140710 24.98 26.51 26.51 24.11 183115
20140711 27.17 27.60 28.28 26.55 179124
20140714 26.88 26.00 27.30 25.50 115001
20140715 25.62 26.30 26.48 24.98 116773
20140716 25.87 23.95 25.87 23.67 125427
20140717 23.89 24.23 24.54 23.71 61073
20140718 24.03 22.30 24.25 22.00 92808
20140721 22.10 22.44 22.76 21.56 63183
20140722 22.15 22.80 22.84 22.00 51526
20140723 22.90 22.31 22.90 21.70 53545
20140724 22.00 21.73 22.22 21.47 41407
20140725 21.67 22.15 22.95 21.67 50406
20140728 22.26 23.03 23.15 22.11 62093
20140729 23.19 23.15 23.30 22.63 61853
20140730 23.00 24.86 25.30 22.84 104338
20140731 24.39 24.28 24.60 24.01 50938
20140801 24.20 22.38 24.87 22.15 79439
20140804 22.30 22.69 22.77 21.92 42524
20140805 22.42 22.48 22.97 22.05 36523
20140806 22.33 23.00 23.00 22.19 33833
20140807 23.25 24.15 24.28 22.72 88354
20140808 23.80 24.15 24.66 23.70 55212
20140811 24.34 23.99 24.45 23.74 37496
20140812 24.00 24.30 24.95 23.70 41418
20140813 24.05 23.61 24.05 23.37 34007
20140814 23.50 22.94 23.50 22.82 32335
20140815 22.72 22.94 23.33 22.61 18969
20140818 22.82 23.45 23.79 22.75 27990
20140819 23.67 23.57 24.30 23.35 38387
20140820 23.46 23.05 23.50 22.81 27558
20140821 23.05 23.41 23.47 22.75 25209
20140822 23.24 23.00 23.25 22.80 21005
20140825 23.00 23.17 23.85 22.87 29222
20140826 23.30 22.27 23.79 22.10 34713
20140827 22.00 22.29 22.70 21.80 18859
20140828 22.33 22.28 22.50 21.84 18789
20140829 22.30 22.57 22.60 22.10 13658
20140901 22.78 22.80 23.29 21.00 27872
20140902 22.83 22.93 23.00 22.30 34255
20140903 22.86 23.59 23.87 22.82 67631
20140904 23.59 23.30 23.75 23.12 42919
20140905 23.30 23.17 23.55 23.03 31920
20140909 23.30 23.40 23.45 22.77 25868
20140910 23.26 24.28 24.36 23.05 73714
20140911 24.27 23.44 24.50 23.20 59774
20140912 23.33 23.58 23.97 23.25 32672
20140915 23.59 24.45 24.47 23.50 63158
20140916 24.54 23.18 24.55 23.16 57652
20140917 23.40 22.66 23.40 22.23 33820
20140918 22.66 22.57 22.96 22.45 16470
20140919 22.47 23.04 23.17 22.47 22721
20140922 23.03 22.85 23.40 22.81 21533
20140923 22.99 22.86 23.28 22.84 19675
20140924 22.86 23.09 23.22 22.50 39957
20140925 23.00 23.73 23.98 22.89 55160
20140926 24.17 23.49 24.17 23.35 34086
20140929 23.41 23.05 23.90 23.05 36876
20140930 22.98 23.90 24.10 22.65 67111
20141008 23.70 23.81 23.90 23.52 27742
20141009 23.82 23.90 24.20 23.65 39808
20141010 23.86 24.49 24.67 23.86 77647
20141013 24.35 24.65 24.88 24.12 44308
20141014 24.65 23.99 24.66 23.85 48688
20141015 23.96 23.81 24.17 23.40 25082
20141016 23.61 23.34 24.07 23.31 18894
20141017 23.03 22.35 23.50 21.50 32565
20141020 22.36 22.58 23.30 22.31 20888
20141021 22.42 21.86 22.53 21.55 31035
20141022 21.98 21.75 21.98 21.60 16137
20141023 21.56 20.41 21.73 20.00 30273
20141024 20.49 20.53 20.77 20.33 12924
20141027 20.60 20.70 20.89 20.23 9829
20141028 20.73 21.22 21.29 20.61 18530
20141029 21.13 21.41 21.61 21.13 17519
20141030 21.42 21.64 21.80 21.20 15145
20141031 21.82 21.28 21.82 21.13 13580
20141103 21.28 20.61 21.39 20.51 25111
20141104 20.55 20.09 20.77 20.01 31772
20141105 20.03 20.40 20.42 20.03 13317
20141106 20.41 20.58 20.66 20.33 13014
20141107 20.60 20.16 20.65 20.12 15413
20141110 19.90 19.86 20.25 19.77 21868
20141111 19.86 20.82 21.43 19.80 39246
20141112 20.72 20.55 20.72 20.20 19936
20141113 20.54 20.05 20.54 20.00 16379
20141114 20.06 20.29 20.40 19.88 13201
20141117 20.25 20.55 20.69 20.00 16454
20141118 20.45 20.56 20.78 20.33 13370
20141119 20.68 20.77 20.88 20.51 15519
20141120 20.53 20.38 20.64 20.21 15201
20141121 20.31 20.59 20.60 20.12 14100
20141124 20.59 20.06 20.73 19.95 40066
20141125 20.10 19.88 20.13 19.52 43344
20141126 19.90 20.93 21.00 19.68 48640
20141127 20.77 20.94 21.12 20.60 47508
20141128 20.93 20.60 21.10 20.50 31186
20141201 20.60 19.98 20.85 19.85 28321
20141202 19.97 19.97 20.37 19.90 40396
20141203 20.00 20.47 20.64 19.90 37474
20141204 20.51 21.00 21.09 20.29 48411
20141205 21.80 22.81 23.00 21.56 102203
20141208 22.85 22.62 23.09 21.85 46811
20141209 22.31 20.75 22.46 20.70 41279
20141210 20.50 22.15 22.25 20.15 29986
20141211 22.00 22.75 22.80 21.61 33117
20141212 22.84 22.75 23.08 22.61 24301
20141215 22.60 22.78 22.95 22.40 22096
20141216 22.68 22.78 23.10 22.53 22939
20141217 22.68 22.06 22.72 21.73 28176
20141225 21.00 21.22 22.70 20.40 53640
20141226 22.00 21.10 22.05 21.10 28297
20141229 21.45 18.99 21.45 18.99 51671
20141230 18.67 18.07 19.24 18.06 24491
20141231 18.44 17.78 18.58 17.72 23346
20150105 17.85 17.92 18.13 17.52 19175
20150106 17.83 18.45 18.63 17.79 16375
20150107 18.45 18.46 18.55 18.24 10896
20150108 18.45 18.13 18.45 17.80 17493
20150109 17.94 17.97 18.26 17.94 10343
20150112 17.98 17.77 17.99 17.61 8889
20150113 17.75 18.19 18.19 17.65 9812
20150114 18.21 18.30 18.78 18.16 14284
20150115 18.19 18.31 18.48 18.19 7610
20150116 18.53 18.79 18.99 18.42 15151
20150119 18.41 17.80 18.41 16.91 21155
20150120 17.83 18.20 18.35 17.83 12152
20150121 18.39 18.79 18.89 18.23 21047
20150122 18.70 20.06 20.25 18.67 39936
20150123 20.00 19.63 20.20 19.60 21379
20150126 19.33 19.60 19.76 19.33 15557
20150128 18.90 19.75 19.97 18.90 32750
20150129 19.60 20.00 20.46 19.55 18824
20150130 19.92 19.26 20.17 19.16 13314
20150202 19.20 18.90 19.20 18.82 8714
20150203 19.06 19.03 19.29 18.71 15253
20150204 19.10 19.98 19.98 19.02 24748
20150205 19.90 20.25 20.68 19.71 23538
20150206 20.48 19.71 20.48 19.50 12440
20150209 19.64 19.27 19.89 19.16 8094
20150210 19.15 19.22 19.45 19.11 5688
20150211 19.30 19.48 19.60 19.30 8458
20150212 19.62 19.90 20.07 19.43 8137
20150213 20.26 20.09 20.29 20.03 8285
20150216 20.10 20.67 20.84 20.09 19382
20150217 20.80 20.60 20.88 20.45 12912
20150225 20.60 20.71 20.93 20.46 10888
20150226 20.63 21.18 21.40 20.63 16425
20150227 21.18 21.12 21.39 20.91 12295
20150302 21.18 21.11 21.37 20.91 14423
20150303 20.93 20.56 21.08 20.54 16010
20150304 20.50 20.78 20.87 20.50 10753
20150305 20.78 20.68 20.83 20.60 11468
20150306 20.70 21.34 21.71 20.67 27463
20150309 21.05 21.02 21.23 20.61 13827
20150310 21.25 21.86 22.06 21.10 26819
20150311 21.96 22.95 22.95 21.96 33336
20150312 23.75 22.06 23.75 21.80 34874
20150313 22.11 22.40 22.84 22.11 13246
20150316 22.52 23.52 23.52 22.52 25464
20150317 23.88 24.27 24.68 23.51 35612
20150318 24.38 24.60 24.72 23.78 25171
20150319 24.60 25.22 25.79 24.45 24582
20150320 25.46 26.48 26.48 25.46 28440
20150323 27.10 27.28 27.80 27.00 53199
20150324 27.10 26.13 27.10 25.92 63106
20150325 26.13 25.49 26.20 25.00 38834
20150326 25.32 24.72 25.48 24.28 30867
20150327 24.66 25.96 25.96 24.40 27710
20150330 26.54 25.35 26.57 25.13 42298
20150331 24.95 25.11 25.95 24.95 22985
20150401 25.00 25.91 26.30 25.00 34811
20150402 25.99 26.42 26.50 25.58 32471
20150403 26.02 26.52 26.99 26.00 29448
20150407 26.40 26.20 26.71 26.01 29389
20150408 26.30 25.58 26.30 25.11 32649
20150409 25.39 26.86 26.86 25.15 39860
20150410 26.80 27.88 28.20 26.68 65826
20150413 27.89 28.13 28.38 27.38 36060
20150414 28.14 27.65 28.23 27.20 23407
20150415 27.64 29.03 29.03 27.50 39057
20150508 27.58 27.58 27.58 27.58 1281
20150511 26.20 26.20 26.20 26.20 3955
20150512 24.89 24.89 24.89 24.89 5479
20150513 23.65 23.65 23.65 23.65 9349
20150514 22.47 24.65 24.83 22.47 332205
20150515 23.70 23.59 24.58 23.42 182309
20150518 23.39 23.80 24.30 23.25 79847
20150519 23.82 24.07 24.30 23.68 61183
20150520 24.08 24.25 25.06 23.95 76796
20150521 24.07 24.67 24.88 23.96 65270
20150522 24.70 25.90 25.90 24.70 55570
20150525 27.20 27.20 27.20 27.20 4258
20150526 28.56 28.56 28.56 27.81 79755
20150527 29.99 29.99 29.99 29.99 7012
20150528 31.49 31.29 31.49 30.64 71497
20150529 29.73 29.73 30.72 29.73 127861
20150601 29.60 31.00 31.22 28.36 112220
20150602 31.02 30.80 32.29 30.11 71500
20150603 30.80 32.34 32.34 30.58 69466
20150604 33.47 31.30 33.49 30.72 60123
20150605 31.56 31.30 32.50 30.31 53026
20150608 31.61 32.87 32.87 30.60 58481
20150715 31.23 31.23 31.23 31.23 417
20150716 29.67 29.67 29.67 29.67 36
20150717 28.19 28.19 28.19 28.19 756
20150720 26.78 26.78 26.78 26.78 555
20150721 25.44 25.44 25.44 25.44 1009
20150722 24.17 24.17 24.17 24.17 1465
20150723 22.96 24.68 25.27 22.96 189970
20150724 23.85 23.70 24.77 23.45 96542
20150727 23.38 22.52 24.35 22.52 65481
20150728 21.40 21.39 22.33 21.39 42499
20150729 21.47 20.98 22.44 20.32 66807
20150730 20.60 20.35 21.70 20.20 61904
