20140102 39.97 39.78 40.33 39.45 9199
20140103 39.55 39.75 40.88 39.55 13204
20140106 39.10 38.13 39.48 37.91 11636
20140107 38.00 39.68 39.70 38.00 8877
20140108 39.80 40.10 40.21 39.22 8762
20140109 40.10 38.72 40.47 38.42 12845
20140110 38.50 37.85 39.38 37.00 14750
20140113 37.79 38.46 38.94 37.52 8140
20140114 38.40 38.75 38.78 37.69 8390
20140115 38.75 39.30 39.47 38.69 8122
20140116 39.50 38.85 39.80 38.65 6313
20140117 38.87 38.28 38.98 37.86 5542
20140120 38.28 37.21 38.63 36.91 9967
20140121 37.29 38.07 38.50 37.29 6289
20140122 38.02 39.28 40.50 38.00 10705
20140123 39.48 39.60 39.60 39.02 9200
20140124 39.60 39.95 40.40 39.19 8551
20140127 39.71 40.60 41.38 39.70 11718
20140128 40.61 40.08 41.29 39.50 7145
20140129 40.28 40.50 40.59 39.51 6249
20140130 40.33 40.11 41.50 40.01 5317
20140207 40.00 40.72 40.95 39.55 7070
20140210 40.80 43.91 44.76 40.50 23756
20140211 43.88 43.76 43.89 42.59 13337
20140212 43.70 44.56 45.07 43.20 11132
20140213 44.30 42.90 44.90 42.90 7784
20140214 42.71 43.66 43.98 42.53 4984
20140217 43.70 46.19 46.58 43.69 18344
20140218 46.37 45.60 46.90 45.37 10258
20140219 45.65 45.44 46.49 44.90 7687
20140220 45.50 45.16 45.99 44.23 6450
20140221 45.16 47.40 48.85 44.70 13759
20140224 47.46 49.08 49.77 47.05 16196
20140225 49.38 46.48 49.68 45.67 20067
20140226 46.40 44.41 46.79 42.00 29877
20140227 44.38 40.71 44.38 40.71 20748
20140228 40.60 42.75 43.28 40.50 16276
20140303 42.75 44.19 44.94 42.40 17546
20140304 43.87 44.39 45.17 43.20 15067
20140305 43.91 42.81 44.73 42.70 7305
20140306 43.00 43.30 43.54 41.70 6141
20140307 43.26 44.67 45.16 43.00 13368
20140310 44.00 43.31 46.50 43.31 12094
20140311 43.30 45.10 45.20 43.02 8406
20140312 44.90 43.63 45.88 43.36 11194
20140313 43.50 42.99 44.30 42.27 10182
20140314 43.02 42.37 43.28 41.89 8037
20140317 42.39 43.90 44.29 42.39 7397
20140318 43.88 45.15 45.78 43.83 16218
20140319 46.92 47.01 48.70 46.38 26615
20140320 47.00 46.12 47.27 45.72 14520
20140321 45.50 45.01 46.17 43.30 16416
20140324 45.03 45.09 45.45 43.60 11330
20140325 45.10 44.90 46.00 44.60 6057
20140326 44.90 46.63 47.20 44.75 11517
20140327 46.30 45.32 46.99 44.93 8879
20140328 45.30 42.90 45.30 42.45 15697
20140331 42.89 40.40 43.50 39.61 18872
20140401 40.60 41.50 41.59 40.60 5972
20140402 41.30 40.60 42.20 40.11 6942
20140403 40.60 40.04 40.60 39.39 8209
20140404 39.99 41.18 41.45 39.61 7342
20140408 41.19 39.98 41.19 39.00 16355
20140409 39.99 40.82 41.37 39.65 11955
20140410 40.90 41.63 42.10 40.82 13007
20140411 41.25 41.63 41.79 40.50 11878
20140414 41.36 41.30 41.78 40.61 7779
20140415 42.66 45.43 45.43 42.66 41562
20140416 45.50 47.67 47.80 44.51 34177
20140417 47.68 47.62 48.39 46.81 12463
20140418 47.63 47.30 48.50 46.98 7475
20140421 47.00 47.02 48.70 46.00 14209
20140422 46.88 46.76 47.99 46.19 11082
20140423 46.47 46.60 47.57 46.10 4387
20140424 46.01 46.22 46.85 45.60 5795
20140425 45.30 42.20 45.30 41.99 20244
20140428 42.01 41.59 42.73 39.93 13164
20140429 41.03 42.94 43.39 41.03 8382
20140430 42.94 45.00 45.28 42.90 9384
20140505 44.16 46.71 47.10 44.01 8930
20140506 46.87 45.49 46.97 45.00 6876
20140507 45.20 45.10 45.62 45.00 3343
20140508 45.01 44.20 45.30 43.93 4273
20140509 44.08 43.00 44.08 41.80 6884
20140512 42.70 43.02 43.50 41.90 7751
20140513 43.00 43.83 44.71 43.00 5862
20140514 43.83 42.88 43.93 42.20 5676
20140515 43.01 42.00 43.39 41.70 6805
20140516 41.53 41.80 42.28 41.32 8511
20140519 42.07 42.73 42.88 41.04 7098
20140520 32.80 31.88 33.63 31.88 8752
20140521 31.88 31.88 32.22 31.10 5637
20140522 32.20 32.33 32.96 31.77 6746
20140523 32.13 32.45 32.45 31.65 6181
20140526 32.55 33.60 34.01 32.55 11704
20140527 33.62 33.61 33.90 32.78 11598
20140528 33.40 35.66 35.66 33.15 19494
20140529 35.18 34.76 35.46 34.68 7757
20140530 34.56 34.71 35.19 34.51 4150
20140603 34.97 34.81 35.60 34.53 6944
20140604 34.70 34.30 34.88 33.31 10647
20140605 33.99 34.69 35.00 33.71 7907
20140606 34.75 34.80 35.00 34.35 5544
20140609 34.98 34.50 35.10 34.50 3685
20140610 34.48 34.30 34.78 33.68 8305
20140611 34.31 34.25 34.45 33.83 5917
20140612 34.25 34.30 34.60 34.12 2860
20140613 34.42 35.25 35.47 34.07 9472
20140616 35.30 35.05 35.65 34.91 7944
20140617 35.06 34.82 35.48 34.66 6110
20140618 34.92 33.25 35.23 33.20 13989
20140619 33.50 32.50 33.78 32.30 7259
20140620 32.50 33.03 33.17 32.49 3867
20140623 33.03 33.50 33.93 33.03 10282
20140624 33.42 33.26 33.65 32.92 6301
20140625 33.18 33.20 33.38 32.60 4890
20140626 33.23 34.40 34.49 33.01 9097
20140627 34.39 34.40 34.74 34.07 7239
20140630 34.41 35.27 35.40 34.28 10971
20140701 35.28 35.35 35.49 34.91 9167
20140702 35.15 36.35 36.35 35.08 13065
20140703 36.06 35.93 36.84 35.93 10492
20140704 35.90 36.25 36.60 35.51 7561
20140707 36.31 37.31 37.98 36.31 9976
20140708 37.31 37.45 38.10 37.30 9643
20140709 37.48 36.30 37.90 36.29 8482
20140710 36.30 36.48 37.45 36.30 12118
20140711 36.68 36.51 37.39 36.15 7002
20140714 36.56 36.60 37.22 36.45 5099
20140715 36.60 35.60 36.90 34.97 9293
20140716 35.61 35.25 35.61 34.78 8884
20140717 34.90 34.40 35.40 33.50 12243
20140718 34.30 35.33 35.39 34.25 6124
20140721 35.34 34.58 35.40 34.20 6588
20140722 34.32 35.18 35.20 34.32 5298
20140723 35.18 33.98 35.40 33.69 7217
20140724 34.08 32.80 34.21 32.35 16117
20140725 32.86 32.99 33.16 32.60 6166
20140728 33.33 33.36 33.49 32.80 8332
20140729 33.47 33.88 33.98 33.36 5558
20140730 33.98 33.85 34.10 33.60 7314
20140731 33.86 34.37 34.38 33.86 5699
20140801 34.40 34.35 34.56 34.08 8662
20140804 34.33 33.41 34.59 33.00 20073
20140805 33.44 32.59 33.44 32.39 28039
20140806 32.70 33.99 33.99 32.54 21366
20140807 33.99 34.20 34.46 33.63 15314
20140808 34.02 34.22 34.46 33.18 17170
20140811 34.14 34.13 34.42 33.73 14250
20140812 34.13 34.41 34.41 33.85 15068
20140813 34.30 33.95 34.36 33.81 12352
20140814 34.05 33.69 34.10 33.43 8782
20140815 33.78 33.77 33.92 33.48 4958
20140818 33.86 35.78 35.89 33.86 34450
20140819 35.56 35.44 35.75 35.17 12073
20140820 35.30 35.54 36.05 35.21 9861
20140821 35.56 35.55 35.78 34.80 9107
20140822 35.60 36.05 36.48 35.30 10548
20140825 36.05 36.61 36.95 36.05 11450
20140826 36.61 35.88 36.69 35.33 9663
20140827 35.96 37.00 37.50 35.61 14866
20140828 36.97 36.85 37.48 36.80 11733
20140829 36.85 36.16 37.08 35.50 10594
20140901 36.25 36.71 36.95 36.11 9690
20140902 36.70 36.89 36.94 36.00 12715
20140903 36.71 37.75 37.75 36.51 25203
20140904 37.88 38.01 38.18 37.15 15232
20140905 38.00 37.50 38.00 37.00 12330
20140909 37.44 38.07 38.10 37.10 8771
20140910 38.00 38.90 39.45 37.59 16877
20140911 38.88 38.09 39.48 37.60 15756
20140912 38.08 38.15 38.28 37.51 7324
20140915 38.11 39.36 39.65 38.00 15899
20140916 39.25 38.00 39.98 38.00 11789
20140917 38.02 38.15 38.38 37.00 13517
20140918 38.18 38.57 38.90 37.61 7685
20140919 38.60 38.57 38.71 38.16 5657
20140922 38.55 39.40 40.03 38.53 15133
20140923 39.39 40.28 40.28 39.05 14949
20140924 40.00 40.10 40.35 39.61 9678
20140925 40.14 40.31 40.50 39.84 7258
20140926 41.00 41.62 42.89 40.77 24341
20140929 41.70 41.46 42.27 41.07 17749
20140930 41.41 45.26 45.58 41.18 27416
20141008 44.90 45.23 45.45 43.56 15919
20141009 44.81 43.99 45.06 43.60 15339
20141010 44.21 42.57 44.38 42.41 21325
20141013 42.60 43.20 43.59 42.56 9091
20141014 44.11 44.52 47.52 44.11 28303
20141015 44.87 44.19 45.33 43.66 11850
20141016 44.00 42.70 44.00 42.70 14177
20141017 42.97 42.84 43.30 41.70 12023
20141020 42.90 45.10 45.13 42.90 24726
20141021 45.10 45.65 45.67 44.47 14883
20141022 45.25 45.30 45.98 44.88 13614
20141023 45.30 44.20 45.32 44.00 8859
20141024 44.19 43.98 44.70 43.40 9468
20141027 43.98 46.80 46.80 43.51 19064
20141028 46.00 46.72 47.20 45.00 24356
20141029 46.49 46.85 47.61 45.97 11429
20141030 46.85 47.11 47.17 46.70 11450
20141031 46.98 46.23 47.28 46.01 9914
20141103 46.25 46.22 47.60 45.85 13236
20141104 45.88 46.48 46.55 45.01 10360
20141105 46.46 45.56 46.58 45.39 9249
20141106 45.39 46.16 47.60 45.36 11846
20141107 46.00 46.07 46.98 45.52 11662
20141110 46.01 45.02 46.10 44.66 11641
20141111 45.11 43.00 45.48 42.30 15360
20141112 43.00 43.20 44.00 42.61 11125
20141113 43.01 43.04 43.79 42.35 5986
20141114 43.04 42.20 43.10 39.03 32366
20141117 41.32 40.90 42.41 40.35 23662
20141118 40.50 40.85 41.28 40.50 9936
20141119 40.88 41.00 41.28 40.02 14449
20141120 40.99 40.69 41.10 40.08 10171
20141121 40.85 42.50 42.72 40.37 17555
20141124 42.50 41.71 42.79 41.13 17969
20141125 41.51 41.71 42.10 41.42 12915
20141126 41.71 42.70 42.95 41.10 16342
20141127 42.67 42.20 42.67 41.78 11318
20141128 42.21 41.50 42.50 40.70 19545
20141201 40.95 40.39 41.56 39.97 14978
20141204 42.00 43.11 44.43 41.16 36078
20141205 42.99 40.32 42.99 39.00 44434
20141208 40.00 39.39 40.31 39.19 19781
20141209 39.39 37.53 39.94 37.00 27111
20141210 37.53 38.72 39.35 37.53 16513
20141211 38.82 39.10 39.90 38.10 15081
20141212 38.67 38.18 39.35 38.09 19627
20141215 38.18 39.67 40.03 37.66 36178
20141216 39.39 38.88 39.56 38.32 17744
20141217 38.50 37.75 38.50 37.66 15258
20141218 37.76 37.10 38.08 37.03 19007
20141219 37.00 35.65 37.01 34.75 35775
20141222 35.66 34.00 36.92 33.08 45506
20141223 34.60 34.69 35.88 33.51 21782
20141224 34.98 35.74 36.18 34.51 18490
20141225 35.76 36.90 37.05 35.75 18354
20141226 36.92 37.11 37.55 36.60 11889
20141229 36.80 34.50 37.10 34.50 25491
20141230 34.28 35.20 35.46 34.28 13432
20141231 35.38 35.60 35.69 34.01 18379
20150105 35.40 34.99 35.40 34.26 10054
20150106 34.70 36.83 37.05 34.00 22210
20150107 36.89 37.18 37.60 36.00 19120
20150108 37.14 37.75 38.06 36.55 14673
20150109 37.60 37.23 38.85 37.20 20765
20150112 37.00 38.86 39.53 36.38 30842
20150113 38.84 39.98 40.38 38.40 17685
20150114 39.49 39.93 40.18 39.37 9866
20150115 39.88 40.50 40.57 39.61 13666
20150116 40.48 40.02 40.73 39.88 16135
20150119 39.80 39.26 40.97 38.01 16681
20150120 39.20 43.19 43.19 39.20 35529
20150121 43.57 44.25 46.20 43.13 33161
20150122 44.30 45.30 45.52 43.90 11393
20150123 44.75 45.50 45.88 44.00 16413
20150126 45.20 45.12 45.45 43.91 14796
20150127 45.12 45.40 45.60 43.80 10392
20150128 45.00 45.70 45.70 43.89 8843
20150129 44.99 45.74 45.78 44.25 7708
20150130 45.60 44.95 46.20 44.56 6850
20150202 44.88 44.86 45.17 44.00 6074
20150203 44.89 44.81 44.96 43.80 14397
20150204 44.45 44.25 44.59 44.00 4845
20150205 44.36 44.40 45.18 44.03 6983
20150206 44.53 44.33 45.10 44.27 8531
20150209 44.25 43.71 44.75 43.71 6819
20150210 44.00 43.85 44.45 43.35 5409
20150211 43.85 46.69 47.50 43.28 14849
20150212 46.70 48.10 48.18 45.95 15354
20150213 48.32 48.05 49.20 47.50 9904
20150216 48.09 48.37 50.80 47.21 18190
20150217 47.98 48.48 49.00 47.98 6764
20150225 48.00 46.80 48.72 46.80 13278
20150226 46.80 45.40 47.30 44.93 13104
20150227 45.42 46.28 46.40 45.33 8818
20150302 46.28 47.46 47.50 45.88 12281
20150303 47.30 46.68 47.80 46.60 10418
20150304 46.68 47.90 48.26 46.30 13424
20150305 47.20 47.64 47.98 46.77 10714
20150306 47.64 47.50 47.64 46.31 14233
20150309 47.00 49.40 49.90 46.65 19578
20150310 49.56 51.90 52.98 48.95 22059
20150311 51.39 51.13 52.88 50.56 15196
20150312 51.07 51.59 52.96 50.60 10090
20150313 51.90 54.20 54.20 50.50 15444
20150316 54.20 56.75 57.98 53.40 17819
20150317 56.01 56.60 57.69 55.48 13240
20150318 56.58 56.60 57.56 55.33 10106
20150319 56.44 56.72 57.55 55.70 7963
20150320 56.72 58.20 58.99 56.51 13250
20150323 58.50 57.65 58.90 57.22 15080
20150324 57.70 54.50 57.85 53.00 38672
20150325 54.35 55.09 55.50 53.71 19763
20150326 54.33 55.91 56.00 54.00 19305
20150327 55.16 54.80 55.95 54.80 9939
20150330 53.52 54.33 54.80 52.91 18008
20150331 54.33 54.63 55.40 53.73 13012
20150401 54.45 59.05 59.30 54.45 22788
20150402 58.88 59.69 59.69 57.50 16733
20150403 58.55 59.39 61.50 58.04 13796
20150407 59.53 61.30 61.40 59.53 19758
20150408 61.60 63.50 65.49 59.50 37597
20150409 65.28 66.97 68.28 61.00 69610
20150410 65.40 65.79 66.95 63.51 27152
20150413 65.00 63.85 65.00 62.88 35324
20150414 63.50 64.40 64.40 62.22 20845
20150415 64.30 62.50 64.30 60.41 19606
20150416 60.51 61.96 62.19 60.02 11771
20150417 62.01 60.54 62.88 60.48 14805
20150420 60.38 57.49 60.40 55.55 31477
20150421 56.74 59.33 59.90 56.12 26759
20150422 59.87 59.70 60.29 58.62 25152
20150423 60.11 60.97 61.69 58.75 22350
20150424 59.90 60.67 62.50 59.66 20670
20150427 60.68 62.59 63.00 60.67 20493
20150428 61.08 61.38 62.08 59.50 31725
20150429 61.32 64.35 64.58 60.70 24872
20150430 64.35 69.65 69.99 63.62 39443
20150504 68.96 72.95 73.50 65.78 27125
20150505 72.00 73.00 73.68 69.50 30110
20150506 72.81 72.30 73.43 70.70 21933
20150507 71.93 72.00 72.60 68.55 15246
20150508 72.00 74.96 75.00 69.40 16697
20150511 74.95 80.20 80.30 73.80 18970
20150512 79.80 81.70 83.50 78.51 13528
20150513 82.50 80.99 83.08 78.00 25726
20150514 79.49 78.45 80.46 77.00 14527
20150515 79.00 78.81 79.94 77.10 9149
20150518 80.00 83.90 84.88 78.50 20019
20150519 84.00 84.59 84.90 81.58 15840
20150520 83.98 92.00 92.40 83.59 27322
20150521 91.89 101.20 101.20 89.87 27364
20150522 52.70 52.30 55.55 48.02 72006
20150525 49.02 53.50 55.88 49.00 67846
20150526 53.20 55.00 55.60 52.55 67670
20150527 55.23 56.80 58.80 52.66 64841
20150528 55.99 52.00 58.98 52.00 52381
20150529 50.59 54.12 56.00 47.52 50909
20150601 54.00 56.32 57.00 53.95 35449
20150602 57.00 60.95 61.00 55.29 44281
20150603 60.95 61.80 63.59 58.01 47628
20150604 61.21 61.00 61.60 55.95 37331
20150605 60.24 58.00 61.80 57.27 42136
20150608 57.85 53.37 57.85 52.20 52707
20150609 53.18 52.00 54.54 49.10 60901
20150610 50.99 52.88 53.72 49.87 38891
20150611 53.00 53.90 54.10 51.30 40917
20150612 54.11 53.58 54.47 52.60 40441
20150615 53.56 51.79 53.69 50.12 46595
20150616 51.79 46.61 51.79 46.61 51772
20150617 46.00 47.22 47.91 44.30 45875
20150618 47.22 44.06 47.22 43.70 31131
20150619 43.00 44.77 46.18 42.02 44133
20150623 44.77 45.49 46.33 40.29 45845
20150624 45.40 45.61 45.99 42.00 35990
20150625 45.50 44.08 45.70 42.89 41062
20150626 42.90 39.67 43.48 39.67 22633
20150629 40.81 35.70 40.97 35.70 37121
20150630 33.72 39.27 39.27 32.13 85483
20150701 38.80 36.00 40.11 35.50 35464
20150702 36.00 33.39 36.90 32.40 58777
20150703 32.00 34.25 36.70 30.28 67487
20150706 37.68 30.90 37.68 30.83 73781
20150707 29.00 27.81 29.00 27.81 13426
20150714 30.59 30.59 30.59 30.59 713
20150715 33.65 31.09 33.65 29.99 121313
20150716 31.09 34.20 34.20 28.20 90920
20150717 35.00 37.05 37.62 34.50 76158
20150720 38.29 39.50 40.65 37.68 63389
20150721 39.40 41.10 41.80 38.00 75617
20150722 39.99 40.90 41.59 39.26 44959
20150723 40.50 44.30 44.35 39.90 45883
20150724 44.50 43.50 45.48 42.16 36230
20150727 41.80 40.00 45.50 39.15 59496
20150728 37.20 36.00 39.66 36.00 63409
20150729 36.53 37.90 38.00 33.76 64104
20150730 39.00 36.50 39.16 35.50 47534
