20140102 3.98 4.00 4.02 3.97 47952
20140103 4.01 3.96 4.02 3.90 73515
20140106 3.97 3.84 3.97 3.84 51809
20140107 3.81 3.81 3.86 3.76 49190
20140108 3.80 3.84 3.87 3.80 31925
20140109 3.84 3.79 3.86 3.78 31406
20140110 3.77 3.69 3.78 3.67 46266
20140113 3.67 3.70 3.73 3.64 39996
20140114 3.71 3.82 3.84 3.65 48173
20140115 3.79 3.82 3.89 3.76 65303
20140116 3.82 3.80 3.83 3.76 59884
20140117 3.77 3.72 3.79 3.71 71356
20140120 3.71 3.71 3.74 3.67 37738
20140121 3.71 3.78 3.78 3.67 39854
20140122 3.76 3.86 3.89 3.75 67110
20140123 3.94 3.97 4.04 3.89 182180
20140124 4.00 4.09 4.15 3.96 143553
20140127 4.06 4.10 4.20 4.05 139173
20140128 4.08 4.03 4.12 4.01 83927
20140129 4.03 4.33 4.43 4.02 317891
20140130 4.33 4.31 4.48 4.27 160292
20140207 4.28 4.50 4.56 4.23 171238
20140210 4.50 4.54 4.55 4.45 204006
20140211 4.52 4.49 4.73 4.48 221466
20140212 4.48 4.66 4.73 4.39 272390
20140213 4.66 4.70 4.88 4.65 296548
20140214 4.72 4.83 4.88 4.72 206958
20140217 4.82 5.07 5.10 4.82 372068
20140218 5.15 5.28 5.48 5.09 504238
20140219 5.30 5.34 5.46 5.11 394093
20140220 5.34 5.24 5.37 5.15 300394
20140221 5.25 5.05 5.29 4.90 316280
20140224 5.05 5.39 5.47 4.85 325450
20140225 5.33 5.25 5.73 5.19 386503
20140226 5.20 5.43 5.44 5.00 291403
20140227 5.41 5.33 5.72 5.30 387864
20140228 5.28 5.06 5.31 4.86 354646
20140303 5.08 5.57 5.57 5.07 533359
20140304 5.58 5.94 6.04 5.52 649389
20140305 5.95 5.93 6.03 5.76 286780
20140306 5.93 5.81 5.97 5.75 197337
20140307 5.91 6.26 6.39 5.85 570065
20140310 6.25 6.05 6.69 6.05 555881
20140311 5.99 6.17 6.27 5.80 282055
20140312 6.05 5.80 6.25 5.58 326990
20140313 5.77 5.78 5.85 5.65 194820
20140314 5.82 6.13 6.22 5.75 303935
20140317 6.11 6.41 6.42 6.06 259392
20140318 6.39 6.35 6.47 6.30 169706
20140319 6.35 6.50 6.59 6.30 203568
20140328 6.44 5.85 6.44 5.85 355629
20140331 5.65 5.60 5.86 5.27 319149
20140401 5.41 5.75 5.83 5.40 158773
20140402 5.70 5.31 5.79 5.27 268606
20140403 5.33 5.21 5.45 5.10 263318
20140404 5.20 5.41 5.47 5.15 124563
20140408 5.38 5.50 5.61 5.35 131278
20140409 5.53 5.60 5.65 5.44 116050
20140410 5.60 5.64 5.78 5.58 154223
20140411 5.63 5.65 5.68 5.53 91611
20140414 5.65 5.70 5.79 5.60 90783
20140415 5.66 5.60 5.71 5.50 123243
20140416 5.57 6.02 6.09 5.50 316591
20140922 6.57 6.57 6.57 6.57 3376
20140923 7.23 7.23 7.23 7.23 1945
20140924 7.95 7.95 7.95 7.95 3457
20140925 8.75 8.75 8.75 8.75 4833
20140926 9.63 9.63 9.63 9.63 6541
20140929 10.59 10.59 10.59 10.59 6178
20140930 11.65 11.65 11.65 11.65 7734
20141008 12.82 12.82 12.82 12.82 5953
20141009 14.10 14.10 14.10 14.10 399459
20141010 14.44 15.51 15.51 14.08 1863071
20141013 15.14 15.79 16.48 14.52 945394
20141014 15.62 15.16 16.03 14.92 645519
20141015 15.10 15.40 16.21 14.90 613481
20141016 15.19 14.45 15.27 14.34 535259
20141017 14.31 14.86 15.21 14.31 512633
20141020 14.85 15.66 16.08 14.74 562025
20141021 15.51 15.70 16.35 15.45 428746
20141022 15.49 15.18 16.11 15.12 438501
20141023 14.80 16.10 16.18 14.70 562759
20141024 15.93 15.68 16.55 15.55 502946
20141027 15.65 15.58 15.89 15.00 350904
20141028 15.48 16.03 16.28 15.45 566929
20141029 16.18 15.78 16.75 15.78 930537
20141030 15.50 15.30 15.99 15.15 602584
20141031 15.35 15.44 15.55 15.18 251019
20141103 15.61 15.32 15.75 15.15 293801
20141104 15.21 14.60 15.38 14.13 518645
20141105 14.43 14.73 14.93 14.43 186311
20141106 14.75 14.90 15.03 14.35 218291
20141107 14.95 14.48 14.96 14.46 222332
20141110 14.46 14.10 14.66 13.95 290092
20141111 14.13 13.80 14.21 13.40 318568
20141112 13.77 13.98 14.08 13.56 167587
20141113 13.91 13.23 13.97 13.20 200859
20141114 13.23 13.25 13.50 12.95 128035
20141117 13.25 13.79 14.18 13.05 266081
20141118 13.91 13.81 14.03 13.73 133805
20141119 13.85 14.17 14.45 13.62 252798
20141120 14.55 14.17 14.77 14.07 220989
20141121 14.01 14.60 14.87 13.91 293894
20141124 14.59 14.35 14.65 14.18 208863
20141125 14.45 14.69 14.93 14.33 191810
20141126 14.71 14.90 15.00 14.45 202612
20141127 14.85 14.66 15.27 14.64 258986
20141128 14.64 14.03 14.76 13.95 255703
20141201 14.04 13.54 14.16 13.40 249632
20141202 13.48 13.70 14.02 13.31 181987
20141203 13.75 14.49 14.50 13.39 260379
20141212 15.50 15.94 15.94 14.88 506303
20141215 15.94 15.99 16.60 15.51 730387
20141216 16.04 15.58 16.28 15.55 350376
20141217 15.40 14.63 15.40 14.42 380344
20141218 14.64 14.76 15.54 14.37 378683
20141219 14.52 14.19 14.57 13.76 228737
20141222 14.20 14.49 15.31 14.19 401375
20141223 14.91 14.35 15.15 14.30 265769
20141224 14.21 14.91 15.08 14.08 239151
20141225 14.96 14.94 15.14 14.66 211834
20141226 15.50 15.20 15.88 14.83 540519
20141229 15.00 14.43 15.04 14.40 304954
20141230 14.50 13.16 14.65 12.99 379742
20141231 13.16 13.42 13.55 13.07 222405
20150105 13.50 13.30 13.73 13.11 252575
20150106 13.30 13.61 13.71 12.95 246397
20150107 13.57 13.46 13.57 13.18 152318
20150108 13.80 13.95 14.66 13.80 378644
20150109 14.09 13.90 14.38 13.80 187551
20150112 13.65 13.32 13.65 13.27 138692
20150113 13.32 13.52 13.61 13.21 117634
20150114 13.46 13.47 13.72 13.36 118858
20150115 13.66 13.54 13.67 13.30 110827
20150116 13.70 13.62 13.74 13.41 135374
20150119 13.34 13.44 14.31 13.01 290517
20150120 13.44 14.64 14.78 13.44 374140
20150121 14.70 15.99 16.10 14.56 699368
20150122 15.90 17.59 17.59 15.71 814525
20150123 17.68 17.19 18.23 17.01 626803
20150126 17.58 17.65 18.16 17.16 404679
20150127 17.50 17.88 17.96 17.18 340947
20150128 17.81 17.90 18.88 17.60 448354
20150129 17.69 17.38 18.23 17.26 299424
20150130 17.50 17.35 17.85 17.23 161446
20150202 17.02 17.71 18.07 16.23 291553
20150203 17.56 17.86 18.26 17.54 239024
20150204 17.82 19.00 19.21 17.74 436175
20150205 18.90 18.85 19.28 18.53 301399
20150206 18.75 16.97 18.98 16.97 515791
20150209 16.89 16.19 17.34 15.95 324903
20150210 16.19 17.00 17.00 16.00 182850
20150211 17.10 17.05 17.44 17.01 130302
20150212 17.02 16.90 17.18 16.50 173916
20150213 17.07 17.17 17.48 17.01 163478
20150216 17.17 17.97 18.24 17.00 210139
20150217 17.99 18.32 18.75 17.98 190653
20150225 18.45 18.11 18.75 18.05 175675
20150226 18.13 17.79 18.28 17.61 227560
20150227 17.85 18.38 18.89 17.80 245038
20150302 18.58 18.84 18.85 18.26 254170
20150303 18.80 19.49 20.07 18.40 448164
20150304 19.47 19.39 20.07 19.28 294455
20150305 19.40 19.50 19.72 18.88 277840
20150306 19.60 18.88 19.82 18.71 246844
20150309 18.80 19.02 19.19 18.41 211428
20150310 19.10 19.99 20.04 18.99 268456
20150311 19.98 19.63 20.40 19.56 210675
20150312 19.65 19.12 19.82 18.95 228819
20150313 19.19 19.74 19.90 19.19 225923
20150316 19.75 20.02 20.17 19.70 239414
20150317 20.20 19.90 20.23 19.75 294172
20150318 19.90 19.72 19.95 19.36 331073
20150319 19.75 21.40 21.60 19.55 398501
20150320 21.36 21.95 22.68 21.00 470493
20150323 22.01 21.91 22.33 21.58 278900
20150324 21.70 21.80 22.26 20.81 412938
20150325 21.81 21.52 21.85 21.23 244370
20150326 22.00 21.84 23.06 21.44 397959
20150327 21.98 22.55 23.00 21.80 363268
20150330 22.95 22.68 23.42 22.50 252282
20150331 23.04 22.51 23.04 22.00 287708
20150401 22.51 22.60 22.66 22.26 227635
20150402 22.60 22.76 23.00 22.00 377771
20150403 22.46 24.00 24.00 22.31 493515
20150407 24.23 24.40 24.56 23.80 367014
20150408 24.29 23.86 24.29 23.36 343333
20150417 26.25 26.25 26.25 26.25 15504
20150420 28.00 25.09 28.00 24.57 725064
20150421 25.31 25.45 25.98 24.50 362707
20150422 25.59 25.55 25.97 25.25 331759
20150423 25.55 24.63 25.55 24.54 438401
20150424 24.28 24.31 25.07 23.85 320798
20150427 24.33 24.44 25.35 24.33 304220
20150428 24.48 22.90 24.63 22.77 345167
20150429 22.83 22.92 23.35 22.13 342738
20150430 23.01 22.58 23.18 22.56 282711
20150504 22.57 23.61 24.09 22.48 313548
20150505 23.60 22.66 24.10 22.53 237046
20150506 22.79 21.61 23.18 21.36 258010
20150507 21.58 20.52 21.58 20.47 239147
20150508 20.85 21.25 21.27 20.67 246992
20150511 21.76 23.38 23.38 21.60 387691
20150512 23.59 24.54 25.30 23.58 482655
20150513 24.45 24.20 24.91 23.80 320189
20150514 24.25 24.34 24.66 23.82 286566
20150515 24.29 23.87 24.34 23.36 276841
20150518 23.70 25.00 25.25 23.37 442360
20150519 25.14 25.02 25.59 24.68 330546
20150520 25.10 27.52 27.52 25.10 514240
20150521 28.00 28.54 29.76 27.80 428387
20150522 28.58 28.33 29.09 27.26 412241
20150525 28.15 31.00 31.16 27.58 579144
20150526 31.57 32.35 33.50 30.60 538844
20150527 32.26 32.26 33.80 31.40 483211
20150528 33.50 29.03 33.68 29.03 736005
20150529 28.20 27.67 29.10 26.21 551724
20150601 27.71 28.77 29.37 27.70 387258
20150602 28.99 30.00 30.27 28.78 370959
20150603 29.90 28.48 29.91 27.93 481410
20150604 28.38 31.08 31.33 27.55 561052
20150605 31.90 31.58 32.58 30.55 561648
20150608 32.51 30.98 32.89 30.68 449099
20150609 30.99 31.07 31.90 30.33 273890
20150610 31.00 31.19 31.76 30.40 312302
20150611 31.16 32.79 32.98 30.82 448453
20150612 32.79 33.93 33.98 32.00 498308
20150615 34.30 36.96 37.29 34.29 538208
20150616 36.00 38.99 39.51 34.50 640088
20150617 39.14 38.51 39.56 37.23 415758
20150618 38.02 39.13 41.60 37.51 445043
20150619 37.95 35.22 38.00 35.22 433699
20150623 35.22 33.71 35.90 31.70 403287
20150624 34.50 34.58 35.48 33.48 381821
20150625 34.80 31.59 34.98 31.12 434866
20150626 30.00 28.43 30.10 28.43 281595
20150629 29.21 25.59 29.49 25.59 372209
20150630 24.01 26.68 27.10 23.03 413756
20150701 26.50 24.01 27.53 24.01 404768
20150702 23.26 21.61 24.56 21.61 353414
20150703 20.50 19.45 21.60 19.45 362641
20150706 21.39 17.51 21.39 17.51 530739
20150707 16.00 15.76 16.00 15.76 153050
20150713 17.34 17.34 17.34 17.34 13157
20150714 19.07 19.07 19.07 19.07 6885
20150715 20.98 19.10 20.98 19.06 924992
20150716 18.70 21.01 21.01 17.79 624706
20150717 21.57 23.11 23.11 21.41 418919
20150720 24.78 25.42 25.42 23.60 702825
20150721 25.68 25.33 27.66 25.01 780295
20150722 25.21 27.86 27.86 24.61 712766
20150723 28.00 28.75 30.30 27.28 637631
20150724 29.70 29.80 31.20 28.98 627145
20150727 29.50 26.82 31.10 26.82 725587
20150728 24.25 25.01 28.50 24.14 886676
20150729 25.90 27.51 27.51 23.67 635402
20150730 27.80 27.35 29.72 27.08 763105
