20140102 8.14 8.15 8.23 8.12 93174
20140103 8.16 8.02 8.16 8.00 129857
20140106 8.02 7.57 8.03 7.54 269647
20140107 7.53 7.53 7.66 7.46 145607
20140108 7.59 7.51 7.68 7.45 133950
20140109 7.50 7.39 7.56 7.37 180828
20140110 7.37 7.22 7.40 7.17 193107
20140113 7.21 7.15 7.29 7.09 145241
20140114 7.58 7.87 7.87 7.42 466579
20140115 7.92 7.83 8.07 7.73 369612
20140116 7.81 7.83 7.88 7.73 179076
20140117 7.77 7.56 7.81 7.55 210060
20140120 7.50 7.59 7.65 7.50 119365
20140121 7.63 7.78 7.84 7.63 162284
20140122 7.79 7.93 7.95 7.76 243955
20140123 7.96 8.06 8.14 7.84 268910
20140124 8.00 8.04 8.13 7.98 192411
20140127 7.99 7.87 7.99 7.82 126640
20140128 7.88 8.08 8.08 7.88 166468
20140129 8.10 8.06 8.17 8.03 130693
20140130 8.02 7.94 8.03 7.91 99218
20140207 7.88 8.08 8.12 7.78 161795
20140210 8.09 8.31 8.35 8.09 266623
20140211 8.32 8.25 8.33 8.15 227292
20140212 8.25 8.45 8.55 8.19 291488
20140213 8.44 8.24 8.45 8.24 198683
20140214 8.23 8.30 8.38 8.20 147353
20140217 8.31 8.45 8.50 8.29 226217
20140218 8.49 8.44 8.55 8.40 258356
20140219 8.39 8.36 8.44 8.25 241661
20140220 8.38 8.13 8.41 8.12 241359
20140221 8.15 7.99 8.26 7.94 228985
20140224 7.93 7.80 7.93 7.61 294330
20140225 7.82 7.63 7.88 7.57 184042
20140226 7.60 7.68 7.72 7.56 144362
20140227 7.68 7.75 7.96 7.68 243462
20140228 7.78 7.98 7.98 7.72 160682
20140303 7.97 8.04 8.08 7.92 176873
20140304 8.02 8.08 8.08 7.94 168356
20140305 8.09 7.99 8.23 7.94 128911
20140306 7.94 7.90 7.96 7.74 132203
20140307 7.90 7.83 7.98 7.81 103207
20140310 7.70 7.51 7.80 7.49 137618
20140311 7.46 7.52 7.63 7.44 108952
20140312 7.50 7.58 7.61 7.45 121614
20140313 7.56 7.60 7.69 7.55 96622
20140314 7.56 7.49 7.58 7.46 93735
20140317 7.51 7.63 7.63 7.47 102969
20140318 7.65 7.63 7.73 7.63 103677
20140319 7.62 7.73 7.74 7.49 115992
20140320 7.72 7.52 7.77 7.52 127379
20140321 7.49 7.72 7.74 7.46 127776
20140325 7.91 8.00 8.29 7.87 343591
20140326 8.05 7.96 8.11 7.92 117955
20140327 7.95 7.90 8.07 7.82 159746
20140328 7.86 7.91 8.07 7.86 162345
20140331 7.92 7.88 8.05 7.83 133300
20140401 7.85 7.98 7.98 7.82 106900
20140402 7.99 8.02 8.04 7.93 134347
20140403 8.05 7.90 8.09 7.89 122124
20140404 7.88 7.92 7.93 7.80 109452
20140408 7.91 8.07 8.09 7.86 211420
20140409 8.06 8.07 8.12 8.03 140890
20140410 8.07 8.09 8.12 7.99 242411
20140411 8.05 8.03 8.09 8.01 132246
20140414 8.01 8.07 8.08 7.96 115228
20140415 8.07 7.90 8.07 7.83 139909
20140416 7.87 7.83 7.96 7.78 179820
20140417 7.85 7.75 7.87 7.73 157807
20140418 7.75 7.80 7.83 7.64 127455
20140421 7.74 7.66 7.85 7.65 102318
20140422 7.66 7.61 7.70 7.53 115337
20140423 7.61 7.56 7.64 7.55 87075
20140424 7.56 7.51 7.62 7.51 83132
20140425 7.51 7.40 7.58 7.39 87499
20140428 7.48 7.44 7.64 7.37 161784
20140429 7.47 7.64 7.70 7.47 126775
20140430 7.63 7.60 7.65 7.56 63307
20140505 7.60 7.61 7.65 7.49 78613
20140506 7.64 7.66 7.68 7.61 89695
20140507 7.68 7.55 7.68 7.52 87554
20140508 7.34 7.21 7.34 7.21 124549
20140509 7.23 7.23 7.26 7.11 81203
20140512 7.25 7.38 7.39 7.23 118612
20140513 7.38 7.34 7.42 7.32 78780
20140514 7.33 7.34 7.39 7.33 82464
20140515 7.34 7.20 7.35 7.20 75673
20140516 7.20 7.17 7.24 7.10 77141
20140519 7.12 7.15 7.17 7.09 60347
20140520 7.19 7.18 7.21 7.11 57493
20140521 7.14 7.19 7.21 7.07 44728
20140522 7.20 7.16 7.27 7.15 64647
20140523 7.16 7.18 7.18 7.13 52835
20140526 7.22 7.24 7.25 7.18 70669
20140527 7.24 7.16 7.25 7.16 67092
20140528 7.16 7.25 7.25 7.16 75265
20140529 7.25 7.16 7.25 7.16 67096
20140530 7.19 7.16 7.20 7.14 51046
20140603 7.16 7.14 7.20 7.13 53749
20140604 7.12 7.06 7.15 7.03 88220
20140605 7.05 7.11 7.15 7.02 67372
20140606 7.11 7.05 7.13 7.03 58445
20140609 7.06 7.01 7.09 7.00 59331
20140610 7.02 7.05 7.06 6.99 68169
20140611 7.03 7.05 7.06 7.03 60404
20140612 7.05 7.02 7.05 7.01 58695
20140613 7.02 7.11 7.11 7.01 105094
20140616 7.14 7.11 7.15 7.08 83612
20140617 7.11 7.03 7.13 7.01 84199
20140618 7.02 7.01 7.05 6.99 77119
20140619 7.03 6.67 7.03 6.64 168353
20140620 6.67 6.73 6.74 6.66 73003
20140623 6.73 6.74 6.78 6.73 51271
20140624 6.74 6.76 6.77 6.72 55435
20140625 6.75 6.83 6.91 6.68 101304
20140626 6.89 6.80 6.89 6.78 95681
20140627 6.80 6.81 6.85 6.76 88987
20140630 6.79 6.83 6.86 6.79 104954
20140701 6.83 6.92 6.93 6.82 146414
20140702 6.90 6.87 6.92 6.83 109084
20140703 6.88 6.90 6.93 6.85 106802
20140704 6.89 6.88 6.92 6.86 80625
20140707 6.92 6.94 7.02 6.92 165911
20140708 6.96 6.91 6.97 6.87 94421
20140709 6.92 6.78 6.92 6.78 109381
20140710 6.80 6.74 6.83 6.73 84203
20140711 6.77 6.77 6.85 6.74 128191
20140714 6.79 6.94 6.96 6.77 216236
20140715 6.94 6.95 6.97 6.88 164695
20140716 6.96 6.94 7.02 6.92 160483
20140717 6.93 6.87 6.96 6.83 109392
20140718 6.86 6.88 6.94 6.82 104554
20140721 6.89 6.84 6.91 6.80 85146
20140722 6.86 6.94 6.95 6.82 155058
20140723 6.93 6.95 6.97 6.88 143382
20140724 6.95 7.08 7.10 6.92 326663
20140725 7.08 7.10 7.11 7.02 214290
20140728 7.11 7.19 7.25 7.09 438776
20140729 7.18 7.21 7.28 7.16 253727
20140730 7.20 7.16 7.23 7.11 213431
20140731 7.14 7.43 7.57 7.13 423999
20140801 7.37 7.28 7.47 7.26 344585
20140804 7.29 7.43 7.44 7.28 252979
20140805 7.43 7.41 7.45 7.33 254329
20140806 7.42 7.52 7.54 7.36 344237
20140807 7.52 7.39 7.54 7.38 294748
20140808 7.39 7.38 7.44 7.34 180007
20140811 7.38 7.46 7.52 7.37 244536
20140812 7.46 7.46 7.51 7.41 208072
20140813 7.46 7.42 7.49 7.32 233394
20140814 7.42 7.34 7.50 7.33 211806
20140815 7.34 7.58 7.78 7.31 512690
20140818 7.60 7.65 7.70 7.55 357494
20140819 7.65 7.59 7.66 7.50 302909
20140820 7.60 7.62 7.74 7.56 284933
20140821 7.63 7.54 7.65 7.46 221779
20140822 7.55 7.55 7.57 7.48 167514
20140825 7.56 7.43 7.57 7.38 200917
20140826 7.41 7.33 7.47 7.30 186696
20140827 7.32 7.41 7.43 7.32 126162
20140828 7.39 7.30 7.43 7.28 136987
20140829 7.30 7.36 7.36 7.27 111609
20140901 7.37 7.43 7.43 7.34 152603
20140902 7.43 7.50 7.52 7.40 278367
20140903 7.51 7.60 7.67 7.49 398546
20140904 7.60 7.62 7.63 7.55 269109
20140905 7.63 7.65 7.68 7.58 340506
20140909 7.65 7.72 7.74 7.64 345587
20140910 7.69 7.65 7.69 7.60 263269
20140911 7.65 7.70 7.82 7.63 403345
20140912 7.70 7.86 7.86 7.67 450889
20140915 7.89 7.86 8.04 7.82 497127
20140916 7.87 7.58 7.90 7.56 447686
20140917 7.58 7.69 7.72 7.56 251825
20140918 7.68 7.64 7.72 7.61 204026
20140919 7.65 7.69 7.73 7.63 222415
20140922 7.67 7.57 7.69 7.54 254611
20140923 7.57 7.64 7.66 7.57 184638
20140924 7.65 7.81 7.82 7.62 381294
20140925 7.82 7.77 7.94 7.72 411018
20140926 7.77 7.82 7.93 7.71 356190
20140929 7.87 7.92 7.92 7.80 378295
20140930 7.93 7.88 7.95 7.85 282727
20141008 7.92 7.94 7.96 7.87 310044
20141009 7.98 8.05 8.09 7.94 505618
20141010 8.05 7.93 8.06 7.88 389546
20141013 7.93 7.94 7.95 7.77 297990
20141014 7.90 7.85 7.96 7.83 243548
20141015 7.84 7.86 7.88 7.77 220660
20141016 7.80 7.70 7.90 7.70 297518
20141017 7.70 7.58 7.74 7.51 323402
20141020 7.60 7.68 7.69 7.58 156010
20141021 7.68 7.60 7.68 7.58 158675
20141022 7.62 7.55 7.65 7.55 163983
20141023 7.53 7.40 7.54 7.37 222944
20141024 7.40 7.43 7.48 7.40 103411
20141027 7.41 7.46 7.48 7.36 99587
20141028 7.48 7.61 7.62 7.48 197058
20141029 7.63 7.67 7.71 7.56 274264
20141030 7.68 7.66 7.69 7.62 222465
20141031 7.67 7.80 7.85 7.66 390699
20141103 7.81 7.83 7.89 7.75 297085
20141104 7.81 7.92 7.97 7.77 454047
20141105 7.94 7.83 7.94 7.81 299921
20141106 7.84 7.82 7.86 7.73 264639
20141107 7.83 7.69 7.89 7.63 346691
20141110 7.67 7.88 7.88 7.67 361108
20141111 7.90 7.71 7.93 7.60 438368
20141112 7.68 8.13 8.18 7.64 861593
20141113 8.10 8.03 8.19 8.00 640266
20141114 8.00 7.99 8.08 7.93 315822
20141117 8.02 7.97 8.06 7.90 282551
20141118 7.97 8.00 8.08 7.91 270640
20141119 7.99 7.94 8.05 7.92 311105
20141120 7.91 7.87 7.94 7.82 210359
20141121 7.88 7.95 7.97 7.85 212533
20141124 8.05 8.20 8.34 7.97 737658
20141125 8.18 8.24 8.31 8.15 483460
20141126 8.28 8.22 8.42 8.13 518908
20141127 8.24 8.25 8.28 8.14 433067
20141128 8.20 8.21 8.24 8.08 515348
20141201 8.21 8.25 8.42 8.18 611375
20141202 8.26 8.37 8.38 8.26 473590
20141203 8.40 8.52 8.70 8.33 808963
20141204 8.52 8.71 8.75 8.45 770254
20141205 8.71 8.41 8.81 8.21 852449
20141208 8.35 8.72 8.76 8.26 796143
20141209 8.70 8.49 9.25 8.46 1319336
20141210 8.48 8.96 8.97 8.43 697641
20141211 8.90 9.08 9.26 8.82 957264
20141212 9.10 8.96 9.15 8.88 669854
20141215 9.01 8.95 9.04 8.75 551007
20141216 8.95 9.08 9.14 8.84 598294
20141217 9.09 8.88 9.09 8.76 559490
20141218 8.80 8.69 8.82 8.58 551296
20141219 8.65 8.69 8.74 8.40 530564
20141222 8.62 8.74 8.98 8.52 665313
20141223 8.69 8.37 8.69 8.34 414988
20141224 8.37 8.47 8.51 8.30 322130
20141225 8.48 8.57 8.61 8.44 299311
20141226 8.58 8.67 8.69 8.53 351452
20141229 8.74 8.62 8.87 8.59 532027
20141230 8.65 8.95 8.95 8.48 706272
20141231 8.93 8.89 8.96 8.77 482580
20150105 8.90 9.13 9.20 8.85 774843
20150106 9.14 9.16 9.38 9.02 746965
20150107 9.16 9.01 9.22 8.89 511580
20150108 9.02 9.13 9.29 8.86 644212
20150109 9.17 8.89 9.22 8.88 543439
20150112 8.71 8.51 8.78 8.47 456347
20150113 8.49 8.55 8.63 8.45 226769
20150114 8.56 8.42 8.61 8.39 229081
20150115 8.42 8.60 8.64 8.40 220789
20150116 8.59 8.73 8.80 8.56 351928
20150119 8.40 8.21 8.62 7.95 531811
20150120 8.21 8.36 8.41 8.21 276192
20150121 8.39 8.57 8.62 8.37 315248
20150122 8.55 8.61 8.65 8.50 281059
20150123 8.56 8.73 8.75 8.52 444321
20150126 8.70 9.01 9.08 8.66 586322
20150127 9.01 8.92 9.05 8.80 368561
20150128 8.94 9.00 9.05 8.84 399315
20150129 8.92 9.13 9.20 8.89 572253
20150130 9.11 9.00 9.15 8.84 414853
20150202 8.86 8.99 9.11 8.81 290897
20150203 9.00 9.21 9.32 8.99 573841
20150204 9.21 9.29 9.45 9.15 771056
20150205 9.35 9.32 9.49 9.15 710016
20150206 9.26 8.93 9.30 8.90 441252
20150209 8.97 9.02 9.09 8.90 267247
20150210 9.02 9.08 9.11 8.93 219253
20150211 9.10 9.27 9.30 9.01 324714
20150212 9.30 9.24 9.34 9.17 223225
20150213 9.25 9.38 9.56 9.25 540995
20150216 9.39 9.48 9.49 9.30 335062
20150217 9.48 9.39 9.56 9.37 301446
20150225 9.21 9.10 9.29 9.04 450469
20150226 9.10 9.23 9.25 9.07 286078
20150227 9.23 9.14 9.23 9.13 279008
20150302 9.18 9.24 9.24 9.11 426295
20150303 9.20 9.33 9.34 9.06 522727
20150304 9.30 9.89 10.25 9.28 1247957
20150305 9.80 10.04 10.18 9.73 891445
20150306 9.99 9.79 10.19 9.75 555476
20150309 9.80 9.89 10.06 9.75 543170
20150310 9.88 10.36 10.45 9.83 844890
20150311 10.34 10.26 10.60 10.19 566104
20150312 10.36 10.09 10.36 10.05 446419
20150313 10.14 10.21 10.29 10.06 318028
20150316 10.30 10.37 10.42 10.22 407296
20150317 10.45 10.40 10.46 10.24 544099
20150318 10.40 10.87 11.05 10.31 811249
20150423 11.96 11.96 11.96 11.96 8917
20150424 13.16 13.16 13.16 13.16 114086
20150427 14.48 14.26 14.48 13.77 2056438
20150428 14.26 14.65 15.30 14.26 1342487
20150429 14.40 14.85 15.25 13.88 964502
20150430 14.69 15.49 16.32 14.58 1108692
20150504 15.44 15.46 16.14 15.27 794405
20150505 15.40 15.39 15.70 15.01 793908
20150506 15.33 15.99 16.49 15.26 933173
20150507 15.80 14.90 16.38 14.65 907475
20150508 14.88 14.69 14.99 14.40 580033
20150511 14.78 15.16 15.30 14.35 713347
20150512 15.17 16.10 16.17 15.03 903993
20150513 16.26 16.32 17.37 15.85 900595
20150514 16.15 16.05 16.83 15.80 538347
20150515 15.95 15.32 15.95 15.25 493213
20150518 15.03 14.99 15.25 14.91 408367
20150519 14.99 15.37 15.53 14.99 420677
20150520 15.39 15.23 15.77 15.06 569070
20150521 15.02 15.60 15.60 14.90 743682
20150522 15.83 15.75 15.96 15.38 786139
20150525 15.65 16.19 16.30 15.51 1089998
20150526 16.30 16.78 16.79 15.88 1440227
20150527 16.76 17.98 18.17 16.25 1501782
20150528 17.88 16.18 18.29 16.18 1283525
20150529 16.00 15.51 16.43 15.25 939287
20150601 15.52 16.14 16.19 15.52 569861
20150602 16.15 16.53 16.75 16.03 636358
20150603 16.54 16.09 16.64 15.76 681400
20150604 16.00 15.50 16.08 14.67 760079
20150605 15.76 16.03 16.12 15.45 692104
20150608 16.16 16.54 16.66 15.65 906749
20150609 16.60 17.05 17.17 16.33 939378
20150610 17.06 16.85 17.36 16.66 730963
20150611 16.70 17.07 17.15 16.68 650248
20150612 17.07 16.89 17.25 16.80 634017
20150615 16.96 17.36 17.79 16.80 944113
20150616 17.05 17.92 18.50 16.96 1152784
20150617 17.92 17.38 18.06 16.13 842340
20150618 17.17 16.19 17.35 16.19 568324
20150619 15.61 14.57 15.99 14.57 555792
20150623 14.57 14.75 14.99 13.15 547165
20150624 14.80 14.99 15.25 14.51 490413
20150625 15.00 14.51 15.58 14.20 556956
20150626 14.00 13.06 14.20 13.06 613810
20150629 13.60 12.13 13.70 11.75 630596
20150630 12.51 13.34 13.34 12.13 673310
20150701 13.39 13.42 14.24 13.33 810644
20150702 13.79 13.22 14.13 12.71 781343
20150703 12.80 12.01 13.75 11.90 868074
20150706 13.21 12.51 13.21 10.99 1005415
20150707 11.89 11.26 12.25 11.26 723195
20150708 10.13 11.46 12.39 10.13 1687223
20150709 11.47 12.61 12.61 11.47 567745
20150710 13.25 13.87 13.87 12.81 809400
20150713 14.00 14.61 15.00 13.58 1226391
20150714 14.11 13.42 14.39 13.35 927127
20150715 13.00 12.10 13.34 12.10 606121
20150716 12.10 12.70 13.07 11.46 444394
20150717 12.73 13.41 13.77 12.72 489483
20150720 13.40 13.16 13.69 12.89 523101
20150721 12.91 13.28 13.65 12.76 409800
20150722 13.23 13.25 13.50 12.80 361119
20150723 13.19 13.57 13.76 13.03 477837
20150724 13.58 13.11 13.68 13.00 528207
20150727 12.91 11.80 13.15 11.80 451501
20150728 11.56 11.63 11.95 10.81 507453
20150729 11.63 12.05 12.16 11.05 365072
20150730 12.09 11.35 12.16 11.30 299944
