20140102 15.46 15.55 15.61 15.08 27508
20140103 15.47 15.12 15.47 15.10 29859
20140106 15.11 14.10 15.11 14.01 47372
20140107 13.98 14.42 14.43 13.87 32292
20140108 14.49 14.66 14.88 14.40 35502
20140109 14.66 14.20 14.71 14.18 25988
20140110 14.16 14.47 14.89 14.04 39473
20140113 14.34 14.36 14.65 14.21 21182
20140114 14.36 14.73 14.76 14.28 27111
20140115 14.74 14.63 14.79 14.35 24616
20140116 14.63 14.52 14.75 14.46 23061
20140117 14.50 14.01 14.50 13.95 26400
20140120 13.98 13.56 14.00 13.47 23994
20140121 13.73 13.91 14.14 13.72 23515
20140122 14.02 14.21 14.24 13.82 26307
20140123 14.13 14.45 14.62 14.10 35092
20140124 14.38 14.64 14.66 14.36 33181
20140127 14.55 14.50 14.87 14.49 29479
20140128 14.51 14.81 14.86 14.41 27358
20140129 14.88 15.05 15.28 14.88 41354
20140130 15.05 14.69 15.14 14.60 26424
20140207 14.46 14.70 14.74 14.31 16216
20140210 14.70 15.08 15.18 14.60 33822
20140211 15.09 15.61 15.61 14.95 49836
20140212 15.74 15.67 15.90 15.40 42941
20140213 15.61 15.08 15.64 15.08 31132
20140214 15.07 15.86 15.87 15.03 43159
20140217 15.89 16.48 16.60 15.71 75709
20140218 16.40 16.16 16.44 16.03 41739
20140219 16.04 16.18 16.31 15.90 28533
20140220 16.20 15.53 16.24 15.45 36371
20140221 15.45 15.26 15.69 15.10 19750
20140224 15.26 15.53 15.59 15.01 20936
20140225 15.44 14.09 15.70 14.09 33857
20140226 14.05 13.91 14.06 13.54 23714
20140227 13.91 13.50 14.12 13.50 21979
20140228 13.38 13.62 13.69 12.96 22034
20140303 13.60 13.82 13.85 13.48 17028
20140304 13.70 13.87 14.08 13.60 16250
20140305 13.88 13.96 14.14 13.82 16358
20140306 13.98 13.98 14.03 13.81 13257
20140307 14.10 14.12 14.47 14.03 20743
20140310 14.17 13.28 14.22 13.08 23510
20140311 13.17 13.45 13.51 13.07 13433
20140312 13.60 13.65 13.73 13.22 15869
20140313 13.59 13.68 13.88 13.45 11463
20140314 13.70 13.40 13.70 13.34 11708
20140317 13.44 13.68 13.69 13.37 9264
20140318 13.69 13.81 13.87 13.65 13796
20140319 13.81 13.64 13.82 13.54 10155
20140320 13.64 13.20 13.71 13.20 10455
20140321 13.14 13.61 13.61 13.00 15619
20140324 13.62 13.75 13.85 13.52 13882
20140325 13.75 13.81 13.89 13.59 12639
20140326 13.80 13.84 13.85 13.63 14641
20140327 13.81 13.93 14.08 13.80 23465
20140328 14.04 13.34 14.04 13.29 19827
20140331 13.30 13.24 13.47 13.21 7382
20140401 13.31 13.45 13.45 13.21 7629
20140402 13.46 14.80 14.80 13.33 73090
20140403 14.86 15.38 16.06 14.80 108387
20140404 15.37 15.10 15.37 14.80 63128
20140717 16.57 16.57 16.57 16.57 2635
20140718 18.23 18.23 18.23 18.23 2968
20140721 20.05 20.05 20.05 20.05 5476
20140722 22.06 22.06 22.06 22.06 3430
20140723 24.27 24.27 24.27 24.27 5136
20140729 25.01 26.70 26.70 22.22 173250
20140730 27.80 29.37 29.37 27.10 137076
20140731 30.50 28.10 30.78 27.95 101201
20140801 28.15 28.12 28.87 27.23 103279
20140804 27.55 27.41 27.90 26.69 79155
20140805 27.12 27.29 27.80 26.60 55613
20140806 26.73 27.01 27.25 26.70 39466
20140807 26.78 27.48 29.48 26.78 126966
20140808 27.20 28.30 28.88 26.71 115390
20140811 28.89 29.85 30.57 28.88 110087
20140812 30.00 32.84 32.84 29.40 102404
20140813 34.79 36.12 36.12 34.20 135733
20140814 37.00 39.73 39.73 36.22 129688
20140815 36.30 38.10 39.98 35.76 135915
20140818 36.80 41.91 41.91 36.71 114513
20140819 43.88 40.40 44.40 40.30 154950
20140820 40.00 39.38 41.99 37.54 111514
20140821 39.00 38.63 40.30 38.29 72481
20140822 37.80 42.49 42.49 37.30 98175
20140825 44.40 46.74 46.74 44.00 131449
20140826 46.19 49.05 50.95 45.33 130353
20140827 48.60 50.10 52.48 48.51 102444
20140828 50.10 45.09 50.21 45.09 96302
20140829 43.92 44.03 45.13 42.50 83363
20140901 43.90 46.50 46.55 42.70 80119
20140902 45.68 45.49 46.90 44.56 79888
20140903 44.51 46.90 49.00 43.82 102051
20140904 45.70 45.16 46.47 44.76 64984
20140905 44.90 44.88 45.96 44.33 47000
20140909 44.50 44.96 45.88 44.36 47498
20140910 45.44 45.03 45.95 43.90 48908
20140919 46.02 45.11 49.08 44.89 85350
20140922 42.99 40.60 42.99 40.60 59457
20140923 39.00 39.68 40.30 38.29 60710
20140924 39.09 39.42 40.29 38.76 55965
20140925 39.82 38.79 39.98 38.56 56604
20140926 38.60 39.36 39.49 38.02 44346
20140929 39.36 39.04 39.50 38.86 32150
20140930 39.04 38.76 39.34 38.50 28378
20141008 38.85 38.79 38.91 37.00 41105
20141009 38.39 39.68 39.89 38.11 52363
20141010 39.51 38.29 39.51 38.05 34296
20141013 38.21 37.53 38.21 36.62 34491
20141014 37.15 37.42 37.76 37.00 23744
20141015 37.50 37.85 38.14 37.40 23610
20141016 37.68 36.89 37.68 36.88 22073
20141017 36.90 35.69 37.13 35.00 28642
20141020 35.69 36.52 36.68 35.32 17753
20141021 36.50 37.38 37.98 36.29 34612
20141022 37.19 37.12 37.96 36.51 24918
20141023 35.51 36.72 37.50 35.51 23271
20141024 36.85 38.64 39.10 36.52 47476
20141027 38.65 39.06 39.95 37.58 41776
20141028 39.15 38.96 39.38 38.50 32281
20141029 39.29 39.93 40.19 38.68 52647
20141030 40.50 38.72 40.90 38.50 49579
20141031 38.40 38.41 39.42 37.50 24407
20141103 38.71 38.38 38.75 37.86 19531
20141104 38.76 39.33 40.09 38.56 40667
20141105 39.25 37.70 39.29 37.50 34305
20141106 37.70 37.55 37.80 36.08 21312
20141107 37.56 38.32 38.49 36.82 26883
20141110 38.35 40.95 42.15 37.55 72574
20141111 41.48 39.23 41.48 38.37 42232
20141112 39.22 37.97 39.22 36.90 30294
20141113 37.49 35.80 37.49 35.79 25466
20141114 35.63 34.19 35.64 33.80 24419
20141117 33.85 34.65 35.28 33.79 14265
20141118 34.67 34.82 35.34 34.50 10149
20141119 34.60 38.30 38.30 34.60 49423
20141120 37.90 37.00 37.90 36.45 33954
20141121 37.30 38.25 39.50 36.93 35947
20141124 37.99 39.00 39.39 37.31 30811
20141125 38.90 38.40 38.90 37.90 16324
20141126 38.32 38.21 39.08 37.40 16983
20141127 38.04 38.70 38.80 37.54 18563
20141128 38.60 38.30 39.05 37.80 21840
20141201 38.30 37.36 38.70 36.80 15321
20141202 37.32 37.43 37.68 36.91 11060
20141203 37.14 38.35 38.47 36.50 20798
20141204 38.34 40.05 40.54 37.72 41169
20141205 39.50 37.80 39.50 37.01 21756
20141208 37.35 36.25 37.35 35.86 19389
20141209 36.24 34.10 36.24 34.00 24650
20141210 34.15 34.58 34.94 33.90 16183
20141211 34.58 35.50 35.75 34.14 19952
20141212 35.58 36.69 36.75 35.58 16569
20141215 38.21 40.36 40.36 38.21 40684
20141216 42.38 43.00 44.00 42.00 67142
20141217 42.77 42.67 43.00 41.00 25236
20141218 42.70 42.03 42.71 41.23 13874
20141219 43.99 44.78 46.18 43.90 36118
20141222 40.30 40.30 40.30 40.30 2907
20141223 36.27 36.27 36.27 36.27 1349
20141224 32.64 36.89 38.27 32.64 60341
20141225 35.00 34.86 35.50 34.00 30350
20141226 34.47 33.97 35.18 33.65 23866
20141229 33.21 30.57 33.25 30.57 21832
20141230 28.99 28.50 30.22 27.83 34703
20141231 28.40 29.02 29.35 28.00 20114
20150105 29.02 27.82 29.19 27.50 21921
20150106 27.78 29.37 29.38 27.54 27519
20150107 28.99 29.80 30.28 28.80 22983
20150108 29.87 32.78 32.78 29.57 33756
20150109 32.88 33.78 35.82 32.55 41795
20150112 33.10 34.98 36.14 31.80 24988
20150113 34.89 34.46 35.10 33.65 14622
20150114 34.78 32.99 34.78 32.51 10672
20150115 32.51 33.28 34.65 32.50 11887
20150116 32.90 34.29 34.81 32.60 13563
20150119 33.31 34.78 35.94 32.98 19105
20150120 34.83 35.58 35.90 34.83 15459
20150121 35.65 38.01 38.99 35.20 23599
20150122 38.00 37.49 38.00 36.92 17184
20150123 37.49 38.17 39.18 36.90 17126
20150126 38.18 37.94 39.00 37.25 9937
20150127 37.28 37.08 37.86 36.01 10356
20150128 37.00 36.80 37.36 36.50 6203
20150129 36.53 34.75 36.53 34.00 36968
20150130 34.33 33.50 34.89 33.27 17962
20150202 33.09 34.61 34.70 32.65 9006
20150203 34.54 35.32 35.68 34.24 10607
20150204 35.32 38.10 38.85 35.10 29685
20150205 37.30 40.08 41.00 37.30 33484
20150206 39.45 36.91 39.97 36.41 28143
20150209 36.90 38.62 40.60 36.00 12292
20150210 38.25 38.05 38.25 36.85 8553
20150211 38.34 39.45 40.83 37.70 18469
20150212 39.00 38.84 40.40 38.50 8815
20150213 38.68 39.05 39.58 38.21 9156
20150216 38.65 38.85 39.19 38.00 16923
20150217 38.80 40.75 41.45 38.80 16181
20150305 44.83 44.83 44.83 44.83 1700
20150306 47.99 49.31 49.31 46.30 38609
20150309 51.00 47.10 51.00 46.80 36472
20150310 47.80 47.77 48.00 46.29 18608
20150311 47.41 46.16 47.50 45.00 18691
20150312 46.20 44.15 46.20 43.60 16827
20150313 45.10 45.36 45.95 44.30 15213
20150316 45.70 48.78 49.68 45.69 27732
20150317 48.87 47.35 49.10 46.85 18684
20150318 47.48 47.80 47.82 46.88 13539
20150319 47.90 51.40 52.45 47.20 24508
20150320 51.40 52.70 55.18 50.00 22918
20150323 52.49 54.63 55.60 51.66 20616
20150324 54.00 60.09 60.09 53.00 24827
20150325 62.68 66.10 66.10 61.50 30043
20150326 64.81 61.95 67.50 61.00 25283
20150327 62.99 61.81 63.95 60.60 11012
20150330 56.00 60.89 61.99 55.90 30232
20150331 59.00 60.90 63.01 54.82 23451
20150401 60.30 61.55 62.29 59.25 10216
20150402 61.70 64.00 65.15 61.70 14574
20150403 62.30 62.89 64.00 62.30 10542
20150407 63.15 62.29 63.15 60.81 10895
20150408 62.35 63.33 65.56 61.00 13191
20150409 62.20 59.98 63.30 58.00 11665
20150410 60.27 61.00 62.48 59.00 9148
20150413 60.00 63.19 64.53 60.00 13366
20150414 62.54 62.66 63.58 61.05 9211
20150415 62.30 57.10 62.40 57.01 11722
20150416 56.76 56.89 58.99 56.11 8592
20150417 56.82 57.41 58.30 56.08 7614
20150420 57.35 56.27 60.40 55.50 11479
20150421 55.00 57.85 58.50 55.00 9706
20150422 57.86 59.66 60.18 57.86 9052
20150423 60.00 58.99 60.26 58.30 7412
20150424 58.48 60.10 60.20 57.00 11800
20150427 66.11 62.50 66.11 62.31 22168
20150428 61.55 58.06 63.49 56.80 14617
20150429 58.00 58.70 60.00 57.00 8948
20150430 58.60 60.29 61.30 57.83 10154
20150504 61.89 63.35 65.50 59.52 16151
20150505 63.36 64.89 68.00 61.91 15248
20150506 65.50 71.38 71.38 65.23 28762
20150507 73.50 67.50 74.80 66.18 21783
20150508 71.00 74.25 74.25 71.00 6699
20150511 81.68 81.68 81.68 79.02 24341
20150512 87.80 89.85 89.85 84.00 42941
20150513 86.99 91.61 98.18 84.00 36029
20150514 89.89 91.00 93.85 85.25 24822
20150521 99.00 100.10 100.10 92.00 30501
20150522 103.00 110.11 110.11 100.10 23509
20150605 121.00 106.98 121.00 105.33 25684
20150608 100.00 99.37 112.00 96.66 24537
20150609 100.80 97.10 103.07 93.88 16867
20150610 96.88 101.30 105.00 95.10 12595
20150611 101.00 105.00 111.00 101.00 19069
20150612 111.00 115.50 115.50 110.50 12284
20150615 119.00 103.95 123.00 103.95 34595
20150616 97.46 93.56 97.46 93.56 14111
20150617 87.80 94.58 95.47 84.20 22942
20150618 93.01 85.12 93.49 85.12 15729
20150619 81.00 78.00 83.38 76.61 13808
20150623 82.00 85.80 85.80 78.52 14928
20150624 87.90 86.59 88.49 83.00 17637
20150625 86.59 77.93 86.59 77.93 17433
20150626 74.43 70.14 74.43 70.14 10459
20150629 70.23 63.13 71.97 63.13 19626
20150630 60.15 69.44 69.44 56.82 30952
20150701 69.78 67.10 73.95 66.10 22220
20150702 68.70 61.72 71.20 60.39 20467
20150703 58.00 58.00 65.00 55.55 27843
20150706 63.80 55.00 63.80 52.20 30371
20150707 51.55 49.50 52.00 49.50 8594
20150714 54.45 54.45 54.45 54.45 526
20150715 59.90 59.01 59.90 56.55 34357
20150716 59.00 62.56 64.50 53.12 33141
20150717 62.56 68.19 68.80 61.19 20793
20150720 68.00 75.01 75.01 65.80 21596
20150721 82.51 82.51 82.51 80.23 15421
20150722 90.76 90.76 90.76 87.88 58170
20150723 90.98 87.69 90.98 85.25 63219
20150724 85.73 91.38 95.00 85.50 56427
20150727 88.90 82.24 92.80 82.24 41102
20150728 75.50 74.02 82.49 74.02 48516
20150729 76.50 81.30 81.39 72.05 41809
20150730 80.92 74.00 81.10 73.52 34359
