20140102 3.18 3.23 3.24 3.18 50278
20140103 3.20 3.23 3.23 3.19 25023
20140106 3.23 3.18 3.26 3.17 35500
20140107 3.19 3.13 3.20 3.11 31923
20140108 3.13 3.13 3.18 3.12 17411
20140109 3.17 3.19 3.27 3.15 46736
20140110 3.17 3.21 3.23 3.13 25793
20140113 3.25 3.20 3.25 3.16 20399
20140114 3.19 3.28 3.29 3.19 31709
20140115 3.28 3.26 3.29 3.22 18540
20140116 3.23 3.22 3.28 3.20 26920
20140117 3.24 3.17 3.24 3.16 14335
20140120 3.17 3.21 3.25 3.15 20405
20140121 3.24 3.22 3.24 3.18 15723
20140122 3.20 3.27 3.28 3.20 25010
20140123 3.27 3.34 3.43 3.25 58154
20140124 3.32 3.33 3.37 3.30 36897
20140127 3.33 3.26 3.33 3.25 24467
20140128 3.29 3.27 3.30 3.23 15791
20140129 3.26 3.29 3.31 3.25 11730
20140130 3.26 3.28 3.29 3.24 15130
20140207 3.24 3.33 3.33 3.24 18238
20140210 3.34 3.38 3.40 3.33 37395
20140211 3.38 3.39 3.40 3.35 35301
20140212 3.38 3.41 3.42 3.36 25091
20140213 3.38 3.37 3.43 3.35 30555
20140214 3.37 3.43 3.44 3.35 29817
20140217 3.44 3.48 3.48 3.42 33788
20140218 3.48 3.45 3.48 3.42 33525
20140219 3.48 3.55 3.58 3.46 60896
20140220 3.56 3.68 3.77 3.50 107010
20140221 3.62 3.56 3.68 3.54 52658
20140224 3.55 3.47 3.55 3.43 29256
20140225 3.47 3.39 3.55 3.36 29217
20140226 3.40 3.47 3.48 3.32 24055
20140227 3.47 3.49 3.55 3.45 27969
20140228 3.49 3.56 3.56 3.40 21939
20140303 3.57 3.57 3.65 3.55 24504
20140304 3.55 3.69 3.70 3.52 48939
20140305 3.70 3.67 3.70 3.62 30527
20140306 3.67 3.63 3.67 3.57 22607
20140307 3.62 3.61 3.65 3.59 17552
20140310 3.60 3.97 3.97 3.52 90812
20140311 3.88 4.12 4.30 3.76 187058
20140312 4.03 4.30 4.34 3.90 197173
20140313 4.23 4.12 4.28 4.00 119817
20140314 4.05 4.25 4.26 3.97 132735
20140317 4.18 4.15 4.29 4.14 94427
20140318 4.14 3.99 4.20 3.94 130610
20140319 3.95 3.90 3.95 3.81 92448
20140320 3.90 4.29 4.29 3.87 181373
20140321 4.36 4.45 4.66 4.36 296661
20140324 4.50 4.52 4.63 4.32 214082
20140325 4.46 4.65 4.80 4.35 218715
20140326 4.56 4.56 4.62 4.45 117216
20140327 4.50 4.38 4.53 4.38 93548
20140328 4.33 4.24 4.46 4.23 88230
20140331 4.27 4.62 4.66 4.27 259812
20140401 4.51 4.46 4.57 4.33 147016
20140402 4.40 4.42 4.49 4.35 95854
20140403 4.40 4.67 4.80 4.34 180604
20140404 4.58 4.69 4.89 4.53 168045
20140408 4.65 4.74 4.85 4.52 110256
20140409 4.66 4.55 4.79 4.46 150370
20140410 4.54 4.49 4.65 4.39 154243
20140411 4.49 4.59 4.68 4.39 125061
20140414 4.54 4.62 4.62 4.48 81740
20140415 4.56 4.60 4.60 4.45 104166
20140416 4.56 4.62 4.84 4.56 89565
20140417 4.61 4.63 4.66 4.49 74392
20140418 4.58 4.70 4.76 4.56 71559
20140421 4.63 4.86 4.98 4.62 149366
20140422 4.85 5.35 5.35 4.75 347320
20140423 5.46 5.51 5.60 5.23 250933
20140424 5.41 5.17 5.56 5.16 208589
20140425 5.22 5.29 5.53 5.18 173376
20140428 5.26 4.77 5.34 4.76 238151
20140429 4.55 4.85 4.90 4.55 124881
20140430 4.85 5.34 5.34 4.82 246269
20140505 5.23 5.62 5.86 5.14 256747
20140506 5.98 5.87 6.00 5.63 202540
20140507 5.80 5.59 5.80 5.40 241339
20140508 5.68 5.44 5.69 5.38 176431
20140509 5.45 5.13 5.47 5.01 195721
20140512 5.13 5.23 5.35 5.13 155141
20140513 5.29 5.75 5.75 5.19 274186
20140514 5.69 5.59 5.84 5.41 213986
20140515 5.59 5.43 5.63 5.29 134739
20140516 5.48 5.58 5.80 5.43 188717
20140519 5.40 5.63 5.74 5.09 146469
20140520 5.59 5.80 5.84 5.44 202774
20140521 5.70 5.66 5.98 5.65 177637
20140522 5.63 5.83 5.88 5.56 168627
20140523 5.77 5.73 5.93 5.68 106621
20140526 5.69 5.67 5.77 5.51 107976
20140527 5.66 5.69 5.72 5.55 76906
20140528 5.68 5.51 5.69 5.49 112445
20140529 5.46 5.16 5.46 5.15 168080
20140530 5.07 5.19 5.22 5.07 79781
20140603 5.21 5.15 5.31 5.12 63017
20140604 5.12 5.02 5.17 4.96 70204
20140605 5.01 5.05 5.10 4.93 59757
20140606 5.03 4.87 5.03 4.85 84216
20140609 4.89 4.91 5.01 4.81 71056
20140610 4.91 4.96 4.97 4.86 44293
20140611 4.93 5.00 5.01 4.92 39401
20140612 5.00 4.96 5.05 4.95 43091
20140613 4.96 5.07 5.08 4.91 58971
20140616 5.08 5.11 5.20 5.04 68380
20140617 5.16 5.00 5.17 4.94 74612
20140618 5.04 4.85 5.04 4.82 47460
20140619 4.80 4.55 4.80 4.50 73860
20140620 4.55 4.66 4.73 4.55 32859
20140623 4.66 4.70 4.77 4.64 22990
20140624 4.67 4.69 4.71 4.64 22494
20140625 4.67 4.61 4.67 4.61 21029
20140626 4.58 4.62 4.69 4.57 29232
20140627 4.66 4.63 4.68 4.55 46747
20140630 4.63 4.74 4.74 4.57 42981
20140701 4.75 5.21 5.21 4.71 180185
20140702 5.21 5.20 5.37 5.10 122518
20140703 5.23 5.13 5.24 5.12 58821
20140704 5.17 5.27 5.45 5.15 122429
20140707 5.31 5.41 5.49 5.25 102032
20140708 5.39 5.57 5.68 5.32 85168
20140709 5.55 5.42 5.64 5.39 75191
20140710 5.58 5.51 5.70 5.45 59474
20140711 5.49 5.53 5.74 5.32 68154
20140714 5.50 5.51 5.64 5.41 50782
20140715 5.48 5.37 5.56 5.31 54449
20140716 5.37 5.51 5.51 5.35 54791
20140717 5.51 5.53 5.60 5.46 50142
20140718 5.53 5.58 5.63 5.48 42280
20140721 5.62 5.52 5.63 5.43 43740
20140722 5.52 5.56 5.60 5.45 51217
20140723 5.56 5.45 5.59 5.45 33389
20140724 5.45 5.29 5.51 5.22 47811
20140725 5.37 5.32 5.37 5.24 24403
20140911 5.85 5.85 5.85 5.78 74521
20140912 6.00 6.44 6.44 5.96 261627
20140915 6.68 6.44 6.78 6.30 273106
20140916 6.48 6.15 6.54 6.15 164610
20140917 6.00 6.03 6.10 5.84 185203
20140918 5.99 6.15 6.37 5.90 181588
20140919 6.08 6.09 6.20 5.98 97841
20140922 6.08 6.23 6.30 6.00 126688
20140923 6.20 6.24 6.33 6.15 83665
20140924 6.20 6.18 6.23 6.11 75614
20140925 6.16 6.20 6.42 6.10 127262
20140926 6.09 6.22 6.35 6.01 73124
20140929 6.22 6.36 6.37 6.16 105172
20140930 6.40 6.33 6.44 6.27 67367
20141008 6.37 6.55 6.59 6.32 105887
20141009 6.56 6.97 7.20 6.56 209607
20141010 7.18 7.59 7.67 7.00 267439
20141013 7.59 7.22 7.59 7.01 167295
20141014 7.16 7.82 7.90 7.08 188902
20141015 7.80 7.66 7.80 7.46 109151
20141016 7.53 7.22 7.65 7.18 117179
20141017 7.21 7.28 7.39 7.08 57694
20141020 7.29 7.32 7.42 7.10 57823
20141021 7.32 7.24 7.35 7.10 69937
20141022 7.26 7.75 7.94 7.22 177523
20141023 7.60 7.80 8.15 7.53 130006
20141024 7.80 7.59 7.80 7.52 63149
20141027 7.80 7.62 7.81 7.56 46262
20141028 7.63 7.76 7.87 7.58 89546
20141029 7.76 8.33 8.35 7.60 140642
20141030 8.26 8.18 8.26 7.98 111791
20141031 8.11 8.18 8.43 8.08 94671
20141103 8.15 8.44 8.65 8.13 112130
20141104 8.48 8.35 8.51 8.18 66469
20141105 8.31 8.36 8.43 8.20 43051
20141106 8.70 8.23 8.70 8.15 74903
20141107 8.20 7.80 8.28 7.78 113332
20141110 7.70 7.79 7.80 7.58 64070
20141111 7.79 7.52 7.79 7.46 73838
20141112 7.48 7.65 7.69 7.42 29265
20141113 7.57 7.61 7.67 7.54 33324
20141114 7.57 7.28 7.60 7.19 53233
20141117 7.21 7.40 7.40 7.20 31111
20141118 7.31 7.60 7.66 7.31 34244
20141119 7.68 7.60 7.72 7.50 28864
20141120 7.54 7.58 7.64 7.42 23907
20141121 7.65 7.51 7.69 7.43 30832
20141124 7.60 7.49 7.66 7.48 45720
20141125 7.49 7.46 7.57 7.30 44928
20141126 7.46 7.39 7.48 7.33 44716
20141127 7.38 7.46 7.58 7.36 67600
20141128 7.51 7.35 7.51 7.34 50892
20141201 7.28 7.10 7.32 7.09 65661
20141202 7.12 7.21 7.26 7.09 38163
20141203 7.21 7.11 7.24 7.04 68944
20141204 7.15 7.21 7.29 7.08 66854
20141205 7.26 7.93 7.93 7.25 292056
20141208 8.00 8.38 8.62 7.89 287539
20141209 8.28 7.54 8.30 7.54 153797
20141210 7.46 7.63 7.80 7.12 86872
20141211 7.50 7.63 7.71 7.45 52788
20141212 7.63 7.90 8.25 7.52 97909
20141215 7.90 7.83 7.95 7.57 64455
20141216 7.80 7.85 7.92 7.72 48832
20141217 7.85 7.61 7.85 7.55 52395
20141218 7.58 7.47 7.70 7.45 40456
20141219 7.46 7.30 7.46 7.10 56098
20141222 7.20 6.82 7.20 6.57 64969
20141223 6.75 6.74 6.95 6.70 26846
20141224 6.74 6.87 6.91 6.63 29698
20141225 6.87 7.07 7.11 6.79 26774
20141226 7.07 7.05 7.14 6.98 26657
20141229 7.06 6.79 7.06 6.65 37555
20141230 6.66 6.98 7.00 6.64 47690
20141231 6.92 6.94 7.00 6.82 21372
20150105 6.90 6.96 7.00 6.87 33150
20150106 6.97 7.20 7.28 6.91 44345
20150107 7.14 7.15 7.27 7.09 23273
20150108 7.15 7.04 7.15 6.98 31335
20150109 7.01 6.99 7.11 6.98 17642
20150112 6.98 6.86 6.98 6.80 17054
20150113 6.83 6.87 6.96 6.78 18340
20150114 6.82 7.13 7.26 6.82 37764
20150115 7.13 7.10 7.18 6.96 24117
20150116 7.10 7.11 7.21 7.03 35716
20150119 7.00 6.93 7.16 6.80 40977
20150120 7.00 7.05 7.09 6.97 25841
20150121 7.09 7.30 7.34 7.01 62407
20150122 7.30 7.40 7.48 7.25 58877
20150123 7.78 7.73 8.09 7.58 118534
20150126 7.60 8.00 8.07 7.54 112446
20150127 7.99 8.19 8.31 7.82 131698
20150128 8.19 8.24 8.73 8.16 96943
20150129 8.16 8.07 8.32 8.01 53548
20150130 8.04 7.83 8.20 7.69 53148
20150202 7.61 7.90 8.05 7.61 38799
20150203 7.91 7.72 8.03 7.64 69688
20150204 7.69 7.78 7.88 7.69 45019
20150205 7.96 7.55 7.96 7.52 73067
20150206 7.60 7.34 7.60 7.28 58994
20150209 7.02 7.27 7.44 7.02 32717
20150210 7.18 7.28 7.33 7.18 39758
20150211 7.36 7.65 7.75 7.34 59811
20150212 7.79 7.55 7.79 7.51 63363
20150213 7.61 8.03 8.10 7.54 130966
20150216 8.03 8.10 8.42 8.03 143541
20150217 8.11 8.10 8.15 7.91 83898
20150225 8.12 8.10 8.20 8.05 47269
20150226 8.10 8.28 8.39 8.07 63649
20150227 8.39 8.15 8.39 8.09 89137
20150302 8.24 8.07 8.24 7.96 122734
20150303 8.00 8.07 8.15 7.97 97614
20150304 8.12 8.88 8.88 8.09 353032
20150305 8.98 9.30 9.62 8.83 263257
20150306 9.20 9.04 9.28 8.74 179816
20150309 9.12 9.30 9.48 8.82 168629
20150310 9.28 10.23 10.23 9.28 231935
20150311 10.30 11.02 11.22 9.88 319235
20150312 11.02 10.94 11.49 10.70 230421
20150313 10.95 11.00 11.20 10.53 164771
20150316 10.94 11.19 11.25 10.82 147096
20150317 11.20 11.06 11.30 10.94 142587
20150318 11.03 10.79 11.55 10.60 328361
20150319 10.73 10.64 10.85 10.40 206998
20150320 10.60 10.97 11.20 10.51 218052
20150323 11.00 10.95 11.30 10.88 196468
20150324 10.84 10.70 10.87 10.47 154713
20150325 10.61 10.37 10.65 10.14 258265
20150326 10.40 10.23 10.44 10.05 171928
20150327 10.24 11.25 11.25 10.22 486658
20150330 11.27 11.10 11.51 10.77 337983
20150331 11.09 11.03 11.10 10.75 122097
20150402 10.48 10.48 10.48 10.48 40507
20150403 9.96 9.96 9.96 9.96 49665
20150407 9.66 10.46 10.46 9.66 370697
20150408 10.40 10.09 10.48 9.94 273225
20150409 10.13 10.59 10.59 9.91 251669
20150410 10.42 10.81 10.94 10.39 165234
20150413 11.00 11.00 11.30 10.80 173044
20150414 11.00 10.74 11.17 10.68 136161
20150415 10.30 10.58 10.82 10.20 196179
20150416 10.32 10.66 11.00 10.21 157599
20150417 10.69 10.57 10.98 10.42 106943
20150420 10.42 10.31 10.67 10.29 134027
20150421 10.35 10.62 10.68 10.35 96663
20150422 11.00 10.81 11.00 10.71 117698
20150423 10.81 11.00 11.23 10.81 184613
20150424 10.84 11.55 11.55 10.80 259668
20150427 11.77 12.12 12.13 11.77 303177
20150428 12.20 11.98 12.20 11.51 265847
20150429 11.82 12.56 12.58 11.70 203097
20150504 12.75 12.35 12.78 11.93 145388
20150505 12.34 11.73 12.34 11.73 152334
20150506 11.74 11.16 12.00 11.14 105908
20150507 11.10 10.64 11.14 10.60 99043
20150508 10.75 10.80 10.98 10.50 81750
20150511 10.99 10.95 10.99 10.80 117972
20150512 10.96 11.30 11.36 10.60 114789
20150513 11.30 11.66 11.68 11.03 138113
20150514 11.66 11.52 11.87 11.41 91653
20150515 11.51 11.20 11.66 11.12 90232
20150518 10.98 11.02 11.17 10.81 78778
20150519 11.03 11.34 11.42 11.02 76778
20150520 11.45 11.46 11.57 11.21 99450
20150521 11.53 11.43 11.56 11.30 96145
20150522 11.51 12.00 12.00 11.43 191306
20150525 12.30 12.60 12.60 12.10 186982
20150526 13.01 13.23 13.23 13.01 213732
20150527 13.69 13.89 13.89 13.00 299981
20150528 14.51 13.97 14.58 13.89 307588
20150529 13.79 13.27 14.15 13.27 285055
20150601 12.97 13.21 13.73 12.75 188390
20150602 13.25 13.40 13.49 12.82 215529
20150603 13.35 13.27 13.68 13.01 191726
20150604 13.25 12.89 13.25 12.61 181748
20150605 13.17 13.53 13.53 13.11 280880
20150608 13.99 14.21 14.21 13.70 204887
20150609 14.84 14.92 14.92 14.47 160672
20150610 15.66 15.67 15.67 15.38 65144
20150611 16.45 16.45 16.45 16.45 21315
20150612 17.27 17.27 17.27 17.27 23299
20150615 18.00 16.41 18.01 16.41 92664
20150616 15.59 15.59 15.59 15.59 12691
20150617 14.81 14.81 14.81 14.81 22094
20150618 14.07 14.13 15.55 14.07 517610
20150619 13.43 13.42 13.82 13.42 203137
20150623 13.46 12.89 13.80 12.75 178192
20150624 13.20 13.42 13.45 12.90 177519
20150625 13.50 14.09 14.09 13.11 150082
20150626 13.81 13.51 14.50 13.39 352248
20150629 13.82 12.83 14.10 12.83 190574
20150630 12.21 12.51 12.90 12.19 181050
20150701 12.47 11.88 13.06 11.88 146817
20150702 11.81 11.29 12.00 11.29 93961
20150703 10.73 10.73 10.73 10.73 13588
20150706 11.19 10.19 11.19 10.19 80652
20150707 9.68 9.68 9.68 9.68 1370
20150708 9.20 9.20 9.20 9.20 374
20150709 8.74 9.60 9.66 8.74 489823
20150710 9.12 9.86 10.05 9.12 528995
20150713 9.69 9.74 10.19 9.37 487713
20150714 9.49 9.25 9.76 9.25 313516
20150715 8.80 8.79 8.99 8.79 59626
20150716 8.35 8.35 8.64 8.35 169478
20150717 8.04 8.45 8.69 8.04 246517
20150720 8.46 8.64 8.87 8.36 210013
20150721 8.50 8.87 8.92 8.34 164217
20150722 8.81 9.31 9.31 8.70 225112
20150723 9.50 9.55 9.73 9.28 210169
20150724 9.55 9.07 9.90 9.07 237783
20150727 8.75 8.62 9.14 8.62 198860
20150728 8.19 8.19 8.38 8.19 114978
20150729 8.34 8.22 8.38 7.78 155686
20150730 8.08 7.82 8.27 7.81 110538
