20140102 6.94 6.87 6.94 6.80 7020
20140103 6.86 6.76 6.87 6.70 6393
20140106 6.80 6.58 6.80 6.52 9533
20140107 6.63 6.58 6.63 6.50 3335
20140108 6.59 6.68 6.70 6.50 8952
20140109 6.64 6.43 6.69 6.41 9119
20140110 6.42 6.32 6.44 6.30 6037
20140113 6.30 6.21 6.38 6.18 8867
20140114 6.19 6.28 6.29 6.16 3851
20140115 6.25 6.29 6.32 6.22 4193
20140116 6.33 6.35 6.43 6.28 4746
20140117 6.40 6.28 6.40 6.27 4205
20140120 6.28 6.17 6.29 6.12 4382
20140121 6.12 6.20 6.25 6.10 5765
20140122 6.18 6.40 6.42 6.18 10267
20140123 6.41 6.34 6.44 6.34 7603
20140124 6.32 6.48 6.53 6.31 9519
20140127 6.46 6.39 6.46 6.36 5621
20140128 6.42 6.37 6.44 6.37 4818
20140129 6.44 6.39 6.44 6.36 3900
20140130 6.38 6.35 6.43 6.32 4307
20140207 6.32 6.40 6.42 6.31 2973
20140210 6.40 6.52 6.54 6.40 10548
20140211 6.52 6.57 6.61 6.49 8493
20140212 6.55 6.67 6.68 6.55 11071
20140213 6.66 6.78 7.33 6.66 18423
20140214 6.85 6.78 6.88 6.72 11055
20140217 6.78 6.79 6.84 6.77 8825
20140218 6.80 6.81 6.96 6.78 13982
20140219 6.81 6.84 6.93 6.78 9560
20140220 6.84 6.72 6.88 6.72 9510
20140221 6.72 6.62 6.77 6.53 12557
20140224 6.60 6.38 6.60 6.29 16625
20140225 6.39 6.30 6.39 6.21 13948
20140226 6.28 6.39 6.80 6.22 8626
20140227 6.39 6.30 6.40 6.25 8781
20140228 6.26 6.32 6.33 6.12 10611
20140303 6.28 6.44 6.44 6.26 14313
20140304 6.43 6.55 6.70 6.40 26253
20140305 6.58 6.40 6.59 6.35 17430
20140306 6.40 6.59 6.65 6.35 22904
20140307 6.55 6.45 6.58 6.44 19787
20140310 6.41 6.24 6.41 6.20 16398
20140311 6.19 6.30 6.33 6.19 8343
20140312 6.33 6.37 6.53 6.25 13344
20140313 6.39 6.37 6.49 6.34 12279
20140314 6.37 6.35 6.43 6.29 7780
20140317 6.40 6.42 6.43 6.36 7886
20140318 6.42 6.40 6.44 6.37 9358
20140319 6.36 6.45 6.48 6.36 11340
20140320 6.45 6.43 6.66 6.41 20338
20140321 6.41 6.63 6.64 6.33 27672
20140324 6.69 6.94 7.13 6.61 47830
20140325 6.88 6.81 7.07 6.71 45513
20140326 6.79 6.67 6.81 6.60 23361
20140327 6.56 6.71 6.85 6.56 36013
20140328 6.70 6.91 7.04 6.63 44972
20140331 6.92 6.62 6.92 6.58 22586
20140401 6.62 6.72 6.76 6.59 14463
20140402 6.74 6.94 7.25 6.70 59003
20140403 6.91 6.79 6.95 6.68 32025
20140404 6.71 7.01 7.09 6.67 42148
20140408 6.94 6.96 7.08 6.87 32356
20140409 6.95 6.91 6.95 6.82 21363
20140410 6.88 6.82 6.91 6.73 23318
20140411 6.76 6.76 6.81 6.70 15193
20140414 6.71 6.82 6.83 6.71 12689
20140415 6.83 6.75 6.97 6.74 22289
20140416 6.76 6.79 6.81 6.73 10902
20140417 6.79 6.78 6.83 6.73 11147
20140418 6.71 6.73 6.80 6.71 9475
20140421 6.71 6.52 6.75 6.52 9235
20140422 6.53 6.51 6.60 6.40 9293
20140423 6.51 6.53 6.55 6.49 5792
20140424 6.55 6.51 6.64 6.49 9357
20140425 6.51 6.33 6.55 6.33 12301
20140428 6.35 6.18 6.39 6.18 10112
20140429 6.24 6.23 6.26 6.16 8674
20140430 6.23 6.40 6.50 6.23 13297
20140505 6.38 6.33 6.40 6.23 12276
20140506 6.32 6.33 6.36 6.28 8087
20140507 6.32 6.37 6.38 6.24 14664
20140508 6.30 7.01 7.01 6.30 70573
20140509 7.29 6.77 7.30 6.72 106092
20140512 6.70 6.78 6.88 6.67 54022
20140513 6.70 6.66 6.83 6.66 34029
20140514 6.75 6.71 6.85 6.67 30756
20140515 6.74 6.49 6.74 6.37 28142
20140516 6.47 6.53 6.56 6.39 14422
20140519 6.47 6.43 6.50 6.29 13531
20140520 6.43 6.40 6.47 6.36 8764
20140521 6.39 6.47 6.48 6.31 6460
20140522 6.47 6.44 6.56 6.42 7965
20140523 6.44 6.57 6.62 6.39 18276
20140526 6.57 6.58 6.60 6.49 12027
20140527 6.56 6.50 6.60 6.50 9041
20140528 6.45 6.52 6.54 6.45 8071
20140529 6.50 6.50 6.56 6.45 9488
20140530 6.48 6.39 6.48 6.34 12598
20140603 6.39 6.45 6.48 6.36 8399
20140604 6.40 6.35 6.45 6.28 11221
20140605 6.40 6.40 6.41 6.33 8961
20140606 6.38 6.37 6.43 6.34 5914
20140609 6.37 6.39 6.47 6.33 9110
20140610 6.42 6.45 6.45 6.34 8450
20140611 6.44 6.45 6.46 6.38 7072
20140612 6.44 6.46 6.58 6.40 11421
20140613 6.44 6.47 6.52 6.43 8839
20140616 6.47 6.52 6.53 6.47 8578
20140617 6.52 6.43 6.52 6.43 7986
20140618 6.41 6.35 6.44 6.32 10349
20140619 6.36 6.12 6.37 6.11 11361
20140620 6.15 6.24 6.34 6.10 11123
20140623 6.20 6.25 6.27 6.20 6811
20140624 6.21 6.28 6.29 6.21 5583
20140625 6.26 6.27 6.28 6.23 4024
20140626 6.27 6.34 6.36 6.27 6801
20140627 6.35 6.43 6.46 6.30 15670
20140630 6.40 6.46 6.48 6.40 9951
20140701 6.43 6.45 6.59 6.43 11472
20140702 6.45 6.50 6.51 6.43 9905
20140703 6.50 6.54 6.58 6.47 13074
20140704 6.53 6.55 6.62 6.50 9001
20140707 6.56 6.61 6.64 6.55 10047
20140708 6.64 6.58 6.64 6.53 10543
20140709 6.58 6.51 6.62 6.49 14188
20140710 6.52 6.51 6.52 6.44 9978
20140711 6.52 6.61 6.61 6.51 13607
20140714 6.61 6.70 6.71 6.56 23734
20140715 6.68 6.66 6.69 6.62 11008
20140716 6.67 6.76 6.94 6.64 43550
20140717 6.77 6.61 6.77 6.57 27158
20140718 6.59 6.95 7.19 6.55 81156
20140721 7.01 7.65 7.65 6.81 59063
20140722 8.42 8.42 8.42 8.42 21259
20140723 8.64 9.20 9.26 8.51 288158
20140724 8.62 8.80 9.15 8.53 187858
20140725 8.64 8.31 8.99 8.20 153681
20140728 8.23 8.42 8.42 8.11 116013
20140729 8.41 8.50 8.53 8.22 120848
20140730 8.39 8.32 8.67 8.28 91040
20140731 8.37 8.51 8.54 8.32 87871
20140801 8.44 8.06 8.45 8.01 114665
20140804 8.03 8.17 8.17 8.00 54111
20140805 8.21 8.19 8.35 8.12 55956
20140806 8.17 8.14 8.20 8.06 37695
20140807 8.19 8.08 8.23 8.00 36653
20140808 8.07 8.13 8.15 8.03 24794
20140811 8.13 8.17 8.18 8.05 32800
20140812 8.17 8.27 8.28 8.14 40821
20140813 8.28 8.16 8.33 8.08 37514
20140814 8.14 8.09 8.15 8.06 32853
20140815 8.12 8.10 8.14 8.04 29136
20140818 8.10 8.14 8.15 8.05 40594
20140819 8.15 8.21 8.24 8.10 38523
20140820 8.19 8.34 8.57 7.65 88902
20140821 8.30 8.14 8.37 8.10 39713
20140822 8.15 8.27 8.28 8.11 27262
20140825 8.24 8.38 8.52 8.22 54325
20140826 8.38 8.19 8.46 8.10 31750
20140827 8.15 7.95 8.20 7.86 30239
20140828 7.91 7.79 7.98 7.76 18440
20140829 7.80 8.02 8.03 7.75 17020
20140901 8.01 8.25 8.26 7.98 23240
20140902 8.25 8.25 8.31 8.19 22860
20140903 8.25 8.25 8.33 8.17 32679
20140904 8.28 8.41 8.49 8.25 52523
20140905 8.41 8.38 8.45 8.32 27714
20140909 8.40 8.34 8.40 8.27 24782
20140910 8.31 8.42 8.50 8.26 29435
20140911 8.49 8.34 8.50 8.28 36222
20140912 8.33 8.43 8.43 8.27 22170
20140915 8.43 8.68 8.68 8.41 46937
20140916 8.68 8.33 8.94 8.26 51692
20140917 8.33 8.63 8.63 8.20 37194
20140918 8.61 8.65 8.87 8.56 31809
20140919 8.64 8.60 8.68 8.44 20226
20140922 8.60 8.36 8.62 8.33 23067
20140923 8.40 8.58 8.64 8.35 24316
20140924 8.57 8.71 8.75 8.50 29854
20140925 8.74 8.71 8.88 8.64 30401
20140926 8.71 8.77 8.85 8.61 22503
20140929 8.88 9.10 9.20 8.77 57544
20140930 9.08 9.18 9.32 9.02 40300
20141008 9.47 9.33 9.60 9.18 49720
20141009 9.26 9.12 9.31 9.02 42944
20141010 9.08 9.20 9.26 8.98 32916
20141013 9.18 9.10 9.18 8.80 27129
20141014 9.11 9.46 9.52 9.04 57919
20141015 9.45 9.32 9.49 9.22 31668
20141016 9.23 9.03 9.31 9.03 32574
20141017 9.02 8.97 9.03 8.70 31674
20141020 8.97 9.08 9.11 8.83 15191
20141021 9.03 8.96 9.13 8.90 14785
20141022 8.92 8.89 9.05 8.84 18203
20141023 8.85 8.65 8.96 8.65 18094
20141024 8.67 8.85 8.85 8.65 13702
20141027 8.85 8.85 8.94 8.75 15314
20141028 8.85 9.06 9.11 8.80 23108
20141029 9.05 9.22 9.23 8.94 49480
20141030 9.22 9.15 9.22 9.08 29602
20141031 9.17 9.15 9.27 9.10 25212
20141103 9.18 9.18 9.24 9.12 24467
20141104 9.18 9.54 9.69 9.12 61543
20141105 9.43 9.39 9.49 9.32 25806
20141106 9.36 9.45 9.48 9.31 18487
20141107 9.48 9.40 9.75 9.36 40179
20141110 9.33 9.37 9.40 9.24 23240
20141111 9.38 8.87 9.43 8.70 45709
20141112 8.88 8.96 9.03 8.74 23835
20141113 8.93 8.76 9.03 8.65 31194
20141114 8.65 8.78 8.80 8.64 14106
20141117 8.82 9.03 9.07 8.74 20012
20141118 9.03 8.99 9.10 8.91 16692
20141119 8.92 9.10 9.18 8.88 19671
20141120 9.10 9.10 9.14 8.96 13119
20141121 9.16 9.14 9.20 9.07 15178
20141124 9.54 9.40 9.64 9.33 64965
20141125 9.39 9.40 9.50 9.26 26164
20141126 9.39 10.23 10.28 9.29 79622
20141127 10.01 10.01 10.17 9.90 55308
20141128 10.02 10.28 10.62 9.85 58644
20141201 10.11 10.02 10.32 9.95 39158
20141202 10.02 10.05 10.28 9.90 37104
20141203 10.08 10.18 10.80 10.08 64571
20141204 10.11 10.27 10.37 10.03 44790
20141205 10.16 9.71 10.30 9.52 52422
20141208 9.69 9.84 10.05 9.59 41102
20141209 10.16 9.45 10.20 9.41 65022
20141210 9.41 9.66 9.68 9.12 35650
20141211 9.58 9.85 9.97 9.51 39396
20141212 9.82 9.90 10.12 9.79 29301
20141215 9.88 10.16 10.23 9.80 37057
20141216 10.13 10.18 10.20 10.00 26397
20141217 10.17 10.00 10.35 9.91 29488
20141218 10.05 9.76 10.05 9.61 32383
20141219 9.76 10.29 10.30 9.68 58607
20141222 10.25 9.51 10.40 9.51 54090
20141223 9.35 9.24 9.58 9.13 27316
20141224 9.19 9.44 9.44 9.16 21391
20141225 9.43 9.45 9.50 9.25 15014
20141226 9.40 9.58 9.65 9.38 17818
20141229 9.76 9.61 9.87 9.42 35190
20141230 9.61 9.19 9.70 9.10 29271
20141231 9.41 9.62 9.62 9.18 26040
20150105 9.68 10.58 10.58 9.59 138007
20150106 10.64 10.12 10.68 9.98 84665
20150107 10.14 10.12 10.20 9.94 37212
20150108 10.12 9.92 10.37 9.85 38254
20150109 10.16 9.94 10.16 9.93 28552
20150112 9.88 9.58 9.88 9.50 19901
20150113 9.58 9.66 9.78 9.50 10408
20150114 9.66 9.65 9.83 9.62 12751
20150115 9.66 9.85 9.85 9.54 20186
20150116 10.00 9.90 10.20 9.80 21357
20150119 9.60 9.23 9.81 9.15 29523
20150120 9.23 9.58 9.59 9.23 21698
20150121 9.50 9.85 9.99 9.50 23858
20150122 9.84 9.90 10.00 9.78 26991
20150123 9.99 9.90 10.05 9.83 25658
20150126 9.94 10.14 10.15 9.88 37318
20150127 10.13 9.99 10.29 9.80 36534
20150128 9.99 10.27 10.27 9.86 27801
20150129 10.12 10.44 10.64 9.88 62654
20150130 10.49 11.31 11.48 10.27 142147
20150202 11.11 10.73 11.13 10.50 96521
20150203 10.61 10.62 10.89 10.44 55592
20150204 10.58 10.75 10.91 10.53 41762
20150205 11.00 10.61 11.29 10.59 77703
20150206 10.41 10.08 10.53 9.99 39598
20150209 10.08 10.04 10.21 9.91 17896
20150210 10.08 10.19 10.30 10.00 20804
20150211 10.15 10.50 10.50 10.07 21831
20150212 10.43 10.49 10.55 10.28 14728
20150213 10.50 10.62 10.75 10.45 21594
20150216 10.62 10.89 10.97 10.57 28495
20150217 10.86 10.90 10.95 10.80 17324
20150225 10.88 10.74 10.88 10.63 14534
20150226 10.74 10.93 10.97 10.68 21585
20150227 10.90 10.85 10.93 10.78 25107
20150302 11.06 10.96 11.13 10.90 32908
20150303 10.91 10.55 10.92 10.51 41492
20150304 10.50 10.70 10.71 10.43 24191
20150305 10.70 10.75 10.76 10.51 21610
20150306 10.73 10.94 10.94 10.62 29364
20150309 10.93 11.52 11.57 10.80 61414
20150310 11.40 11.33 11.50 11.23 37412
20150311 11.20 10.99 11.20 10.84 54526
20150312 10.95 11.15 11.35 10.82 41786
20150313 11.11 11.15 11.23 10.90 31931
20150316 11.15 11.45 11.66 11.10 53223
20150317 11.53 11.83 11.95 11.38 43891
20150318 11.77 11.82 11.96 11.65 46143
20150319 11.84 11.87 11.91 11.67 38753
20150320 11.87 12.18 12.39 11.81 45468
20150323 12.19 12.49 12.80 12.19 52772
20150324 12.46 12.13 12.46 11.73 49580
20150325 12.12 12.25 12.57 11.95 36294
20150326 12.25 12.28 12.46 11.95 28181
20150327 12.38 13.40 13.40 12.38 61897
20150330 13.45 14.06 14.50 13.00 113206
20150331 14.45 13.86 14.95 13.73 101039
20150401 13.74 13.89 13.96 13.21 53292
20150402 13.79 14.19 14.20 13.66 48150
20150403 14.03 14.27 14.47 13.91 63281
20150407 14.27 14.38 14.45 14.11 46362
20150408 14.38 13.95 14.40 13.79 43951
20150409 13.93 14.39 14.39 13.37 65672
20150410 14.40 14.82 15.16 14.10 92960
20150413 14.68 14.95 15.18 14.62 65890
20150414 14.95 14.62 15.09 14.62 38796
20150415 14.57 14.19 14.57 13.97 42183
20150416 13.64 14.33 14.83 13.60 31416
20150417 14.35 14.26 14.75 14.22 28777
20150420 14.50 14.32 14.70 13.98 57117
20150421 14.22 14.76 14.76 14.01 41215
20150422 14.62 15.97 16.09 14.61 77350
20150423 15.95 15.90 16.12 15.51 47254
20150424 15.65 16.41 17.08 15.35 70908
20150427 16.41 16.85 17.55 16.41 65226
20150428 16.85 16.25 17.00 15.81 37374
20150429 16.25 16.49 16.69 15.58 31479
20150430 16.49 16.69 17.41 16.11 39251
20150504 16.69 16.99 17.35 16.17 49418
20150505 16.90 16.18 17.12 16.08 39192
20150506 16.24 15.34 16.43 15.22 38900
20150507 15.30 14.27 15.30 14.16 38524
20150508 14.31 14.75 14.84 14.31 29132
20150511 15.13 15.33 15.46 15.13 32430
20150512 15.33 15.42 15.43 14.77 36407
20150513 15.35 15.26 15.35 14.98 57073
20150514 15.35 15.48 15.73 15.31 44920
20150515 15.51 14.91 15.52 14.60 38818
20150518 14.91 14.91 14.99 14.53 30133
20150519 15.20 16.40 16.40 15.20 52024
20150520 17.02 17.10 18.01 16.80 106657
20150521 17.11 17.30 17.38 16.82 62408
20150522 17.30 18.11 18.93 17.30 72162
20150525 17.85 18.73 18.87 17.35 86937
20150526 18.77 20.60 20.60 18.10 85716
20150527 22.66 22.66 22.66 21.66 44509
20150528 22.65 20.39 22.65 20.39 174105
20150529 19.50 19.15 19.87 18.35 141551
20150601 18.75 19.68 20.02 18.73 114444
20150602 19.43 19.83 19.99 19.02 116266
20150603 19.75 19.88 20.37 19.36 86039
20150604 19.88 19.02 19.95 18.20 68160
20150605 19.09 19.52 19.90 19.08 85177
20150608 19.60 21.43 21.47 19.58 191284
20150609 20.68 20.69 21.08 20.00 97837
20150610 20.56 20.89 21.20 20.27 74670
20150611 20.92 21.67 21.79 20.62 84467
20150612 21.62 21.18 21.85 20.87 92736
20150615 21.25 20.14 21.48 20.03 57311
20150616 20.01 18.92 20.12 18.38 46393
20150617 18.89 19.21 19.49 17.50 51704
20150618 19.00 19.10 19.82 18.85 50502
20150619 18.90 17.53 18.90 17.21 31222
20150623 17.62 18.02 18.04 16.80 39294
20150624 18.10 18.53 18.61 17.91 35387
20150625 18.40 17.94 19.20 17.50 52159
20150626 17.50 16.15 17.50 16.15 43849
20150629 16.94 14.66 16.94 14.54 51272
20150630 14.19 15.53 15.58 13.19 52062
20150701 15.30 13.98 15.79 13.98 50496
20150702 14.85 12.58 14.85 12.58 46499
20150703 11.69 11.32 12.54 11.32 39404
20150706 12.25 10.19 12.25 10.19 62849
20150707 9.40 9.17 9.47 9.17 25171
20150708 8.25 8.25 8.25 8.25 6948
20150709 7.43 9.08 9.08 7.43 94140
20150710 9.50 9.99 9.99 9.18 40428
20150713 10.55 10.99 10.99 10.50 78576
20150714 11.13 11.76 12.08 11.10 91023
20150715 11.20 10.58 11.35 10.58 61503
20150716 9.53 10.52 11.02 9.52 55640
20150717 10.42 11.03 11.29 10.42 54940
20150720 11.03 11.22 11.48 10.80 58357
20150721 11.10 11.65 11.80 10.70 61303
20150722 11.53 11.78 11.87 11.17 58932
20150723 12.00 12.40 12.43 12.00 76617
20150724 12.35 12.31 13.20 12.22 84349
20150727 12.00 11.08 12.90 11.08 61705
20150728 10.35 10.65 11.88 10.00 57404
20150729 10.78 11.40 11.45 10.40 49869
20150730 11.45 11.19 11.95 11.16 44131
