20140321 10.23 10.23 10.23 10.23 839
20140324 11.25 11.25 11.25 11.25 2931
20140325 12.38 12.38 12.38 12.38 3792
20140326 13.62 13.62 13.62 13.62 2951
20140327 14.98 14.98 14.98 14.98 3303
20140328 16.48 16.48 16.48 16.48 16865
20140331 16.50 15.27 16.50 14.83 196271
20140401 15.26 15.26 16.08 14.90 114793
20140402 15.26 16.22 16.56 15.02 131842
20140403 15.95 16.58 16.78 15.60 95329
20140404 16.44 16.30 16.79 16.08 58327
20140408 15.71 17.25 17.87 15.50 97366
20140409 17.06 17.19 17.55 17.00 68050
20140410 17.30 16.60 17.59 16.50 72091
20140411 16.40 16.18 16.40 15.80 55404
20140414 16.03 16.55 16.85 16.00 39673
20140415 16.38 16.75 16.88 16.20 34812
20140416 16.69 16.25 17.11 16.19 50215
20140417 16.11 16.16 16.60 15.91 34466
20140418 16.16 16.89 16.99 15.90 46211
20140421 16.74 17.28 17.69 16.67 65157
20140422 17.10 17.65 17.65 16.80 57282
20140423 17.79 16.60 17.80 16.33 60259
20140424 16.33 16.19 16.76 16.01 38783
20140425 16.14 15.60 16.45 15.60 28762
20140428 15.44 14.70 15.44 14.68 31461
20140429 14.72 15.17 15.20 14.61 20977
20140430 15.25 15.25 15.44 14.95 18193
20140505 15.16 15.59 15.78 14.90 21315
20140506 15.63 15.75 16.06 14.80 26967
20140507 15.61 15.41 15.82 15.41 14053
20140508 15.52 15.30 15.84 15.20 17116
20140509 15.27 15.31 15.50 15.00 12065
20140512 15.48 15.57 15.78 15.33 16792
20140513 15.40 15.70 15.70 15.36 12419
20140514 13.66 13.27 13.66 13.18 15964
20140515 13.16 12.53 13.33 12.53 24368
20140516 12.52 12.60 12.68 12.29 12944
20140519 12.55 12.57 12.74 12.40 9526
20140520 12.68 12.40 13.02 12.40 10295
20140521 12.45 12.75 12.76 12.40 13420
20140522 12.78 12.75 12.98 12.70 11002
20140523 12.83 13.08 13.08 12.72 14733
20140526 13.10 13.40 13.43 13.00 19264
20140527 13.47 13.18 13.47 13.10 13337
20140528 13.17 13.71 13.75 13.08 31922
20140529 13.70 13.65 14.15 13.37 35918
20140530 13.70 13.80 13.85 13.42 17977
20140603 13.85 13.60 13.85 13.56 10603
20140604 13.54 14.05 14.05 13.50 28123
20140605 14.06 14.17 14.35 13.95 21587
20140606 14.08 15.01 15.28 14.08 49750
20140609 15.01 16.51 16.51 14.82 93307
20140610 17.00 17.10 17.40 16.25 107468
20140611 16.89 18.26 18.70 16.75 144750
20140612 18.01 19.84 19.97 17.72 121495
20140613 19.80 19.10 19.81 18.80 98797
20140616 18.81 18.60 19.70 18.60 84782
20140617 18.69 18.36 18.81 18.25 51073
20140618 18.39 18.50 18.74 18.11 48711
20140619 18.49 16.88 19.08 16.65 72677
20140620 16.89 17.08 17.22 16.67 42745
20140623 17.13 17.39 17.65 17.00 36506
20140624 17.25 17.09 17.57 16.73 63959
20140703 18.80 18.80 18.80 17.93 118354
20140704 18.88 19.17 20.18 18.80 94684
20140707 18.99 18.32 18.99 17.72 59745
20140708 18.26 18.01 18.30 17.63 42389
20140709 17.81 17.70 18.00 17.36 46610
20140710 17.61 17.68 17.78 17.32 26131
20140711 17.67 17.08 17.76 16.91 26785
20140714 17.00 18.79 18.79 16.88 68356
20140715 19.27 19.31 19.70 18.40 69814
20140716 19.10 18.90 19.10 18.50 37898
20140717 18.71 18.85 19.16 18.50 27775
20140718 18.63 18.58 18.99 18.34 23985
20140721 18.18 19.11 19.38 18.18 31556
20140722 19.11 19.20 19.50 18.89 36046
20140723 19.11 18.38 19.11 18.30 26363
20140724 18.38 17.68 18.62 17.61 20847
20140725 17.60 18.10 18.38 17.40 12551
20140728 18.02 18.46 18.48 17.90 25799
20140729 18.47 20.31 20.31 18.25 74476
20140730 20.70 20.39 20.79 19.85 51290
20140731 20.34 20.52 21.20 19.93 34315
20140801 20.13 19.65 20.48 19.64 31078
20140804 19.75 19.93 20.14 19.38 20653
20140805 19.93 19.93 20.40 19.55 18191
20140806 19.82 19.74 20.20 19.60 24870
20140807 19.74 19.70 20.00 19.63 19427
20140808 19.67 20.10 20.50 19.67 24591
20140811 20.09 21.00 21.88 19.95 42734
20140812 21.02 21.02 21.25 20.70 17214
20140813 21.00 20.38 21.20 20.06 21453
20140814 20.22 19.88 20.42 19.82 25246
20140815 19.86 20.39 20.44 19.76 11688
20140818 20.40 20.41 20.82 20.16 26205
20140819 20.41 20.22 20.58 19.96 18847
20140820 20.30 20.39 20.45 20.11 13410
20140821 20.43 20.47 20.55 20.10 15153
20140822 20.48 21.39 21.70 20.35 31169
20140825 21.39 20.58 21.39 20.40 23173
20140826 20.45 20.80 20.83 20.37 15249
20140827 20.96 20.68 20.98 20.47 11601
20140828 20.57 20.62 20.81 20.54 11772
20140829 20.68 21.02 21.59 20.68 30470
20140901 20.85 21.92 22.00 20.85 36849
20140902 22.00 24.11 24.11 22.00 53456
20140903 23.83 25.00 26.05 23.83 75486
20140904 24.98 24.62 25.50 24.00 50105
20140905 24.50 24.00 25.38 23.90 71707
20140909 23.98 23.79 23.98 23.00 29824
20140910 23.57 24.00 24.19 23.37 18973
20140911 23.83 24.28 24.44 23.66 28524
20140912 24.18 25.28 25.28 24.00 29656
20140915 24.98 24.90 25.60 24.82 26578
20140916 24.88 23.80 24.88 23.77 30820
20140917 23.92 24.06 24.21 23.53 15292
20140918 24.00 23.76 24.00 23.40 12713
20140919 23.76 23.79 24.19 23.62 10321
20140922 23.61 23.78 23.90 23.53 8312
20140923 23.86 24.74 24.94 23.84 24977
20140924 24.47 24.60 24.95 24.25 17310
20140925 24.60 24.55 24.80 24.41 15872
20140926 24.55 24.66 25.27 24.29 17186
20140929 24.60 24.47 24.83 24.30 11386
20140930 24.60 23.33 24.61 23.29 37751
20141008 23.33 23.55 23.75 23.00 19970
20141009 23.52 23.12 23.66 22.60 23666
20141010 22.91 23.22 23.32 22.91 11367
20141013 23.18 23.51 23.54 23.12 12354
20141014 23.31 22.92 23.54 22.88 17874
20141015 22.92 22.50 22.92 21.50 20204
20141016 22.40 22.85 23.29 22.10 12397
20141017 22.79 22.18 22.79 21.81 11398
20141020 22.20 22.30 22.40 21.76 11819
20141021 22.30 22.27 22.46 22.10 5549
20141022 22.29 22.24 22.71 22.10 8819
20141023 22.20 21.76 22.20 21.65 9396
20141024 21.66 21.90 22.19 21.66 8192
20141027 21.90 22.63 22.86 21.51 15493
20141028 22.71 23.11 23.25 22.60 23085
20141029 23.15 23.49 23.96 23.04 20644
20141030 23.70 22.75 23.70 22.75 17538
20141031 23.00 22.75 23.08 22.39 11184
20141103 22.75 23.00 23.24 22.50 13983
20141104 23.02 23.69 23.80 22.83 17004
20141105 23.72 23.51 23.88 23.50 10211
20150518 25.86 25.86 25.86 25.86 2524
20150519 28.45 28.45 28.45 28.45 340
20150520 31.30 31.30 31.30 31.30 113
20150521 34.43 34.43 34.43 34.43 8
20150522 37.87 37.87 37.87 37.87 120
20150525 41.66 41.66 41.66 41.66 186
20150526 45.83 45.83 45.83 45.83 356
20150527 50.41 50.41 50.41 50.41 1205
20150528 55.45 55.45 55.45 55.45 258
20150529 61.00 61.00 61.00 55.55 86540
20150601 65.70 67.10 67.10 61.50 27700
20150602 70.00 68.00 73.81 67.00 104065
20150603 72.31 71.90 73.90 68.00 84857
20150604 69.73 68.90 71.00 64.71 58021
20150605 70.00 64.78 70.00 64.01 49575
20150608 64.79 59.50 65.00 58.30 64124
20150609 59.55 61.73 62.35 57.45 39740
20150610 60.52 60.96 62.58 60.01 30178
20150611 61.42 64.89 65.50 61.42 47637
20150612 66.30 71.27 71.27 66.20 60334
20150615 73.00 70.40 74.75 68.00 48350
20150616 69.00 63.36 73.00 63.36 53084
20150617 61.19 65.71 65.80 59.00 36695
20150618 65.00 62.16 65.70 62.00 20980
20150619 60.00 56.25 62.03 55.94 33056
20150623 56.00 54.40 56.00 50.63 27229
20150624 54.50 55.50 57.50 53.00 26862
20150625 55.48 49.98 55.48 49.95 25719
20150626 47.30 44.98 47.97 44.98 34699
20150629 45.83 40.48 46.79 40.48 23113
20150630 36.61 44.00 44.53 36.43 41176
20150701 43.60 48.40 48.40 43.12 55676
20150702 47.80 48.92 52.40 46.50 50896
20150703 48.00 44.04 52.00 44.03 39890
20150706 48.44 39.64 48.44 39.64 48060
20150707 35.90 35.68 38.00 35.68 12723
20150722 39.25 39.25 39.25 39.25 267
20150723 43.18 43.18 43.18 43.18 270
20150724 47.50 47.50 47.50 47.50 1126
20150727 52.25 47.00 52.25 43.11 40928
20150728 43.02 51.70 51.70 42.30 97641
20150729 51.95 51.70 53.97 47.12 72019
20150730 51.17 53.00 56.87 49.58 58643
