20140102 5.09 5.15 5.16 5.09 13157
20140103 5.15 5.10 5.15 5.07 9477
20140106 5.02 5.02 5.08 4.95 13145
20140107 5.02 5.00 5.02 4.92 13168
20140108 5.01 4.97 5.01 4.95 10010
20140109 4.96 4.88 4.97 4.82 15693
20140110 4.83 4.86 4.87 4.79 14561
20140113 4.85 4.87 4.87 4.80 15515
20140114 4.86 4.93 4.96 4.82 10194
20140115 4.92 4.85 4.94 4.85 13759
20140116 4.86 4.89 4.90 4.81 30454
20140117 4.84 4.85 4.89 4.75 33724
20140120 4.95 5.14 5.18 4.92 205347
20140121 5.50 5.10 5.50 5.03 103043
20140122 5.04 5.08 5.19 5.00 178749
20140123 5.04 4.95 5.05 4.92 105732
20140124 4.95 4.98 5.09 4.94 73483
20140127 4.93 4.95 5.00 4.91 26356
20140128 4.97 4.90 4.97 4.89 25970
20140129 4.90 4.85 4.92 4.83 26342
20140130 4.85 4.90 5.02 4.84 32885
20140207 4.86 4.87 4.96 4.81 47442
20140210 4.86 4.95 4.96 4.85 47669
20140211 4.99 4.95 5.03 4.94 79105
20140212 4.96 5.03 5.05 4.93 52969
20140213 5.01 4.93 5.01 4.92 37908
20140214 4.92 4.96 4.96 4.90 27673
20140217 4.96 4.99 5.01 4.94 38948
20140218 5.00 4.90 5.01 4.89 48883
20140219 4.89 4.93 4.96 4.87 40149
20140220 4.92 4.89 4.95 4.88 31243
20140221 4.90 4.90 4.98 4.86 28558
20140224 4.83 4.72 4.85 4.57 88886
20140225 4.65 4.49 4.70 4.48 49770
20140226 4.49 4.40 4.57 4.38 63371
20140227 4.40 4.43 4.50 4.40 47964
20140228 4.43 4.44 4.45 4.30 22223
20140303 4.43 4.51 4.57 4.38 53320
20140304 4.50 4.45 4.53 4.42 81757
20140305 4.47 4.37 4.47 4.36 39456
20140306 4.37 4.43 4.46 4.35 52229
20140307 4.44 4.38 4.45 4.37 22117
20140310 4.35 4.22 4.37 4.18 37394
20140311 4.19 4.22 4.27 4.19 26139
20140312 4.22 4.23 4.37 4.19 50513
20140313 4.24 4.28 4.29 4.22 42610
20140314 4.24 4.23 4.28 4.21 38916
20140317 4.25 4.27 4.30 4.23 37776
20140318 4.30 4.31 4.34 4.28 49529
20140319 4.31 4.31 4.32 4.22 27431
20140320 4.30 4.31 4.36 4.28 80067
20140321 4.34 4.40 4.42 4.23 137612
20140324 4.44 4.62 4.66 4.43 254941
20140325 4.61 4.50 4.64 4.46 171585
20140326 4.55 4.44 4.60 4.43 85567
20140327 4.47 4.51 4.57 4.43 114175
20140328 4.50 4.34 4.52 4.34 93553
20140331 4.36 4.32 4.37 4.27 50213
20140401 4.33 4.40 4.43 4.30 44592
20140402 4.39 4.70 4.84 4.37 497205
20140403 4.60 4.47 4.65 4.42 297699
20140404 4.45 4.47 4.51 4.42 128000
20140408 4.46 4.44 4.50 4.42 147290
20140409 4.44 4.43 4.46 4.42 86360
20140410 4.44 4.44 4.46 4.41 96724
20140411 4.42 4.39 4.43 4.38 71193
20140414 4.38 4.41 4.41 4.37 46195
20140415 4.42 4.34 4.44 4.33 59378
20140416 4.31 4.32 4.36 4.30 62154
20140417 4.34 4.26 4.34 4.25 63170
20140418 4.26 4.31 4.33 4.25 49702
20140421 4.30 4.24 4.30 4.24 38152
20140422 4.23 4.23 4.26 4.17 48000
20140423 4.25 4.19 4.25 4.18 33496
20140424 4.23 4.24 4.30 4.21 39433
20140425 4.24 4.18 4.25 4.17 38097
20140428 4.16 3.93 4.19 3.92 83806
20140429 3.97 3.97 4.01 3.91 32626
20140430 3.97 3.98 3.99 3.96 21777
20140505 3.98 3.92 3.98 3.89 38467
20140506 3.92 3.90 3.94 3.89 71056
20140507 3.89 3.80 3.89 3.80 49211
20140508 3.80 3.83 3.86 3.78 39683
20140509 3.83 3.74 3.83 3.71 50828
20140514 3.90 4.11 4.11 3.85 231484
20140515 4.01 3.92 4.04 3.91 119841
20140516 3.94 3.85 3.95 3.81 57980
20140519 3.86 3.92 3.94 3.85 56720
20140520 3.95 3.90 3.96 3.86 38398
20140521 3.89 3.89 3.89 3.80 40403
20140522 3.88 3.87 3.93 3.85 39231
20140523 3.87 3.91 3.94 3.86 36927
20140526 3.92 3.89 3.92 3.87 36047
20140527 3.88 3.87 3.90 3.85 22745
20140528 3.86 3.90 3.91 3.85 27439
20140529 3.89 3.85 3.92 3.83 36881
20140530 3.84 3.86 3.87 3.82 28305
20140603 3.85 3.84 3.87 3.84 21613
20140604 3.84 3.81 3.86 3.81 19987
20140605 3.80 3.83 3.85 3.80 22136
20140606 3.82 3.81 3.83 3.78 21884
20140609 3.80 3.79 3.84 3.78 24366
20140610 3.80 3.81 3.81 3.76 30270
20140611 3.81 3.80 3.81 3.76 31909
20140612 3.79 3.77 3.79 3.76 24005
20140613 3.77 3.78 3.80 3.75 43550
20140616 3.77 3.81 3.81 3.77 38830
20140617 3.79 3.79 3.81 3.78 25609
20140618 3.79 3.76 3.79 3.75 31441
20140619 3.76 3.63 3.76 3.58 38877
20140620 3.64 3.64 3.64 3.59 25058
20140623 3.63 3.64 3.66 3.62 23739
20140624 3.64 3.65 3.67 3.62 21545
20140625 3.65 3.69 3.70 3.63 28586
20140626 3.69 3.75 3.76 3.68 35271
20140627 3.75 3.78 3.82 3.72 40881
20140630 3.78 3.80 3.82 3.77 32825
20140701 3.82 3.80 3.82 3.77 38785
20140702 3.80 3.81 3.82 3.79 31070
20140703 3.80 3.90 3.91 3.80 76050
20140704 3.89 3.89 3.90 3.86 45139
20140707 3.88 3.90 3.93 3.85 54872
20140708 3.91 3.91 3.92 3.87 27401
20140709 3.91 3.85 3.91 3.85 33992
20140710 3.85 3.87 3.89 3.85 22558
20140711 3.87 3.91 3.92 3.87 29628
20140714 3.91 3.96 3.96 3.90 34168
20140715 3.97 3.95 3.98 3.91 29255
20140716 3.95 3.92 3.97 3.91 35351
20140717 3.92 3.89 3.94 3.88 23721
20140718 3.89 3.94 3.99 3.88 41250
20140721 3.94 3.94 3.99 3.92 19803
20140722 3.95 3.99 4.01 3.93 41857
20140723 3.99 4.06 4.06 3.98 63786
20140724 4.05 4.13 4.21 4.02 84938
20140725 4.12 4.11 4.15 4.05 57856
20140728 4.10 4.16 4.17 4.09 67750
20140729 4.16 4.17 4.20 4.13 61982
20140730 4.18 4.16 4.21 4.14 67482
20140731 4.16 4.18 4.18 4.13 44010
20140801 4.18 4.13 4.19 4.13 46494
20140804 4.13 4.22 4.23 4.11 56414
20140805 4.24 4.26 4.27 4.21 58488
20140806 4.28 4.31 4.31 4.24 67216
20140807 4.31 4.30 4.36 4.27 78915
20140808 4.30 4.33 4.35 4.28 56980
20140811 4.33 4.41 4.44 4.32 72728
20140812 4.43 4.46 4.48 4.40 84420
20140813 4.46 4.47 4.48 4.41 60926
20140814 4.47 4.41 4.53 4.41 62121
20140815 4.41 4.41 4.42 4.36 48170
20140818 4.40 4.46 4.46 4.39 44561
20140819 4.46 4.47 4.48 4.41 69823
20140820 4.47 4.46 4.48 4.44 69212
20140821 4.46 4.46 4.47 4.41 67678
20140822 4.46 4.50 4.52 4.44 107660
20140825 4.47 4.38 4.47 4.36 64672
20140826 4.38 4.25 4.39 4.23 57386
20140827 4.25 4.25 4.28 4.23 29523
20140828 4.25 4.18 4.25 4.15 39475
20140829 4.16 4.23 4.23 4.15 29397
20140901 4.24 4.30 4.31 4.23 37215
20140902 4.30 4.34 4.35 4.30 54664
20140903 4.34 4.41 4.42 4.33 65737
20140904 4.42 4.42 4.43 4.39 49707
20140905 4.41 4.41 4.42 4.37 48012
20140909 4.40 4.42 4.45 4.38 53338
20140910 4.42 4.43 4.44 4.36 51203
20140911 4.42 4.49 4.49 4.41 132374
20140912 4.50 4.54 4.57 4.49 132370
20140915 4.54 4.55 4.58 4.51 87189
20140916 4.55 4.45 4.64 4.43 127685
20140917 4.46 4.58 4.59 4.37 115671
20140918 4.58 4.55 4.62 4.51 111153
20140919 4.53 4.57 4.60 4.46 95713
20140922 4.59 4.51 4.62 4.51 82368
20140923 4.50 4.59 4.62 4.50 99620
20140924 4.57 4.69 4.72 4.53 209734
20140925 4.69 4.64 4.73 4.59 129124
20140926 4.65 4.67 4.67 4.59 58401
20140929 4.67 4.69 4.75 4.64 86320
20140930 4.70 4.73 4.74 4.68 70225
20141008 4.79 4.77 4.80 4.73 91663
20141009 4.78 4.76 4.79 4.68 91368
20141010 4.73 4.74 4.77 4.68 99224
20141013 4.74 4.81 4.83 4.70 141949
20141014 4.83 4.75 4.86 4.71 108699
20141015 4.73 4.68 4.74 4.61 118145
20141016 4.63 4.63 4.71 4.62 74544
20141017 4.61 4.54 4.65 4.50 78875
20141020 4.55 4.62 4.63 4.54 43397
20141021 4.62 4.58 4.63 4.54 45000
20141022 4.61 4.60 4.65 4.56 73479
20141023 4.63 4.51 4.63 4.46 63623
20141024 4.49 4.50 4.53 4.47 27609
20141027 4.49 4.51 4.51 4.41 23294
20141028 4.50 4.56 4.57 4.49 66761
20141029 4.57 4.61 4.66 4.54 100230
20141030 4.61 4.61 4.63 4.58 87013
20141031 4.62 4.68 4.69 4.61 96146
20141103 4.68 4.72 4.73 4.67 77064
20141104 4.70 4.70 4.73 4.68 84515
20141105 4.70 4.71 4.73 4.69 79063
20141106 4.70 4.68 4.71 4.65 55729
20141107 4.68 4.62 4.75 4.59 87701
20141110 4.63 4.66 4.68 4.60 61914
20141111 4.66 4.49 4.68 4.49 93556
20141112 4.50 4.57 4.57 4.48 43590
20141113 4.58 4.59 4.63 4.55 44140
20141114 4.58 4.55 4.61 4.51 42206
20141117 4.55 4.57 4.59 4.52 37318
20141118 4.56 4.58 4.60 4.55 38914
20141119 4.58 4.57 4.62 4.56 38658
20141120 4.57 4.54 4.57 4.52 50943
20141121 4.54 4.57 4.57 4.51 41954
20141124 4.69 4.72 4.78 4.68 232659
20141125 4.71 4.73 4.76 4.67 138184
20141126 4.74 4.79 4.85 4.69 171757
20141127 4.81 4.80 4.84 4.76 134845
20141128 4.80 4.95 4.97 4.78 281954
20141201 4.97 4.94 5.05 4.88 237187
20141202 4.89 4.94 4.96 4.87 144929
20141203 4.95 4.99 5.17 4.92 249397
20141204 4.99 5.04 5.04 4.93 328907
20141205 5.01 4.80 5.04 4.75 258213
20141208 4.78 4.87 4.92 4.72 186016
20141209 4.86 4.68 4.91 4.67 331503
20141210 4.68 4.78 4.79 4.59 284976
20141211 4.75 4.85 4.85 4.71 215296
20141212 4.88 4.89 4.94 4.83 293720
20141215 4.90 4.97 4.99 4.82 297451
20141216 4.94 5.02 5.02 4.90 273383
20141217 5.02 4.98 5.07 4.94 221045
20141218 4.97 4.84 5.01 4.83 183793
20141219 4.84 4.86 4.94 4.75 187902
20141222 4.88 4.78 5.00 4.74 268887
20141223 4.77 4.69 4.85 4.62 156516
20141224 4.71 4.78 4.78 4.66 115360
20141225 4.77 4.82 4.82 4.74 172168
20141226 4.82 4.89 4.91 4.79 243037
20141229 4.91 4.96 5.04 4.87 494979
20141230 4.95 4.92 5.05 4.90 463293
20141231 4.90 5.06 5.08 4.83 396586
20150105 5.10 5.24 5.39 5.10 606433
20150106 5.18 5.11 5.25 5.08 312190
20150107 5.10 5.11 5.14 5.04 192494
20150108 5.10 4.98 5.11 4.98 184341
20150109 4.97 4.96 5.05 4.94 159365
20150112 4.60 4.47 4.60 4.46 528580
20150113 4.38 4.48 4.51 4.34 189530
20150114 4.45 4.41 4.50 4.39 142663
20150115 4.40 4.47 4.49 4.40 113235
20150116 4.47 4.47 4.49 4.42 178294
20150119 4.37 4.22 4.42 4.11 230235
20150120 4.22 4.30 4.33 4.20 139793
20150121 4.29 4.42 4.43 4.28 131275
20150122 4.40 4.47 4.48 4.36 149727
20150123 4.45 4.48 4.48 4.43 113016
20150126 4.46 4.54 4.55 4.44 125615
20150127 4.53 4.55 4.60 4.46 122431
20150128 4.53 4.53 4.57 4.50 89459
20150129 4.50 4.50 4.52 4.46 77832
20150130 4.48 4.51 4.57 4.44 123553
20150202 4.48 4.48 4.53 4.45 89102
20150203 4.48 4.50 4.52 4.43 86342
20150204 4.50 4.47 4.52 4.46 75563
20150205 4.55 4.44 4.57 4.43 79967
20150206 4.41 4.33 4.44 4.29 81981
20150209 4.30 4.29 4.33 4.28 53047
20150210 4.29 4.30 4.32 4.26 53915
20150211 4.31 4.34 4.37 4.29 40249
20150212 4.34 4.38 4.38 4.33 42386
20150213 4.39 4.46 4.48 4.38 63999
20150216 4.46 4.52 4.54 4.46 95097
20150217 4.53 4.56 4.58 4.50 80348
20150225 4.56 4.54 4.58 4.50 66243
20150226 4.53 4.61 4.62 4.50 122386
20150227 4.61 4.62 4.64 4.57 90476
20150302 4.66 4.70 4.71 4.65 134057
20150303 4.70 4.66 4.70 4.63 98066
20150304 4.65 4.75 4.76 4.63 125926
20150305 4.73 4.75 4.78 4.70 119002
20150306 4.76 4.80 4.93 4.76 170921
20150309 4.76 4.89 4.90 4.71 138567
20150310 4.87 4.98 5.00 4.83 243486
20150311 4.97 4.96 5.06 4.92 213091
20150312 4.96 4.95 5.02 4.90 207221
20150313 4.96 4.96 4.99 4.91 176950
20150316 5.00 5.14 5.16 4.98 224464
20150317 5.14 5.17 5.23 5.11 199165
20150318 5.18 5.27 5.32 5.17 234521
20150319 5.30 5.38 5.49 5.24 295969
20150320 5.39 5.51 5.54 5.39 256881
20150323 5.57 5.81 5.96 5.57 331966
20150324 5.76 5.65 5.76 5.33 337836
20150325 5.65 5.60 5.65 5.48 228194
20150326 5.57 5.69 5.88 5.55 265153
20150327 5.66 5.91 5.91 5.66 247400
20150330 5.94 6.14 6.50 5.81 610752
20150331 6.23 6.14 6.44 6.10 586256
20150401 6.15 6.18 6.18 6.05 220017
20150402 6.18 6.21 6.22 6.10 239324
20150403 6.17 6.25 6.33 6.13 257130
20150407 6.26 6.40 6.40 6.20 308701
20150408 6.41 6.38 6.42 6.20 265589
20150409 6.37 6.24 6.37 6.05 219629
20150410 6.16 6.52 6.77 6.11 477182
20150413 6.51 6.72 6.77 6.48 330449
20150414 6.71 6.66 6.83 6.60 242499
20150415 6.54 6.35 6.63 6.20 335897
20150416 6.35 6.41 6.50 6.20 179867
20150417 6.42 6.42 6.54 6.32 212121
20150420 6.46 6.51 6.60 6.31 341799
20150421 6.49 6.71 6.75 6.40 280768
20150422 6.77 7.06 7.10 6.75 421869
20150423 7.02 7.13 7.42 6.95 432704
20150424 7.01 6.98 7.10 6.90 330512
20150427 6.98 6.97 7.10 6.82 290789
20150428 6.97 6.61 6.97 6.55 260652
20150429 6.55 6.75 6.85 6.46 182953
20150430 6.73 6.69 6.90 6.69 162833
20150504 6.71 6.81 6.84 6.67 197893
20150505 6.82 6.43 6.84 6.40 189766
20150506 6.48 6.10 6.52 6.07 178065
20150507 6.10 5.96 6.20 5.81 210831
20150508 6.06 6.21 6.27 6.05 198147
20150511 6.35 6.49 6.55 6.35 211594
20150512 6.51 6.69 7.11 6.47 739327
20150513 6.67 6.77 6.81 6.56 278540
20150514 6.77 6.96 7.07 6.72 352019
20150515 6.92 6.82 6.93 6.60 238865
20150518 6.78 7.02 7.18 6.72 335749
20150519 7.03 7.08 7.15 6.89 260219
20150520 7.10 7.23 7.55 7.10 446555
20150521 7.28 7.50 7.57 7.28 361004
20150522 7.62 8.23 8.25 7.60 753607
