20140102 14.40 14.81 14.94 14.35 16340
20140103 14.77 14.64 14.91 14.60 10621
20140106 14.62 14.63 15.12 14.50 19063
20140107 14.60 14.42 14.63 14.14 11126
20140108 14.35 14.48 14.55 14.23 8974
20140109 14.45 13.54 14.52 13.39 24808
20140110 13.55 13.15 13.65 13.08 11078
20140113 13.15 13.15 13.42 12.90 9528
20140114 13.20 13.65 13.65 13.19 10752
20140115 13.69 13.60 13.69 13.40 5969
20140116 13.59 13.60 13.75 13.53 6935
20140117 13.60 13.58 13.79 13.43 7951
20140120 13.42 13.50 13.56 13.26 6619
20140121 13.54 13.66 13.72 13.43 6359
20140122 13.69 13.88 13.91 13.62 11665
20140123 13.93 14.03 14.15 13.84 9832
20140124 13.99 14.13 14.20 13.89 10196
20140127 14.30 13.97 14.30 13.91 8350
20140128 13.70 13.67 13.94 13.48 14315
20140129 13.66 13.36 13.69 13.35 13729
20140130 13.44 13.45 13.54 13.38 6751
20140207 13.45 13.68 13.68 13.13 9888
20140210 13.82 14.15 14.19 13.82 17466
20140211 14.14 14.16 14.26 13.95 15299
20140212 14.16 14.34 14.38 14.05 14942
20140213 14.38 14.43 14.66 14.18 21033
20140214 14.28 14.74 14.97 14.28 21040
20140217 14.74 14.94 15.08 14.62 19304
20140218 14.99 14.85 15.07 14.71 17024
20140219 14.75 14.72 14.95 14.58 17076
20140220 14.80 14.52 14.87 14.42 16019
20140221 14.52 14.75 14.77 14.41 12312
20140224 14.75 15.10 15.22 14.66 36402
20140225 15.14 14.30 15.18 14.20 25512
20140226 14.30 14.14 14.31 13.90 12523
20140227 14.07 14.01 14.42 13.91 15611
20140228 14.01 14.12 14.20 13.70 12677
20140303 14.11 14.33 14.36 14.02 12957
20140304 14.33 14.34 14.39 14.12 8427
20140305 14.41 14.49 14.72 14.35 15597
20140306 14.42 14.62 14.65 14.31 11359
20140307 14.69 14.50 14.78 14.40 13036
20140310 14.49 14.23 14.49 14.11 11745
20140311 14.21 14.49 14.50 14.01 10939
20140312 14.49 15.00 15.16 14.49 33413
20140313 14.92 15.11 15.20 14.80 22659
20140314 15.07 15.03 15.15 14.83 15084
20140317 15.10 15.56 15.75 14.95 34201
20140318 15.47 15.55 15.60 15.29 21091
20140319 15.50 15.15 15.55 14.95 19834
20140320 15.29 14.80 15.34 14.80 14697
20140321 14.85 15.20 15.36 14.48 21075
20140324 15.30 15.26 15.33 15.05 18069
20140325 15.28 15.08 15.34 14.94 15434
20140326 15.13 15.15 15.18 14.98 10478
20140327 15.10 14.72 15.10 14.71 10603
20140328 14.72 14.46 14.80 14.38 13841
20140331 14.44 14.25 14.45 14.15 7801
20140401 14.25 14.55 14.61 14.25 5700
20140402 14.55 14.55 14.65 14.39 5841
20140403 14.55 14.70 14.73 14.50 6064
20140404 14.70 14.81 14.84 14.55 6090
20140418 15.01 16.29 16.29 15.01 82821
20140421 16.51 16.90 17.80 16.30 101250
20140422 16.82 17.11 17.17 16.42 85848
20140423 16.94 16.81 16.99 16.67 43344
20140424 16.97 16.80 17.18 16.31 43867
20140425 16.47 16.65 17.63 16.41 43733
20140428 16.40 16.55 16.98 16.30 30329
20140429 16.47 15.95 16.68 15.02 28626
20140430 15.95 16.65 16.65 15.73 23802
20140505 16.65 17.10 17.10 16.44 28353
20140506 17.09 17.02 17.28 16.85 22018
20140507 16.94 16.88 17.10 16.80 17134
20140508 16.88 17.35 17.40 16.51 31996
20140509 17.23 16.91 17.45 16.80 18483
20140512 17.00 16.95 17.28 16.72 22706
20140513 16.76 17.06 17.22 16.62 15934
20140514 16.97 16.86 17.14 16.77 10919
20140515 16.88 16.49 16.89 16.49 12110
20140516 16.31 17.34 17.53 16.30 18422
20140519 17.38 17.78 18.10 17.05 29457
20140520 17.77 17.76 18.20 17.41 16233
20140521 17.76 18.60 18.80 17.42 32887
20140522 18.50 18.54 18.80 18.22 20849
20140523 18.55 18.21 18.55 18.09 16905
20140526 18.05 18.10 18.25 17.84 17170
20140527 18.10 17.91 18.27 17.82 13897
20140528 17.91 18.09 18.15 17.58 16592
20140529 18.09 17.54 18.20 17.54 12218
20140530 17.52 17.61 17.72 17.20 11068
20140603 17.61 17.36 17.70 17.21 12443
20140604 17.24 16.92 17.49 16.74 11343
20140605 16.78 16.90 16.97 16.64 11562
20140606 16.81 17.05 17.09 16.81 8942
20140609 17.05 16.98 17.47 16.96 9619
20140610 16.95 17.11 17.13 16.63 10529
20140611 17.05 16.86 17.11 16.68 8658
20140612 16.86 16.82 16.93 16.75 5024
20140613 16.73 16.85 16.96 16.72 6762
20140616 16.94 17.30 17.30 16.84 11464
20140617 17.30 16.92 17.30 16.87 8983
20140618 16.80 16.79 16.91 16.52 7640
20140619 16.62 16.39 16.86 16.31 8237
20140620 16.23 16.47 16.49 16.20 6734
20140623 16.42 16.30 16.50 16.28 5027
20140624 16.36 16.75 16.85 16.34 7872
20140625 16.65 16.74 16.88 16.62 5649
20140626 16.93 16.93 17.15 16.86 9100
20140627 16.93 17.03 17.08 16.79 7432
20140630 17.06 17.33 17.40 17.00 9735
20140701 17.34 17.30 17.38 17.13 9206
20140702 17.29 17.42 17.48 17.23 11976
20140703 17.43 17.47 17.52 17.23 14263
20140704 17.38 17.47 17.62 17.27 16603
20140707 17.40 17.69 17.88 17.30 11707
20140708 17.60 17.56 17.71 17.41 8737
20140709 17.45 17.32 17.57 17.28 10308
20140710 17.28 17.43 17.48 17.26 5924
20140711 17.40 17.56 17.68 17.29 5493
20140714 17.73 17.90 17.98 17.45 7760
20140715 17.90 17.77 17.96 17.60 5334
20140716 17.86 17.75 17.88 17.64 3459
20140717 17.83 17.51 17.87 17.41 4417
20140718 17.42 17.35 17.57 17.28 4231
20140721 17.35 17.30 17.53 17.13 4914
20140722 17.21 17.44 17.52 17.21 6360
20140723 17.41 17.24 17.50 17.20 4652
20140724 17.16 17.03 17.28 16.88 7106
20140725 17.03 17.13 17.20 16.96 4818
20140728 17.12 17.41 17.42 17.10 5454
20140729 17.27 17.58 17.62 17.24 4987
20140730 17.61 17.63 17.68 17.45 3691
20140731 17.63 18.38 18.50 17.42 11884
20140801 18.61 18.14 18.63 18.03 11127
20140804 18.08 18.13 18.32 17.90 9521
20140805 18.17 18.21 18.37 18.01 5783
20140806 18.22 17.98 18.27 17.85 8501
20140807 17.96 17.93 18.03 17.80 5117
20140808 17.92 17.95 18.17 17.81 6120
20140811 17.92 18.27 18.36 17.92 5037
20140812 18.27 18.27 18.36 18.15 4707
20140813 18.37 18.19 18.37 17.90 6059
20140814 18.16 18.09 18.28 18.00 4880
20140815 18.02 18.18 18.28 18.01 8320
20140818 18.25 18.52 18.54 18.22 14633
20140825 19.97 19.31 20.37 18.95 66030
20140826 19.02 18.29 19.41 17.98 38573
20140827 17.97 18.44 18.50 17.72 20771
20140828 18.20 18.80 19.16 18.20 22684
20140829 18.80 18.92 19.27 18.71 14555
20140901 18.88 19.42 19.48 18.79 22876
20140902 19.42 19.55 19.68 19.40 16231
20140903 19.59 19.88 20.20 19.58 22763
20140904 19.98 19.92 20.27 19.50 15221
20140905 19.92 19.98 20.20 19.69 12990
20140909 20.09 21.08 21.20 19.99 23657
20140910 20.81 22.06 22.62 20.62 22908
20140911 22.16 21.32 22.31 21.26 36391
20140912 21.35 21.69 21.70 21.19 22882
20140915 21.27 21.55 21.96 21.27 21178
20140916 21.50 20.98 21.60 20.88 19529
20140917 20.90 20.89 21.30 20.66 7085
20140918 20.87 21.20 21.24 20.60 8462
20140919 21.05 21.14 21.47 20.60 7335
20140922 21.20 21.19 21.30 20.73 6901
20140923 21.19 21.42 21.46 20.92 9599
20140924 21.47 21.69 21.85 21.35 14539
20140925 21.70 21.31 21.94 21.01 10542
20140926 21.34 21.60 21.77 21.08 7304
20140929 21.59 22.20 22.20 21.49 12629
20140930 22.68 23.00 24.40 22.22 21507
20141008 22.80 23.00 23.00 22.74 10233
20141009 23.00 22.53 23.00 22.40 8751
20141010 22.51 23.45 23.49 22.51 20067
20141013 23.62 23.45 23.80 23.00 14891
20141014 23.26 24.08 24.42 23.26 18585
20141015 24.18 24.97 25.26 23.83 17634
20141016 24.93 26.20 26.75 24.52 40546
20141017 26.20 25.88 26.35 24.92 20823
20141020 25.80 25.60 25.86 25.18 14247
20141021 25.58 25.61 26.18 25.25 12123
20141022 25.41 24.64 25.69 24.58 11536
20141023 24.60 23.70 24.60 23.30 17467
20141024 23.67 23.90 24.17 23.30 9884
20141027 23.66 24.61 24.78 23.32 7293
20141028 24.24 24.93 25.17 24.24 14988
20141029 25.25 24.75 25.27 24.43 12831
20141030 24.75 24.50 25.20 24.45 10050
20141031 24.42 23.93 24.42 23.53 11545
20141103 23.61 24.61 24.72 23.61 9564
20141104 24.00 24.65 25.07 24.00 5922
20141105 26.00 24.70 26.00 24.50 6897
20141106 24.55 24.89 24.90 24.40 7312
20141107 24.89 24.60 24.96 24.43 6112
20141110 24.83 24.20 24.83 23.92 12930
20141111 24.16 23.10 24.25 22.61 12932
20141112 23.08 24.48 24.62 22.80 20459
20141113 24.40 23.75 24.40 23.40 18575
20141114 23.00 23.60 23.95 23.00 5602
20141117 23.60 23.61 23.78 23.30 6219
20141118 23.61 23.61 23.99 23.48 3513
20141119 23.77 23.92 23.97 23.56 4766
20141120 24.09 23.86 24.09 23.70 4995
20141121 23.79 24.00 24.17 23.79 5300
20141124 24.19 24.49 24.80 23.90 12526
20141125 24.49 24.49 24.87 24.25 10969
20141126 24.50 25.18 25.27 24.49 15244
20141127 25.18 25.51 25.69 25.00 11552
20141128 25.51 26.30 26.48 25.30 15936
20141201 26.27 26.38 26.49 25.06 24771
20141202 26.38 26.36 27.02 25.81 17647
20141203 26.17 26.05 26.89 25.84 15779
20141204 26.10 26.06 26.47 25.70 14255
20141205 25.76 25.06 26.09 24.91 19979
20141208 25.05 25.75 25.95 25.05 25552
20141209 25.50 23.70 25.51 23.37 32921
20141210 23.50 24.09 24.20 23.50 12852
20141211 23.82 23.58 24.03 23.45 20316
20141212 23.61 25.00 25.05 23.61 31821
20141215 25.00 25.62 26.00 24.71 21115
20141216 25.64 25.29 25.97 25.05 11671
20141217 25.00 25.05 25.44 24.77 13162
20141218 24.76 25.07 25.38 24.76 4974
20141219 25.07 24.20 25.40 23.80 10996
20141222 24.10 21.91 24.10 21.78 35747
20141223 21.88 21.84 22.46 21.35 6042
20141224 22.00 22.18 22.37 21.70 6478
20141225 22.18 23.60 23.98 22.02 10230
20141226 23.60 23.90 23.94 23.51 9084
20141229 24.80 23.64 24.80 23.20 4350
20141230 23.57 22.93 23.57 22.25 6683
20141231 22.70 22.94 23.01 22.25 3224
20150105 22.89 22.48 22.95 22.20 9587
20150106 22.21 22.44 22.68 22.16 4663
20150107 22.58 22.50 22.75 22.30 4034
20150108 22.50 22.46 22.61 22.37 3919
20150109 22.60 22.63 22.85 22.36 4702
20150112 22.60 22.30 22.60 22.16 2106
20150113 22.32 23.12 23.36 22.32 4646
20150114 23.12 22.90 23.35 22.73 2350
20150115 22.96 23.00 23.33 22.61 5808
20150116 23.22 23.36 23.49 22.84 4276
20150119 23.50 22.89 23.50 22.50 7156
20150120 22.95 23.40 23.49 22.76 5160
20150121 23.40 24.00 24.45 23.40 10570
20150122 24.01 24.07 24.35 23.97 7261
20150123 24.07 24.34 24.47 24.00 10587
20150126 24.29 25.90 25.99 23.87 20633
20150127 25.60 25.83 26.00 25.38 21995
20150128 25.75 25.07 25.75 24.66 9039
20150129 24.90 24.59 25.05 24.50 5667
20150130 24.59 23.96 24.89 23.73 5537
20150202 23.76 24.15 24.31 23.51 4443
20150203 24.50 24.99 25.57 24.28 9671
20150204 25.00 24.48 25.19 24.04 11303
20150205 24.48 24.58 24.77 24.30 4435
20150206 24.58 24.13 24.68 24.13 4280
20150209 24.13 24.90 25.20 23.89 10856
20150210 24.71 24.58 24.94 24.15 5072
20150211 24.99 24.76 24.99 24.37 3745
20150212 24.78 24.76 25.00 24.65 2851
20150213 24.69 25.06 25.20 24.55 8917
20150216 24.90 24.97 25.27 24.72 7260
20150217 24.80 24.76 25.00 24.68 4147
20150225 24.83 24.75 25.22 24.32 8091
20150226 24.84 24.27 24.84 24.19 10592
20150227 24.24 24.44 24.44 23.74 8478
20150302 24.40 24.16 24.40 23.98 11500
20150303 24.16 24.16 24.68 24.15 9859
20150304 24.20 25.25 25.26 23.95 25320
20150305 25.22 26.28 26.36 25.00 27308
20150306 26.35 25.42 26.48 25.01 30589
20150309 24.96 27.96 27.96 24.93 30733
20150310 28.80 27.57 28.82 26.78 70592
20150311 27.34 27.50 28.20 27.12 45961
20150312 27.50 26.72 27.50 26.30 29719
20150313 26.72 27.25 27.40 26.67 21980
20150316 27.30 27.78 27.97 27.21 29467
20150317 27.65 27.80 28.16 27.61 18021
20150318 27.81 30.16 30.58 27.81 28350
20150319 30.09 30.31 31.29 29.60 35627
20150320 31.50 30.18 31.50 30.05 55408
20150323 30.20 29.94 30.34 29.05 46307
20150324 29.90 32.00 32.93 29.58 66466
20150325 31.67 33.78 34.90 31.35 62820
20150326 33.49 33.30 34.20 32.34 41090
20150327 33.20 33.35 34.00 32.26 23457
20150330 34.00 34.05 34.49 33.38 33165
20150331 34.40 33.50 34.40 32.68 39642
20150401 33.49 33.63 33.89 32.55 36996
20150402 33.63 32.60 33.88 32.56 67115
20150403 32.70 33.12 33.48 32.01 67268
20150407 33.00 36.43 36.43 32.98 65177
20150408 36.60 36.14 38.99 35.40 92513
20150409 35.60 38.50 39.50 32.66 72750
20150410 38.02 42.35 42.35 38.02 75345
20150413 44.74 46.03 46.59 42.75 92608
20150414 44.90 44.25 45.00 42.01 107582
20150415 43.02 39.85 43.10 39.83 75808
20150416 39.90 38.99 41.30 37.00 39261
20150417 39.99 37.82 40.34 37.56 49295
20150420 37.50 36.59 37.82 36.35 52878
20150421 37.70 39.67 39.74 37.69 51541
20150422 40.93 40.80 41.99 40.21 59689
20150423 41.82 44.88 44.88 41.80 91629
20150424 44.58 44.88 47.12 43.50 73403
20150427 45.50 45.82 48.50 45.50 69602
20150428 45.50 41.59 45.50 41.24 64618
20150429 39.99 41.40 43.00 39.34 37582
20150430 41.01 41.70 42.19 41.01 23764
20150504 41.46 44.30 45.00 40.85 37363
20150505 44.30 44.21 47.30 43.19 49778
20150506 44.23 43.61 45.73 43.15 35240
20150507 43.15 43.88 45.52 43.15 32416
20150508 44.00 47.15 47.28 44.00 49229
20150511 49.00 51.87 51.87 47.70 69062
20150512 52.60 54.95 55.88 52.50 55893
20150513 53.90 55.73 56.79 50.80 45524
20150514 55.05 53.88 56.20 53.00 39623
20150515 54.30 53.41 54.89 51.80 41015
20150518 53.41 58.19 58.75 53.30 38095
20150519 59.01 64.01 64.01 56.02 46608
20150520 66.61 66.60 69.80 65.58 42153
20150521 66.60 71.90 72.66 66.55 44383
20150522 36.90 36.88 37.78 34.01 156725
20150525 33.50 34.30 36.51 33.50 191644
20150526 33.80 34.81 35.33 32.90 127983
20150527 34.30 36.59 37.48 33.01 159552
20150528 40.25 40.25 40.25 38.80 205516
20150529 39.89 37.50 40.00 36.30 194658
20150601 36.97 38.15 39.60 36.50 134890
20150602 38.10 37.98 38.14 36.37 143557
20150603 37.99 41.78 41.78 36.90 195980
20150604 42.50 40.98 42.97 38.30 149446
20150605 42.49 40.20 42.65 39.08 110876
20150608 40.21 39.50 41.95 38.50 102482
20150609 40.50 40.05 40.60 38.26 84351
20150610 39.50 39.65 40.31 39.13 77033
20150611 39.90 41.60 42.33 39.42 110617
20150612 41.28 41.06 41.96 40.53 73878
20150615 42.50 41.70 43.00 40.80 90434
20150616 40.67 38.22 40.80 37.81 92445
20150617 37.30 37.69 38.55 35.00 81147
20150618 38.20 35.79 39.88 35.00 83312
20150619 34.00 32.21 34.66 32.21 59932
20150623 32.21 30.21 33.15 28.99 75400
20150624 31.00 31.11 31.28 29.80 76197
20150625 31.40 28.16 31.40 28.15 107239
20150626 26.71 25.34 26.71 25.34 59461
20150629 25.35 22.81 25.90 22.81 92663
20150630 20.77 23.25 23.55 20.53 154933
20150701 22.60 20.93 23.68 20.93 114637
20150702 19.95 18.84 20.51 18.84 96685
