20140102 46.94 46.19 46.94 45.60 44641
20140103 46.09 45.96 46.25 45.50 33304
20140106 45.71 44.43 45.71 43.40 67004
20140107 43.82 45.15 45.50 43.82 38275
20140108 45.15 45.51 46.15 44.73 28852
20140109 45.08 45.71 46.46 45.08 26011
20140110 45.51 45.55 46.26 45.41 23765
20140113 45.90 46.49 46.97 45.58 43120
20140114 46.50 47.00 47.12 46.20 38425
20140115 46.80 47.01 47.36 46.06 26386
20140116 47.27 48.82 50.60 47.20 54814
20140117 48.95 48.65 50.25 48.00 58193
20140120 48.01 46.95 50.70 46.88 72470
20140121 45.75 48.45 48.67 45.75 32478
20140122 48.27 48.99 50.28 48.27 43124
20140123 48.68 48.63 49.50 48.02 23696
20140124 48.16 48.29 49.10 47.94 31526
20140127 47.81 46.70 47.81 45.91 51130
20140128 46.68 45.73 46.71 45.00 39834
20140129 45.58 46.31 46.49 45.54 21675
20140130 46.25 44.85 46.55 44.24 43303
20140207 44.55 44.03 44.75 43.88 60589
20140210 44.32 46.44 46.44 44.32 68266
20140211 46.37 45.85 46.39 45.57 44750
20140212 45.86 45.59 46.14 45.48 22311
20140213 45.38 45.00 45.38 44.40 26392
20140214 45.00 44.68 45.36 44.44 46188
20140217 44.81 44.10 44.97 43.76 85710
20140218 44.30 42.90 44.30 42.50 88046
20140219 42.92 43.43 43.46 42.60 46006
20140220 43.43 44.63 44.82 42.72 83679
20140221 44.42 44.60 45.16 44.05 39614
20140224 44.18 43.00 44.18 42.80 51276
20140225 44.10 40.50 44.99 40.01 158751
20140226 40.35 41.08 41.74 40.08 65394
20140227 41.50 40.97 41.88 40.66 54420
20140228 40.95 42.17 42.82 40.66 55444
20140303 41.71 43.40 43.65 41.63 72312
20140304 43.34 42.16 43.57 41.91 39317
20140305 42.10 42.11 42.45 41.60 30680
20140306 41.80 42.08 42.20 40.81 31390
20140307 41.71 41.43 42.38 40.99 33065
20140310 41.10 41.75 43.33 40.32 69768
20140311 41.60 42.99 43.42 41.35 57230
20140312 43.00 43.33 43.89 42.72 39098
20140313 43.55 43.15 43.59 42.56 28575
20140314 43.25 42.06 43.62 41.62 46947
20140317 42.17 41.43 42.27 40.95 64281
20140318 41.29 40.91 41.41 40.64 66036
20140319 40.87 39.54 40.87 39.10 84469
20140320 39.65 38.60 39.84 38.33 78348
20140321 38.60 39.38 39.68 38.01 58848
20140324 39.05 39.15 39.80 38.81 37130
20140325 39.15 39.04 39.27 38.75 30557
20140326 39.07 39.18 39.54 38.91 30238
20140327 39.18 38.32 39.40 38.30 42478
20140328 38.30 37.90 38.56 37.70 29826
20140331 38.30 39.29 39.50 38.30 64407
20140401 39.24 39.46 40.00 39.11 56865
20140402 39.70 38.78 39.87 38.57 46018
20140403 39.04 38.60 39.19 38.40 37871
20140404 38.65 40.80 40.84 38.51 105309
20140408 40.69 41.71 42.08 40.50 93485
20140409 41.65 41.50 42.28 41.18 52636
20140410 41.53 41.72 42.00 41.20 40806
20140411 41.77 42.52 43.20 41.68 67072
20140414 42.50 40.50 42.99 39.99 139607
20140415 40.03 39.99 40.43 39.81 54562
20140416 40.00 39.52 40.00 38.80 55639
20140417 39.80 39.35 39.80 39.27 42602
20140418 39.25 39.55 40.07 38.80 48371
20140421 39.00 39.27 39.49 38.90 37383
20140422 39.27 39.94 39.95 39.00 40281
20140423 40.00 39.16 40.05 38.97 44665
20140424 37.98 36.60 37.98 36.50 64928
20140425 36.60 36.56 36.78 35.71 60070
20140428 36.68 36.02 36.99 35.97 45722
20140429 36.29 36.81 36.86 36.01 29903
20140430 37.00 35.97 37.30 35.11 96485
20140505 35.68 36.73 37.00 35.50 51317
20140506 36.68 36.72 37.27 36.50 47789
20140507 36.61 36.26 36.62 35.96 48293
20140508 36.17 35.85 36.35 35.66 42095
20140509 36.08 35.50 36.16 35.14 50612
20140512 35.70 35.98 36.12 35.41 48662
20140513 36.00 36.00 36.10 35.82 25524
20140514 36.10 35.87 36.29 35.81 36756
20140515 35.83 35.33 35.83 34.92 72622
20140516 35.16 35.21 35.38 34.96 33432
20140519 35.20 34.67 35.29 34.42 35389
20140520 34.80 33.77 35.04 33.48 65798
20140521 33.77 33.58 33.77 33.12 59697
20140522 33.58 33.52 33.90 33.43 45217
20140523 33.63 34.03 34.08 33.50 34020
20140526 34.48 34.76 34.86 34.18 53122
20140527 34.77 34.30 34.93 34.25 36388
20140528 34.30 34.34 34.67 34.01 37150
20140529 34.49 34.39 34.85 34.15 49006
20140530 34.60 34.27 34.60 33.83 41413
20140603 34.27 33.78 34.53 33.53 47191
20140604 33.78 33.90 33.90 33.19 41353
20140605 33.63 34.18 34.27 33.50 29108
20140606 34.18 34.30 34.55 33.78 36211
20140609 34.40 35.21 35.49 34.03 61165
20140610 35.19 35.42 35.75 35.02 42711
20140611 35.38 35.05 35.39 34.81 27227
20140612 34.93 35.46 35.61 34.82 30881
20140613 35.40 35.90 35.96 35.20 46225
20140616 35.90 35.72 35.99 35.46 34171
20140617 35.51 35.89 36.05 35.10 36497
20140618 35.95 35.21 35.95 35.16 23978
20140619 35.58 34.47 35.64 34.16 28482
20140620 34.47 34.80 34.95 34.25 31855
20140623 34.81 34.87 35.60 34.58 38312
20140624 34.88 35.09 35.51 34.73 21205
20140625 35.25 35.45 35.48 34.75 26235
20140626 35.83 35.61 36.10 35.48 28833
20140627 35.55 35.79 35.79 34.91 24885
20140630 35.60 35.79 35.97 35.50 31756
20140701 35.92 34.70 35.92 34.70 51455
20140702 34.75 33.80 34.80 33.63 90670
20140703 33.80 33.69 34.03 33.47 109283
20140704 33.66 33.87 33.92 33.62 39621
20140707 33.89 33.59 33.97 33.48 51588
20140708 33.54 33.60 33.83 33.40 39301
20140709 33.66 32.08 33.66 32.02 135367
20140710 32.28 31.64 32.30 31.33 79708
20140711 31.64 31.73 31.84 31.42 38568
20140714 31.77 32.12 32.15 31.51 43806
20140715 32.05 33.01 33.30 32.02 99648
20140716 33.03 32.33 33.19 32.24 48326
20140717 32.33 32.71 33.04 32.15 36666
20140718 32.70 32.93 33.14 32.51 42632
20140721 32.98 33.63 33.87 32.94 79032
20140722 33.64 33.80 33.84 33.12 58364
20140723 33.66 33.50 33.83 33.30 40829
20140724 33.40 33.70 33.89 33.40 42961
20140725 33.90 34.39 34.57 33.78 57548
20140728 34.51 36.10 36.35 34.50 115273
20140729 36.10 36.11 36.99 35.41 72440
20140730 36.15 36.47 36.69 35.81 52036
20140731 36.28 37.91 37.95 36.28 77362
20140801 37.90 37.55 39.14 37.10 75173
20140804 37.70 37.48 38.10 36.88 70974
20140805 37.50 37.35 38.08 36.88 47250
20140806 36.90 36.91 37.29 36.76 38294
20140807 36.93 36.05 37.25 36.00 64391
20140808 36.00 35.92 36.25 35.46 44886
20140811 35.90 36.79 36.86 35.81 54907
20140812 36.80 36.12 36.80 35.95 76877
20140813 36.14 36.30 36.48 35.93 60018
20140814 36.32 35.00 36.38 34.80 131234
20140815 35.04 35.25 35.26 34.88 71176
20140818 35.39 35.44 35.55 35.18 72531
20140819 35.45 35.26 35.46 34.90 94036
20140820 35.22 35.43 35.48 35.08 63404
20140821 35.43 36.16 36.16 35.09 83493
20140822 36.23 36.79 36.86 36.04 131828
20140825 36.69 35.93 36.78 35.85 85331
20140826 35.93 35.06 35.93 35.01 69739
20140827 35.06 34.70 35.36 34.60 73940
20140828 34.71 34.42 34.92 34.41 51298
20140829 34.52 34.87 34.99 34.50 42413
20140901 35.10 35.33 35.62 35.06 55997
20140902 35.50 35.54 35.65 35.20 63721
20140903 35.56 36.10 36.42 35.56 93105
20140904 36.16 36.09 36.20 35.64 84778
20140905 36.17 36.13 36.36 35.78 99000
20140909 36.33 36.52 36.64 36.01 86487
20140910 36.11 36.25 36.32 35.96 66932
20140911 36.19 35.46 36.29 35.41 101414
20140912 35.43 35.27 35.43 34.97 93950
20140915 35.17 35.17 35.26 34.87 74048
20140916 35.17 34.06 35.20 34.00 113042
20140917 34.10 34.24 34.28 33.60 80685
20140918 34.22 34.04 34.24 33.85 69389
20140919 34.04 34.14 34.30 33.79 73392
20140922 34.15 33.25 34.16 33.03 106522
20140923 33.30 33.42 33.46 33.00 62559
20140924 33.30 34.06 34.16 33.11 112041
20140925 34.21 33.80 34.33 33.74 87184
20140926 33.71 33.49 33.89 33.20 75494
20140929 33.50 33.53 33.79 33.30 88042
20140930 33.62 33.56 33.72 33.29 63080
20141008 33.57 34.71 34.76 33.55 138755
20141009 34.70 34.48 34.79 34.13 88737
20141010 34.29 33.80 34.37 33.68 113717
20141013 33.60 33.67 33.68 33.21 69926
20141014 33.62 33.33 33.62 33.08 96094
20141015 33.28 33.59 33.59 32.82 100138
20141016 33.44 33.12 33.56 33.06 68735
20141017 33.04 33.48 33.70 33.04 69286
20141020 33.56 33.67 33.70 33.33 66572
20141021 33.66 33.66 33.68 33.22 58153
20141022 33.67 33.85 34.12 33.56 90405
20141023 33.85 33.50 34.07 33.26 63140
20141024 33.50 31.83 33.50 31.70 192545
20141027 31.10 28.65 31.10 28.65 356851
20141028 28.13 28.70 28.92 28.01 266875
20141029 28.77 28.85 28.94 28.66 169501
20141030 28.85 28.70 28.86 28.48 170861
20141031 28.71 28.50 28.74 28.28 210523
20141103 28.58 28.85 28.88 28.40 175439
20141104 28.88 28.52 28.91 28.42 141748
20141105 28.52 28.37 28.52 28.18 95026
20141106 28.37 28.61 28.66 28.30 87480
20141107 28.60 28.25 28.60 28.16 158048
20141110 28.25 28.56 28.65 28.25 165387
20141111 28.60 28.18 28.74 28.03 174744
20141112 28.17 28.30 28.34 28.07 114390
20141113 28.35 28.18 28.47 28.12 142114
20141114 28.18 28.59 28.76 28.12 182011
20141117 28.58 28.58 28.79 28.32 129235
20141118 28.40 28.32 28.58 28.20 114991
20141119 28.27 28.16 28.29 28.09 108412
20141120 28.10 28.22 28.28 28.06 96072
20141121 28.24 28.25 28.26 28.08 125823
20141124 28.40 28.39 28.45 28.18 209049
20141125 28.36 28.62 28.66 28.26 208679
20141126 28.70 28.59 28.78 28.40 204063
20141127 28.66 28.55 28.70 28.36 214372
20141128 28.76 29.64 29.92 28.56 521160
20141201 29.76 29.31 29.77 29.31 334699
20141202 29.26 29.40 29.57 28.91 314636
20141203 29.68 30.15 30.80 29.59 466981
20141204 30.50 31.12 31.38 30.33 456722
20141205 31.20 30.16 31.39 29.60 429482
20141208 30.00 30.40 30.70 29.71 393703
20141209 30.31 30.45 32.45 29.88 567805
20141210 30.71 31.50 31.50 30.56 346786
20141211 31.49 31.35 32.21 31.05 287313
20141212 31.45 31.34 31.94 31.11 182907
20141215 31.34 31.17 31.40 30.77 202961
20141216 31.10 30.77 31.10 30.55 226266
20141217 30.77 30.10 30.79 29.92 261935
20141218 30.15 30.11 30.42 30.08 188663
20141219 30.10 29.21 30.10 29.01 350386
20141222 29.10 29.91 29.97 28.66 262017
20141223 29.78 30.43 31.05 29.61 263019
20141224 30.75 30.47 30.88 30.05 179288
20141225 30.51 30.66 30.94 30.40 183986
20141226 30.79 30.90 30.98 30.56 219646
20141229 31.00 31.86 32.29 30.66 404767
20141230 31.85 31.71 32.29 31.42 280938
20141231 31.70 31.55 31.86 31.10 205634
20150105 31.58 32.72 32.99 31.29 395409
20150106 32.66 33.97 35.65 32.45 417488
20150107 33.90 34.14 34.70 33.68 245879
20150108 34.26 33.64 34.35 33.61 153505
20150109 33.59 32.88 33.70 32.75 225011
20150112 32.76 33.35 33.60 32.54 145823
20150113 33.37 32.91 33.47 32.83 160535
20150114 32.92 32.07 33.08 31.88 167431
20150115 32.15 32.45 32.49 31.92 121011
20150116 32.65 33.05 33.35 32.40 142229
20150119 32.20 31.48 32.99 31.00 206555
20150120 31.70 32.37 32.46 31.61 154472
20150121 32.40 33.19 33.19 32.20 160997
20150122 33.21 32.99 33.50 32.71 141351
20150123 32.94 32.82 33.10 32.60 117713
20150126 33.00 33.75 33.78 33.00 182919
20150127 33.75 33.26 33.94 32.88 146957
20150128 33.19 33.15 33.68 32.88 125553
20150129 32.90 32.59 33.06 32.31 128208
20150130 32.71 32.40 32.99 32.30 96229
20150202 32.15 32.22 32.38 31.78 87545
20150203 32.48 32.71 32.76 32.18 86600
20150204 32.68 32.12 32.75 32.10 79641
20150205 32.52 31.23 32.61 31.23 155597
20150206 31.31 31.52 31.93 31.10 126021
20150209 31.65 32.10 32.18 31.56 112785
20150210 32.15 32.40 32.46 31.80 99772
20150211 32.47 32.50 32.60 32.20 80015
20150212 32.46 32.60 32.65 32.36 86613
20150213 32.65 32.65 33.23 32.60 125314
20150216 32.65 32.77 33.01 32.28 108319
20150217 32.82 32.59 32.99 32.59 87057
20150225 32.59 32.10 32.59 32.02 97282
20150226 32.10 32.43 32.48 32.02 77043
20150227 32.43 32.51 32.69 32.40 82350
20150302 32.57 32.97 33.14 32.52 136648
20150303 32.90 32.45 33.06 32.42 133284
20150304 32.43 32.81 32.90 32.32 106322
20150305 32.95 33.37 33.71 32.94 211592
20150306 33.45 32.61 33.68 32.50 139928
20150309 32.50 32.92 32.93 32.06 126627
20150310 32.80 32.60 32.80 32.38 124415
20150311 32.55 32.33 32.79 32.28 131985
20150312 32.46 32.57 32.68 32.16 128990
20150313 32.59 32.61 32.67 32.45 113697
20150316 32.71 33.35 33.45 32.70 200948
20150317 33.50 33.50 33.89 33.32 245627
20150318 33.60 34.23 34.27 33.57 233722
20150319 34.20 34.15 34.22 33.74 199152
20150320 34.15 34.66 35.17 34.15 231036
20150323 34.90 35.00 35.20 34.66 197723
20150324 35.01 34.49 35.10 33.96 296071
20150325 34.48 34.36 34.49 34.00 225221
20150326 35.55 36.55 37.40 35.55 552755
20150327 36.60 36.61 37.21 36.02 272612
20150330 36.98 37.01 37.18 36.60 271433
20150331 37.01 36.90 38.15 36.86 275255
20150401 36.91 37.29 37.43 36.71 219492
20150402 37.33 38.12 38.67 37.33 288144
20150403 37.92 38.12 38.50 37.70 182456
20150407 38.18 38.91 38.95 38.15 221288
20150408 39.51 39.88 41.50 39.40 295986
20150409 40.09 38.90 40.09 38.16 260825
20150410 38.90 39.40 39.48 38.64 183435
20150413 39.95 40.16 40.50 39.38 189570
20150414 40.22 40.43 41.40 40.19 249787
20150415 40.43 38.75 40.43 38.65 212082
20150416 38.67 40.67 41.68 38.17 297099
20150417 41.08 40.36 41.20 40.11 218616
20150420 40.33 38.75 40.33 38.70 235804
20150421 38.85 39.88 39.95 38.85 199484
20150422 40.11 40.46 40.98 39.95 220356
20150423 40.60 40.72 41.10 40.19 232264
20150424 40.39 39.86 40.39 39.08 203237
20150427 40.05 40.43 41.17 40.05 220851
20150428 40.35 39.03 40.35 38.80 231858
20150429 39.00 39.04 39.45 38.95 155531
20150430 38.90 38.19 39.30 38.19 255366
20150504 38.30 38.41 38.59 38.10 177106
20150505 38.68 37.12 38.68 36.97 204734
20150506 37.30 36.46 37.64 36.31 175265
20150507 36.40 37.14 37.31 36.26 148226
20150508 37.18 37.70 37.76 37.18 149284
20150511 37.86 38.05 38.08 37.21 223163
20150512 38.00 37.99 38.11 37.62 165732
20150513 38.52 38.91 39.36 38.52 276791
20150514 38.91 38.67 39.13 38.42 138289
20150515 38.88 39.02 39.25 38.36 204599
20150518 38.90 39.86 39.88 38.69 235682
20150519 39.80 40.25 40.36 39.70 261763
20150520 25.55 25.63 26.09 25.35 521669
20150521 25.63 26.50 26.74 25.41 522805
20150522 26.65 26.50 26.74 26.07 420284
20150525 26.49 27.29 27.35 26.19 585235
20150526 27.33 27.24 27.38 26.65 470240
20150527 27.34 27.05 27.55 26.80 430010
20150528 27.05 25.56 27.58 25.48 566982
20150529 25.59 25.07 25.87 24.30 421364
20150601 25.07 26.08 26.18 25.07 423389
20150602 26.09 26.20 26.20 25.61 430414
20150603 26.27 26.20 26.59 25.85 371127
20150604 26.22 25.70 26.30 24.35 489285
20150605 25.89 25.89 26.21 25.50 505145
20150608 26.00 26.75 26.78 25.76 634741
20150609 26.78 26.36 26.95 26.15 493301
20150610 26.40 26.35 26.73 26.09 506918
20150611 26.36 25.98 26.45 25.73 495616
20150612 26.15 26.82 26.88 26.00 769808
20150615 26.85 26.65 27.50 26.55 775628
20150616 26.46 25.19 26.49 24.78 644011
20150617 25.28 25.26 25.38 24.34 424192
20150618 25.08 24.21 25.09 24.16 368188
20150619 23.98 22.50 23.99 22.40 419269
20150623 22.60 23.41 23.44 21.79 410133
20150624 23.51 23.47 23.63 22.85 427563
20150625 23.50 22.35 23.54 22.22 375482
20150626 22.00 20.12 22.29 20.12 578670
20150629 20.67 19.98 20.84 18.70 617223
20150630 20.10 21.33 21.42 19.69 519835
20150701 21.10 20.27 21.75 20.13 431109
20150702 20.35 19.80 20.76 19.51 422958
20150703 19.81 19.19 20.30 18.40 452246
20150706 21.09 19.58 21.09 18.50 502987
20150707 19.08 20.08 20.08 18.22 663954
20150708 18.61 18.32 18.77 18.07 897306
20150709 18.32 20.15 20.15 18.32 451356
20150710 20.35 22.17 22.17 18.30 1102046
20150713 21.50 22.59 23.29 21.25 1057635
20150714 22.00 21.28 22.17 21.01 670979
20150715 20.99 19.90 20.99 19.80 450031
20150716 19.90 20.29 20.70 19.55 299041
20150717 20.33 20.99 21.30 20.29 370989
20150720 21.00 20.65 21.28 20.35 392449
20150721 20.61 22.05 22.19 20.33 650462
20150722 22.05 21.70 22.35 21.09 436715
20150723 21.70 21.86 21.97 21.36 371299
20150724 21.85 21.20 21.96 21.07 405513
20150727 20.90 19.22 21.45 19.20 384810
20150728 18.83 19.85 20.00 18.68 492849
20150729 19.83 20.36 20.37 19.64 243719
20150730 20.36 19.03 20.36 18.98 403156
