20140102 18.98 18.81 18.98 18.66 11167
20140103 18.81 18.76 19.44 18.72 15862
20140106 18.50 17.70 18.70 17.67 14340
20140107 17.73 17.66 17.97 17.43 6774
20140108 17.85 17.90 18.30 17.68 5471
20140109 17.77 17.97 18.25 17.69 7790
20140110 18.00 17.75 18.18 17.65 8816
20140113 17.77 17.51 18.17 17.48 8067
20140114 17.40 17.60 17.67 17.10 5647
20140115 17.63 18.05 18.48 17.48 11109
20140116 18.06 18.42 18.54 17.98 10165
20140117 18.22 18.00 18.55 17.96 6849
20140120 17.97 17.40 17.97 17.30 7771
20140121 17.40 17.73 17.75 17.34 5466
20140122 17.77 18.41 18.57 17.63 12812
20140123 18.33 19.68 19.90 18.25 23800
20140124 19.58 20.59 21.65 19.38 33334
20140127 20.62 20.60 20.98 20.18 16594
20140128 20.50 20.10 20.70 19.74 14043
20140129 20.26 20.62 20.81 19.95 10000
20140130 20.67 20.37 20.67 20.03 7557
20140207 20.49 20.38 20.49 19.88 6821
20140210 21.40 21.16 22.42 20.48 30160
20140211 20.90 20.58 21.15 20.37 18717
20140212 20.60 20.84 20.96 20.12 13425
20140213 20.70 20.00 20.75 19.80 14415
20140214 20.10 21.75 22.00 19.81 33724
20140217 21.09 21.54 22.30 21.01 24653
20140218 21.07 20.47 21.28 20.45 23424
20140219 20.06 20.42 20.81 19.93 23021
20140220 20.32 20.44 20.63 20.02 12995
20140221 20.49 21.07 21.30 20.20 23909
20140224 21.05 20.34 21.05 20.25 14728
20140225 20.31 19.67 20.48 19.51 13443
20140226 19.67 19.70 19.76 18.91 8999
20140227 19.60 19.60 19.96 19.40 6398
20140228 19.58 19.48 19.74 19.10 6109
20140303 19.20 19.70 19.76 19.20 7196
20140304 19.60 20.13 20.18 19.55 8275
20140305 20.13 20.82 21.14 20.05 17198
20140306 21.00 20.88 21.10 20.45 9505
20140307 20.92 20.89 21.29 20.75 8918
20140310 18.80 18.80 18.80 18.80 1271
20140311 16.92 16.92 16.92 16.92 10055
20140312 16.50 17.09 18.05 16.39 43432
20140313 16.59 16.82 17.14 16.56 16104
20140314 16.98 17.09 17.98 16.88 29796
20140317 16.95 17.30 17.48 16.56 21372
20140318 17.19 17.20 17.36 16.93 16421
20140319 17.10 16.96 17.13 16.88 8649
20140320 16.89 17.02 17.46 16.53 19857
20140321 16.91 17.13 17.19 16.70 12355
20140324 17.10 16.75 17.17 16.72 16002
20140325 16.63 16.64 16.90 16.40 12878
20140326 16.64 16.85 16.89 16.57 9317
20140327 16.82 16.54 16.85 16.42 12281
20140328 16.46 15.50 16.46 14.92 22009
20140331 15.24 15.73 15.95 14.80 14626
20140401 15.64 15.84 15.99 15.55 9053
20140402 15.78 15.80 16.06 15.61 7513
20140403 15.78 16.48 16.76 15.78 19922
20140404 16.48 16.77 17.00 16.14 13908
20140408 16.45 16.82 17.00 16.40 10191
20140409 16.82 17.28 17.56 16.73 14920
20140410 17.15 17.17 17.39 17.05 9600
20140411 17.03 17.22 17.50 16.91 11195
20140414 17.20 16.91 17.37 16.86 13566
20140415 16.93 16.94 17.10 16.60 8156
20140416 16.85 16.89 17.02 16.65 4925
20140417 16.82 17.38 17.38 16.82 14163
20140418 17.38 17.22 17.38 17.00 7617
20140421 17.06 16.55 17.21 16.50 11981
20140422 16.55 16.96 17.12 16.50 9082
20140423 16.99 16.63 16.99 16.61 4680
20140424 16.74 16.73 16.84 16.31 6193
20140425 16.52 15.98 16.69 15.85 7694
20140428 16.22 15.41 16.22 15.13 7280
20140429 15.50 15.65 15.70 15.22 5344
20140430 15.59 16.50 16.65 15.44 10576
20140505 16.40 16.74 17.23 16.31 8279
20140506 16.69 16.69 17.07 16.61 6673
20140507 16.83 16.73 16.87 16.53 6133
20140508 16.67 16.88 17.09 16.66 6387
20140509 16.92 16.89 16.98 16.62 4664
20140512 16.99 17.21 17.29 16.81 10988
20140513 17.20 16.77 17.23 16.69 8764
20140514 16.71 16.84 16.90 16.59 6206
20140515 16.73 16.69 16.88 16.62 4057
20140516 16.65 16.49 16.65 16.40 5064
20140519 16.28 16.19 16.40 16.01 5297
20140520 16.20 16.35 16.43 16.15 2902
20140521 16.38 16.39 16.42 16.19 3917
20140522 16.26 16.44 16.48 16.21 5269
20140523 16.49 16.54 16.94 16.37 8613
20140526 16.46 16.29 16.46 16.07 7087
20140527 16.29 16.09 16.34 16.06 5078
20140528 16.09 16.27 16.35 16.09 7661
20140529 16.16 15.72 16.23 15.60 11528
20140530 15.67 16.00 16.05 15.55 5188
20140603 15.88 15.95 16.05 15.80 4445
20140604 16.09 15.82 16.09 15.68 3669
20140605 15.79 16.12 16.12 15.72 5885
20140606 16.10 16.03 16.11 15.88 3594
20140609 15.99 15.85 16.15 15.72 3433
20140610 15.85 15.92 16.01 15.75 3584
20140611 15.85 15.85 15.94 15.68 4806
20140612 15.84 16.02 16.02 15.68 4102
20140613 15.87 16.40 16.41 15.87 11081
20140616 16.40 16.20 16.42 16.12 5819
20140617 16.25 16.20 16.32 16.10 4587
20140618 16.26 15.83 16.26 15.80 5693
20140619 15.83 15.40 15.89 15.36 4885
20140620 15.42 15.70 15.75 15.33 2541
20140623 15.66 15.71 15.76 15.53 4422
20140624 15.69 16.32 16.37 15.64 10329
20140625 16.33 15.98 16.34 15.88 5913
20140626 16.08 17.58 17.58 15.98 25753
20140627 17.75 18.16 18.76 17.50 39142
20140630 18.11 17.91 18.11 17.60 19443
20140701 17.84 17.88 17.99 17.60 10833
20140702 17.85 17.87 18.08 17.60 12892
20140703 17.64 18.00 18.00 17.64 11668
20140704 18.00 17.90 18.07 17.79 7223
20140707 17.76 17.31 17.94 17.16 11708
20140708 17.25 17.40 17.44 17.14 5484
20140709 17.28 17.51 17.99 17.15 16263
20140710 17.42 17.55 17.66 17.21 11153
20140711 17.60 17.53 17.63 17.35 6543
20140714 17.58 17.60 17.69 17.25 10856
20140715 17.55 18.15 18.51 17.41 23497
20140716 18.04 17.95 18.19 17.92 9914
20140717 17.80 17.56 17.92 17.46 8497
20140718 17.48 17.65 17.73 17.45 4691
20140721 17.65 17.25 17.65 17.17 6114
20140722 17.25 17.49 17.68 17.11 6133
20140723 17.49 16.85 17.51 16.85 8947
20140724 16.85 16.91 17.00 16.69 9493
20140725 16.91 17.60 18.55 16.79 22444
20140728 17.48 17.62 17.99 17.40 17198
20140729 17.56 17.73 17.77 17.51 12568
20140730 17.72 17.49 17.95 17.48 13812
20140731 17.49 17.60 17.78 17.40 16027
20140801 17.61 17.65 18.06 17.50 24422
20140804 17.62 18.19 18.50 17.59 30008
20140805 18.08 17.92 18.34 17.81 18735
20140806 17.93 19.14 19.28 17.89 37252
20140807 18.95 18.59 18.99 18.54 23633
20140808 18.70 18.72 18.75 18.36 10633
20140811 18.68 18.58 18.72 18.41 14995
20140812 18.58 18.60 18.63 18.31 12014
20140813 18.55 18.62 18.66 18.36 8756
20140814 18.56 18.61 18.91 18.53 17372
20140815 18.64 18.65 18.83 18.31 16744
20140818 18.64 18.77 18.92 18.60 12437
20140819 18.80 19.29 19.45 18.61 31491
20140820 19.11 19.00 19.34 18.98 13885
20140821 19.13 18.78 19.21 18.71 14123
20140822 18.78 18.79 18.87 18.69 11119
20140825 18.79 18.21 18.82 18.09 11271
20140826 17.50 17.65 17.98 17.41 14912
20140827 17.50 17.64 17.85 17.42 8900
20140828 17.67 17.22 17.93 17.19 11288
20140829 17.20 17.47 17.49 17.20 6565
20140909 17.50 19.21 19.21 17.50 116876
20140910 18.85 19.58 19.81 18.55 82039
20140911 19.31 18.92 19.48 18.90 50292
20140912 18.80 19.45 19.70 18.80 44563
20140915 19.46 19.67 20.58 19.46 54725
20140916 19.77 19.00 19.87 18.96 29313
20140917 19.03 19.86 20.10 18.89 44638
20140918 19.80 20.22 20.31 19.62 32940
20140919 20.03 20.05 20.35 19.79 24173
20140922 19.89 19.57 19.89 19.20 20716
20140923 19.67 19.70 19.88 19.45 15390
20140924 19.60 19.82 20.07 19.57 19663
20140925 19.87 19.65 19.95 19.60 24912
20140926 19.59 19.68 19.82 19.50 14348
20140929 19.62 19.52 19.79 19.45 18833
20140930 19.61 19.59 19.75 19.46 16121
20141008 19.59 20.19 20.25 19.55 38333
20141009 20.10 20.32 20.58 19.93 27872
20141010 20.31 20.50 20.68 20.11 22979
20141013 20.59 20.20 20.59 20.09 19150
20141014 20.16 20.03 20.19 19.83 16934
20141015 19.97 20.19 20.40 19.81 19496
20141016 20.19 20.19 20.45 20.00 15205
20141017 20.16 19.85 20.23 19.50 19232
20141020 19.60 19.86 20.08 19.40 24433
20141021 19.58 19.70 19.87 19.10 44753
20141022 19.68 20.03 20.33 19.53 35265
20141023 20.00 19.50 20.20 19.32 23578
20141024 19.49 19.57 19.72 19.15 19527
20141027 19.48 19.56 19.68 19.27 9666
20141028 19.67 19.98 20.10 19.56 16660
20141029 20.01 20.20 20.45 19.99 23437
20141030 20.18 20.17 20.49 20.01 24090
20141031 20.20 20.17 20.55 20.00 20060
20141103 20.40 20.80 20.87 20.18 48474
20141104 20.80 20.70 20.99 20.41 19201
20141105 20.70 20.52 21.18 20.45 25998
20141106 20.53 20.59 20.80 20.44 15121
20141107 20.55 20.49 20.97 20.21 18696
20141110 20.48 20.24 20.64 20.00 17684
20141111 20.08 19.90 20.30 19.61 23456
20141112 19.80 19.90 20.02 19.66 12396
20141113 19.88 19.85 20.05 19.61 15477
20141114 19.85 20.22 20.30 19.66 16169
20141117 20.30 20.43 20.73 19.97 20927
20141118 20.50 20.49 20.65 20.30 10004
20141119 20.37 20.46 20.53 20.23 12152
20141120 20.45 21.00 21.05 20.35 22412
20141121 20.87 21.00 21.49 20.79 20997
20141124 21.30 20.99 21.30 20.83 15823
20141125 20.90 21.06 21.14 20.70 10416
20141126 21.06 20.95 21.08 20.71 10057
20141127 20.85 21.95 22.97 20.80 40705
20141128 22.00 22.25 22.80 21.75 32235
20141201 22.39 21.70 22.39 21.33 25146
20141202 21.70 21.88 22.10 21.69 13540
20141203 21.90 21.69 21.91 21.38 14434
20141204 21.36 21.80 21.86 20.88 22733
20141205 21.65 20.89 21.68 20.81 19934
20141208 20.88 20.88 21.21 20.53 20662
20141209 20.70 19.10 20.76 18.79 37254
20141210 19.01 19.27 19.49 18.35 14773
20141211 19.29 19.33 19.61 18.86 13581
20141212 19.30 19.44 19.44 19.03 14282
20141215 19.40 20.38 20.72 19.27 26869
20141216 20.26 20.20 20.52 19.92 15250
20141217 20.20 19.63 20.36 19.55 9400
20141218 19.63 19.48 20.17 19.45 8841
20141219 19.35 19.01 19.68 18.90 10302
20141222 19.03 18.60 19.40 18.11 16632
20141223 18.60 18.76 18.95 18.38 6931
20141224 18.53 18.90 19.09 18.53 7035
20141225 19.19 19.25 19.64 19.03 8250
20141226 19.50 19.71 19.97 19.26 12089
20141229 19.48 19.31 19.94 19.16 14445
20141230 18.88 19.12 19.50 18.88 5091
20141231 19.17 19.14 19.42 18.91 7572
20150105 19.17 19.78 20.20 19.17 12828
20150106 19.57 20.42 20.58 19.57 16903
20150107 20.16 20.76 20.96 20.01 16782
20150108 20.75 20.65 20.95 20.55 6488
20150109 20.66 20.50 20.88 20.49 9164
20150112 20.37 19.70 20.37 19.11 9806
20150113 19.79 20.07 20.42 19.40 10571
20150114 20.51 20.17 20.52 19.88 5089
20150115 20.11 20.19 20.50 20.07 7653
20150116 20.19 20.10 20.27 19.83 10995
20150119 19.78 20.41 20.82 19.61 16507
20150120 20.45 21.32 21.50 20.40 42641
20150121 21.32 21.80 21.80 20.92 31608
20150122 21.60 21.88 22.08 21.32 14124
20150123 21.70 21.45 21.88 21.30 9681
20150126 21.22 21.20 21.48 21.06 13659
20150127 21.23 21.36 21.47 21.11 13237
20150128 21.53 20.95 21.55 20.95 11080
20150129 20.88 20.92 21.09 20.72 6755
20150130 21.07 20.83 21.10 20.80 11902
20150202 20.81 21.39 21.58 20.79 20401
20150203 21.60 21.29 21.73 21.00 10664
20150204 21.30 22.10 22.49 21.05 44864
20150205 22.98 22.28 23.00 21.71 23194
20150206 22.10 22.30 22.64 21.91 13364
