20140102 5.98 5.99 6.00 5.93 29092
20140103 5.99 5.83 6.01 5.80 58447
20140106 5.83 5.65 5.84 5.64 53337
20140107 5.62 5.66 5.74 5.62 28782
20140108 5.67 5.69 5.74 5.63 27891
20140109 5.68 5.58 5.70 5.56 30157
20140110 5.57 5.42 5.58 5.38 48108
20140113 5.41 5.40 5.49 5.38 28098
20140114 5.40 5.49 5.50 5.35 33118
20140115 5.47 5.51 5.51 5.45 20655
20140116 5.51 5.50 5.58 5.50 29243
20140117 5.50 5.40 5.50 5.39 28031
20140120 5.40 5.41 5.45 5.37 21173
20140121 5.43 5.47 5.50 5.42 29175
20140122 5.46 5.58 5.61 5.46 44235
20140123 5.58 5.62 5.64 5.53 49218
20140124 5.59 5.66 5.73 5.59 54490
20140127 5.67 5.59 5.67 5.56 38126
20140128 5.60 5.59 5.64 5.55 38440
20140129 5.59 5.59 5.62 5.55 31341
20140130 5.57 5.52 5.61 5.51 22560
20140207 5.51 5.59 5.59 5.47 31145
20140210 5.58 5.78 5.81 5.58 82144
20140211 5.79 5.94 5.98 5.76 90742
20140212 5.93 5.96 5.98 5.82 58377
20140213 5.91 5.88 6.02 5.88 67896
20140214 5.88 6.02 6.08 5.87 97546
20140217 6.04 6.08 6.08 5.98 73687
20140218 6.12 6.24 6.40 6.09 185508
20140219 6.24 6.35 6.40 6.18 124171
20140220 6.33 6.23 6.33 6.10 94988
20140221 6.21 6.08 6.21 5.94 72945
20140224 6.11 6.33 6.36 6.10 152917
20140225 6.36 6.01 6.40 5.95 117584
20140226 5.95 6.03 6.11 5.93 83619
20140227 6.05 6.05 6.20 5.95 87012
20140228 5.99 6.28 6.33 5.92 116914
20140303 6.24 6.65 6.85 6.21 257892
20140304 6.54 6.90 6.93 6.45 268998
20140305 6.91 6.75 6.98 6.71 149649
20140306 6.70 6.72 6.88 6.67 98654
20140307 6.69 6.59 6.78 6.51 105162
20140310 6.50 6.20 6.58 6.15 121162
20140311 6.18 6.28 6.34 6.12 77186
20140312 6.26 6.27 6.38 6.17 76242
20140313 6.27 6.30 6.35 6.21 61622
20140314 6.28 6.13 6.28 6.11 61002
20140317 6.13 6.25 6.25 6.13 50571
20140318 6.26 6.42 6.54 6.23 99521
20140319 6.32 6.42 6.49 6.31 68223
20140320 6.45 6.24 6.48 6.24 61094
20140321 6.20 6.36 6.39 6.06 61498
20140324 6.36 6.40 6.45 6.32 51766
20140325 6.35 6.38 6.46 6.29 56868
20140326 6.38 6.38 6.42 6.32 45259
20140327 6.40 6.28 6.41 6.13 41582
20140328 6.26 6.16 6.27 6.07 53897
20140331 6.12 6.07 6.14 6.05 34358
20140401 6.08 6.16 6.16 6.07 25926
20140402 6.14 6.25 6.28 6.13 49502
20140403 6.20 6.22 6.25 6.16 17329
20140404 6.18 6.23 6.26 6.18 26571
20140408 6.19 6.28 6.29 6.19 35153
20140409 6.28 6.32 6.34 6.26 36167
20140410 6.33 6.30 6.36 6.28 37294
20140411 6.30 6.20 6.30 6.16 42243
20140414 6.18 6.29 6.31 6.17 32554
20140415 6.30 6.31 6.38 6.25 48177
20140416 6.31 6.42 6.43 6.30 70007
20140417 6.40 6.36 6.44 6.36 34992
20140418 6.35 6.45 6.47 6.34 49861
20140421 6.40 6.43 6.64 6.40 98922
20140422 6.40 6.31 6.46 6.25 49185
20140423 6.33 6.23 6.33 6.19 34168
20140424 6.25 6.09 6.26 6.09 49430
20140425 6.09 5.82 6.13 5.82 64530
20140428 5.90 5.90 5.98 5.84 43283
20140429 5.90 5.93 5.96 5.87 21511
20140430 5.95 6.05 6.05 5.91 25262
20140505 6.00 6.06 6.08 5.93 31430
20140506 6.04 6.09 6.11 6.00 24433
20140507 6.07 5.91 6.07 5.88 22945
20140508 5.92 5.93 5.99 5.88 20877
20140509 5.92 5.86 5.92 5.83 17959
20140512 5.89 6.08 6.11 5.88 33346
20140513 6.07 6.08 6.14 6.05 24876
20140514 6.07 6.08 6.12 6.03 23615
20140515 6.09 5.90 6.12 5.87 27876
20140516 5.92 5.91 5.93 5.85 22464
20140519 5.90 5.93 5.95 5.81 21348
20140520 5.93 6.04 6.07 5.92 39102
20140521 6.03 6.06 6.08 5.95 33022
20140522 6.07 6.05 6.09 5.97 24849
20140523 6.00 6.07 6.09 5.97 28774
20140526 6.09 6.06 6.10 5.99 25329
20140527 6.06 5.99 6.07 5.95 26452
20140528 5.97 6.03 6.03 5.94 42791
20140529 6.03 5.89 6.04 5.87 44518
20140530 5.91 5.86 5.92 5.84 24949
20140603 5.86 5.88 5.92 5.85 18134
20140604 5.88 5.85 5.88 5.78 39636
20140605 5.82 5.86 5.86 5.75 41056
20140606 5.86 5.77 5.87 5.75 32915
20140609 5.76 5.78 5.82 5.70 44118
20140610 5.78 5.82 5.82 5.76 33658
20140611 5.83 5.80 5.83 5.76 36730
20140612 5.80 5.77 5.80 5.75 21333
20140613 5.78 5.84 5.85 5.74 47563
20140616 5.84 5.89 5.90 5.84 41370
20140617 5.87 5.84 5.88 5.81 34797
20140618 5.82 5.80 5.83 5.76 30469
20140619 5.78 5.60 5.79 5.55 43180
20140620 5.60 5.66 5.66 5.56 18957
20140623 5.67 5.68 5.72 5.62 17257
20140624 5.67 5.75 5.75 5.64 22015
20140625 5.75 5.72 5.75 5.67 13240
20140626 5.70 5.75 5.77 5.68 24788
20140627 5.76 5.80 5.81 5.72 34452
20140630 5.80 5.79 5.83 5.76 38089
20140701 5.80 5.82 5.83 5.78 35966
20140702 5.84 5.88 5.89 5.80 55777
20140703 5.90 5.93 5.98 5.87 81443
20140704 5.94 5.92 5.96 5.87 46247
20140707 5.91 5.92 5.96 5.88 27365
20140708 5.90 5.95 5.95 5.88 27033
20140709 5.94 5.87 5.94 5.81 33261
20140710 5.85 5.85 5.88 5.82 20443
20140711 5.80 5.87 5.87 5.70 46399
20140714 5.86 5.94 5.95 5.84 39164
20140715 5.94 6.05 6.09 5.91 113943
20140716 6.06 5.99 6.06 5.96 69049
20140717 5.98 6.05 6.12 5.95 79841
20140718 6.06 6.03 6.10 6.00 32247
20140721 6.03 6.03 6.07 5.99 28380
20140722 6.03 6.07 6.10 5.99 46938
20140723 6.09 6.07 6.09 6.00 29436
20140724 6.08 6.10 6.11 6.02 59473
20140725 6.10 6.13 6.13 6.03 59476
20140728 6.15 6.19 6.20 6.11 101423
20140729 6.19 6.19 6.24 6.16 80027
20140730 6.19 6.25 6.27 6.13 94636
20140731 6.24 6.26 6.28 6.22 65078
20140801 6.25 6.18 6.28 6.15 85564
20140804 6.16 6.22 6.23 6.13 67079
20140805 6.21 6.28 6.31 6.21 75522
20140806 6.27 6.35 6.37 6.23 100175
20140807 6.35 6.28 6.39 6.25 76761
20140808 6.33 6.29 6.37 6.23 101795
20140811 6.32 6.33 6.34 6.25 114542
20140812 6.33 6.33 6.37 6.29 104112
20140813 6.33 6.54 6.55 6.26 239872
20140814 6.50 6.53 6.63 6.44 148605
20140815 6.52 6.58 6.63 6.50 83906
20140818 6.61 6.81 6.92 6.61 184161
20140819 6.85 7.02 7.03 6.75 152281
20140820 6.98 6.92 7.12 6.91 106483
20140821 6.91 6.88 7.09 6.75 138522
20140822 6.90 6.95 7.02 6.86 76913
20140825 6.93 6.93 7.04 6.85 90209
20140826 6.88 6.68 6.93 6.64 129513
20140827 6.67 7.35 7.35 6.63 278476
20140828 7.40 7.41 7.66 7.23 293269
20140829 7.48 7.63 7.88 7.33 235830
20140901 7.43 7.79 7.98 7.41 221199
20140902 7.73 7.77 7.89 7.67 174624
20140903 7.78 7.87 8.04 7.64 224511
20140904 7.86 7.71 7.96 7.68 180834
20140905 7.73 8.09 8.17 7.60 314098
20140909 8.05 8.00 8.09 7.89 177129
20140910 7.91 7.98 8.15 7.85 148705
20140911 7.95 7.90 8.13 7.75 163181
20140912 7.85 7.84 7.90 7.73 197999
20140915 7.84 7.93 7.96 7.67 218389
20140916 7.88 7.67 8.12 7.63 213532
20140917 7.67 7.82 7.86 7.65 98646
20140918 7.82 7.83 7.91 7.75 92977
20140919 7.82 7.93 8.02 7.78 103189
20140922 7.95 7.70 7.95 7.67 95369
20140923 7.73 7.74 7.83 7.64 83828
20140924 7.73 7.77 7.82 7.65 125012
20140925 7.78 8.01 8.14 7.73 198472
20140926 7.98 7.95 8.05 7.90 105048
20140929 7.96 8.14 8.14 7.96 112465
20140930 8.16 8.57 8.80 8.16 255098
20141008 8.56 8.73 8.88 8.51 136958
20141009 8.73 8.51 8.80 8.41 155650
20141010 8.49 8.39 8.57 8.28 104029
20141013 8.37 8.39 8.43 8.06 131612
20141014 8.36 8.42 8.53 8.32 88846
20141015 8.46 8.46 8.63 8.36 119424
20141016 8.45 8.19 8.46 8.15 100717
20141017 8.16 7.99 8.27 7.77 125207
20141020 8.00 8.38 8.38 7.98 87797
20141021 8.30 8.32 8.42 8.25 81113
20141022 8.32 8.06 8.37 8.04 68823
20141023 8.06 7.93 8.18 7.88 71333
20141024 7.88 7.96 8.03 7.80 48972
20141027 7.99 8.06 8.25 7.92 62049
20141028 8.09 8.44 8.49 8.09 97069
20141029 8.43 8.40 8.70 8.27 190739
20141030 8.40 8.37 8.47 8.25 140657
20141031 8.39 8.36 8.49 8.19 100839
20141103 8.40 8.55 8.57 8.29 126642
20141104 8.57 8.53 8.74 8.51 131422
20141105 8.51 8.20 8.58 8.18 152015
20141106 8.26 8.28 8.29 8.11 76233
20141107 8.26 8.06 8.30 8.01 90892
20141110 8.02 8.17 8.18 7.99 80142
20141111 8.17 7.91 8.19 7.73 103014
20141112 7.91 8.00 8.06 7.82 38142
20141113 8.04 7.80 8.06 7.68 64842
20141114 7.79 7.78 7.82 7.61 94734
20141117 7.78 7.93 8.04 7.78 65617
20141118 7.93 7.87 8.05 7.79 51903
20141119 7.84 7.90 7.97 7.80 51729
20141120 7.90 8.69 8.69 7.80 324925
20141121 8.71 8.84 8.86 8.58 272011
20141124 8.91 8.75 8.91 8.50 200914
20141125 8.74 8.75 8.80 8.66 152063
20141126 8.80 8.63 8.80 8.53 153499
20141127 8.64 8.59 8.72 8.48 146434
20141128 8.58 9.10 9.11 8.54 296839
20141201 9.06 8.83 9.07 8.72 167865
20141202 8.85 8.89 8.92 8.75 95062
20141203 8.89 8.89 8.94 8.65 147388
20141204 8.89 8.92 9.06 8.84 121099
20141205 8.96 8.50 9.00 8.34 159088
20141208 8.50 8.49 8.65 8.36 114348
20141209 8.50 7.87 8.55 7.84 189286
20141210 7.88 8.16 8.24 7.87 78429
20141211 8.17 8.25 8.38 8.11 86165
20141212 8.28 8.48 8.51 8.22 71189
20141215 8.46 8.66 8.73 8.42 110379
20141216 8.69 8.54 8.72 8.35 92811
20141217 8.63 8.51 8.63 8.30 68388
20141218 8.46 8.39 8.55 8.35 73013
20141219 8.50 8.16 8.50 8.10 74048
20141222 8.16 7.66 8.23 7.50 116784
20141223 7.72 7.57 7.83 7.54 50294
20141224 7.62 7.80 7.88 7.59 49938
20141225 7.90 8.00 8.04 7.69 78719
20141226 7.94 8.22 8.30 7.93 102556
20141229 8.18 8.03 8.25 7.99 52455
20141230 8.02 7.87 8.16 7.81 31055
20141231 7.90 8.07 8.13 7.82 56694
20150105 8.08 8.04 8.08 7.93 51638
20150106 8.06 8.07 8.14 7.85 65320
20150107 8.03 7.98 8.08 7.93 49610
20150108 7.94 8.10 8.11 7.90 82099
20150109 8.04 8.13 8.28 8.00 82786
20150112 8.11 8.42 8.45 8.10 121700
20150113 8.38 8.54 8.55 8.25 133261
20150114 8.49 8.55 8.70 8.46 121972
20150115 8.55 8.66 8.74 8.46 102122
20150116 8.63 8.57 8.64 8.46 66721
20150119 8.42 8.35 8.63 8.01 86894
20150120 8.35 8.61 8.63 8.32 73855
20150121 8.69 8.99 9.09 8.69 181134
20150122 8.98 9.89 9.89 8.85 303397
20150123 9.99 9.70 9.99 9.59 193982
20150126 9.77 10.67 10.67 9.70 359086
20150127 10.86 10.91 11.10 10.54 288252
20150128 10.69 11.17 11.18 10.53 183644
20150129 10.90 10.80 11.11 10.73 130714
20150130 10.74 10.39 10.92 10.32 129423
20150202 10.30 10.51 10.65 10.21 70641
20150203 10.58 10.90 11.08 10.56 113821
20150204 10.87 10.60 11.28 10.60 120351
20150205 10.64 10.48 10.80 10.35 120522
20150206 10.54 10.52 10.84 10.43 97273
20150209 10.55 10.59 10.77 10.44 83735
20150211 10.60 10.94 11.52 10.59 209423
20150212 10.75 10.80 10.85 10.55 110926
20150213 10.85 11.03 11.25 10.69 166088
20150216 10.98 11.33 11.37 10.87 161655
20150217 11.50 11.43 11.69 11.25 134533
20150225 11.43 11.94 12.08 11.35 153351
20150226 11.85 12.03 12.20 11.51 148131
20150227 12.02 12.86 12.86 11.79 166262
20150302 12.38 12.60 12.66 12.11 201546
20150303 12.49 11.98 12.60 11.98 225727
20150304 11.88 12.10 12.12 11.78 143874
20150305 12.10 11.95 12.32 11.80 172319
20150306 11.95 12.18 12.56 11.95 197514
20150309 12.13 12.49 12.59 11.90 137432
20150310 12.50 12.42 12.89 12.30 180170
20150311 12.48 12.22 12.58 12.20 110074
20150312 12.22 12.40 12.58 12.11 112581
20150313 12.51 13.21 13.64 12.40 270842
20150316 13.26 13.86 14.20 13.25 266409
20150317 14.11 13.76 14.11 13.60 189530
20150318 13.79 14.20 14.35 13.51 208815
20150319 14.18 13.95 14.18 13.78 162131
20150320 13.88 14.67 14.67 13.88 285225
20150323 14.65 15.66 15.67 14.63 370831
20150324 15.66 15.42 15.79 14.90 409517
20150325 15.40 15.50 15.58 15.02 284466
20150326 15.45 15.29 16.15 15.12 308480
20150327 15.20 15.20 15.45 14.96 188512
20150330 15.45 14.73 15.46 13.98 409512
20150331 14.67 14.37 14.89 14.31 288071
20150401 14.55 15.29 15.49 14.39 354072
20150402 15.29 15.62 15.74 15.22 350066
20150403 15.85 16.37 16.88 15.60 540074
20150407 16.43 17.31 17.34 16.43 450048
20150408 17.29 17.11 17.97 16.70 531796
20150409 17.30 16.80 17.30 16.00 367420
20150410 16.87 18.15 18.17 16.51 370393
20150413 18.30 18.77 19.25 17.91 460663
20150414 18.59 18.13 18.99 17.99 359495
20150415 18.10 17.00 18.10 16.61 291254
20150416 16.87 17.38 17.95 16.53 232895
20150417 17.54 17.07 17.70 16.80 228296
20150420 16.85 16.33 16.88 16.29 254555
20150421 16.51 17.04 17.27 16.45 306815
20150422 17.18 17.69 18.21 17.17 466333
20150423 18.21 18.80 18.80 17.71 640141
20150424 18.60 19.17 19.36 18.00 558175
20150427 19.30 18.59 19.48 18.40 493714
20150428 18.61 17.61 18.78 17.29 368329
20150429 17.34 17.77 18.18 17.34 274786
20150430 8.85 8.62 8.98 8.54 554022
20150504 8.56 8.77 8.95 8.30 542456
20150505 8.80 9.07 9.43 8.79 948682
20150506 9.08 8.61 9.19 8.42 643176
20150507 8.71 8.89 8.98 8.45 511177
20150508 8.88 9.55 9.63 8.75 1078014
20150511 9.48 10.18 10.41 9.30 1227696
20150513 11.20 10.64 11.20 10.28 1778198
20150514 10.71 11.70 11.70 10.71 1817570
20150515 12.00 12.50 12.86 11.36 1987120
20150518 12.10 13.25 13.66 11.91 1525664
20150519 13.15 13.18 13.69 12.87 1171128
20150520 13.17 13.10 13.70 12.89 1254278
20150521 13.05 12.89 13.25 12.69 995843
20150522 12.95 12.71 13.25 12.20 1267020
20150525 12.60 13.12 13.30 12.22 1204866
20150526 13.12 14.43 14.43 12.85 1592979
20150527 14.65 14.37 15.00 14.00 1395504
20150528 14.10 12.93 14.25 12.93 1222285
20150529 12.50 12.42 13.05 11.64 888899
20150601 12.46 12.91 13.00 12.46 649666
20150602 13.00 13.49 13.67 12.91 813679
20150603 13.60 13.11 13.69 12.62 831127
20150604 13.11 13.87 13.88 12.42 934012
20150605 14.05 14.28 14.87 13.98 1284297
20150608 14.29 13.66 14.40 13.37 773784
20150609 13.87 13.35 13.87 12.97 847057
20150610 13.00 13.65 13.87 12.90 734879
20150611 13.80 14.20 14.30 13.47 1013301
20150612 14.20 14.58 15.00 14.08 1225799
20150615 14.60 14.66 15.37 14.51 1037398
20150616 14.30 13.63 14.58 13.47 725575
20150617 13.63 13.88 13.98 12.68 647285
20150618 13.71 13.51 14.15 13.49 577543
20150619 13.27 12.16 13.49 12.16 509335
20150623 11.70 11.68 12.25 10.94 630005
20150624 11.81 11.88 12.24 11.21 596947
20150625 11.88 10.98 11.95 10.85 535698
20150626 10.36 9.88 10.56 9.88 493209
20150629 10.10 8.89 10.28 8.89 642576
20150630 8.61 9.33 9.40 8.00 876999
20150701 9.30 8.40 9.52 8.40 863311
20150702 8.25 7.56 8.58 7.56 675477
20150703 6.90 6.80 7.67 6.80 701871
20150706 7.47 6.16 7.47 6.12 1014144
20150707 5.88 5.54 5.88 5.54 379615
20150708 4.99 4.99 5.28 4.99 1335042
20150709 5.00 5.49 5.49 5.00 954694
20150710 6.04 6.04 6.04 5.84 264697
20150713 6.64 6.64 6.64 6.64 50073
20150714 7.30 7.30 7.30 7.30 43095
20150715 7.70 6.75 7.70 6.66 1838585
20150716 6.60 7.43 7.43 6.16 1476758
20150717 7.63 8.17 8.17 7.43 1433370
20150720 8.25 8.68 8.87 7.94 1483320
20150721 8.50 8.56 8.86 8.25 1023040
20150722 8.40 8.69 8.75 8.30 902322
20150723 8.70 9.00 9.15 8.50 1043480
20150724 8.94 8.77 9.44 8.56 1062372
20150727 8.50 7.89 8.77 7.89 749506
20150728 7.27 7.39 8.21 7.10 885866
20150729 7.66 8.13 8.13 7.31 638167
20150730 8.25 7.89 8.45 7.71 772233
