20140102 7.96 8.04 8.04 7.88 13022
20140103 8.05 8.18 8.21 7.97 24290
20140106 8.14 8.16 8.28 8.04 31003
20140107 8.12 8.23 8.24 8.06 28530
20140108 8.25 8.07 8.27 7.93 29911
20140109 8.03 7.91 8.03 7.80 27566
20140110 7.85 7.82 7.95 7.69 19881
20140113 7.75 7.82 7.86 7.73 8764
20140114 7.84 7.89 7.90 7.72 6548
20140115 7.90 7.80 7.90 7.76 8587
20140116 7.83 7.84 7.84 7.76 7153
20140117 7.79 7.84 7.85 7.72 8050
20140120 7.89 7.84 7.90 7.74 5863
20140121 7.85 8.00 8.00 7.82 15162
20140122 8.00 8.11 8.12 7.95 21745
20140123 8.15 8.15 8.15 8.07 17124
20140124 8.15 8.18 8.19 8.07 20660
20140127 8.21 8.16 8.21 8.02 17708
20140128 8.17 8.10 8.20 8.07 12996
20140129 8.09 8.15 8.15 8.08 15090
20140130 8.19 8.14 8.19 8.06 8700
20140207 8.16 8.28 8.37 8.10 35312
20140210 8.28 8.46 8.47 8.28 39460
20140211 8.46 8.40 8.47 8.31 31080
20140212 8.41 8.46 8.55 8.40 31098
20140213 8.47 8.32 8.50 8.28 27524
20140214 8.31 8.67 8.78 8.28 60602
20140217 8.70 8.90 8.97 8.61 66028
20140218 8.85 8.92 9.15 8.80 64269
20140219 8.92 9.02 9.20 8.87 55895
20140220 9.01 8.80 9.13 8.72 39065
20140221 8.87 9.00 9.07 8.73 36832
20140224 8.91 9.12 9.12 8.76 35765
20140225 9.18 9.29 9.90 9.10 123999
20140226 9.00 9.45 9.45 8.62 69322
20140227 9.55 9.26 9.86 9.25 73748
20140228 9.10 9.10 9.29 8.82 45451
20140303 9.01 9.29 9.31 8.88 44581
20140304 9.29 9.12 9.29 8.95 31402
20140305 9.10 8.93 9.13 8.85 42193
20140306 8.89 8.90 9.01 8.76 27416
20140307 8.90 8.84 9.04 8.80 18437
20140310 8.72 8.56 8.82 8.55 25565
20140311 8.55 8.60 8.72 8.52 12249
20140312 8.55 8.72 8.72 8.50 14199
20140313 8.65 8.69 8.80 8.65 15469
20140314 8.66 8.75 8.80 8.62 12492
20140317 8.78 8.92 8.95 8.75 15944
20140318 8.92 8.95 9.00 8.86 16264
20140319 8.94 9.00 9.04 8.80 18357
20140320 8.99 8.98 9.18 8.93 38252
20140321 8.91 9.12 9.13 8.70 24209
20140324 9.12 9.18 9.30 9.05 27541
20140325 9.18 9.22 9.37 9.11 21011
20140326 9.50 9.07 9.50 9.05 27257
20140327 9.10 8.88 9.14 8.88 20416
20140328 8.87 8.71 8.96 8.70 18554
20140331 8.71 8.76 8.89 8.70 5899
20140401 8.82 8.95 8.95 8.75 9492
20140402 8.94 8.76 9.00 8.74 12101
20140403 8.77 8.74 8.83 8.68 8435
20140404 8.74 8.90 8.90 8.70 9141
20140408 8.88 9.00 9.03 8.83 11428
20140409 9.02 9.07 9.10 8.90 15963
20140410 9.08 9.03 9.09 8.97 11926
20140411 9.03 8.99 9.05 8.92 9607
20140414 8.78 8.94 9.01 8.77 14191
20140415 8.93 9.10 9.13 8.92 26154
20140416 9.08 9.08 9.13 9.00 11232
20140417 9.13 9.06 9.13 9.01 12038
20140418 8.99 9.21 9.25 8.99 24439
20140421 9.21 9.09 9.45 9.07 32107
20140422 9.03 9.20 9.24 9.00 23176
20140423 9.24 9.44 9.55 9.20 63943
20140424 9.46 8.97 9.46 8.93 73705
20140425 8.85 8.37 8.88 8.35 58893
20140428 8.25 8.00 8.30 8.00 20113
20140429 8.01 8.13 8.16 8.01 10212
20140430 8.13 8.17 8.20 8.08 11477
20140505 8.15 8.23 8.23 8.06 12292
20140506 8.22 8.20 8.31 8.14 12476
20140507 8.21 8.14 8.35 8.10 13677
20140508 8.14 8.14 8.24 7.96 10133
20140509 8.07 8.05 8.22 7.99 10170
20140512 8.10 8.30 8.35 8.02 16984
20140513 8.27 8.23 8.35 8.22 12011
20140514 8.26 8.27 8.30 8.20 8441
20140515 8.30 8.06 8.30 8.04 9013
20140516 8.05 8.09 8.11 8.00 7438
20140519 8.10 8.05 8.10 8.01 5501
20140520 8.07 8.10 8.24 8.05 5386
20140521 8.11 8.12 8.13 8.02 4574
20140522 8.12 8.13 8.19 8.12 8017
20140523 8.15 8.17 8.17 8.07 6734
20140526 8.20 8.29 8.33 8.20 15394
20140527 8.28 8.30 8.33 8.24 6829
20140528 8.31 8.34 8.38 8.28 9770
20140529 8.36 8.26 8.37 8.21 12603
20140530 8.28 8.25 8.28 8.21 6801
20140603 8.24 8.32 8.34 8.24 6381
20140604 8.32 8.16 8.32 8.08 8559
20140605 7.90 8.07 8.19 7.84 12490
20140606 8.01 8.08 8.12 7.97 8901
20140609 8.08 8.05 8.13 8.00 6312
20140610 8.15 8.20 8.28 8.12 12942
20140611 8.12 8.26 8.30 8.12 12574
20140612 8.25 8.19 8.25 8.15 6205
20140613 8.17 8.24 8.27 8.14 10631
20140616 8.28 8.28 8.32 8.20 9344
20140617 8.27 8.22 8.29 8.20 7052
20140618 8.19 8.15 8.24 8.10 8785
20140619 8.11 7.93 8.17 7.90 8358
20140620 7.95 7.99 8.03 7.89 7173
20140623 7.99 8.05 8.09 7.97 10304
20140624 8.05 8.15 8.16 8.03 8200
20140625 8.15 8.10 8.15 8.06 6199
20140626 8.11 8.18 8.21 8.10 8013
20140627 8.19 8.26 8.32 8.19 11847
20140630 8.26 8.32 8.36 8.26 13281
20140701 8.32 8.35 8.38 8.26 14028
20140702 8.35 8.42 8.42 8.32 19459
20140703 8.42 8.41 8.47 8.33 13883
20140704 8.41 8.43 8.47 8.31 13740
20140707 8.43 8.45 8.46 8.33 14512
20140708 8.45 8.49 8.49 8.39 14290
20140709 8.47 8.36 8.65 8.36 24387
20140710 8.36 8.53 8.63 8.36 32833
20140711 8.53 8.70 8.77 8.48 33104
20140714 8.71 8.71 8.80 8.61 22263
20140715 8.72 8.68 8.78 8.62 17695
20140716 8.68 8.56 8.69 8.54 15685
20140717 8.53 8.55 8.70 8.45 14046
20140718 8.48 8.58 8.62 8.47 11836
20140721 8.55 8.63 8.64 8.53 21083
20140722 8.63 8.67 8.75 8.60 31568
20140723 8.68 8.58 8.69 8.50 22397
20140724 8.53 8.53 8.58 8.48 14207
20140725 8.51 8.68 8.73 8.51 28691
20140728 8.67 8.77 8.80 8.67 27977
20140729 8.77 8.98 9.08 8.73 41615
20140730 8.92 9.12 9.23 8.85 52055
20140731 9.10 9.12 9.20 9.01 35157
20140801 9.12 9.13 9.32 9.05 40364
20140804 9.11 9.15 9.24 9.07 25833
20140805 9.18 9.19 9.34 9.12 26997
20141223 10.11 10.11 10.11 10.11 2396
20141224 11.12 11.12 11.12 11.12 491
20141225 12.23 12.23 12.23 12.23 654
20141226 13.45 13.45 13.45 13.45 3516
20141229 14.80 13.72 14.80 13.70 211538
20141230 13.45 13.06 13.67 13.00 92873
20141231 13.12 13.30 13.96 13.12 81101
20150105 13.36 13.49 13.94 13.20 64504
20150106 13.21 13.77 13.80 13.15 67019
20150107 13.64 13.56 13.71 13.39 28050
20150108 13.59 13.78 13.92 13.46 42825
20150109 13.81 13.71 14.04 13.60 56072
20150112 13.46 12.70 13.46 12.70 57799
20150113 12.73 12.85 12.98 12.66 29680
20150114 12.90 12.98 13.07 12.78 23309
20150115 12.97 12.93 13.07 12.80 20528
20150116 12.93 12.96 13.19 12.82 26562
20150119 12.70 13.43 14.20 12.69 71659
20150120 13.53 14.20 14.32 13.53 84209
20150121 14.30 15.62 15.62 14.30 49849
20150122 16.20 16.04 16.87 15.73 126836
20150123 15.85 15.79 16.10 15.62 58918
20150126 15.60 15.70 16.05 15.57 49228
20150127 16.15 15.90 16.35 15.50 51977
20150128 15.90 15.71 16.06 15.60 30177
20150129 15.72 15.40 15.74 15.21 27234
20150130 15.39 15.46 15.69 15.31 22373
20150202 15.32 15.97 16.48 15.12 55527
20150203 16.00 16.00 16.58 15.80 26578
20150204 16.01 15.66 16.10 15.66 20387
20150205 15.80 15.83 16.08 15.66 23393
20150206 15.79 15.66 16.10 15.49 17158
20150209 15.66 15.73 15.88 15.20 17821
20150210 15.88 15.80 16.28 15.65 25400
20150211 15.87 16.12 16.19 15.70 21083
20150212 16.10 16.45 16.45 15.92 32879
20150213 16.70 16.78 17.45 16.61 37365
20150216 16.66 17.81 17.85 16.66 43818
20150217 17.80 17.15 17.96 17.08 33765
20150225 17.10 16.74 17.33 16.66 22073
20150226 16.68 16.78 16.98 16.60 20664
20150227 16.83 17.06 17.15 16.71 17831
20150302 17.06 17.10 17.14 16.30 34415
20150303 16.96 16.65 16.98 16.65 32793
20150304 16.65 16.93 17.07 16.58 20725
20150305 17.08 16.78 17.08 16.66 16848
20150306 17.00 17.25 17.40 16.80 23156
20150309 17.24 18.00 18.23 16.82 46393
20150310 17.86 17.71 18.16 17.70 32159
20150311 17.71 17.82 17.90 17.30 19891
20150312 17.77 17.56 17.87 17.40 13945
20150313 17.63 17.80 17.98 17.60 14297
20150316 18.20 17.88 18.25 17.65 50077
20150317 17.80 18.12 18.18 17.67 42457
20150318 18.08 18.81 19.00 18.00 48507
20150319 18.83 18.50 18.83 18.36 33930
20150320 18.35 18.69 18.94 18.35 24211
20150323 18.71 19.36 19.49 18.69 42475
20150324 19.36 20.18 20.53 19.20 60264
20150325 20.18 22.20 22.20 19.90 84815
20150326 22.59 23.06 24.01 21.54 106757
20150327 22.58 22.32 22.95 22.00 57259
20150330 22.30 21.60 22.30 21.50 56153
20150331 21.61 22.09 22.50 21.03 47167
20150401 21.90 22.23 22.30 21.70 34456
20150402 22.16 22.14 22.43 21.81 31171
20150403 22.10 22.88 23.45 21.80 65365
20150407 22.85 23.09 23.27 22.33 54431
20150408 23.09 22.47 23.45 22.02 61027
20150409 22.47 23.20 23.20 21.82 62362
20150410 23.18 25.00 25.50 22.86 93123
20150413 24.40 26.11 26.80 24.17 81604
20150414 26.38 26.99 27.18 25.19 83618
20150415 26.97 26.16 28.55 26.00 95894
20150416 25.40 26.14 27.00 25.05 51707
20150417 26.14 27.15 27.86 26.14 72157
20150420 26.90 26.66 27.85 26.60 59791
20150421 26.73 26.98 27.40 26.73 53619
20150422 27.21 28.64 29.25 26.90 97909
20150423 28.64 30.62 31.10 28.40 91019
20150424 30.56 29.80 31.34 29.60 72216
20150427 28.92 28.05 29.59 27.88 135018
20150428 27.90 25.33 27.91 25.25 141988
20150429 25.35 25.48 26.28 24.53 63336
20150430 25.38 25.25 25.80 24.97 53647
20150504 25.37 24.82 25.57 24.51 55433
20150505 24.95 23.79 25.47 23.50 66639
20150506 24.04 22.84 24.38 22.30 75238
20150526 25.12 25.12 25.12 25.12 961
20150527 27.63 27.63 27.63 27.63 1305
20150528 30.39 30.39 30.39 30.39 7654
20150529 33.43 33.43 33.43 30.43 290767
20150601 34.99 33.52 35.33 32.58 222834
20150602 33.30 34.73 35.99 33.04 210505
20150603 35.09 33.99 36.65 33.00 162597
20150604 33.52 32.43 33.71 31.00 134790
20150615 35.67 35.67 35.67 33.00 232286
20150616 34.50 32.10 35.98 32.10 190075
20150617 31.10 31.28 31.80 29.38 153670
20150618 30.95 28.15 31.06 28.15 115899
20150619 27.90 25.34 27.90 25.34 116740
20150623 26.31 27.87 27.87 25.49 162652
20150624 28.62 29.54 29.96 28.00 143621
20150625 28.88 26.88 29.19 26.59 187244
20150626 25.70 24.19 25.95 24.19 132699
20150629 24.87 22.20 24.96 21.77 147229
20150630 22.11 24.42 24.42 21.77 140041
20150701 25.15 25.24 26.86 24.83 218093
20150702 25.72 25.20 26.99 24.44 185955
20150703 23.23 23.25 26.45 22.68 159475
20150706 25.58 22.00 25.58 20.98 189153
20150707 20.92 19.80 20.92 19.80 58382
20150708 17.82 17.82 18.46 17.82 210236
20150709 16.88 19.60 19.60 16.88 113721
20150710 20.51 21.56 21.56 20.21 41290
20150713 23.72 23.72 23.72 23.01 81883
20150714 26.09 26.09 26.09 25.09 104298
20150715 27.00 25.30 27.35 24.79 207997
20150716 23.81 27.82 27.83 23.61 181327
20150717 28.00 30.60 30.60 27.60 112663
20150720 32.98 33.66 33.66 32.98 101301
20150721 35.34 37.03 37.03 35.00 85607
20150722 40.73 40.73 40.73 38.00 329906
20150723 39.73 41.26 44.80 38.30 290060
