20140102 4.56 4.62 4.70 4.52 160632
20140103 4.57 4.49 4.61 4.43 192225
20140106 4.49 4.30 4.49 4.28 137774
20140107 4.28 4.28 4.33 4.18 96055
20140108 4.29 4.26 4.36 4.25 82586
20140109 4.24 4.24 4.29 4.20 82829
20140110 4.22 4.14 4.25 4.12 74725
20140113 4.13 4.12 4.21 4.08 64567
20140114 4.11 4.22 4.23 4.11 53827
20140115 4.22 4.19 4.22 4.15 43001
20140116 4.20 4.26 4.36 4.20 100706
20140117 4.25 4.21 4.26 4.19 56581
20140120 4.24 4.13 4.24 4.12 51916
20140121 4.12 4.13 4.21 4.12 50925
20140122 4.15 4.24 4.26 4.14 75863
20140123 4.28 4.25 4.28 4.21 72845
20140124 4.24 4.43 4.44 4.21 145140
20140127 4.37 4.49 4.59 4.35 142396
20140128 4.47 4.39 4.47 4.36 109255
20140129 4.38 4.35 4.42 4.31 89228
20140130 4.32 4.36 4.38 4.30 50607
20140207 4.33 4.42 4.42 4.28 63216
20140210 4.41 4.49 4.53 4.41 134165
20140211 4.55 4.56 4.60 4.44 188568
20140212 4.60 4.67 4.88 4.58 286826
20140213 4.69 4.48 4.70 4.46 221553
20140214 4.48 4.54 4.57 4.48 107822
20140217 4.56 4.62 4.70 4.51 152840
20140218 4.60 4.78 4.82 4.51 318820
20140219 4.70 4.66 4.80 4.63 249276
20140220 4.67 4.61 4.74 4.59 144586
20140221 4.65 4.65 4.73 4.60 168764
20140224 4.70 4.78 4.86 4.63 300567
20140225 4.77 4.53 4.77 4.45 289945
20140226 4.52 4.45 4.52 4.36 154576
20140227 4.45 4.35 4.51 4.34 149449
20140228 4.32 4.42 4.43 4.30 112762
20140303 4.42 4.52 4.54 4.39 132348
20140304 4.50 4.56 4.64 4.41 185824
20140305 4.56 4.43 4.56 4.41 118800
20140306 4.49 4.48 4.53 4.43 95082
20140307 4.48 4.38 4.49 4.37 91826
20140310 4.36 4.20 4.37 4.16 118579
20140311 4.19 4.18 4.23 4.13 78996
20140312 4.18 4.22 4.27 4.13 68671
20140313 4.21 4.23 4.28 4.20 68034
20140314 4.23 4.27 4.30 4.16 69683
20140317 4.25 4.28 4.30 4.22 61061
20140318 4.28 4.19 4.31 4.19 96420
20140319 4.19 4.20 4.27 4.16 77425
20140320 4.22 4.13 4.24 4.10 104109
20140321 4.10 4.33 4.45 4.10 193528
20140324 4.36 4.51 4.65 4.31 289585
20140325 4.52 4.50 4.65 4.43 240285
20140326 4.50 4.43 4.50 4.39 110166
20140327 4.39 4.37 4.48 4.37 89788
20140328 4.36 4.26 4.42 4.26 96848
20140331 4.25 4.29 4.32 4.23 47210
20140401 4.28 4.33 4.35 4.26 49280
20140402 4.34 4.36 4.43 4.31 68152
20140403 4.34 4.27 4.38 4.26 57665
20140404 4.28 4.31 4.32 4.26 39842
20140408 4.31 4.43 4.47 4.31 118259
20140409 4.45 4.41 4.46 4.38 64850
20140410 4.41 4.41 4.43 4.39 63664
20140411 4.41 4.45 4.45 4.38 75149
20140414 4.44 4.44 4.45 4.40 72571
20140415 4.44 4.39 4.53 4.38 120772
20140416 4.39 4.35 4.39 4.33 68211
20140417 4.40 4.39 4.48 4.36 86976
20140418 4.41 4.44 4.45 4.36 69813
20140421 4.39 4.27 4.43 4.25 98626
20140422 4.29 4.24 4.29 4.18 76719
20140423 4.22 4.23 4.27 4.19 40569
20140424 4.24 4.26 4.32 4.20 63364
20140425 4.26 4.20 4.30 4.19 57913
20140428 4.20 4.06 4.21 4.03 63689
20140429 4.07 4.06 4.13 4.03 64711
20140430 4.08 4.11 4.11 4.03 45130
20140505 4.11 4.12 4.12 4.05 36870
20140506 4.11 4.08 4.13 4.07 38786
20140507 4.09 4.05 4.12 4.04 47475
20140508 4.04 4.05 4.10 4.03 38361
20140509 4.04 3.93 4.06 3.88 81771
20140512 3.99 4.02 4.03 3.92 56188
20140513 4.01 3.99 4.04 3.98 40189
20140514 3.99 4.01 4.06 3.99 47734
20140515 4.02 3.92 4.03 3.91 39384
20140516 3.96 3.91 3.96 3.87 30028
20140519 3.91 3.80 3.91 3.76 53762
20140520 3.81 3.86 3.88 3.79 48663
20140521 3.84 3.85 3.87 3.78 36326
20140522 3.85 3.84 3.91 3.82 68667
20140523 3.83 3.83 3.86 3.80 42239
20140526 3.83 3.86 3.86 3.82 38338
20140527 3.86 3.86 3.88 3.84 37502
20140528 3.86 3.92 3.95 3.83 62720
20140529 3.91 3.83 3.91 3.82 64794
20140530 3.83 3.82 3.85 3.80 31350
20140603 3.81 3.79 3.83 3.78 41183
20140604 3.79 3.70 3.80 3.68 58311
20140605 3.70 4.03 4.07 3.69 294913
20140606 3.97 3.89 4.02 3.88 161298
20140609 3.87 3.88 3.96 3.80 83796
20140610 3.85 3.88 3.90 3.82 48978
20140611 3.90 3.90 3.90 3.84 39396
20140612 3.90 3.83 3.90 3.83 48087
20140613 3.84 3.85 3.87 3.81 45387
20140616 3.87 3.86 3.89 3.84 41817
20140617 3.86 3.90 3.97 3.82 98485
20140618 3.90 3.86 3.94 3.85 70348
20140619 3.87 3.76 3.90 3.72 61172
20140620 3.78 3.85 3.90 3.75 80467
20140623 3.86 3.86 3.91 3.85 45458
20140624 3.87 3.85 3.87 3.81 51929
20140625 3.85 3.81 3.85 3.80 35156
20140626 3.81 3.82 3.86 3.80 40063
20140627 3.82 3.85 3.87 3.82 43637
20140630 3.85 3.87 3.88 3.83 54180
20140701 3.87 3.90 3.90 3.86 65255
20140702 3.90 3.89 3.92 3.86 48174
20140703 3.89 3.91 3.94 3.88 71769
20140704 3.91 3.89 3.92 3.88 50491
20140707 3.89 3.90 3.92 3.88 54252
20140708 3.90 3.88 3.90 3.83 50623
20140709 3.88 3.80 3.88 3.78 94880
20140710 3.80 3.78 3.84 3.77 57883
20140711 3.77 3.80 3.81 3.75 58664
20140714 3.79 3.83 3.84 3.77 75973
20140715 3.83 3.84 3.86 3.81 68553
20140716 3.84 3.86 3.86 3.82 67735
20140717 3.86 3.90 3.98 3.82 169289
20140718 3.88 3.94 3.95 3.87 149087
20140721 3.93 3.90 3.96 3.87 85091
20140722 3.93 3.92 3.94 3.90 68857
20140723 3.94 3.94 4.00 3.90 132364
20140724 3.91 3.91 3.95 3.89 93188
20140725 3.92 3.94 3.94 3.90 118787
20140728 3.95 4.00 4.03 3.94 164668
20140729 4.01 4.05 4.10 3.99 186417
20140730 4.04 4.09 4.19 4.01 216520
20140731 4.05 4.10 4.11 4.05 118545
20140801 4.09 4.03 4.14 4.03 129848
20140804 4.03 4.08 4.09 4.02 101611
20140805 4.09 4.11 4.15 4.08 94386
20140806 4.12 4.21 4.22 4.09 189471
20140807 4.19 4.12 4.24 4.11 114203
20140808 4.14 4.21 4.26 4.11 164422
20140811 4.21 4.26 4.31 4.20 169219
20140812 4.24 4.25 4.31 4.24 125639
20140813 4.26 4.29 4.30 4.19 127311
20140814 4.26 4.31 4.42 4.26 260615
20140815 4.31 4.35 4.37 4.27 126779
20140818 4.36 4.35 4.39 4.32 114111
20140819 4.35 4.33 4.39 4.29 123058
20140820 4.33 4.37 4.43 4.30 153313
20140821 4.37 4.28 4.37 4.22 162893
20140822 4.26 4.28 4.29 4.25 101445
20140825 4.28 4.19 4.28 4.16 169164
20140826 4.18 4.13 4.21 4.09 142577
20140827 4.15 4.14 4.18 4.11 92046
20140828 4.14 4.45 4.55 4.10 919217
20140829 4.30 4.26 4.36 4.21 472622
20140901 4.25 4.31 4.36 4.25 270802
20140902 4.31 4.37 4.39 4.28 262055
20140903 4.39 4.40 4.44 4.35 258221
20140904 4.53 4.48 4.66 4.45 546235
20140905 4.53 4.48 4.57 4.40 238453
20140909 4.48 4.63 4.66 4.47 338944
20140910 4.57 4.58 4.62 4.50 227956
20140911 4.59 4.59 4.68 4.50 309684
20140912 4.58 4.58 4.59 4.52 147776
20140915 4.60 4.60 4.64 4.56 173542
20140916 4.60 4.44 4.71 4.43 310469
20140917 4.45 4.50 4.52 4.41 152174
20140918 4.50 4.73 4.78 4.48 440690
20140919 4.68 4.71 4.75 4.64 190971
20140922 4.74 4.68 4.93 4.66 339841
20140923 4.67 4.81 4.90 4.66 292262
20140924 4.81 4.83 4.92 4.76 230187
20140925 4.86 4.88 5.05 4.82 316579
20140926 4.85 4.89 4.92 4.79 193852
20140929 4.92 4.95 4.95 4.88 181363
20140930 4.95 4.99 5.05 4.95 230238
20141008 5.07 5.11 5.20 5.00 251827
20141009 5.14 5.10 5.15 4.98 274673
20141010 5.07 5.06 5.17 5.02 214658
20141013 5.05 5.24 5.36 4.91 377404
20141014 5.25 5.61 5.76 5.21 1148370
20141015 5.50 5.66 5.68 5.47 612589
20141016 5.64 5.76 6.20 5.55 825494
20141017 5.72 5.53 5.75 5.39 436842
20141020 5.55 5.81 5.83 5.55 336413
20141021 5.92 5.63 6.09 5.53 560504
20141022 5.53 5.77 5.98 5.36 527857
20141023 5.61 5.46 5.77 5.46 325549
20141024 5.42 5.48 5.60 5.30 280410
20141027 5.42 5.47 5.59 5.36 195546
20141028 5.57 5.63 5.76 5.55 287274
20141029 5.65 5.74 5.86 5.57 428277
20141030 5.70 5.70 5.83 5.67 273040
20141031 5.68 5.58 5.76 5.51 262201
20141103 5.65 5.63 5.72 5.59 199851
20141104 5.63 5.46 5.63 5.42 231742
20141105 5.47 5.80 5.90 5.37 489468
20141106 5.76 5.73 5.78 5.66 206598
20141107 5.74 5.83 5.83 5.68 286726
20141110 5.83 5.95 5.98 5.78 337221
20141111 5.96 5.62 5.96 5.51 314455
20141112 5.59 5.84 5.87 5.51 201806
20141113 5.83 5.86 6.09 5.83 425340
20141114 5.85 6.02 6.15 5.78 537816
20141117 6.01 6.07 6.16 5.92 391114
20141118 6.06 6.11 6.14 5.99 296647
20141119 6.11 5.92 6.11 5.90 274031
20141120 5.87 5.78 5.88 5.74 247866
20141121 5.78 5.93 5.95 5.76 197623
20141124 6.08 6.10 6.24 5.97 541575
20141125 6.10 6.08 6.14 6.02 271858
20141126 6.08 6.22 6.28 6.06 414859
20141127 6.24 6.61 6.79 6.22 738855
20141128 6.61 6.84 7.02 6.49 766170
20141201 6.90 6.70 7.12 6.60 558821
20141202 6.78 6.91 7.06 6.75 438400
20141203 6.94 6.94 7.19 6.68 571828
20141204 6.90 7.56 7.63 6.73 872767
20141205 7.56 7.48 7.74 7.08 942401
20141208 7.52 7.80 7.94 7.30 777985
20141209 7.79 7.11 8.14 7.07 961075
20141210 7.08 7.29 7.37 6.66 637649
20141211 7.19 7.45 7.65 7.02 493205
20141212 7.45 7.56 7.66 7.28 558377
20141215 7.76 8.32 8.32 7.41 968324
20141216 8.30 8.46 8.65 8.05 704531
20141217 8.46 8.32 8.68 8.15 609544
20141218 8.30 8.28 8.56 8.05 490507
20141219 8.22 7.90 8.28 7.71 464868
20141222 7.85 7.19 7.85 7.11 598868
20141223 7.18 7.00 7.35 6.83 308685
20141224 7.09 7.31 7.48 7.01 290875
20141225 7.32 7.67 7.82 7.22 458861
20141226 7.73 7.81 7.97 7.61 466756
20141229 7.84 7.48 8.11 7.38 504096
20141230 7.54 7.20 7.54 7.11 401972
20141231 7.27 7.30 7.39 7.15 218031
20150105 7.34 7.15 7.42 7.10 366734
20150106 7.14 7.24 7.30 7.02 276888
20150107 7.22 7.39 7.59 7.17 365413
20150108 7.39 7.16 7.40 7.15 270343
20150109 7.12 7.13 7.23 7.10 162725
20150112 7.11 6.80 7.13 6.74 232339
20150113 6.88 6.94 6.97 6.83 135993
20150114 6.92 7.15 7.16 6.81 180648
20150115 7.30 7.13 7.35 7.00 275302
20150116 7.14 7.08 7.17 6.99 190111
20150119 6.80 6.71 7.06 6.38 287125
20150120 6.80 6.97 7.03 6.75 229637
20150121 7.00 7.25 7.35 6.92 450170
20150122 7.22 7.66 7.68 7.19 406059
20150123 7.67 7.67 7.96 7.53 578196
20150126 7.66 7.99 8.11 7.50 616919
20150127 7.92 7.82 7.92 7.66 429561
20150128 7.81 7.59 8.12 7.56 551708
20150129 7.43 7.51 7.72 7.30 360704
20150130 7.60 7.43 7.62 7.40 197874
20150202 7.32 7.34 7.46 7.25 127288
20150203 7.37 7.47 7.56 7.31 137028
20150204 7.47 7.42 7.64 7.40 174472
20150205 7.53 7.35 7.58 7.30 173274
20150206 7.30 7.15 7.33 6.99 177443
20150209 7.12 7.06 7.18 7.03 119397
20150210 7.12 7.13 7.16 7.01 115466
20150211 7.20 7.23 7.27 7.10 139749
20150212 7.24 7.37 7.45 7.19 229631
20150213 7.43 7.40 7.50 7.38 171278
20150216 7.42 7.42 7.45 7.32 167970
20150217 7.41 7.54 7.55 7.38 196318
20150225 7.49 7.50 7.61 7.44 187628
20150226 7.50 7.83 7.83 7.49 303136
20150227 7.81 7.85 8.04 7.75 448631
20150302 7.98 7.90 8.15 7.83 608699
20150303 7.83 7.68 7.89 7.67 378100
20150304 7.68 7.78 7.82 7.68 222383
20150305 7.78 7.67 7.82 7.61 215896
20150306 7.70 7.59 7.74 7.51 190717
20150309 7.54 7.64 7.67 7.44 162808
20150310 7.69 7.72 7.81 7.64 203847
20150311 7.70 7.76 7.87 7.64 239995
20150312 7.76 7.66 7.79 7.64 215046
20150313 7.71 7.67 7.74 7.62 213348
20150316 7.72 7.98 7.98 7.70 538632
20150317 8.15 8.00 8.15 7.88 628609
20150318 8.00 8.29 8.34 7.95 607806
20150319 8.29 8.40 8.54 8.18 612033
20150320 8.45 8.61 8.78 8.28 673750
20150323 8.62 8.71 8.90 8.56 673212
20150324 8.71 8.49 8.75 8.20 604747
20150325 8.67 8.62 8.97 8.54 726752
20150326 8.50 8.44 8.67 8.38 457946
20150327 8.43 8.75 8.93 8.40 554811
20150330 8.80 9.10 9.26 8.69 653385
20150331 9.15 8.97 9.24 8.95 527529
20150401 8.97 9.27 9.36 8.94 544380
20150402 9.30 9.36 9.56 9.24 490580
20150403 9.30 9.37 9.47 9.18 466737
20150407 9.39 9.46 9.61 9.28 464409
20150408 9.58 10.41 10.41 9.58 1172513
20150409 10.75 10.70 10.95 10.28 1240004
20150410 10.38 10.97 11.30 10.29 803878
20150413 10.97 11.31 11.92 10.85 675679
20150414 11.20 11.10 11.65 11.00 682227
20150415 10.98 10.23 10.98 10.22 745836
20150416 10.00 10.12 10.45 9.77 491419
20150417 10.24 10.20 10.34 9.80 671408
20150420 10.20 10.32 10.80 10.01 710842
20150421 10.47 10.56 10.60 10.20 508651
20150422 10.40 10.77 10.87 10.33 754167
20150423 10.78 11.18 11.34 10.66 846250
20150424 10.96 10.73 11.15 10.57 651240
20150427 10.79 11.35 11.38 10.70 789798
20150428 11.17 10.86 11.40 10.62 640404
20150429 10.73 10.93 11.04 10.66 444107
20150430 10.89 10.67 10.99 10.59 559054
20150504 10.88 11.02 11.18 10.80 639390
20150505 11.00 10.12 11.00 10.07 585344
20150506 10.13 9.66 10.49 9.58 469340
20150507 9.65 9.13 9.66 9.10 414288
20150508 9.34 9.40 9.43 9.12 315324
20150511 9.51 9.80 9.88 9.34 474738
20150512 9.80 9.75 9.93 9.64 437916
20150513 9.75 9.80 9.93 9.55 492999
20150514 9.79 9.69 9.79 9.59 352499
20150515 9.65 9.35 9.65 9.29 325488
20150518 9.33 9.38 9.46 9.18 274812
20150519 9.38 9.74 9.79 9.33 415761
20150520 9.79 9.70 9.96 9.69 515040
20150521 9.70 10.10 10.14 9.66 552291
20150522 10.27 10.33 10.44 10.14 621796
20150525 10.40 10.93 11.20 10.32 863104
20150526 11.01 11.19 11.40 10.78 887626
20150527 11.24 11.30 11.37 10.81 920674
20150528 11.35 11.05 12.38 10.80 1315197
20150529 11.11 11.50 11.80 10.25 1163054
20150601 11.50 12.20 12.37 11.50 1010950
20150602 12.29 13.42 13.42 11.90 1202931
20150603 13.41 13.00 13.69 12.79 907760
20150604 13.02 13.29 13.46 11.80 843650
20150605 13.43 13.65 13.87 12.70 1072165
20150608 13.45 13.20 13.75 13.00 767413
20150609 13.10 13.44 13.57 12.69 788819
20150610 13.15 13.64 14.08 13.02 828122
20150611 13.49 14.06 14.21 13.35 801494
20150612 14.06 14.03 14.48 13.90 776677
20150615 14.05 14.38 14.86 13.81 825839
20150616 14.00 12.99 14.29 12.98 697108
20150617 12.94 12.90 13.25 12.01 789700
20150618 12.90 12.58 13.27 12.39 612352
20150619 12.45 11.58 12.46 11.50 515626
20150623 11.59 11.94 11.96 10.82 432013
20150624 12.10 12.15 12.25 11.77 430681
20150625 12.14 11.82 12.58 11.54 503346
20150626 11.35 10.64 11.53 10.64 506622
20150629 10.89 9.70 10.90 9.58 701300
20150630 9.59 10.18 10.25 8.73 669190
20150701 10.00 9.16 10.15 9.16 539235
20150702 9.19 8.24 9.20 8.24 425525
20150703 7.51 7.41 8.13 7.41 420326
20150706 8.11 6.85 8.12 6.67 777460
20150707 6.47 6.17 6.48 6.17 322502
20150708 5.55 5.76 6.66 5.55 1981570
20150709 5.69 6.34 6.34 5.60 578998
20150710 6.71 6.97 6.97 6.51 385070
20150713 7.40 7.67 7.67 7.16 705078
20150714 7.59 7.57 8.21 7.38 954080
20150715 7.24 6.81 7.40 6.81 607640
20150716 6.76 6.90 7.18 6.34 424167
20150717 6.99 7.37 7.44 6.92 459358
20150720 7.40 7.43 7.64 7.21 507536
20150721 7.28 7.63 7.72 7.05 451870
20150722 7.60 7.75 7.88 7.46 593708
20150723 7.75 8.26 8.37 7.62 752901
20150724 8.11 7.87 8.50 7.77 749183
20150727 7.65 7.08 7.93 7.08 508759
20150728 6.80 6.95 7.12 6.37 612773
20150729 7.10 7.29 7.35 6.65 387060
20150730 7.20 6.98 7.49 6.93 400675
