20140102 10.08 9.62 10.08 9.59 53244
20140103 9.62 9.38 9.63 9.17 51681
20140106 9.36 9.10 9.45 9.08 44543
20140107 9.09 9.37 9.38 9.07 26889
20140108 9.36 9.31 9.48 9.27 30462
20140109 9.28 9.19 9.34 9.09 28119
20140110 9.15 9.17 9.32 9.08 16363
20140113 9.20 9.01 9.28 8.98 15779
20140114 9.02 9.30 9.34 8.70 28491
20140115 9.24 9.26 9.45 9.20 15553
20140116 9.27 9.11 9.34 9.06 24587
20140117 9.11 8.72 9.13 8.71 35491
20140120 8.70 8.67 8.81 8.60 12951
20140121 8.67 8.86 8.95 8.67 19995
20140122 8.90 9.06 9.15 8.86 25770
20140123 9.11 9.08 9.13 9.04 25570
20140124 9.06 9.23 9.27 9.04 21897
20140127 9.18 9.18 9.22 9.01 24764
20140128 9.18 9.27 9.35 9.14 21653
20140129 9.27 9.30 9.34 9.21 18265
20140130 9.25 8.99 9.29 8.98 24632
20140207 8.83 9.15 9.15 8.82 26149
20140210 9.16 9.27 9.48 9.16 59521
20140211 9.30 9.48 9.48 9.16 76692
20140212 9.50 9.54 9.62 9.36 54192
20140213 9.54 9.40 9.64 9.40 36000
20140214 9.36 9.44 9.55 9.25 50460
20140217 9.45 9.93 10.20 9.39 83973
20140218 9.90 10.18 10.20 9.76 80118
20140219 10.10 10.10 10.30 9.96 66002
20140220 10.07 9.70 10.17 9.69 47822
20140221 9.65 9.66 9.87 9.45 35886
20140224 9.57 9.46 9.68 9.31 40325
20140225 9.50 8.90 9.55 8.81 61962
20140226 8.82 8.78 8.95 8.60 39976
20140227 8.82 8.43 8.94 8.43 63788
20140228 8.45 8.73 8.75 8.36 51051
20140303 8.65 8.82 8.96 8.61 46852
20140304 8.81 8.90 8.94 8.72 26985
20140305 8.88 8.62 8.97 8.52 59907
20140306 8.69 8.92 8.95 8.67 45812
20140307 8.93 8.98 9.10 8.88 54192
20140310 8.90 8.58 8.90 8.55 41279
20140311 8.60 9.02 9.08 8.43 54371
20140312 8.88 8.96 9.04 8.76 44626
20140313 8.93 8.92 9.00 8.85 33401
20140314 8.70 8.88 8.98 8.70 28598
20140317 8.93 9.07 9.12 8.82 51116
20140318 9.12 9.10 9.19 9.03 43241
20140319 9.05 9.03 9.11 8.89 30581
20140320 8.96 8.70 9.04 8.69 28640
20140321 8.70 8.95 8.98 8.55 28442
20140324 8.91 9.00 9.08 8.87 33524
20140325 8.91 9.01 9.05 8.89 24889
20140326 9.02 9.14 9.24 8.99 39591
20140327 9.16 9.05 9.18 9.02 27088
20140328 9.02 8.73 9.08 8.70 40704
20140331 8.90 8.89 9.05 8.75 31865
20140401 8.90 8.95 8.98 8.70 18522
20140402 8.94 8.88 8.95 8.83 25477
20140403 9.20 9.56 9.77 9.20 223613
20140404 9.46 9.50 9.64 9.37 88085
20140408 9.47 9.65 9.75 9.42 84798
20140409 9.70 9.74 10.09 9.65 86595
20140410 9.75 9.67 9.80 9.65 55392
20140411 9.61 9.77 9.86 9.52 64321
20140414 9.78 9.77 9.84 9.66 36071
20140415 9.75 9.52 9.77 9.52 34348
20140416 9.55 9.58 9.69 9.52 36924
20140417 9.59 9.48 9.66 9.44 34830
20140418 9.48 9.58 9.61 9.42 23516
20140421 9.46 9.50 9.58 9.38 49135
20140422 9.48 9.37 9.49 9.20 51109
20140423 9.37 9.43 9.46 9.30 29130
20140424 9.41 9.58 9.63 9.35 34794
20140425 9.59 9.50 9.68 9.39 37106
20140428 9.45 8.97 9.45 8.95 47492
20140429 8.97 9.16 9.16 8.92 29382
20140430 9.15 9.10 9.15 9.00 40046
20140505 9.03 9.18 9.21 8.98 25523
20140506 9.18 9.23 9.35 9.12 30079
20140507 9.16 9.19 9.42 9.11 32347
20140508 9.20 9.26 9.41 9.11 26592
20140509 9.24 9.15 9.30 9.05 16486
20140609 10.07 10.07 10.07 10.07 17114
20140610 10.40 10.35 10.50 10.11 227100
20140611 10.20 10.23 10.25 10.12 99714
20140612 10.00 9.92 10.00 9.83 80480
20140613 9.86 10.01 10.10 9.86 79152
20140616 9.96 9.97 10.03 9.86 63091
20140617 9.92 9.90 10.03 9.87 52226
20140618 9.91 9.84 9.95 9.82 35099
20140619 9.83 9.93 10.07 9.82 75084
20140620 9.89 9.90 9.95 9.88 58973
20140623 9.90 10.16 10.21 9.89 90390
20140624 10.18 10.22 10.22 10.02 78612
20140625 10.16 10.19 10.25 10.13 56315
20140626 10.17 10.20 10.23 10.14 42689
20140627 10.19 10.17 10.23 10.10 41917
20140630 10.22 10.21 10.24 10.14 50235
20140701 10.18 10.19 10.24 10.14 32273
20140702 10.19 10.33 10.33 10.16 51689
20140703 10.35 10.39 10.47 10.30 59960
20140704 10.39 10.27 10.41 10.22 39613
20140707 10.27 10.24 10.28 10.19 44709
20140708 10.21 10.23 10.26 10.18 18378
20140709 10.23 10.21 10.27 10.19 29027
20140710 10.22 10.28 10.32 10.20 22738
20140711 10.29 10.29 10.30 10.24 15782
20140714 10.31 10.28 10.31 10.25 18595
20140715 10.28 10.26 10.29 10.20 25619
20140716 10.25 10.19 10.25 10.17 25548
20140717 10.19 10.17 10.22 10.17 23327
20140718 10.18 10.18 10.25 10.17 33162
20140721 10.20 10.20 10.22 10.17 32572
20140722 10.19 10.19 10.21 10.17 34314
20140723 10.18 10.20 10.22 10.17 48960
20140724 10.19 10.26 10.39 10.19 36258
20140725 10.26 10.35 10.35 10.26 23482
20140728 10.37 10.44 10.45 10.34 72181
20140729 10.44 10.41 10.44 10.38 37488
20140730 10.39 10.39 10.42 10.35 36728
20140731 10.38 10.42 10.44 10.35 51599
20140801 10.42 11.45 11.46 10.40 144842
20140808 11.40 11.21 11.44 10.88 69547
20140811 11.17 11.07 11.17 10.93 78287
20140812 11.07 11.11 11.26 10.96 45601
20140813 11.12 10.94 11.13 10.82 38910
20140814 10.90 11.60 12.02 10.86 123721
20140815 11.38 12.41 12.69 11.38 114908
20140818 12.30 12.58 12.90 12.08 95604
20140819 12.50 12.60 12.60 12.20 51558
20140820 12.54 12.39 12.54 12.31 34972
20140821 12.41 12.15 12.41 11.91 46501
20140822 12.10 12.02 12.27 12.02 31977
20140825 12.04 12.16 12.44 12.04 47989
20140826 12.14 11.50 12.24 11.50 50658
20140827 11.45 11.51 11.72 11.23 42137
20140828 11.47 11.23 11.50 11.21 32698
20140829 11.23 11.78 11.79 11.23 29016
20140901 11.77 11.68 11.84 11.50 43288
20140902 11.67 11.87 11.98 11.59 54433
20140903 11.86 11.78 11.90 11.64 60420
20140904 11.80 11.82 11.88 11.69 37868
20140905 11.85 11.97 12.06 11.74 40806
20140909 12.08 11.91 12.10 11.80 30634
20140910 11.90 11.85 11.94 11.73 25902
20140911 11.85 11.73 11.99 11.66 40136
20140912 11.73 11.91 11.94 11.68 30276
20140915 11.90 11.80 11.90 11.72 35170
20140916 11.83 11.26 11.86 11.26 60057
20140917 11.31 11.26 11.40 10.98 50600
20140918 11.21 11.33 11.37 11.18 20557
20140919 11.33 11.54 11.62 11.33 27725
20140922 11.55 11.32 11.55 11.30 23859
20140923 11.29 11.42 11.52 11.29 24582
20140924 11.42 11.62 11.78 11.33 57910
20140925 11.64 11.68 11.88 11.60 77479
20140926 11.69 11.51 11.76 11.40 67825
20140929 11.51 11.62 11.67 11.40 47729
20140930 11.61 11.78 11.82 11.60 49229
20141008 11.85 11.99 12.04 11.70 70448
20141009 12.00 11.92 12.05 11.76 48962
20141010 11.92 11.74 11.92 11.70 37737
20141013 11.72 11.75 11.76 11.42 37089
20141014 11.68 11.78 11.99 11.60 50055
20141015 11.98 12.02 12.03 11.80 63027
20141016 11.99 12.13 12.41 11.97 90266
20141017 12.17 12.07 12.18 11.71 64672
20141020 12.14 12.30 12.43 12.07 83029
20141021 12.31 12.27 12.44 12.18 56714
20141022 12.39 12.02 12.50 11.99 67615
20141023 11.90 11.72 12.04 11.65 55051
20141024 11.69 11.68 11.82 11.60 28000
20141027 11.69 11.95 12.04 11.57 37324
20141028 11.95 12.22 12.28 11.91 42307
20141029 12.26 12.24 12.33 12.12 63600
20141030 12.25 12.14 12.34 12.06 71736
20141031 12.18 12.58 12.58 12.18 140385
20141103 12.61 12.53 12.87 12.50 119983
20141104 12.48 12.30 12.52 12.26 62378
20141105 12.32 12.43 12.50 12.26 59331
20141106 12.43 12.30 12.48 12.06 55614
20141107 12.20 12.16 12.37 12.08 51979
20141110 12.10 12.35 12.35 12.10 48685
20141111 12.36 11.99 12.42 11.93 74159
20141112 11.92 12.07 12.08 11.91 35978
20141113 12.08 11.82 12.11 11.67 55776
20141114 11.72 11.68 11.89 11.64 37632
20141117 11.71 11.74 11.81 11.66 29586
20141118 11.74 11.93 11.99 11.71 41805
20141119 11.92 11.83 11.92 11.77 28412
20141120 11.81 11.82 11.89 11.71 21293
20141121 11.80 11.85 11.87 11.69 26569
20141124 11.96 12.08 12.16 11.83 56372
20141125 12.08 12.17 12.19 12.04 41080
20141126 12.16 12.07 12.19 11.98 37541
20141127 12.11 12.16 12.28 12.08 42631
20141128 12.18 11.97 12.22 11.86 60226
20141201 11.96 12.33 12.37 11.88 132591
20141202 12.33 12.40 12.46 12.20 91312
20141203 12.29 12.41 12.58 12.21 125657
20141204 12.43 12.60 12.65 12.34 112768
20141205 12.62 12.04 12.73 11.90 128713
20141208 12.09 12.45 12.55 11.99 125618
20141209 12.70 13.70 13.70 12.48 353323
20141210 13.49 14.58 14.96 13.20 225506
20141211 14.57 14.31 14.57 13.90 148632
20141212 14.23 14.24 14.28 13.98 83987
20141215 14.74 13.91 14.78 13.78 142358
20141216 13.80 13.45 13.81 13.37 176137
20141217 13.39 13.60 13.72 13.33 114024
20141218 13.49 13.78 14.10 13.22 125532
20141219 13.60 13.32 13.63 13.10 102059
20141222 13.25 12.78 13.25 12.60 113013
20141223 12.75 12.91 13.34 12.75 89621
20141224 13.03 13.02 13.24 12.81 78109
20141225 13.16 13.35 13.45 13.05 79061
20141226 13.42 13.32 13.42 13.11 59137
20141229 13.30 13.04 13.39 13.00 64922
20141230 13.03 13.23 13.28 12.88 51074
20141231 13.23 13.08 13.32 12.95 53593
20150105 13.11 14.03 14.26 13.10 190772
20150106 13.90 14.00 14.48 13.80 122123
20150107 13.91 13.92 14.00 13.70 62137
20150108 13.92 13.89 14.00 13.66 56513
20150109 13.80 13.49 14.05 13.49 75426
20150112 13.30 13.35 13.50 13.16 47250
20150113 13.36 13.86 13.86 13.35 63872
20150114 14.20 14.08 14.68 13.91 134872
20150115 14.11 15.49 15.49 14.11 234180
20150116 15.77 15.70 16.27 15.30 184756
20150119 15.18 15.56 16.25 14.91 175915
20150120 15.40 16.02 16.15 15.30 167900
20150121 16.00 16.71 17.03 15.80 190268
20150122 16.70 16.45 16.70 16.22 95584
20150123 16.46 16.48 16.85 16.30 97154
20150126 16.38 16.65 16.71 16.28 54173
20150127 16.62 16.36 16.70 16.02 80619
20150128 16.23 16.70 16.85 16.23 75368
20150129 16.58 16.39 16.88 16.31 53806
20150130 16.20 16.37 17.27 16.20 87440
20150202 16.10 16.14 16.44 15.70 52056
20150203 16.08 16.22 16.33 15.87 48296
20150204 16.28 16.36 17.17 16.26 84978
20150205 16.62 16.09 16.85 15.90 73746
20150206 15.98 16.06 16.44 15.89 45464
20150209 16.08 16.20 16.42 15.96 39588
20150210 16.21 16.28 16.38 15.89 30533
20150211 16.30 16.40 16.83 16.22 54274
20150212 16.42 16.87 17.20 16.40 95738
20150213 16.80 17.40 17.62 16.65 71359
20150216 17.25 17.48 17.58 17.11 50994
20150217 17.56 17.29 17.60 17.05 42820
20150225 17.29 16.77 17.44 16.71 38734
20150226 16.76 17.04 17.13 16.70 31757
20150227 17.05 16.97 17.28 16.86 25500
20150302 17.00 17.01 17.21 16.68 60163
20150303 17.00 16.58 17.13 16.42 53301
20150304 16.58 16.67 16.84 16.57 37205
20150305 16.66 16.80 16.93 16.55 33783
20150306 16.93 16.73 17.13 16.58 26657
20150309 16.70 16.38 16.70 16.30 43776
20150310 16.36 16.46 16.57 16.36 44885
20150311 16.32 16.74 16.74 16.31 36136
20150312 16.75 16.20 16.79 16.15 72648
20150313 16.23 16.21 16.39 16.08 55240
20150316 16.35 16.83 16.84 16.25 82248
20150317 16.83 17.15 17.28 16.67 66547
20150318 17.16 17.38 17.41 16.83 56339
20150319 17.32 17.21 17.35 17.02 54368
20150320 17.40 17.62 17.98 17.35 99985
20150323 17.70 18.22 18.30 17.43 100664
20150324 18.23 18.21 18.32 17.73 79885
20150325 18.22 17.92 18.23 17.83 54118
20150326 17.90 18.09 18.58 17.72 65269
20150327 18.11 18.69 18.69 17.91 60764
20150330 18.81 19.20 19.47 18.52 57462
20150331 19.30 18.88 20.00 18.81 75578
20150401 18.60 19.06 19.18 18.58 41876
20150402 19.07 19.49 19.50 19.07 41451
20150403 19.50 19.21 19.53 19.00 55230
20150407 19.18 19.09 19.21 18.89 81058
20150408 19.00 19.28 19.59 18.66 133832
20150409 19.28 18.58 19.32 18.48 77930
20150410 18.58 18.75 18.99 18.41 73921
20150413 18.80 19.15 19.17 18.64 78029
20150414 19.16 18.75 19.17 18.71 64398
20150415 18.75 18.38 19.20 18.00 74613
20150416 18.00 18.71 18.80 17.80 65854
20150417 18.78 19.55 19.96 18.78 129872
20150420 19.50 19.40 19.95 19.08 102691
20150421 19.39 20.98 21.00 19.30 135898
20150422 21.58 21.90 22.99 21.53 149787
20150423 21.96 21.79 22.48 21.46 81679
20150424 21.32 22.10 22.12 20.99 94984
20150427 22.10 21.92 22.55 21.71 64503
20150428 21.90 21.20 22.49 20.58 86780
20150429 20.90 21.22 21.46 20.74 47924
20150430 21.23 21.21 21.51 20.75 75652
20150504 21.14 22.30 22.30 21.04 86301
20150505 22.00 21.16 22.45 20.67 63239
20150506 21.10 20.49 21.58 20.30 64085
20150507 20.41 20.58 20.80 20.30 42448
20150508 20.87 20.75 20.99 20.13 73005
20150511 20.75 21.22 21.24 20.45 82933
20150512 21.23 21.25 21.25 20.73 85777
20150513 21.20 21.81 22.28 21.02 93532
20150514 22.00 21.50 22.00 21.26 69417
20150515 21.49 21.81 22.27 21.31 87978
20150518 21.61 21.30 22.10 21.30 62548
20150519 21.04 22.60 23.40 21.00 140398
20150520 22.50 22.74 23.59 22.40 109677
20150521 22.85 23.38 23.91 22.47 72273
20150522 23.68 23.42 24.28 22.70 72678
20150525 23.17 23.76 24.21 23.08 86488
20150526 23.76 24.69 24.99 23.30 110713
20150527 24.47 24.18 24.60 23.78 84619
20150528 23.98 22.10 23.98 22.03 79277
20150529 22.34 22.46 22.60 21.28 75168
20150601 22.58 23.56 23.57 22.53 75723
20150602 23.62 23.95 24.35 23.60 103007
20150603 23.89 24.30 24.46 23.53 85968
20150604 24.28 24.04 24.89 22.30 99220
20150605 24.11 24.03 24.39 23.35 85374
20150608 24.20 24.68 24.71 23.10 148379
20150609 24.50 24.17 24.68 23.90 101065
20150610 23.80 25.00 25.35 23.54 124337
20150611 24.50 23.96 24.51 23.61 96656
20150612 24.00 24.68 25.00 23.87 137309
20150615 24.68 25.51 26.60 24.05 171522
20150616 24.90 26.96 26.96 24.57 210942
20150617 26.96 27.13 27.45 25.69 177251
20150618 26.90 27.45 29.12 26.50 186364
20150619 26.55 24.71 26.75 24.71 124460
20150623 24.00 24.24 24.70 22.24 133099
20150624 24.48 24.96 25.22 23.61 121750
20150625 25.10 23.10 25.20 22.50 150917
20150626 22.29 20.97 22.78 20.79 137576
20150629 21.60 21.73 22.38 19.27 180164
20150630 21.79 23.90 23.90 21.00 159988
20150701 23.89 23.50 25.32 23.11 196843
20150702 23.70 21.56 23.98 21.25 126017
20150703 20.84 19.51 22.49 19.40 129271
20150706 21.40 21.18 21.40 18.05 191012
20150707 20.10 19.06 21.73 19.06 140902
20150708 17.15 18.38 19.28 17.15 302954
20150709 18.38 20.22 20.22 18.38 93116
20150710 20.88 22.24 22.24 20.61 93892
20150713 23.50 24.46 24.46 22.30 170587
20150714 23.62 23.53 26.18 23.37 158267
20150715 23.04 22.25 24.57 21.88 114314
20150716 22.25 24.20 24.32 22.25 88283
20150717 24.49 25.32 26.00 24.20 114542
20150720 25.31 24.75 25.85 24.01 108413
20150721 24.50 24.67 25.50 24.15 77383
20150722 24.50 23.93 24.51 23.57 87132
20150723 24.01 24.24 24.46 23.60 81846
20150724 24.23 23.42 25.13 23.08 98893
20150727 22.77 21.08 22.84 21.08 137066
20150728 20.65 22.16 22.87 20.05 124047
20150729 22.02 23.16 23.18 21.92 58673
20150730 22.97 21.95 23.67 21.86 67045
