20140519 15.63 15.98 15.98 14.51 155739
20140520 16.78 16.78 16.78 16.60 71714
20140521 17.62 17.62 17.62 17.62 32961
20140522 18.50 17.53 18.50 17.22 311842
20140523 17.77 18.41 18.41 17.55 223895
20140715 8.50 8.75 10.16 8.00 2328453
20140716 8.75 9.63 9.63 8.73 996885
20140717 10.08 9.63 10.59 9.53 1760650
20140718 9.70 9.86 10.20 9.36 1295546
20140721 9.50 8.88 9.53 8.87 1316883
20140722 8.80 8.96 9.06 8.52 802149
20140723 9.20 8.58 9.30 8.40 828808
20140724 8.41 8.05 8.58 7.91 717450
20140725 7.99 8.16 8.21 7.88 422225
20140728 8.16 8.34 8.46 8.02 476889
20140729 8.32 8.38 8.54 8.25 421312
20140730 8.30 9.22 9.22 8.28 1014861
20140731 9.26 9.20 9.60 9.06 1096593
20140801 8.96 9.03 9.28 8.89 530963
20140804 8.98 9.30 9.59 8.98 562464
20140805 9.32 9.41 9.60 9.19 475157
20140806 9.31 9.22 9.36 9.12 354156
20140807 9.18 9.11 9.35 9.08 300290
20140808 9.08 9.56 9.86 9.07 604247
20140811 9.62 10.17 10.36 9.54 731429
20140812 10.05 10.12 10.17 9.87 468912
20140813 10.04 11.13 11.13 9.99 1071878
20140814 11.19 11.47 11.90 10.91 1185304
20140815 11.46 11.73 12.58 11.30 1277448
20140818 11.60 11.20 11.82 11.11 997517
20140819 11.08 11.01 11.37 10.77 778544
20140820 11.13 11.18 11.32 10.85 527283
20140821 11.13 10.89 11.20 10.71 443583
20140822 10.75 11.03 11.25 10.60 547913
20140825 10.88 10.66 11.06 10.63 359501
20140826 10.62 10.99 11.13 10.54 493334
20140827 10.97 11.21 11.37 10.87 477777
20140828 11.25 11.10 11.27 10.96 324461
20140829 11.13 11.70 11.75 10.78 493453
20140901 11.80 12.29 12.47 11.70 586253
20140902 12.58 12.36 13.02 12.24 685293
20140903 12.36 12.67 12.89 12.11 602526
20140904 12.67 12.56 12.84 12.45 399994
20140905 12.85 12.40 12.97 12.38 394160
20140909 12.25 12.18 12.36 12.07 303962
20140910 12.20 12.73 12.86 12.18 384243
20140911 12.79 12.62 13.00 12.52 324105
20140912 12.65 13.37 13.52 12.60 474959
20140915 13.52 13.45 13.64 13.06 358962
20140916 13.50 12.39 13.50 12.18 520773
20140917 12.45 12.12 12.59 11.61 450705
20140918 12.11 12.78 12.79 11.90 401768
20140919 12.83 13.05 13.26 12.80 401145
20140922 13.02 12.44 13.10 12.32 326094
20140923 12.44 12.46 12.56 12.16 280113
20140924 12.45 12.50 12.59 12.30 253738
20140925 12.60 12.63 12.98 12.45 323347
20140926 12.63 12.27 12.73 12.24 262092
20140929 12.32 12.29 12.43 12.12 248384
20140930 12.38 12.75 12.80 12.28 287872
20141008 12.75 12.75 12.82 12.60 212235
20141009 12.35 12.40 12.59 12.26 321533
20141010 12.35 12.68 12.88 12.30 342009
20141013 12.60 12.55 12.68 12.23 172998
20141014 12.66 12.56 12.77 12.41 198620
20141015 12.51 12.22 12.61 11.89 292047
20141016 12.12 11.57 12.12 11.50 255675
20141017 11.57 12.00 12.04 11.50 251210
20141020 12.03 12.29 12.32 12.03 209031
20141021 12.30 12.26 12.41 12.11 132978
20141022 12.25 12.61 12.72 12.21 271178
20141023 12.60 12.40 12.84 12.26 157411
20141024 12.50 12.42 12.65 12.33 128329
20141027 12.45 12.64 12.65 12.40 138691
20141028 12.60 12.82 12.94 12.60 193470
20141029 12.88 12.73 12.93 12.62 199444
20141030 12.66 12.50 12.88 12.43 170682
20141031 12.56 12.56 12.72 12.29 187335
20141103 12.51 12.44 12.63 12.38 149430
20141104 12.49 12.32 12.58 12.14 219663
20141105 12.38 13.20 13.35 12.31 555914
20141226 11.97 12.08 13.00 11.88 611842
20141229 11.88 10.87 11.88 10.87 482941
20141230 10.69 9.85 10.69 9.78 425289
20141231 9.95 9.91 10.44 9.90 260280
20150105 9.91 9.64 10.10 9.25 224729
20150106 9.53 10.36 10.58 9.40 263018
20150107 10.20 10.22 10.52 10.15 166311
20150108 10.22 10.35 10.58 10.11 142907
20150109 10.35 10.45 10.60 10.23 128832
20150112 10.40 10.10 10.40 9.93 105993
20150113 10.25 10.32 10.49 10.25 115002
20150114 10.39 9.89 10.43 9.75 154742
20150115 9.99 9.92 10.13 9.87 127628
20150116 9.94 10.12 10.37 9.93 169266
20150119 9.90 9.73 10.16 9.50 152928
20150120 9.88 9.98 10.13 9.80 150021
20150121 10.08 10.34 10.47 10.08 208360
20150122 10.36 10.95 11.00 10.28 267060
20150123 10.95 10.74 11.14 10.64 256277
20150126 10.85 11.11 11.12 10.60 196300
20150127 11.11 11.47 11.56 11.08 234223
20150128 11.60 11.33 11.74 11.32 187599
20150129 11.35 11.32 11.50 11.17 117450
20150130 11.32 11.20 11.37 11.00 114332
20150202 11.19 11.21 11.27 11.01 93954
20150203 11.21 11.28 11.30 11.10 85051
20150204 11.32 11.32 11.42 11.07 148319
20150205 11.37 11.62 11.83 11.30 274769
20150206 11.51 11.60 11.72 11.40 160927
20150209 11.68 11.54 11.76 11.46 96305
20150210 11.59 11.78 12.00 11.31 167406
20150211 11.90 11.80 12.06 11.68 88568
20150212 11.75 11.82 11.98 11.71 112503
20150213 11.85 12.06 12.29 11.82 144217
20150216 12.06 12.15 12.40 11.72 199506
20150217 12.16 13.03 13.37 12.09 260499
20150225 13.03 13.09 13.53 12.95 202000
20150226 13.07 13.34 13.38 12.80 162994
20150227 13.38 13.67 13.84 13.24 217178
20150302 13.75 13.53 13.99 13.44 196766
20150303 13.57 13.30 13.58 13.02 263878
20150304 13.25 13.30 13.35 13.15 122067
20150305 13.38 13.04 13.38 13.02 134652
20150306 13.15 13.78 14.34 13.12 415060
20150309 13.78 13.40 13.95 13.00 171872
20150310 13.52 13.27 13.54 13.18 139850
20150311 13.39 13.15 13.39 13.03 130349
20150312 13.39 12.95 13.48 12.89 141908
20150313 13.00 12.98 13.18 12.90 134534
20150316 13.15 13.21 13.47 13.08 228871
20150317 13.24 13.49 13.65 13.24 332501
20150318 13.50 13.45 13.60 13.32 314530
20150319 13.42 13.96 14.50 13.34 527590
20150320 13.95 13.66 13.95 13.62 332316
20150323 13.68 13.74 13.87 13.38 403146
20150324 13.74 13.29 13.74 12.90 366991
20150325 13.30 13.37 13.55 13.04 280559
20150326 13.35 13.40 13.69 13.24 265575
20150327 13.39 13.67 13.74 13.16 319553
20150330 13.60 13.77 13.90 13.56 405225
20150402 13.40 13.79 13.90 13.33 587381
20150403 13.72 14.65 14.69 13.60 670218
20150407 14.80 15.27 16.00 14.78 604847
20150408 15.28 14.82 15.37 14.56 363796
20150409 14.66 15.95 16.27 14.60 676928
20150410 15.90 15.94 16.26 15.57 382685
20150413 15.96 15.85 16.28 15.75 406593
20150414 15.86 15.23 15.90 15.09 379892
20150415 15.17 14.02 15.18 14.01 359923
20150416 13.88 14.13 14.42 13.41 403758
20150417 14.24 13.81 14.31 13.70 416013
20150420 13.78 13.37 13.93 13.28 365239
20150421 13.28 13.83 13.86 13.28 246133
20150422 13.85 14.36 14.43 13.85 328347
20150423 14.49 14.09 14.58 13.91 314689
20150424 14.04 14.11 14.48 13.80 324222
20150427 14.20 14.24 14.44 14.12 335032
20150428 14.24 13.43 14.28 13.22 362034
20150429 13.48 14.12 14.12 13.33 303311
20150430 14.15 13.81 14.30 13.80 201493
20150504 13.90 13.67 13.93 13.57 176191
20150505 13.89 13.67 14.26 13.61 264636
20150506 13.72 13.41 13.90 13.24 201788
20150507 13.40 12.50 13.40 12.18 213301
20150508 12.70 12.97 13.00 12.61 165085
20150511 13.18 13.33 13.45 12.89 229636
20150512 13.35 13.56 13.75 13.35 248003
20150513 13.55 13.86 13.97 13.25 326311
20150514 13.90 14.69 15.15 13.61 509615
20150515 14.55 14.87 15.37 14.35 560427
20150518 14.84 14.64 15.29 14.41 470177
20150519 14.52 15.03 15.13 14.51 414189
20150520 15.06 15.84 16.29 15.02 618468
20150521 15.87 17.27 17.42 15.87 659264
20150522 17.50 17.10 17.68 16.33 632136
20150525 17.00 18.00 18.34 16.68 611284
20150526 18.22 18.17 18.45 17.69 543789
20150527 18.16 17.52 18.29 17.08 594349
20150528 17.44 16.80 18.80 16.80 686212
20150529 16.92 17.05 17.44 15.80 454390
20150601 17.14 18.34 18.45 17.13 499991
20150602 18.40 19.06 19.15 18.31 511650
20150603 19.58 18.67 19.80 17.89 488668
20150604 18.50 18.05 18.50 16.90 431927
20150605 18.30 19.10 19.12 18.19 573833
20150608 19.11 21.01 21.01 19.11 751643
20150609 20.78 21.40 22.89 20.10 766752
20150610 20.81 21.54 22.50 20.50 491032
20150611 21.39 21.20 21.51 20.90 408994
20150612 21.26 22.98 23.28 21.26 507697
20150615 23.70 22.88 24.18 22.77 509523
20150616 23.01 21.21 23.20 21.00 491678
20150617 21.00 21.37 21.50 19.50 428914
20150618 21.50 20.50 22.00 20.22 300243
20150619 19.70 18.45 20.80 18.45 279726
20150623 18.45 17.95 18.94 16.61 347305
20150624 18.30 17.98 18.67 17.03 355193
20150625 17.99 16.92 18.20 16.57 298131
20150626 16.10 15.23 16.30 15.23 273373
20150629 15.65 13.71 15.65 13.71 494077
20150630 13.13 14.80 14.98 12.34 495107
20150701 14.41 13.32 15.30 13.32 389845
20150702 13.43 11.99 13.65 11.99 394192
20150703 11.50 10.79 12.10 10.79 350111
20150706 11.87 9.71 11.87 9.71 426721
20150707 9.00 8.74 9.50 8.74 479782
20150720 9.61 9.61 9.61 9.61 8643
20150721 10.57 10.57 10.57 10.57 4130
20150722 11.63 11.63 11.63 11.63 23793
20150723 12.79 12.79 12.79 12.79 163545
20150724 13.80 14.07 14.07 13.50 1238993
20150727 13.50 12.66 14.48 12.66 996201
20150728 11.40 11.73 13.04 11.39 629657
20150729 11.99 12.78 12.90 11.00 550510
20150730 12.59 12.35 13.26 12.14 489174
