20140102 6.16 6.25 6.35 6.16 60481
20140103 6.23 6.15 6.25 6.06 52773
20140106 6.09 5.93 6.13 5.91 45898
20140107 5.90 6.24 6.24 5.87 74642
20140108 6.21 6.35 6.42 6.19 142373
20140109 6.34 6.19 6.37 6.19 57120
20140110 6.20 6.50 6.57 6.20 163182
20140113 6.45 6.57 6.58 6.40 106814
20140114 6.56 6.52 6.56 6.28 101095
20140115 6.50 6.46 6.54 6.30 110886
20140116 6.44 6.33 6.44 6.33 95526
20140117 6.30 6.18 6.30 6.17 73113
20140120 6.15 6.35 6.35 6.13 65418
20140121 6.32 6.36 6.50 6.30 69252
20140122 6.33 6.76 6.89 6.30 205460
20140123 6.79 6.79 7.07 6.71 168218
20140124 6.80 6.89 6.90 6.68 110318
20140127 6.88 6.91 6.96 6.75 97917
20140128 6.88 6.90 6.99 6.61 110589
20140129 6.89 6.86 6.90 6.75 70429
20140130 6.80 7.16 7.30 6.78 136304
20140207 7.10 7.25 7.27 7.05 109696
20140210 7.25 7.32 7.44 7.15 111780
20140211 7.29 7.14 7.42 7.10 109117
20140212 7.16 7.12 7.18 6.95 145378
20140213 7.06 6.92 7.07 6.90 103761
20140214 6.94 7.11 7.11 6.92 88709
20140217 7.14 7.26 7.32 7.14 123683
20140218 7.27 7.40 7.67 7.06 185386
20140219 7.30 7.26 7.48 7.22 116944
20140220 7.27 7.03 7.32 7.02 85946
20140221 7.02 6.92 7.09 6.78 70262
20140224 6.87 7.04 7.05 6.83 60661
20140225 7.05 6.57 7.06 6.40 99984
20140226 6.56 6.61 6.69 6.47 61932
20140227 6.60 5.97 6.65 5.95 322258
20140228 5.95 6.02 6.08 5.80 151431
20140303 6.02 6.13 6.15 5.94 138609
20140304 6.11 6.11 6.16 5.98 128725
20140305 6.13 6.19 6.35 6.07 182160
20140306 6.18 6.14 6.27 6.09 137286
20140307 6.16 6.01 6.18 5.94 158118
20140310 5.95 5.82 5.96 5.80 86701
20140311 5.82 5.85 5.89 5.72 75561
20140312 5.81 5.89 5.90 5.72 82287
20140313 5.88 5.95 6.09 5.86 113664
20140314 5.91 5.79 5.94 5.74 119159
20140317 5.79 5.98 6.00 5.77 130085
20140318 5.95 5.95 5.99 5.91 102302
20140319 5.98 6.05 6.06 5.94 143387
20140320 6.02 5.83 6.07 5.81 116359
20140321 5.82 5.97 5.99 5.75 97772
20140324 6.00 6.00 6.06 5.94 115868
20140325 6.00 6.07 6.07 5.97 115093
20140326 6.07 6.05 6.10 6.02 92179
20140327 5.89 5.83 5.94 5.78 155182
20140328 5.83 5.74 5.85 5.73 80974
20140331 5.74 5.64 5.79 5.58 103931
20140401 5.64 5.73 5.74 5.63 57486
20140402 5.71 5.72 5.74 5.69 54763
20140403 5.84 5.79 5.88 5.75 78428
20140404 5.78 5.91 5.93 5.77 79349
20140408 5.88 5.94 5.96 5.86 91618
20140409 5.95 5.94 5.97 5.91 68254
20140410 5.94 5.95 5.97 5.92 86423
20140411 5.93 5.88 5.93 5.85 64313
20140414 5.87 5.92 5.95 5.85 77153
20140415 5.93 5.86 5.94 5.82 70778
20140416 5.86 5.88 5.89 5.82 44014
20140417 5.88 5.94 5.99 5.88 93771
20140418 5.92 5.97 6.01 5.88 105863
20140421 5.92 5.84 5.97 5.83 80947
20140422 5.82 5.78 5.86 5.68 75503
20140423 5.77 5.80 5.82 5.74 37564
20140424 5.79 5.72 5.81 5.71 42667
20140425 5.72 5.56 5.76 5.55 61401
20140428 5.56 5.38 5.57 5.31 58698
20140429 5.38 5.45 5.46 5.34 33085
20140430 5.44 5.48 5.48 5.42 26122
20140505 5.47 5.51 5.52 5.40 30076
20140506 5.49 5.52 5.57 5.48 37064
20140507 5.55 5.64 5.83 5.55 111374
20140508 5.58 5.55 5.67 5.51 51148
20140509 5.57 5.51 5.61 5.45 30596
20140512 5.56 5.66 5.67 5.53 47755
20140513 5.67 5.69 5.74 5.63 38515
20140514 5.66 5.63 5.70 5.61 29446
20140515 5.64 5.46 5.64 5.45 35603
20140516 5.46 5.45 5.50 5.40 35265
20140519 5.45 5.42 5.45 5.36 27366
20140520 5.43 5.42 5.49 5.37 28744
20140521 5.40 5.49 5.49 5.35 31345
20140522 5.47 5.44 5.54 5.43 43437
20140523 5.44 5.48 5.48 5.41 33289
20140526 5.55 5.54 5.60 5.52 43875
20140527 5.51 5.52 5.57 5.51 26651
20140528 5.51 5.55 5.57 5.47 44135
20140529 5.56 5.46 5.58 5.43 34711
20140530 5.45 5.46 5.49 5.41 30714
20140603 5.50 5.45 5.52 5.45 22593
20140604 5.45 5.39 5.47 5.33 35089
20140605 5.39 5.42 5.43 5.37 26255
20140606 5.42 5.38 5.42 5.34 30612
20140609 5.38 5.38 5.42 5.35 20631
20140610 5.38 5.43 5.44 5.33 32695
20140611 5.43 5.47 5.48 5.41 43550
20140612 5.45 5.44 5.47 5.41 25293
20140613 5.42 5.50 5.50 5.41 43858
20140616 5.49 5.52 5.54 5.46 42358
20140617 5.51 5.44 5.51 5.43 33788
20140618 5.44 5.37 5.46 5.35 33243
20140619 5.36 5.18 5.38 5.14 43874
20140620 5.18 5.18 5.21 5.13 26668
20140623 5.20 5.22 5.23 5.18 21591
20140624 5.21 5.22 5.24 5.20 41935
20140625 5.22 5.19 5.22 5.16 26953
20140626 5.19 5.29 5.30 5.18 55055
20140627 5.26 5.32 5.36 5.26 36496
20140630 5.31 5.34 5.37 5.31 38424
20140701 5.35 5.41 5.42 5.31 57807
20140702 5.40 5.47 5.48 5.37 67328
20140703 5.49 5.49 5.50 5.43 70305
20140704 5.50 5.48 5.54 5.46 67720
20140707 5.48 5.45 5.50 5.42 35882
20140708 5.44 5.58 5.64 5.41 141952
20140709 5.54 5.48 5.57 5.43 122825
20140710 5.47 5.48 5.55 5.44 63438
20140711 5.48 5.55 5.58 5.46 59943
20140714 5.55 5.62 5.62 5.50 77347
20140715 5.60 5.72 5.82 5.59 190289
20140716 5.72 5.79 5.83 5.61 224539
20140717 5.74 5.65 5.78 5.59 137407
20140718 5.62 5.64 5.68 5.60 66931
20140721 5.64 5.56 5.65 5.55 53480
20140722 5.55 5.63 5.69 5.54 51345
20140723 5.64 5.56 5.68 5.55 45009
20140724 5.58 5.61 5.64 5.54 61644
20140725 5.61 5.68 5.69 5.59 58320
20140728 5.72 5.75 5.77 5.69 106485
20140729 5.76 5.76 5.78 5.72 102631
20140730 5.75 5.74 5.79 5.70 76083
20140731 5.74 5.84 5.86 5.73 108146
20140801 5.84 5.72 5.87 5.71 119231
20140804 5.72 5.81 5.81 5.71 73656
20140805 5.80 5.86 5.87 5.79 98514
20140806 5.86 5.89 5.90 5.81 87112
20140807 5.90 5.85 5.97 5.84 113998
20140808 5.97 5.90 6.00 5.86 140697
20140811 5.94 6.03 6.05 5.89 169918
20140812 6.02 6.18 6.20 6.00 178873
20140813 6.18 6.12 6.18 6.04 140114
20140814 6.10 6.13 6.28 6.08 156434
20140815 6.13 6.18 6.24 6.12 100334
20140818 6.18 6.28 6.29 6.18 122631
20140819 6.28 6.34 6.39 6.24 138557
20140820 6.34 6.49 6.55 6.33 193413
20140821 6.50 6.49 6.54 6.35 139825
20140822 6.48 6.46 6.48 6.40 97909
20140825 6.45 6.28 6.45 6.27 126267
20140826 6.27 6.12 6.28 6.10 131787
20140827 6.11 6.15 6.19 6.11 64414
20140828 6.17 6.08 6.17 6.04 73172
20140829 6.07 6.15 6.15 6.04 63566
20140901 6.17 6.25 6.25 6.14 71052
20140902 6.25 6.31 6.32 6.24 94960
20140903 6.31 6.30 6.35 6.25 123352
20140904 6.30 6.36 6.37 6.26 108755
20140905 6.38 6.33 6.38 6.27 108895
20140909 6.36 6.46 6.48 6.28 155942
20140910 6.41 6.42 6.47 6.36 110462
20140911 6.42 6.56 6.77 6.33 353741
20140912 6.50 6.55 6.69 6.46 237251
20140915 6.53 6.74 6.78 6.52 231365
20140916 6.72 6.43 6.78 6.40 265421
20140917 6.43 6.61 6.74 6.33 246081
20140918 6.59 6.72 6.93 6.52 303895
20140919 6.69 6.96 6.97 6.65 349852
20140922 6.93 6.84 6.94 6.72 262852
20140923 6.80 6.90 7.07 6.76 315327
20140924 6.84 6.88 6.91 6.79 240518
20140925 6.91 6.76 6.92 6.72 230446
20140926 6.74 6.71 6.75 6.64 184367
20140929 6.72 6.82 6.84 6.72 163120
20140930 6.81 6.83 6.88 6.80 131992
20141008 6.82 6.86 6.87 6.75 154083
20141009 6.86 7.07 7.09 6.85 332703
20141010 7.01 6.97 7.03 6.92 166218
20141013 6.95 6.89 6.95 6.75 212124
20141014 6.85 6.87 6.93 6.79 133816
20141015 6.85 6.88 6.91 6.78 103413
20141016 6.82 6.65 6.92 6.64 166891
20141017 6.66 6.48 6.69 6.38 187559
20141020 6.51 6.62 6.63 6.48 99694
20141021 6.60 6.56 6.67 6.54 75314
20141022 6.68 6.59 6.78 6.58 151994
20141023 6.57 6.46 6.62 6.42 96047
20141024 6.52 6.57 6.66 6.51 105315
20141027 6.53 6.66 6.74 6.53 103712
20141028 6.68 6.81 6.82 6.68 157957
20141029 6.85 6.82 6.92 6.75 243613
20141030 6.82 6.82 6.88 6.78 161209
20141031 6.82 6.80 6.88 6.69 176439
20141103 6.89 6.99 7.03 6.86 289028
20141104 6.99 6.84 7.00 6.82 177245
20141105 6.82 6.83 6.93 6.78 118010
20141106 6.83 6.84 6.89 6.72 118747
20141107 6.83 6.69 6.90 6.65 148151
20141110 6.70 6.77 6.81 6.70 94476
20141111 6.78 6.49 6.79 6.45 149880
20141112 6.48 6.60 6.62 6.44 84403
20141113 6.60 6.56 6.60 6.40 115907
20141114 6.50 6.48 6.54 6.45 59515
20141117 6.51 6.58 6.62 6.46 71886
20141118 6.57 6.60 6.61 6.54 51048
20141119 6.60 6.60 6.63 6.53 62923
20141120 6.59 6.58 6.63 6.55 45059
20141121 6.58 6.63 6.65 6.55 74706
20141124 6.69 6.69 6.76 6.65 114895
20141125 6.70 6.85 6.85 6.68 152914
20141126 6.88 6.86 6.90 6.79 125147
20141127 6.86 6.94 6.94 6.84 205974
20141128 6.94 6.94 7.05 6.91 229577
20141201 6.96 6.92 7.07 6.91 186759
20141202 6.91 6.94 7.06 6.86 213034
20141203 6.94 7.18 7.24 6.92 368787
20141204 7.19 7.20 7.31 7.14 277334
20141205 7.20 6.91 7.22 6.80 267950
20141208 6.89 6.98 7.04 6.82 188569
20141209 6.94 6.81 7.15 6.81 259759
20141210 6.88 7.13 7.15 6.78 226156
20141211 7.13 7.18 7.28 7.03 241747
20141212 7.18 7.34 7.39 7.16 254746
20141215 7.40 7.36 7.40 7.23 199040
20141216 7.36 7.22 7.36 7.16 184911
20141217 7.21 7.10 7.22 7.01 162253
20141218 7.09 7.12 7.18 7.05 102532
20141219 7.13 6.96 7.15 6.87 161508
20141222 6.97 7.02 7.25 6.82 184887
20141223 6.95 6.98 7.14 6.86 130773
20141224 6.98 7.68 7.68 6.91 712634
20141225 7.70 7.78 7.90 7.55 688251
20141226 7.79 7.79 7.87 7.68 422919
20141229 7.80 7.90 8.16 7.73 418462
20141230 7.85 7.60 8.04 7.55 273882
20141231 7.60 8.08 8.25 7.49 333973
20150105 8.06 8.18 8.35 7.95 373095
20150106 8.08 8.05 8.17 7.88 230715
20150107 8.00 8.05 8.10 7.87 166217
20150108 8.02 7.85 8.05 7.83 141888
20150109 7.82 7.70 7.97 7.68 150519
20150112 7.63 7.73 7.86 7.60 133707
20150113 7.70 7.78 7.80 7.68 92481
20150114 7.78 8.12 8.23 7.75 297994
20150115 8.10 8.07 8.18 7.97 169966
20150116 8.03 8.06 8.13 7.94 148417
20150119 7.86 7.47 7.94 7.26 254233
20150120 7.48 7.59 7.61 7.43 157233
20150121 7.59 7.72 7.74 7.54 165435
20150122 7.70 7.72 7.76 7.61 146776
20150123 7.71 7.58 7.72 7.53 153542
20150126 7.58 7.81 7.82 7.55 142220
20150127 7.83 7.97 7.98 7.76 216658
20150128 7.90 7.80 7.90 7.77 124566
20150129 7.74 7.63 7.78 7.57 115965
20150130 7.63 7.64 7.81 7.61 95779
20150202 7.52 7.57 7.61 7.47 64335
20150203 7.59 7.65 7.69 7.52 83796
20150204 7.63 7.53 7.70 7.51 69173
20150205 7.63 7.47 7.64 7.46 85195
20150206 7.46 7.30 7.50 7.26 91846
20150209 7.27 7.23 7.32 7.13 65264
20150210 7.28 7.32 7.33 7.23 43582
20150211 7.38 7.34 7.40 7.31 54461
20150212 7.37 7.44 7.48 7.32 65404
20150213 7.49 7.48 7.59 7.45 83979
20150216 7.48 7.64 7.64 7.48 68979
20150217 7.64 7.65 7.71 7.60 73854
20150225 7.66 7.58 7.70 7.54 70779
20150226 7.58 7.76 7.76 7.58 89216
20150227 7.77 7.75 7.83 7.72 83499
20150302 7.80 7.87 7.87 7.70 146411
20150303 7.88 7.92 8.16 7.87 274079
20150304 7.93 8.00 8.02 7.83 155482
20150305 7.99 8.07 8.24 7.89 189420
20150306 8.07 8.10 8.33 8.05 235879
20150309 8.09 8.12 8.12 7.86 137457
20150310 8.10 8.25 8.34 8.10 160477
20150311 8.25 8.11 8.27 8.05 144641
20150312 8.12 8.17 8.25 7.95 193274
20150313 8.16 8.13 8.23 8.09 94645
20150316 8.16 8.63 8.94 8.14 451523
20150317 8.63 8.78 8.90 8.55 307800
20150318 8.68 8.80 8.81 8.63 224518
20150319 8.79 8.76 8.85 8.66 184454
20150320 8.76 8.82 8.92 8.71 185668
20150323 8.87 8.91 8.99 8.74 236175
20150324 8.91 8.87 9.09 8.61 268736
20150325 8.77 8.70 8.78 8.58 300350
20150326 8.60 9.05 9.06 8.57 366004
20150327 8.99 8.99 9.06 8.89 166786
20150330 9.03 9.00 9.16 8.89 311132
20150331 9.01 8.98 9.19 8.93 322487
20150401 8.91 9.08 9.12 8.91 239926
20150402 9.09 9.38 9.38 9.05 384360
20150403 9.30 9.41 9.47 9.22 259456
20150407 9.45 9.51 9.55 9.36 247807
20150408 9.53 9.25 9.56 9.15 302551
20150409 9.23 9.00 9.25 8.59 311699
20150410 8.96 9.36 9.40 8.88 252816
20150413 9.33 10.28 10.30 9.27 603863
20150414 10.03 9.93 10.26 9.91 386688
20150415 9.90 9.49 9.91 9.38 235309
20150416 9.40 9.72 9.87 9.30 214928
20150417 9.61 9.62 9.84 9.53 314153
20150420 9.46 9.20 9.62 9.14 311681
20150421 9.20 9.59 9.68 9.20 228607
20150422 9.62 9.83 9.92 9.61 279805
20150423 9.79 9.99 10.10 9.71 308840
20150424 9.85 10.08 10.25 9.73 360310
20150427 10.31 10.12 10.56 10.06 311522
20150428 10.10 9.79 10.20 9.66 239579
20150429 9.77 9.95 10.01 9.68 173542
20150430 9.95 9.88 10.15 9.87 199297
20150504 9.82 10.20 10.33 9.64 278749
20150505 10.10 9.76 10.20 9.64 193688
20150506 9.80 9.33 9.88 9.22 189784
20150507 9.26 8.82 9.35 8.80 205076
20150508 8.98 9.16 9.18 8.89 160813
20150511 9.22 9.46 9.50 9.15 160530
20150512 9.50 9.70 9.99 9.39 338047
20150513 9.60 9.71 9.94 9.53 219485
20150514 9.70 9.58 9.83 9.48 223390
20150515 9.56 9.78 9.83 9.35 295475
20150518 9.68 10.14 10.19 9.64 368131
20150519 10.10 10.23 10.36 9.96 282106
20150520 10.23 10.18 10.60 10.06 349827
20150521 10.18 10.46 10.47 10.11 342384
20150522 10.61 10.59 10.70 10.28 335387
20150525 10.60 11.22 11.65 10.47 745561
20150526 11.20 11.31 11.46 11.10 364424
20150527 11.31 11.65 11.99 11.11 411978
20150528 11.52 10.75 12.15 10.73 452271
20150529 10.75 10.99 11.24 10.22 356656
20150601 10.99 11.62 11.72 10.99 300714
20150602 11.62 12.29 12.40 11.50 382809
20150603 12.27 12.12 12.34 11.68 347573
20150604 12.21 13.33 13.33 12.21 1159866
20150605 13.30 13.19 13.70 12.71 894010
20150608 13.20 13.60 13.92 12.95 581023
20150609 13.45 13.08 13.48 12.85 405256
20150610 12.90 13.04 13.23 12.80 298513
20150611 13.06 13.30 13.35 12.88 370648
20150612 13.28 13.41 13.77 13.21 403851
20150615 13.45 13.49 13.97 13.32 417670
20150616 13.25 13.24 13.59 12.75 439684
20150617 13.10 13.70 14.00 12.31 454733
20150618 13.75 13.99 14.75 13.52 544511
20150619 13.60 12.65 14.32 12.60 471131
20150623 12.60 12.23 12.89 11.39 336273
20150624 12.33 12.60 12.65 12.00 283237
20150625 12.81 13.18 13.86 12.64 689484
20150626 12.71 11.86 12.86 11.86 311788
20150629 12.20 10.67 12.33 10.67 501632
20150630 10.55 11.40 11.59 9.60 466256
20150701 11.00 10.26 11.59 10.26 305736
20150702 10.05 9.23 10.40 9.23 321034
20150703 8.82 8.31 9.07 8.31 281516
20150706 9.10 7.48 9.10 7.48 432581
20150707 6.80 6.73 7.27 6.73 206674
20150708 6.06 6.06 6.06 6.06 45581
20150709 5.52 6.67 6.67 5.51 521102
20150710 6.90 7.34 7.34 6.70 392063
20150713 7.74 8.07 8.07 7.50 549764
20150714 7.90 7.98 8.65 7.68 705630
20150715 7.72 7.18 7.88 7.18 408413
20150716 6.76 7.30 7.58 6.51 354211
20150717 7.36 7.83 7.93 7.31 331608
20150720 7.86 7.95 8.11 7.70 370190
20150721 7.82 8.07 8.17 7.71 334570
20150722 8.00 8.21 8.29 7.90 386169
20150723 8.19 8.53 8.61 8.19 441034
20150724 8.50 8.18 8.64 8.12 499587
20150727 7.90 7.36 8.29 7.36 389515
20150728 6.87 7.02 7.48 6.63 378515
20150729 7.20 7.45 7.47 6.78 295591
20150730 7.33 7.17 7.63 7.13 296164
