20140102 6.69 6.75 6.80 6.64 6149
20140103 6.66 6.65 6.75 6.55 11267
20140106 6.58 6.50 6.63 6.45 4884
20140107 6.39 6.49 6.54 6.30 3740
20140108 6.48 6.38 6.49 6.31 6538
20140109 6.36 6.19 6.36 6.17 6014
20140110 6.19 6.18 6.27 6.10 3845
20140113 6.22 6.20 6.22 6.14 2040
20140114 6.16 6.35 6.42 6.13 8153
20140115 6.30 6.31 6.35 6.25 1802
20140116 6.35 6.34 6.37 6.28 4664
20140117 6.29 6.32 6.36 6.18 2941
20140120 6.31 6.36 6.40 6.10 4888
20140121 6.30 6.40 6.45 6.30 3580
20140122 6.41 6.46 6.48 6.33 6917
20140123 6.44 6.60 6.62 6.37 12008
20140124 6.57 6.60 6.65 6.50 4668
20140127 6.60 6.56 6.60 6.52 3485
20140128 6.51 6.59 6.64 6.50 7093
20140129 6.61 6.65 6.67 6.55 9132
20140130 6.63 6.57 6.67 6.53 3768
20140207 6.51 6.77 7.08 6.51 9237
20140210 6.78 6.93 6.95 6.70 15340
20140211 6.92 7.10 7.12 6.88 27931
20140212 7.10 7.38 7.40 7.02 34512
20140213 7.43 8.12 8.12 7.37 113802
20140214 8.12 8.01 8.20 7.86 148625
20140217 7.99 8.03 8.15 7.78 110784
20140218 7.94 7.90 8.15 7.82 72276
20140219 7.82 7.80 7.91 7.70 47767
20140220 7.80 7.71 7.92 7.63 43691
20140221 7.72 7.71 7.89 7.62 24920
20140224 7.77 7.70 7.81 7.56 21841
20140225 7.70 7.18 7.90 7.00 47197
20140226 7.20 7.30 7.38 7.13 23636
20140227 7.34 7.18 7.48 7.13 29240
20140228 7.18 7.28 7.28 7.11 14812
20140303 7.28 7.40 7.45 7.28 16280
20140304 7.40 7.30 7.42 7.21 22252
20140305 7.30 7.35 7.45 7.26 14465
20140306 7.35 7.24 7.39 7.22 14789
20140307 7.22 7.45 7.57 7.22 26897
20140310 7.38 7.40 7.57 7.23 37866
20140311 7.40 7.40 7.48 7.27 13002
20140312 7.40 7.39 7.42 7.15 21173
20140313 7.39 7.31 7.40 7.21 13426
20140314 7.28 7.20 7.28 7.00 17883
20140317 7.26 7.25 7.29 7.15 15299
20140318 7.25 7.36 7.47 7.24 22437
20140319 7.35 7.75 7.78 7.26 49045
20140320 7.62 7.48 7.77 7.48 25678
20140321 7.48 7.60 7.63 7.37 18161
20140324 7.58 7.68 7.95 7.56 27368
20140325 7.78 7.58 7.78 7.53 14051
20140326 7.60 7.63 7.65 7.50 12621
20140327 7.68 7.42 7.68 7.40 13808
20140328 7.44 7.45 7.57 7.22 14738
20140331 7.46 7.45 7.49 7.35 7525
20140401 7.41 7.49 7.53 7.40 9997
20140402 7.49 7.38 7.51 7.35 9753
20140403 7.38 7.38 7.40 7.23 14780
20140404 7.28 7.39 7.39 7.26 6278
20140408 7.38 7.40 7.41 7.26 11091
20140409 7.45 7.60 7.61 7.40 19533
20140410 7.63 7.66 7.71 7.55 23103
20140411 7.66 7.63 7.66 7.52 8878
20140414 7.62 7.62 7.72 7.55 10867
20140415 7.60 7.66 7.71 7.52 13215
20140416 7.64 7.70 7.78 7.64 11481
20140417 7.66 7.70 7.75 7.60 17209
20140418 7.62 7.66 7.69 7.59 8469
20140421 7.54 7.44 7.67 7.40 10731
20140422 7.38 7.49 7.51 7.36 14060
20140423 7.42 7.46 7.60 7.41 7544
20140424 7.47 7.45 7.52 7.33 11612
20140425 7.47 7.45 7.48 7.32 7843
20140428 7.43 7.20 7.44 7.06 12069
20140429 7.22 7.24 7.26 7.11 6261
20140430 7.16 7.34 7.34 7.15 3402
20140505 7.21 7.43 7.43 7.21 3893
20140506 7.43 7.42 7.60 7.37 8079
20140507 7.42 7.36 7.49 7.31 5904
20140508 7.24 7.37 7.66 7.24 9971
20140509 7.43 7.23 7.43 7.23 7079
20140512 7.34 7.41 7.46 7.23 10079
20140513 7.40 7.31 7.45 7.30 6307
20140514 7.38 7.39 7.39 7.25 9295
20140515 7.31 7.35 7.41 7.31 6628
20140516 7.35 7.50 7.50 7.33 11450
20140519 7.60 7.52 7.69 7.35 20205
20140520 7.53 7.51 7.59 7.41 18979
20140521 7.46 7.43 7.59 7.38 18216
20140522 7.42 7.39 7.49 7.31 9081
20140523 7.39 7.41 7.42 7.37 7241
20140526 7.41 7.44 7.57 7.40 25394
20140527 7.41 7.45 7.47 7.41 7187
20140528 7.46 7.46 7.52 7.38 15414
20140529 7.48 7.62 7.70 7.43 36869
20140530 7.66 7.66 7.70 7.53 18465
20140603 7.66 7.59 7.72 7.56 13004
20140604 7.55 7.42 7.63 7.31 24588
20140605 7.42 7.42 7.48 7.38 11048
20140606 7.43 7.32 7.46 7.20 12374
20140609 7.29 7.31 7.34 7.22 11816
20140610 7.29 7.40 7.42 6.91 11669
20140611 7.38 7.39 7.39 7.29 7625
20140612 7.37 7.38 7.41 7.31 6676
20140613 7.40 7.49 7.49 7.36 11438
20140616 7.55 7.62 7.66 7.52 21443
20140617 7.63 7.71 7.82 7.49 27754
20140618 7.71 7.57 7.72 7.51 13383
20140619 7.57 7.40 7.68 7.36 11843
20140620 7.37 7.40 7.43 7.23 12619
20140623 7.40 7.36 7.41 7.31 8692
20140624 7.39 7.43 7.45 7.28 13722
20140625 7.45 7.64 7.64 7.42 21778
20140626 7.65 7.65 7.68 7.57 26491
20140627 7.69 7.83 7.88 7.59 31553
20140630 7.84 8.10 8.35 7.80 64316
20140701 8.10 8.64 8.83 8.03 116978
20140702 8.58 8.73 8.86 8.55 87557
20140703 8.61 8.74 8.85 8.55 56274
20140704 8.64 8.53 8.85 8.48 62885
20140707 8.57 8.72 8.83 8.38 54186
20140708 8.66 8.85 8.86 8.56 38507
20140709 8.90 9.03 9.69 8.87 81308
20140710 9.09 8.96 9.20 8.90 35210
20140711 8.95 9.21 9.39 8.91 50344
20140714 9.25 9.28 9.34 9.08 37520
20140715 9.25 9.03 9.25 8.97 30584
20140716 9.09 8.83 9.11 8.82 27374
20140717 8.77 8.87 8.92 8.65 23325
20140718 8.86 9.06 9.11 8.74 20793
20140721 9.04 9.02 9.14 8.93 14699
20140722 8.99 9.00 9.10 8.89 27614
20140723 9.01 8.89 9.14 8.86 20943
20140724 8.89 8.89 8.99 8.78 22091
20140725 8.89 8.95 9.06 8.82 9209
20140728 8.96 9.04 9.06 8.95 17874
20140729 9.27 9.13 9.27 9.05 19765
20140730 9.18 9.40 9.42 9.14 35125
20140731 9.37 9.39 9.50 9.30 22712
20140801 9.38 9.07 9.38 9.07 25805
20140804 9.07 9.19 9.19 9.05 26665
20140805 9.13 9.02 9.23 8.83 66632
20140806 9.02 9.03 9.05 8.88 29618
20140807 9.03 9.03 9.10 8.95 17831
20140808 9.04 9.08 9.13 8.94 21627
20140811 9.10 9.35 9.36 9.08 38419
20140812 9.34 9.50 9.52 9.28 35433
20140813 9.49 9.39 9.55 9.30 17898
20140814 9.32 9.35 9.48 9.31 11731
20140815 9.27 9.55 9.63 9.27 28479
20140818 9.59 10.27 10.33 9.53 65152
20140819 10.16 10.20 10.54 10.01 60786
20140820 10.23 10.52 10.92 10.18 60018
20140821 10.60 10.51 10.78 10.22 46468
20140822 10.36 10.53 10.66 10.35 31284
20140825 10.33 10.53 10.87 10.15 33985
20140826 10.49 10.35 10.49 10.27 26490
20140827 10.33 10.35 10.43 10.25 17154
20140828 10.35 10.26 10.82 10.23 33380
20140829 10.22 10.28 10.46 9.91 27979
20140901 10.40 10.84 10.93 10.26 94753
20140902 10.89 11.66 11.75 10.89 132734
20140903 11.69 11.99 12.15 11.50 97028
20140904 11.90 12.03 12.25 11.70 85159
20140905 12.00 11.90 12.05 11.78 91878
20140909 11.81 11.93 12.08 11.61 59180
20150331 13.12 13.12 13.12 13.12 846
20150401 14.43 14.43 14.43 14.43 1683
20150402 15.87 15.87 15.87 15.87 334
20150403 17.46 17.46 17.46 17.46 949
20150407 19.21 19.21 19.21 19.21 1335
20150408 21.13 21.13 21.13 20.00 139047
20150409 22.25 22.31 23.04 20.00 285178
20150410 21.80 22.95 23.99 21.21 191405
20150413 23.35 24.97 25.25 23.28 231138
20150414 24.13 24.36 25.66 23.96 148227
20150415 24.50 24.30 25.00 22.30 123950
20150416 23.30 26.26 26.73 22.81 182737
20150417 26.60 26.60 28.20 25.51 123036
20150420 25.79 24.76 26.40 24.45 94129
20150421 24.76 24.60 25.40 23.98 99176
20150422 24.68 25.40 26.17 24.65 91534
20150423 25.32 25.03 25.99 24.60 69104
20150424 24.11 25.49 25.89 24.11 64461
20150427 25.03 24.80 25.35 24.35 69507
20150428 24.60 23.20 24.80 22.84 69873
20150429 23.00 23.89 24.01 22.89 48847
20150430 23.71 24.87 25.27 23.61 54632
20150504 24.95 25.10 25.49 24.52 48159
20150505 25.15 23.41 25.29 23.38 41957
20150506 23.41 22.16 23.89 21.98 41248
20150507 22.00 22.59 23.00 21.38 31012
20150508 22.64 22.94 22.99 22.51 24848
20150511 22.99 23.88 24.00 22.99 39145
20150512 24.31 26.27 26.27 24.31 107497
20150513 27.02 26.03 27.98 26.00 96073
20150514 25.50 25.74 26.02 25.01 69344
20150515 25.25 24.90 25.58 24.00 58904
20150518 24.51 24.34 25.49 24.12 66280
20150519 24.26 24.65 25.19 24.26 51726
20150520 24.46 25.45 26.02 24.46 75977
20150521 25.45 28.00 28.00 25.45 133439
20150522 29.97 27.63 30.00 27.60 174618
20150525 27.63 28.18 28.90 25.77 129240
20150526 28.18 30.15 30.38 27.63 130436
20150527 30.10 29.65 30.10 28.70 115175
20150528 30.81 28.28 32.60 28.00 149019
20150529 27.30 27.36 28.62 25.40 87799
20150601 27.80 30.10 30.10 27.80 103065
20150602 31.00 31.95 32.33 30.99 136617
20150603 32.50 30.88 32.58 29.90 102093
20150604 30.88 31.96 32.53 28.50 101398
20150605 32.49 31.73 32.50 31.05 97938
20150608 32.55 32.17 33.64 31.12 134309
20150609 32.00 31.20 32.07 30.18 89312
20150610 30.20 30.29 30.80 29.78 88637
20150611 30.35 29.94 31.32 29.70 90286
20150612 29.85 29.65 29.88 29.10 86711
20150615 29.57 28.11 29.57 28.00 86521
20150616 28.22 28.29 29.20 28.00 66490
20150617 28.32 27.75 28.95 26.51 84860
20150618 27.78 25.99 28.30 25.80 62038
20150619 25.05 23.39 25.60 23.39 59640
20150623 23.41 23.55 23.79 21.05 67147
20150624 23.65 23.59 24.37 23.01 54269
20150625 24.58 25.95 25.95 24.02 112818
20150626 25.25 25.68 27.98 24.50 176776
20150629 26.80 24.50 27.70 23.11 156883
20150630 23.11 24.97 26.02 22.05 107647
20150701 24.77 22.47 24.96 22.47 82234
20150702 20.68 20.22 22.00 20.22 57577
20150703 18.20 18.20 19.89 18.20 70514
20150706 19.55 16.38 19.80 16.38 69210
20150707 15.16 14.74 15.27 14.74 54363
20150708 13.27 13.27 13.27 13.27 62215
20150716 14.60 14.60 14.60 14.60 4616
20150717 16.06 16.06 16.06 16.06 2819
20150720 17.67 17.67 17.67 17.00 81218
20150721 18.30 19.44 19.44 17.57 147782
20150722 19.90 19.99 20.90 19.50 125608
20150723 19.51 20.00 20.32 19.21 138252
20150724 20.00 19.64 20.88 19.45 99773
20150727 19.41 17.68 19.84 17.68 87421
20150728 16.12 16.35 17.92 15.96 92425
20150729 16.68 17.70 17.70 15.80 79681
20150730 17.50 17.52 18.36 17.09 78707
