20140102 27.05 27.05 27.56 26.82 12174
20140103 27.05 26.96 27.23 26.26 14080
20140106 26.88 26.59 27.29 26.52 15776
20140107 26.50 26.59 26.66 26.00 11821
20140108 26.37 27.46 27.48 26.30 19356
20140109 27.42 26.96 27.85 26.80 11471
20140110 26.66 26.50 27.50 26.21 12198
20140113 26.43 25.92 26.74 25.30 13840
20140114 25.96 27.13 27.18 25.96 14976
20140115 26.91 27.52 27.60 26.91 16139
20140116 27.60 27.40 28.19 27.00 15260
20140117 27.18 26.83 27.40 26.76 6882
20140120 27.00 27.88 27.97 26.85 23727
20140121 27.70 28.18 28.18 27.45 26305
20140122 28.20 28.00 28.39 27.90 22135
20140123 28.01 29.13 29.28 27.51 32145
20140124 28.91 29.91 30.60 28.66 37322
20140127 29.59 29.65 30.40 29.19 19177
20140128 29.65 28.65 30.10 28.32 16287
20140129 28.80 29.96 30.00 28.65 17039
20140130 29.98 29.72 30.40 29.59 11867
20140207 29.56 29.87 29.95 29.13 16206
20140210 29.87 31.41 31.97 29.87 26995
20140211 31.70 31.10 31.95 30.70 24522
20140212 31.10 32.48 32.51 30.68 30865
20140213 32.55 31.65 33.18 31.65 25497
20140214 31.76 31.52 32.24 30.81 20172
20140217 31.50 32.77 33.48 31.50 26375
20140218 32.57 31.75 32.59 31.52 20616
20140219 31.57 30.60 31.92 30.05 25053
20140220 30.62 29.92 30.99 29.72 13433
20140221 29.93 29.61 30.15 29.22 12771
20140224 29.40 30.27 30.45 28.80 20386
20140225 30.02 27.24 30.75 27.24 43846
20140226 26.69 26.85 27.00 25.06 20672
20140227 26.80 25.57 27.23 25.45 27393
20140228 25.70 25.79 26.00 24.57 32173
20140303 25.95 27.18 27.24 25.90 19054
20140304 27.21 26.85 27.26 26.39 14422
20140305 26.80 26.86 27.09 26.60 10357
20140306 26.90 26.87 27.05 26.16 8352
20140307 26.90 27.09 27.30 26.82 12693
20140310 27.48 26.55 28.55 26.20 32676
20140311 26.13 25.72 26.13 25.20 20663
20140312 25.78 25.14 25.90 24.72 11015
20140313 25.10 25.41 25.58 25.10 6685
20140314 25.30 25.80 25.80 25.22 6827
20140317 26.20 26.38 26.42 25.71 7469
20140318 26.46 26.35 26.52 26.02 10352
20140319 26.45 25.73 26.47 25.57 8596
20140320 25.51 24.56 25.94 24.50 13388
20140321 24.57 24.68 25.22 23.37 15087
20140324 24.68 23.98 24.90 23.78 12943
20140325 23.61 24.25 24.29 23.61 10035
20140326 24.65 24.77 25.05 24.30 12626
20140327 24.80 23.81 24.85 23.80 10731
20140328 23.63 23.30 23.90 22.30 12453
20140331 23.09 23.10 23.57 22.51 9345
20140401 23.08 23.56 23.56 22.90 6035
20140402 23.68 23.50 23.86 23.34 6036
20140403 23.50 24.16 24.31 23.23 9625
20140404 24.10 24.90 24.96 24.00 10653
20140408 24.60 24.95 25.10 24.51 11516
20140409 24.95 24.80 25.23 24.33 12895
20140410 24.80 24.50 24.90 24.50 12899
20140411 24.50 25.55 26.88 24.18 16463
20140414 25.49 25.66 25.99 25.07 12573
20140415 25.70 25.50 25.90 25.41 9561
20140416 25.35 25.10 25.50 24.90 10998
20140417 25.11 25.05 25.28 24.65 10622
20140418 25.05 25.20 25.24 24.82 5933
20140421 25.00 24.45 25.24 24.45 7937
20140422 23.45 23.70 24.40 23.43 13393
20140423 23.68 23.27 23.89 23.15 7727
20140424 23.31 23.38 23.65 23.04 5337
20140425 23.35 23.00 23.64 22.72 5914
20140428 22.90 21.97 22.93 21.70 9482
20140429 21.98 21.59 22.19 21.31 13389
20140430 21.75 21.70 21.77 21.33 7903
20140505 22.12 22.03 22.29 21.78 12631
20140506 22.00 22.34 22.56 22.00 12117
20140507 22.30 21.00 22.30 21.00 17918
20140508 21.01 20.63 21.19 20.61 16903
20140509 20.88 20.14 20.88 20.02 14552
20140512 20.41 20.63 20.70 20.05 13391
20140513 20.67 20.88 20.97 20.63 10057
20140514 20.88 20.65 20.95 20.65 10957
20140515 20.66 20.46 21.08 20.45 8240
20140516 20.40 20.99 21.01 20.28 11440
20140519 21.26 21.10 21.45 20.85 10795
20140520 21.15 21.33 21.45 21.03 10014
20140521 21.34 21.51 21.68 21.01 7509
20140522 21.50 21.71 21.95 21.50 13692
20140523 21.80 22.62 22.77 21.60 19922
20140526 22.65 23.00 23.61 22.60 20426
20140527 23.01 22.77 23.16 22.73 10647
20140528 22.76 23.67 23.76 22.76 19041
20140529 23.48 23.67 24.18 23.11 17801
20140530 23.50 24.54 24.75 23.50 22543
20140603 24.55 24.27 24.98 23.95 18418
20140604 24.20 23.78 24.26 23.40 14101
20140605 23.71 24.22 24.28 23.50 11329
20140606 24.40 24.03 24.42 24.00 10148
20140609 24.02 23.36 24.15 23.21 11172
20140610 23.36 23.81 23.81 22.88 18314
20140611 23.81 23.84 24.39 23.61 13380
20140612 23.88 23.74 23.88 23.45 13272
20140613 23.70 24.00 24.30 23.50 21873
20140616 24.00 24.11 24.12 23.72 20156
20140617 24.10 23.46 24.10 23.35 20903
20140618 23.47 22.57 23.65 22.48 30889
20140619 22.51 21.70 23.04 21.41 29122
20140620 21.71 22.20 22.29 21.63 12446
20140623 22.10 23.06 23.24 22.10 26040
20140624 23.02 24.00 24.00 22.77 21235
20140625 24.15 23.99 24.30 23.81 29733
20140626 24.10 24.42 24.53 23.84 19972
20140627 24.42 24.16 24.56 24.11 13823
20140630 24.12 24.95 25.25 24.12 28505
20140701 25.40 25.23 26.00 25.06 49339
20140702 25.28 25.75 26.08 24.90 27497
20140703 25.65 25.78 25.96 25.25 29968
20140704 25.53 24.91 25.66 24.90 22765
20140707 25.06 24.97 25.30 24.23 31730
20140708 24.85 25.29 25.47 24.50 34403
20140709 25.20 25.18 25.75 24.92 46747
20140710 25.00 24.44 25.17 24.37 29520
20140711 24.57 24.83 25.03 24.32 17959
20140714 25.00 25.99 26.00 24.91 41250
20140715 26.10 25.85 26.45 25.58 42036
20140716 25.85 24.88 26.17 24.55 30336
20140717 24.67 25.00 25.13 24.65 13125
20140718 25.25 25.49 25.97 25.01 22147
20140721 25.58 25.54 25.67 25.08 11297
20140722 25.41 25.80 25.90 25.41 20364
20140723 25.78 25.85 26.47 25.61 22180
20140724 25.83 25.00 26.00 24.68 20466
20140725 25.00 24.90 25.08 24.70 11275
20140728 24.90 25.20 25.29 24.60 21582
20140729 25.20 25.46 25.56 25.02 24541
20140730 25.48 25.90 26.25 25.20 30957
20140731 25.87 26.08 26.26 25.70 20837
20140801 26.08 25.50 26.30 25.47 21519
20140804 25.43 25.54 25.62 25.36 15288
20140805 25.50 25.27 25.51 24.85 23591
20140806 25.19 25.18 25.19 24.80 17559
20140807 25.16 25.30 25.41 24.98 19158
20140808 25.25 26.71 26.71 25.25 61951
20140811 26.85 27.11 27.17 26.56 39616
20140812 27.00 27.60 27.61 26.85 36982
20140813 27.64 27.50 27.88 26.92 30038
20140814 27.51 27.02 27.58 27.02 19557
20140815 27.01 26.93 27.27 26.60 18007
20140818 26.94 27.15 27.32 26.88 18795
20140819 27.26 27.04 27.30 26.90 15120
20140820 27.09 26.56 27.10 26.49 21109
20140821 26.25 26.87 26.93 25.93 24517
20140822 26.81 27.20 27.26 26.70 17948
20140825 27.08 26.89 27.20 26.52 13125
20140826 26.66 26.07 26.84 26.01 12392
20140827 26.07 26.39 26.56 26.07 9252
20140828 26.39 25.69 26.39 25.51 15298
20140829 25.67 25.96 26.05 25.50 12054
20140901 26.01 27.16 27.27 26.01 24154
20140902 27.40 27.78 27.89 27.20 33562
20140903 27.79 27.77 28.13 27.60 28575
20140904 27.85 28.24 28.63 27.51 23540
20140905 28.30 28.18 28.46 27.85 16651
20140909 28.54 27.76 28.57 27.62 22011
20140910 27.76 27.78 27.97 27.35 15463
20140911 27.70 27.85 28.48 27.50 21803
20140912 28.60 29.22 29.98 28.60 48425
20140915 29.40 31.55 32.14 29.40 72446
20140916 31.19 29.77 31.91 29.60 47270
20140917 29.74 29.42 30.49 28.90 40966
20140918 29.49 29.60 29.77 29.01 17786
20140919 29.60 31.29 31.66 29.60 35693
20140922 31.20 30.80 31.80 30.50 25372
20140923 30.80 31.36 31.50 30.41 24524
20140924 31.29 31.50 31.83 30.90 24850
20140925 31.50 31.22 31.95 31.19 23874
20140926 31.25 30.26 31.47 29.88 36256
20140929 30.26 30.50 30.82 30.03 17629
20140930 30.50 31.20 31.28 30.36 17023
20141008 31.30 32.83 33.27 30.91 38855
20141009 33.17 33.26 33.70 32.32 44981
20141010 32.90 32.52 33.18 32.28 26682
20141013 32.40 30.99 32.40 29.66 45023
20141014 30.65 30.35 30.80 30.15 32286
20141015 30.60 30.81 31.29 30.50 22676
20141016 30.73 30.19 30.73 29.90 24234
20141017 29.98 29.34 30.19 29.04 21448
20141020 29.35 30.41 30.75 29.07 21365
20141021 30.54 29.97 31.00 29.88 17341
20141022 29.90 29.97 30.98 29.74 14019
20141023 30.00 31.37 31.69 30.00 54936
20141024 31.10 31.48 31.90 30.80 36978
20141027 31.20 31.43 31.50 30.49 28907
20141028 31.60 33.65 34.19 31.38 73690
20141029 34.31 35.30 36.60 34.31 76375
20141030 35.00 34.41 35.26 34.20 27037
20141031 34.92 33.68 35.58 33.34 48475
20141103 33.49 33.75 34.81 33.40 37671
20141104 34.41 33.91 34.75 33.75 37443
20141105 33.95 33.70 34.34 33.29 18667
20141106 33.90 35.50 35.75 33.88 51667
20141107 35.50 34.90 36.18 34.33 28885
20141110 35.24 35.00 35.24 32.70 53181
20141111 34.51 33.00 34.51 32.70 35617
20141112 33.33 33.90 34.10 32.88 24245
20141113 33.79 31.85 33.79 31.48 35108
20141114 31.83 30.91 31.83 30.40 20604
20141117 31.00 31.58 32.14 30.62 20427
20141118 31.58 31.70 31.96 31.21 11831
20141119 31.22 31.70 31.77 30.62 34259
20141120 31.09 31.10 31.42 30.71 16951
20141121 31.66 33.33 33.39 31.21 53240
20141124 33.54 32.48 33.54 32.28 42927
20141125 32.48 32.33 32.56 31.45 36053
20141126 32.18 32.19 32.88 31.98 31694
20141127 32.39 31.75 32.50 31.52 31943
20141128 31.90 31.51 31.90 31.13 34864
20141201 31.51 29.62 31.70 29.50 61035
20141202 29.57 29.96 30.60 29.54 29693
20141203 29.96 28.97 29.96 28.10 76490
20141204 29.00 29.28 29.67 28.98 59974
20141205 29.40 30.40 30.47 27.85 94285
20141208 30.20 30.77 31.35 29.85 77284
20141209 30.80 28.05 30.95 28.00 69243
20141210 28.05 28.45 28.60 27.40 36741
20141211 28.26 28.88 28.99 28.00 30776
20141212 28.63 28.73 28.89 28.39 19474
20141215 28.32 29.28 29.34 27.90 26882
20141216 29.19 28.71 29.34 28.70 25707
20141217 28.45 28.00 28.50 27.82 27333
20141218 28.00 28.20 28.56 27.85 24142
20141219 28.10 26.96 28.10 26.47 30125
20141222 26.90 24.26 26.90 24.26 41259
20141223 24.01 23.59 24.40 22.89 25942
20141224 23.94 24.32 24.32 23.65 26962
20141225 24.57 24.83 25.42 24.36 26695
20141226 24.80 24.39 25.02 24.10 22700
20141229 24.39 23.18 24.39 22.92 33708
20141230 23.19 22.38 23.50 22.35 26404
20141231 22.51 23.20 23.25 22.06 44682
20150105 23.15 22.90 23.18 22.22 25250
20150106 22.95 24.88 24.96 22.63 55729
20150107 24.88 24.57 24.88 24.27 25977
20150108 24.49 24.80 25.09 24.49 23355
20150109 24.80 24.46 25.00 24.46 22810
20150112 24.10 23.85 24.20 23.31 19486
20150113 23.80 25.03 25.08 23.73 31886
20150114 25.11 25.30 26.00 25.00 36660
20150115 25.96 25.61 25.98 25.39 27636
20150116 25.50 26.07 26.27 25.02 35684
20150205 28.68 28.68 28.68 28.68 11465
20150206 30.00 29.49 31.20 27.80 164129
20150209 28.60 27.80 29.15 27.80 57699
20150210 27.75 27.21 27.75 26.39 50785
20150211 27.10 27.51 28.30 26.70 45606
20150212 27.68 27.84 28.70 27.45 63515
20150213 27.91 27.70 28.30 27.54 44172
20150216 27.79 28.42 28.45 27.43 42159
20150217 28.70 28.23 28.70 28.12 35147
20150225 28.23 29.31 30.96 28.06 53878
20150226 29.02 28.78 29.30 28.50 33306
20150227 29.13 29.43 29.79 29.09 41478
20150302 29.40 29.45 29.50 28.75 35121
20150303 29.42 28.78 29.42 28.76 31610
20150304 28.79 29.03 29.06 28.33 29775
20150305 28.80 28.49 29.30 28.37 34066
20150306 28.45 29.58 29.88 28.42 76696
20150309 29.60 29.96 30.15 29.31 58583
20150310 30.01 30.55 30.57 29.61 57213
20150311 30.50 30.40 30.98 29.72 52129
20150312 30.31 29.85 30.75 29.60 31613
20150313 29.92 30.06 30.30 29.60 29403
20150316 30.11 31.55 31.74 30.11 70578
20150317 31.89 32.89 34.27 31.59 101818
20150318 33.00 33.23 34.15 32.61 75453
20150319 34.00 35.12 35.98 34.00 100267
20150320 35.00 36.38 38.05 34.63 95112
20150323 36.00 37.38 37.40 35.66 75885
20150324 37.34 36.70 37.34 35.25 77520
20150325 37.70 39.45 40.37 37.70 118425
20150326 37.99 37.01 39.57 36.00 91768
20150327 36.96 37.55 37.56 35.94 46148
20150330 37.10 36.17 37.55 35.56 49167
20150331 36.07 38.28 38.28 34.50 59472
20150401 38.00 41.15 41.15 37.50 72333
20150402 43.00 45.27 45.27 43.00 85716
20150403 45.20 45.33 48.08 44.33 80846
20150407 46.00 45.21 46.44 43.00 59732
20150408 45.30 43.30 45.30 41.10 90513
20150409 42.77 41.51 42.99 39.02 49859
20150410 40.98 42.40 43.20 40.60 51234
20150413 42.68 44.85 46.60 41.29 71369
20150414 48.00 46.89 48.15 45.80 63639
20150415 50.00 47.09 51.20 44.50 77557
20150416 47.07 48.80 50.85 45.19 63742
20150417 48.69 47.04 48.73 46.90 46786
20150420 46.84 43.11 46.84 42.34 69283
20150421 43.08 43.80 44.88 42.02 51730
20150422 44.00 44.30 45.50 43.88 47371
20150423 44.00 43.30 44.18 42.11 77143
20150424 42.60 42.47 43.00 41.20 70296
20150427 42.80 42.58 43.13 41.38 76336
20150428 42.57 39.88 42.58 39.15 73591
20150429 39.60 41.17 41.29 39.50 38366
20150430 41.30 41.07 41.95 40.68 43047
20150504 41.00 42.37 42.40 40.95 52453
20150505 42.00 40.43 42.36 40.11 44204
20150506 40.53 41.30 42.42 40.53 50559
20150507 41.01 41.98 42.39 40.87 40549
20150508 42.12 46.12 46.18 42.12 94445
20150511 46.40 47.84 48.50 45.21 94547
20150512 47.54 47.08 48.41 46.10 68374
20150513 46.87 46.01 46.87 45.07 51290
20150514 46.01 47.50 48.00 45.08 66074
20150515 47.06 45.90 47.06 45.15 38486
20150518 45.80 48.97 49.50 45.33 81465
20150519 48.97 49.87 50.12 47.51 66569
20150520 49.80 50.00 53.99 49.08 64271
20150521 51.21 55.00 55.00 50.20 39491
20150522 60.50 56.92 60.50 55.30 98336
20150525 54.80 59.01 60.50 53.30 74767
20150526 60.10 60.95 62.50 58.30 59847
20150527 61.07 61.05 63.80 58.32 66515
20150528 61.90 55.45 63.20 55.18 60092
20150529 56.73 58.05 59.36 51.14 60983
20150601 61.61 63.86 63.86 61.20 23699
20150602 70.25 70.25 70.25 70.25 13505
20150603 77.28 73.40 77.28 66.77 129886
20150604 71.50 73.55 75.60 66.18 84151
20150605 74.88 70.58 74.88 69.00 59014
20150608 68.48 65.10 69.48 64.50 53447
20150609 64.75 65.39 67.48 63.01 32351
20150610 66.13 67.00 68.00 64.08 36286
20150611 66.20 65.57 66.40 64.80 34745
20150612 66.90 68.16 68.97 66.00 46242
20150615 68.87 67.30 72.00 66.80 47835
20150616 65.30 61.78 66.00 61.03 42277
20150617 60.70 61.60 61.71 57.01 37573
20150618 61.44 58.49 62.50 58.00 27617
20150619 55.80 52.65 58.20 52.64 38516
20150623 52.21 53.78 53.80 48.00 29381
20150624 54.82 55.07 55.65 52.95 35410
20150625 55.15 50.00 55.46 49.97 36320
20150626 48.45 45.00 48.45 45.00 42685
20150629 45.65 40.50 45.99 40.50 40979
20150630 38.90 44.55 44.55 36.45 57585
20150701 43.98 40.10 47.00 40.10 64191
20150702 40.55 36.09 41.00 36.09 49702
20150703 34.19 32.48 37.60 32.48 56073
20150706 35.73 29.24 35.73 29.23 82181
20150707 26.90 26.32 27.60 26.32 23014
20150708 23.69 24.00 26.82 23.69 153850
20150715 26.40 26.40 26.40 26.40 643
20150716 29.04 29.04 29.04 26.88 81648
20150717 31.40 31.94 31.94 31.00 50893
20150720 35.13 35.13 35.13 35.13 30171
20150721 36.30 38.64 38.64 35.68 113802
20150722 40.35 40.77 41.70 38.63 138252
20150723 40.05 42.17 43.50 39.15 109638
20150724 41.67 43.00 46.01 41.10 108151
20150727 41.10 38.70 43.80 38.70 89297
20150728 35.11 36.50 40.60 34.83 84938
20150729 37.50 40.15 40.15 36.05 78510
20150730 41.65 43.15 44.17 41.00 120735
