20140102 6.30 6.39 6.48 6.30 29945
20140103 6.70 6.60 6.70 6.46 70423
20140106 6.70 6.56 6.70 6.53 48789
20140107 6.53 6.43 6.53 6.30 37698
20140108 6.49 6.73 6.75 6.40 73129
20140109 6.68 6.60 6.78 6.52 47252
20140113 6.60 6.15 6.78 5.98 166828
20140114 5.95 5.78 5.96 5.60 102845
20140115 5.79 5.75 5.83 5.70 43191
20140116 5.75 6.17 6.28 5.75 72036
20140117 6.19 5.98 6.19 5.95 27086
20140120 5.92 5.80 6.10 5.77 36017
20140121 5.80 5.83 5.90 5.77 25456
20140122 5.85 5.96 5.97 5.75 37329
20140123 5.91 5.85 5.97 5.83 32995
20140124 5.87 5.96 6.13 5.81 49530
20140127 6.00 5.97 6.10 5.95 32099
20140128 6.00 5.97 6.05 5.93 24947
20140129 5.95 5.95 5.99 5.95 25180
20140130 5.95 5.95 5.97 5.81 17822
20140207 5.88 5.91 5.95 5.80 20870
20140210 5.92 5.98 6.00 5.83 38310
20140211 5.96 5.89 6.03 5.87 41568
20140212 5.89 5.94 5.98 5.89 26634
20140213 5.94 5.83 5.94 5.80 43059
20140214 5.89 5.86 5.90 5.80 31265
20140217 5.90 5.88 5.91 5.80 44045
20140218 5.87 6.47 6.47 5.87 191347
20140219 6.58 6.67 6.98 6.52 233385
20140220 6.67 6.31 6.70 6.30 132739
20140221 6.33 6.14 6.33 6.06 97961
20140224 6.15 6.10 6.19 6.02 48659
20140225 6.11 5.92 6.14 5.87 68132
20140226 5.88 5.83 5.93 5.73 52433
20140227 5.77 5.77 5.88 5.75 39148
20140228 5.77 5.75 5.80 5.60 45623
20140303 5.76 5.88 5.89 5.63 36212
20140304 5.88 5.91 5.96 5.81 29524
20140305 5.86 5.82 5.93 5.75 30022
20140306 5.78 5.79 5.88 5.71 28073
20140307 5.81 5.70 5.81 5.67 33361
20140310 5.60 5.75 5.79 5.58 27444
20140311 5.73 5.68 5.73 5.58 25257
20140312 5.64 5.67 5.70 5.62 17340
20140313 5.70 5.93 6.16 5.67 67174
20140320 6.52 6.52 6.52 6.52 24712
20140321 6.59 6.31 6.94 6.24 218770
20140324 6.16 6.19 6.34 6.10 109951
20140325 6.22 6.06 6.22 6.05 61065
20140326 6.06 6.09 6.15 6.01 37730
20140327 6.09 5.75 6.10 5.72 56870
20140328 5.77 5.71 5.83 5.68 43477
20140331 5.77 5.86 5.87 5.72 25092
20140401 5.89 5.85 5.89 5.81 16600
20140402 5.85 5.77 5.85 5.77 20408
20140403 5.77 5.68 5.77 5.66 36411
20140404 5.65 5.68 5.69 5.61 31228
20140408 5.68 5.77 5.81 5.67 23248
20140409 5.81 5.82 5.87 5.75 21812
20140410 5.82 5.80 5.87 5.75 22835
20140411 5.76 5.76 5.85 5.70 20203
20140414 5.76 5.76 5.82 5.66 27256
20140415 5.72 5.77 5.80 5.72 25772
20140416 5.76 5.80 5.82 5.72 19721
20140417 5.77 5.77 5.83 5.76 15864
20140418 5.77 5.75 5.78 5.73 15105
20140421 5.73 5.70 5.76 5.70 15256
20140422 5.67 5.73 5.81 5.67 25702
20140423 5.68 5.66 5.75 5.65 20750
20140424 5.70 5.62 5.75 5.58 16664
20140425 5.60 5.60 5.66 5.58 19849
20140428 5.59 5.31 5.63 5.25 25603
20140429 5.27 5.17 5.33 4.97 42166
20140430 5.18 5.32 5.41 5.15 20928
20140505 5.31 5.22 5.31 5.15 24193
20140506 5.21 5.19 5.24 5.17 14774
20140507 5.20 5.10 5.23 5.07 16438
20140508 5.07 5.08 5.17 5.05 12204
20140509 5.09 5.01 5.14 4.98 16414
20140512 5.07 5.13 5.13 5.06 18254
20140513 5.13 5.11 5.17 5.11 10627
20140514 5.10 5.05 5.13 5.03 16399
20140515 5.05 5.01 5.09 5.00 9532
20140516 5.01 4.94 5.04 4.91 14020
20140519 4.95 4.86 4.97 4.80 13771
20140520 4.88 4.87 4.90 4.84 10125
20140521 4.87 4.88 4.91 4.79 12350
20140522 4.87 5.37 5.37 4.86 63731
20140523 5.46 5.28 5.46 5.19 79056
20140526 5.27 5.21 5.30 5.16 44362
20140527 5.20 5.05 5.20 5.02 49510
20140528 5.02 5.06 5.09 4.99 34461
20140529 5.04 5.01 5.09 5.00 22029
20140530 5.00 5.05 5.08 4.96 18496
20140603 5.01 5.00 5.05 5.00 10292
20140604 4.98 4.91 4.98 4.90 15699
20140605 4.89 5.01 5.08 4.89 19919
20140606 5.01 5.00 5.06 4.97 13194
20140609 5.00 4.93 5.01 4.91 11533
20140610 4.94 4.97 4.98 4.90 13797
20140611 4.97 5.11 5.24 4.96 37986
20140612 5.08 5.02 5.15 5.01 17309
20140613 5.00 5.03 5.07 5.00 19262
20140616 5.03 5.08 5.11 5.02 18442
20140617 5.07 5.08 5.14 5.05 16541
20140618 5.07 4.95 5.09 4.95 25335
20140619 4.95 4.86 4.96 4.85 16410
20140620 4.86 4.92 4.95 4.86 11477
20140623 4.93 4.93 5.05 4.92 10107
20140624 4.91 4.93 4.97 4.91 10772
20140625 4.93 4.91 4.95 4.90 15357
20140626 4.92 4.97 4.97 4.90 24515
20140627 4.97 4.97 5.00 4.93 22018
20140930 5.47 5.47 5.47 5.47 34154
20141008 6.02 6.02 6.02 6.02 59026
20141009 6.62 6.22 6.62 6.08 508698
20141010 6.13 6.11 6.14 6.02 179378
20141013 6.06 6.04 6.11 5.93 118748
20141014 6.02 6.09 6.21 5.97 115559
20141015 6.18 6.15 6.28 6.10 113467
20141016 6.15 5.97 6.15 5.96 87779
20141017 5.95 5.81 6.00 5.70 85397
20141020 5.78 5.87 5.90 5.76 51346
20141021 5.88 5.87 5.88 5.80 45871
20141022 5.87 5.76 5.92 5.75 43640
20141023 5.75 5.56 5.75 5.54 57674
20141024 5.56 5.56 5.63 5.54 33911
20141027 5.60 5.80 5.88 5.56 88461
20141028 5.88 5.88 5.88 5.76 78017
20141029 5.89 5.97 6.04 5.86 97566
20141030 5.95 5.88 5.96 5.85 71814
20141031 5.90 5.91 5.98 5.82 68984
20141103 5.87 5.94 5.98 5.86 69623
20141104 5.92 6.08 6.08 5.92 111415
20141105 6.08 5.99 6.10 5.96 57648
20141106 5.97 5.93 6.00 5.87 57537
20141107 5.93 5.81 5.96 5.79 52005
20141110 5.79 5.89 5.89 5.78 61038
20141111 5.88 5.60 5.90 5.58 79495
20141112 5.60 5.67 5.69 5.55 42079
20141113 5.68 5.67 5.74 5.65 50952
20141114 5.66 5.56 5.70 5.50 55711
20141117 5.60 5.64 5.68 5.57 56917
20141118 5.64 5.70 5.71 5.61 38360
20141119 5.72 5.83 5.88 5.65 74622
20141120 5.84 5.79 5.87 5.78 42390
20141121 5.78 5.87 5.90 5.75 60591
20141124 5.91 5.98 6.06 5.87 117945
20141125 5.94 5.98 6.04 5.92 100799
20141126 5.98 6.26 6.26 5.98 243768
20141127 6.29 6.24 6.36 6.20 151382
20141128 6.24 6.29 6.33 6.11 139298
20141201 6.49 6.19 6.65 6.16 171383
20141202 6.17 6.13 6.23 6.03 82263
20141203 6.13 6.10 6.17 6.01 94389
20141204 6.10 6.11 6.16 6.07 98095
20141205 6.11 5.82 6.11 5.79 132225
20141208 5.76 5.83 5.86 5.73 83756
20141209 5.80 5.61 5.80 5.61 127620
20141210 5.55 5.77 5.80 5.54 66935
20141211 5.80 5.85 5.94 5.78 79314
20141212 5.85 5.94 5.94 5.84 81340
20141215 5.96 6.10 6.15 5.90 122691
20141216 6.09 6.02 6.12 5.91 80520
20141217 6.02 5.85 6.02 5.81 74909
20141218 5.81 5.85 5.91 5.80 53563
20141219 5.85 5.70 5.88 5.60 63304
20141222 5.70 5.39 5.70 5.30 96882
20141223 5.39 5.33 5.48 5.31 47715
20141224 5.33 5.56 5.60 5.33 41339
20141225 5.55 5.58 5.63 5.51 43854
20141226 5.58 5.57 5.60 5.49 38698
20141229 5.56 5.48 5.56 5.47 41015
20141230 5.48 5.36 5.54 5.35 31059
20141231 5.36 5.43 5.45 5.36 21289
20150105 5.42 5.69 5.83 5.36 100950
20150106 5.66 5.69 5.69 5.57 54860
20150107 5.66 5.61 5.75 5.57 84957
20150108 5.62 5.63 5.65 5.58 53180
20150109 5.63 5.52 5.63 5.52 50624
20150112 5.51 5.43 5.51 5.39 32015
20150113 5.43 5.50 5.54 5.40 32041
20150114 5.48 5.45 5.53 5.42 21115
20150115 5.48 5.47 5.52 5.44 27382
20150116 5.46 5.55 5.59 5.46 36761
20150119 5.48 5.42 5.62 5.26 45648
20150120 5.42 5.57 5.60 5.41 58035
20150121 5.57 5.67 5.68 5.53 99180
20150122 5.67 5.69 5.72 5.62 94678
20150123 5.73 5.60 5.73 5.58 99335
20150126 5.60 5.73 5.78 5.59 127159
20150127 5.70 5.70 5.75 5.62 126907
20150128 5.69 5.74 5.76 5.64 142448
20150129 5.70 5.94 6.11 5.69 391201
20150130 5.98 5.94 6.36 5.90 373583
20150202 5.92 6.53 6.53 5.86 436095
20150203 6.88 7.18 7.18 6.75 567624
20150204 7.55 7.12 7.70 6.89 1098689
20150205 7.00 6.98 7.36 6.90 733391
20150206 6.85 6.64 7.03 6.63 405817
20150209 6.63 6.65 6.89 6.57 436876
20150210 6.67 6.67 6.67 6.43 282101
20150211 6.66 6.98 7.05 6.60 486234
20150212 7.00 7.12 7.22 6.95 497057
20150213 7.19 7.12 7.19 7.00 213384
20150216 7.01 7.32 7.42 7.01 295609
20150217 7.31 8.05 8.05 7.23 314881
20150225 8.39 8.47 8.85 8.22 472896
20150226 8.68 8.39 8.68 8.33 274228
20150227 8.16 8.89 9.23 8.06 485642
20150302 8.80 8.88 9.27 8.60 421118
20150303 8.90 8.72 9.06 8.65 306043
20150304 8.68 8.68 8.81 8.55 180044
20150305 8.71 9.15 9.25 8.62 350248
20150306 9.06 9.08 9.50 8.94 262259
20150309 9.28 9.15 9.35 8.91 192713
20150310 9.21 8.88 9.26 8.78 248914
20150311 8.88 8.85 9.07 8.62 261462
20150312 9.01 8.83 9.01 8.72 152934
20150313 8.82 8.77 8.83 8.67 122236
20150316 8.86 9.29 9.40 8.83 267083
20150317 9.30 9.59 9.73 9.21 340017
20150318 9.59 9.49 9.68 9.37 236146
20150319 9.58 9.30 9.58 9.18 282883
20150320 9.57 9.41 10.11 9.34 427612
20150323 9.43 9.43 9.55 9.25 399043
20150324 9.44 9.20 9.46 8.92 432824
20150325 9.20 9.53 9.56 9.02 426551
20150429 10.48 10.48 10.48 10.48 6627
20150430 11.53 11.53 11.53 11.53 6777
20150504 12.48 12.36 12.68 11.78 1065983
20150505 12.00 11.91 12.33 11.70 476049
20150506 11.91 10.99 12.34 10.72 394365
20150507 11.00 10.40 11.20 10.30 275386
20150508 10.60 11.44 11.44 10.43 356693
20150511 12.32 12.58 12.58 11.99 513668
20150512 12.58 13.33 13.84 12.50 576179
20150513 13.00 14.57 14.57 12.84 504920
20150514 14.57 14.19 15.10 14.10 413573
20150515 13.90 14.40 14.99 13.85 369490
20150518 14.44 13.92 14.50 13.80 311283
20150519 13.80 14.30 14.95 13.20 387742
20150520 14.31 14.66 15.09 14.30 324568
20150521 14.60 14.85 15.10 14.40 284191
20150522 14.89 15.21 15.96 14.57 538561
20150525 15.28 15.86 15.95 15.28 383471
20150526 15.86 15.75 16.20 15.60 380663
20150527 15.70 15.45 15.75 14.80 413262
20150528 15.45 14.87 16.00 14.84 456515
20150529 14.58 14.55 15.18 13.86 327633
20150601 14.85 15.11 15.24 14.51 286632
20150602 15.17 15.81 15.87 14.98 347621
20150603 15.81 16.67 17.17 15.81 439339
20150604 16.70 15.90 17.20 15.00 463044
20150605 16.08 17.49 17.49 16.08 952668
20150608 18.04 18.01 18.59 17.47 709033
20150609 17.84 19.53 19.80 17.58 529951
20150610 19.18 20.58 21.45 18.60 477718
20150611 20.20 20.58 21.42 20.18 429193
20150612 20.59 20.60 21.20 20.05 340708
20150615 20.65 19.10 20.95 19.00 395142
20150616 18.80 19.17 19.96 18.21 298741
20150617 19.65 19.46 19.80 18.18 196710
20150618 19.46 19.45 20.68 19.10 232145
20150619 19.00 18.28 19.00 17.75 243537
20150623 18.00 17.71 18.80 16.45 245022
20150624 17.62 17.62 18.42 17.00 261126
20150625 17.64 15.86 17.80 15.86 431583
20150626 14.99 14.27 14.99 14.27 192266
20150629 14.50 12.84 14.60 12.84 455190
20150630 11.56 12.78 13.50 11.56 899758
20150701 12.30 11.57 13.41 11.50 633443
20150702 11.03 10.41 11.54 10.41 515040
20150703 9.37 9.37 10.68 9.37 626944
20150706 10.20 9.11 10.20 8.43 757705
