20140414 9.30 9.93 10.33 8.86 55657
20140415 9.60 9.44 9.76 9.41 32740
20140416 9.37 9.16 9.46 9.04 20311
20140417 9.17 9.19 9.22 9.03 13910
20140418 9.19 9.26 9.26 9.11 11664
20140421 9.30 9.41 9.45 9.20 22297
20140422 9.41 9.35 9.49 9.29 12988
20140423 9.34 9.35 9.44 9.16 9049
20140424 9.20 9.20 9.35 9.20 5620
20140425 9.20 9.21 9.25 8.99 7614
20140428 9.15 9.13 9.50 9.05 10362
20140429 9.06 9.00 9.23 8.83 7798
20140430 8.87 9.10 9.10 8.87 6789
20140505 9.00 9.15 9.15 8.99 6892
20140506 9.10 9.13 9.15 9.01 8151
20140507 9.10 8.97 9.11 8.90 5537
20140508 8.90 8.97 9.04 8.81 4457
20140509 8.91 8.88 8.91 8.65 6733
20140512 8.70 8.92 9.00 8.70 8874
20140513 8.94 9.05 9.08 8.84 6379
20140514 9.00 9.04 9.08 8.94 4446
20140515 9.03 8.71 9.06 8.60 18935
20140516 8.72 8.42 8.72 8.37 19195
20140519 8.39 8.25 8.49 8.08 22947
20140520 8.26 8.36 8.37 8.11 8258
20140521 8.27 8.37 8.38 8.26 5099
20140522 8.35 8.31 8.38 8.26 5766
20140523 8.31 8.38 8.39 8.27 4031
20140526 8.38 8.42 8.44 8.32 7989
20140527 8.44 8.39 8.44 8.31 4620
20140528 8.36 8.46 8.47 8.26 8907
20140529 8.42 8.41 8.50 8.36 9000
20140530 8.44 8.50 8.62 8.30 8866
20140603 8.50 8.52 8.57 8.47 7671
20140604 8.53 8.39 8.53 8.30 3568
20140605 8.40 8.51 8.55 8.32 4588
20140606 8.50 8.51 8.56 8.46 4072
20140609 8.55 8.54 8.57 8.51 5142
20140610 8.56 8.61 8.63 8.51 14142
20140611 8.61 8.66 8.66 8.56 6962
20140612 8.66 8.77 8.85 8.61 9716
20140613 8.76 8.87 8.93 8.72 11744
20140616 8.95 9.16 9.17 8.80 14016
20140617 9.14 9.24 9.40 9.06 17207
20140618 9.25 8.92 9.28 8.92 12934
20140619 8.88 8.74 8.90 8.60 8616
20140620 8.74 8.75 8.75 8.60 5241
20140623 8.78 8.81 8.85 8.73 4966
20140624 8.80 8.99 9.01 8.80 6814
20140625 9.05 8.88 9.05 8.81 5331
20140626 8.88 9.07 9.07 8.81 5354
20140627 9.08 9.11 9.18 9.02 6257
20140630 9.12 9.13 9.23 8.98 15930
20140701 9.09 9.07 9.09 8.99 11979
20140702 9.03 9.15 9.17 9.02 12902
20140703 9.15 9.23 9.25 9.10 14638
20140704 9.05 9.11 9.21 9.01 19743
20140707 9.06 9.12 9.13 9.01 13181
20140708 9.09 9.18 9.24 9.01 15428
20140709 9.16 9.11 9.20 9.10 9917
20140710 9.11 9.13 9.15 9.07 7826
20140711 9.11 9.24 9.32 9.11 13548
20140714 9.23 9.48 9.65 9.21 22241
20140715 9.48 9.50 9.58 9.36 10964
20140716 9.49 9.38 9.69 9.21 21968
20140717 9.32 9.43 9.46 9.32 7533
20140718 9.43 9.76 10.03 9.43 30540
20140721 9.77 9.64 9.80 9.61 11415
20140722 9.62 9.65 9.78 9.61 8577
20140723 9.74 9.61 9.74 9.51 12513
20140724 9.53 9.61 9.69 9.40 14934
20140725 9.56 9.71 9.72 9.53 8081
20140728 9.70 9.84 9.84 9.70 13159
20140729 9.80 9.88 9.91 9.74 19726
20140730 9.85 10.28 10.34 9.76 36138
20140731 10.22 10.24 10.45 10.09 31194
20140801 10.20 10.21 10.39 10.10 20347
20140804 10.23 10.58 10.59 10.22 28416
20140805 10.58 11.13 11.22 10.45 28049
20140806 11.06 11.10 11.12 10.85 18377
20140807 11.13 10.84 11.46 10.80 21223
20140808 10.80 10.91 10.98 10.60 13450
20140811 10.91 11.25 11.30 10.86 14866
20140812 11.24 11.24 11.34 11.11 9393
20140813 11.11 11.07 11.25 10.93 13886
20140814 11.09 10.79 11.20 10.70 12571
20140815 10.87 11.00 11.20 10.83 11908
20140818 11.00 11.35 11.38 10.93 15078
20140819 11.34 11.75 11.86 11.27 29617
20140820 11.64 11.58 11.90 11.45 12674
20140821 11.55 11.68 11.72 11.42 8895
20140822 11.72 12.08 12.15 11.53 14274
20140825 11.99 11.99 12.22 11.74 15880
20140826 11.98 11.77 12.05 11.41 14665
20140827 11.56 11.77 11.84 11.43 10794
20140828 11.66 11.68 11.83 11.40 14785
20140829 11.75 11.93 12.05 11.57 14683
20140901 11.93 12.06 12.09 11.83 9920
20140902 12.03 12.22 12.30 11.98 14972
20140903 12.25 12.46 12.73 12.25 17218
20140904 12.46 12.83 12.97 12.40 24402
20140905 12.80 12.53 12.82 12.48 19529
20140909 12.53 12.55 12.65 12.35 16741
20140910 12.50 13.20 13.31 12.37 24938
20140911 13.14 13.27 13.41 12.93 23863
20140912 13.27 13.45 13.60 13.10 16484
20140915 13.49 13.47 13.60 13.35 12110
20140916 13.48 12.88 13.89 12.88 19424
20140917 12.89 13.44 13.44 12.58 15616
20140918 13.43 13.28 13.44 13.12 10576
20140919 13.28 13.48 13.52 13.00 17884
20140922 13.45 13.00 13.45 12.78 17917
20140923 13.04 13.18 13.30 12.70 16754
20140924 13.00 13.19 13.30 13.00 11535
20140925 13.19 13.23 13.40 13.00 14650
20140926 13.06 13.62 13.64 13.06 18376
20140929 13.68 14.02 14.18 13.55 24611
20140930 13.98 14.03 14.27 13.90 16202
20141008 14.00 14.18 14.24 14.00 10930
20141009 14.10 14.08 14.28 13.96 9694
20141010 14.30 14.22 14.33 14.05 20131
20141013 14.10 13.98 14.10 13.62 17032
20141029 13.26 13.54 13.79 12.62 119994
20141030 13.20 13.22 13.30 13.03 72713
20141031 13.16 13.27 13.34 13.02 27770
20141103 13.21 13.56 13.56 13.21 32349
20141104 13.58 14.19 14.19 13.42 35598
20141105 14.19 14.53 14.95 13.86 40047
20141106 14.42 14.58 14.77 14.37 14689
20141107 14.45 14.39 14.73 14.33 21062
20141110 14.34 14.64 14.65 14.01 10489
20141111 14.64 14.40 14.74 13.76 31851
20141112 14.00 14.28 14.39 13.80 7858
20141113 14.13 14.07 14.29 13.68 22093
20141114 13.80 14.10 14.15 13.80 11407
20141117 14.13 14.31 14.38 13.85 8716
20141118 14.25 14.43 14.58 14.00 13701
20141119 14.43 14.20 14.43 13.80 12845
20141120 14.05 14.07 14.21 13.87 11032
20141121 14.00 14.25 14.25 13.62 40030
20141124 14.20 14.26 14.43 14.05 17421
20141125 14.17 14.32 14.42 14.02 16060
20141126 14.30 14.67 14.77 14.21 18199
20141127 14.68 14.52 14.79 14.42 14329
20141128 14.54 14.45 14.63 14.10 18413
20141201 14.35 14.05 14.40 13.92 11520
20141202 13.85 14.33 14.34 13.78 16403
20141203 14.33 14.35 14.60 14.11 19417
20141204 14.23 14.33 14.48 14.14 19270
20141205 14.14 13.77 14.19 13.52 17988
20141208 13.65 13.38 13.82 13.35 17837
20141209 13.29 12.60 13.29 12.12 33043
20141210 12.53 13.35 13.40 12.39 21444
20141211 13.32 13.36 13.70 13.20 14762
20141212 13.48 13.68 13.69 13.20 9013
20141215 13.09 13.27 13.39 12.50 28667
20141216 13.10 13.24 13.41 13.02 19287
20141217 13.20 13.15 13.20 12.89 17910
20141218 13.01 13.10 13.25 12.82 25510
20141219 13.00 12.71 13.19 12.70 23198
20141222 12.49 11.44 12.50 11.44 32923
20150123 11.68 12.58 12.58 11.68 70639
20150126 12.93 12.87 12.93 12.28 64102
20150127 12.68 12.58 12.80 12.41 26385
20150128 12.64 12.67 12.82 12.44 35448
20150129 12.57 12.61 12.78 12.47 13769
20150130 12.61 12.34 12.77 12.30 17315
20150202 12.35 12.94 13.13 12.21 77489
20150203 12.90 12.95 13.15 12.66 27219
20150204 12.80 12.83 13.15 12.70 39202
20150205 12.92 12.97 13.10 12.67 45355
20150206 12.96 12.69 12.96 12.56 12625
20150209 12.69 12.73 13.39 12.11 20696
20150210 12.65 12.68 12.95 12.43 10702
20150211 12.64 12.67 12.80 12.50 14841
20150212 12.54 12.62 12.77 12.54 13071
20150213 12.51 12.73 12.85 12.50 18995
20150216 12.67 13.18 13.22 12.51 27239
20150217 13.30 13.80 13.98 13.08 33296
20150225 13.53 13.81 14.06 13.53 21418
20150226 13.71 13.90 14.07 13.70 30319
20150227 13.84 13.95 14.00 13.78 12397
20150302 14.01 13.95 14.09 13.80 20441
20150303 13.86 13.79 13.95 13.59 16390
20150304 13.79 14.17 14.17 13.72 21026
20150305 14.16 14.34 14.41 14.03 19007
20150306 14.35 14.31 14.93 14.24 21189
20150309 14.09 14.23 14.31 13.61 18173
20150310 14.33 14.38 14.40 14.03 15948
20150311 14.25 14.50 14.70 14.22 15773
20150312 14.50 14.95 15.20 14.50 26469
20150313 14.85 14.79 14.99 14.50 19217
20150316 14.81 15.02 15.09 14.48 33738
20150317 15.02 15.58 15.67 14.89 36014
20150318 15.55 15.69 15.87 15.47 17785
20150319 15.69 15.59 15.73 15.46 11307
20150320 15.59 15.92 15.98 15.12 21434
20150323 15.94 15.92 16.01 15.73 26805
20150324 15.92 15.93 16.11 15.56 25423
20150325 15.90 16.28 16.35 15.67 27230
20150326 16.27 16.08 16.35 16.01 12286
20150327 16.15 16.56 16.65 15.72 23869
20150330 16.28 16.50 17.15 15.70 52137
20150331 16.45 16.30 16.67 16.00 28016
20150401 16.43 16.70 16.71 16.01 30890
20150402 16.65 16.98 16.98 16.41 23906
20150403 16.81 18.68 18.68 16.67 65136
20150407 18.60 19.47 19.76 18.31 60987
20150408 19.16 18.78 19.59 18.49 38241
20150409 18.86 19.08 19.29 18.17 47346
20150410 18.99 19.46 19.67 18.65 31073
20150413 19.49 19.73 19.98 19.00 32456
20150414 19.56 18.96 19.64 18.75 33674
20150415 18.79 19.25 19.60 18.28 38308
20150416 19.32 19.05 19.75 18.71 46058
20150417 18.90 19.12 19.37 18.85 38648
20150420 18.60 19.91 20.50 18.60 44739
20150421 19.85 20.84 20.93 19.37 39482
20150422 20.90 21.28 21.58 20.66 30763
20150423 21.08 22.20 22.40 21.08 32125
20150424 22.00 24.42 24.42 21.60 51768
20150427 24.79 23.95 24.79 23.48 48866
20150428 23.80 22.96 23.94 22.36 32284
20150429 23.00 25.26 25.26 22.55 29747
20150430 25.30 26.17 27.40 24.95 29889
20150504 25.89 25.75 25.99 25.06 19067
20150505 25.68 24.67 25.95 24.00 22465
20150506 24.68 24.10 24.75 23.49 26514
20150507 23.90 23.68 24.09 22.80 19575
20150508 23.74 24.48 24.48 23.54 17749
20150511 24.50 26.00 26.50 24.49 21968
20150512 25.51 25.35 25.98 25.00 23389
20150513 24.95 25.83 26.00 24.61 25896
20150514 25.85 27.15 27.95 25.29 35071
20150515 26.99 26.15 26.99 25.58 19300
20150518 25.90 25.74 26.19 25.12 26787
20150519 25.74 26.14 26.40 25.34 23595
20150520 26.14 28.75 28.75 25.72 61364
20150521 27.96 31.63 31.63 27.96 84602
20150522 32.63 34.79 34.79 30.98 67965
