20140102 26.75 27.76 28.18 26.00 30025
20140103 28.00 25.90 28.80 25.66 88018
20140106 25.41 23.43 25.41 23.31 49144
20140107 22.97 23.34 23.75 22.75 25720
20140108 23.30 23.85 24.10 23.20 26981
20140109 23.75 22.42 23.95 22.29 26776
20140110 22.20 22.84 23.16 22.08 15462
20140113 22.88 22.81 23.24 22.51 11012
20140114 22.81 23.28 23.28 22.71 13007
20140115 23.10 23.60 23.67 23.05 19287
20140116 23.64 25.78 25.96 23.49 49217
20140117 25.50 25.43 25.77 25.20 22952
20140120 25.15 25.40 26.47 24.81 19769
20140121 25.21 25.49 25.80 24.95 14464
20140122 25.49 25.85 25.85 25.32 17529
20140123 25.86 25.41 26.30 25.30 20496
20140124 25.24 25.25 25.53 24.99 13400
20140127 25.26 25.73 25.87 25.05 16500
20140128 25.75 25.85 26.10 25.38 13596
20140129 25.84 25.70 25.92 25.40 15279
20140130 25.70 26.40 26.47 25.41 17596
20140207 26.80 27.75 27.97 26.40 34366
20140210 27.75 28.01 28.94 27.75 36850
20140211 27.99 29.92 30.50 27.60 53513
20140212 29.90 30.06 30.38 28.95 27957
20140213 29.80 29.64 30.40 29.33 22764
20140214 29.25 30.84 31.00 29.25 23887
20140217 31.00 30.85 31.30 30.31 19480
20140218 32.09 29.69 32.09 28.92 81907
20140219 29.38 28.27 29.90 28.24 38076
20140220 28.21 27.66 28.25 26.90 37546
20140221 27.23 27.80 28.21 27.23 19932
20140224 27.30 27.21 27.30 26.50 26497
20140225 27.00 27.56 28.50 27.00 37015
20140226 27.20 28.47 28.50 27.02 25084
20140227 28.37 27.58 28.97 27.56 31484
20140228 27.12 27.50 27.50 25.52 27827
20140303 26.80 26.77 27.33 26.50 19775
20140304 26.77 27.20 27.45 26.20 27059
20140305 27.34 26.90 27.34 26.50 30335
20140306 26.38 25.50 26.40 24.30 119242
20140307 25.03 25.67 25.98 24.99 83196
20140310 25.45 24.91 25.73 24.40 41778
20140311 24.72 25.32 25.65 24.53 47661
20140312 25.45 25.35 25.69 24.56 44960
20140313 25.30 27.20 27.30 24.96 102766
20140314 26.90 27.42 28.00 26.26 81835
20140317 27.37 26.95 27.55 26.72 61277
20140318 26.95 26.90 27.46 26.71 55705
20140319 13.03 12.75 13.20 12.51 80704
20140320 12.72 12.09 12.97 12.09 77806
20140321 11.89 12.14 12.15 11.66 48149
20140324 12.20 11.89 12.20 11.78 49826
20140325 11.74 11.53 11.83 11.43 56408
20140326 11.54 11.75 11.78 11.43 50977
20140327 11.73 11.18 11.73 11.14 62398
20140328 11.15 10.41 11.29 10.37 49895
20140331 10.44 10.54 10.69 10.10 34126
20140401 10.55 10.57 10.62 10.39 31367
20140402 10.57 10.40 10.60 10.32 27793
20140403 10.43 10.51 10.58 10.36 27663
20140404 10.49 11.12 11.28 10.35 59684
20140408 11.00 11.26 11.39 10.88 47458
20140409 11.26 11.28 11.34 11.09 36568
20140410 11.28 11.36 11.59 11.22 48523
20140411 11.26 11.15 11.26 11.05 31668
20140414 11.16 11.10 11.20 11.04 22530
20140415 11.16 11.03 11.17 10.97 23368
20140416 11.06 10.84 11.07 10.82 28788
20140417 10.88 10.65 10.88 10.64 23825
20140418 10.70 11.02 11.13 10.65 35337
20140421 10.92 10.83 11.01 10.81 22254
20140422 10.85 10.90 10.97 10.68 24478
20140423 10.88 11.18 11.28 10.88 34263
20140424 11.25 10.91 11.26 10.90 21921
20140425 10.88 10.59 11.00 10.50 20951
20140428 10.54 9.95 10.54 9.90 26158
20140429 9.95 10.09 10.17 9.90 15236
20140430 10.17 10.14 10.17 10.00 10501
20140505 10.08 10.31 10.31 10.08 13628
20140506 10.30 10.44 10.56 10.25 18202
20140507 10.36 10.52 10.77 10.32 27706
20140508 10.46 10.52 10.67 10.44 13943
20140509 10.52 10.44 10.53 10.28 11217
20140512 10.30 10.60 10.60 10.30 13572
20140513 10.63 10.45 10.65 10.43 12981
20140514 10.45 10.55 10.62 10.45 10440
20140515 10.58 10.22 10.61 10.20 21659
20140516 10.20 10.17 10.23 10.01 10094
20140519 10.18 10.22 10.29 10.10 5879
20140520 10.22 10.27 10.49 10.21 9201
20140521 10.21 10.29 10.29 10.10 6792
20140522 10.25 10.34 10.52 10.22 13867
20140523 10.34 10.80 10.85 10.30 37069
20140526 10.81 10.80 10.89 10.66 30567
20140527 10.77 10.60 10.85 10.56 20210
20140528 10.65 10.64 10.69 10.50 19449
20140529 10.65 10.45 10.70 10.43 19036
20140530 10.40 10.31 10.56 10.24 28568
20140603 10.32 10.39 10.57 10.32 21235
20140604 10.39 10.40 10.46 10.31 11753
20140605 10.38 10.52 10.54 10.30 22111
20140606 10.50 10.46 10.53 10.40 12850
20140609 10.44 10.41 10.54 10.40 13307
20140610 10.41 10.40 10.52 10.33 25756
20140611 10.35 10.33 10.44 10.28 23669
20140612 10.29 10.31 10.39 10.28 16443
20140613 10.40 10.54 10.76 10.31 36528
20140616 10.58 10.67 10.72 10.52 31087
20140617 10.67 10.45 10.67 10.43 21602
20140618 10.41 10.32 10.50 10.30 15001
20140619 10.32 10.11 10.42 10.06 15289
20140620 10.37 10.25 10.37 10.14 13228
20140623 10.25 10.49 10.53 10.20 23559
20140624 10.49 10.82 10.99 10.44 65074
20140625 10.71 10.88 10.94 10.55 49019
20140626 10.86 11.12 11.28 10.84 63461
20140627 11.09 12.00 12.22 11.00 122190
20140630 12.05 11.78 12.42 11.70 119398
20140701 11.90 12.08 12.10 11.78 56998
20140702 12.13 11.94 12.16 11.88 34789
20140703 11.85 11.75 11.90 11.62 38904
20140704 11.67 11.80 12.08 11.67 32613
20140707 11.81 11.96 12.03 11.72 23997
20140708 11.94 11.88 11.94 11.68 20619
20140709 11.82 12.11 12.59 11.78 57884
20140710 12.03 12.20 12.23 11.96 32388
20140711 12.15 12.32 12.33 12.03 29082
20140714 12.48 13.18 13.50 12.47 103211
20140715 13.03 13.24 13.44 12.94 50935
20140716 13.24 12.54 13.24 12.54 44730
20140717 12.52 12.13 12.53 12.05 40794
20140718 12.24 12.26 12.63 12.11 29891
20140721 12.23 12.14 12.38 12.13 21847
20140722 12.19 12.32 12.55 12.15 34263
20140723 12.37 12.32 12.53 12.25 29250
20140724 12.33 11.79 12.38 11.73 37279
20140725 11.78 11.80 11.90 11.68 23479
20140728 11.90 12.01 12.05 11.84 23761
20140729 12.02 12.38 12.49 12.02 40866
20140730 12.38 12.29 12.49 12.12 29261
20140731 12.27 12.36 12.38 12.18 23984
20140801 12.37 12.16 12.42 12.14 28961
20140804 12.14 12.33 12.37 12.12 25833
20140805 12.32 12.43 12.52 12.28 28072
20140806 12.42 12.37 12.43 12.25 23985
20140807 12.40 12.32 12.44 12.27 24033
20140808 12.33 12.35 12.40 12.26 23521
20140811 12.36 12.56 12.58 12.28 46789
20140812 12.56 12.51 12.60 12.40 32841
20140813 12.52 12.41 12.56 12.25 37983
20140814 12.40 12.39 12.56 12.36 35505
20140815 12.36 12.83 12.84 12.35 54195
20140818 13.00 13.28 13.48 13.00 88319
20140819 13.35 13.10 13.40 13.00 58511
20140820 13.09 13.30 13.48 13.09 67676
20140821 13.51 13.93 14.48 13.51 125053
20140822 13.80 13.80 13.90 13.56 63885
20140825 13.85 13.32 13.89 13.31 50229
20140826 13.25 12.95 13.25 12.83 41651
20140827 12.91 13.03 13.14 12.89 21910
20140828 13.06 12.67 13.06 12.61 27399
20140829 12.68 12.91 12.94 12.66 17156
20140901 12.95 13.20 13.35 12.91 26510
20140902 13.25 13.49 13.50 13.25 40901
20140903 13.51 13.41 13.70 13.23 48599
20140904 13.41 13.54 13.57 13.27 49552
20140905 13.52 13.60 13.69 13.47 41858
20140909 13.62 13.51 13.66 13.32 37913
20140910 13.40 13.54 13.60 13.30 35033
20140911 13.55 13.81 13.98 13.52 81990
20140912 13.83 14.19 14.20 13.82 81989
20140915 14.31 14.09 14.34 13.98 57881
20140916 14.09 13.42 14.09 13.40 73362
20140917 13.37 13.48 13.50 13.19 30170
20140918 13.40 13.47 13.59 13.26 24219
20140919 13.50 13.86 14.12 13.43 44379
20140922 13.65 13.49 13.79 13.44 33677
20140923 13.45 13.59 13.65 13.41 21267
20140924 13.52 13.77 13.85 13.50 33635
20140925 13.90 13.64 13.95 13.62 32709
20140926 13.63 13.77 13.85 13.62 31640
20140929 13.84 13.97 14.05 13.80 49573
20140930 14.02 14.07 14.10 13.91 42681
20141008 14.07 14.45 14.48 14.07 64348
20141009 14.47 14.35 14.49 14.01 64471
20141010 14.20 14.68 14.87 14.06 103927
20141013 14.59 14.67 14.67 14.25 41879
20141014 14.67 14.52 15.11 14.33 75561
20141015 14.51 14.37 14.55 14.15 35351
20141016 14.29 14.16 14.57 14.15 36335
20141017 14.15 13.97 14.29 13.82 34839
20141020 14.01 14.18 14.20 14.01 16975
20141021 14.18 14.16 14.35 14.07 23900
20141022 14.15 13.91 14.28 13.88 24928
20141023 13.88 13.39 13.88 13.35 31479
20141024 13.43 13.44 13.59 13.35 17359
20141027 13.45 13.55 13.67 13.35 13658
20141028 13.65 14.15 14.16 13.65 29202
20141029 14.16 14.19 14.24 14.09 34336
20141030 14.18 14.15 14.28 14.10 26105
20141031 14.14 13.85 14.23 13.75 40388
20141103 13.84 14.06 14.26 13.81 36699
20141104 14.05 13.80 14.05 13.76 22010
20141105 13.81 13.81 13.91 13.64 16594
20141106 13.81 14.00 14.00 13.74 23245
20141107 14.02 13.97 14.24 13.80 38001
20141110 14.27 14.29 14.65 14.26 72634
20141111 14.31 13.70 14.39 13.69 48178
20141112 13.76 13.90 13.91 13.61 20577
20141113 13.99 13.76 13.99 13.76 22425
20141114 13.70 13.29 13.70 13.20 34948
20141117 13.30 13.41 13.50 13.13 22271
20141118 13.39 13.35 13.50 13.30 22012
20141119 13.34 13.49 13.55 13.34 19592
20141120 13.50 13.52 13.60 13.43 14160
20141121 13.50 13.56 13.74 13.50 18606
20141124 13.79 13.60 13.80 13.55 23919
20141125 13.58 13.69 13.72 13.53 28073
20141126 13.77 13.89 13.96 13.63 33877
20141127 13.90 13.89 13.99 13.75 33545
20141128 13.91 13.71 13.93 13.59 30004
20141201 13.71 13.41 13.72 13.25 32135
20141202 13.41 13.49 13.58 13.33 20557
20141203 13.40 13.53 13.55 13.13 44486
20141204 13.53 14.27 14.33 13.53 97221
20141205 14.31 13.79 14.35 13.63 63398
20141208 13.67 13.50 13.78 13.45 51019
20141209 13.43 12.79 13.43 12.77 57553
20141210 12.79 13.16 13.24 12.75 22536
20141211 13.05 13.18 13.25 13.00 22733
20141212 13.20 13.23 13.26 13.06 22659
20141215 13.24 13.40 13.43 13.23 24931
20141216 13.30 13.39 13.46 13.22 22751
20141217 13.34 13.22 13.45 13.00 22990
20141218 13.11 12.96 13.25 12.95 22618
20141219 12.90 12.57 12.90 12.50 30680
20141222 12.66 11.55 12.66 11.40 35787
20141223 11.60 11.62 11.85 11.60 16877
20141224 11.77 11.98 12.00 11.71 11663
20141225 11.90 12.00 12.18 11.90 12856
20141226 12.03 11.89 12.07 11.85 16303
20150106 12.20 12.49 12.85 12.00 54887
20150107 12.50 12.23 12.50 12.15 32313
20150108 12.21 12.34 12.37 12.02 27120
20150109 12.39 12.17 12.39 12.15 17274
20150112 12.17 11.80 12.17 11.80 18501
20150113 11.80 11.93 11.98 11.80 9457
20150114 11.90 11.91 11.99 11.83 9990
20150115 11.90 11.90 11.99 11.90 12274
20150116 11.90 12.09 12.18 11.89 14776
20150119 12.00 11.93 12.24 11.80 27029
20150120 11.95 12.25 12.25 11.95 22611
20150121 12.44 12.54 12.71 12.30 38623
20150122 12.55 12.67 12.73 12.44 27317
20150123 12.70 12.48 12.75 12.45 22327
20150126 12.50 12.81 12.83 12.50 27987
20150127 12.71 12.84 12.97 12.70 25056
20150128 12.85 12.87 13.05 12.78 33550
20150129 12.80 12.82 12.92 12.65 20465
20150130 12.83 12.73 12.91 12.65 16922
20150202 12.57 13.24 13.33 12.51 48945
20150203 13.32 14.46 14.56 13.32 217970
20150204 14.60 15.91 15.91 14.47 214239
20150205 16.70 16.22 16.83 15.87 234362
20150206 17.00 16.65 17.58 16.38 204246
20150209 16.33 16.26 16.89 16.00 118926
20150210 16.05 16.33 16.36 15.67 97100
20150211 16.15 16.36 16.80 15.89 99812
20150212 16.17 16.43 16.70 16.01 85165
20150213 16.55 16.68 17.11 16.40 102156
20150216 16.78 17.01 17.34 16.21 82578
20150217 17.09 16.43 17.09 16.35 59439
20150225 16.48 16.25 16.48 15.88 46723
20150226 16.23 17.88 17.88 16.20 118764
20150227 17.58 17.33 17.58 17.00 118070
20150302 17.10 17.28 17.76 17.05 83650
20150303 17.13 16.91 17.53 16.90 73065
20150304 16.80 17.08 17.09 16.62 57315
20150305 17.09 17.79 18.25 17.08 122657
20150306 17.80 17.07 18.20 17.07 61298
20150309 16.80 16.49 16.99 16.10 96926
20150310 16.45 16.98 16.98 16.21 64545
20150311 16.95 16.52 17.22 16.52 54375
20150312 16.72 17.22 18.15 16.72 103943
20150313 17.22 18.94 18.94 17.06 152847
20150407 19.19 20.83 20.83 19.00 194302
20150408 22.91 22.91 22.91 22.91 26175
20150409 23.85 25.20 25.20 23.50 298999
20150410 24.68 26.50 27.50 24.00 213770
20150413 27.00 28.95 29.09 25.80 188378
20150414 29.02 27.56 31.00 27.50 203333
20150415 26.80 25.53 26.81 25.50 142177
20150416 24.55 25.86 26.44 24.50 93413
20150417 25.63 25.20 25.80 25.02 91107
20150420 24.89 23.58 24.90 23.50 108315
20150421 23.50 24.63 24.76 23.38 70514
20150422 24.80 25.05 25.65 24.64 73064
20150423 24.80 24.92 25.45 24.29 86088
20150424 24.36 24.45 24.78 23.90 67260
20150427 24.40 25.30 25.64 24.40 101361
20150428 25.32 24.19 25.45 23.68 77207
20150429 24.01 25.15 25.15 23.81 70488
20150430 25.33 24.80 25.60 24.00 61770
20150504 24.50 25.11 25.25 24.10 65819
20150505 25.33 27.20 27.20 24.85 117936
20150506 26.80 28.49 28.58 26.50 149666
20150507 28.51 25.64 28.65 25.64 93904
20150508 25.60 26.70 27.30 24.61 117205
20150511 26.70 27.65 28.30 26.00 142019
20150512 13.45 13.40 13.98 13.20 241219
20150513 13.48 14.74 14.74 13.15 422710
20150514 15.10 15.00 15.98 14.50 434563
20150515 14.67 14.22 14.78 14.01 242961
20150518 14.15 14.24 14.52 13.85 186256
20150519 14.30 15.20 15.40 14.30 267696
20150520 15.42 16.72 16.72 15.40 331300
20150521 17.20 17.02 17.60 16.70 406639
20150522 17.03 18.72 18.72 16.30 317043
