20140102 5.62 5.64 5.68 5.60 15672
20140103 5.64 5.54 5.64 5.51 24302
20140106 5.52 5.36 5.56 5.34 19941
20140107 5.35 5.50 5.53 5.33 17806
20140108 5.50 5.53 5.55 5.47 17113
20140109 5.51 5.34 5.53 5.33 15863
20140110 5.38 5.23 5.42 5.20 21795
20140113 5.22 5.23 5.30 5.20 11849
20140114 5.24 5.34 5.34 5.19 15277
20140115 5.35 5.36 5.38 5.30 13990
20140116 5.38 5.41 5.45 5.32 23966
20140117 5.41 5.38 5.45 5.35 18466
20140120 5.35 5.33 5.37 5.27 13293
20140121 5.31 5.47 5.47 5.31 21949
20140122 5.45 5.70 5.70 5.45 56318
20140123 5.69 5.70 5.76 5.66 30686
20140124 5.71 5.67 5.75 5.66 33461
20140127 5.65 5.76 5.88 5.63 52381
20140128 5.76 5.68 5.83 5.65 28221
20140129 5.72 5.86 5.89 5.72 37881
20140130 5.85 5.98 6.08 5.85 37358
20140207 5.91 6.04 6.09 5.91 27761
20140210 6.04 6.19 6.24 6.04 49926
20140211 6.18 6.20 6.33 6.16 41380
20140212 6.19 6.30 6.36 6.14 44428
20140213 6.34 6.08 6.34 6.08 46825
20140214 6.03 6.18 6.19 6.01 54181
20140217 6.18 6.35 6.37 6.13 59722
20140218 6.36 6.38 6.49 6.29 60200
20140219 6.38 6.31 6.47 6.28 41846
20140220 6.34 6.08 6.34 6.05 67126
20140221 6.06 6.02 6.13 5.96 34906
20140224 6.04 6.14 6.16 6.01 42016
20140225 6.13 6.04 6.36 5.97 76221
20140226 6.04 6.22 6.23 5.83 51236
20140227 6.20 6.30 6.56 6.18 103962
20140228 6.24 6.41 6.42 6.19 43814
20140303 6.41 6.72 6.76 6.38 117617
20140304 6.62 6.75 6.80 6.57 85190
20140305 6.74 6.67 6.90 6.65 78340
20140306 6.65 6.60 6.65 6.45 63863
20140307 6.59 6.64 6.65 6.48 48283
20140310 6.58 6.42 6.60 6.40 45416
20140311 6.47 6.80 6.85 6.38 57841
20140312 6.75 6.93 7.14 6.70 126693
20140313 6.96 6.91 7.04 6.83 57794
20140314 6.91 6.78 6.92 6.73 43721
20140317 6.82 6.78 6.82 6.65 51167
20140318 6.79 6.92 7.03 6.78 66360
20140319 6.92 6.84 6.96 6.73 39019
20140320 6.77 6.62 6.85 6.55 45643
20140321 6.60 6.78 6.78 6.46 30990
20140324 6.77 6.77 6.89 6.74 38627
20140325 6.76 6.70 6.83 6.62 36314
20140326 6.67 7.30 7.34 6.67 117205
20140327 7.20 7.15 7.34 7.08 109204
20140328 7.09 6.83 7.18 6.78 54482
20140331 6.83 7.30 7.47 6.83 124466
20140910 8.01 8.01 8.01 8.01 1253
20140911 8.81 8.81 8.81 8.81 1388
20140912 9.69 9.69 9.69 9.69 3503
20140915 10.66 10.66 10.66 10.66 2983
20140916 11.73 11.73 11.73 11.73 5691
20140917 12.90 12.90 12.90 12.90 7530
20140918 14.19 14.19 14.19 14.19 7287
20140919 15.61 15.61 15.61 15.61 64577
20140924 17.17 17.17 17.17 17.17 178420
20140925 18.50 18.89 18.89 18.20 842491
20140926 18.70 18.79 19.24 18.48 403676
20140929 19.00 18.68 19.20 18.28 350367
20140930 18.52 18.28 18.94 18.28 244061
20141008 18.00 19.40 19.82 17.88 328315
20141009 19.25 18.95 19.45 18.53 205412
20141010 18.79 18.81 19.26 18.62 152203
20141013 18.88 19.25 19.42 18.60 179618
20141014 19.30 17.33 19.90 17.33 397985
20141015 17.10 17.03 17.36 16.73 201529
20141016 16.93 16.38 17.25 16.34 137955
20141017 16.48 16.61 16.92 16.28 152040
20141020 16.66 16.82 16.99 16.50 92110
20141021 16.78 16.02 16.92 15.78 189555
20141022 16.05 16.38 16.55 15.90 161370
20141023 16.30 16.50 16.60 16.01 100053
20141024 16.38 16.26 16.63 16.26 148519
20141027 16.17 16.42 16.50 16.02 72869
20141028 16.38 16.78 16.88 16.35 145434
20141029 16.52 16.65 16.88 16.45 188463
20141030 16.69 16.38 16.78 16.34 105034
20141031 16.39 15.90 16.67 15.80 145165
20141103 15.98 16.60 16.79 15.90 112682
20141104 16.60 16.19 16.60 16.00 75761
20141105 16.20 16.00 16.30 15.94 56962
20141106 15.99 16.06 16.19 15.88 53511
20141107 15.99 16.27 16.38 15.66 124911
20141110 16.16 16.57 16.57 16.10 83898
20141111 16.53 17.29 18.08 16.45 336907
20141112 16.88 16.59 17.18 16.20 167151
20141113 16.46 16.99 17.11 16.30 122375
20141114 16.99 17.65 17.96 16.53 197469
20141117 17.41 18.19 18.55 17.34 172762
20141118 18.20 18.02 18.70 17.92 120783
20141119 18.00 17.55 18.10 17.50 94366
20141120 17.60 17.71 18.25 17.58 77816
20141121 17.50 17.70 18.10 17.50 65721
20141124 17.81 17.72 17.95 17.61 67913
20141125 17.71 17.22 17.71 17.06 106964
20141126 17.30 18.09 18.15 17.00 121569
20141127 18.00 17.91 18.12 17.59 93979
20141128 17.79 17.73 18.01 17.62 75825
20141201 17.85 17.10 17.85 17.05 79758
20141202 17.15 17.23 17.69 17.10 75750
20141203 17.20 17.25 17.25 16.60 121200
20141204 17.40 16.96 17.40 16.90 102603
20141205 16.92 16.39 16.92 15.90 91682
20141208 16.01 15.38 16.15 15.35 147931
20141209 15.30 14.00 15.30 13.88 217986
20141210 13.94 14.32 14.50 13.78 82358
20141211 14.29 14.62 14.74 14.00 78573
20141212 14.47 15.40 15.50 14.28 112337
20141215 15.10 15.57 15.85 14.70 79090
20141216 15.48 15.28 15.61 15.13 57204
20141217 15.15 14.65 15.16 14.61 53472
20141218 14.68 14.66 15.03 14.43 42040
20141219 14.50 14.33 14.76 14.13 40151
20141222 14.04 13.10 14.28 12.90 72807
20141223 13.00 13.15 13.50 13.00 42259
20141224 13.34 13.63 13.67 13.20 35217
20141225 13.69 14.05 14.14 13.69 39989
20141226 14.00 14.59 14.77 13.95 54667
20141229 14.53 14.41 14.80 14.14 45105
20141230 14.32 14.35 14.73 14.32 27095
20141231 14.49 14.13 14.55 13.98 25340
20150105 14.10 13.92 14.23 13.53 37083
20150106 13.85 14.53 14.59 13.65 55129
20150107 14.49 14.18 14.85 14.12 87117
20150108 14.20 14.18 14.38 14.00 36601
20150109 14.23 14.42 14.80 14.20 80705
20150112 14.29 15.50 15.86 14.22 149028
20150113 15.45 15.59 15.82 15.18 61617
20150114 15.55 15.70 16.15 15.48 54015
20150115 15.60 15.87 16.20 15.59 48783
20150116 15.81 16.52 16.74 15.73 87085
20150119 16.02 16.99 18.10 16.02 188249
20150120 17.19 17.60 17.68 16.72 92702
20150121 17.60 18.25 18.50 17.44 122496
20150122 18.34 18.98 18.98 18.22 120776
20150123 19.17 18.70 20.26 18.23 184576
20150126 18.44 18.22 19.16 17.85 164671
20150127 18.20 18.66 18.70 18.06 70554
20150128 18.88 19.90 20.07 18.87 138957
20150129 19.44 18.69 19.73 18.58 95846
20150130 18.66 17.93 19.19 17.65 81968
20150202 18.00 18.35 18.78 17.96 66868
20150203 18.40 18.89 18.99 18.40 52399
20150204 18.89 19.82 20.12 18.89 113405
20150205 19.71 20.12 20.38 19.25 118245
20150206 19.82 20.46 21.05 19.80 117328
20150209 20.00 19.13 21.10 18.98 134458
20150210 19.15 19.48 19.52 18.58 61727
20150211 19.60 19.89 20.03 18.85 62131
20150212 19.70 20.23 20.79 19.51 72872
20150213 20.32 22.25 22.25 20.32 136558
20150216 23.15 24.48 24.48 23.13 83525
20150217 26.93 26.93 26.93 26.93 18372
20150225 29.62 28.30 29.62 26.89 419130
20150226 28.35 26.89 28.60 26.40 241517
20150227 26.70 27.18 27.76 25.80 253721
20150302 27.56 26.88 28.29 26.50 259044
20150303 26.50 26.70 27.57 25.90 194883
20150304 26.58 27.33 27.87 26.42 171356
20150305 27.00 28.20 29.29 26.78 253180
20150306 27.70 25.38 27.90 25.38 300767
20150309 24.78 24.87 25.40 24.18 136037
20150310 24.60 25.30 25.74 24.60 112194
20150311 25.95 24.79 26.20 24.60 96693
20150312 24.98 23.42 25.16 23.01 147657
20150313 23.70 23.91 24.12 23.25 96922
20150316 24.29 25.05 25.27 24.16 111108
20150317 25.29 25.04 25.39 24.70 101956
20150318 25.30 25.58 25.65 24.81 102732
20150319 25.60 25.75 26.98 25.60 153878
20150320 25.90 25.24 26.00 25.08 125548
20150323 25.53 25.42 25.65 25.00 158243
20150324 25.40 27.96 27.96 25.21 281432
20150325 27.90 28.40 29.95 27.30 266400
20150403 31.24 31.24 31.24 31.24 4180
20150407 33.87 30.87 33.87 30.60 293301
20150408 30.63 30.75 32.50 30.57 192065
20150409 30.74 29.00 30.74 27.68 202191
20150410 28.99 29.43 30.09 28.61 128179
20150413 29.06 29.95 30.98 29.00 157445
20150414 30.27 29.33 30.67 28.90 132448
20150415 29.03 27.51 29.18 27.11 132225
20150416 27.20 28.50 29.30 27.13 95059
20150417 28.89 28.15 29.20 28.02 78539
20150420 27.60 26.64 27.80 26.26 138978
20150421 26.69 27.87 27.92 26.65 96562
20150422 28.16 29.28 30.09 28.15 165174
20150423 29.80 31.03 31.53 29.10 219663
20150424 30.01 29.96 30.59 29.42 121050
20150427 30.10 29.50 30.77 29.15 99249
20150428 29.49 27.80 29.49 27.69 95535
20150429 27.65 28.45 28.62 27.10 80410
20150430 28.31 28.88 29.48 28.30 77313
20150504 28.60 28.33 29.60 28.02 66298
20150505 28.35 26.86 28.66 26.73 91713
20150506 27.38 27.15 27.68 27.02 80139
20150507 27.15 26.69 27.39 26.03 35405
20150508 26.96 27.34 27.50 26.80 61094
20150511 27.90 29.70 30.07 27.68 169986
20150512 29.71 29.41 30.27 28.98 133215
20150513 29.15 31.15 31.19 28.74 251382
20150514 31.24 32.65 32.88 30.00 233451
20150515 32.30 31.24 32.30 30.81 132771
20150518 31.24 30.44 31.57 30.29 111467
20150519 30.55 31.18 31.33 30.55 102927
20150520 31.30 33.94 33.99 30.75 199393
20150521 34.30 36.82 37.33 34.30 234503
20150522 36.86 35.35 37.40 34.88 167721
20150525 34.50 35.68 36.14 34.01 105477
20150526 35.75 35.89 36.37 35.41 137861
20150527 36.40 34.67 36.97 34.30 189434
20150528 34.20 31.20 35.56 31.20 188621
20150529 31.70 30.77 32.08 29.00 163881
20150601 31.31 32.06 32.43 30.50 164032
20150602 33.50 32.92 33.75 32.06 211339
20150603 33.21 33.05 33.37 31.68 168454
20150604 33.15 32.40 33.80 30.65 163240
20150605 33.27 34.01 34.81 32.63 244326
20150608 34.50 32.79 34.79 32.70 212116
20150609 33.00 32.05 33.10 31.61 135954
20150610 31.95 32.63 32.97 31.25 136484
20150611 32.90 32.51 32.90 32.05 95711
20150612 32.51 35.08 35.10 32.51 225408
20150615 35.48 35.51 36.36 33.66 266531
20150616 34.62 35.90 37.15 34.00 252206
20150617 35.80 38.77 39.48 35.20 278921
20150618 38.05 36.60 38.92 36.20 200182
20150619 35.33 32.94 35.50 32.94 163464
20150623 32.03 31.35 32.49 29.65 147186
20150624 31.95 31.39 32.27 30.69 111279
20150625 31.67 28.47 31.67 28.25 162479
20150626 27.03 25.62 27.80 25.62 127460
20150629 26.00 23.06 26.19 23.06 137279
20150630 22.01 24.81 25.09 20.75 195942
20150701 24.30 22.33 25.37 22.33 132099
20150702 22.34 20.10 22.90 20.10 124303
20150703 18.88 18.10 20.32 18.09 143217
20150706 19.91 16.29 19.91 16.29 172865
20150721 17.92 17.92 17.92 17.92 3358
20150722 19.71 19.71 19.71 19.71 833
20150723 21.68 21.68 21.68 21.68 2203
20150724 23.85 23.85 23.85 23.85 5221
20150727 26.24 26.10 26.24 25.11 700721
20150728 24.00 25.61 27.09 23.49 414817
20150729 26.05 28.12 28.15 25.18 277556
20150730 27.99 27.39 29.37 27.06 263348
