20140102 13.74 14.01 14.23 13.73 57696
20140103 14.06 13.86 14.14 13.69 36022
20140106 13.70 13.72 13.99 13.63 32815
20140107 13.68 13.96 13.96 13.55 36851
20140108 13.83 13.64 13.93 13.60 34291
20140109 13.64 13.45 13.75 13.40 24933
20140110 13.45 13.62 13.83 13.45 27480
20140113 13.82 13.88 14.09 13.82 41558
20140114 13.91 13.98 14.07 13.83 33751
20140115 13.89 13.77 13.90 13.66 31532
20140116 13.72 13.98 14.05 13.61 48179
20140117 13.85 13.86 13.92 13.70 33926
20140120 13.92 14.13 14.16 13.89 59993
20140121 14.14 14.13 14.17 13.99 45674
20140122 14.05 14.30 14.35 14.00 63802
20140123 14.19 14.17 14.35 14.14 49044
20140124 14.38 14.42 14.78 14.24 95742
20140127 14.44 14.68 14.84 14.32 95823
20140128 14.36 14.50 14.65 14.10 79615
20140129 14.21 14.29 14.40 14.14 38222
20140130 14.37 14.23 14.45 14.06 40835
20140207 14.01 14.35 14.37 13.82 48117
20140210 14.35 14.77 14.77 14.28 89158
20140211 14.70 15.12 15.25 14.61 126279
20140212 15.08 15.08 15.16 14.88 104521
20140213 15.10 15.20 15.80 15.06 120329
20140214 15.56 15.30 15.70 15.22 68609
20140217 15.82 15.48 16.00 15.35 92907
20140218 15.49 14.97 15.49 14.91 91020
20140219 14.91 15.06 15.27 14.90 67874
20140220 14.96 14.71 15.04 14.68 55653
20140221 14.72 14.52 14.88 14.40 56279
20140224 14.54 14.57 14.60 14.31 39317
20140225 14.80 14.20 14.93 14.16 65008
20140226 14.23 15.29 15.48 14.23 137561
20140227 14.88 14.60 14.99 14.50 92849
20140228 14.60 14.95 15.18 14.50 88991
20140303 15.29 15.40 15.50 14.95 108316
20140304 15.60 15.10 15.88 14.99 165513
20140305 14.70 14.59 14.76 14.42 84247
20140306 14.59 14.59 14.68 14.50 41511
20140307 14.74 14.60 14.84 14.52 43860
20140310 14.28 13.86 14.29 13.80 65125
20140311 13.86 13.90 13.97 13.70 30793
20140312 13.97 14.21 14.25 13.90 44754
20140313 14.45 14.21 14.54 14.18 43152
20140314 14.35 14.14 14.43 14.02 29164
20140317 14.35 14.39 14.43 14.18 31373
20140318 14.20 14.09 14.20 14.04 41656
20140319 13.99 13.93 13.99 13.84 23493
20140320 13.74 13.49 13.81 13.49 40139
20140321 13.54 13.78 13.83 13.39 22631
20140324 13.72 13.75 13.78 13.63 25038
20140325 13.66 13.79 13.95 13.56 27905
20140326 13.78 13.78 13.88 13.62 20799
20140327 13.64 13.57 13.74 13.50 20244
20140328 13.59 13.51 13.66 13.45 23395
20140331 13.50 13.55 13.67 13.48 15656
20140401 13.46 13.55 13.58 13.36 21676
20140402 13.55 13.61 13.61 13.44 20206
20140403 13.62 13.71 13.77 13.60 25250
20140404 13.63 13.67 13.71 13.45 20451
20140408 13.53 13.89 13.89 13.53 35951
20140409 13.90 13.90 13.96 13.81 27419
20140410 13.90 13.93 13.96 13.81 27048
20140411 13.94 13.96 14.05 13.90 26843
20140414 13.98 14.00 14.11 13.90 24304
20140415 13.97 13.71 13.98 13.70 31873
20140416 13.65 13.58 13.65 13.50 21660
20140417 13.62 13.55 13.65 13.54 12506
20140418 13.55 13.60 13.62 13.49 10313
20140421 13.59 13.21 13.60 13.19 27393
20140422 13.22 13.34 13.34 13.20 17843
20140423 13.34 13.30 13.37 13.27 10809
20140424 13.29 13.35 13.45 13.28 14640
20140425 13.30 13.16 13.42 13.16 19450
20140428 13.23 13.33 13.35 13.10 29041
20140429 13.12 12.71 13.18 12.41 56271
20140430 12.69 12.65 12.69 12.44 20712
20140505 12.69 12.81 12.86 12.69 20597
20140506 12.81 12.76 12.84 12.69 16634
20140507 12.70 12.60 12.75 12.49 18038
20140508 12.45 12.60 12.65 12.36 21083
20140509 12.59 12.65 12.82 12.50 20124
20140512 12.70 13.34 13.54 12.58 76408
20140513 13.34 13.14 13.34 13.04 28823
20140514 13.01 13.03 13.17 12.97 15617
20140515 13.09 12.86 13.37 12.82 29990
20140516 12.75 12.96 12.98 12.60 16953
20140519 12.81 12.89 12.93 12.67 11437
20140520 12.92 12.88 13.15 12.83 16407
20140521 12.88 12.97 13.07 12.85 11706
20140522 12.93 12.88 13.05 12.88 10834
20140523 12.83 12.90 12.97 12.83 9735
20140526 12.93 12.89 13.00 12.86 15074
20140527 12.89 12.72 12.95 12.68 18615
20140528 12.62 12.68 12.69 12.50 25361
20140529 12.65 12.59 12.68 12.55 13719
20140530 12.57 12.60 12.66 12.52 13488
20140603 12.58 12.58 12.64 12.48 13945
20140604 12.52 12.48 12.59 12.46 13010
20140605 12.51 12.61 12.66 12.44 14056
20140606 12.66 12.65 12.78 12.61 16786
20140609 12.63 12.52 12.63 12.49 12957
20140610 12.52 12.64 12.65 12.46 19016
20140611 12.65 12.58 12.69 12.57 18400
20140612 12.59 12.59 12.69 12.56 19047
20140613 12.76 12.69 12.77 12.66 34670
20140616 12.76 12.84 12.87 12.74 32116
20140617 12.75 12.53 12.76 12.52 27362
20140618 12.55 12.52 12.65 12.43 26821
20140619 12.52 12.38 12.56 12.20 23292
20140620 13.00 12.70 13.13 12.70 72249
20140623 12.78 12.96 13.08 12.52 72037
20140624 12.85 12.87 12.96 12.71 36329
20140625 12.80 12.66 12.81 12.61 23632
20140626 12.66 12.72 12.88 12.66 27338
20140627 12.60 12.74 12.83 12.58 28676
20140630 12.70 12.77 12.82 12.64 28207
20140701 12.86 13.06 13.31 12.81 72905
20140702 13.05 13.08 13.15 12.90 37683
20140703 13.08 13.19 13.35 13.08 60580
20140704 13.11 13.00 13.16 12.97 34168
20140707 13.00 12.87 13.01 12.81 30215
20140708 12.84 12.90 12.96 12.84 18910
20140709 12.94 12.97 13.08 12.89 42440
20140710 13.05 13.00 13.06 12.85 29407
20140711 13.20 13.19 13.37 13.14 64952
20140714 13.09 13.17 13.25 12.98 46775
20140715 13.00 13.02 13.05 12.90 36453
20140716 12.93 12.99 13.00 12.86 32469
20140717 13.00 13.20 13.24 12.92 50293
20140718 13.43 13.19 13.66 13.15 80584
20140721 13.05 13.00 13.10 12.88 39101
20140722 12.95 13.19 13.26 12.91 52119
20140723 13.20 13.26 13.50 13.10 64777
20140724 13.20 13.46 13.59 13.00 86472
20140725 13.36 13.89 14.04 13.36 159939
20140728 14.05 14.15 14.43 13.77 182565
20140729 14.02 14.03 14.25 13.96 104843
20140730 13.99 13.89 14.14 13.80 76452
20140731 13.94 14.89 15.28 13.88 336989
20140801 14.60 14.27 14.73 14.26 186498
20140804 14.28 14.46 14.49 14.21 94381
20140805 14.47 14.50 14.65 14.33 89789
20140806 14.38 14.67 14.79 14.29 105113
20140807 14.98 14.41 15.07 14.40 112747
20140808 14.51 15.50 15.85 14.43 315843
20140811 15.10 15.46 15.56 15.00 173381
20140812 15.35 15.28 15.40 15.16 85147
20140813 15.20 15.33 15.58 15.03 87194
20140814 15.28 14.89 15.49 14.85 107067
20140815 14.87 14.79 14.94 14.48 98029
20140818 14.65 14.75 14.91 14.60 65426
20140819 14.80 14.90 15.07 14.71 80134
20140820 14.92 14.73 14.92 14.68 56467
20140821 14.63 14.54 14.82 14.43 61096
20140822 14.50 14.76 14.84 14.47 70121
20140825 14.73 14.48 14.85 14.43 52016
20140826 14.48 14.40 14.58 14.15 71375
20140827 14.23 14.28 14.42 14.23 35020
20140828 14.33 14.11 14.39 14.03 44282
20140829 14.11 14.24 14.25 14.11 35862
20140901 14.20 14.44 14.46 14.20 48518
20140902 14.36 14.57 14.63 14.35 63331
20140903 14.46 14.60 14.65 14.41 92269
20140904 14.60 14.69 14.75 14.51 98737
20140905 14.67 14.78 14.84 14.57 93599
20140909 14.68 14.58 14.73 14.51 62840
20140910 14.52 14.58 14.61 14.42 54723
20140911 14.52 14.79 14.88 14.47 97136
20140912 14.72 14.72 14.76 14.56 64438
20140915 14.68 14.89 14.97 14.60 97323
20140916 14.86 14.78 15.48 14.78 167021
20140917 14.75 15.27 15.35 14.69 165654
20140918 15.13 15.07 15.13 14.91 82736
20140919 14.90 14.90 15.03 14.73 70725
20140922 14.80 14.49 14.87 14.47 72601
20140923 14.51 14.55 14.65 14.51 47779
20140924 14.58 14.82 14.85 14.57 59063
20140925 14.79 14.69 14.93 14.66 63059
20140926 14.86 14.85 15.03 14.74 59148
20140929 14.92 14.89 14.98 14.76 65847
20140930 14.90 15.06 15.16 14.89 88728
20141008 15.03 15.02 15.03 14.82 74661
20141009 15.11 15.32 15.48 14.88 150362
20141010 15.16 15.00 15.28 14.96 81778
20141013 15.05 15.32 15.38 15.01 99191
20141014 15.40 15.19 15.46 15.12 90481
20141015 15.15 15.08 15.19 14.87 68691
20141016 15.13 15.37 15.74 15.13 181041
20141017 15.27 15.06 15.27 14.80 108231
20141020 15.09 15.07 15.14 14.83 58950
20141021 15.08 15.30 15.33 15.02 90853
20141022 15.18 14.75 15.28 14.73 71009
20141023 14.75 14.26 14.84 14.20 69154
20141024 14.20 14.24 14.35 14.10 35154
20141027 14.19 14.26 14.37 14.14 26633
20141028 14.26 14.57 14.62 14.26 42834
20141029 14.62 14.72 14.73 14.52 66490
20141030 14.60 14.96 15.27 14.50 114652
20141031 14.81 15.01 15.08 14.75 114513
20141103 14.89 15.68 16.50 14.85 213570
20141104 15.80 15.77 15.95 15.44 151918
20141105 15.70 15.96 16.35 15.67 160251
20141106 15.78 16.50 16.86 15.70 217634
20141107 16.20 16.22 16.45 16.10 144824
20141110 16.34 16.12 16.38 15.77 127566
20141111 16.14 15.50 16.14 15.19 140191
20141112 15.45 15.72 15.76 15.38 70181
20141113 15.61 15.90 16.10 15.29 120552
20141114 15.84 15.64 15.84 15.44 56814
20141117 15.95 16.10 16.23 15.70 153907
20141118 15.98 15.90 16.06 15.75 61628
20141119 16.00 15.70 16.20 15.60 81598
20141120 15.60 15.64 15.79 15.50 50280
20141121 15.62 15.73 15.76 15.50 59974
20141124 15.95 16.32 16.42 15.75 172188
20141125 16.31 17.67 17.85 16.20 322963
20141126 17.60 17.23 17.60 17.01 205167
20141127 17.25 17.47 17.50 17.02 133483
20141128 17.90 17.12 18.20 16.85 276715
20141201 16.61 16.68 16.85 16.32 153031
20141202 17.09 16.87 17.18 16.76 156462
20141203 16.68 17.54 18.17 16.50 278811
20141204 17.54 17.73 17.90 17.38 201916
20141205 17.76 16.81 17.81 16.42 174076
20141208 16.70 17.12 17.27 16.52 127929
20141209 17.04 16.45 17.79 16.38 205420
20141210 17.00 17.24 17.28 16.66 145086
20141211 17.05 17.32 17.40 16.91 127613
20141212 17.26 17.49 17.65 17.22 110200
20141215 17.40 17.36 17.44 17.08 76090
20141216 17.17 17.17 17.21 16.82 107922
20141217 17.07 16.79 17.15 16.55 100202
20141218 16.74 16.83 17.07 16.60 79861
20141219 16.72 16.86 17.05 16.41 96145
20141222 16.76 16.63 17.28 16.28 127822
20141223 16.28 15.63 16.28 15.51 99423
20141224 15.69 15.87 15.91 15.51 68785
20141225 15.87 16.05 16.08 15.73 53663
20141226 16.07 16.25 16.34 16.02 70217
20141229 16.38 16.36 16.98 16.18 76629
20141230 16.28 15.77 16.28 15.70 63625
20141231 16.00 16.21 16.38 15.96 72193
20150105 16.08 17.09 17.26 16.01 184851
20150106 17.06 16.92 17.28 16.52 125184
20150107 17.10 17.70 18.50 17.08 253326
20150108 17.36 17.33 17.65 17.21 127281
20150109 17.33 17.19 17.76 17.18 99971
20150112 17.47 17.46 17.74 17.03 98890
20150113 17.65 17.31 17.92 17.30 116722
20150114 17.23 16.81 17.23 16.60 87030
20150115 16.82 16.91 16.99 16.62 48819
20150116 18.00 17.53 18.14 17.33 138893
20150202 17.00 17.20 17.87 16.90 118901
20150203 17.28 18.11 18.11 16.98 131736
20150204 17.88 17.69 18.10 17.65 92043
20150205 18.10 17.43 18.17 17.40 80756
20150206 17.33 18.40 18.96 17.10 238458
20150209 18.30 18.71 18.78 17.63 162574
20150210 18.53 18.16 18.58 17.85 122749
20150211 18.05 18.30 18.43 18.00 73717
20150212 18.20 17.77 18.28 17.68 92286
20150213 17.88 18.02 18.37 17.78 99215
20150216 18.01 17.91 18.15 17.86 92495
20150217 17.91 17.98 18.14 17.91 58639
20150225 17.87 17.55 17.87 17.37 83060
20150226 17.57 17.96 17.98 17.37 71232
20150227 17.90 18.60 18.70 17.75 147042
20150302 18.60 18.79 18.98 18.41 199280
20150303 18.51 18.33 18.65 18.33 98327
20150304 18.29 18.64 18.70 18.03 75532
20150305 18.62 18.77 19.10 18.53 94562
20150306 18.98 18.71 19.08 18.47 93651
20150309 18.40 19.82 20.15 18.21 206382
20150310 19.50 19.50 19.91 19.33 167215
20150311 19.60 19.29 19.77 18.96 88346
20150312 19.49 19.10 19.64 18.80 99150
20150313 19.10 19.63 19.72 19.10 92800
20150316 19.73 19.91 20.04 19.67 114474
20150317 20.08 19.98 20.38 19.80 132977
20150318 19.98 20.58 20.65 19.80 170880
20150319 20.90 20.92 21.90 20.68 286393
20150320 21.30 20.80 21.38 20.60 184893
20150323 21.25 21.70 22.26 21.20 325763
20150324 21.80 22.46 22.66 21.50 392526
20150325 22.49 22.45 22.76 22.04 244177
20150326 22.44 22.51 22.99 22.12 185173
20150327 22.77 23.18 23.65 22.75 242450
20150330 23.21 23.20 23.29 22.80 160293
20150331 23.10 22.56 23.10 22.50 183983
20150401 22.65 23.87 23.88 22.49 226032
20150402 24.21 26.15 26.26 24.20 327925
20150403 26.15 27.25 27.35 25.71 285135
20150407 27.41 28.65 28.65 27.26 257762
20150408 28.81 28.02 29.09 26.00 274002
20150409 30.69 30.30 30.69 28.02 451153
20150410 30.00 33.33 33.33 29.35 348491
20150413 34.60 33.54 36.12 33.40 428143
20150414 32.23 30.56 33.00 30.46 400313
20150415 30.60 29.26 30.60 29.20 271662
20150416 14.12 13.98 14.75 13.08 517582
20150417 14.13 14.02 14.54 13.91 535333
20150420 13.94 13.80 14.49 13.40 540935
20150421 13.56 14.19 14.24 13.48 470425
20150422 14.20 15.13 15.37 14.09 725855
20150423 14.73 15.13 15.50 14.63 606800
20150424 14.86 14.78 15.25 14.60 394118
20150427 14.78 14.56 14.95 14.30 474021
20150428 14.78 14.15 14.88 13.99 410346
20150429 14.35 15.57 15.57 14.21 841481
20150430 15.98 14.92 15.99 14.80 710228
20150504 14.50 14.42 14.75 14.16 357067
20150505 14.60 13.89 14.69 13.71 326731
20150506 13.99 13.57 14.23 13.43 249471
20150507 13.57 13.08 13.71 12.96 229958
20150508 13.30 13.51 13.62 13.10 247598
20150511 13.80 14.05 14.05 13.60 252356
20150512 14.05 13.97 14.07 13.77 299465
20150513 14.01 14.48 14.75 13.91 455078
20150514 14.97 14.69 15.18 14.38 458137
20150515 14.76 14.12 14.83 14.00 310336
20150518 14.02 14.66 15.12 13.82 376838
20150519 14.43 14.70 14.94 14.29 418585
20150520 14.55 14.98 15.21 14.37 667960
20150521 14.98 15.72 15.86 14.72 778940
20150522 15.85 15.69 15.98 15.21 698067
20150525 15.51 15.91 15.95 15.41 712490
20150526 16.06 16.81 16.96 15.70 845468
20150527 16.57 16.60 16.81 16.15 682140
20150528 16.60 14.94 16.91 14.94 711705
20150529 14.67 14.39 15.06 13.60 492290
20150601 14.43 15.12 15.15 14.25 386288
20150602 15.02 15.87 15.87 14.90 483276
20150603 15.88 16.20 16.43 15.59 608157
20150604 16.00 15.91 16.02 14.84 489475
20150605 15.95 16.87 16.95 15.95 990277
20150608 17.00 17.05 17.49 16.67 844802
20150609 17.05 16.72 17.06 16.50 479882
20150610 16.68 16.60 16.82 16.02 426361
20150611 16.66 17.14 17.20 16.42 492409
20150612 17.15 16.92 17.28 16.73 481149
20150615 16.90 17.05 17.46 16.31 715521
20150616 16.58 15.95 16.84 15.70 468195
20150617 15.97 16.14 16.15 15.00 361568
20150618 16.09 15.51 16.49 15.50 348974
20150619 15.42 14.12 15.95 14.00 390128
20150623 13.91 14.08 14.26 12.95 312366
20150624 14.20 14.34 14.44 13.98 304863
20150625 14.35 13.36 14.35 13.21 330339
20150626 12.97 12.02 13.07 12.02 384406
20150629 12.40 10.98 12.48 10.82 358004
20150630 10.90 11.97 11.97 10.13 365773
20150701 11.90 11.20 12.19 11.05 289743
20150702 11.34 10.37 11.44 10.20 261392
20150703 10.00 9.55 10.80 9.37 316742
20150706 10.51 10.00 10.51 8.81 390573
20150707 9.70 9.00 9.90 9.00 276846
20150708 8.10 9.16 9.50 8.10 686247
20150709 9.16 10.08 10.08 9.16 344316
20150710 10.30 11.09 11.09 10.30 337136
20150713 11.50 12.20 12.20 11.10 554520
20150714 11.85 11.52 12.48 11.45 466029
20150715 11.24 10.37 11.32 10.37 275381
20150716 10.37 10.59 10.95 9.88 225655
20150717 10.60 11.29 11.42 10.60 204440
20150720 11.29 11.16 11.50 10.90 274135
20150721 10.94 11.35 11.59 10.65 277104
20150722 11.12 11.12 11.38 10.92 201077
20150723 11.10 11.39 11.39 10.95 300468
20150724 11.32 11.13 11.74 11.00 371512
20150727 10.78 10.02 11.00 10.02 264735
20150728 9.81 10.16 10.28 9.24 283445
20150729 10.20 10.54 10.55 9.77 173776
20150730 10.40 9.85 10.54 9.83 181009
