20140102 15.20 15.47 15.49 15.00 16349
20140103 15.47 15.59 15.59 15.17 19756
20140106 15.65 14.69 15.75 14.58 23235
20140107 14.61 14.88 15.01 14.39 14968
20140108 14.97 14.94 15.24 14.83 13961
20140109 15.00 14.68 15.28 14.60 16163
20140110 14.60 13.78 14.60 13.67 20481
20140113 13.96 13.88 13.97 13.59 13108
20140114 13.82 14.25 14.26 13.75 12125
20140115 14.18 14.36 14.46 14.12 12025
20140116 14.48 14.60 14.71 14.30 13790
20140117 14.50 14.44 14.58 14.31 9905
20140120 14.50 14.39 14.69 14.20 10135
20140121 14.40 14.53 14.62 14.38 9044
20140122 14.55 15.17 15.19 14.53 23425
20140123 15.20 15.18 15.24 14.94 19104
20140124 15.03 15.34 15.48 15.02 20633
20140127 15.36 15.14 15.36 15.08 12626
20140128 15.17 14.90 15.26 14.89 12857
20140129 14.90 15.05 15.14 14.90 10268
20140130 15.08 14.86 15.13 14.81 9096
20140207 14.75 15.03 15.04 14.50 9223
20140210 15.06 15.66 15.86 15.06 29993
20140211 15.60 15.76 15.82 15.31 28890
20140212 15.70 16.44 16.46 15.57 36394
20140213 16.41 15.84 16.41 15.75 24601
20140214 15.83 16.12 16.30 15.78 18075
20140217 16.17 16.65 16.65 16.16 31159
20140218 16.67 16.50 16.80 16.37 29709
20140219 16.50 16.26 16.60 16.12 22091
20140220 16.24 15.98 16.34 15.90 16547
20140221 15.93 16.07 16.31 15.88 13778
20140224 16.16 16.40 16.41 15.95 13968
20140225 16.47 15.28 16.66 15.21 25383
20140226 15.28 15.26 15.40 14.83 13906
20140227 15.30 15.10 15.65 14.88 11682
20140228 15.02 15.07 15.10 14.61 10030
20140303 15.07 15.52 15.57 15.07 11869
20140304 15.40 15.34 15.40 15.13 8651
20140305 15.34 15.41 15.59 15.33 8966
20140306 15.42 15.88 15.89 15.34 17032
20140307 15.90 17.47 17.47 15.89 37277
20140310 18.17 17.99 18.80 17.48 110903
20140311 17.94 16.81 17.95 16.75 57550
20140312 16.70 15.45 16.70 15.13 57477
20140313 15.46 15.53 15.72 15.29 25585
20140314 15.56 15.04 15.70 15.04 23749
20140317 15.08 16.54 16.54 15.08 32597
20140318 16.88 18.19 18.19 16.78 57148
20140319 18.74 18.50 19.99 18.40 130772
20140320 18.73 18.62 20.10 18.58 101133
20140321 18.07 18.81 19.17 17.78 63286
20140324 18.64 19.84 20.58 18.51 80813
20140325 19.86 18.47 20.45 18.02 60271
20140326 18.28 20.32 20.32 18.25 70366
20140327 20.79 20.10 21.70 20.10 97576
20140328 20.28 19.90 20.78 18.91 62385
20140331 19.74 18.88 20.18 18.50 43741
20140401 19.82 19.52 20.57 19.37 63660
20140402 19.02 21.15 21.15 18.85 70783
20140403 20.76 21.72 22.33 20.35 83906
20140404 21.67 21.45 22.19 21.19 48173
20140408 21.10 21.80 22.25 20.90 49758
20140409 21.99 23.98 23.98 21.34 76850
20140410 24.00 24.40 25.84 23.81 94016
20140411 24.01 25.60 26.30 23.82 81016
20140414 25.60 28.16 28.16 25.40 84952
20140415 28.72 27.29 29.08 26.40 94134
20140416 26.80 27.60 28.49 26.01 82125
20140417 27.31 25.60 27.34 25.60 61602
20140418 25.39 25.77 26.40 25.30 44218
20140421 25.58 25.95 26.29 24.81 39579
20140422 25.67 24.40 25.79 23.76 51484
20140423 24.40 24.42 24.78 24.10 27582
20140424 24.20 25.97 26.48 23.56 58748
20140425 25.42 23.88 25.96 23.88 36852
20140428 23.08 21.49 23.40 21.49 46983
20140429 21.29 21.76 21.99 21.19 26719
20140430 21.86 21.89 22.80 21.80 33111
20140505 21.89 22.57 22.70 21.28 29949
20140506 22.50 23.10 23.50 22.38 33623
20140507 22.85 22.01 22.88 22.00 34505
20140508 21.68 21.80 22.44 21.36 26544
20140509 22.30 22.17 23.82 22.16 47082
20140512 21.84 22.85 23.22 21.84 36227
20140513 22.77 22.97 23.46 22.60 26498
20140514 23.28 25.27 25.27 23.01 58498
20140515 25.47 26.50 27.70 25.32 104564
20140516 26.90 25.78 26.90 24.62 63779
20140519 12.83 12.95 14.00 12.83 180187
20140520 13.01 13.48 13.85 12.70 168098
20140521 13.29 13.11 13.40 12.82 105003
20140522 13.15 12.80 13.28 12.66 107305
20140523 12.59 12.46 12.64 11.87 135856
20140526 12.25 13.11 13.16 12.20 117188
20140527 12.96 12.72 13.07 12.63 86190
20140528 12.72 13.02 13.26 12.71 91157
20140529 12.95 12.31 12.95 12.30 93196
20140530 12.20 13.05 13.30 12.04 162891
20140603 12.87 13.28 13.30 12.55 115049
20140604 13.20 13.03 13.56 12.87 93850
20140605 13.08 13.10 13.18 12.72 71367
20140606 13.01 13.82 13.95 12.80 178431
20140609 13.70 14.20 14.20 13.63 163170
20140610 14.00 14.12 14.42 13.71 133910
20140611 14.05 14.57 14.69 13.81 156519
20140612 14.57 14.28 14.67 14.22 114545
20140613 14.31 14.76 15.38 14.20 180633
20140616 14.70 14.78 14.79 14.45 98551
20140617 14.66 14.29 14.76 14.28 74091
20140618 14.36 13.85 14.40 13.67 71964
20140619 13.81 13.15 14.04 12.78 64100
20140620 12.73 13.09 13.25 12.72 40906
20140623 13.02 13.22 13.46 13.02 42665
20140624 13.20 13.05 13.36 12.99 52670
20140625 13.19 14.36 14.36 13.19 155519
20140626 14.80 15.22 15.39 14.42 218578
20140627 14.98 15.34 15.54 14.80 157220
20140630 15.15 15.75 16.12 14.81 184676
20140701 15.45 15.55 15.68 15.25 107804
20140702 15.67 15.18 15.67 15.01 104698
20140703 15.17 15.42 15.90 14.90 118928
20140704 15.24 15.42 15.57 15.10 59152
20140707 15.36 16.29 16.30 15.15 145576
20140708 16.28 16.35 16.60 15.90 113333
20140709 16.29 15.30 16.49 15.13 129152
20140710 15.20 15.24 15.53 15.13 68215
20140711 15.35 15.87 16.05 15.35 74017
20140714 15.64 15.80 15.87 15.40 56947
20140715 15.75 15.59 15.87 15.09 56125
20140716 15.40 15.18 15.47 15.10 32976
20140717 15.10 15.64 15.83 15.00 62291
20140718 15.60 15.54 15.75 15.38 31241
20140721 15.54 15.19 15.58 15.00 33231
20140722 15.18 15.34 15.52 15.05 33295
20140723 15.34 14.51 15.34 14.42 60376
20140724 14.49 14.41 14.73 14.19 41748
20140725 14.42 14.17 14.50 14.04 37205
20140728 14.23 14.41 14.49 14.20 32620
20140729 14.55 15.57 15.70 14.50 86812
20140730 15.41 15.46 15.70 15.21 65184
20140731 15.46 15.30 15.50 15.00 53999
20140801 15.31 14.92 15.31 14.92 38132
20140804 14.95 15.07 15.17 14.92 26390
20140805 15.05 14.99 15.05 14.73 36924
20140806 14.99 15.40 15.54 14.84 60233
20140807 15.25 15.11 15.36 15.09 31255
20140808 15.12 15.16 15.28 15.00 26302
20140811 15.12 15.32 15.43 15.11 30927
20140812 15.35 15.48 15.48 15.23 44168
20140813 15.49 15.29 15.54 15.17 34303
20140814 15.26 15.18 15.37 15.13 31090
20140815 15.24 15.22 15.28 15.06 29124
20140818 15.20 15.67 15.68 15.12 59546
20140819 15.85 15.61 15.98 15.48 69126
20140820 15.58 15.47 15.58 15.35 44501
20140821 15.45 15.72 15.76 15.40 56151
20140822 15.76 16.36 16.58 15.62 111137
20140825 16.32 16.00 16.33 15.92 62745
20140826 15.76 15.41 15.99 15.30 47906
20140827 15.43 15.94 15.96 15.43 61955
20140828 15.94 15.55 15.94 15.41 30814
20140829 15.56 15.57 15.64 15.37 24195
20140901 15.60 15.90 15.92 15.58 35368
20140902 15.99 16.28 16.30 15.86 81826
20140903 16.52 17.03 17.58 16.52 129244
20140904 16.96 17.07 17.21 16.76 80518
20140905 16.89 16.91 17.07 16.64 54288
20140909 16.83 17.53 17.60 16.83 75470
20140910 17.54 17.44 17.55 17.18 54901
20140911 17.50 16.95 17.85 16.95 79123
20140912 16.85 17.35 17.35 16.85 45401
20140915 17.44 17.63 17.85 17.36 52656
20140916 17.63 16.89 17.85 16.86 57677
20140917 16.90 16.84 17.08 16.41 38480
20140918 16.83 17.40 17.40 16.63 32531
20140919 17.40 17.38 17.51 17.11 39505
20140922 17.30 16.88 17.30 16.82 24328
20140923 16.80 17.00 17.10 16.70 22613
20140924 17.01 17.88 18.18 16.89 77223
20140925 17.79 17.80 18.17 17.64 61637
20140926 17.74 17.93 18.13 17.70 39244
20140929 18.04 18.02 18.50 17.83 53779
20140930 18.10 17.96 18.10 17.66 37347
20141008 17.90 18.24 18.28 17.73 32011
20141009 18.27 18.54 18.77 17.90 64578
20141010 18.55 18.33 18.68 18.28 41252
20141013 18.25 18.10 18.25 17.78 33977
20141014 18.00 17.87 18.37 17.80 31912
20141015 17.89 17.95 18.05 17.70 19961
20141016 17.89 17.14 17.97 17.10 43396
20141017 17.12 17.00 17.23 16.60 33155
20141020 16.58 16.02 16.58 15.33 84915
20141021 15.85 16.15 16.28 15.75 39677
20141022 16.08 15.44 16.12 15.42 33287
20141023 15.38 15.71 15.78 15.05 36633
20141024 15.60 16.02 16.59 15.58 38511
20141027 16.00 16.18 16.38 15.60 23327
20141028 16.18 16.49 16.75 16.18 30394
20141029 16.44 16.60 16.71 16.44 33968
20141030 16.54 16.30 16.66 16.21 31711
20141031 16.36 16.17 16.43 15.91 27261
20141103 16.17 16.60 16.61 16.17 29177
20141104 16.62 16.44 16.65 16.38 18597
20141105 16.40 16.50 16.59 16.32 19657
20141106 16.58 16.57 16.62 16.38 18039
20141107 16.60 16.13 16.60 16.08 21298
20141110 16.01 15.95 16.20 15.71 22667
20141111 15.98 14.98 16.00 14.70 40586
20141112 14.99 15.42 15.51 14.95 19151
20141113 15.40 14.94 15.40 14.80 25700
20141114 14.98 14.85 15.10 14.80 12662
20141117 14.91 15.42 15.49 14.86 19769
20141118 15.43 15.67 15.90 15.42 17064
20141119 15.57 15.55 15.83 15.40 12874
20141120 15.45 15.39 15.54 15.38 8697
20141121 15.39 15.45 15.55 15.30 12308
20141124 15.55 15.60 15.77 15.41 19979
20141125 15.61 15.74 15.80 15.51 16096
20141126 15.74 15.89 15.98 15.62 17761
20141127 15.90 16.14 16.25 15.89 28907
20141128 16.15 15.89 16.15 15.77 26272
20141201 15.89 15.20 15.89 15.11 28819
20141202 15.22 15.52 15.75 15.22 20200
20141203 15.52 15.60 15.68 15.08 26214
20141204 15.61 15.70 15.87 15.53 29398
20141205 15.71 15.36 15.72 15.10 37592
20141208 15.37 15.13 15.45 15.08 32973
20141209 15.11 14.14 15.11 14.13 50111
20141210 14.08 14.48 14.63 14.05 20145
20141211 14.39 14.58 14.60 14.28 20310
20141212 14.58 14.78 14.78 14.58 17766
20141215 14.75 15.05 15.15 14.63 18848
20141216 15.10 15.01 15.16 14.91 15524
20141217 15.01 14.50 15.01 14.38 20746
20141218 14.50 14.19 14.50 14.17 27406
20141219 14.19 14.14 14.35 14.02 19399
20141222 14.14 13.22 14.26 12.74 29109
20141223 13.30 13.15 13.48 13.02 15649
20141224 13.30 13.45 13.47 13.15 12730
20141225 13.46 13.62 13.93 13.45 16120
20141226 13.52 13.45 13.66 13.37 12477
20141229 13.45 12.99 13.45 12.73 21116
20141230 13.00 12.85 13.10 12.74 13153
20141231 12.85 12.95 12.97 12.73 10526
20150105 12.94 12.83 13.00 12.60 19462
20150106 12.85 13.45 13.55 12.84 30923
20150107 13.51 13.54 13.82 13.50 23772
20150108 13.48 13.33 13.49 13.13 14070
20150109 13.38 13.23 13.43 13.20 13315
20150112 13.23 13.42 13.42 13.02 11587
20150113 13.49 13.59 13.65 13.41 18352
20150114 13.68 13.42 13.69 13.34 14762
20150115 13.48 13.56 13.61 13.32 15105
20150116 13.54 13.79 13.83 13.52 17238
20150119 13.60 13.65 14.08 13.50 25364
20150120 13.63 14.20 14.26 13.60 28703
20150121 14.19 14.36 14.36 14.08 26106
20150122 14.35 14.46 14.49 14.20 24332
20150123 14.47 14.12 14.51 14.06 20707
20150126 14.09 14.37 14.43 14.02 15372
20150127 14.37 14.32 14.48 14.13 16947
20150128 14.32 14.21 14.37 14.13 13560
20150129 14.21 14.43 14.44 14.07 18432
20150130 15.08 14.82 15.45 14.82 58697
20150202 14.56 14.31 14.56 14.01 24622
20150203 14.32 14.44 14.58 14.26 16266
20150204 14.55 14.63 14.73 14.46 17735
20150205 14.68 14.48 14.75 14.46 13688
20150206 14.40 14.02 14.45 14.00 14719
20150209 14.00 13.64 14.09 13.62 11550
20150210 13.60 13.90 13.90 13.51 9362
20150211 13.85 14.00 14.00 13.78 10081
20150212 14.01 14.18 14.19 14.00 7715
20150213 14.50 14.50 14.99 14.45 29439
20150216 14.42 14.71 14.78 14.42 21804
20150217 14.80 14.78 14.89 14.60 14849
20150225 14.83 14.84 14.89 14.71 12923
20150226 14.78 14.94 15.10 14.78 14694
20150227 14.90 14.95 15.09 14.83 17660
20150302 15.01 15.25 15.25 14.96 27605
20150303 15.26 15.33 15.60 15.11 40503
20150304 15.24 15.49 15.49 15.10 30250
20150305 15.47 15.85 16.15 15.36 54469
20150306 15.80 15.54 16.00 15.54 27876
20150309 15.52 15.39 15.52 15.00 20731
20150310 15.39 15.79 15.94 15.39 23689
20150311 15.86 15.69 16.08 15.60 20814
20150312 15.67 15.90 16.09 15.62 29324
20150313 16.58 16.64 17.39 16.10 63335
20150316 16.52 17.81 18.08 16.29 78088
20150317 17.55 17.65 17.89 17.41 59722
20150318 17.63 17.60 17.75 17.30 43018
20150319 17.68 17.74 17.76 17.43 43001
20150320 17.94 18.19 18.38 17.61 67533
20150323 18.35 18.50 18.55 18.00 66981
20150324 18.60 17.80 18.60 17.48 104048
20150325 17.70 17.47 17.70 17.24 65023
20150326 17.46 17.30 17.62 17.20 46654
20150327 17.37 18.20 18.45 17.37 76037
20150330 18.10 17.88 18.10 17.73 55037
20150331 17.88 19.08 19.56 17.88 148869
20150401 18.91 19.18 19.45 18.80 81301
20150402 19.18 19.40 19.40 18.91 67338
20150403 19.25 19.55 19.88 19.02 69104
20150407 19.72 19.56 19.96 19.37 71447
20150408 19.59 18.91 19.59 18.68 68258
20150409 18.71 20.28 20.40 18.38 115567
20150410 20.00 20.23 20.78 19.81 100852
20150413 20.16 20.56 20.85 19.91 75501
20150414 20.40 19.88 20.40 19.70 60716
20150415 19.68 18.20 19.82 18.00 76311
20150416 18.00 18.45 18.63 17.60 44041
20150417 18.45 18.45 18.80 18.18 44488
20150420 18.45 17.75 18.45 17.71 55337
20150421 17.79 18.49 18.60 17.79 40622
20150422 18.70 19.41 19.78 18.68 69408
20150423 19.37 19.27 19.58 19.05 51216
20150424 18.99 19.86 19.88 18.66 58876
20150427 20.20 19.92 20.38 19.67 77612
20150428 19.72 18.75 19.85 18.65 61823
20150429 18.69 18.84 19.27 18.49 38281
20150430 18.87 18.56 19.11 18.56 53987
20150504 18.60 18.95 19.11 18.11 55863
20150505 18.85 19.00 19.48 18.70 68124
20150506 19.39 19.16 19.66 19.00 74324
20150507 19.17 20.40 20.67 19.16 127625
20150508 20.59 22.21 22.44 19.95 201762
