20140102 8.78 8.77 8.85 8.70 19961
20140103 8.71 8.78 8.79 8.63 13744
20140106 8.78 8.61 8.78 8.56 17189
20140107 8.61 8.68 8.99 8.58 16723
20140108 8.60 8.88 9.10 8.60 38766
20140109 8.70 8.83 9.10 8.64 47573
20140110 8.80 8.89 9.03 8.78 33175
20140113 8.95 8.93 9.08 8.80 36986
20140114 8.94 8.73 8.94 8.60 45902
20140115 8.74 8.84 8.85 8.68 27186
20140116 8.81 8.89 8.91 8.80 28048
20140117 8.96 8.94 9.57 8.85 56138
20140120 9.00 8.80 9.15 8.66 33690
20140121 8.80 8.80 8.88 8.72 27541
20140122 8.81 8.95 9.00 8.75 60226
20140123 8.96 8.80 8.96 8.75 71369
20140124 8.80 8.77 8.83 8.69 39334
20140127 8.73 8.61 8.77 8.55 59219
20140128 8.62 8.58 8.70 8.48 38486
20140129 8.35 8.72 8.90 8.31 78145
20140130 8.66 8.84 8.88 8.66 28746
20140207 8.86 8.89 8.89 8.76 30704
20140210 8.90 9.02 9.06 8.88 66032
20140211 9.02 8.94 9.09 8.87 49718
20140212 8.94 9.22 9.23 8.93 75261
20140213 9.16 9.09 9.31 9.09 46483
20140214 9.10 9.13 9.24 8.98 36218
20140217 9.17 9.42 9.46 9.13 86464
20140218 9.40 9.50 9.59 9.33 71418
20140219 9.41 9.37 9.48 9.22 59675
20140220 9.38 9.40 9.43 9.16 61976
20140221 9.37 9.23 9.42 9.11 37959
20140224 9.20 9.15 9.20 8.98 38773
20140225 9.30 9.04 9.48 8.91 74628
20140226 8.92 8.99 9.08 8.60 47114
20140227 8.93 8.86 9.08 8.84 35814
20140228 8.82 9.07 9.15 8.81 41036
20140303 9.10 9.33 9.46 9.08 73831
20140304 9.32 9.38 9.45 9.21 52992
20140305 9.44 9.20 9.47 9.12 67138
20140306 9.25 9.26 9.34 9.12 54303
20140307 9.26 9.20 9.33 9.10 39007
20140310 8.85 8.91 9.00 8.72 84671
20140311 8.83 9.00 9.00 8.77 34457
20140312 9.00 8.88 9.04 8.78 33426
20140313 8.95 8.99 9.05 8.87 28698
20140314 8.99 8.91 8.99 8.82 24054
20140317 8.95 8.92 9.00 8.83 26379
20140318 8.93 8.84 8.95 8.83 22763
20140319 8.84 8.85 8.90 8.76 25077
20140320 8.85 8.62 8.89 8.62 39496
20140521 9.48 8.65 9.48 7.76 395235
20140522 8.06 8.11 8.29 8.02 192555
20140523 8.10 8.12 8.20 8.00 85955
20140526 8.12 8.11 8.16 8.04 62646
20140527 8.11 8.12 8.17 8.07 48069
20140528 8.12 8.21 8.28 8.08 63035
20140529 8.21 8.17 8.23 8.08 49354
20140530 8.17 8.18 8.24 8.15 32015
20140604 8.90 8.53 8.94 8.52 128952
20140605 8.46 8.52 8.66 8.41 47724
20140606 8.52 8.30 8.55 8.30 46754
20140609 8.28 8.31 8.48 8.24 26675
20140610 8.42 8.51 8.60 8.38 69519
20140611 8.55 8.54 8.65 8.49 31464
20140612 8.54 8.48 8.56 8.40 29800
20140613 8.48 8.56 8.58 8.44 34466
20140616 8.56 8.48 8.59 8.46 34959
20140617 8.46 8.43 8.54 8.38 25145
20140618 8.45 8.32 8.47 8.30 27670
20140619 8.32 8.17 8.36 8.13 42197
20140620 8.20 8.22 8.28 8.17 22556
20140623 8.26 8.27 8.29 8.21 26609
20140624 8.26 8.27 8.29 8.20 29880
20140625 8.25 8.30 8.68 8.19 85082
20140626 8.30 8.37 8.43 8.27 57905
20140627 8.38 8.38 8.44 8.29 54572
20140630 8.42 8.51 8.53 8.37 50661
20140701 8.46 8.46 8.51 8.41 39100
20140702 8.46 8.50 8.51 8.41 40939
20140703 8.78 8.61 8.78 8.55 116968
20140704 8.58 8.56 8.62 8.50 33567
20140707 8.65 8.65 8.71 8.55 44052
20140708 8.65 8.67 8.72 8.57 40415
20140709 8.67 8.49 8.70 8.47 38402
20140710 8.47 8.43 8.52 8.41 41158
20140711 8.45 8.52 8.56 8.43 41796
20140714 8.56 8.60 8.65 8.50 33792
20140715 8.62 8.53 8.62 8.45 40141
20140716 8.55 8.46 8.61 8.44 46302
20140717 8.46 8.40 8.51 8.33 36984
20140718 8.40 8.46 8.48 8.38 40109
20140721 8.48 8.30 8.50 8.27 32500
20140722 8.28 8.34 8.46 8.26 33578
20140723 8.36 8.32 8.36 8.26 25539
20140724 8.29 8.20 8.35 8.15 45693
20140725 8.20 8.27 8.42 8.18 56141
20140728 8.28 8.34 8.36 8.24 53421
20140729 8.36 8.47 8.48 8.32 69217
20140730 8.48 8.65 8.67 8.45 87840
20140731 8.65 8.75 8.78 8.62 109780
20140801 8.75 8.67 8.78 8.65 80377
20140804 8.71 9.02 9.05 8.71 141396
20140805 9.05 9.04 9.18 8.88 119496
20140806 9.00 8.90 9.00 8.87 90187
20140807 8.95 8.82 9.07 8.81 101003
20140808 8.78 8.98 9.00 8.76 78353
20140811 9.02 9.17 9.18 8.94 82622
20140812 9.18 9.20 9.33 9.11 109364
20140813 9.20 9.22 9.32 9.11 93853
20140814 9.28 9.36 9.56 9.22 112044
20140815 9.34 9.46 9.53 9.21 88704
20140818 9.46 9.47 9.52 9.36 101010
20140819 9.51 9.35 9.52 9.28 81785
20140820 9.38 9.30 9.45 9.29 55911
20140821 9.25 9.17 9.37 9.07 73064
20140822 9.15 9.20 9.26 9.10 52969
20140825 9.10 9.11 9.18 8.91 90418
20140826 9.08 9.20 9.24 9.01 74758
20140827 9.16 9.72 9.73 9.12 155739
20140828 9.68 9.68 9.77 9.46 106038
20140829 9.66 9.79 9.81 9.48 106087
20140901 9.78 9.89 9.96 9.67 78256
20140902 9.89 10.03 10.16 9.89 103421
20140903 10.06 9.88 10.06 9.71 96109
20140904 9.92 10.28 10.34 9.90 97958
20140905 10.30 10.35 10.46 10.17 71583
20140909 10.35 10.22 10.36 10.12 60425
20140910 10.20 10.44 10.48 10.06 66811
20140911 10.45 10.30 10.70 10.28 63904
20140912 10.29 10.43 10.48 10.25 52687
20140915 10.45 10.88 11.08 10.37 85300
20140916 10.88 10.56 11.18 10.52 108403
20140917 10.65 10.75 10.85 10.42 57681
20140918 10.67 10.77 10.85 10.48 53000
20140919 10.80 10.42 10.84 10.41 98375
20140922 10.43 10.40 10.60 10.27 63305
20140923 10.40 10.43 10.57 10.35 51389
20140924 10.43 10.75 10.78 10.43 58237
20140925 10.75 10.81 10.97 10.60 74576
20140926 10.79 11.21 11.25 10.68 98924
20140929 11.25 11.25 11.68 11.16 88534
20140930 11.32 11.45 11.49 11.25 75588
20141008 11.48 11.75 11.98 11.48 58819
20141009 11.75 11.81 11.89 11.54 65733
20141010 11.70 11.48 11.81 11.47 71782
20141013 11.47 12.09 12.15 11.42 82072
20141014 12.07 12.40 12.65 12.03 83463
20141015 12.10 12.57 12.58 12.06 72818
20141016 12.56 12.26 12.81 12.24 57945
20141017 12.20 11.99 12.32 11.51 75900
20141020 12.02 12.00 12.09 11.80 43148
20141021 12.10 11.94 12.20 11.82 25215
20141022 12.00 11.70 12.10 11.67 38266
20141023 11.86 11.80 11.86 11.49 38930
20141024 11.80 11.86 12.12 11.63 42636
20141027 11.86 12.03 12.11 11.79 39117
20141028 12.07 12.05 12.22 11.80 72766
20141029 12.09 12.30 12.43 11.99 84449
20141030 12.50 12.13 12.50 12.12 50987
20141031 12.13 11.62 12.17 11.48 108481
20141103 11.65 11.63 11.69 11.41 75666
20141104 11.63 11.44 11.63 11.32 53353
20141105 11.44 11.56 11.61 11.36 61039
20141106 11.56 11.59 11.60 11.40 39976
20141107 11.59 11.31 11.59 11.19 59464
20141110 11.31 11.10 11.36 11.04 63206
20141111 11.16 11.26 11.30 10.85 65672
20141112 11.23 11.10 11.29 10.95 55822
20141113 11.11 10.54 11.11 10.42 81429
20141114 10.43 10.50 10.58 10.16 72785
20141117 10.50 10.70 10.87 10.30 55623
20141118 10.66 10.76 10.84 10.56 30334
20141119 10.71 10.78 10.84 10.61 21717
20141120 10.75 10.65 10.87 10.65 29736
20141121 10.65 10.80 10.88 10.62 42233
20141124 10.85 10.88 11.00 10.79 42818
20141125 10.86 11.08 11.11 10.78 68749
20141126 11.14 11.03 11.14 10.88 63805
20141127 11.08 10.78 11.14 10.72 87572
20141128 10.73 10.66 10.78 10.49 79664
20141201 10.64 10.56 10.74 10.35 69761
20141202 10.56 10.39 10.64 10.37 78218
20141203 10.45 10.46 10.46 10.24 108151
20141204 10.46 10.64 10.83 10.46 124240
20141205 10.64 10.11 10.64 10.04 129065
20141208 10.10 9.97 10.19 9.95 88290
20141209 9.99 9.37 10.03 9.26 137590
20141210 9.38 9.69 9.70 8.43 319066
20141211 9.27 9.41 9.53 9.02 158844
20141212 9.41 9.71 9.74 9.36 107790
20141215 8.74 9.30 9.68 8.74 292710
20141216 9.28 9.25 9.41 9.07 169549
20141217 9.20 8.87 9.23 8.80 173498
20141218 8.89 9.08 9.25 8.89 154083
20141219 9.08 8.88 9.15 8.71 124239
20141222 8.83 8.11 8.83 8.00 119889
20141223 8.08 8.17 8.28 7.93 59394
20141224 8.24 8.47 8.47 8.10 63351
20141225 8.46 8.56 8.59 8.35 55633
20141226 8.57 8.60 8.60 8.43 57521
20141229 8.56 8.31 8.56 8.19 73209
20141230 8.25 8.27 8.31 8.05 61293
20141231 8.25 8.68 8.71 8.15 90782
20150106 8.68 8.95 9.01 8.63 103093
20150107 8.95 9.24 9.34 8.91 142749
20150108 9.24 9.09 9.24 8.97 73300
20150109 9.30 8.98 9.31 8.98 59199
20150112 8.97 8.85 8.97 8.54 51659
20150113 8.80 9.25 9.28 8.79 80762
20150114 9.27 9.11 9.28 9.08 39409
20150115 9.11 9.18 9.33 9.05 59911
20150116 9.18 9.14 9.28 8.95 75641
20150119 8.88 8.83 9.14 8.69 83908
20150120 8.89 9.38 9.40 8.89 141742
20150121 9.40 9.69 9.80 9.32 128364
20150122 10.15 10.66 10.66 10.15 265375
20150123 10.90 10.33 10.90 10.30 219262
20150126 10.56 10.58 10.66 10.38 132780
20150127 10.68 10.59 10.74 10.35 115968
20150128 10.59 10.77 10.83 10.46 112811
20150129 10.70 10.43 10.70 10.36 84612
20150130 10.44 10.48 10.68 10.34 65703
20150202 10.15 9.80 10.44 9.70 159101
20150203 9.84 9.94 10.06 9.81 74611
20150204 9.85 9.86 9.98 9.74 73825
20150205 9.96 9.88 9.99 9.71 79599
20150206 9.78 9.73 9.84 9.48 54668
20150209 9.60 9.35 9.70 9.29 67323
20150210 9.38 9.65 9.70 9.38 80196
20150211 9.67 10.10 10.16 9.67 89535
20150212 10.12 10.02 10.24 9.94 59797
20150213 10.05 10.39 10.39 10.05 81705
20150216 10.45 11.01 11.20 10.45 157279
