20140102 19.77 21.30 21.48 19.70 84039
20140103 21.15 22.38 22.59 20.85 90371
20140106 22.60 21.80 22.65 21.61 44024
20140107 21.60 22.23 22.50 21.60 54011
20140108 22.24 22.59 22.78 22.24 56634
20140109 22.59 21.86 23.20 21.80 62169
20140110 21.70 20.98 21.97 20.90 46443
20140113 21.02 21.35 21.69 21.02 29687
20140114 21.35 22.25 22.34 21.24 28931
20140115 22.20 22.63 22.71 21.95 36674
20140116 22.63 22.20 22.70 21.90 27594
20140117 22.40 22.12 22.94 22.11 32461
20140120 22.09 21.39 22.32 21.01 32114
20140121 21.55 21.83 21.87 21.20 25194
20140122 21.81 21.95 22.25 21.56 45308
20140123 21.95 21.95 22.29 21.85 32890
20140124 21.91 23.45 23.57 21.68 87743
20140127 23.15 22.98 23.45 22.82 50690
20140128 23.19 23.16 23.44 22.90 41191
20140129 23.17 23.12 23.44 23.06 30257
20140130 23.12 22.44 23.13 22.35 31679
20140207 22.44 22.04 22.60 21.81 43920
20140210 22.04 23.09 23.13 21.93 69324
20140211 23.00 22.43 23.30 22.40 60793
20140212 22.50 22.38 22.70 21.98 60085
20140213 22.39 22.37 22.69 22.26 62713
20140214 22.30 22.10 22.51 21.80 56713
20140217 22.13 22.34 22.62 22.11 53025
20140218 22.30 22.95 22.98 21.96 84681
20140219 22.96 22.73 23.20 22.60 81818
20140220 22.80 22.47 22.92 21.97 49460
20140221 22.35 22.07 22.47 21.95 29488
20140224 21.90 21.76 21.90 21.01 44352
20140225 21.56 20.52 21.95 20.23 56301
20140226 20.39 19.91 20.39 19.35 46159
20140227 19.94 19.98 20.48 19.90 37209
20140228 20.00 20.21 20.28 19.60 23266
20140303 20.22 20.21 20.46 19.97 34993
20140304 20.03 20.89 20.97 19.97 46905
20140305 20.70 21.18 21.70 20.70 43772
20140306 21.18 20.87 21.43 20.70 21362
20140307 20.87 20.45 21.17 20.30 21394
20140310 20.45 19.78 20.45 19.61 19728
20140311 19.80 19.96 20.23 19.80 18623
20140312 20.01 19.66 20.22 19.55 17534
20140313 19.75 20.68 20.86 19.75 48694
20140314 20.83 21.32 21.65 20.60 93299
20140317 21.32 21.18 21.47 20.86 46501
20140318 21.22 21.05 21.41 20.93 46593
20140319 21.00 20.69 21.10 20.37 38434
20140320 20.70 20.68 21.29 20.68 27415
20140321 20.55 20.95 21.08 20.25 18185
20140324 20.90 20.23 20.95 20.16 35101
20140325 20.20 20.01 20.55 19.91 25940
20140326 20.02 20.22 20.37 20.02 16675
20140327 20.22 19.96 20.22 19.95 18878
20140328 19.95 18.59 20.05 18.21 35474
20140331 18.60 18.77 19.15 18.58 16143
20140401 18.65 18.82 19.09 18.62 14722
20140402 18.90 19.25 19.36 18.90 24270
20140403 19.30 19.24 19.38 19.21 14830
20140404 19.18 19.35 19.35 18.80 17860
20140408 19.25 19.41 19.45 19.03 18605
20140409 19.40 19.44 19.55 19.33 11445
20140410 19.44 19.36 19.52 19.35 12305
20140411 19.50 19.26 19.88 19.23 20574
20140414 19.37 19.39 19.53 18.98 19601
20140415 19.29 19.79 20.33 19.26 49506
20140416 19.55 19.56 19.73 19.41 16671
20140417 19.56 19.55 19.95 19.49 16969
20140418 19.45 19.46 19.55 19.31 10523
20140421 19.46 19.18 19.63 19.10 10764
20140422 19.18 18.69 19.37 18.55 30215
20140423 18.73 18.69 18.94 18.57 12457
20140424 18.60 18.21 18.72 18.19 22493
20140425 18.20 18.00 18.36 17.88 18701
20140428 17.75 17.98 18.17 17.74 16156
20140429 17.98 18.08 18.19 17.98 10664
20140430 18.09 18.27 18.54 18.09 12019
20140505 18.27 18.25 18.32 17.95 10875
20140506 18.25 18.30 18.59 18.14 13380
20140507 18.30 17.85 18.30 17.78 12404
20140508 17.90 18.10 18.24 17.87 10950
20140509 18.11 17.99 18.58 17.98 23408
20140512 18.15 18.25 18.38 17.95 17909
20140513 18.27 18.38 18.57 18.22 14730
20140514 18.29 18.27 18.42 18.25 6687
20140515 18.27 17.95 18.37 17.93 13006
20140516 17.96 17.97 18.13 17.92 6529
20140519 17.90 17.52 17.90 17.37 7720
20140520 17.54 17.30 17.80 17.06 21824
20140521 17.11 17.24 17.37 16.93 16881
20140522 17.17 17.31 17.59 17.17 14014
20140523 17.42 17.46 17.54 17.31 10100
20140526 17.70 17.68 17.87 17.49 14639
20140527 17.68 17.97 18.05 17.65 18116
20140528 17.95 18.28 18.38 17.83 24854
20140529 18.38 18.16 18.71 18.12 16740
20140530 18.18 18.05 18.27 17.87 13118
20140603 18.04 18.00 18.35 17.90 9887
20140604 17.86 18.07 18.27 17.82 9764
20140605 18.07 18.34 18.42 17.93 16235
20140606 18.35 18.32 18.50 18.13 16020
20140609 18.32 18.27 18.56 18.11 14874
20140610 18.29 18.36 18.45 18.23 14491
20140611 18.33 18.45 18.51 18.30 11917
20140612 18.35 18.14 18.48 18.12 12182
20140613 18.05 18.27 18.30 18.05 7469
20140616 18.27 18.11 18.30 17.98 20169
20140617 18.10 18.86 19.12 18.04 40384
20140618 18.87 18.78 19.16 18.61 27969
20140619 18.68 18.35 18.88 18.10 17618
20140620 18.39 17.94 18.54 17.78 19376
20140623 17.90 18.21 18.35 17.90 15111
20140624 18.17 18.19 18.37 18.17 11748
20140625 18.22 18.26 18.28 18.02 8670
20140626 18.30 18.62 18.80 18.18 20500
20140627 18.56 19.05 19.71 18.44 52369
20140630 19.07 19.20 19.44 18.70 28032
20140701 19.16 19.10 19.35 19.04 19511
20140702 19.10 19.33 19.34 19.01 22718
20140703 19.39 20.25 20.45 19.16 79012
20140704 20.20 19.92 20.20 19.75 37558
20140707 19.80 19.72 19.95 19.55 33515
20140708 19.66 19.28 19.85 19.28 24678
20140709 19.34 19.47 19.90 19.34 32598
20140710 19.35 19.47 19.74 19.35 13238
20140711 19.40 19.34 19.59 19.26 14282
20140714 19.34 19.87 20.02 19.21 18026
20140715 19.88 19.64 19.92 19.46 17602
20140716 19.50 19.18 19.70 19.11 32005
20140717 19.10 19.09 19.38 19.05 8309
20140718 19.20 19.45 19.66 19.19 15853
20140721 19.50 19.38 19.54 19.28 7728
20140722 19.30 19.60 19.65 19.27 14317
20140723 19.61 19.30 19.65 19.28 10786
20140724 19.30 18.58 19.52 18.40 29637
20140725 18.68 18.84 18.86 18.52 11241
20140728 18.97 19.57 19.63 18.85 30756
20140729 19.50 19.55 19.71 19.35 21691
20140730 19.41 19.31 19.70 19.30 17464
20140731 19.33 19.59 19.70 19.33 17042
20140801 19.59 19.62 20.05 19.52 27239
20140804 19.68 19.61 19.71 19.38 30387
20140805 19.61 19.58 19.75 19.46 28777
20140806 19.51 19.83 19.95 19.46 28039
20140807 19.96 19.64 20.03 19.55 22664
20140808 19.64 19.60 19.70 19.46 15889
20140811 19.68 19.79 19.88 19.61 19547
20140812 19.72 19.48 19.83 19.35 30030
20140813 19.50 19.21 19.50 19.06 26744
20140814 19.24 19.21 19.41 19.18 20587
20140815 19.30 19.43 19.53 19.20 19891
20140818 19.43 19.63 19.67 19.42 22267
20140819 19.63 19.93 19.98 19.57 39253
20140820 19.95 19.97 20.07 19.77 39891
20140821 19.98 19.76 19.98 19.51 22962
20140822 19.75 19.94 19.98 19.62 28689
20140825 20.05 19.96 20.20 19.84 37642
20140826 19.92 20.17 20.45 19.58 48135
20140827 20.17 20.21 20.36 19.86 31383
20140828 20.21 21.22 21.32 20.05 98058
20140829 20.95 20.80 21.18 20.55 92603
20140901 20.80 21.10 21.29 20.58 64681
20140902 21.06 21.25 21.28 20.88 41153
20140903 21.02 21.05 21.50 20.82 76036
20140904 21.00 20.79 21.55 20.68 78131
20140905 20.79 20.70 20.89 20.40 53876
20140909 20.70 20.98 21.10 20.59 37850
20140910 20.99 20.65 21.00 20.60 29018
20140911 20.60 20.57 20.92 20.45 39033
20140912 20.58 20.76 20.83 20.51 30748
20140915 20.89 20.72 20.93 20.63 33911
20140916 20.70 19.99 20.80 19.97 34810
20140917 19.88 20.51 20.67 19.80 58101
20140918 20.39 21.24 21.51 20.30 97952
20140919 21.41 21.17 21.54 21.10 48344
20140922 21.23 21.86 22.06 20.80 115274
20140923 21.65 22.00 22.16 21.56 48045
20140924 22.00 21.80 22.70 21.80 59299
20140925 21.79 21.43 21.93 21.19 42206
20140926 21.40 22.39 22.55 21.35 61188
20140929 22.43 22.14 22.52 22.01 30211
20140930 22.15 21.96 22.34 21.85 27591
20141008 21.90 22.51 22.52 21.66 48891
20141009 22.51 22.25 22.54 21.91 39360
20141010 22.08 22.41 22.48 21.78 48347
20141013 22.49 22.30 22.50 21.92 54311
20141014 22.10 21.83 22.28 21.80 42772
20141015 21.75 21.63 22.09 21.35 60635
20141016 21.63 21.24 21.89 21.24 53510
20141017 21.24 21.17 21.38 20.75 33188
20141020 21.20 21.91 22.02 21.12 42126
20141021 21.81 21.67 22.09 21.61 19578
20141022 21.69 21.04 21.73 21.00 29345
20141023 21.05 20.87 21.25 20.70 26765
20141024 20.99 20.85 21.08 20.80 16757
20141027 20.78 20.98 21.06 20.71 18501
20141028 20.96 21.55 21.69 20.95 23897
20141029 21.54 21.71 21.80 21.40 20596
20141030 21.71 22.19 22.21 21.51 73726
20141031 22.20 22.03 22.29 21.74 28924
20141103 21.90 21.40 22.10 21.26 44967
20141104 21.41 21.09 21.41 20.87 32044
20141105 21.06 21.22 21.35 21.04 23666
20141106 21.39 20.64 21.39 20.30 46628
20141107 20.48 20.43 20.78 20.00 43936
20141110 20.23 19.94 20.38 19.90 51752
20141111 19.98 19.50 20.08 19.11 52317
20141112 19.49 19.56 19.59 18.98 44766
20141113 19.49 19.44 19.65 19.00 41020
20141114 19.44 19.62 19.73 19.28 31234
20141117 19.70 20.22 20.26 19.42 33760
20141118 20.10 20.09 20.35 20.00 17034
20141119 20.09 19.93 20.19 19.61 24885
20141120 19.65 19.70 19.80 19.48 20348
20141121 19.70 19.91 20.06 19.70 21874
20141124 19.97 19.91 20.17 19.70 26931
20141125 19.88 19.94 20.00 19.79 26288
20141126 19.99 19.80 20.00 19.68 30598
20141127 19.89 19.51 19.92 19.20 71328
20141128 19.45 19.19 19.45 19.09 55070
20141201 19.07 19.08 19.30 18.82 48856
20141202 19.12 19.23 19.26 18.90 65242
20141203 19.22 19.52 19.52 18.96 63334
20141204 19.50 19.90 19.94 19.37 76912
20141205 19.95 19.10 19.98 18.85 92825
20141208 19.10 18.75 19.20 18.58 70732
20141209 18.75 17.60 18.75 17.45 72060
20141210 17.62 18.91 19.03 17.62 69641
20141211 18.95 18.78 19.37 18.58 55741
20141212 18.90 19.07 19.18 18.65 37680
20141215 19.08 19.35 19.36 18.91 43315
20141216 19.37 19.06 19.45 18.82 57972
20141217 19.00 18.65 19.00 18.61 29973
20141218 18.65 18.34 18.80 18.01 58386
20141219 18.35 18.09 18.38 17.97 40503
20141222 17.95 17.24 17.95 17.01 40398
20141223 17.22 17.11 17.78 16.88 36145
20141224 17.01 17.47 17.56 17.01 27938
20141225 17.50 17.29 17.68 17.04 38608
20141226 17.30 17.38 17.48 17.21 32151
20141229 17.38 17.41 17.54 17.09 37641
20141230 17.60 17.38 17.74 17.17 52523
20141231 17.30 17.14 17.30 16.90 50209
20150105 17.23 18.27 18.40 16.99 88511
20150106 17.96 19.12 19.19 17.86 88827
20150107 19.10 18.98 19.52 18.80 68426
20150108 18.89 18.89 19.16 18.66 29881
20150109 18.80 19.17 19.72 18.73 77423
20150112 19.30 19.26 19.49 19.00 43581
20150113 19.09 20.22 20.37 18.95 125958
20150114 19.93 19.64 20.19 19.44 95513
20150115 19.64 19.35 19.90 19.01 61215
20150116 19.24 19.76 19.84 18.83 80096
20150119 19.50 19.90 20.61 18.85 116061
20150120 19.96 21.00 21.61 19.95 101134
20150121 20.88 20.98 21.60 20.46 88149
20150122 21.10 21.79 21.95 21.09 105064
20150123 21.53 22.24 23.63 21.53 101928
20150126 22.55 23.50 23.80 22.50 121956
20150127 23.22 23.41 24.45 22.70 78500
20150128 23.33 23.21 24.11 22.99 76995
20150129 23.30 22.84 23.60 22.50 46583
20150130 22.84 22.61 23.11 22.30 38131
20150202 22.70 22.60 23.40 22.08 51522
20150203 22.95 22.49 23.13 22.35 46800
20150204 22.57 22.97 23.08 22.10 61788
20150205 23.00 22.20 23.00 22.11 56175
20150206 22.06 21.28 22.30 21.10 48296
20150209 21.34 21.10 21.55 20.80 35649
20150210 21.35 21.33 21.55 20.85 36861
20150211 21.50 22.39 22.48 21.15 60954
20150212 22.39 22.16 22.82 22.08 57881
20150213 22.15 22.36 22.69 22.10 45121
20150216 22.36 22.58 22.71 22.22 46613
20150217 22.52 22.91 23.25 22.52 63258
20150225 22.91 22.72 23.18 22.55 33318
20150226 22.72 22.90 22.94 22.59 26304
20150227 23.00 23.20 23.60 22.92 34413
20150302 23.20 23.02 23.30 22.42 67502
20150303 23.00 22.83 23.29 22.65 58675
20150304 22.84 25.11 25.11 22.84 73524
20150305 26.05 26.45 27.39 25.59 188115
20150306 26.19 25.39 26.84 25.15 84045
20150309 25.80 25.80 26.13 25.08 68942
20150310 25.60 26.45 26.52 25.30 71359
20150311 26.00 25.59 26.25 25.55 63474
20150312 25.58 25.60 26.10 25.25 54838
20150313 25.60 25.18 25.60 24.00 108987
20150316 25.08 25.32 25.66 24.68 92763
20150317 26.25 25.64 27.34 25.39 167449
20150318 25.60 25.88 26.10 24.70 104915
20150319 25.88 25.59 25.89 25.33 83530
20150320 25.45 25.84 26.20 25.23 127661
20150323 25.65 26.08 26.15 25.65 117303
20150324 26.08 25.90 26.08 25.30 91728
20150325 25.88 26.60 27.12 25.34 161328
20150326 26.55 25.90 26.67 25.51 84484
20150327 25.82 26.02 26.40 25.60 69747
20150330 26.00 26.53 26.60 25.90 124121
20150331 26.60 26.27 27.30 26.26 115943
20150401 26.30 27.20 27.37 26.30 124075
20150402 27.51 27.30 27.88 26.81 102871
20150403 27.20 28.18 28.88 26.80 135435
20150407 28.22 28.73 29.19 28.21 119143
20150408 28.80 27.85 28.99 27.40 127873
20150409 27.58 27.00 27.90 25.80 110080
20150410 26.85 27.71 27.86 26.71 81640
20150413 27.75 28.74 29.24 27.44 128082
20150414 28.74 28.63 29.50 28.30 127780
20150415 28.60 27.00 28.60 26.50 127210
20150416 26.65 26.67 27.68 26.40 75351
20150417 26.69 26.12 27.38 26.11 103646
20150420 26.10 25.15 26.39 25.10 96247
20150421 25.40 26.05 26.19 25.15 61094
20150422 26.05 26.68 26.86 26.05 77115
20150423 26.78 26.37 26.80 26.21 71855
20150424 26.28 25.89 26.67 25.83 82185
20150427 26.69 26.06 26.82 25.87 73129
20150428 26.00 25.01 26.00 24.87 96190
20150429 25.00 25.23 25.38 24.66 72231
20150430 25.50 25.16 25.88 24.97 80916
20150504 25.49 25.11 25.55 24.90 71747
20150505 25.11 24.58 25.24 24.31 68549
20150506 24.96 24.75 25.39 24.51 101671
20150507 24.76 25.03 25.22 24.65 58830
20150508 25.04 25.40 25.47 25.01 69592
20150511 25.55 25.97 25.97 25.50 104894
20150512 26.23 27.24 27.30 26.00 129654
20150513 27.25 28.05 29.20 27.25 178153
20150514 27.51 27.38 28.30 26.99 90836
20150515 27.99 27.05 28.00 26.70 71933
20150518 26.80 26.92 27.79 26.80 67556
20150519 26.96 27.41 27.55 26.41 86393
20150520 27.53 27.92 28.51 27.45 119714
20150521 28.16 30.71 30.71 28.10 204061
20150522 31.50 30.61 31.50 29.55 183273
20150525 30.53 31.62 32.67 29.60 109178
20150526 31.60 32.65 32.84 31.60 121331
20150527 32.66 33.70 33.75 32.40 124556
20150528 34.18 30.45 36.00 30.33 180888
20150529 31.38 31.56 32.55 29.37 133038
20150601 32.56 34.72 34.72 32.20 167412
20150602 35.07 38.15 38.19 33.92 149832
20150603 38.15 38.62 39.50 35.30 149007
20150604 38.34 38.49 38.50 35.00 116944
20150605 38.34 37.15 39.00 36.50 95911
20150608 36.30 35.00 36.80 34.55 125342
20150609 35.00 34.33 35.90 33.46 99751
20150610 34.00 34.95 35.50 33.51 83315
20150611 34.96 37.67 37.69 34.58 115377
20150612 37.51 38.17 39.43 36.01 136387
20150615 37.99 36.00 38.70 35.91 81402
20150616 35.65 34.50 35.67 33.69 65997
20150617 34.88 35.18 35.50 32.80 53573
20150618 35.10 33.14 35.79 32.90 55566
20150619 32.02 29.83 33.00 29.83 71200
20150623 29.85 30.70 31.08 26.85 103070
20150624 30.08 32.70 32.70 30.01 81780
20150625 32.00 32.40 33.98 31.00 112042
20150626 31.00 29.16 31.66 29.16 62192
20150629 30.60 26.24 30.61 26.24 94315
20150630 25.74 27.00 27.48 23.62 140531
20150701 26.80 26.58 28.50 25.31 153064
20150702 26.80 23.92 27.45 23.92 88569
20150703 22.00 21.53 24.30 21.53 118637
20150706 23.67 22.00 23.67 19.38 199864
20150707 20.40 20.44 20.99 19.80 212992
20150715 22.48 22.48 22.48 22.48 15194
20150716 24.49 22.99 24.49 20.25 146124
20150717 22.99 24.83 25.03 22.31 96793
20150720 25.00 25.91 26.56 24.82 118722
20150721 25.31 25.83 26.68 25.00 77109
20150722 26.30 26.00 26.49 25.54 81219
20150723 26.00 26.83 27.24 25.60 86689
20150724 26.61 25.56 26.87 25.12 89974
20150727 24.80 23.00 25.30 23.00 82453
20150728 21.95 21.70 23.85 20.90 152400
20150729 22.30 23.30 23.60 21.50 63215
20150730 23.73 22.52 24.23 22.31 68327
