20140102 5.20 5.21 5.25 5.13 44495
20140103 5.24 5.07 5.24 5.03 50978
20140106 5.07 5.05 5.15 5.00 53197
20140107 5.05 5.13 5.13 5.01 42981
20140108 5.13 5.06 5.16 5.02 38765
20140109 5.02 5.03 5.09 5.00 28909
20140110 5.01 4.83 5.01 4.83 42623
20140113 4.82 4.78 4.93 4.78 20716
20140114 4.79 4.88 4.88 4.74 21071
20140115 4.83 4.91 4.93 4.83 17175
20140116 4.91 4.91 4.93 4.83 24174
20140117 4.90 4.82 4.94 4.82 22207
20140120 4.77 4.82 4.85 4.74 24741
20140121 4.78 4.84 4.88 4.78 14716
20140122 4.84 4.99 5.01 4.82 34027
20140123 5.05 4.94 5.06 4.92 35085
20140124 4.94 5.01 5.15 4.94 98662
20140127 5.01 4.94 5.09 4.86 102696
20140128 4.94 4.90 5.00 4.86 81968
20140129 4.90 4.85 4.96 4.80 73157
20140130 4.85 5.19 5.24 4.83 95383
20140207 5.15 5.17 5.20 5.05 64260
20140210 5.14 5.20 5.22 5.12 101754
20140211 5.18 5.18 5.20 5.10 88698
20140212 5.17 5.27 5.34 5.15 167249
20140213 5.27 5.16 5.27 5.11 80314
20140214 5.16 5.19 5.21 5.12 41053
20140217 5.19 5.10 5.22 5.09 107928
20140218 5.11 5.08 5.14 4.98 113475
20140219 5.07 5.08 5.10 5.01 64734
20140220 5.08 4.97 5.08 4.94 73565
20140221 4.96 5.00 5.10 4.94 90622
20140224 4.96 4.80 4.97 4.73 85946
20140225 4.79 4.76 4.87 4.70 58358
20140226 4.77 4.94 4.95 4.75 101875
20140227 4.95 4.88 4.97 4.86 54058
20140228 4.87 4.89 4.91 4.77 46057
20140303 4.89 4.88 4.89 4.75 60274
20140304 4.85 4.87 4.92 4.82 33850
20140305 4.82 4.83 4.89 4.80 33796
20140306 4.83 4.83 4.87 4.75 43071
20140307 4.84 4.74 4.86 4.73 42751
20140310 4.72 4.63 4.76 4.60 49238
20140311 4.65 4.59 4.65 4.48 37049
20140312 4.56 4.60 4.63 4.51 23041
20140313 4.60 4.60 4.63 4.50 32175
20140314 4.59 4.63 4.65 4.57 18415
20140317 4.60 4.67 4.68 4.60 16653
20140318 4.67 4.66 4.69 4.64 14711
20140319 4.64 4.62 4.66 4.54 21279
20140320 4.63 4.59 4.68 4.59 24984
20140321 4.58 4.60 4.68 4.55 68067
20140324 4.63 4.70 4.86 4.53 234514
20140325 4.66 4.24 4.68 4.24 518730
20140326 4.25 4.29 4.30 4.18 295995
20140327 4.26 4.22 4.29 4.20 145458
20140328 4.21 4.17 4.25 4.15 86614
20140331 4.17 4.11 4.19 4.07 73725
20140401 4.12 4.15 4.17 4.11 78296
20140402 4.16 4.27 4.34 4.14 162978
20140403 4.25 4.23 4.32 4.21 80231
20140404 4.23 4.24 4.27 4.21 45333
20140408 4.24 4.26 4.28 4.22 86123
20140409 4.26 4.26 4.27 4.23 69049
20140410 4.25 4.22 4.25 4.21 93776
20140411 4.22 4.17 4.22 4.15 74439
20140414 4.17 4.22 4.22 4.17 49575
20140415 4.22 4.15 4.22 4.14 52222
20140416 4.13 4.16 4.18 4.13 33899
20140417 4.17 4.15 4.18 4.13 34271
20140418 4.16 4.00 4.16 3.98 244918
20140421 3.98 3.90 4.00 3.88 118779
20140422 3.89 3.90 3.91 3.83 76927
20140423 3.88 3.91 3.96 3.88 57196
20140424 3.91 3.88 3.93 3.87 44282
20140425 3.88 3.70 3.88 3.68 82523
20140428 3.67 3.52 3.67 3.51 77399
20140429 3.53 3.62 3.62 3.49 66944
20140430 3.61 3.65 3.65 3.57 46465
20140505 3.64 3.68 3.69 3.62 43869
20140506 3.68 3.67 3.70 3.64 34050
20140507 3.65 3.52 3.66 3.51 53892
20140508 3.52 3.54 3.60 3.47 66240
20140509 3.52 3.44 3.53 3.43 52069
20140512 3.48 3.58 3.58 3.45 79284
20140513 3.58 3.57 3.62 3.54 42705
20140514 3.58 3.58 3.63 3.56 36941
20140515 3.57 3.48 3.57 3.46 48893
20140516 3.47 3.47 3.48 3.44 47406
20140519 3.45 3.45 3.47 3.41 27674
20140520 3.45 3.48 3.52 3.45 33890
20140521 3.48 3.55 3.56 3.46 44833
20140522 3.55 3.52 3.58 3.51 29851
20140523 3.53 3.57 3.57 3.51 33094
20140526 3.59 3.58 3.59 3.55 25702
20140527 3.59 3.54 3.59 3.54 27478
20140528 3.54 3.58 3.58 3.52 35845
20140529 3.57 3.53 3.58 3.52 27942
20140530 3.53 3.52 3.55 3.48 32681
20140603 3.50 3.51 3.54 3.49 33752
20140604 3.52 3.50 3.52 3.48 23997
20140605 3.49 3.54 3.55 3.48 30789
20140606 3.54 3.54 3.55 3.52 17658
20140609 3.54 3.60 3.62 3.51 75231
20140610 3.60 3.61 3.62 3.56 43929
20140611 3.60 3.60 3.61 3.57 30531
20140612 3.60 3.58 3.60 3.57 30169
20140613 3.58 3.60 3.62 3.57 31683
20140616 3.60 3.61 3.62 3.57 37936
20140617 3.61 3.53 3.61 3.53 35324
20140618 3.53 3.57 3.66 3.50 104644
20140619 3.55 3.44 3.57 3.22 59554
20140620 3.41 3.44 3.45 3.40 20735
20140623 3.42 3.44 3.46 3.40 30119
20140624 3.45 3.44 3.46 3.40 20206
20140625 3.43 3.40 3.43 3.39 26685
20140626 3.39 3.43 3.45 3.39 42169
20140627 3.43 3.48 3.51 3.42 47907
20140630 3.47 3.60 3.69 3.46 149133
20140701 3.58 3.84 3.91 3.58 230015
20140702 3.84 3.80 3.84 3.76 84611
20140703 3.81 3.84 3.90 3.75 95522
20140704 3.83 3.78 3.85 3.76 77348
20140707 3.78 3.76 3.83 3.75 53934
20140708 3.76 3.76 3.77 3.71 56674
20140709 3.76 3.80 3.82 3.72 75245
20140710 3.78 3.93 3.97 3.77 120334
20140711 3.94 3.89 3.97 3.89 64947
20140714 3.90 3.92 3.94 3.86 54268
20140715 3.92 3.89 3.93 3.89 37947
20140716 3.89 3.88 3.91 3.84 39301
20140717 3.86 3.91 3.92 3.81 55883
20140718 3.90 3.99 4.02 3.87 105092
20140721 3.98 4.00 4.05 3.94 52255
20140722 4.00 4.01 4.07 3.96 49136
20140723 4.00 3.99 4.02 3.91 74979
20140724 3.96 3.96 4.01 3.92 47473
20140725 3.96 4.01 4.01 3.92 53733
20140728 4.01 4.05 4.07 4.00 86808
20140729 4.04 4.05 4.09 4.02 61462
20140730 4.04 4.00 4.06 3.99 67590
20140731 4.00 4.00 4.03 3.97 69358
20140801 4.00 4.00 4.04 3.96 86071
20140804 4.00 4.04 4.04 3.98 76150
20140805 4.04 4.07 4.08 4.00 85914
20140806 4.06 4.09 4.12 4.04 55194
20140807 4.08 4.02 4.09 4.02 51489
20140808 4.02 4.04 4.05 4.02 37384
20140811 4.03 4.06 4.07 4.02 59517
20140812 4.06 4.16 4.21 4.05 120098
20140813 4.14 4.16 4.18 4.10 71711
20140814 4.16 4.13 4.19 4.12 57503
20140815 4.15 4.21 4.21 4.12 84489
20140818 4.21 4.47 4.49 4.20 220554
20140819 4.47 4.41 4.50 4.38 97835
20140820 4.38 4.50 4.57 4.37 104109
20140821 4.50 4.51 4.56 4.40 77608
20140822 4.49 4.50 4.52 4.42 76980
20140825 4.47 4.38 4.50 4.35 63601
20140826 4.38 4.30 4.46 4.22 87493
20140827 4.22 4.30 4.33 4.20 74874
20140828 4.26 4.24 4.30 4.22 43857
20140829 4.23 4.25 4.30 4.18 49155
20140901 4.27 4.38 4.42 4.25 69907
20140902 4.42 4.41 4.44 4.36 53736
20140903 4.42 4.41 4.46 4.36 64340
20140904 4.45 4.41 4.45 4.36 123812
20140905 4.41 4.41 4.41 4.35 96284
20140909 4.40 4.44 4.46 4.36 108676
20140910 4.44 4.49 4.50 4.38 97376
20140911 4.48 4.52 4.64 4.44 133232
20140912 4.51 4.57 4.59 4.44 118471
20140915 4.57 4.69 4.76 4.53 154848
20140916 4.72 4.58 4.87 4.53 167365
20140917 4.58 4.69 4.75 4.53 121836
20140918 4.66 4.73 4.85 4.66 140118
20140919 4.75 4.70 4.75 4.64 67612
20140922 4.70 4.53 4.70 4.48 93848
20140923 4.52 4.57 4.62 4.52 57333
20140924 4.59 4.64 4.64 4.55 96869
20140925 4.62 4.58 4.67 4.57 76527
20140926 4.56 4.58 4.61 4.50 70827
20140929 4.58 4.62 4.64 4.58 85172
20140930 4.64 4.70 4.73 4.62 101043
20141008 4.74 4.76 4.79 4.68 115990
20141009 4.74 4.76 4.78 4.61 145723
20141010 4.74 4.72 4.77 4.69 98595
20141013 4.72 4.83 4.85 4.67 163786
20141014 4.80 4.81 4.90 4.77 112581
20141015 4.81 4.80 4.84 4.70 83272
20141016 4.78 4.77 4.88 4.76 106379
20141017 4.76 4.76 4.87 4.63 144742
20141020 4.76 4.81 4.81 4.68 79630
20141021 4.80 4.74 4.83 4.74 56903
20141022 4.74 4.63 4.74 4.59 103588
20141023 4.62 4.46 4.62 4.42 89529
20141024 4.45 4.46 4.50 4.42 39946
20141027 4.44 4.46 4.46 4.38 52380
20141028 4.44 4.58 4.62 4.44 63929
20141029 4.58 4.67 4.69 4.58 100188
20141030 4.67 4.62 4.68 4.60 99958
20141031 4.64 4.63 4.66 4.58 113230
20141103 4.64 4.68 4.69 4.62 89603
20141104 4.69 4.68 4.71 4.63 69633
20141105 4.67 4.64 4.68 4.62 60290
20141106 4.63 4.69 4.74 4.62 103214
20141107 4.70 4.59 4.74 4.55 72501
20141110 4.61 4.61 4.63 4.58 75305
20141111 4.63 4.40 4.64 4.38 121566
20141112 4.41 4.47 4.47 4.38 58847
20141113 4.46 4.42 4.47 4.35 63553
20141114 4.41 4.37 4.41 4.33 44721
20141117 4.45 4.46 4.55 4.43 109655
20141118 4.46 4.54 4.55 4.43 77176
20141119 4.53 4.50 4.55 4.49 80700
20141120 4.50 4.53 4.54 4.48 44671
20141121 4.52 4.55 4.58 4.50 61942
20141124 4.62 4.61 4.68 4.58 180011
20141125 4.61 4.67 4.68 4.59 135925
20141126 4.69 4.68 4.71 4.60 139692
20141127 4.69 4.75 4.84 4.68 220763
20141128 4.75 4.77 4.79 4.67 182105
20141201 4.78 4.69 4.80 4.67 126374
20141202 4.67 4.75 4.80 4.66 138545
20141203 4.76 4.78 4.87 4.73 169096
20141204 4.77 4.94 5.04 4.77 283654
20141205 4.95 4.78 4.98 4.63 202451
20141208 4.74 4.75 4.79 4.65 150483
20141209 4.70 4.49 4.75 4.45 193850
20141210 4.48 4.57 4.61 4.39 120173
20141211 4.57 4.65 4.65 4.52 102515
20141212 4.67 4.73 4.75 4.66 102969
20141215 4.76 4.90 4.93 4.69 187502
20141216 4.92 5.39 5.39 4.86 793192
20141217 5.33 5.25 5.42 5.11 517061
20141218 5.20 5.17 5.23 5.12 207140
20141219 5.15 5.04 5.23 4.95 247762
20141222 5.00 4.90 5.00 4.81 225391
20141223 4.85 4.90 4.93 4.80 119163
20141224 4.93 5.09 5.10 4.86 159825
20141225 5.10 5.08 5.12 4.99 119490
20141226 5.08 5.03 5.10 5.01 140247
20141229 5.03 4.93 5.03 4.82 155736
20141230 4.88 4.80 4.92 4.79 103845
20141231 4.80 4.93 4.93 4.76 93148
20150105 4.95 5.02 5.09 4.92 199056
20150106 4.98 4.90 4.98 4.83 138496
20150107 4.91 4.84 4.91 4.80 111965
20150108 4.84 4.84 4.87 4.79 95136
20150109 4.85 4.84 4.99 4.81 117114
20150112 4.80 4.69 4.80 4.60 98850
20150113 4.68 4.69 4.74 4.65 75277
20150114 4.69 4.57 4.70 4.56 68153
20150115 4.58 4.65 4.65 4.55 49931
20150116 4.65 4.69 4.70 4.60 66420
20150119 4.63 4.32 4.63 4.23 122402
20150120 4.32 4.43 4.45 4.32 57957
20150121 4.43 4.62 4.63 4.41 79936
20150122 4.58 4.63 4.65 4.57 57045
20150123 4.62 4.54 4.64 4.53 92153
20150126 4.55 4.70 4.78 4.52 116000
20150127 4.67 4.78 4.83 4.66 142605
20150128 4.78 4.78 4.85 4.73 80812
20150129 4.80 4.79 4.84 4.75 91130
20150130 4.78 4.67 4.81 4.66 68535
20150202 4.66 4.70 4.75 4.54 69017
20150203 4.70 4.73 4.74 4.65 50192
20150204 4.74 4.70 4.81 4.69 65438
20150205 4.79 4.61 4.80 4.60 66278
20150206 4.62 4.55 4.63 4.53 51242
20150209 4.58 4.51 4.60 4.49 34693
20150210 4.50 4.52 4.56 4.46 39087
20150211 4.53 4.55 4.56 4.49 38985
20150212 4.55 4.71 4.73 4.52 70645
20150213 4.71 4.72 4.78 4.68 58147
20150216 4.71 4.72 4.77 4.70 66861
20150217 4.73 4.82 4.89 4.73 106372
20150225 4.81 4.84 4.86 4.78 65675
20150226 4.84 4.98 5.03 4.81 164457
20150227 4.98 4.99 4.99 4.91 105270
20150302 5.04 5.06 5.08 4.97 164358
20150303 5.06 5.13 5.28 5.01 253348
20150304 5.11 5.30 5.44 5.10 255633
20150305 5.30 5.31 5.38 5.23 145177
20150306 5.31 5.40 5.56 5.10 409691
20150309 5.35 5.65 5.75 5.33 274640
20150310 5.63 5.59 5.75 5.56 204115
20150311 5.53 5.67 5.85 5.53 289417
20150312 5.69 5.59 5.82 5.50 191642
20150313 5.59 5.74 5.78 5.50 200272
20150316 5.83 5.90 6.03 5.81 343867
20150317 5.93 6.19 6.38 5.88 338209
20150318 6.20 6.27 6.37 6.13 241321
20150319 6.27 6.18 6.33 6.12 186096
20150320 6.19 6.80 6.80 6.18 543138
20150323 6.82 7.11 7.29 6.70 633156
20150324 7.18 7.04 7.20 6.74 439746
20150325 7.06 6.95 7.08 6.88 261024
20150326 6.95 6.81 7.05 6.75 200517
20150327 6.84 7.47 7.49 6.83 393596
20150330 7.43 7.70 8.08 7.34 482248
20150331 7.80 7.50 7.88 7.43 274668
20150401 7.51 7.58 7.70 7.35 247280
20150402 7.60 7.70 7.93 7.55 263665
20150403 7.70 7.73 7.86 7.60 213355
20150407 7.76 7.77 7.95 7.61 322602
20150408 7.75 7.37 7.75 7.30 436767
20150409 7.37 7.22 7.37 6.84 354111
20150410 7.18 7.37 7.49 7.07 254975
20150413 7.37 7.40 7.47 7.23 262719
20150414 7.35 7.38 7.52 7.15 344340
20150415 7.35 7.00 7.35 6.95 222575
20150416 6.98 7.03 7.20 6.78 170570
20150417 7.10 6.99 7.15 6.87 300365
20150420 6.96 6.90 7.14 6.84 284599
20150421 6.89 7.23 7.27 6.80 340445
20150422 7.24 7.36 7.43 7.20 309965
20150423 7.40 7.44 7.65 7.31 422041
20150424 7.27 7.59 7.62 7.27 365247
20150427 7.68 7.51 7.77 7.42 325916
20150428 7.48 7.18 7.50 7.09 299232
20150429 7.14 7.32 7.34 7.00 185572
20150430 7.31 7.30 7.52 7.23 219193
20150504 7.31 7.99 8.03 7.31 487249
20150505 7.98 7.84 8.35 7.76 539144
20150506 7.90 8.28 8.60 7.89 495119
20150507 8.30 8.03 8.66 7.85 388716
20150508 8.01 8.08 8.24 7.75 281138
20150511 8.20 8.80 8.82 8.13 425959
20150512 8.80 9.02 9.12 8.60 384770
20150513 9.02 9.10 9.39 8.80 319799
20150514 9.18 8.98 9.19 8.83 269786
20150515 8.98 8.65 8.98 8.48 289632
20150518 8.60 8.50 8.65 8.36 188926
20150519 8.50 8.98 9.05 8.50 285682
20150520 8.98 8.80 9.00 8.75 357452
20150521 8.78 8.60 8.78 8.46 419866
20150522 8.65 8.97 9.00 8.60 418299
20150525 8.90 9.17 9.38 8.74 520321
20150526 9.17 9.49 9.55 9.10 483890
20150527 9.50 9.25 9.52 9.10 427647
20150528 9.29 8.34 9.50 8.33 520074
20150529 8.25 8.24 8.50 7.70 399035
20150601 8.25 8.70 8.88 8.24 344331
20150602 8.70 9.15 9.24 8.69 386647
20150603 9.15 10.07 10.07 8.94 1105602
20150604 10.30 9.92 10.30 9.15 802322
20150605 10.03 10.91 10.91 9.83 930471
20150608 10.93 10.95 11.98 10.69 910818
20150609 10.80 11.06 11.29 10.50 525492
20150610 11.00 11.71 12.17 10.70 577210
20150611 11.61 11.53 11.87 11.33 423413
20150612 11.46 11.96 12.31 11.38 477860
20150615 11.88 11.40 11.95 11.27 480021
20150616 11.22 10.63 11.49 10.30 415575
20150617 10.42 11.21 11.56 10.01 362028
20150618 11.22 10.79 11.51 10.78 303557
20150619 10.40 9.71 10.63 9.71 250591
20150623 9.71 9.49 9.94 8.76 258589
20150624 9.77 9.84 10.25 9.58 309233
20150625 9.85 9.21 10.15 9.09 329714
20150626 8.88 8.29 8.95 8.29 318731
20150629 8.55 7.46 8.68 7.46 364092
20150630 7.25 7.92 8.00 6.71 439739
20150701 7.82 7.19 8.05 7.13 312868
20150702 7.19 6.47 7.30 6.47 319847
20150703 6.08 5.82 6.40 5.82 295780
20150706 6.35 5.24 6.35 5.24 438473
20150707 5.00 4.72 5.00 4.72 170284
20150708 4.25 4.25 4.25 4.25 83246
20150709 3.85 4.68 4.68 3.85 485043
20150710 4.90 5.15 5.15 4.81 243950
20150713 5.59 5.67 5.67 5.35 392226
20150714 5.90 5.95 6.23 5.70 747971
20150715 5.70 5.36 5.82 5.36 367206
20150716 4.94 5.45 5.64 4.86 412234
20150717 5.47 5.86 6.00 5.41 459042
20150720 5.88 5.95 6.07 5.71 498994
20150721 5.81 6.21 6.39 5.69 555470
20150722 6.11 6.19 6.34 5.91 491076
20150723 6.17 6.64 6.78 6.06 603233
20150724 6.63 6.40 6.91 6.30 568478
20150727 6.18 5.76 6.67 5.76 434119
20150728 5.31 5.40 5.86 5.18 429628
20150729 5.54 5.83 5.84 5.41 421683
20150730 5.80 5.67 6.13 5.63 384516
