20140102 5.62 5.82 5.82 5.61 76288
20140103 6.40 6.40 6.40 6.40 625399
20140106 6.42 6.49 6.82 6.36 956676
20140107 6.40 6.22 6.65 6.18 576151
20140108 6.14 6.16 6.31 6.09 338347
20140109 6.13 5.88 6.25 5.85 315900
20140110 5.88 5.85 5.94 5.76 182067
20140113 5.85 5.95 6.04 5.80 215376
20140114 5.95 6.03 6.03 5.83 201128
20140115 5.98 6.04 6.07 5.95 168995
20140116 6.03 6.12 6.24 5.91 312516
20140117 6.05 5.88 6.07 5.87 190462
20140120 5.90 5.67 5.91 5.65 151180
20140121 5.67 5.77 5.79 5.64 103914
20140122 5.78 5.89 5.93 5.75 131701
20140123 5.91 6.21 6.24 5.86 299260
20140124 6.09 6.29 6.40 6.07 446942
20140127 6.20 6.50 6.70 6.18 435534
20140128 6.48 6.47 6.55 6.32 207853
20140129 6.44 6.55 6.63 6.43 212704
20140130 6.52 6.32 6.53 6.30 168982
20140207 6.32 6.95 6.95 6.26 410987
20140210 7.22 7.40 7.58 7.05 601775
20140211 7.30 7.35 7.77 7.27 663036
20140212 7.32 7.60 7.76 7.31 525262
20140213 7.55 7.36 7.79 7.33 410644
20140214 7.36 7.60 7.63 7.26 326052
20140217 7.68 7.85 7.99 7.62 422420
20140218 7.85 7.80 7.85 7.63 308418
20140219 7.75 7.56 7.76 7.47 309150
20140220 7.55 7.38 7.62 7.32 204194
20140221 7.34 7.54 7.54 7.26 187531
20140224 7.54 7.46 7.67 7.37 194920
20140225 7.42 6.90 7.49 6.80 450532
20140226 6.82 7.09 7.17 6.71 285216
20140227 7.11 6.77 7.15 6.72 250414
20140228 6.74 6.81 6.86 6.56 191836
20140303 6.78 7.18 7.22 6.65 265682
20140304 7.10 7.10 7.16 6.93 177326
20140305 7.11 6.97 7.15 6.96 128337
20140306 6.93 7.02 7.05 6.81 113289
20140307 7.01 6.89 7.09 6.83 108080
20140310 6.80 6.53 6.85 6.50 148705
20140311 6.56 6.61 6.68 6.51 100667
20140312 6.60 6.71 6.79 6.42 115817
20140313 6.71 6.74 6.79 6.65 103777
20140314 6.67 6.71 6.75 6.61 69069
20140317 6.70 6.87 6.88 6.66 99822
20140318 6.86 6.86 6.99 6.82 116829
20140319 6.87 6.90 6.94 6.75 99467
20140320 6.86 6.68 6.97 6.68 90238
20140321 6.63 6.83 6.87 6.56 108031
20140324 6.84 7.00 7.04 6.79 130679
20140325 7.00 6.97 7.05 6.90 87935
20140326 6.94 6.96 7.03 6.89 91465
20140327 6.95 6.75 6.96 6.73 95438
20140328 6.75 6.50 6.78 6.50 100491
20140331 6.51 6.45 6.60 6.43 53698
20140401 6.49 6.59 6.61 6.44 41734
20140402 6.60 6.58 6.62 6.54 37733
20140403 6.56 6.57 6.65 6.54 43769
20140404 6.56 6.65 6.69 6.55 46385
20140408 6.63 6.73 6.74 6.61 59427
20140409 6.72 6.75 6.80 6.70 54644
20140410 6.78 6.84 6.90 6.71 98819
20140411 6.81 6.82 6.86 6.75 57131
20140414 6.85 6.88 6.92 6.82 60614
20140415 6.91 6.92 6.97 6.86 97130
20140416 6.92 7.09 7.18 6.89 198587
20140417 7.08 7.01 7.15 6.97 122325
20140418 7.00 6.90 7.01 6.82 135075
20140421 6.77 6.50 6.77 6.50 188198
20140422 6.51 6.47 6.54 6.32 101472
20140423 6.46 6.47 6.53 6.42 41768
20140424 6.50 6.52 6.57 6.44 59303
20140425 6.52 6.16 6.54 6.15 71609
20140428 6.10 5.87 6.11 5.85 84755
20140429 5.86 5.97 5.97 5.85 51084
20140430 5.97 6.02 6.07 5.93 46506
20140505 6.01 6.05 6.06 5.91 34983
20140506 6.05 6.06 6.11 6.00 40519
20140507 6.05 5.99 6.05 5.94 49241
20140508 5.99 6.05 6.13 5.96 52226
20140509 6.07 6.07 6.14 5.99 46188
20140512 6.10 6.26 6.28 6.06 82870
20140513 6.23 6.19 6.29 6.10 72427
20140514 6.17 6.20 6.20 6.12 33735
20140515 6.20 6.04 6.22 6.02 49253
20140516 6.04 6.07 6.07 5.94 38547
20140519 6.03 6.04 6.05 5.98 25639
20140520 6.07 6.06 6.13 6.00 34292
20140521 6.04 6.11 6.11 5.96 29759
20140522 6.09 6.07 6.16 6.06 44996
20140523 6.05 6.09 6.09 6.02 26668
20140526 6.10 6.15 6.16 6.08 51099
20140527 6.15 6.13 6.15 6.09 33218
20140528 6.11 6.17 6.18 6.08 42911
20140529 6.16 6.05 6.17 6.04 49678
20140530 6.06 6.08 6.09 6.02 33460
20140603 6.09 6.14 6.23 6.07 57565
20140604 6.10 6.13 6.15 6.04 47807
20140605 6.14 6.17 6.17 6.08 42198
20140606 6.41 6.27 6.55 6.24 202462
20140609 6.19 6.29 6.36 6.18 67584
20140610 6.28 6.35 6.37 6.23 76472
20140611 6.33 6.49 6.58 6.32 153909
20140612 6.50 6.48 6.53 6.41 100552
20140613 6.89 6.60 6.93 6.58 261592
20140616 3.28 3.21 3.32 3.20 308233
20140617 3.21 3.13 3.21 3.11 238876
20140618 3.12 3.08 3.13 3.06 160193
20140619 3.07 2.98 3.13 2.92 198517
20140620 2.95 3.00 3.05 2.95 102073
20140623 3.01 3.07 3.10 3.01 129765
20140624 3.05 3.04 3.07 3.02 103474
20140625 3.05 3.05 3.07 3.02 82886
20140626 3.05 3.06 3.09 3.03 134102
20140627 3.06 3.37 3.37 3.05 417982
20140630 3.46 3.61 3.70 3.30 1359966
20140701 3.53 3.54 3.64 3.48 640386
20140702 3.53 3.46 3.55 3.41 429273
20140703 3.47 3.45 3.55 3.44 390741
20140704 3.43 3.42 3.47 3.38 287073
20140707 3.43 3.45 3.47 3.39 182572
20140708 3.44 3.45 3.46 3.39 194778
20140709 3.45 3.31 3.45 3.31 248913
20140710 3.31 3.29 3.34 3.29 143020
20140711 3.29 3.35 3.39 3.28 153729
20140714 3.34 3.41 3.42 3.33 160082
20140715 3.37 3.34 3.37 3.31 212848
20140716 3.33 3.37 3.38 3.32 153263
20140717 3.36 3.42 3.47 3.33 303444
20140718 3.42 3.39 3.45 3.38 176069
20140721 3.37 3.32 3.39 3.30 159636
20140722 3.30 3.41 3.46 3.28 274445
20140723 3.39 3.34 3.43 3.32 176147
20140724 3.31 3.34 3.36 3.29 137041
20140725 3.34 3.43 3.44 3.32 305399
20140728 3.44 3.50 3.57 3.42 443215
20140729 3.49 3.85 3.85 3.46 710466
20140730 3.91 3.96 4.19 3.84 1749405
20140731 3.86 3.92 3.95 3.73 990176
20140801 3.85 3.75 3.90 3.75 566106
20140804 3.74 3.82 3.84 3.72 363638
20140805 3.84 3.83 3.88 3.77 377569
20140806 3.82 3.95 4.03 3.77 689783
20140807 3.93 3.86 3.95 3.85 374487
20140808 3.85 3.89 3.93 3.85 240051
20140811 3.87 3.91 3.93 3.87 271327
20140812 3.91 4.00 4.04 3.90 481444
20140813 4.00 3.94 4.02 3.87 365405
20140814 3.94 3.84 3.95 3.83 321670
20140815 3.84 3.88 3.89 3.82 198200
20140818 3.88 3.93 3.95 3.88 237508
20140819 3.93 4.11 4.26 3.89 802753
20140820 4.08 4.04 4.09 4.01 438860
20140821 4.03 4.11 4.16 4.02 428101
20140822 4.11 4.13 4.15 4.07 322627
20140825 4.13 4.04 4.15 4.01 303294
20140826 4.06 3.88 4.09 3.85 408168
20140827 3.85 4.27 4.27 3.85 1282942
20140828 4.37 4.22 4.58 4.16 1935561
20140829 4.10 4.11 4.16 3.97 775856
20140901 4.11 4.20 4.21 4.05 522823
20140902 4.23 4.23 4.23 4.15 524459
20140903 4.23 4.29 4.43 4.20 705299
20140904 4.30 4.41 4.50 4.24 712356
20140905 4.39 4.41 4.47 4.32 480477
20140909 4.39 4.50 4.55 4.37 553823
20140910 4.50 4.74 4.87 4.42 890343
20140911 4.69 4.64 4.77 4.58 713826
20140912 4.64 4.64 4.69 4.55 397285
20140915 4.64 4.70 4.74 4.58 385627
20140916 4.70 4.42 4.73 4.39 575201
20140917 4.43 4.49 4.49 4.33 379666
20140918 4.49 4.50 4.54 4.43 295767
20140919 4.52 4.59 4.67 4.50 360922
20140922 4.56 4.46 4.56 4.43 273484
20140923 4.44 4.50 4.50 4.44 198071
20140924 4.48 4.57 4.58 4.45 308019
20140925 4.57 4.64 4.80 4.55 577716
20140926 4.61 4.63 4.70 4.59 286591
20140929 4.62 4.68 4.72 4.62 335871
20140930 4.68 4.66 4.73 4.63 271045
20141008 4.67 4.75 4.78 4.62 491975
20141009 4.73 4.90 4.98 4.71 789047
20141010 4.90 4.84 4.94 4.81 445719
20141013 4.81 4.80 4.83 4.72 306606
20141014 4.80 4.75 4.83 4.70 306920
20141015 4.69 4.62 4.69 4.55 467418
20141016 4.60 4.57 4.68 4.56 287870
20141017 4.55 4.40 4.58 4.21 454956
20141020 4.39 4.45 4.47 4.37 182827
20141021 4.48 4.37 4.48 4.37 190335
20141022 4.37 4.39 4.53 4.36 259420
20141023 4.37 4.23 4.40 4.22 231169
20141024 4.22 4.17 4.28 4.15 170916
20141027 4.14 4.15 4.17 4.00 173989
20141028 4.16 4.28 4.28 4.16 201986
20141029 4.29 4.47 4.65 4.26 487647
20141030 4.44 4.49 4.60 4.37 458443
20141031 4.48 4.49 4.54 4.40 346121
20141103 4.50 4.55 4.59 4.47 320090
20141104 4.54 4.48 4.55 4.46 239304
20141105 4.49 4.51 4.55 4.40 311528
20141106 4.48 4.47 4.50 4.41 197403
20141107 4.46 4.40 4.54 4.38 270446
20141110 4.40 4.43 4.46 4.38 174217
20141111 4.44 4.17 4.45 4.11 361693
20141112 4.19 4.23 4.25 4.14 147552
20141113 4.23 4.23 4.27 4.08 242609
20141114 4.26 4.21 4.26 4.17 147959
20141117 4.20 4.21 4.27 4.15 141409
20141118 4.21 4.24 4.25 4.19 104637
20141119 4.23 4.23 4.25 4.20 119011
20141120 4.24 4.20 4.24 4.19 105146
20141121 4.20 4.22 4.23 4.16 146499
20141124 4.25 4.27 4.29 4.22 243258
20141125 4.26 4.38 4.42 4.25 353223
20141126 4.36 4.38 4.43 4.32 267086
20141127 4.38 4.46 4.46 4.36 362705
20141128 4.47 4.44 4.53 4.38 359361
20141201 4.44 4.33 4.45 4.30 279143
20141202 4.31 4.40 4.46 4.31 320168
20141203 4.38 4.56 4.65 4.36 775846
20141204 4.54 4.64 4.64 4.50 703886
20141205 4.64 4.40 4.64 4.28 489140
20141208 4.36 4.39 4.44 4.30 339981
20141209 4.36 4.10 4.37 4.10 471730
20141210 4.10 4.27 4.29 4.09 261655
20141211 4.28 4.42 4.44 4.25 376268
20141212 4.43 4.55 4.64 4.41 622856
20141215 4.50 4.53 4.56 4.44 370290
20141216 4.53 4.55 4.60 4.48 354181
20141217 4.54 4.47 4.54 4.36 331881
20141218 4.45 4.49 4.57 4.42 351712
20141219 4.45 4.39 4.50 4.29 375567
20141222 4.37 4.20 4.38 4.17 290015
20141223 4.20 4.18 4.28 4.18 160282
20141224 4.19 4.28 4.29 4.19 163166
20141225 4.29 4.31 4.32 4.25 167584
20141226 4.31 4.28 4.33 4.21 182470
20141229 4.30 4.21 4.31 4.19 189279
20141230 4.22 4.14 4.24 4.12 161398
20141231 4.16 4.18 4.19 4.12 127144
20150105 4.20 4.28 4.28 4.10 262308
20150106 4.30 4.33 4.34 4.21 265591
20150107 4.29 4.30 4.39 4.27 229187
20150108 4.30 4.21 4.30 4.20 173233
20150109 4.20 4.20 4.24 4.17 138515
20150112 4.15 4.12 4.19 4.10 134469
20150113 4.14 4.14 4.15 4.11 85679
20150114 4.12 4.13 4.14 4.10 92791
20150115 4.12 4.16 4.19 4.10 114838
20150116 4.17 4.18 4.23 4.15 115725
20150119 4.12 4.01 4.17 3.94 191036
20150120 4.02 4.10 4.10 4.01 135287
20150121 4.11 4.17 4.18 4.11 162332
20150122 4.19 4.26 4.28 4.16 257193
20150123 4.26 4.19 4.26 4.17 202607
20150126 4.18 4.27 4.27 4.16 166321
20150127 4.26 4.26 4.27 4.19 179612
20150128 4.25 4.23 4.25 4.20 129851
20150129 4.22 4.19 4.22 4.18 108823
20150130 4.18 4.12 4.21 4.11 164782
20150202 4.09 4.06 4.09 4.02 111670
20150203 4.08 4.12 4.13 4.08 84745
20150204 4.13 4.08 4.16 4.07 100575
20150205 4.10 4.06 4.13 4.05 95581
20150206 4.05 4.00 4.07 3.98 116617
20150209 3.99 4.00 4.03 3.97 78705
20150210 4.00 4.00 4.02 3.98 64708
20150211 4.00 4.04 4.04 4.00 65765
20150212 4.05 4.06 4.07 4.03 66802
20150213 4.08 4.11 4.13 4.06 105535
20150216 4.12 4.16 4.16 4.10 101498
20150217 4.16 4.17 4.18 4.13 99640
20150225 4.18 4.17 4.20 4.13 98462
20150226 4.17 4.59 4.59 4.15 948215
20150227 4.59 4.51 4.59 4.46 1030283
20150302 4.55 4.66 4.79 4.55 1150565
20150303 4.68 4.84 5.05 4.58 1216116
20150304 4.80 4.81 4.83 4.68 661287
20150305 4.80 4.80 4.92 4.75 606076
20150306 4.80 4.69 4.87 4.62 456074
20150309 4.66 4.71 4.73 4.60 302231
20150310 4.71 4.69 4.76 4.67 320863
20150311 4.68 4.62 4.69 4.60 336528
20150312 4.61 4.63 4.69 4.60 273563
20150313 4.64 4.67 4.69 4.62 227811
20150316 4.71 4.84 4.90 4.71 527898
20150317 4.85 4.99 5.05 4.81 856273
20150318 5.00 5.21 5.39 4.93 889974
20150319 5.20 5.17 5.31 5.10 725998
20150320 5.16 5.20 5.25 5.13 467416
20150323 5.20 5.43 5.58 5.19 787774
20150324 5.44 5.48 5.57 5.18 851548
20150325 5.46 5.51 5.62 5.36 675192
20150326 5.50 5.31 5.50 5.30 534513
20150327 5.31 5.35 5.41 5.31 298057
20150330 5.35 5.39 5.41 5.33 391645
20150331 5.39 5.24 5.39 5.20 576243
20150401 5.24 5.44 5.56 5.23 673458
20150402 5.50 5.70 5.79 5.46 904813
20150403 5.65 5.74 5.83 5.56 690277
20150407 5.74 5.99 6.05 5.71 835712
20150408 5.97 5.86 6.00 5.66 703715
20150409 5.84 5.68 5.85 5.55 502251
20150410 5.67 5.82 5.86 5.57 456956
20150413 5.85 5.90 5.95 5.80 562897
20150414 5.89 5.95 6.06 5.80 639719
20150415 5.92 5.68 5.92 5.61 480499
20150416 5.60 5.72 5.80 5.45 386402
20150417 5.73 5.79 5.89 5.73 582041
20150420 5.77 5.60 5.85 5.55 665719
20150421 5.57 5.85 5.85 5.53 517514
20150422 5.90 6.26 6.40 5.89 1054835
20150423 6.27 6.43 6.56 6.13 996589
20150424 6.41 6.33 6.50 6.20 657244
20150427 6.34 6.45 6.59 6.32 582813
20150428 6.45 6.19 6.47 6.13 570498
20150429 6.18 6.33 6.35 6.07 459973
20150430 6.35 6.20 6.43 6.20 380229
20150504 6.20 6.28 6.36 6.19 365452
20150505 6.27 6.02 6.28 5.93 418823
20150506 6.02 5.96 6.24 5.90 422401
20150507 5.97 5.59 6.08 5.56 402614
20150508 5.65 5.80 5.80 5.62 350003
20150511 5.90 6.09 6.10 5.81 412042
20150512 6.10 6.15 6.27 6.06 454708
20150513 6.16 6.20 6.30 6.06 511620
20150514 6.19 6.47 6.47 6.13 793542
20150515 6.50 6.21 6.54 6.15 619928
20150518 6.15 6.59 6.60 6.06 827658
20150519 6.59 6.95 7.03 6.43 1049490
20150520 6.94 7.65 7.65 6.86 617259
20150521 8.35 8.42 8.42 8.00 401998
20150714 7.58 7.58 7.58 7.58 159231
20150715 6.82 6.82 6.82 6.82 57022
20150716 6.14 6.19 6.70 6.14 1764019
20150717 5.95 6.31 6.49 5.80 1336500
20150720 6.20 6.07 6.28 5.91 1044572
20150721 5.92 6.27 6.30 5.80 812364
20150722 6.25 6.18 6.35 6.01 630237
20150723 6.17 6.27 6.30 6.05 749977
20150724 6.30 6.90 6.90 6.30 1519939
20150727 6.96 6.69 7.51 6.50 2090542
20150728 6.20 6.08 6.65 6.02 1145235
20150729 6.14 6.47 6.47 5.83 819996
20150730 6.46 5.99 6.46 5.96 755174
