20140102 10.23 9.94 10.23 9.89 49893
20140103 9.92 9.69 9.94 9.65 32359
20140106 9.69 9.49 9.69 9.38 24735
20140107 9.49 9.60 9.60 9.39 19994
20140108 9.60 9.62 9.64 9.46 18765
20140109 9.56 9.45 9.72 9.38 18753
20140110 9.41 9.41 9.68 9.27 26638
20140113 9.38 9.20 9.41 9.00 22160
20140114 9.18 9.30 9.34 9.03 14802
20140115 9.26 9.32 9.36 9.23 11273
20140116 9.32 9.35 9.42 9.23 10370
20140117 9.35 9.19 9.38 9.15 20411
20140120 9.18 9.07 9.25 9.02 12606
20140121 9.01 9.15 9.22 8.92 14921
20140122 9.17 9.40 9.40 9.01 16662
20140123 9.38 9.41 9.49 9.35 12956
20140124 9.36 9.51 9.54 9.29 20421
20140127 9.53 9.51 9.64 9.51 20570
20140128 9.49 9.50 9.60 9.44 8694
20140129 9.50 9.54 9.57 9.48 14837
20140130 9.51 9.44 9.53 9.42 9826
20140207 9.33 9.51 9.52 9.28 13840
20140210 9.49 9.74 9.75 9.49 30634
20140211 9.74 9.75 9.82 9.69 27943
20140212 9.77 9.81 9.83 9.74 37509
20140213 9.82 9.75 9.92 9.75 42521
20140214 9.78 9.90 9.94 9.71 37810
20140217 9.93 10.05 10.06 9.88 42763
20140218 10.06 10.19 10.25 9.98 46380
20140219 10.13 10.16 10.23 10.11 31889
20140220 10.24 10.08 10.38 10.08 46077
20140221 10.03 9.89 10.11 9.77 31772
20140224 9.87 10.10 10.10 9.78 21106
20140225 10.14 9.79 10.27 9.76 36440
20140226 9.77 9.78 9.80 9.52 23227
20140227 9.84 9.67 9.93 9.50 22378
20140228 9.65 9.85 9.86 9.57 14742
20140303 9.82 10.16 10.26 9.74 30772
20140304 10.10 10.22 10.28 10.01 25940
20140305 10.19 10.12 10.27 10.07 22303
20140306 10.14 10.08 10.14 9.87 15515
20140307 10.07 10.00 10.13 9.91 20472
20140310 9.96 9.50 9.96 9.50 21225
20140311 9.50 9.35 9.52 9.18 15293
20140312 9.39 9.35 9.52 9.19 13717
20140313 9.35 9.41 9.44 9.14 14002
20140314 9.38 9.37 9.40 9.29 8644
20140317 9.35 9.52 9.55 9.33 10637
20140318 9.52 9.48 9.60 9.47 11459
20140319 9.48 9.61 9.63 9.40 11701
20140320 9.54 9.28 9.65 9.28 13127
20140321 9.22 9.48 9.52 9.19 14805
20140324 9.49 9.58 9.64 9.44 21018
20140325 9.52 9.59 9.66 9.52 15456
20140326 9.60 9.60 9.63 9.54 11974
20140327 9.59 9.41 9.60 9.38 16093
20140328 9.30 9.27 9.45 9.23 10438
20140331 9.27 9.26 9.32 9.19 7316
20140401 9.29 9.41 9.43 9.20 8163
20140402 9.45 9.40 9.45 9.36 7094
20140403 9.44 9.38 9.44 9.32 9575
20140404 9.37 9.46 9.47 9.32 9967
20140408 9.45 9.56 9.59 9.42 12951
20140409 9.56 9.66 9.71 9.54 15113
20140410 9.66 9.64 9.68 9.60 14860
20140411 9.60 9.61 9.63 9.53 9740
20140414 9.62 9.73 9.74 9.55 12220
20140415 9.75 9.65 9.75 9.61 9211
20140416 9.64 9.59 9.66 9.55 16851
20140417 9.50 9.70 9.77 9.50 22080
20140418 9.67 9.64 9.68 9.60 11442
20140421 9.58 9.41 9.69 9.40 13030
20140422 9.46 9.40 9.48 9.30 11151
20140423 9.41 9.41 9.49 9.31 8023
20140424 9.39 9.34 9.48 9.32 8080
20140425 9.23 9.13 9.37 9.10 14889
20140428 9.12 8.76 9.13 8.72 15580
20140429 8.71 8.83 8.86 8.71 9543
20140430 8.82 8.78 8.82 8.55 15528
20140505 8.75 8.90 8.95 8.62 13609
20140506 8.95 9.02 9.10 8.89 20045
20140507 9.00 8.86 9.00 8.86 10023
20140508 8.86 8.90 9.06 8.73 7671
20140509 9.00 9.01 9.05 8.82 6163
20140512 8.91 9.15 9.19 8.91 11161
20140513 9.23 9.40 9.77 9.21 29388
20140514 9.35 9.40 9.57 9.22 18233
20140515 9.33 9.41 9.50 9.08 21476
20140516 9.39 9.36 9.41 9.22 17425
20140519 9.31 9.76 9.76 9.13 33995
20140520 9.65 9.54 9.77 9.41 39764
20140521 9.39 9.42 9.44 9.15 22736
20140522 9.90 9.72 10.18 9.66 83163
20140523 9.60 9.54 9.72 9.46 41683
20140526 9.43 9.56 9.59 9.38 20976
20140527 9.58 9.37 9.60 9.35 16914
20140528 9.35 9.40 9.42 9.28 17996
20140529 9.40 9.27 9.42 9.20 17238
20140530 9.27 9.24 9.30 9.14 14183
20140603 9.30 9.26 9.32 9.21 9175
20140604 9.24 9.20 9.30 9.12 16147
20140605 9.20 9.32 9.32 9.07 14855
20140606 9.32 9.20 9.36 9.13 12028
20140609 9.16 9.10 9.26 9.09 8812
20140610 9.11 9.18 9.21 9.06 7505
20140611 9.15 9.21 9.23 9.15 8023
20140612 9.21 9.20 9.26 9.16 6926
20140613 9.18 9.26 9.29 9.04 10101
20140616 9.28 9.35 9.41 9.28 20591
20140617 9.35 9.28 9.38 9.27 14090
20140618 9.26 9.28 9.46 9.26 19457
20140619 9.27 9.00 9.37 8.97 14411
20140620 9.00 8.93 9.08 8.85 17122
20140623 8.92 9.00 9.02 8.88 9269
20140624 9.00 9.11 9.12 8.96 7445
20140625 9.10 9.15 9.17 8.99 11736
20140626 9.19 9.25 9.26 9.12 16777
20140627 9.05 9.10 9.17 9.01 14472
20140630 9.09 9.15 9.21 9.05 16789
20140701 9.18 9.21 9.24 9.13 16861
20140702 9.21 9.25 9.26 9.17 20675
20140703 9.25 9.28 9.34 9.21 19339
20140704 9.28 9.25 9.30 9.18 16522
20140707 9.18 9.34 9.35 9.18 18014
20140708 9.33 9.35 9.40 9.26 13737
20140709 9.30 9.22 9.43 9.22 20718
20140710 9.22 9.25 9.29 9.20 14807
20140711 9.26 9.40 9.44 9.23 24779
20140714 9.42 9.58 9.59 9.36 24329
20140715 9.56 9.50 9.66 9.43 19541
20140716 9.50 9.46 9.56 9.43 15465
20140717 9.49 9.50 9.53 9.33 16884
20140718 9.46 9.48 9.54 9.41 11330
20140721 9.52 9.38 9.52 9.35 10698
20140722 9.40 9.50 9.51 9.35 18036
20140723 9.50 9.40 9.52 9.38 13285
20140724 9.41 9.44 9.46 9.35 18791
20140725 9.45 9.57 9.60 9.43 22537
20140728 9.61 9.69 9.70 9.57 30074
20140729 9.69 9.70 9.74 9.63 29154
20140730 9.69 9.74 9.79 9.63 28354
20140731 9.74 9.83 9.95 9.68 37417
20140801 9.80 9.85 10.00 9.78 41823
20140804 9.85 10.17 10.17 9.83 57405
20140805 10.17 10.13 10.18 10.05 42117
20140806 10.12 10.13 10.23 10.06 34691
20140807 10.15 10.11 10.20 10.01 38611
20140808 10.07 10.27 10.42 10.03 102248
20140811 10.25 10.35 10.40 10.19 49810
20140812 10.33 10.29 10.39 10.25 33986
20140813 10.28 10.49 10.65 10.28 46741
20140814 10.50 10.39 10.59 10.37 33871
20140815 10.35 10.45 10.54 10.32 24467
20140818 10.46 10.49 10.52 10.39 27625
20140819 10.49 10.45 10.58 10.35 30728
20140820 10.45 10.37 10.48 10.37 27930
20140821 10.38 10.30 10.40 10.19 35719
20140822 10.29 10.50 10.51 10.29 40440
20140825 10.45 10.47 10.69 10.40 35433
20140826 10.45 10.24 10.47 10.19 22757
20140827 10.24 10.12 10.29 10.08 28814
20140828 10.14 10.14 10.25 10.05 18588
20140829 10.18 10.35 10.61 10.18 45444
20140901 10.36 10.53 10.56 10.23 31983
20140902 10.58 10.87 10.97 10.54 62229
20140903 10.88 10.93 11.06 10.68 64098
20140904 10.94 10.93 11.06 10.82 43165
20140905 10.95 10.90 11.02 10.82 29777
20140909 10.93 11.02 11.09 10.79 44313
20140910 11.00 11.08 11.15 10.93 40858
20140911 11.08 11.05 11.34 11.03 49888
20140912 10.99 11.39 11.55 10.99 59584
20140915 11.38 11.69 11.85 11.33 49407
20140916 11.69 11.34 11.98 11.32 60043
20140917 11.32 11.58 11.78 11.24 36703
20140918 11.51 11.58 11.66 11.48 22147
20140919 11.55 11.62 11.74 11.42 22587
20140922 11.62 11.70 11.73 11.48 31480
20140923 11.68 12.17 12.24 11.68 46034
20140924 12.17 12.18 12.30 11.96 30777
20140925 12.18 12.08 12.47 11.93 39678
20140926 12.09 12.21 12.27 11.95 18882
20140929 12.24 12.35 12.38 12.22 24203
20140930 12.36 12.38 12.52 12.18 29871
20141008 12.35 12.36 12.44 12.28 22638
20141009 12.39 12.22 12.47 12.10 23495
20141010 12.21 12.92 13.00 12.18 82278
20141013 12.88 12.91 13.10 12.61 35605
20141014 12.83 12.80 12.96 12.72 22472
20141015 12.80 12.93 12.99 12.65 24709
20141016 12.88 13.04 13.37 12.78 33524
20141017 13.04 12.79 13.04 12.22 41360
20141020 12.69 12.70 12.72 12.40 36487
20141021 12.70 12.49 12.80 12.49 18277
20141022 12.39 12.09 12.63 12.04 32878
20141023 12.12 11.66 12.28 11.51 39247
20141024 11.68 11.79 12.00 11.63 37730
20141027 11.70 11.91 12.04 11.70 36662
20141028 12.15 12.36 12.38 11.91 35331
20141029 12.42 12.66 12.90 12.38 51080
20141030 12.55 12.62 12.76 12.51 31266
20141031 12.65 12.59 12.78 12.48 24255
20141103 12.55 12.62 12.75 12.48 26220
20141104 12.76 13.03 13.17 12.59 95082
20141105 12.90 12.75 12.93 12.74 42205
20141106 12.72 12.98 13.14 12.61 64933
20141107 13.01 12.85 13.17 12.78 65785
20141110 12.85 13.14 13.44 12.71 90764
20141111 13.15 12.75 13.17 12.38 63413
20141112 12.60 13.05 13.35 12.52 81151
20141113 13.25 12.90 13.25 12.82 43816
20141114 12.80 12.80 13.00 12.66 26767
20141117 12.81 12.83 13.05 12.72 24258
20141118 12.83 13.04 13.34 12.63 84879
20141119 13.07 13.00 13.12 12.80 59487
20141120 12.77 12.83 13.07 12.67 94062
20141121 12.73 12.73 12.92 12.57 62143
20141124 12.90 12.66 12.90 12.57 55208
20141125 12.50 12.83 12.91 12.50 61982
20141126 12.66 12.72 12.78 12.62 65674
20141127 12.99 13.01 13.39 12.76 129231
20141128 13.03 12.71 13.03 12.65 55131
20141201 12.67 12.49 12.79 12.49 34647
20141202 12.50 12.63 12.69 12.44 28719
20141203 12.63 12.72 12.72 12.51 44586
20141204 12.72 12.75 12.81 12.65 45580
20141205 12.76 12.03 12.80 11.98 68290
20141208 11.95 11.95 12.04 11.83 34598
20141209 11.92 11.76 12.26 11.76 46905
20141210 11.80 12.15 12.20 11.68 27001
20141211 12.14 12.33 12.35 11.88 43818
20141212 12.32 12.26 12.39 12.15 29516
20141215 12.25 12.46 12.67 12.05 91377
20141216 12.40 12.44 12.56 12.27 68246
20141217 12.40 12.09 12.61 11.95 47009
20141218 12.06 11.90 12.12 11.87 28282
20141219 11.76 11.56 11.89 11.46 43402
20141222 11.52 10.92 11.52 10.87 46924
20141223 10.96 10.95 11.08 10.90 43724
20141224 10.99 11.15 11.17 10.91 43718
20141225 11.15 11.35 11.37 11.10 28725
20141226 11.38 11.31 11.40 11.19 22798
20141229 11.36 11.11 11.36 11.04 24931
20141230 11.10 11.08 11.20 11.01 18375
20141231 11.10 11.20 11.27 11.06 18896
20150105 11.20 11.42 11.49 11.18 26027
20150106 11.38 11.58 11.59 11.20 33733
20150107 11.58 11.69 11.75 11.52 32811
20150108 11.65 11.51 11.69 11.51 17981
20150109 11.48 11.44 11.67 11.42 21399
20150112 11.43 11.00 11.43 10.98 25217
20150113 10.99 11.16 11.18 10.96 12361
20150114 11.22 11.17 11.30 11.11 14661
20150115 11.22 11.26 11.31 11.18 11687
20150116 11.34 11.61 11.80 11.30 30502
20150119 11.55 11.32 11.76 11.25 38178
20150120 11.37 11.80 11.84 11.36 40087
20150121 11.81 11.95 12.02 11.81 41420
20150122 12.05 11.99 12.05 11.92 30809
20150123 11.94 11.99 12.03 11.88 34035
20150126 11.99 12.14 12.14 11.95 34123
20150127 12.14 12.08 12.20 11.93 26322
20150128 12.07 12.10 12.20 11.98 31021
20150129 12.04 11.95 12.10 11.95 22222
20150130 12.00 11.85 12.05 11.81 16384
20150202 11.70 11.74 11.84 11.65 13468
20150203 11.78 11.91 11.94 11.77 15489
20150204 11.91 11.81 11.99 11.81 16299
20150205 11.95 11.74 11.95 11.71 17052
20150206 11.65 11.26 11.75 11.21 21326
20150209 11.29 11.40 11.75 11.16 16386
20150210 11.40 11.51 11.56 11.35 9658
20150211 11.50 11.58 11.63 11.47 9744
20150212 11.59 11.70 11.72 11.59 10981
20150213 11.77 11.88 11.91 11.73 18294
20150216 11.89 12.04 12.05 11.88 20098
20150217 12.05 12.00 12.08 11.97 13755
20150225 12.00 12.00 12.06 11.86 15715
20150226 11.96 12.18 12.19 11.93 24773
20150227 12.20 12.35 12.44 12.20 38879
20150302 12.45 12.74 12.83 12.40 69354
20150303 12.72 12.54 12.72 12.50 37771
20150304 12.53 13.05 13.08 12.51 71455
20150305 13.05 13.24 13.28 12.81 60793
20150306 13.24 13.15 13.25 13.06 45154
20150309 13.07 13.29 13.50 12.95 107922
20150310 13.30 13.78 13.90 13.28 99700
20150311 13.78 14.75 14.88 13.78 132666
20150312 14.50 14.10 14.50 13.90 95471
20150313 14.11 14.23 14.44 13.84 72344
20150316 14.23 14.38 14.49 14.22 65284
20150317 14.38 14.38 14.78 14.28 86719
20150318 14.38 14.53 14.59 14.25 73869
20150319 14.49 14.60 14.60 14.21 68916
20150320 14.60 14.58 14.80 14.45 73781
20150323 14.60 14.90 14.97 14.51 72840
20150324 14.87 14.57 14.95 14.16 90118
20150325 14.20 14.16 14.31 13.88 116491
20150326 14.07 14.19 14.28 13.96 77596
20150327 14.21 14.28 14.35 14.15 63585
20150330 14.31 14.52 14.57 14.31 76017
20150331 14.58 14.27 14.60 14.27 58243
20150401 14.22 14.75 14.82 14.22 91718
20150402 14.81 14.99 15.18 14.81 94014
20150403 14.90 15.60 15.60 14.76 95138
20150407 15.68 15.69 15.96 15.51 99813
20150408 15.72 15.24 15.79 15.00 77478
20150409 15.21 14.86 15.29 14.40 78703
20150410 14.88 15.60 15.69 14.87 89131
20150413 15.78 15.99 16.38 15.50 97778
20150414 15.90 15.73 16.25 15.59 117714
20150415 15.61 15.11 15.61 15.05 78136
20150416 15.00 15.86 15.90 14.80 120351
20150417 16.70 17.45 17.45 16.70 293935
20150420 17.58 16.98 18.05 16.90 365636
20150421 17.01 17.16 17.50 16.56 297405
20150422 17.28 18.40 18.88 17.10 367307
20150423 18.40 19.01 19.65 18.00 420706
20150424 18.60 18.48 19.19 18.15 217235
20150427 18.52 18.68 18.83 18.26 191321
20150428 18.80 17.61 18.80 17.58 204444
20150429 17.62 17.65 17.91 17.59 102891
20150430 17.66 17.20 17.87 17.18 161997
20150504 16.92 17.34 17.45 16.78 122850
20150505 17.62 17.20 18.20 16.91 169736
20150506 17.22 16.56 17.49 16.25 114132
20150507 16.30 15.73 16.78 15.67 94178
20150508 16.11 16.29 16.33 15.91 90849
20150511 16.67 16.95 16.98 16.50 115136
20150512 17.02 17.39 17.70 16.96 131103
20150513 17.29 17.03 17.29 16.90 118149
20150514 17.05 17.54 17.57 16.91 139485
20150515 17.60 17.02 17.66 16.77 115967
20150518 16.78 17.20 17.44 16.68 106362
20150519 17.23 17.46 17.48 16.96 130465
20150520 17.50 17.54 18.15 17.48 175795
20150521 17.55 18.70 18.76 17.37 300403
20150522 18.80 18.34 18.99 17.97 273732
20150525 18.15 18.99 18.99 18.00 302774
20150526 19.15 19.70 19.80 18.70 297916
20150527 19.64 19.37 19.79 19.12 267163
20150528 19.36 17.53 19.76 17.46 308298
20150529 17.60 17.33 17.89 16.80 192065
20150601 17.50 18.55 18.65 17.33 182675
20150602 19.10 19.85 20.10 19.09 309085
20150603 19.85 19.59 20.00 19.01 216256
20150604 19.53 20.85 20.94 18.47 298617
20150605 21.00 20.83 21.90 20.50 352048
20150608 20.61 19.91 20.75 19.62 249871
20150609 19.94 20.50 20.72 19.75 208286
20150610 20.40 20.20 20.59 19.75 175100
20150611 20.19 20.41 20.42 19.79 167299
20150612 20.50 20.95 21.28 20.37 216535
20150615 21.04 21.20 21.88 21.00 242322
20150616 21.30 21.87 21.99 20.01 298700
20150617 21.58 24.06 24.06 21.22 411944
20150618 23.81 24.00 25.00 22.95 334531
20150619 23.13 21.60 23.68 21.60 170244
20150623 21.48 20.15 21.52 19.44 190047
20150624 20.46 20.65 21.19 19.89 238945
20150625 20.60 18.70 20.60 18.59 209778
20150626 18.30 16.83 18.30 16.83 218800
20150629 17.22 15.15 17.38 15.15 183785
20150630 14.99 16.39 16.50 14.21 176270
20150701 16.11 15.17 16.87 15.02 161405
20150702 15.30 13.65 15.40 13.65 187684
20150703 13.13 12.31 14.07 12.29 170160
20150706 13.54 11.87 13.54 11.30 220248
20150707 11.39 10.68 11.46 10.68 109088
20150708 9.61 10.28 10.53 9.61 317666
20150709 10.32 11.31 11.31 10.02 150830
20150710 12.43 12.44 12.44 11.82 111931
20150713 13.06 13.68 13.68 13.06 198235
20150714 13.75 13.84 14.68 13.21 277812
20150715 13.44 12.46 13.69 12.46 185009
20150716 12.46 13.13 13.50 11.70 144381
20150717 13.18 13.98 14.13 13.14 123828
20150720 13.90 14.03 14.37 13.63 153903
20150721 13.69 14.02 14.33 13.55 141325
20150722 13.95 14.28 14.44 13.76 162088
20150723 14.17 14.81 14.93 14.17 171559
20150724 14.76 14.26 15.08 14.19 182964
20150727 14.78 14.07 15.69 14.01 420660
20150728 12.93 13.29 14.35 12.66 277465
20150729 13.56 14.47 14.50 12.70 194444
20150730 14.19 14.05 15.18 14.00 196722
