20140102 4.75 4.76 4.76 4.73 53677
20140103 4.75 4.70 4.78 4.69 80553
20140106 4.69 4.73 4.73 4.65 105215
20140107 4.70 4.74 4.75 4.68 43936
20140108 4.73 4.74 4.75 4.69 43264
20140109 4.72 4.67 4.73 4.67 45744
20140110 4.65 4.53 4.66 4.51 62008
20140113 4.50 4.49 4.55 4.46 34234
20140114 4.48 4.57 4.57 4.46 34607
20140115 4.56 4.56 4.56 4.50 26051
20140116 4.54 4.63 4.68 4.53 71821
20140117 4.60 4.55 4.61 4.54 27704
20140120 4.51 4.49 4.53 4.47 36941
20140121 4.51 4.54 4.57 4.50 30625
20140122 4.56 4.65 4.65 4.55 53868
20140123 4.65 4.64 4.70 4.62 55044
20140124 4.64 4.67 4.69 4.63 43648
20140127 4.65 4.62 4.66 4.60 38721
20140128 4.64 4.63 4.66 4.59 25838
20140129 4.64 4.63 4.66 4.60 38012
20140130 4.62 4.61 4.64 4.60 24758
20140207 4.60 4.68 4.68 4.55 49108
20140210 4.67 4.74 4.76 4.64 82632
20140211 4.74 4.74 4.76 4.70 70614
20140212 4.76 4.75 4.76 4.71 49956
20140213 4.74 4.71 4.76 4.71 44991
20140214 4.71 4.74 4.74 4.70 39570
20140217 4.76 4.76 4.76 4.72 57078
20140218 4.76 4.71 4.76 4.70 53394
20140219 4.70 4.74 4.77 4.69 45642
20140220 4.76 4.76 4.85 4.74 130416
20140221 4.78 4.74 4.79 4.70 68636
20140224 4.73 4.65 4.73 4.63 61841
20140225 4.67 4.64 4.71 4.61 68776
20140226 4.62 4.65 4.65 4.59 35074
20140227 4.63 4.73 4.77 4.63 82402
20140228 4.78 4.88 4.94 4.75 234216
20140303 4.92 4.97 5.01 4.87 250197
20140304 4.95 4.90 4.95 4.85 116938
20140305 4.93 4.95 5.04 4.88 154434
20140306 4.91 4.88 4.92 4.80 99952
20140307 4.88 4.82 4.91 4.78 70699
20140310 4.79 4.71 4.86 4.68 80616
20140311 4.70 4.73 4.74 4.67 43651
20140312 4.74 4.71 4.75 4.63 55467
20140313 4.72 4.89 4.93 4.72 152933
20140314 4.90 4.83 4.90 4.79 58515
20140317 4.81 4.85 4.87 4.81 45318
20140318 4.85 4.89 4.95 4.80 96098
20140319 4.90 4.87 4.93 4.84 57600
20140320 4.87 4.74 4.87 4.74 71157
20140321 4.72 4.85 4.89 4.71 80199
20140324 4.82 4.89 4.91 4.81 101674
20140325 4.87 4.96 5.04 4.86 154557
20140326 4.96 4.92 4.97 4.90 61820
20140327 4.94 4.92 4.96 4.90 76704
20140328 4.92 4.96 5.03 4.91 173061
20140331 4.97 4.92 5.02 4.91 76125
20140401 4.91 4.91 4.96 4.91 67703
20140402 4.93 4.91 4.93 4.84 88477
20140403 4.91 4.88 4.94 4.86 48177
20140404 4.88 4.92 4.92 4.85 42119
20140408 4.92 4.97 4.98 4.90 100241
20140409 4.97 4.96 4.99 4.95 59776
20140410 4.97 4.98 5.04 4.94 152197
20140411 4.97 4.96 4.99 4.95 83050
20140414 4.97 4.96 4.99 4.94 71264
20140415 4.96 4.92 4.97 4.90 84115
20140416 4.90 4.93 4.94 4.90 48196
20140417 4.93 4.91 4.94 4.89 46726
20140418 4.92 4.89 4.92 4.87 33819
20140421 4.87 4.82 4.88 4.82 59124
20140422 4.83 4.83 4.85 4.79 45828
20140423 4.85 4.90 4.92 4.84 58560
20140424 4.87 4.77 4.87 4.73 102994
20140425 4.77 4.71 4.79 4.71 48248
20140428 4.72 4.65 4.72 4.63 48507
20140429 4.63 4.70 4.71 4.63 25946
20140430 4.70 4.68 4.71 4.66 25271
20140505 4.69 4.70 4.72 4.62 34131
20140506 4.70 4.68 4.72 4.67 38210
20140507 4.68 4.66 4.68 4.65 21125
20140508 4.65 4.66 4.71 4.65 36081
20140509 4.68 4.68 4.70 4.65 35003
20140512 4.71 4.76 4.77 4.69 83007
20140513 4.76 4.73 4.77 4.72 55970
20140514 4.74 4.74 4.75 4.72 28536
20140515 4.74 4.71 4.75 4.70 32862
20140516 4.71 4.72 4.74 4.70 24078
20140519 4.74 4.68 4.74 4.67 32611
20140520 4.69 4.67 4.72 4.67 23542
20140521 4.67 4.72 4.72 4.66 18817
20140522 4.72 4.70 4.74 4.70 30454
20140523 4.70 4.72 4.73 4.69 17626
20140526 4.73 4.73 4.73 4.70 29611
20140527 4.72 4.71 4.73 4.69 23297
20140528 4.71 4.70 4.71 4.66 40121
20140529 4.70 4.66 4.71 4.65 30679
20140530 4.67 4.66 4.68 4.65 31057
20140603 4.66 4.66 4.68 4.65 25697
20140604 4.67 4.62 4.67 4.60 35195
20140605 4.62 4.65 4.67 4.60 22308
20140606 4.65 4.65 4.67 4.63 22523
20140609 4.64 4.63 4.66 4.62 13905
20140610 4.65 4.66 4.67 4.63 40690
20140611 4.66 4.66 4.67 4.63 58346
20140612 4.65 4.68 4.69 4.65 40185
20140613 4.66 4.72 4.75 4.66 55635
20140616 4.71 4.73 4.73 4.70 43304
20140617 4.72 4.68 4.72 4.67 48687
20140618 4.68 4.67 4.69 4.66 27075
20140619 4.66 4.62 4.67 4.61 34062
20140620 4.61 4.60 4.64 4.59 37807
20140623 4.60 4.61 4.62 4.60 14783
20140624 4.60 4.63 4.65 4.60 16277
20140625 4.65 4.64 4.65 4.62 18933
20140626 4.66 4.67 4.67 4.64 18465
20140627 4.67 4.70 4.70 4.65 29649
20140630 4.69 4.73 4.73 4.69 54701
20140701 4.55 4.50 4.56 4.48 86829
20140702 4.50 4.50 4.52 4.47 44936
20140703 4.51 4.53 4.54 4.49 65529
20140704 4.53 4.51 4.53 4.49 47150
20140707 4.51 4.50 4.53 4.49 44166
20140708 4.50 4.55 4.56 4.48 79469
20140709 4.54 4.52 4.56 4.51 42209
20140710 4.51 4.57 4.61 4.50 120029
20140711 4.57 4.58 4.61 4.56 81985
20140714 4.58 4.61 4.61 4.56 73879
20140715 4.62 4.59 4.62 4.57 63619
20140716 4.58 4.66 4.69 4.57 164105
20140717 4.70 4.72 4.90 4.68 228207
20140718 4.67 4.72 4.76 4.63 137952
20140721 4.72 4.70 4.72 4.67 64581
20140722 4.69 4.71 4.72 4.65 77612
20140723 4.70 4.68 4.71 4.66 72510
20140724 4.68 4.72 4.72 4.67 86043
20140725 4.72 4.78 4.79 4.69 133258
20140728 4.79 4.83 4.85 4.78 172246
20140729 4.83 4.77 4.83 4.76 122904
20140730 4.77 4.79 4.82 4.74 98674
20140731 4.79 4.78 4.79 4.75 80204
20140801 4.79 4.76 4.84 4.76 135392
20140804 4.77 4.81 4.82 4.73 89832
20140805 4.82 4.81 4.83 4.77 106804
20140806 4.82 4.84 4.86 4.77 115260
20140807 4.85 4.77 4.86 4.75 82596
20140808 4.77 4.79 4.80 4.77 47698
20140811 4.80 4.83 4.84 4.79 76245
20140812 4.82 4.82 4.83 4.80 59579
20140813 4.82 4.84 4.86 4.81 155457
20140814 4.84 4.80 4.84 4.80 102311
20140815 4.80 4.81 4.83 4.80 66890
20140818 4.81 4.85 4.86 4.81 94385
20140819 4.86 4.87 4.87 4.84 99071
20140820 4.88 4.88 4.90 4.85 97011
20140821 4.88 4.85 4.88 4.82 89954
20140822 4.85 4.89 4.90 4.83 91535
20140825 4.90 4.94 4.95 4.88 147745
20140826 4.92 4.86 4.94 4.85 160322
20140827 4.84 4.83 4.86 4.80 99986
20140828 4.83 4.78 4.84 4.73 75240
20140829 4.77 4.82 4.84 4.76 63672
20140901 4.83 4.83 4.85 4.82 55475
20140902 4.84 4.88 4.90 4.84 116725
20140903 4.89 4.90 4.92 4.87 107820
20140904 4.90 4.93 4.94 4.87 107578
20140905 4.94 4.97 4.99 4.93 141869
20140909 4.99 5.02 5.03 4.96 190250
20140910 4.99 5.01 5.02 4.97 114153
20140911 5.02 4.96 5.05 4.96 181238
20140912 4.96 5.02 5.02 4.96 146531
20140915 5.01 5.09 5.10 4.99 186685
20140916 5.07 5.03 5.18 5.03 270032
20140917 5.03 5.06 5.08 5.01 134582
20140918 5.06 5.11 5.18 5.04 135455
20140919 5.10 5.11 5.16 5.08 75513
20140922 5.10 5.00 5.10 4.97 119726
20140923 4.99 5.07 5.07 4.98 77877
20140924 5.06 5.13 5.14 5.05 136699
20140925 5.13 5.11 5.15 5.10 136537
20140926 5.07 5.13 5.16 5.07 107447
20140929 5.15 5.17 5.18 5.12 146826
20140930 5.19 5.16 5.21 5.15 94950
20141008 5.18 5.19 5.19 5.13 132156
20141009 5.19 5.19 5.21 5.15 122949
20141010 5.18 5.16 5.20 5.14 123453
20141013 5.14 5.13 5.15 5.09 94009
20141014 5.10 5.13 5.16 5.10 109164
20141015 5.13 5.14 5.15 5.10 80944
20141016 5.12 5.13 5.18 5.11 110959
20141017 5.11 5.06 5.15 5.03 117381
20141020 5.07 5.08 5.09 5.05 71181
20141021 5.08 5.06 5.14 5.06 105899
20141022 5.07 5.00 5.08 4.99 82658
20141023 4.99 4.95 5.02 4.95 104191
20141024 4.96 4.97 5.01 4.94 52715
20141027 4.96 4.95 4.98 4.93 35982
20141028 4.95 5.04 5.04 4.95 63014
20141029 5.07 5.12 5.12 5.04 177248
20141030 5.10 5.39 5.50 5.07 487588
20141031 5.40 5.37 5.44 5.27 274858
20141103 5.37 5.39 5.42 5.32 228954
20141104 5.39 5.50 5.54 5.33 310392
20141105 5.60 5.61 5.92 5.59 522608
20141106 5.62 5.72 5.73 5.52 331168
20141107 5.71 5.61 5.90 5.53 349848
20141110 5.64 5.75 5.75 5.59 244551
20141111 5.76 5.62 5.82 5.58 295878
20141112 5.65 5.86 5.88 5.63 392523
20141113 5.85 5.76 5.98 5.75 278652
20141114 5.72 5.70 5.76 5.61 174154
20141117 5.71 5.67 5.78 5.63 146876
20141118 5.66 5.58 5.68 5.52 152279
20141119 5.57 5.62 5.62 5.53 75908
20141120 5.59 5.63 5.67 5.55 86829
20141121 5.62 5.72 5.73 5.57 186585
20141124 5.79 5.90 5.95 5.73 387919
20141125 5.88 6.02 6.08 5.87 314384
20141126 6.03 6.00 6.15 5.93 291219
20141127 6.00 6.03 6.10 5.96 202655
20141128 6.02 6.10 6.12 5.96 258175
20141201 6.11 6.05 6.20 6.00 353990
20141202 6.05 6.13 6.18 6.02 244549
20141203 6.13 6.20 6.37 6.11 293684
20141204 6.21 6.33 6.38 6.15 349033
20141205 6.38 6.33 6.62 6.08 458982
20141208 6.26 6.63 6.72 6.19 570908
20141209 6.60 6.53 7.24 6.45 711227
20141210 6.48 7.14 7.18 6.46 486199
20141211 7.02 7.39 7.69 7.00 528741
20141212 7.39 7.34 7.47 7.12 277215
20141215 7.27 7.34 7.39 7.06 281545
20141216 7.30 7.26 7.31 7.12 293595
20141217 7.26 7.69 7.76 7.20 480435
20141218 7.55 7.50 7.70 7.45 265478
20141219 7.43 7.78 7.99 7.25 423669
20141222 7.92 8.36 8.50 7.83 696626
20141223 8.32 7.70 8.32 7.60 391668
20141224 7.67 7.34 7.98 7.12 394923
20141225 7.31 7.52 7.57 7.17 264260
20141226 7.70 7.74 7.80 7.57 303436
20141229 7.80 7.87 8.20 7.70 412558
20141230 7.86 7.72 7.97 7.60 306071
20141231 7.68 7.84 8.04 7.51 374567
20150105 7.91 8.14 8.15 7.85 421125
20150106 8.07 8.07 8.21 7.96 320919
20150107 8.07 8.10 8.14 7.93 273110
20150108 8.11 7.73 8.11 7.71 239310
20150109 7.68 7.56 7.85 7.52 220415
20150112 7.50 7.24 7.51 7.19 188438
20150113 7.23 7.27 7.35 7.20 101088
20150114 7.29 7.24 7.37 7.20 117749
20150115 7.25 7.65 7.72 7.24 152541
20150116 7.60 7.61 7.78 7.50 189675
20150119 7.30 6.89 7.39 6.85 273367
20150120 6.94 7.05 7.10 6.94 151905
20150121 7.05 7.31 7.33 7.03 148504
20150122 7.37 7.36 7.37 7.25 128686
20150123 7.40 7.30 7.44 7.24 155657
20150126 7.30 7.46 7.47 7.25 167885
20150127 7.47 7.37 7.49 7.25 173943
20150128 7.34 7.30 7.41 7.19 139195
20150129 7.18 7.43 7.54 7.10 266214
20150130 7.45 7.37 7.59 7.36 226440
20150202 7.28 7.03 7.28 6.99 192867
20150203 7.08 7.15 7.17 7.00 101535
20150204 7.16 7.09 7.27 7.06 104217
20150205 7.17 6.96 7.19 6.92 125100
20150206 6.91 6.56 6.93 6.51 200117
20150209 6.54 6.50 6.61 6.40 109340
20150210 6.50 6.69 6.70 6.50 89676
20150211 6.70 6.53 6.78 6.49 250109
20150212 6.53 6.63 6.66 6.53 127678
20150213 6.68 6.76 6.86 6.65 167654
20150216 6.80 6.81 6.83 6.71 146025
20150217 6.80 6.85 6.87 6.79 118316
20150225 6.85 6.89 7.02 6.84 146018
20150226 6.91 7.00 7.00 6.86 147437
20150227 7.01 7.02 7.07 6.96 153566
20150302 7.10 7.11 7.13 7.03 205701
20150303 7.09 6.95 7.09 6.93 219543
20150304 6.96 7.02 7.05 6.91 141737
20150305 7.01 6.90 7.02 6.88 164851
20150306 6.90 6.90 6.94 6.87 133965
20150309 6.89 6.95 6.98 6.71 153249
20150310 6.95 7.06 7.10 6.92 230896
20150311 7.08 7.02 7.10 7.00 160244
20150312 7.02 7.12 7.12 6.99 205246
20150313 7.13 7.16 7.20 7.10 187699
20150316 7.20 7.33 7.33 7.17 288133
20150317 7.33 7.51 7.58 7.31 382133
20150318 7.52 7.62 7.64 7.48 341997
20150319 7.65 7.76 7.83 7.52 423088
20150320 7.79 7.73 7.82 7.65 324412
20150323 7.89 8.10 8.18 7.89 556921
20150324 8.09 8.37 8.46 7.90 765500
20150325 8.38 8.18 8.40 8.07 377470
20150326 8.15 8.11 8.28 8.00 288206
20150327 8.09 8.10 8.16 8.05 237572
20150330 8.13 8.29 8.30 8.08 344240
20150331 8.35 8.09 8.38 8.07 338411
20150401 8.07 8.20 8.26 8.06 278159
20150402 8.21 8.20 8.24 8.12 262385
20150403 8.18 8.65 8.73 8.13 647095
20150407 8.77 8.77 9.00 8.72 505232
20150408 8.78 8.61 8.82 8.45 420229
20150409 8.49 8.33 8.57 8.18 396662
20150410 8.30 8.49 8.50 8.24 297809
20150413 8.51 8.90 8.90 8.51 465650
20150414 9.10 9.44 9.68 8.96 730126
20150415 9.39 9.00 9.39 8.91 426923
20150416 8.73 9.50 9.58 8.71 560996
20150417 9.62 9.58 9.90 9.39 667742
20150420 9.55 9.20 9.72 9.15 618439
20150421 9.20 9.40 9.40 9.10 324026
20150422 9.46 9.80 9.95 9.45 632542
20150423 9.85 9.82 9.91 9.63 469322
20150424 9.62 9.63 9.81 9.41 374420
20150427 9.64 9.93 9.93 9.62 541076
20150428 9.92 9.87 10.30 9.76 519873
20150429 9.86 10.18 10.25 9.77 414959
20150430 10.07 10.67 11.18 10.01 711598
20150504 10.68 11.74 11.74 10.50 838071
20150505 11.88 10.93 12.24 10.69 764285
20150506 10.79 10.48 11.31 10.37 490357
20150507 10.45 9.87 10.64 9.74 370832
20150508 9.95 10.17 10.18 9.86 281327
20150511 10.28 10.51 10.52 10.13 349575
20150512 10.51 10.95 11.08 10.38 468886
20150513 10.96 10.54 10.99 10.47 352122
20150514 10.50 10.52 10.77 10.27 307282
20150515 10.47 10.10 10.47 10.02 303397
20150518 10.00 10.22 10.37 9.89 275088
20150519 10.22 10.54 10.57 10.22 300951
20150520 10.61 10.63 10.98 10.60 403908
20150521 10.63 10.89 10.96 10.61 300766
20150522 10.89 11.28 11.35 10.86 466503
20150525 11.30 11.73 11.78 11.20 496171
20150526 11.80 12.80 12.88 11.80 658191
20150527 12.81 13.18 13.45 12.51 615149
20150528 13.10 11.86 13.10 11.86 516144
20150529 11.81 11.73 12.15 10.77 392074
20150601 11.80 12.62 12.62 11.80 412762
20150602 12.64 13.06 13.22 12.64 412592
20150603 13.26 13.30 13.43 12.47 493301
20150604 13.30 13.21 13.33 12.30 376747
20150605 13.44 14.53 14.53 13.26 767912
20150721 10.75 10.75 10.75 10.75 97402
20150722 9.68 10.43 10.67 9.68 1999510
20150723 9.90 10.04 10.23 9.72 1153636
20150724 10.03 9.89 10.35 9.76 872057
20150727 9.69 8.90 9.76 8.90 627887
20150728 8.40 8.40 8.80 8.01 725337
20150729 8.46 8.90 8.95 8.24 439614
20150730 8.80 8.62 9.20 8.59 527673
