20140102 7.90 7.96 8.03 7.81 35977
20140103 7.88 7.83 7.95 7.73 24356
20140106 7.85 7.96 8.25 7.78 64539
20140107 7.89 7.75 7.89 7.50 38053
20140108 7.75 8.28 8.49 7.75 79267
20140109 8.20 8.40 8.47 8.06 73630
20140110 8.36 8.42 9.00 8.06 109788
20140113 8.34 8.94 9.07 8.22 105239
20140114 8.81 9.24 9.36 8.71 127308
20140115 9.22 9.12 9.38 8.98 96344
20140116 9.04 8.83 9.28 8.78 86746
20140117 8.75 8.83 9.02 8.66 51097
20140120 8.80 8.35 8.95 8.20 78104
20140121 8.28 8.70 8.71 8.28 53263
20140122 8.73 8.75 8.96 8.64 61425
20140123 8.75 8.94 9.04 8.70 53868
20140124 8.97 8.86 8.97 8.81 50740
20140127 8.86 8.84 8.86 8.55 44393
20140128 8.85 9.22 9.23 8.80 82083
20140129 9.22 9.20 9.27 9.09 56443
20140130 9.12 8.91 9.20 8.91 36322
20140207 8.76 9.52 9.62 8.73 72734
20140210 9.52 9.78 9.83 9.41 75785
20140211 9.71 9.51 9.89 9.47 73369
20140212 9.49 9.51 9.65 9.45 46890
20140213 9.48 9.44 9.69 9.31 49910
20140214 9.37 9.77 9.80 9.36 59477
20140217 9.77 10.13 10.34 9.77 84607
20140218 10.10 11.14 11.14 9.92 143450
20140219 11.30 11.05 11.34 10.77 86885
20140220 10.91 10.80 11.09 10.55 54957
20140221 10.74 11.88 11.88 10.41 106603
20140224 12.09 12.86 13.07 12.09 192702
20140225 12.74 12.61 13.79 12.11 144754
20140226 12.61 13.87 13.87 12.25 181393
20140227 14.41 13.99 14.60 13.51 163555
20140228 13.61 13.75 13.91 12.91 116100
20140303 13.30 13.42 13.85 13.10 88180
20140304 13.48 14.16 14.40 12.91 124799
20140305 13.89 14.65 15.18 13.85 121104
20140306 14.58 14.82 15.18 14.06 79076
20140307 14.53 14.57 15.09 14.28 59273
20140310 14.85 13.18 14.85 13.11 103581
20140311 13.10 12.95 13.50 12.55 67992
20140312 12.83 12.98 13.05 12.56 37573
20140313 13.28 13.57 13.82 13.14 53128
20140314 13.31 13.47 14.15 13.15 54016
20140317 13.55 13.42 13.77 13.03 43731
20140318 13.45 13.64 13.68 13.13 62474
20140319 13.59 13.29 13.59 13.00 54630
20140320 13.08 12.85 13.19 12.46 71961
20140321 12.78 13.15 13.19 12.52 26382
20140324 13.30 13.04 13.30 12.77 27101
20140325 12.82 13.98 14.00 12.82 56037
20140326 13.80 13.79 13.99 13.46 31389
20140327 13.70 13.33 13.75 12.85 34171
20140328 13.15 12.65 13.34 12.11 32179
20140331 12.46 12.54 12.74 12.03 18154
20140401 12.58 12.99 13.01 12.29 27939
20140402 12.98 12.95 13.17 12.76 19139
20140403 12.98 12.86 13.15 12.75 19137
20140404 12.85 12.98 13.00 12.68 9824
20140408 12.86 12.96 13.06 12.78 8980
20140409 12.88 12.95 13.10 12.86 12826
20140410 12.89 13.40 13.88 12.82 34661
20140411 13.39 13.50 13.78 13.26 25897
20140414 13.45 13.12 13.69 13.11 22513
20140415 13.01 12.93 13.25 12.66 23728
20140416 12.80 12.86 12.96 12.73 10477
20140417 12.85 12.87 12.95 12.73 8437
20140418 12.78 12.80 12.91 12.53 21333
20140421 12.60 12.58 12.75 12.26 19660
20140422 12.18 12.31 12.68 11.90 22549
20140423 12.25 11.99 12.38 11.89 11986
20140424 12.05 11.66 12.07 11.50 16116
20140425 11.60 10.49 11.71 10.49 37314
20140428 10.35 10.00 10.35 9.76 38954
20140429 10.00 10.20 10.20 9.86 19397
20140430 10.20 10.11 10.29 10.08 17439
20140505 10.13 10.34 10.34 9.94 18337
20140506 10.28 10.29 10.60 10.15 29291
20140507 10.24 9.93 10.28 9.80 26110
20140508 9.81 9.92 10.10 9.72 20403
20140509 9.91 9.75 9.91 9.48 24977
20140512 9.85 10.00 10.00 9.71 19079
20140513 10.02 9.97 10.14 9.93 17689
20140514 9.97 9.86 9.98 9.76 18572
20140515 9.86 9.42 9.86 9.35 19566
20140516 9.43 9.34 9.46 8.64 47988
20140519 9.20 9.30 9.40 9.13 20161
20140520 9.31 9.44 9.60 9.28 17735
20140521 9.47 10.38 10.38 9.36 62767
20140522 10.50 10.73 10.85 10.34 92650
20140523 10.56 10.75 10.83 10.48 45683
20140526 10.76 11.17 11.61 10.60 73806
20140527 11.09 11.05 11.09 10.84 31252
20140528 11.15 11.05 11.17 10.75 48018
20140529 10.90 10.55 11.06 10.48 51204
20140530 10.58 10.65 10.81 10.25 47092
20140603 10.64 10.79 10.88 10.40 44000
20140604 10.76 10.79 10.84 10.42 28738
20140605 10.83 10.82 10.88 10.65 23586
20140606 10.80 11.10 11.52 10.79 57315
20140609 10.90 10.72 11.00 10.68 24592
20140610 10.71 10.80 10.92 10.61 28077
20140611 10.88 11.10 11.20 10.74 48901
20140612 11.03 11.27 11.48 10.91 37949
20140613 11.06 11.40 11.45 11.06 35622
20140616 11.47 11.34 11.48 11.25 23132
20140617 11.38 11.11 11.40 11.00 20562
20140618 11.19 11.15 11.47 11.08 30252
20140619 11.10 10.65 11.19 10.11 24398
20140620 10.75 11.10 11.10 10.43 13142
20140623 10.94 11.18 11.27 10.88 20541
20140624 11.20 11.55 11.65 11.18 36634
20140625 11.48 11.59 11.74 11.30 28775
20140626 11.59 11.75 11.94 11.52 36907
20140627 11.71 11.59 11.85 11.50 31856
20140630 11.75 11.60 11.75 11.37 33039
20140701 11.49 11.55 11.65 11.44 16209
20140702 11.50 11.55 11.68 11.45 20047
20140703 11.55 11.99 11.99 11.40 42873
20140704 11.89 12.42 12.78 11.81 55452
20140707 12.48 12.61 12.68 12.10 41452
20140708 12.51 12.62 12.74 12.26 30133
20140709 12.60 12.34 12.80 12.29 34988
20140710 12.35 12.34 12.56 12.18 29461
20140711 12.29 12.33 12.56 12.11 17452
20140714 12.30 12.81 12.81 12.28 27389
20140715 12.83 12.66 12.85 12.35 29497
20140716 12.66 12.49 12.74 12.20 25916
20140717 12.48 12.47 12.63 12.25 10960
20140718 12.48 12.45 12.50 12.20 20614
20140721 12.40 12.42 12.47 12.28 10304
20140722 12.31 12.36 12.45 12.20 27086
20140723 12.22 11.99 12.33 11.75 33800
20140724 11.80 11.70 11.96 11.40 29301
20140725 11.66 11.85 11.85 11.55 8990
20140728 11.87 11.98 11.99 11.80 19892
20140729 12.06 11.93 12.20 11.59 55227
20140730 11.93 11.98 11.98 11.79 27459
20140731 12.00 12.05 12.08 11.90 23066
20140801 12.00 11.96 12.10 11.80 29671
20140804 11.96 12.03 12.07 11.85 25164
20140805 12.00 12.31 12.31 11.93 34868
20140806 12.46 12.33 12.46 12.22 28876
20140807 12.33 12.11 12.36 11.98 23349
20140808 12.01 12.15 12.25 11.96 15591
20140811 12.17 12.43 12.49 12.12 31725
20140812 12.43 12.80 12.80 12.40 47027
20140813 12.85 13.40 13.90 12.81 68544
20140814 13.35 13.30 13.72 13.15 50516
20140815 13.37 13.45 13.49 13.21 28644
20140818 13.46 13.63 13.68 13.34 47465
20140819 13.59 13.44 13.68 13.20 39589
20140820 13.44 13.14 13.44 13.13 25467
20140821 13.11 13.48 13.56 13.07 37516
20140822 13.48 13.45 13.62 13.20 27513
20140825 13.39 14.80 14.80 13.20 101726
20140826 14.80 14.98 15.67 14.70 83107
20140827 14.99 15.49 15.57 14.53 68629
20140828 15.32 15.12 15.42 14.90 35196
20140829 14.96 15.05 15.23 14.76 27254
20140901 14.96 15.48 15.60 14.88 35949
20140902 15.48 15.50 15.83 15.35 42706
20140903 15.49 15.60 15.70 15.10 44287
20140904 15.59 16.47 16.56 15.44 58924
20140905 16.34 16.40 16.50 15.99 34527
20140909 16.32 16.00 16.36 15.90 29840
20140910 15.88 16.00 16.28 15.71 19794
20140911 16.05 15.77 16.10 15.57 26218
20140912 15.70 15.58 15.70 15.41 22818
20140915 15.64 15.40 15.73 15.25 45906
20140916 15.44 15.08 15.63 14.95 35007
20140917 15.05 15.08 15.18 14.67 30116
20140918 15.01 15.20 15.35 14.83 33519
20140919 15.19 15.22 15.28 14.88 23124
20140922 15.15 15.46 15.66 15.01 25963
20140923 15.46 15.68 15.71 15.27 20588
20140924 15.55 15.57 15.77 15.45 23288
20140925 15.54 15.29 15.73 15.07 26313
20140926 15.12 15.00 15.23 14.68 30769
20140929 15.00 14.96 15.13 14.84 30984
20140930 14.95 15.01 15.04 14.88 15829
20141008 15.01 15.55 15.55 14.99 36298
20141009 15.53 15.67 15.77 15.34 30740
20141010 15.70 16.11 16.32 15.53 56711
20141013 16.24 16.90 16.90 16.14 63941
20141014 16.88 16.58 16.88 16.25 37317
20141015 16.60 16.35 16.68 16.19 23515
20141016 16.26 16.13 16.56 15.87 31776
20141017 16.00 16.18 16.30 15.26 29755
20141020 16.18 16.04 16.28 15.70 22009
20141021 15.94 15.78 16.02 15.71 14498
20141022 15.68 15.99 16.33 15.55 32267
20141023 15.90 15.99 16.18 15.70 13119
20141024 15.95 16.60 16.68 15.91 29944
20141027 16.59 16.79 17.09 16.30 33767
20141028 16.68 17.64 17.96 16.40 67449
20141029 17.62 18.14 18.19 17.27 61575
20141030 17.95 17.41 18.36 17.40 47141
20141031 17.50 17.72 17.74 16.82 43642
20141103 17.68 17.44 17.95 17.09 38330
20141104 17.44 17.21 17.54 17.05 20528
20141105 17.29 17.30 17.39 16.85 26611
20141106 17.30 18.13 18.13 17.21 52749
20141107 18.26 18.54 19.50 18.18 67867
20141110 18.35 18.30 18.97 17.88 33582
20141111 18.18 18.68 18.68 17.47 55418
20141112 18.40 19.33 19.45 18.03 40539
20141113 19.33 18.58 19.48 18.54 32495
20141114 18.32 17.80 18.45 17.64 33599
20141117 17.82 17.87 18.44 17.56 22874
20141118 17.97 18.06 18.40 17.87 17322
20141119 18.06 18.14 18.30 17.60 24087
20141120 18.00 17.98 18.36 17.66 25926
20141121 17.98 18.75 18.98 17.88 36179
20141124 19.08 18.70 19.38 18.51 35094
20141125 18.70 20.57 20.57 18.70 102145
20141126 21.25 21.82 22.44 21.25 120736
20150126 20.00 24.00 24.00 19.64 124675
20150127 24.95 26.34 26.40 23.95 109117
20150128 25.60 25.40 25.98 24.97 67633
20150129 25.48 24.63 25.48 24.09 53566
20150130 24.57 23.97 24.57 23.42 51241
20150202 23.69 23.90 24.50 23.24 38091
20150203 24.24 25.24 25.40 23.46 79769
20150204 25.10 25.44 25.50 24.50 56538
20150205 25.30 26.75 27.30 24.82 61779
20150206 27.00 25.23 27.22 24.11 69967
20150209 24.50 24.25 25.25 23.31 47014
20150210 24.01 25.20 25.35 23.40 31851
20150211 25.18 24.78 25.28 24.30 28527
20150212 25.00 24.85 25.56 24.18 26488
20150213 25.23 26.46 27.00 24.63 48463
20150216 26.50 28.20 28.90 26.50 48302
20150217 28.18 27.99 28.29 27.15 21013
20150225 28.18 28.33 29.50 27.90 29141
20150226 28.44 28.11 29.40 27.61 34361
20150227 28.38 29.00 29.10 27.61 26624
20150302 29.01 29.88 30.24 28.55 40523
20150303 29.79 29.63 29.98 28.81 24271
20150304 29.60 28.99 30.10 28.01 32611
20150305 28.90 28.29 28.90 27.55 39778
20150306 28.43 27.69 28.43 27.50 19155
20150309 27.64 30.46 30.46 27.59 72185
20150310 30.62 32.36 32.72 30.44 71126
20150311 31.90 31.65 32.35 30.80 46907
20150312 31.06 29.90 31.69 29.70 35729
20150313 29.86 30.82 30.90 29.60 28058
20150316 31.01 33.67 33.79 31.00 49665
20150317 34.49 32.60 35.39 32.44 62219
20150318 32.27 33.90 34.08 31.69 53610
20150319 33.76 33.99 34.80 33.01 40658
20150320 33.43 33.66 33.98 32.70 51316
20150323 33.66 34.91 35.20 33.00 61934
20150324 34.97 38.40 38.40 33.20 109693
20150325 39.00 39.00 41.25 37.24 110546
20150326 39.89 38.81 40.85 36.40 78760
20150327 37.88 38.55 38.90 37.50 30770
20150330 37.99 37.02 39.65 36.70 54211
20150331 36.89 37.70 38.46 35.30 63330
20150401 37.70 38.03 38.50 36.88 48021
20150402 38.22 40.59 40.79 37.50 71780
20150403 40.00 40.15 40.35 39.13 59863
20150407 40.00 39.25 40.05 38.57 50717
20150408 39.15 36.87 39.15 36.17 81371
20150409 37.10 35.64 37.49 33.60 52435
20150410 38.19 39.20 39.20 38.19 85785
20150413 40.58 38.35 41.00 38.13 92522
20150414 37.50 36.93 38.00 36.70 65332
20150415 37.10 34.90 37.41 34.90 55452
20150416 34.00 34.02 35.88 32.28 51511
20150417 34.20 33.20 34.70 32.80 64240
20150420 33.12 32.84 34.50 32.22 71563
20150421 32.80 35.06 35.50 32.50 58551
20150422 35.06 36.10 36.36 34.90 55316
20150423 36.30 36.56 38.15 36.00 68759
20150424 36.47 35.88 37.50 35.65 59186
20150427 35.86 35.30 36.85 35.10 66338
20150428 35.28 33.10 35.28 32.30 54473
20150429 33.30 33.72 34.77 33.01 71181
20150430 33.95 34.41 35.40 33.48 60392
20150504 34.40 37.85 37.85 33.81 110491
20150505 38.38 38.60 41.00 36.62 143451
20150506 38.59 37.70 40.00 37.30 104847
20150507 37.00 35.22 37.00 35.00 68343
20150508 35.60 38.74 38.74 35.22 80367
20150511 39.70 42.61 42.61 39.70 118741
20150512 44.00 43.10 45.35 41.18 119134
20150513 41.86 42.28 44.50 41.00 78064
20150514 41.80 46.51 46.51 40.30 142461
20150515 45.60 45.35 46.99 44.10 96391
20150518 45.00 45.48 46.69 44.32 86806
20150519 46.30 50.03 50.03 44.00 98011
20150520 52.30 53.25 55.03 52.07 117130
20150521 53.20 56.77 58.00 51.62 86850
20150522 55.69 54.68 57.21 51.80 99046
20150525 52.10 53.89 56.00 51.56 77056
20150526 53.87 56.10 56.42 53.02 82886
20150527 56.30 61.66 61.68 54.00 87735
20150528 60.00 55.49 63.95 55.49 80670
20150529 55.10 56.30 57.49 50.88 75187
20150601 55.90 59.68 61.89 55.24 77346
20150602 60.00 65.31 65.58 58.73 79059
20150603 64.00 66.49 68.76 63.30 79515
20150604 68.76 69.99 71.18 61.77 91376
20150605 70.00 72.70 74.99 67.30 77608
20150608 70.70 66.99 70.96 66.20 89388
20150609 64.01 67.60 69.50 64.01 46320
20150610 66.62 67.62 69.00 65.85 42333
20150611 66.90 67.69 70.00 63.99 52027
20150612 66.93 67.50 68.00 65.66 33716
20150615 66.50 61.65 67.00 61.60 42861
20150616 60.88 56.28 60.88 55.49 67208
20150617 56.18 56.33 56.97 52.12 51658
20150618 56.01 52.20 56.23 52.00 34538
20150619 52.20 51.50 52.59 47.78 55880
20150623 51.04 55.70 56.29 49.71 75115
20150624 56.05 54.70 57.50 53.50 53252
20150625 55.77 52.00 57.00 50.12 44667
20150626 49.48 46.80 51.00 46.80 43868
20150629 48.90 42.12 48.90 42.12 52268
20150630 41.80 45.92 46.30 37.91 61359
20150701 44.80 41.75 47.60 41.33 52926
20150702 42.88 37.58 43.30 37.58 43875
20150703 33.92 33.82 39.65 33.82 42166
20150706 37.20 30.44 37.20 30.44 72112
20150713 33.48 33.48 33.48 33.48 3009
20150714 36.83 36.83 36.83 36.83 3633
20150715 40.51 34.04 40.51 33.20 136702
20150716 30.86 34.70 36.29 30.71 75817
20150717 35.50 38.17 38.17 35.00 85347
20150720 40.16 41.99 41.99 39.67 104620
20150721 41.50 44.13 45.46 40.55 93526
20150722 43.66 44.75 45.70 41.30 98644
20150723 43.90 48.00 48.50 43.62 91233
20150724 48.00 47.50 50.87 46.68 89697
20150727 46.23 42.75 47.97 42.75 80773
20150728 39.35 39.00 44.80 38.48 83031
20150729 40.02 41.51 41.90 35.18 108787
20150730 41.00 38.40 41.81 37.82 79400
