20140102 4.36 4.86 6.00 4.20 19681
20140103 4.40 4.52 5.02 4.40 23364
20140106 4.70 4.40 5.00 4.40 5946
20140107 4.00 4.60 4.90 3.60 9620
20140108 4.40 4.01 4.61 3.20 6151
20140109 4.01 4.05 4.50 4.01 4323
20140110 4.00 4.35 5.35 4.00 10632
20140113 4.10 5.62 5.66 4.10 6646
20140114 5.10 5.00 5.60 4.50 7006
20140115 5.00 5.00 5.30 5.00 3214
20140116 5.11 7.25 7.80 5.11 45938
20140117 6.80 8.50 18.00 6.80 110069
20140120 8.50 9.20 11.10 8.50 80552
20140121 4.00 7.51 8.00 4.00 36592
20140122 5.20 6.30 7.10 5.20 27564
20140123 5.18 5.10 6.32 4.01 72954
20140124 3.80 4.55 5.51 3.80 113903
20140127 4.00 5.40 6.01 4.00 171408
20140128 4.90 5.00 5.50 0.55 133233
20140129 2.02 2.10 4.50 0.20 59253
20140130 1.20 0.25 2.20 0.10 25961
20140207 0.50 4.01 5.10 0.50 29691
20140210 4.01 4.12 5.20 4.00 16277
20140211 4.20 4.20 5.10 4.10 6256
20140212 4.20 4.30 4.69 4.01 15342
20140213 4.20 2.43 4.51 2.40 4806
20140214 3.81 3.50 4.40 3.50 81043
20140217 3.60 4.00 4.60 3.60 29282
20140218 2.61 3.70 4.36 2.61 17725
20140219 3.00 4.05 4.60 3.00 18203
20140220 2.70 4.11 4.11 2.70 27181
20140221 3.00 3.65 3.81 3.00 19006
20140224 3.00 2.81 3.83 2.61 7739
20140225 2.81 2.40 3.85 2.40 8249
20140226 2.67 3.00 3.70 2.67 16323
20140227 3.00 3.33 3.65 3.00 3986
20140228 2.65 2.90 3.81 2.65 16979
20140303 2.80 2.61 3.75 2.60 6217
20140304 2.61 3.10 5.00 2.61 5415
20140305 3.36 2.50 3.36 2.35 3737
20140306 2.50 2.81 3.20 2.50 5027
20140307 2.50 2.95 3.30 2.50 24537
20140310 2.90 2.87 3.10 2.80 7145
20140311 2.11 2.89 3.00 2.11 3220
20140312 2.80 2.85 2.90 2.20 5167
20140313 2.00 3.00 3.00 2.00 3895
20140314 2.15 2.60 2.90 2.15 14041
20140317 2.81 3.00 3.30 2.70 19376
20140318 3.00 3.25 4.00 3.00 7012
20140319 3.02 3.60 5.20 3.02 13961
20140320 3.60 3.30 3.89 3.00 3727
20140321 3.25 3.31 4.40 3.00 26620
20140324 3.31 3.86 4.60 3.31 11394
20140325 3.86 3.89 4.70 3.86 13317
20140326 4.10 3.61 4.20 3.55 3913
20140327 3.61 4.40 4.50 3.61 2853
20140328 4.00 4.53 4.80 4.00 15546
20140331 4.38 3.35 4.90 3.28 9390
20140401 3.35 3.51 4.10 3.30 8941
20140402 3.40 2.81 3.98 2.81 5007
20140403 3.00 3.55 3.70 3.00 5129
20140404 3.50 3.10 3.58 2.00 40534
20140408 2.99 2.60 3.81 2.60 20252
20140409 2.66 3.20 4.30 2.66 7250
20140410 3.20 3.35 3.70 3.20 10406
20140411 3.35 3.10 3.86 3.05 12658
20140414 3.10 3.41 3.65 2.51 18863
20140415 3.05 3.55 3.61 3.05 9375
20140416 3.50 3.97 4.40 3.50 26419
20140417 3.51 2.51 4.50 2.50 17229
20140418 3.10 2.60 4.00 2.60 27514
20140421 2.60 2.80 4.00 2.60 19143
20140422 2.91 3.71 3.83 2.91 16627
20140423 3.41 3.02 4.10 2.50 11375
20140424 3.10 3.79 4.00 3.10 7325
20140425 3.00 3.66 4.00 3.00 33467
20140428 3.66 4.15 4.36 3.10 9333
20140429 3.15 3.00 4.21 2.00 3363
20140430 3.70 1.61 4.00 1.32 16065
20140505 2.65 3.52 3.71 2.65 13952
20140506 3.01 3.30 3.60 3.01 7335
20140507 2.50 3.00 3.50 2.50 2490
20140508 3.00 2.86 3.21 2.80 11163
20140509 2.80 3.02 3.11 2.80 15704
20140512 2.80 3.05 3.32 2.80 20041
20140513 3.00 3.30 3.32 3.00 5604
20140514 3.00 3.35 3.50 3.00 7264
20140515 3.35 3.30 3.37 2.82 3465
20140516 3.45 3.11 3.45 3.00 17865
20140519 3.11 3.63 3.81 3.11 32595
20140520 3.30 3.55 4.05 3.30 14369
20140521 3.55 3.90 3.91 3.30 21388
20140522 3.20 3.25 3.90 3.20 6922
20140523 3.25 3.25 3.70 3.25 14301
20140526 3.25 3.60 3.80 3.25 5290
20140527 3.40 3.55 3.65 3.40 3368
20140528 3.20 3.61 3.65 3.20 6353
20140529 3.01 3.30 3.66 3.01 6372
20140530 3.00 1.98 3.20 1.98 11076
20140603 1.98 3.41 3.69 1.98 4660
20140604 3.41 3.45 3.55 3.41 6685
20140605 3.20 3.12 3.35 3.11 2132
20140606 3.10 2.60 3.31 2.60 8899
20140609 3.01 3.20 3.47 3.01 6126
20140610 3.01 3.21 3.25 3.01 2245
20140611 3.21 3.30 3.50 3.10 7820
20140612 3.11 3.01 3.40 3.00 2035
20140613 3.10 3.70 4.10 3.10 12867
20140616 3.53 4.06 4.20 3.53 13964
20140617 4.30 4.45 5.11 4.08 16252
20140618 4.45 5.02 6.00 4.45 7672
20140619 5.00 5.00 5.90 4.80 12063
20140620 4.90 4.80 5.10 4.00 20165
20140623 4.00 4.50 5.10 4.00 5662
20140624 3.51 4.31 4.65 3.51 7830
20140625 4.31 3.80 4.35 3.50 6248
20140626 1.80 3.33 3.90 1.80 5245
20140627 3.22 3.08 4.22 2.80 10055
20140630 3.08 3.20 5.05 2.02 13542
20140701 3.20 3.20 4.22 3.20 2924
20140702 3.20 3.40 3.50 3.20 1604
20140703 3.40 3.01 3.45 3.00 4263
20140704 3.30 2.70 4.00 2.40 16546
20140707 2.70 3.21 3.53 2.70 6722
20140708 3.21 2.80 3.70 2.80 7755
20140709 3.15 4.06 4.06 3.15 3080
20140710 3.21 3.10 5.00 2.23 9881
20140711 3.10 3.70 4.10 3.10 7508
20140714 3.30 4.50 4.58 3.30 6262
20140715 4.60 4.10 5.25 4.10 34809
20140716 4.10 3.60 4.60 3.00 62006
20140717 3.60 4.60 6.40 3.60 31732
20140718 4.00 4.80 5.50 3.65 37904
20140721 4.60 5.05 5.80 4.50 11999
20140722 5.05 4.20 5.30 3.35 4903
20140723 4.51 4.60 5.25 4.51 3826
20140724 4.61 4.60 4.85 4.02 2713
20140725 3.10 3.81 4.80 3.10 14320
20140728 2.81 3.10 4.25 2.81 7471
20140729 3.20 2.02 3.90 2.02 4879
20140730 3.80 3.61 4.20 3.20 12273
20140731 3.61 3.30 3.80 3.20 4204
20140801 3.30 3.20 3.62 3.20 15562
20140804 3.20 3.20 3.98 3.20 11402
20140805 3.20 3.56 3.61 3.20 5816
20140806 3.22 2.70 3.60 2.60 5495
20140807 3.48 2.60 3.52 2.60 6024
20140808 2.67 2.70 3.66 2.67 12730
20140811 2.80 3.26 3.95 2.80 5424
20140812 3.01 3.01 4.05 3.01 9173
20140813 2.68 3.02 4.30 2.68 27633
20140814 3.02 3.60 4.50 3.02 4498
20140815 3.60 3.11 4.30 3.11 14110
20140818 3.26 3.65 4.21 3.26 13460
20140819 3.60 3.10 4.20 2.32 4854
20140820 3.51 3.85 4.50 3.51 23524
20140821 4.21 4.00 4.55 4.00 25270
20140822 3.85 4.30 4.60 3.85 40294
20140825 4.30 4.43 4.85 4.30 4790
20140826 4.01 4.21 4.85 4.01 7882
20140827 4.00 4.00 4.75 4.00 2300
20140828 4.00 4.03 5.30 4.00 4315
20140829 4.36 4.00 5.50 4.00 10689
20140901 3.61 3.80 4.30 3.61 14581
20140902 3.60 2.51 3.80 2.31 19405
20140903 3.60 2.68 3.60 2.40 26627
20140904 2.71 3.35 3.40 2.71 6008
20140905 3.35 2.50 3.55 2.31 12750
20140909 2.91 3.91 4.00 2.91 8077
20140910 3.70 3.90 4.45 3.70 5895
20140911 3.90 3.40 4.22 3.27 7873
20140912 3.50 3.71 4.00 3.50 14660
20140915 3.71 3.72 4.20 3.70 6075
20140916 4.85 6.15 6.60 4.85 87781
20140917 6.15 7.00 8.00 6.11 75110
20140918 6.50 6.00 7.01 5.81 17865
20140919 4.63 5.25 6.05 4.63 43607
20140922 4.12 5.21 5.70 4.12 27006
20140923 5.00 4.60 6.00 4.10 33492
20140924 4.50 3.05 6.67 2.20 45087
20140925 4.30 4.21 5.50 3.26 30639
20140926 3.00 3.20 4.91 3.00 108935
20140929 3.20 2.51 3.90 1.28 40303
20140930 2.51 0.99 2.51 0.80 51615
20141008 1.98 3.61 3.90 1.98 14584
20141009 3.60 3.50 4.10 2.41 10952
20141010 3.50 3.70 4.20 3.50 30891
20141013 3.70 3.80 4.39 3.70 9209
20141014 3.80 3.02 4.20 3.00 3300
20141015 3.20 3.32 4.00 3.20 4208
20141016 3.32 3.50 4.28 3.32 13156
20141017 3.55 3.10 4.20 3.10 40731
20141020 3.45 3.85 4.30 3.45 12161
20141021 3.65 3.85 4.30 3.65 8202
20141022 3.80 3.76 4.00 3.51 3057
20141023 3.76 3.81 4.00 3.60 2815
20141024 3.80 2.30 4.20 1.20 7205
20141027 3.05 4.01 4.66 3.05 12957
20141028 3.30 3.56 3.74 3.30 5643
20141029 3.21 2.70 3.80 2.02 13318
20141030 2.70 2.86 3.50 2.70 38633
20141031 2.21 2.16 3.50 2.15 12133
20141103 2.65 2.90 3.51 2.65 10444
20141104 2.90 3.41 3.60 2.90 13904
20141105 3.01 3.07 3.60 3.01 5593
20141106 3.07 3.10 3.60 3.07 7883
20141107 3.11 3.22 3.40 3.11 6212
20141110 3.01 3.40 3.78 3.01 4801
20141111 3.11 3.16 4.00 3.11 8749
20141112 3.16 1.21 3.80 1.21 6258
20141113 2.42 3.00 3.60 1.52 3378
20141114 3.05 3.41 3.83 3.05 37552
20141117 3.50 3.22 4.30 2.50 31780
20141118 3.52 4.30 4.70 3.52 18887
20141119 3.41 5.05 5.22 3.41 13077
20141120 4.35 5.11 6.01 4.35 7086
20141121 5.00 4.32 6.30 4.01 16465
20141124 4.32 5.99 7.80 2.68 13275
20141125 5.00 5.30 6.01 3.70 6994
20141126 3.41 4.60 5.00 3.41 2719
20141127 3.50 3.70 4.06 3.35 9976
20141128 3.00 3.56 4.25 2.51 19749
20141201 3.38 3.11 4.43 3.08 3896
20141202 3.12 3.60 4.24 3.11 8326
20141203 3.20 3.60 4.00 3.20 1624
20141204 1.65 3.38 3.80 1.65 1527
20141205 3.11 3.40 4.40 3.11 12966
20141208 3.30 3.60 4.50 3.30 8406
20141209 4.00 4.20 5.20 2.00 18252
20141210 4.20 3.58 4.62 3.55 5641
20141211 4.25 6.00 6.20 4.25 58931
20141212 5.43 6.20 7.00 5.43 138736
20141215 5.55 6.50 7.33 5.55 66736
20141216 6.01 7.00 7.20 6.01 21663
20141217 6.20 7.80 8.50 6.20 13647
20141218 7.50 5.00 8.82 5.00 14879
20141219 5.00 4.28 8.00 4.00 30501
20141222 4.28 6.35 7.10 4.22 29699
20141223 5.00 4.70 6.80 4.50 20964
20141224 3.10 4.06 4.75 3.10 40176
20141225 3.95 3.10 4.10 2.50 28842
20141226 3.11 1.22 4.03 1.01 39198
20141229 3.79 3.61 4.60 2.50 16655
20141230 3.61 1.01 4.65 1.01 7121
20141231 3.00 2.22 3.16 2.11 21956
20150105 3.00 3.31 4.35 3.00 23198
20150106 4.20 4.80 5.70 4.20 125351
20150107 4.85 4.50 5.36 4.21 95383
20150108 4.50 3.81 5.30 3.80 32204
20150109 3.81 4.35 5.10 3.81 8394
20150112 4.41 4.80 5.22 4.41 18216
20150113 3.11 3.81 4.80 3.11 1385
20150114 3.51 3.80 4.38 3.51 11674
20150115 3.55 3.01 3.92 3.01 3508
20150116 3.01 3.31 4.00 3.01 5167
20150119 3.32 3.43 3.98 3.32 18650
20150120 3.43 1.62 4.00 1.56 17404
20150121 3.24 2.40 3.51 2.05 31722
20150122 2.31 3.45 3.86 2.31 17670
20150123 3.45 3.40 3.90 2.60 24257
20150126 3.41 2.60 3.70 2.35 17430
20150127 3.50 3.31 4.05 3.30 11785
20150128 3.31 3.32 4.20 3.31 19083
20150129 3.32 3.50 4.50 3.32 7112
20150130 3.50 4.85 5.50 3.50 10383
20150202 4.85 4.20 5.70 4.00 16383
20150203 4.20 5.60 6.85 4.20 70926
20150204 5.80 6.30 7.25 5.80 50771
20150205 5.51 5.20 7.00 4.80 16745
20150206 5.00 3.61 6.20 3.55 32386
20150209 3.61 4.50 7.00 3.61 36765
20150210 3.60 5.80 6.11 3.60 16902
20150211 3.60 4.00 7.00 3.60 55995
20150212 3.00 4.02 4.25 3.00 103425
20150213 2.10 2.02 3.18 1.51 285471
20150216 2.06 0.39 3.00 0.20 51523
20150217 0.78 0.55 2.02 0.50 77207
20150225 1.10 3.56 4.02 1.10 11100
20150226 2.50 3.41 3.90 2.50 3685
20150227 3.41 3.62 3.80 2.81 19046
20150302 3.50 3.60 4.70 2.81 7106
20150303 3.70 4.41 5.33 3.70 86019
20150304 4.41 4.42 5.20 4.41 64664
20150305 4.42 4.51 5.25 4.42 21233
20150306 4.50 4.91 6.00 4.50 15023
20150309 4.91 5.76 6.20 4.91 5163
20150310 5.00 4.73 8.30 4.01 2332
20150311 3.65 3.90 6.00 3.65 14015
20150312 3.65 3.76 6.00 3.65 8637
20150313 3.77 3.15 4.20 3.01 29237
20150316 3.00 2.88 3.70 2.51 24390
20150317 2.88 3.13 3.50 2.88 18742
20150318 3.13 3.20 3.60 3.01 21856
20150319 3.20 3.21 4.31 3.01 8715
20150320 3.01 3.21 3.61 3.01 44291
20150323 3.20 3.13 3.53 3.10 15080
20150324 3.12 2.81 3.58 2.61 9032
20150325 2.81 3.53 3.60 2.81 7509
20150326 3.41 3.28 4.00 3.15 11446
20150327 3.30 2.02 4.00 0.60 29235
20150330 3.31 3.41 5.00 3.31 29597
20150331 3.41 3.66 5.00 3.41 9972
20150401 3.32 2.95 4.50 2.90 20459
20150402 3.50 3.11 4.00 2.80 11614
20150403 3.22 3.00 4.90 1.40 85939
20150407 4.00 4.25 5.00 4.00 51228
20150408 4.00 4.00 4.40 3.21 21615
20150409 4.03 3.82 4.70 3.80 6400
20150410 3.82 2.86 4.50 2.45 7810
20150413 2.86 3.35 4.90 2.86 4333
20150414 3.35 3.60 4.10 3.35 9926
20150415 3.60 3.23 4.15 3.20 6168
20150416 2.85 3.00 3.50 2.85 2978
20150417 3.00 2.60 3.40 2.35 32379
20150420 2.20 2.10 2.50 1.51 21550
20150421 2.01 1.65 2.50 1.00 14979
20150422 1.65 2.00 2.50 1.65 21740
20150423 2.20 1.20 2.50 1.10 22705
20150424 2.38 2.40 15.00 1.50 49923
20150427 2.45 3.01 3.30 2.45 30165
20150428 2.55 2.80 3.20 2.55 14206
20150429 2.60 2.90 3.20 2.60 13216
20150430 2.70 2.00 3.03 1.50 13015
20150504 2.41 3.00 3.85 2.41 4987
20150505 3.00 0.30 3.50 0.30 4364
20150506 0.61 2.50 3.50 0.61 10952
20150507 2.11 2.52 3.00 2.11 7121
20150508 1.81 1.50 2.60 1.50 13863
20150511 3.00 2.01 3.00 2.01 16074
20150512 2.10 2.05 2.40 2.00 22134
20150513 2.17 2.10 3.00 1.85 8796
20150514 2.02 2.40 2.71 2.02 2700
20150515 2.11 1.52 3.00 1.51 8196
20150518 2.30 2.81 3.01 2.30 12188
20150519 2.61 1.80 2.81 1.80 13641
20150520 3.00 2.50 6.00 2.50 6895
20150521 1.50 1.89 2.60 1.26 2859
20150522 1.89 1.45 2.30 1.45 17854
20150525 1.45 2.30 2.56 1.45 276304
20150526 1.52 2.30 2.50 1.52 161550
20150527 2.60 2.35 2.88 2.30 46175
20150528 2.35 3.00 3.00 2.35 20386
20150529 2.50 3.31 3.99 2.50 9267
20150601 3.20 2.55 3.80 2.51 33223
20150602 3.00 2.06 3.45 2.00 45403
20150603 2.06 2.12 3.05 1.35 35415
20150604 1.88 2.00 2.50 1.88 29068
20150605 1.81 1.40 2.15 1.40 274626
20150608 1.15 1.01 2.10 1.01 245849
20150609 1.20 0.84 1.89 0.84 43306
20150610 1.68 2.55 2.76 1.68 208891
20150611 2.11 2.65 3.20 2.11 40566
20150612 2.65 2.55 3.30 2.50 88646
20150615 2.57 3.00 3.50 2.57 19665
20150616 2.13 2.30 3.82 2.13 28929
20150617 2.01 2.50 3.55 2.01 28470
20150618 3.05 3.00 3.50 3.00 88798
20150619 2.80 2.20 3.20 2.00 15132
20150623 2.01 2.70 3.10 2.01 84278
20150624 2.35 2.31 2.35 2.00 59754
20150625 2.02 2.02 3.00 2.02 198695
20150626 2.03 1.56 2.35 1.50 85688
20150629 2.31 2.21 3.00 2.02 25655
20150630 2.01 2.03 3.00 2.01 4603
20150701 2.03 2.20 3.60 2.03 24585
20150702 2.20 2.06 3.00 2.05 3131
20150703 2.06 2.10 2.20 2.06 8827
20150706 1.01 1.40 2.10 1.01 146534
20150707 1.40 1.40 1.80 1.00 4414
20150708 1.40 1.55 1.60 1.20 33428
20150709 1.50 1.85 1.90 1.00 4632
20150710 1.85 1.01 2.00 1.00 20328
20150713 1.01 1.50 2.00 0.88 5991
20150714 1.50 1.50 1.70 1.50 1755
20150715 1.50 1.56 2.20 1.50 57480
20150716 1.50 1.90 1.90 1.50 4664
20150717 1.58 1.20 2.00 0.85 117234
20150720 1.20 1.30 1.80 1.20 6131
20150721 1.30 2.00 2.00 1.30 146703
20150722 1.50 1.50 2.00 1.30 15127
20150723 1.35 1.65 1.75 1.35 2316
20150724 1.80 1.20 2.00 0.85 8375
20150727 1.20 1.01 1.50 1.00 2729
20150728 1.01 1.45 1.60 1.01 5641
20150729 1.45 1.40 1.45 0.60 10663
20150730 1.30 1.40 1.61 1.30 6625
