20140103 0.84 0.88 0.88 0.84 2
20140109 0.85 0.88 0.88 0.84 399
20140110 0.86 0.88 0.88 0.86 280
20140114 0.79 0.92 0.92 0.79 27
20140116 0.86 0.90 0.90 0.86 30
20140117 0.83 0.83 0.83 0.83 996
20140120 0.80 0.87 0.87 0.80 41
20140121 0.81 0.86 0.86 0.81 350
20140122 0.84 0.86 0.86 0.84 963
20140123 0.86 0.86 0.86 0.86 4560
20140124 0.86 0.86 0.86 0.86 130
20140127 0.85 0.85 0.85 0.85 532
20140128 0.84 0.85 0.85 0.84 3489
20140129 0.81 0.85 0.85 0.81 1330
20140130 0.92 0.85 0.92 0.82 512
20140207 0.84 0.85 0.85 0.84 247
20140210 0.83 0.84 0.84 0.83 76
20140212 0.89 0.89 0.89 0.89 1
20140213 0.86 0.89 0.89 0.86 290
20140214 0.89 0.92 0.92 0.89 7183
20140217 0.91 0.92 0.92 0.91 2151
20140218 0.91 0.91 0.91 0.91 1494
20140219 0.91 0.91 0.91 0.91 100
20140220 0.91 0.91 0.92 0.90 66910
20140221 0.89 0.91 0.91 0.89 879
20140224 0.91 0.91 0.91 0.91 2010
20140225 0.91 0.91 0.91 0.91 47440
20140226 0.92 0.93 0.99 0.92 69
20140227 0.92 0.93 0.93 0.92 398
20140228 0.84 0.93 0.93 0.84 8
20140303 0.89 0.93 0.93 0.89 1168
20140304 0.93 0.92 0.98 0.92 33
20140305 0.92 0.92 0.92 0.91 588
20140306 0.92 0.91 0.92 0.91 9627
20140307 0.91 0.91 0.91 0.91 3464
20140310 0.91 0.91 0.91 0.91 120
20140311 0.91 0.91 0.91 0.91 2684
20140312 0.91 0.91 0.91 0.91 2173
20140313 0.92 0.92 0.92 0.92 50
20140317 0.95 0.95 0.95 0.95 1
20140319 0.93 0.92 0.93 0.91 45532
20140326 0.85 0.92 0.92 0.85 2
20140327 0.88 0.92 0.92 0.88 21
20140331 0.91 0.91 0.91 0.91 677
20140401 0.94 0.91 0.94 0.91 10
20140402 0.91 0.91 0.91 0.91 10
20140403 0.92 0.92 0.92 0.92 1
20140404 0.91 0.92 0.92 0.91 551
20140409 0.92 0.92 0.92 0.92 15
20140410 0.92 0.92 0.92 0.92 50
20140411 0.91 0.92 0.92 0.91 8
20140414 0.92 0.92 0.92 0.92 87
20140415 0.92 0.92 0.92 0.92 9998
20140416 0.93 0.93 0.93 0.92 2412
20140417 0.93 0.93 0.94 0.93 4036
20140418 0.93 0.93 0.93 0.93 586
20140421 0.93 0.93 0.93 0.93 742
20140422 0.93 0.94 0.94 0.93 3825
20140423 0.94 0.94 0.94 0.93 322
20140424 0.93 0.94 0.94 0.93 812
20140430 0.94 0.94 0.94 0.94 3
20140505 0.94 0.94 0.94 0.94 1020
20140506 0.94 0.95 0.95 0.94 7399
20140507 0.95 0.96 0.96 0.95 15222
20140508 0.96 0.97 0.97 0.96 16131
20140509 0.97 0.99 0.99 0.97 22871
20140512 0.99 0.98 0.99 0.98 7955
20140513 0.98 0.98 0.98 0.98 1514
20140514 0.98 0.97 0.98 0.97 1916
20140515 0.97 0.96 0.98 0.96 6971
20140516 0.96 0.95 0.96 0.95 3280
20140519 0.95 0.96 0.96 0.95 4377
20140520 0.96 0.97 0.97 0.96 2497
20140521 0.97 0.97 0.98 0.97 1730
20140522 0.97 0.97 0.97 0.97 1959
20140523 0.97 0.98 0.98 0.97 2352
20140526 0.97 0.97 0.97 0.97 1203
20140527 0.97 0.97 0.97 0.97 3473
20140528 0.97 0.98 0.98 0.97 2093
20140529 0.98 0.98 0.98 0.98 2054
20140530 0.98 0.98 0.98 0.98 1865
20140603 0.99 1.00 1.00 0.99 6741
20140604 1.00 1.01 1.01 1.00 3243
20140605 1.01 1.00 1.02 1.00 3620
20140606 1.01 1.01 1.01 1.00 2294
20140609 1.01 1.00 1.01 1.00 1582
20140610 1.00 1.00 1.00 1.00 6476
20140611 1.00 1.00 1.00 1.00 5229
20140612 0.99 0.99 1.00 0.99 3174
20140613 1.00 1.00 1.01 1.00 1571
20140616 1.00 1.00 1.00 1.00 1958
20140617 1.00 1.00 1.00 1.00 3874
20140618 1.00 0.99 1.00 0.99 474
20140619 0.99 0.99 0.99 0.99 1689
20140620 0.97 1.00 1.00 0.97 1201
20140623 0.99 1.00 1.00 0.99 6417
20140624 1.00 1.00 1.00 1.00 1360
20140625 1.00 1.00 1.00 1.00 1444
20140626 1.01 1.01 1.01 1.00 4950
20140627 1.01 1.01 1.01 1.01 2945
20140630 1.01 1.01 1.01 1.01 7673
20140701 1.01 1.01 1.01 1.01 17608
20140702 1.01 1.01 1.01 1.01 6229
20140703 1.02 1.01 1.02 1.01 178
20140711 1.02 1.02 1.02 1.02 1
20140714 1.00 1.01 1.01 1.00 288
20140715 1.01 1.01 1.01 1.01 5466
20140716 1.02 1.02 1.02 1.02 1
20140717 1.01 1.01 1.01 1.01 6533
20140718 1.01 1.01 1.01 1.01 5031
20140721 1.01 1.01 1.01 1.01 1469
20140722 1.00 1.01 1.01 1.00 5550
20140723 1.01 1.01 1.01 1.01 2401
20140724 1.01 1.01 1.01 1.00 2969
20140725 1.00 1.00 1.00 1.00 792
20140728 0.99 1.00 1.00 0.99 1605
20140729 1.00 1.00 1.00 1.00 578
20140730 1.00 1.00 1.00 1.00 248
20140801 1.01 1.01 1.01 1.01 130
20140804 1.00 1.01 1.01 0.99 642
20140805 1.01 1.01 1.01 1.01 10
20140806 1.00 1.01 1.01 1.00 8551
20140807 1.01 1.01 1.01 1.01 890
20140808 1.01 1.01 1.01 1.01 383
20140811 1.01 1.01 1.01 1.01 2468
20140812 1.01 1.01 1.01 1.01 7303
20140813 1.00 1.01 1.01 1.00 4907
20140814 1.01 1.01 1.01 1.01 7523
20140815 1.01 1.02 1.02 1.01 2504
20140818 1.02 1.02 1.02 1.01 1000
20140819 1.01 1.01 1.01 1.01 3
20140820 1.02 1.02 1.02 1.02 103
20140821 1.02 1.02 1.02 1.01 1380
20140822 1.02 1.02 1.02 1.02 5
20140825 1.02 1.02 1.02 1.02 755
20140826 1.02 1.02 1.02 1.02 2042
20140827 1.02 1.02 1.02 1.02 4366
20140828 1.02 1.02 1.02 1.02 776
20140829 1.02 1.02 1.02 1.02 500
20140901 1.02 1.02 1.02 1.02 100
20140902 1.02 1.02 1.02 1.02 1300
20140903 1.03 1.03 1.03 1.03 500
20140904 1.02 1.02 1.02 1.02 4000
20140905 1.02 1.02 1.02 1.02 5524
20140910 1.01 1.02 1.02 1.01 500
20140911 1.02 1.02 1.02 1.02 300
20140912 1.02 1.02 1.02 1.02 600
20140915 1.02 1.03 1.03 1.02 3007
20140916 1.03 1.03 1.03 1.03 3370
20140918 1.03 1.03 1.04 1.03 2677
20140919 1.04 1.04 1.04 1.03 9600
20140922 1.04 1.04 1.04 1.03 1940
20140923 1.03 1.04 1.04 1.03 1750
20140924 1.04 1.04 1.04 1.04 400
20140925 1.04 1.04 1.04 1.04 2179
20140929 1.04 1.04 1.04 1.04 1
20141008 1.04 1.04 1.04 1.04 400
20141009 1.04 1.04 1.04 1.04 109
20141010 1.04 1.04 1.04 1.04 305
20141013 1.04 1.04 1.04 1.04 3360
20141014 1.04 1.04 1.04 1.04 500
20141015 1.04 1.05 1.05 1.04 1856
20141016 1.04 1.05 1.06 1.04 1960
20141017 1.05 1.06 1.06 1.05 1144
20141020 1.06 1.06 1.07 1.06 2537
20141021 1.08 1.08 1.08 1.08 148
20141022 1.06 1.07 1.07 1.06 1132
20141023 1.07 1.08 1.08 1.07 2702
20141024 1.08 1.09 1.09 1.08 2501
20141027 1.07 1.09 1.09 1.07 1245
20141028 1.09 1.09 1.09 1.08 414
20141029 1.08 1.10 1.10 1.08 4633
20141030 1.08 1.10 1.10 1.08 222
20141031 1.09 1.10 1.10 1.09 563
20141104 1.10 1.10 1.11 1.10 4915
20141105 1.11 1.12 1.12 1.10 7078
20141106 1.12 1.13 1.13 1.12 3636
20141110 1.13 1.13 1.13 1.12 450
20141111 1.13 1.13 1.13 1.12 3614
20141112 1.11 1.12 1.12 1.11 530
20141113 1.12 1.12 1.12 1.11 3703
20141114 1.10 1.12 1.12 1.10 191
20141117 1.10 1.12 1.12 1.10 884
20141118 1.11 1.12 1.12 1.09 242
20141119 1.12 1.12 1.12 1.11 3729
20141120 1.10 1.12 1.12 1.10 2152
20141121 1.10 1.12 1.12 1.10 78
20141124 1.12 1.12 1.12 1.09 457
20141125 1.09 1.11 1.11 1.09 630
20141126 1.09 1.11 1.11 1.09 119
20141127 1.11 1.11 1.11 1.11 5360
20141128 1.11 1.11 1.11 1.11 3926
20141201 1.12 1.09 1.12 1.09 1005
20141202 1.09 1.12 1.12 1.09 2654
20141203 1.12 1.12 1.12 1.10 2109
20141204 1.10 1.09 1.11 1.09 1041
20141205 1.09 1.10 1.12 1.09 4526
20141208 1.08 1.07 1.09 1.07 2831
20141209 1.03 1.02 1.06 1.02 3007
20141210 1.03 1.03 1.03 1.00 887
20141211 0.97 1.03 1.03 0.97 238
20141212 1.02 1.06 1.06 1.02 1450
20141215 1.03 1.03 1.04 1.03 314
20141216 1.03 1.02 1.03 1.02 534
20141217 1.03 1.03 1.03 1.03 61
20141218 1.02 1.02 1.02 1.02 6384
20141219 1.02 1.02 1.02 1.02 615
20141222 1.03 1.03 1.03 1.03 1596
20141223 1.04 1.04 1.04 1.02 892
20141224 1.04 1.04 1.05 1.04 6000
20141225 1.05 1.04 1.05 1.03 3860
20141226 1.04 1.10 1.10 1.04 1177
20141229 1.09 1.07 1.09 1.05 936
20141230 1.05 1.05 1.05 1.05 100
20141231 1.09 1.06 1.09 1.06 33
20150105 1.05 1.05 1.10 1.03 1390
20150108 1.09 1.06 1.09 1.01 5905
20150109 1.03 1.04 1.07 1.03 2358
20150112 1.04 1.05 1.05 1.04 541
20150113 1.05 1.05 1.06 1.05 54609
20150114 1.05 1.05 1.06 1.05 631
20150115 1.06 1.07 1.07 1.06 239
20150116 1.07 1.08 1.08 1.06 2063
20150119 1.08 1.08 1.10 1.08 1422
20150120 1.10 1.08 1.10 1.05 4122
20150121 1.09 1.10 1.10 1.08 8302
20150122 1.07 1.10 1.10 1.07 2785
20150123 1.08 1.08 1.09 1.08 1238
20150126 1.08 1.08 1.09 1.08 992
20150127 1.09 1.08 1.09 1.08 758
20150128 1.07 1.07 1.09 1.07 423
20150129 1.07 1.07 1.07 1.07 227
20150130 1.08 1.08 1.08 1.08 2001
20150202 1.08 1.08 1.08 1.08 562
20150204 1.09 1.09 1.09 1.09 2181
20150205 1.07 1.10 1.10 1.07 5136
20150206 1.08 1.10 1.10 1.08 1591
20150209 1.09 1.10 1.10 1.07 2464
20150210 1.10 1.10 1.11 1.08 3430
20150211 1.09 1.10 1.11 1.09 1173
20150212 1.10 1.10 1.11 1.10 507
20150213 1.11 1.10 1.11 1.10 2776
20150216 1.11 1.11 1.11 1.11 957
20150217 1.11 1.11 1.11 1.11 2
20150225 1.09 1.12 1.12 1.09 495
20150226 1.10 1.10 1.11 1.10 400
20150227 1.12 1.11 1.12 1.10 70
20150302 1.11 1.11 1.12 1.11 2777
20150303 1.11 1.11 1.11 1.11 34
20150304 1.10 1.10 1.12 1.10 793
20150305 1.10 1.10 1.10 1.09 484
20150309 1.09 1.09 1.10 1.09 1293
20150310 1.09 1.10 1.10 1.09 1001
20150311 1.10 1.09 1.10 1.09 229
20150312 1.10 1.09 1.10 1.09 1578
20150313 1.09 1.10 1.10 1.09 602
20150316 1.10 1.10 1.10 1.10 509
20150317 1.10 1.10 1.11 1.10 3093
20150318 1.10 1.10 1.11 1.10 2655
20150319 1.10 1.10 1.11 1.10 3639
20150320 1.11 1.10 1.11 1.10 5277
20150323 1.10 1.10 1.10 1.10 5557
20150324 1.10 1.10 1.11 1.10 5453
20150325 1.09 1.10 1.11 1.09 10427
20150326 1.10 1.10 1.10 1.10 1047
20150327 1.09 1.10 1.10 1.09 553
20150330 1.10 1.10 1.10 1.10 1110
20150331 1.09 1.10 1.10 1.09 49
20150401 1.10 1.10 1.10 1.10 911
20150402 1.09 1.10 1.10 1.09 1563
20150403 1.10 1.09 1.10 1.09 923
20150407 1.09 1.09 1.09 1.08 1339
20150408 1.09 1.09 1.09 1.09 3168
20150409 1.08 1.09 1.09 1.08 6548
20150410 1.09 1.08 1.09 1.08 7289
20150413 1.08 1.08 1.09 1.08 2925
20150414 1.08 1.09 1.09 1.08 53
20150415 1.09 1.10 1.10 1.09 7982
20150416 1.09 1.09 1.10 1.09 1133
20150417 1.10 1.12 1.20 1.09 82145
20150420 1.12 1.13 1.15 1.12 20982
20150421 1.12 1.13 1.14 1.12 58217
20150422 1.13 1.13 1.13 1.12 5560
20150423 1.13 1.13 1.14 1.13 1177
20150424 1.11 1.12 1.20 1.11 690
20150427 1.11 1.13 1.14 1.11 2162
20150428 1.13 1.13 1.13 1.12 1237
20150429 1.10 1.12 1.14 1.10 179
20150430 1.12 1.13 1.13 1.12 903
20150504 1.12 1.13 1.13 1.12 2053
20150505 1.13 1.13 1.13 1.13 1061
20150506 1.13 1.13 1.14 1.13 60
20150507 1.13 1.13 1.13 1.13 212
20150508 1.13 1.14 1.14 1.13 318
20150511 1.14 1.15 1.16 1.14 49402
20150512 1.15 1.15 1.15 1.13 7066
20150513 1.15 1.15 1.15 1.15 114778
20150514 1.15 1.15 1.15 1.15 58
20150515 1.15 1.15 1.15 1.14 10595
20150518 1.14 1.15 1.15 1.14 967
20150519 1.14 1.16 1.16 1.14 2460
20150520 1.14 1.16 1.16 1.14 2196
20150521 1.15 1.16 1.16 1.15 296
20150522 1.16 1.18 1.18 1.15 556
20150525 1.17 1.18 1.18 1.14 800
20150526 1.15 1.17 1.18 1.15 4942
20150527 1.17 1.17 1.18 1.15 9766
20150528 1.17 1.16 1.18 1.15 29416
20150529 1.15 1.16 1.17 1.13 12877
20150601 1.14 1.16 1.16 1.14 1950
20150602 1.13 1.16 1.16 1.13 10392
20150603 1.13 1.16 1.16 1.13 1019
20150604 1.13 1.16 1.16 1.13 604
20150605 1.13 1.17 1.17 1.13 2284
20150608 1.17 1.17 1.17 1.15 2516
20150609 1.17 1.17 1.17 1.15 893
20150610 1.15 1.17 1.17 1.14 1303
20150611 1.15 1.17 1.17 1.15 320
20150612 1.17 1.17 1.17 1.15 1464
20150615 1.15 1.17 1.17 1.14 1417
20150616 1.14 1.18 1.18 1.14 1734
20150617 1.17 1.17 1.17 1.15 1085
20150618 1.15 1.17 1.17 1.15 614
20150619 1.14 1.17 1.17 1.14 975
20150623 1.14 1.17 1.17 1.14 2710
20150624 1.16 1.17 1.17 1.15 571
20150625 1.15 1.17 1.17 1.15 2287
20150626 1.15 1.16 1.16 1.15 142
20150629 1.15 1.16 1.16 1.13 3225
20150630 1.14 1.15 1.15 1.14 1516
20150701 1.14 1.16 1.16 1.14 1023
20150702 1.16 1.16 1.16 1.15 3647
20150703 1.14 1.15 1.15 1.14 690
20150708 1.17 1.16 1.17 1.09 40922
20150709 1.16 1.16 1.16 1.10 3733
20150710 1.16 1.17 1.17 1.15 24888
20150713 1.16 1.17 1.17 1.15 40166
20150714 1.17 1.17 1.17 1.16 4255
20150715 1.17 1.19 1.19 1.17 15129
20150716 1.19 1.19 1.19 1.18 32607
20150717 1.19 1.19 1.19 1.19 404
20150720 1.19 1.19 1.19 1.19 10695
20150721 1.18 1.19 1.21 1.18 69895
20150722 1.19 1.19 1.20 1.13 13971
20150723 1.18 1.19 1.19 1.18 37996
20150724 1.19 1.19 1.19 1.19 72895
20150727 1.19 1.20 1.20 1.19 84458
20150728 1.20 1.20 1.20 1.20 3629
20150729 1.20 1.20 1.20 1.18 46655
20150730 1.20 1.20 1.20 1.20 5979
