20150410 1.32 1.32 1.32 1.23 723669
20150413 1.38 1.45 1.45 1.35 825844
20150414 1.37 1.41 1.49 1.32 1151336
20150415 1.30 1.27 1.33 1.27 2204902
20150416 1.21 1.26 1.29 1.21 1385427
20150417 1.28 1.26 1.29 1.23 1417119
20150420 1.26 1.16 1.27 1.16 1628703
20150421 1.16 1.24 1.26 1.16 1434191
20150422 1.26 1.36 1.36 1.24 2321946
20150423 1.36 1.34 1.42 1.33 2850124
20150424 1.30 1.28 1.33 1.26 1644651
20150427 1.30 1.30 1.34 1.29 1806416
20150428 1.31 1.29 1.34 1.27 2015737
20150429 1.29 1.28 1.30 1.26 1519590
20150430 1.29 1.23 1.30 1.23 1992976
20150504 1.23 1.21 1.24 1.20 1702360
20150505 1.21 1.16 1.26 1.16 2684711
20150506 1.17 1.15 1.22 1.14 2460125
20150507 1.14 1.17 1.18 1.14 1938473
20150508 1.20 1.17 1.21 1.13 2686902
20150511 1.18 1.20 1.20 1.16 2355840
20150512 1.20 1.23 1.27 1.18 3659414
20150513 1.22 1.18 1.23 1.18 2388816
20150514 1.19 1.17 1.21 1.17 2150969
20150515 1.16 1.12 1.16 1.11 2645128
20150518 1.11 1.08 1.12 1.08 2550410
20150519 1.09 1.19 1.19 1.08 4936187
20150520 1.19 1.15 1.19 1.15 4067601
20150521 1.15 1.15 1.17 1.13 2707529
20150522 1.18 1.21 1.24 1.17 4365233
20150525 1.21 1.28 1.31 1.21 4208021
20150526 1.30 1.34 1.35 1.25 4820943
20150527 1.34 1.36 1.41 1.31 5296858
20150528 1.36 1.23 1.41 1.23 4938679
20150529 1.24 1.20 1.27 1.17 3892937
20150601 1.21 1.28 1.31 1.17 4768257
20150602 1.27 1.25 1.28 1.22 4618271
20150603 1.25 1.22 1.27 1.22 4491389
20150604 1.23 1.24 1.27 1.17 5386340
20150605 1.28 1.25 1.29 1.20 5852487
20150608 1.24 1.36 1.37 1.24 8290809
20150609 1.37 1.32 1.39 1.30 5626173
20150610 1.29 1.29 1.33 1.28 4111546
20150611 1.29 1.26 1.30 1.25 3672318
20150612 1.27 1.27 1.30 1.26 3710299
20150615 1.29 1.22 1.30 1.21 4248882
20150616 1.20 1.20 1.25 1.18 3592805
20150617 1.21 1.20 1.22 1.15 3319475
20150618 1.19 1.11 1.19 1.11 3642608
20150619 1.08 1.05 1.14 1.05 4760158
20150623 1.05 1.11 1.11 1.02 5148679
20150624 1.11 1.10 1.12 1.06 4449916
20150625 1.10 1.05 1.13 1.04 4889301
20150626 1.02 0.95 1.07 0.95 6428990
20150629 0.96 0.85 0.97 0.85 6935103
20150630 0.77 0.92 0.93 0.77 7405847
20150701 0.90 0.83 0.91 0.83 7185104
20150702 0.85 0.75 0.86 0.75 8471864
20150703 0.71 0.67 0.77 0.67 6571725
20150706 0.74 0.70 0.74 0.62 9506392
20150707 0.68 0.63 0.70 0.63 3454505
20150708 0.57 0.57 0.57 0.57 147051
20150709 0.51 0.60 0.62 0.51 16530432
20150710 0.56 0.66 0.66 0.56 17882241
20150713 0.65 0.70 0.73 0.64 12505942
20150714 0.68 0.64 0.71 0.63 8260739
20150715 0.61 0.57 0.64 0.57 4420541
20150716 0.52 0.52 0.58 0.52 7354386
20150717 0.52 0.56 0.57 0.47 7422393
20150720 0.57 0.55 0.59 0.54 5703378
20150721 0.54 0.57 0.60 0.52 7008914
20150722 0.56 0.57 0.59 0.56 4959163
20150723 0.57 0.63 0.63 0.57 7024120
20150724 0.64 0.62 0.67 0.60 7938114
20150727 0.58 0.55 0.59 0.55 4937672
20150728 0.50 0.50 0.52 0.50 9297377
20150729 0.49 0.47 0.50 0.45 9301495
20150730 0.46 0.43 0.48 0.43 6972752
