20140102 0.56 0.56 0.56 0.56 4400759
20140103 0.56 0.56 0.56 0.56 1923874
20140106 0.56 0.55 0.56 0.54 3360390
20140107 0.54 0.55 0.55 0.54 2590951
20140108 0.55 0.55 0.55 0.54 3841140
20140109 0.54 0.54 0.55 0.54 3734066
20140110 0.54 0.53 0.54 0.53 3859737
20140113 0.53 0.53 0.54 0.52 4363980
20140114 0.53 0.54 0.54 0.53 4874812
20140115 0.54 0.54 0.54 0.53 2871377
20140116 0.54 0.54 0.54 0.53 3475589
20140117 0.53 0.53 0.54 0.53 4701083
20140120 0.53 0.53 0.53 0.52 3428832
20140121 0.53 0.53 0.53 0.53 4204707
20140122 0.53 0.55 0.55 0.53 6827568
20140123 0.55 0.54 0.55 0.54 4304817
20140124 0.54 0.55 0.55 0.54 3883902
20140127 0.55 0.54 0.55 0.54 2810709
20140128 0.55 0.54 0.55 0.54 2525259
20140129 0.54 0.54 0.55 0.54 1651956
20140130 0.54 0.54 0.54 0.53 1444168
20140207 0.53 0.54 0.54 0.53 2468500
20140210 0.54 0.56 0.56 0.54 5266184
20140211 0.56 0.56 0.56 0.55 4915809
20140212 0.56 0.56 0.56 0.56 2259428
20140213 0.56 0.56 0.56 0.56 3196765
20140214 0.56 0.56 0.56 0.55 2383703
20140217 0.56 0.57 0.57 0.56 3104787
20140218 0.57 0.56 0.57 0.56 2923029
20140219 0.56 0.56 0.56 0.56 4326094
20140220 0.56 0.56 0.57 0.56 3786469
20140221 0.56 0.55 0.56 0.55 3489916
20140224 0.55 0.54 0.55 0.53 3446085
20140225 0.54 0.52 0.54 0.52 4365934
20140226 0.52 0.52 0.52 0.52 5558205
20140227 0.53 0.51 0.53 0.51 3841928
20140228 0.52 0.52 0.53 0.51 4743074
20140303 0.52 0.53 0.53 0.52 3093216
20140304 0.53 0.53 0.53 0.52 2682727
20140305 0.53 0.52 0.53 0.52 4197525
20140306 0.52 0.53 0.53 0.51 10140416
20140307 0.53 0.52 0.53 0.52 3060354
20140310 0.52 0.51 0.52 0.51 3357733
20140311 0.51 0.51 0.51 0.50 5468666
20140312 0.51 0.51 0.52 0.51 4933872
20140313 0.51 0.52 0.52 0.51 3611272
20140314 0.52 0.51 0.52 0.51 2020185
20140317 0.52 0.52 0.52 0.51 1940473
20140318 0.52 0.52 0.52 0.52 1570979
20140319 0.52 0.51 0.52 0.51 2091860
20140320 0.51 0.50 0.52 0.50 3504444
20140321 0.50 0.51 0.52 0.50 5118611
20140324 0.51 0.52 0.52 0.51 5133771
20140325 0.52 0.52 0.52 0.51 4397732
20140326 0.52 0.52 0.52 0.51 2597947
20140327 0.52 0.51 0.52 0.51 2578939
20140328 0.51 0.51 0.51 0.51 2730709
20140331 0.51 0.51 0.51 0.50 3013422
20140401 0.51 0.51 0.52 0.51 4137490
20140402 0.51 0.52 0.52 0.51 3627200
20140403 0.52 0.52 0.52 0.51 3004700
20140404 0.51 0.52 0.52 0.51 2268436
20140408 0.52 0.53 0.53 0.52 4695888
20140409 0.53 0.53 0.53 0.53 2593614
20140410 0.53 0.53 0.54 0.53 4119303
20140411 0.53 0.53 0.54 0.53 3345431
20140414 0.53 0.53 0.54 0.53 3639597
20140415 0.53 0.53 0.53 0.53 4041949
20140416 0.53 0.53 0.53 0.53 3115589
20140417 0.53 0.53 0.53 0.53 2542820
20140418 0.53 0.53 0.53 0.52 2948426
20140421 0.53 0.52 0.53 0.52 3281231
20140422 0.52 0.52 0.52 0.51 2749355
20140423 0.52 0.52 0.52 0.52 2475688
20140424 0.52 0.52 0.52 0.52 2984634
20140425 0.52 0.51 0.52 0.51 3159419
20140428 0.51 0.51 0.51 0.50 4106546
20140429 0.51 0.51 0.51 0.50 3801692
20140430 0.51 0.51 0.51 0.51 2723172
20140505 0.51 0.51 0.51 0.50 3279824
20140506 0.51 0.51 0.52 0.51 4184421
20140507 0.51 0.51 0.51 0.51 2867442
20140508 0.51 0.50 0.51 0.50 3965130
20140509 0.51 0.50 0.51 0.50 3576944
20140512 0.51 0.52 0.52 0.51 5130805
20140513 0.52 0.51 0.52 0.51 2857559
20140514 0.51 0.52 0.52 0.51 2689800
20140515 0.52 0.51 0.52 0.51 2505342
20140516 0.51 0.51 0.51 0.50 2956158
20140519 0.51 0.50 0.51 0.50 3872797
20140520 0.50 0.50 0.51 0.50 2318793
20140521 0.50 0.51 0.51 0.50 3172185
20140522 0.51 0.51 0.51 0.51 5656688
20140523 0.51 0.51 0.51 0.51 2726495
20140526 0.51 0.51 0.52 0.51 2902104
20140527 0.51 0.51 0.52 0.51 1820928
20140528 0.51 0.52 0.52 0.51 3175058
20140529 0.52 0.52 0.52 0.52 3081389
20140530 0.52 0.52 0.52 0.51 1921999
20140603 0.52 0.51 0.52 0.51 1142993
20140604 0.51 0.51 0.51 0.51 2587085
20140605 0.51 0.52 0.52 0.51 2514963
20140606 0.52 0.51 0.52 0.51 2927903
20140609 0.51 0.51 0.52 0.51 2907891
20140610 0.51 0.52 0.52 0.51 3222527
20140611 0.52 0.52 0.52 0.52 2517407
20140612 0.52 0.52 0.52 0.52 1293352
20140613 0.52 0.53 0.53 0.52 2893356
20140616 0.53 0.53 0.53 0.52 1664530
20140617 0.53 0.52 0.53 0.52 2629854
20140618 0.52 0.52 0.52 0.52 2484893
20140619 0.52 0.51 0.52 0.51 4789864
20140620 0.51 0.51 0.51 0.51 4198870
20140623 0.51 0.51 0.52 0.51 3690215
20140624 0.51 0.52 0.52 0.51 2746214
20140625 0.52 0.52 0.52 0.51 2293958
20140626 0.52 0.52 0.52 0.52 2264618
20140627 0.52 0.52 0.53 0.52 3147208
20140630 0.52 0.53 0.53 0.52 2310817
20140701 0.53 0.53 0.53 0.52 2044903
20140702 0.53 0.53 0.53 0.52 2553604
20140703 0.53 0.53 0.53 0.53 3168935
20140704 0.53 0.53 0.53 0.53 2194467
20140707 0.53 0.53 0.53 0.53 2803281
20140708 0.53 0.53 0.53 0.52 1848140
20140709 0.53 0.52 0.53 0.52 2732868
20140710 0.52 0.52 0.52 0.52 3567939
20140711 0.52 0.52 0.52 0.52 2993494
20140714 0.52 0.53 0.53 0.52 3017421
20140715 0.53 0.53 0.53 0.52 2638243
20140716 0.53 0.52 0.53 0.52 2988646
20140717 0.52 0.52 0.52 0.52 3532853
20140718 0.52 0.52 0.53 0.52 4233959
20140721 0.52 0.52 0.52 0.52 2150868
20140722 0.52 0.53 0.53 0.52 6455388
20140723 0.53 0.53 0.53 0.53 3086358
20140724 0.53 0.54 0.54 0.53 4039641
20140725 0.54 0.54 0.54 0.54 3506055
20140728 0.54 0.56 0.56 0.54 5248812
20140729 0.56 0.56 0.56 0.55 4016604
20140730 0.56 0.56 0.56 0.56 7220563
20140731 0.56 0.57 0.57 0.56 4249464
20140801 0.57 0.56 0.57 0.56 8106533
20140804 0.56 0.57 0.57 0.56 5288818
20140805 0.57 0.57 0.57 0.57 7282755
20140806 0.57 0.57 0.58 0.57 10544964
20140807 0.57 0.57 0.58 0.57 7298791
20140808 0.57 0.57 0.57 0.56 5419379
20140811 0.57 0.58 0.58 0.57 4040412
20140812 0.58 0.57 0.58 0.57 3816552
20140813 0.57 0.57 0.58 0.57 5467596
20140814 0.57 0.57 0.57 0.57 3228234
20140815 0.57 0.58 0.58 0.57 4565934
20140818 0.58 0.58 0.58 0.58 4123633
20140819 0.58 0.58 0.58 0.58 3361983
20140820 0.58 0.58 0.58 0.58 3191388
20140821 0.58 0.58 0.58 0.57 4115874
20140822 0.58 0.58 0.59 0.58 3901374
20140825 0.58 0.58 0.58 0.58 3170348
20140826 0.58 0.57 0.58 0.57 5364883
20140827 0.57 0.57 0.57 0.57 3590397
20140828 0.57 0.57 0.57 0.56 5362939
20140901 2.85 2.89 2.89 2.85 1265584
20140902 2.89 2.92 2.93 2.88 887570
20140903 2.93 2.95 2.95 2.93 1025713
20140904 2.95 2.97 2.97 2.94 1116704
20140905 2.98 2.98 2.99 2.96 1039820
20140909 2.98 2.98 2.98 2.96 722664
20140910 2.96 2.97 2.97 2.95 1472421
20140911 2.97 2.96 3.01 2.95 1502260
20140912 2.95 2.98 2.98 2.94 902981
20140915 2.97 2.97 2.98 2.95 859760
20140916 2.98 2.89 2.99 2.89 970670
20140917 2.91 2.91 2.91 2.88 2822053
20140918 2.90 2.91 2.93 2.89 1811827
20140919 2.92 2.94 2.94 2.91 613333
20140922 2.94 2.88 2.94 2.87 648400
20140923 2.88 2.90 2.91 2.88 762212
20140924 2.89 2.96 2.96 2.89 1399717
20140925 2.97 2.96 2.98 2.94 1088985
20140926 2.94 2.96 2.96 2.93 609308
20140929 2.96 2.97 2.97 2.95 1040143
20140930 2.96 2.97 2.98 2.96 432054
20141008 2.99 3.01 3.01 2.97 897397
20141009 3.01 3.02 3.03 2.99 852235
20141010 3.01 3.01 3.03 3.00 698176
20141013 3.00 3.00 3.01 2.97 775150
20141014 3.00 2.99 3.02 2.98 611292
20141015 2.99 3.01 3.01 2.97 744780
20141016 3.00 2.97 3.02 2.97 827059
20141017 2.97 2.97 2.99 2.93 1362999
20141020 2.98 3.00 3.00 2.98 702644
20141021 3.00 2.97 3.00 2.97 586019
20141022 2.96 2.95 2.99 2.94 789937
20141023 2.94 2.91 2.95 2.91 991635
20141024 2.91 2.89 2.92 2.89 786719
20141027 2.88 2.88 2.88 2.86 922984
20141028 2.88 2.94 2.94 2.88 1103391
20141029 2.94 2.97 2.98 2.93 1104917
20141030 2.97 2.97 2.98 2.96 541023
20141031 2.99 3.01 3.01 2.97 993035
20141103 3.01 3.01 3.03 3.00 886980
20141104 3.01 3.01 3.02 3.00 728851
20141105 3.01 3.01 3.02 3.00 883012
20141106 3.01 3.02 3.02 2.98 805395
20141107 3.02 3.00 3.05 2.99 1163854
20141110 3.03 3.06 3.06 3.01 854820
20141111 3.07 3.01 3.08 2.98 1429568
20141112 3.00 3.05 3.05 3.00 1414590
20141113 3.05 3.01 3.05 3.00 1065957
20141114 3.01 3.01 3.02 2.99 1034437
20141117 3.01 3.01 3.04 3.00 880470
20141118 3.01 2.99 3.02 2.99 654434
20141119 3.00 3.00 3.02 2.99 728157
20141120 2.99 2.99 3.00 2.98 519366
20141121 2.99 3.04 3.05 2.99 1212272
20141124 3.09 3.12 3.15 3.08 2039230
20141125 3.12 3.17 3.17 3.12 930786
20141126 3.18 3.18 3.19 3.16 953323
20141127 3.19 3.21 3.21 3.18 1557199
20141128 3.20 3.24 3.25 3.18 1158783
20141201 3.24 3.25 3.28 3.24 871848
20141202 3.25 3.34 3.37 3.24 1090500
20141203 3.36 3.45 3.47 3.36 1514147
20141204 3.45 3.57 3.59 3.44 1593558
20141205 3.57 3.55 3.62 3.44 1196876
20141208 3.50 3.69 3.70 3.49 1317197
20141209 3.67 3.50 3.83 3.41 2541637
20141210 3.52 3.67 3.68 3.50 1407686
20141211 3.61 3.67 3.73 3.61 2125734
20141212 3.68 3.68 3.71 3.65 1385606
20141215 3.68 3.70 3.70 3.63 922265
20141216 3.70 3.75 3.75 3.67 897276
20141217 3.75 3.75 3.76 3.68 1413636
20141218 3.75 3.72 3.76 3.72 1412392
20141219 3.72 3.71 3.74 3.60 1283121
20141222 3.71 3.68 3.73 3.65 1042685
20141223 3.67 3.64 3.72 3.63 983844
20141224 3.64 3.57 3.66 3.53 1344228
20141225 3.59 3.65 3.65 3.58 787148
20141226 3.64 3.75 3.75 3.64 1051694
20141229 3.78 3.72 3.80 3.68 1193347
20141230 3.72 3.68 3.74 3.67 896009
20141231 3.68 3.78 3.79 3.68 1342816
20150105 3.80 3.92 3.96 3.80 2801292
20150106 3.88 3.95 3.96 3.87 2746866
20150107 3.94 3.93 3.96 3.90 1750193
20150108 3.93 3.89 3.94 3.85 1658473
20150109 3.89 3.84 3.98 3.82 1975886
20150112 3.84 3.84 3.86 3.78 1900986
20150113 3.84 3.86 3.88 3.82 1365517
20150114 3.86 3.83 3.88 3.80 2179251
20150115 3.82 3.91 3.91 3.81 1531046
20150116 3.91 3.93 3.94 3.89 1532647
20150119 3.77 3.68 3.83 3.62 2080600
20150120 3.71 3.79 3.80 3.70 3570473
20150121 3.80 3.92 3.93 3.80 1576891
20150122 3.92 3.96 3.97 3.91 3579162
20150123 3.97 3.94 3.99 3.92 1369333
20150126 3.97 4.03 4.04 3.96 2705808
20150127 4.04 4.01 4.05 3.94 4113078
20150128 3.99 3.94 4.00 3.92 2771837
20150129 3.89 3.91 3.93 3.88 2412965
20150130 3.92 3.88 3.94 3.87 2831831
20150202 3.84 3.81 3.87 3.80 2212882
20150203 3.85 3.90 3.90 3.83 2405667
20150204 3.90 3.85 3.93 3.85 2587611
20150205 3.93 3.84 3.94 3.84 3034062
20150206 3.84 3.75 3.84 3.73 2367688
20150209 3.75 3.76 3.81 3.75 2563640
20150210 3.77 3.85 3.85 3.76 2583520
20150211 3.86 3.90 3.91 3.86 1871440
20150212 3.90 3.91 3.93 3.88 1465850
20150213 3.92 3.95 4.00 3.92 1935561
20150216 3.96 4.03 4.04 3.96 1996777
20150217 4.06 4.08 4.09 4.05 983357
20150225 4.08 4.02 4.08 4.00 1628835
20150226 4.02 4.10 4.10 4.00 1536525
20150227 4.10 4.12 4.13 4.09 1333332
20150302 4.15 4.17 4.19 4.12 2475778
20150303 4.16 4.07 4.16 4.06 2177342
20150304 4.08 4.13 4.14 4.07 2960040
20150305 4.12 4.10 4.12 4.07 2338571
20150306 4.10 4.04 4.12 4.04 1585072
20150309 4.00 4.09 4.10 3.98 1686396
20150310 4.09 4.11 4.14 4.08 1679651
20150311 4.11 4.10 4.16 4.09 1394287
20150312 4.10 4.12 4.13 4.10 1270843
20150313 4.14 4.16 4.16 4.12 1433919
20150316 4.18 4.27 4.27 4.17 1611480
20150317 4.29 4.31 4.32 4.26 1969121
20150318 4.31 4.42 4.42 4.31 2415412
20150319 4.41 4.39 4.42 4.36 2833848
20150320 4.39 4.43 4.46 4.39 1802557
20150323 4.45 4.52 4.53 4.45 1975330
20150324 4.53 4.55 4.55 4.43 3716185
20150325 4.54 4.54 4.58 4.51 2225458
20150326 4.52 4.51 4.56 4.48 1298364
20150327 4.51 4.55 4.57 4.48 1198395
20150330 4.56 4.66 4.69 4.56 1298674
20150331 4.70 4.64 4.73 4.62 1765879
20150401 4.64 4.74 4.76 4.64 1880212
20150402 4.76 4.76 4.79 4.69 2194126
20150403 4.74 4.82 4.82 4.73 1996231
20150407 4.84 4.90 4.90 4.84 1557955
20150408 4.90 4.88 4.92 4.79 1555411
20150409 4.89 4.84 4.90 4.75 2385390
20150410 4.83 4.97 4.97 4.81 1737085
20150413 4.97 5.00 5.03 4.94 2199683
20150414 5.00 4.98 5.04 4.94 1701760
20150415 4.98 4.85 4.98 4.85 1814347
20150416 4.68 4.94 4.98 4.68 2577131
20150417 5.00 5.00 5.04 4.95 1312893
20150420 4.98 4.90 5.05 4.90 2503404
20150421 4.90 5.12 5.12 4.90 3448981
20150422 5.14 5.24 5.24 5.14 2032172
20150423 5.26 5.27 5.32 5.21 3592678
20150424 5.22 5.25 5.29 5.17 2371928
20150427 5.31 5.29 5.35 5.24 2129091
20150428 5.31 5.20 5.33 5.16 1517167
20150429 5.20 5.28 5.30 5.17 1828544
20150430 5.29 5.27 5.34 5.27 1496888
20150504 5.28 5.29 5.32 5.24 1700675
20150505 5.28 5.11 5.29 5.06 2977612
20150506 5.12 5.07 5.21 5.02 3352806
20150507 5.05 5.03 5.09 5.01 2043526
20150508 5.07 5.16 5.16 5.04 2525965
20150511 5.21 5.35 5.36 5.16 1677277
20150512 5.36 5.41 5.43 5.32 2132259
20150513 5.41 5.44 5.49 5.36 2568851
20150514 5.44 5.40 5.49 5.39 1188573
20150515 5.40 5.31 5.40 5.25 2122688
20150518 5.29 5.32 5.35 5.24 1969096
20150519 5.34 5.49 5.51 5.34 1698739
20150520 5.51 5.54 5.65 5.51 3566028
20150521 5.56 5.73 5.73 5.56 3893306
20150522 5.74 5.81 5.83 5.70 2770596
20150525 5.77 5.94 5.94 5.75 1807695
20150526 5.98 6.10 6.10 5.91 2769574
20150527 6.11 6.07 6.14 5.99 2899457
20150528 6.07 5.68 6.13 5.59 5104552
20150529 5.74 5.73 5.83 5.50 6610877
20150601 5.75 6.03 6.04 5.75 3895856
20150602 6.03 6.15 6.15 6.00 3096080
20150603 6.17 6.13 6.19 6.01 7120421
20150604 6.13 6.11 6.15 5.75 7755003
20150605 6.16 6.17 6.25 6.04 8313694
20150608 6.18 6.18 6.22 6.03 3477258
20150609 6.18 6.16 6.24 6.09 4276131
20150610 6.12 6.21 6.28 6.10 5050985
20150611 6.21 6.23 6.26 6.17 4317640
20150612 6.25 6.29 6.32 6.23 3163795
20150615 6.33 6.18 6.35 6.17 5125653
20150616 6.11 5.99 6.15 5.94 6690648
20150617 5.99 6.07 6.10 5.83 7128703
20150618 6.05 5.84 6.08 5.83 6314694
20150619 5.75 5.48 5.81 5.47 6755530
20150623 5.49 5.70 5.72 5.32 9245886
20150624 5.74 5.80 5.81 5.65 4156367
20150625 5.83 5.62 5.87 5.54 8609442
20150626 5.49 5.06 5.50 5.06 9631526
20150629 5.30 4.82 5.30 4.56 8556949
20150630 4.89 5.30 5.30 4.70 8201737
20150701 5.25 5.05 5.44 5.05 8464044
20150702 5.11 4.82 5.17 4.70 8833720
20150703 4.75 4.63 5.00 4.44 9745719
20150706 5.08 4.62 5.08 4.40 10434775
20150707 4.48 4.20 4.54 4.20 2594490
20150708 3.80 3.78 4.00 3.78 994672
20150709 3.66 4.16 4.16 3.66 989844
20150710 4.41 4.58 4.58 4.29 244823
20150713 4.79 5.03 5.03 4.68 849625
20150714 4.98 4.81 5.05 4.80 652866
20150715 4.79 4.51 4.85 4.51 731550
20150716 4.49 4.66 4.76 4.40 1199841
20150717 4.70 4.92 4.99 4.70 805406
20150720 4.95 4.92 5.02 4.84 1173501
20150721 4.86 4.93 4.99 4.82 1096634
20150722 4.93 4.93 4.98 4.85 1359919
20150723 4.93 5.04 5.05 4.91 1598226
20150724 5.03 4.92 5.09 4.89 2101635
20150727 4.83 4.45 4.92 4.44 2465198
20150728 4.40 4.53 4.62 4.27 3126987
20150729 4.56 4.70 4.70 4.47 2625775
20150730 4.68 4.53 4.73 4.51 2979506
