20141212 1.10 1.10 1.10 1.10 16111
20141215 1.20 1.16 1.20 1.14 59489
20141216 1.15 1.17 1.17 1.15 56401
20141217 1.17 1.19 1.20 1.12 125649
20141218 1.19 1.17 1.22 1.17 153956
20141219 1.15 1.14 1.18 1.11 60812
20141222 1.18 1.15 1.19 1.13 84710
20141223 1.14 1.15 1.20 1.10 78342
20141224 1.14 1.10 1.14 1.10 24220
20141225 1.10 1.12 1.12 1.09 21383
20141226 1.12 1.21 1.21 1.12 76837
20141229 1.24 1.33 1.33 1.23 116651
20141230 1.36 1.35 1.46 1.33 138517
20141231 1.31 1.48 1.48 1.25 82210
20150105 1.62 1.63 1.63 1.50 135700
20150106 1.60 1.57 1.60 1.52 81003
20150107 1.50 1.53 1.62 1.48 156430
20150108 1.50 1.42 1.53 1.40 112810
20150109 1.36 1.40 1.49 1.36 131943
20150112 1.38 1.37 1.41 1.35 61650
20150113 1.37 1.38 1.45 1.37 41711
20150114 1.37 1.38 1.41 1.36 30559
20150115 1.40 1.49 1.50 1.38 62935
20150116 1.49 1.47 1.49 1.45 58859
20150119 1.33 1.33 1.46 1.33 61100
20150120 1.29 1.37 1.38 1.29 56231
20150121 1.37 1.48 1.49 1.34 84627
20150122 1.45 1.51 1.53 1.45 62673
20150123 1.50 1.52 1.55 1.46 51109
20150126 1.49 1.50 1.52 1.47 50074
20150127 1.49 1.48 1.51 1.40 38873
20150128 1.43 1.44 1.46 1.41 16131
20150129 1.43 1.41 1.44 1.40 12046
20150130 1.43 1.44 1.48 1.40 35473
20150202 1.40 1.40 1.45 1.36 13029
20150203 1.40 1.40 1.42 1.35 27988
20150204 1.40 1.41 1.43 1.38 12612
20150205 1.55 1.41 1.55 1.40 65856
20150206 1.41 1.31 1.41 1.28 46073
20150209 1.26 1.26 1.30 1.21 63947
20150210 1.24 1.28 1.28 1.24 43162
20150211 1.28 1.27 1.29 1.26 54874
20150212 1.27 1.27 1.28 1.26 19609
20150213 1.27 1.31 1.35 1.27 38072
20150216 1.30 1.31 1.32 1.30 20635
20150217 1.31 1.34 1.34 1.31 23199
20150225 1.35 1.30 1.35 1.30 29865
20150226 1.29 1.35 1.35 1.28 38580
20150227 1.35 1.34 1.37 1.34 27199
20150302 1.40 1.36 1.44 1.35 88350
20150303 1.35 1.31 1.35 1.30 26841
20150304 1.31 1.31 1.33 1.30 20811
20150305 1.31 1.26 1.31 1.25 47585
20150306 1.25 1.25 1.28 1.25 15665
20150309 1.24 1.27 1.28 1.22 33906
20150310 1.27 1.25 1.27 1.25 13250
20150311 1.24 1.25 1.27 1.24 15920
20150312 1.24 1.28 1.29 1.24 22830
20150313 1.29 1.28 1.31 1.28 28471
20150316 1.30 1.31 1.32 1.28 32343
20150317 1.32 1.34 1.34 1.32 45707
20150318 1.34 1.40 1.40 1.34 59703
20150319 1.40 1.38 1.41 1.36 41345
20150320 1.39 1.48 1.52 1.35 108017
20150323 1.54 1.55 1.62 1.51 112039
20150324 1.58 1.52 1.58 1.45 88266
20150325 1.49 1.47 1.51 1.45 41087
20150326 1.48 1.48 1.50 1.44 33131
20150327 1.50 1.56 1.57 1.50 88231
20150330 1.56 1.71 1.71 1.54 118391
20150331 1.88 1.72 1.88 1.71 187660
20150401 1.64 1.68 1.74 1.64 88502
20150402 1.68 1.67 1.72 1.66 61824
20150403 1.65 1.65 1.69 1.64 118263
20150407 1.65 1.69 1.69 1.64 96369
20150408 1.69 1.72 1.73 1.62 108357
20150409 1.70 1.88 1.88 1.66 150398
20150410 1.85 1.83 1.87 1.76 102044
20150413 1.83 1.83 1.87 1.78 78266
20150414 1.82 1.79 1.83 1.79 64051
20150415 1.79 1.75 1.79 1.72 42770
20150416 1.69 1.80 1.80 1.66 59435
20150417 1.81 1.83 1.85 1.77 87335
20150420 1.89 1.82 1.96 1.78 121226
20150421 1.77 1.86 1.86 1.76 62383
20150422 1.85 1.89 1.90 1.84 76001
20150423 1.90 1.89 1.94 1.86 67945
20150424 1.85 1.84 1.88 1.82 45907
20150427 1.83 1.87 1.88 1.83 72635
20150428 1.88 1.83 1.88 1.81 44626
20150429 1.83 1.87 1.88 1.79 44227
20150430 1.87 2.03 2.03 1.87 114978
20150504 2.02 2.05 2.09 2.00 87749
20150505 2.03 1.88 2.06 1.86 66975
20150506 1.88 1.81 1.92 1.80 64199
20150507 1.81 1.82 1.84 1.78 35211
20150508 1.82 1.86 1.87 1.76 64868
20150511 1.96 1.93 1.96 1.86 68014
20150512 1.93 1.91 1.93 1.87 50954
20150513 1.91 2.04 2.09 1.88 78324
20150514 2.01 1.93 2.04 1.92 51538
20150515 1.91 1.87 1.93 1.85 34838
20150518 1.86 1.82 1.86 1.80 27122
20150519 1.82 1.87 1.90 1.81 31150
20150520 1.87 1.87 1.90 1.85 38921
20150521 1.86 1.89 1.94 1.86 51323
20150522 1.89 1.95 1.95 1.89 53281
20150525 1.97 2.10 2.11 1.96 96995
20150526 2.13 2.28 2.30 2.10 103686
20150527 2.30 2.20 2.30 2.11 128496
20150529 0.95 0.95 0.95 0.95 9318
20150601 1.04 1.04 1.04 1.04 14610
20150602 1.15 1.15 1.15 1.15 28878
20150603 1.24 1.18 1.24 1.15 191538
20150604 1.20 1.17 1.21 1.06 115444
20150605 1.17 1.24 1.25 1.17 135340
20150608 1.24 1.34 1.35 1.20 231203
20150609 1.36 1.29 1.36 1.27 131473
20150610 1.24 1.31 1.36 1.24 95068
20150611 1.29 1.31 1.31 1.27 71142
20150612 1.31 1.30 1.32 1.30 84518
20150615 1.30 1.30 1.34 1.28 98449
20150616 1.30 1.27 1.33 1.26 92402
20150617 1.27 1.25 1.29 1.18 59491
20150618 1.25 1.22 1.32 1.20 60851
20150619 1.17 1.10 1.22 1.10 29539
20150623 1.06 1.11 1.12 1.01 37618
20150624 1.11 1.14 1.15 1.07 26506
20150625 1.13 1.10 1.19 1.09 40054
20150626 1.05 0.99 1.07 0.99 34859
20150629 1.02 1.08 1.09 1.00 139928
20150630 1.08 1.15 1.15 0.98 75721
20150701 1.11 1.04 1.16 1.04 48718
20150702 1.05 0.94 1.05 0.93 33288
20150703 0.94 0.85 0.94 0.85 35405
20150706 0.93 0.77 0.93 0.76 48930
20150707 0.77 0.69 0.77 0.69 12469
20150708 0.62 0.62 0.62 0.62 10392
20150709 0.56 0.67 0.69 0.56 117942
20150710 0.60 0.73 0.73 0.60 130701
20150713 0.70 0.75 0.78 0.69 109767
20150714 0.71 0.73 0.80 0.71 91724
20150715 0.71 0.65 0.71 0.65 31994
20150716 0.59 0.62 0.65 0.59 51045
20150717 0.63 0.66 0.67 0.60 55657
20150720 0.66 0.70 0.71 0.66 71125
20150721 0.67 0.70 0.71 0.64 47399
20150722 0.69 0.70 0.71 0.67 41160
20150723 0.70 0.77 0.77 0.69 59339
20150724 0.79 0.83 0.85 0.77 93119
20150727 0.78 0.75 0.86 0.75 54481
20150728 0.68 0.68 0.75 0.68 57197
20150729 0.68 0.71 0.71 0.65 36788
20150730 0.73 0.65 0.73 0.65 32003
