20140923 0.90 0.90 0.90 0.90 4125
20140924 0.90 0.88 0.90 0.87 37274
20140925 0.87 0.88 0.88 0.87 11944
20140926 0.88 0.88 0.88 0.87 16568
20140929 0.88 0.88 0.88 0.88 24336
20140930 0.88 0.88 0.89 0.88 8257
20141008 0.89 0.88 0.89 0.88 17900
20141009 0.89 0.88 0.89 0.88 15506
20141010 0.89 0.89 0.89 0.88 11306
20141013 0.89 0.88 0.89 0.88 6696
20141014 0.88 0.89 0.89 0.88 2924
20141015 0.89 0.88 0.89 0.88 4018
20141016 0.88 0.88 0.89 0.88 6506
20141017 0.88 0.88 0.88 0.88 2212
20141020 0.88 0.89 0.89 0.88 5154
20141021 0.88 0.89 0.89 0.88 2627
20141022 0.89 0.89 0.89 0.88 1159
20141023 0.88 0.88 0.88 0.88 501
20141024 0.88 0.88 0.88 0.88 1716
20141027 0.88 0.89 0.89 0.88 194
20141028 0.89 0.89 0.89 0.89 1101
20141029 0.89 0.89 0.89 0.89 6577
20141030 0.89 0.90 0.90 0.89 6614
20141031 0.90 0.90 0.90 0.89 2462
20141103 0.90 0.90 0.90 0.89 1885
20141104 0.90 0.89 0.90 0.89 4621
20141105 0.89 0.89 0.90 0.89 1301
20141106 0.89 0.89 0.90 0.89 16034
20141107 0.89 0.89 0.90 0.89 17096
20141110 0.90 0.90 0.90 0.89 2931
20141111 0.90 0.89 0.90 0.89 30015
20141112 0.89 0.90 0.90 0.89 26859
20141113 0.90 0.90 0.90 0.90 26289
20141114 0.90 0.90 0.90 0.90 17073
20141117 0.90 0.90 0.90 0.90 8053
20141118 0.90 0.90 0.90 0.90 9728
20141119 0.90 0.90 0.90 0.90 30357
20141120 0.90 0.90 0.90 0.90 5877
20141121 0.90 0.90 0.90 0.90 2317
20141124 0.90 0.89 0.90 0.89 22701
20141125 0.88 0.89 0.89 0.88 128676
20141126 0.89 0.88 0.89 0.88 47826
20141127 0.88 0.88 0.88 0.88 102423
20141128 0.88 0.88 0.88 0.88 54793
20141201 0.88 0.88 0.88 0.87 80065
20141202 0.87 0.87 0.88 0.87 558646
20141203 0.87 0.86 0.87 0.85 986734
20141204 0.85 0.85 0.85 0.84 1222403
20141205 0.84 0.87 0.87 0.83 1571761
20141208 0.85 0.85 0.86 0.84 1594084
20141209 0.84 0.84 0.85 0.82 1274992
20141210 0.84 0.83 0.84 0.81 784050
20141211 0.82 0.85 0.85 0.82 990782
20141212 0.84 0.86 0.86 0.84 1023352
20141215 0.86 0.86 0.87 0.86 527353
20141216 0.86 0.85 0.86 0.84 165115
20141217 0.85 0.84 0.85 0.84 229821
20141218 0.84 0.84 0.84 0.82 143373
20141219 0.83 0.85 0.85 0.83 368575
20141222 0.85 0.85 0.85 0.84 73804
20141223 0.84 0.86 0.86 0.84 160761
20141224 0.86 0.87 0.87 0.86 214237
20141225 0.87 0.87 0.87 0.86 175806
20141226 0.87 0.87 0.88 0.87 253157
20141229 0.87 0.87 0.88 0.86 146626
20141230 0.87 0.87 0.88 0.86 147271
20141231 0.87 0.87 0.88 0.86 119703
20150105 0.86 0.86 0.87 0.86 225707
20150107 0.90 0.90 0.90 0.90 381
20150108 0.86 0.85 0.87 0.85 501346
20150109 0.85 0.85 0.86 0.84 243588
20150112 0.84 0.85 0.85 0.84 302574
20150113 0.85 0.85 0.85 0.84 115366
20150114 0.85 0.85 0.85 0.84 106913
20150115 0.84 0.85 0.87 0.84 116109
20150116 0.85 0.85 0.85 0.84 85957
20150119 0.85 0.85 0.85 0.84 247726
20150120 0.85 0.85 0.85 0.85 187760
20150121 0.85 0.85 0.85 0.85 102371
20150122 0.85 0.86 0.86 0.85 85855
20150123 0.86 0.86 0.86 0.85 68925
20150126 0.86 0.88 0.88 0.85 172592
20150127 0.88 0.89 0.90 0.87 102577
20150128 0.89 0.89 0.89 0.89 62455
20150129 0.89 0.89 0.89 0.85 28810
20150130 0.89 0.89 0.90 0.87 82324
20150202 0.89 0.90 0.90 0.89 89839
20150203 0.90 0.90 0.91 0.89 80809
20150204 0.90 0.91 0.91 0.90 55265
20150205 0.91 0.91 0.91 0.89 56478
20150206 0.90 0.93 0.95 0.90 195373
20150209 0.93 0.91 0.93 0.91 27985
20150210 0.91 0.91 0.92 0.89 36042
20150211 0.91 0.92 0.93 0.91 9726
20150212 0.92 0.91 0.93 0.90 22693
20150213 0.91 0.91 0.92 0.91 17337
20150216 0.91 0.91 0.92 0.91 28271
20150217 0.90 0.93 0.93 0.90 41850
20150225 0.93 0.94 0.94 0.92 21551
20150226 0.94 0.93 0.96 0.93 8620
20150227 0.94 0.94 0.94 0.92 22215
20150302 0.93 0.93 0.94 0.92 16441
20150303 0.93 0.93 0.94 0.92 25094
20150304 0.93 0.93 0.93 0.93 7877
20150305 0.93 0.93 0.93 0.92 11551
20150306 0.93 0.93 0.94 0.92 6356
20150309 0.92 0.93 0.93 0.92 12916
20150310 0.93 0.94 0.94 0.93 18270
20150311 0.95 0.97 1.00 0.94 24162
20150312 0.97 0.99 0.99 0.97 7646
20150313 0.96 0.99 0.99 0.96 2933
20150316 0.97 0.99 1.00 0.97 57065
20150317 0.97 1.00 1.00 0.97 32097
20150318 1.02 1.01 1.03 0.97 81749
20150319 0.98 0.97 1.00 0.96 88596
20150323 0.90 0.90 0.95 0.90 70493
20150324 0.88 0.87 0.88 0.87 295018
20150325 0.87 0.87 0.87 0.86 296669
20150326 0.87 0.87 0.87 0.86 581012
20150327 0.86 0.86 0.86 0.85 592508
20150330 0.86 0.86 0.86 0.85 410213
20150331 0.85 0.85 0.85 0.84 794923
20150401 0.85 0.85 0.86 0.84 1654369
20150402 0.85 0.86 0.86 0.85 2029211
20150403 0.86 0.86 0.86 0.86 1105746
20150407 0.86 0.86 0.86 0.86 531391
20150408 0.86 0.85 0.86 0.85 774091
20150409 0.85 0.85 0.85 0.84 1486480
20150410 0.85 0.85 0.85 0.84 836050
20150413 0.85 0.85 0.85 0.84 350646
20150414 0.84 0.86 0.86 0.84 661520
20150415 0.86 0.86 0.87 0.86 489364
20150416 0.86 0.86 0.87 0.86 357270
20150417 0.86 0.87 0.87 0.86 484503
20150420 0.87 0.87 0.87 0.86 353770
20150421 0.87 0.87 0.88 0.87 455557
20150422 0.87 0.88 0.88 0.87 746202
20150423 0.88 0.88 0.88 0.87 415249
20150424 0.87 0.87 0.88 0.87 378463
20150427 0.87 0.87 0.87 0.87 162517
20150428 0.87 0.87 0.87 0.84 411102
20150429 0.87 0.87 0.87 0.87 260432
20150430 0.87 0.86 0.87 0.86 469223
20150504 0.86 0.86 0.87 0.86 188670
20150505 0.86 0.85 0.86 0.85 186334
20150506 0.85 0.85 0.86 0.85 234567
20150507 0.85 0.85 0.85 0.84 117737
20150508 0.85 0.85 0.85 0.84 235136
20150511 0.85 0.85 0.85 0.85 221583
20150512 0.85 0.86 0.86 0.85 551447
20150513 0.86 0.87 0.87 0.86 493588
20150514 0.87 0.88 0.88 0.86 374629
20150515 0.88 0.89 0.89 0.88 494931
20150518 0.89 0.89 0.89 0.88 136419
20150519 0.89 0.89 0.90 0.87 249112
20150520 0.89 0.89 0.90 0.88 557822
20150521 0.89 0.90 0.90 0.89 245070
20150522 0.89 0.90 0.90 0.89 99472
20150525 0.89 0.89 0.90 0.88 110198
20150526 0.89 0.87 0.89 0.87 160965
20150527 0.87 0.86 0.87 0.84 140844
20150528 0.86 0.86 0.87 0.84 170800
20150529 0.86 0.86 0.88 0.84 68616
20150601 0.85 0.86 0.87 0.84 187867
20150602 0.85 0.87 0.87 0.85 150192
20150603 0.87 0.87 0.88 0.86 191235
20150604 0.87 0.88 0.88 0.83 116001
20150605 0.87 0.86 0.88 0.85 129294
20150608 0.86 0.84 0.87 0.83 83305
20150609 0.83 0.83 0.84 0.82 81485
20150610 0.82 0.80 0.84 0.80 361538
20150611 0.80 0.80 0.81 0.80 225304
20150612 0.79 0.79 0.80 0.72 356268
20150616 0.90 0.90 0.90 0.90 991
20150617 0.81 0.81 0.81 0.81 4317
20150618 0.78 0.78 0.79 0.78 1162093
20150619 0.78 0.77 0.78 0.77 504640
20150623 0.77 0.78 0.79 0.77 816278
20150624 0.78 0.80 0.80 0.78 251312
20150625 0.80 0.82 0.83 0.79 388288
20150626 0.84 0.83 0.85 0.82 310124
20150629 0.82 0.81 0.82 0.80 377472
20150630 0.80 0.78 0.80 0.77 395572
20150701 0.77 0.78 0.78 0.76 637115
20150702 0.77 0.77 0.78 0.76 1086541
20150703 0.77 0.82 0.82 0.77 1959524
20150706 0.78 0.84 0.88 0.78 1357080
20150707 0.84 0.86 0.87 0.83 1075712
20150708 0.84 0.78 0.84 0.78 2065764
20150709 0.83 0.86 0.86 0.83 3659166
20150713 0.90 0.90 0.90 0.90 4964
20150714 0.81 0.83 0.86 0.81 816797
20150715 0.83 0.86 0.87 0.83 496335
20150716 0.85 0.87 0.88 0.85 273208
20150717 0.87 0.87 0.89 0.86 142915
20150720 0.87 0.86 0.87 0.85 77826
20150721 0.86 0.86 0.87 0.86 91517
20150722 0.86 0.85 0.87 0.81 110960
20150723 0.84 0.83 0.84 0.82 50158
20150724 0.82 0.83 0.83 0.81 67215
20150727 0.83 0.85 0.85 0.82 149384
20150728 0.85 0.85 0.85 0.83 79811
20150729 0.85 0.86 0.86 0.84 85777
20150730 0.85 0.86 0.86 0.85 91554
