20140102 1.03 1.04 1.05 1.03 1824
20140106 0.97 0.99 0.99 0.97 571
20140107 0.99 0.99 0.99 0.95 433
20140108 0.96 0.99 0.99 0.96 637
20140109 0.99 0.98 0.99 0.98 158
20140110 0.94 0.94 0.94 0.94 396
20140113 0.94 0.98 0.98 0.94 296
20140114 0.92 0.97 0.97 0.92 474
20140115 0.96 0.97 0.97 0.96 483
20140116 0.97 0.97 0.97 0.97 408
20140120 0.91 0.91 0.91 0.91 96
20140121 0.92 0.96 0.96 0.92 100
20140122 0.91 0.91 0.91 0.91 1
20140123 0.96 0.98 0.98 0.93 718
20140124 0.99 1.00 1.00 0.95 471
20140129 1.10 1.08 1.10 1.08 90
20140214 1.06 1.06 1.06 1.06 20
20140217 0.98 0.98 0.98 0.98 40
20140218 0.95 1.04 1.04 0.95 51
20140221 0.99 0.99 0.99 0.99 1670
20140224 0.99 0.99 0.99 0.99 200
20140225 1.00 0.98 1.00 0.98 50
20140306 0.96 0.95 1.06 0.94 66
20140310 0.94 0.94 0.94 0.94 20
20140311 0.94 0.94 0.94 0.94 40
20140312 0.94 0.95 0.95 0.94 151
20140313 0.95 0.98 0.98 0.95 101
20140317 0.98 0.98 0.98 0.98 335
20140318 0.95 0.99 1.03 0.95 235
20140324 0.95 0.98 0.98 0.95 21
20140325 0.98 0.98 0.98 0.98 261
20140402 1.00 0.93 1.00 0.93 30
20140404 1.02 0.98 1.02 0.96 152
20140409 0.96 0.96 0.96 0.96 1
20140410 1.00 0.97 1.00 0.97 207
20140411 1.00 1.00 1.00 1.00 6
20140414 1.00 1.00 1.00 1.00 480
20140416 1.00 1.00 1.00 1.00 33
20140428 0.95 0.95 0.95 0.95 180
20140506 0.93 1.00 1.00 0.93 22
20140507 0.94 0.94 0.94 0.94 1
20140509 0.94 0.94 0.94 0.94 4
20140512 0.94 0.99 0.99 0.94 213
20140513 0.94 0.95 0.99 0.94 2780
20140514 0.95 0.95 0.95 0.95 79
20140515 0.95 0.95 0.95 0.95 4
20140519 0.94 0.94 0.94 0.94 18
20140520 0.94 0.94 0.94 0.94 625
20140521 0.94 0.94 0.94 0.94 37
20140526 0.94 0.94 0.94 0.94 55
20140528 0.95 0.95 0.95 0.95 159
20140529 0.93 0.86 0.95 0.86 434
20140605 0.94 0.94 0.94 0.94 60
20140606 0.95 0.96 0.96 0.95 768
20140610 0.96 0.96 0.96 0.96 150
20140611 0.97 0.97 0.97 0.97 405
20140612 0.96 0.97 0.97 0.96 1115
20140613 0.99 0.97 0.99 0.97 250
20140617 0.88 0.97 0.97 0.88 724
20140618 0.97 0.97 0.97 0.97 20
20140619 0.95 0.95 0.95 0.95 20
20140623 0.95 0.95 0.95 0.95 2
20140625 0.95 0.95 0.95 0.95 3
20140630 0.99 0.99 0.99 0.99 1
20140701 0.95 0.98 0.98 0.95 43
20140702 0.98 0.99 0.99 0.98 107
20140703 0.97 0.97 0.97 0.97 1
20140704 0.97 0.97 0.97 0.97 40
20140716 0.97 0.97 0.97 0.97 54
20140717 0.97 0.97 0.97 0.97 308
20140730 0.97 0.99 0.99 0.96 169
20140731 0.98 0.96 0.98 0.93 11294
20140801 0.97 0.99 0.99 0.96 6821
20140804 0.96 0.96 0.97 0.96 5010
20140805 0.96 0.96 0.96 0.96 1284
20140806 0.96 0.95 0.96 0.95 431
20140807 0.96 0.96 0.96 0.95 11571
20140808 0.96 0.96 0.96 0.96 4733
20140811 0.96 0.96 0.97 0.96 3375
20140812 0.96 0.97 0.98 0.96 1816
20140813 0.97 0.97 0.97 0.97 897
20140814 0.97 0.97 0.97 0.97 1824
20140815 0.98 0.98 0.98 0.97 1179
20140818 0.98 0.98 0.98 0.98 938
20140819 0.98 0.99 0.99 0.98 2944
20140820 0.99 0.99 0.99 0.98 2205
20140821 0.99 0.99 0.99 0.99 1970
20140822 0.99 0.99 0.99 0.99 2833
20140825 0.98 0.98 0.98 0.98 109
20140826 0.98 0.97 0.98 0.97 80
20140827 0.98 0.98 0.98 0.98 449
20140828 0.98 0.98 0.98 0.97 438
20140829 0.98 0.98 0.98 0.98 377
20140901 0.99 0.98 0.99 0.98 420
20140902 0.99 0.99 0.99 0.99 1064
20140903 0.99 0.99 0.99 0.98 810
20140904 0.99 0.99 0.99 0.98 1782
20140905 0.99 0.99 0.99 0.99 1187
20140909 0.99 0.99 0.99 0.99 2142
20140910 0.99 0.99 1.00 0.99 1526
20140911 1.00 1.01 1.01 1.00 474
20140912 1.01 1.02 1.02 1.01 426
20140915 1.01 1.02 1.03 1.01 2210
20140916 1.01 1.01 1.07 1.01 1199
20140917 0.99 1.00 1.00 0.99 8
20140918 0.99 1.00 1.00 0.99 377
20140919 1.00 1.00 1.00 0.99 128
20140922 1.00 1.00 1.00 0.99 435
20140923 1.00 1.00 1.00 1.00 56
20140924 1.00 1.00 1.00 1.00 408
20140925 1.08 1.02 1.08 1.02 3890
20140926 1.03 1.02 1.03 1.02 150
20140929 1.01 1.06 1.07 1.01 4163
20140930 1.06 1.08 1.09 1.06 2639
20141008 1.05 1.04 1.06 1.03 892
20141009 1.06 1.06 1.06 1.04 844
20141010 1.05 1.06 1.06 1.01 2023
20141013 1.06 1.05 1.09 1.05 3979
20141014 1.04 1.05 1.05 1.02 5213
20141015 1.05 1.04 1.10 1.04 6246
20141016 1.04 1.07 1.07 1.04 4455
20141017 1.04 1.05 1.06 1.02 2220
20141020 1.05 1.05 1.09 1.04 3727
20141021 1.06 1.07 1.09 1.04 3555
20141022 1.04 1.04 1.04 1.04 1
20141023 1.04 1.04 1.04 1.04 201
20141024 1.07 1.03 1.07 1.03 968
20141027 1.06 1.05 1.07 1.03 1026
20141028 1.05 1.05 1.05 1.04 722
20141029 1.06 1.06 1.06 1.04 766
20141030 1.05 1.05 1.05 1.05 715
20141031 1.04 1.04 1.04 1.01 3611
20141103 1.04 1.04 1.06 1.04 1732
20141104 1.04 1.04 1.04 0.98 1015
20141105 1.05 1.03 1.05 1.02 1022
20141106 1.03 1.03 1.03 1.03 281
20141107 1.02 1.03 1.03 1.00 1658
20141110 1.03 1.03 1.05 1.02 5045
20141111 1.03 1.03 1.03 1.03 254
20141112 1.02 1.02 1.02 1.02 173
20141113 1.02 1.02 1.02 1.02 1002
20141114 1.02 1.03 1.03 1.01 1239
20141117 1.02 1.02 1.03 1.02 58
20141118 1.03 1.03 1.03 1.03 130
20141119 1.03 1.03 1.03 1.02 639
20141120 1.02 1.03 1.03 1.02 224
20141121 1.03 1.03 1.03 1.02 683
20141124 1.02 1.04 1.04 1.00 2986
20141125 1.04 1.04 1.05 1.02 2332
20141126 1.01 1.04 1.04 1.01 1548
20141127 1.04 1.03 1.04 1.03 1604
20141128 1.03 1.00 1.09 0.99 6381
20141201 1.00 1.03 1.03 0.96 6428
20141202 1.00 1.04 1.08 1.00 5055
20141203 1.04 1.01 1.04 1.00 1085
20141204 1.03 1.05 1.07 1.00 4775
20141205 1.02 1.16 1.16 1.00 10601
20141208 1.21 1.27 1.27 1.21 12359
20141209 1.22 1.30 1.40 1.22 16560
20141210 1.17 1.17 1.17 1.17 3242
20141211 1.05 1.05 1.05 1.05 2664
20141212 1.01 1.00 1.05 1.00 17194
20141215 0.99 0.99 1.00 0.97 4496
20141216 0.99 0.99 1.00 0.99 3986
20141217 0.98 0.97 0.98 0.96 4409
20141218 0.96 0.95 0.98 0.89 3988
20141219 0.93 0.94 0.96 0.93 1917
20141222 0.94 0.93 0.94 0.92 2522
20141223 0.94 0.94 0.96 0.94 2423
20141224 0.94 0.97 0.97 0.94 3476
20141225 0.97 0.97 0.97 0.96 2073
20141226 0.95 0.97 0.98 0.95 2127
20141229 0.98 0.96 0.98 0.95 1318
20141230 0.97 0.97 0.97 0.96 995
20141231 0.97 0.96 0.97 0.96 1363
20150105 0.95 0.97 0.97 0.95 1574
20150107 0.90 0.93 0.95 0.90 5436
20150108 0.93 0.92 0.93 0.88 4656
20150109 0.91 0.89 0.91 0.89 14153
20150112 0.88 0.89 0.89 0.88 6874
20150113 0.89 0.89 0.89 0.88 8517
20150114 0.89 0.90 0.90 0.89 5578
20150115 0.89 0.91 0.91 0.89 1471
20150116 0.91 0.91 0.92 0.91 6401
20150119 0.90 0.91 0.91 0.90 6287
20150120 0.91 0.91 0.92 0.91 9101
20150121 0.92 0.91 0.93 0.91 5102
20150122 0.91 0.94 0.95 0.91 7484
20150123 0.93 0.93 0.94 0.92 3923
20150126 0.93 0.94 0.94 0.93 5517
20150127 0.93 0.95 0.95 0.92 6471
20150128 0.94 0.94 0.95 0.94 3335
20150129 0.95 0.94 0.95 0.94 1350
20150130 0.95 0.93 0.96 0.93 1206
20150202 0.94 0.94 0.94 0.93 3096
20150203 0.92 0.94 0.94 0.92 1461
20150204 0.93 0.94 0.94 0.93 920
20150205 0.94 0.94 0.94 0.94 901
20150206 0.93 0.94 0.94 0.93 321
20150209 0.93 0.94 0.94 0.93 405
20150210 0.93 0.94 0.94 0.93 1707
20150211 0.94 0.94 0.94 0.94 2031
20150212 0.94 0.95 0.95 0.94 1385
20150213 0.95 0.97 0.97 0.95 3756
20150216 0.97 0.98 0.99 0.97 4667
20150217 0.99 0.99 0.99 0.97 4915
20150225 0.98 0.99 1.02 0.98 1449
20150226 0.99 0.99 0.99 0.99 677
20150227 0.99 1.00 1.01 0.98 3965
20150302 1.00 1.00 1.00 0.98 3012
20150303 0.99 1.00 1.00 0.96 3442
20150304 0.99 1.00 1.00 0.99 1141
20150305 1.01 0.99 1.02 0.99 4117
20150306 0.98 0.99 1.00 0.98 309
20150309 0.98 1.00 1.00 0.98 1047
20150310 0.98 1.01 1.02 0.98 2089
20150311 1.00 1.01 1.02 1.00 87
20150312 1.00 1.02 1.02 1.00 1118
20150313 1.00 1.01 1.02 1.00 261
20150316 1.00 1.01 1.01 0.94 4098
20150317 1.01 1.02 1.03 1.00 1765
20150318 1.02 1.02 1.03 1.01 4900
20150319 1.02 1.02 1.02 1.01 1849
20150320 1.03 1.02 1.03 1.01 1508
20150323 1.02 1.05 1.05 1.02 1638
20150324 1.04 1.05 1.09 1.04 1392
20150325 1.05 1.05 1.05 1.05 581
20150326 1.04 1.03 1.04 1.03 366
20150327 1.03 1.02 1.03 1.02 797
20150330 1.00 1.02 1.02 0.97 3263
20150331 1.03 1.02 1.06 1.00 4119
20150401 1.02 1.03 1.06 1.01 993
20150402 1.04 1.04 1.05 1.02 1413
20150403 1.02 1.03 1.05 1.01 1346
20150407 1.00 1.04 1.06 1.00 5408
20150408 1.00 0.97 1.00 0.96 30068
20150409 0.95 0.94 0.96 0.94 36495
20150410 0.94 0.97 0.98 0.94 25814
20150413 0.97 1.00 1.00 0.97 24433
20150414 0.99 1.01 1.01 0.98 11695
20150415 1.00 0.99 1.02 0.98 6492
20150416 0.98 0.99 1.01 0.98 3725
20150417 0.99 1.02 1.02 0.99 8407
20150420 1.03 1.02 1.03 0.94 5278
20150421 1.01 1.04 1.05 1.01 6291
20150422 1.05 1.04 1.05 1.03 1316
20150423 1.04 1.05 1.06 1.00 3593
20150424 1.05 1.06 1.07 1.05 3862
20150427 1.06 1.11 1.12 1.04 2844
20150428 1.11 1.04 1.22 1.03 4435
20150429 1.04 1.08 1.14 1.04 2482
20150430 1.12 1.07 1.12 1.06 1482
20150504 1.07 1.11 1.12 1.03 4612
20150505 1.11 1.17 1.18 1.05 6876
20150506 1.10 1.14 1.17 1.10 2330
20150507 1.10 1.11 1.16 1.06 3492
20150508 1.11 1.11 1.16 1.07 4457
20150511 1.12 1.11 1.13 1.09 3532
20150512 1.09 1.12 1.12 1.09 2854
20150513 1.11 1.14 1.14 1.07 8866
20150514 1.14 1.21 1.24 1.11 7756
20150515 1.20 1.20 1.24 1.20 1682
20150518 1.16 1.21 1.22 1.16 2777
20150519 1.19 1.23 1.26 1.17 2681
20150520 1.19 1.21 1.28 1.19 5815
20150521 1.19 1.15 1.20 1.10 21409
20150522 1.14 1.12 1.18 1.08 20945
20150525 1.10 1.10 1.10 1.07 13238
20150526 1.08 1.12 1.12 1.08 16978
20150527 1.12 1.10 1.12 1.09 19730
20150529 1.00 0.97 1.00 0.90 7015
20150601 0.88 0.89 0.96 0.88 74743
20150602 0.84 0.85 0.87 0.82 89243
20150603 0.84 0.86 0.86 0.84 101920
20150604 0.86 0.86 0.87 0.85 102613
20150605 0.87 0.87 0.87 0.86 117539
20150608 0.87 0.86 0.87 0.86 53943
20150609 0.86 0.85 0.86 0.85 31592
20150610 0.85 0.86 0.87 0.85 43039
20150611 0.86 0.85 0.87 0.85 28114
20150612 0.85 0.86 0.86 0.85 39407
20150615 0.85 0.85 0.86 0.85 20726
20150616 0.85 0.86 0.86 0.84 30079
20150617 0.85 0.86 0.86 0.85 12910
20150618 0.86 0.85 0.86 0.85 37904
20150619 0.85 0.84 0.85 0.84 28962
20150623 0.84 0.83 0.84 0.83 28338
20150624 0.83 0.84 0.84 0.83 30801
20150625 0.84 0.85 0.85 0.84 27140
20150626 0.85 0.86 0.87 0.85 43777
20150629 0.86 0.85 0.86 0.85 35377
20150630 0.85 0.83 0.85 0.82 30036
20150701 0.83 0.83 0.83 0.82 8291
20150702 0.83 0.81 0.83 0.80 18514
20150703 0.81 0.82 0.82 0.80 32993
20150706 0.82 0.83 0.83 0.80 73976
20150707 0.83 0.84 0.86 0.82 53085
20150708 0.84 0.79 0.85 0.76 67317
20150709 0.80 0.84 0.84 0.78 35729
20150710 0.82 0.83 0.85 0.82 35277
20150713 0.83 0.84 0.84 0.82 37231
20150714 0.83 0.86 0.86 0.83 48754
20150715 0.86 0.88 0.89 0.86 39413
20150716 0.87 0.88 0.89 0.87 79728
20150717 0.88 0.90 0.90 0.88 97872
20150720 0.89 0.89 0.90 0.88 41701
20150721 0.89 0.89 0.93 0.89 32990
20150722 0.89 0.88 0.89 0.87 35451
20150723 0.88 0.87 0.88 0.87 24603
20150724 0.85 0.87 0.87 0.85 6715
20150727 0.87 0.89 0.89 0.86 20807
20150728 0.89 0.88 0.89 0.87 6842
20150729 0.87 0.89 0.90 0.87 23311
20150730 0.88 0.90 0.90 0.88 31354
