20150528 1.27 1.27 1.27 1.27 3010
20150529 1.40 1.40 1.40 1.34 150429
20150601 1.36 1.54 1.54 1.26 747355
20150602 1.48 1.45 1.52 1.43 1314315
20150603 1.36 1.32 1.36 1.31 2823988
20150604 1.31 1.43 1.44 1.21 2509308
20150605 1.49 1.50 1.58 1.45 3294403
20150608 1.50 1.54 1.59 1.44 2467648
20150609 1.56 1.62 1.69 1.49 3031770
20150610 1.52 1.55 1.66 1.50 2188907
20150611 1.53 1.52 1.55 1.49 1414377
20150612 1.52 1.55 1.60 1.50 1591578
20150615 1.54 1.55 1.60 1.53 1467407
20150616 1.52 1.48 1.59 1.39 1326517
20150617 1.45 1.52 1.54 1.42 1179787
20150618 1.51 1.47 1.56 1.46 969291
20150619 1.43 1.33 1.46 1.33 789423
20150623 1.31 1.35 1.35 1.21 769902
20150624 1.35 1.46 1.48 1.33 1108062
20150625 1.45 1.35 1.46 1.32 980556
20150626 1.29 1.21 1.30 1.21 926832
20150629 1.23 1.09 1.26 1.09 1291120
20150630 1.04 1.15 1.16 0.98 1078425
20150701 1.12 1.04 1.16 1.04 1023801
20150702 1.01 0.93 1.02 0.93 763809
20150703 0.88 0.84 0.91 0.84 736563
20150706 0.89 0.76 0.92 0.76 1033510
20150707 0.68 0.68 0.68 0.68 101833
20150708 0.61 0.61 0.61 0.61 6599
20150709 0.55 0.56 0.67 0.55 3766845
20150713 1.23 1.23 1.23 1.23 50600
20150714 1.35 1.32 1.35 1.23 930634
20150715 1.26 1.18 1.28 1.18 323444
20150716 1.07 1.16 1.24 1.07 304567
20150717 1.14 1.28 1.28 1.14 289278
20150720 1.29 1.35 1.40 1.25 227114
20150721 1.30 1.40 1.42 1.26 290104
20150722 1.39 1.48 1.50 1.36 233316
20150723 1.47 1.56 1.57 1.45 152587
20150724 1.55 1.64 1.71 1.55 233524
20150727 1.49 1.47 1.60 1.47 170956
20150728 1.33 1.33 1.41 1.33 158064
20150729 1.33 1.38 1.38 1.20 219476
20150730 1.33 1.28 1.39 1.25 190936
