20140102 1.01 1.05 1.05 1.01 101
20140103 1.01 1.03 1.03 1.01 377
20140106 1.02 1.00 1.02 0.99 130
20140110 0.90 1.01 1.01 0.90 1
20140114 0.91 1.01 1.01 0.91 1
20140120 1.00 1.01 1.01 1.00 11
20140122 1.01 1.01 1.01 1.01 987
20140123 1.00 1.00 1.00 1.00 50
20140124 1.05 1.05 1.05 1.05 1
20140128 1.01 1.04 1.04 1.01 734
20140129 1.01 1.02 1.02 1.01 357
20140130 1.02 1.02 1.02 1.02 170
20140207 0.92 1.02 1.02 0.92 7
20140210 1.03 1.03 1.03 1.03 619
20140211 1.03 1.03 1.03 1.03 117
20140212 1.03 1.03 1.03 1.02 696
20140213 1.03 1.03 1.03 1.03 563
20140214 1.04 1.05 1.05 1.04 260
20140217 1.05 1.05 1.05 1.05 1483
20140218 1.05 1.06 1.06 1.05 1757
20140226 1.05 1.05 1.05 1.05 6
20140227 1.05 1.06 1.06 1.05 149
20140303 1.05 1.05 1.05 1.05 99
20140304 1.05 1.05 1.05 1.05 1
20140305 1.03 1.06 1.06 1.03 51
20140307 1.06 1.06 1.06 1.06 156
20140313 1.07 1.07 1.07 1.07 1
20140317 1.05 1.06 1.06 1.05 1403
20140318 1.06 1.06 1.06 1.06 1054
20140319 1.06 1.06 1.06 1.06 695
20140320 1.06 1.06 1.06 1.06 3
20140321 1.06 1.06 1.06 1.06 124
20140325 1.06 1.06 1.06 1.06 160
20140326 1.06 1.06 1.06 1.06 575
20140328 1.05 1.05 1.05 1.05 3
20140331 1.06 1.06 1.06 1.06 722
20140401 1.06 1.06 1.06 1.06 1000
20140402 1.06 1.06 1.07 1.06 992
20140403 1.06 1.06 1.06 1.06 560
20140404 1.07 1.07 1.07 1.06 441
20140408 1.07 1.07 1.07 1.07 500
20140409 1.07 1.07 1.07 1.07 1346
20140410 1.07 1.07 1.08 1.07 1026
20140411 1.08 1.08 1.08 1.08 3128
20140414 1.08 1.08 1.08 1.08 44790
20140415 1.08 1.08 1.08 1.08 156043
20140416 1.08 1.08 1.08 1.08 173254
20140417 1.08 1.08 1.08 1.08 24175
20140418 1.08 1.08 1.08 1.08 165686
20140421 1.08 1.08 1.08 1.08 74261
20140422 1.08 1.08 1.08 1.08 7524
20140423 1.08 1.08 1.08 1.08 21929
20140424 1.08 1.08 1.08 1.08 34645
