20140102 1.05 1.05 1.05 1.05 1000
20140122 0.94 0.94 0.94 0.94 63
20140124 0.98 0.98 0.98 0.98 440
20140127 0.99 0.99 0.99 0.99 5
20140211 0.99 0.99 0.99 0.99 200
20140213 1.02 1.00 1.02 1.00 739
20140220 1.06 1.06 1.06 1.06 12
20140221 0.98 0.99 0.99 0.98 20
20140225 0.99 0.99 0.99 0.99 1
20140228 0.91 1.00 1.00 0.91 62
20140305 1.00 1.00 1.00 1.00 155
20140306 1.10 1.01 1.10 1.01 50
20140314 1.05 1.05 1.05 1.05 3
20140318 1.05 1.05 1.05 1.05 206
20140319 0.95 1.06 1.15 0.95 214
20140320 1.12 1.16 1.17 0.96 217
20140321 1.06 1.06 1.07 1.05 334
20140324 0.96 1.06 1.06 0.96 412
20140325 0.96 1.06 1.16 0.96 477
20140326 0.97 1.10 1.17 0.96 555
20140327 0.99 1.05 1.21 0.99 577
20140328 0.97 1.06 1.15 0.97 515
20140331 0.97 1.07 1.17 0.97 565
20140401 0.98 1.07 1.16 0.98 467
20140402 1.07 1.06 1.18 1.00 808
20140403 1.01 1.06 1.16 0.98 1195
20140404 1.01 1.05 1.16 1.00 1305
20140408 1.05 1.02 1.14 1.02 1289
20140409 1.09 1.07 1.13 1.02 1222
20140410 1.06 1.07 1.18 1.04 1763
20140411 1.05 1.10 1.18 1.03 1979
20140414 1.07 1.07 1.09 1.03 1106
20140415 1.06 1.04 1.06 1.04 255
20140416 1.04 1.03 1.05 1.02 235
20140417 1.03 1.03 1.03 1.03 162
20140422 1.00 1.03 1.03 1.00 15
20140424 0.99 1.04 1.04 0.97 33
20140505 1.02 0.98 1.02 0.98 81
20140506 1.00 1.02 1.02 1.00 53
20140507 1.02 1.02 1.02 1.00 32
20140508 1.00 0.97 1.02 0.97 33
20140514 0.98 0.98 0.98 0.98 10
20140515 1.00 1.00 1.00 1.00 22
20140516 0.97 0.97 0.97 0.96 22
20140522 0.97 0.97 0.97 0.97 1
20140523 0.99 0.99 0.99 0.99 1
20140527 0.98 1.00 1.00 0.98 51
20140529 0.98 1.00 1.00 0.98 61
20140603 0.98 1.00 1.00 0.98 101
20140604 0.98 0.96 0.98 0.96 45
20140605 0.98 0.98 0.98 0.98 50
20140609 0.96 0.96 0.98 0.96 185
20140611 0.96 0.96 0.96 0.96 10
20140612 0.98 0.98 0.98 0.98 138
20140613 0.98 0.98 0.98 0.98 110
20140616 0.98 0.98 0.98 0.98 13
20140617 0.96 0.96 0.96 0.96 13
20140624 0.98 0.98 0.98 0.98 40
20140626 1.03 1.03 1.03 1.03 1
20140630 0.98 0.99 0.99 0.95 261
20140702 1.05 1.05 1.05 1.05 1
20140703 1.05 1.05 1.05 1.05 205
20140704 0.99 1.02 1.02 0.99 244
20140707 1.02 1.00 1.02 0.98 31
20140708 1.04 1.00 1.04 0.97 113
20140709 0.99 1.00 1.00 0.99 248
20140722 1.00 0.99 1.00 0.99 115
20140724 0.96 0.96 0.96 0.96 10
20140725 0.98 0.99 1.04 0.98 108
20140728 1.04 1.03 1.07 1.03 1200
20140729 1.04 1.06 1.06 1.04 14391
20140730 1.04 1.06 1.07 1.04 1785
20140731 1.06 1.06 1.06 1.06 1361
20140801 1.07 1.07 1.07 1.07 1308
20140805 1.05 1.03 1.05 1.03 198
20140806 1.06 1.02 1.06 1.02 580
20140811 1.05 1.04 1.05 1.03 600
20140812 1.04 1.05 1.06 1.04 4019
20140813 1.05 1.05 1.07 1.05 4901
20140814 1.05 1.05 1.06 1.05 1510
20140815 1.05 1.05 1.05 1.05 2601
20140819 1.06 1.06 1.06 1.06 365
20140820 1.06 1.06 1.06 1.06 2555
20140821 1.06 1.06 1.06 1.06 1
20140822 1.03 1.05 1.05 1.03 1479
20140825 1.06 1.06 1.06 1.06 103
20140826 1.02 1.02 1.02 1.02 9
20140827 1.06 1.06 1.06 1.06 560
20140828 1.04 1.03 1.04 1.03 594
20140829 1.04 1.04 1.04 1.02 100
20140901 1.04 1.05 1.05 1.04 1110
20140902 1.04 1.06 1.06 1.04 1131
20140903 1.04 1.04 1.04 1.04 828
20140904 1.05 1.04 1.05 1.04 1054
20140905 1.06 1.04 1.06 1.04 948
20140909 1.04 1.05 1.05 1.03 777
20140910 1.04 1.02 1.04 1.02 243
20140911 1.03 1.03 1.03 1.03 687
20140912 1.04 1.03 1.04 1.03 600
20140915 1.03 1.04 1.04 1.03 40
20140916 1.03 1.03 1.03 1.03 61
20140917 1.04 1.04 1.04 1.04 652
20140918 1.04 1.04 1.04 1.03 357
20140922 1.05 1.05 1.05 1.05 1
20140924 1.04 1.04 1.04 1.04 2
20140925 1.04 1.04 1.04 1.04 10
20140929 1.03 1.03 1.03 1.03 200
20140930 1.03 1.03 1.03 1.03 121
20141008 1.03 1.03 1.03 1.03 61
20141010 1.03 1.03 1.03 1.03 20
20141013 1.03 1.03 1.03 1.03 220
20141014 1.03 1.04 1.04 1.03 272
20141017 1.03 1.04 1.04 0.99 113
20141022 1.03 1.04 1.04 1.03 61
20141024 1.04 1.04 1.04 1.04 5
20141028 1.04 1.04 1.04 1.04 2
20141029 1.04 1.04 1.06 1.04 238
20141030 1.06 1.05 1.06 1.05 6
20141031 1.04 1.03 1.04 1.03 85
20141103 1.03 1.04 1.04 1.03 532
20141104 1.05 1.05 1.05 1.05 30
20141105 1.04 1.04 1.04 1.04 2
20141106 1.05 1.05 1.05 1.05 135
20141107 1.08 1.06 1.08 1.06 91
20141110 0.96 1.05 1.06 0.96 206
20141111 1.01 1.05 1.05 1.01 72
20141112 1.01 1.03 1.03 1.01 237
20141113 1.04 1.04 1.04 1.04 139
20141114 1.03 1.03 1.03 1.02 61
20141118 1.02 1.02 1.02 1.02 139
20141119 1.02 1.03 1.03 1.02 28
20141120 1.03 1.03 1.03 1.03 3
20141121 1.03 1.03 1.03 1.02 194
20141124 1.02 1.01 1.05 1.01 678
20141125 1.00 1.01 1.04 1.00 510
20141126 0.95 1.11 1.11 0.95 3282
20141127 1.23 1.12 1.23 1.03 3385
20141128 1.13 1.05 1.17 1.01 2342
20141201 1.07 1.07 1.10 1.02 2066
20141202 1.05 1.04 1.05 1.03 1029
20141203 1.03 1.10 1.10 0.96 3942
20141204 1.13 1.13 1.13 1.04 4519
20141205 1.06 1.10 1.12 1.06 4401
20141208 1.06 1.08 1.09 1.03 7172
20141209 1.02 0.98 1.04 0.98 9294
20141210 0.95 0.92 0.95 0.92 5759
20141211 0.92 1.00 1.01 0.88 15606
20141212 0.99 0.98 0.99 0.92 5845
20141215 0.98 0.97 0.99 0.96 3994
20141216 0.96 0.97 0.98 0.94 4293
20141217 0.98 0.96 0.98 0.95 3014
20141218 0.94 0.96 0.97 0.94 931
20141219 0.95 0.95 0.96 0.94 2414
20141222 0.96 0.92 0.96 0.91 1645
20141223 0.95 0.94 0.95 0.93 1515
20141224 0.93 0.96 0.97 0.93 2181
20141225 0.97 0.96 0.97 0.95 1396
20141226 0.95 0.96 0.96 0.95 2590
20141229 0.95 0.98 0.98 0.95 1799
20141230 0.95 0.98 0.98 0.95 413
20141231 0.98 0.98 0.98 0.96 488
20150105 0.97 0.98 0.98 0.97 1476
20150107 0.95 0.92 0.95 0.91 2722
20150108 0.90 0.90 0.91 0.90 1090
20150109 0.90 0.89 0.90 0.88 5861
20150112 0.88 0.88 0.89 0.88 7211
20150113 0.88 0.89 0.89 0.88 9058
20150114 0.88 0.90 0.90 0.88 3173
20150115 0.89 0.91 0.91 0.89 6277
20150116 0.91 0.92 0.92 0.91 2155
20150119 0.92 0.92 0.92 0.91 1181
20150120 0.92 0.93 0.93 0.91 2511
20150121 0.92 0.95 0.95 0.91 3103
20150122 0.94 0.95 0.98 0.94 3112
20150123 0.97 0.98 1.00 0.93 3020
20150126 0.97 1.00 1.00 0.94 5447
20150127 1.00 1.01 1.02 0.96 2882
20150128 1.01 1.02 1.09 0.99 4710
20150129 1.02 0.99 1.09 0.99 3596
20150130 0.98 0.98 0.98 0.98 150
20150202 0.98 0.97 0.98 0.95 23
20150203 0.97 0.97 1.00 0.95 4196
20150204 0.99 0.99 0.99 0.96 71
20150205 0.96 0.96 0.99 0.96 592
20150206 0.99 1.00 1.06 0.96 5670
20150209 1.00 0.99 1.00 0.98 13
20150210 0.97 0.92 1.00 0.90 1328
20150211 0.95 0.96 1.00 0.95 3198
20150212 0.97 0.97 0.99 0.96 285
20150213 0.96 0.97 0.99 0.96 116
20150216 0.99 0.98 0.99 0.97 979
20150217 0.99 0.98 0.99 0.98 567
20150225 0.97 0.99 1.00 0.97 3826
20150226 1.00 0.95 1.00 0.93 173
20150227 0.98 0.99 0.99 0.98 967
20150302 0.99 0.99 1.00 0.96 762
20150303 0.98 0.98 0.99 0.93 3453
20150304 0.96 1.00 1.00 0.96 2191
20150305 1.00 1.00 1.00 0.98 1424
20150306 0.97 0.99 1.00 0.97 1486
20150309 0.99 0.99 0.99 0.99 81
20150310 1.00 0.99 1.00 0.98 3368
20150311 1.00 0.99 1.00 0.99 177
20150312 0.99 0.98 0.99 0.98 37
20150313 1.00 1.00 1.00 0.99 1286
20150316 0.98 1.00 1.00 0.92 3741
20150317 0.98 1.00 1.00 0.98 319
20150318 1.00 1.00 1.00 0.99 205
20150319 1.00 1.00 1.02 0.99 3367
20150320 0.99 1.00 1.00 0.99 831
20150323 0.99 0.99 0.99 0.96 3391
20150324 0.99 0.99 0.99 0.97 562
20150325 0.99 0.99 1.00 0.97 881
20150326 0.99 0.98 0.99 0.97 1279
20150327 0.97 0.99 0.99 0.97 5870
20150330 0.99 0.99 1.00 0.98 740
20150331 0.97 0.97 0.98 0.94 1707
20150401 0.95 0.95 0.96 0.95 2903
20150402 0.95 0.96 0.96 0.94 5651
20150403 0.95 0.96 0.96 0.94 4348
20150407 0.96 0.95 0.96 0.95 2995
20150408 0.95 0.94 0.95 0.94 3186
20150410 0.93 0.93 0.94 0.92 3977
20150413 0.92 0.91 0.92 0.90 61262
20150414 0.91 0.91 0.92 0.88 50367
20150415 0.91 0.91 0.91 0.90 100783
20150416 0.91 0.91 0.92 0.91 87094
20150417 0.92 0.92 0.92 0.91 71151
20150420 0.92 0.92 0.93 0.92 49310
20150421 0.93 0.92 0.93 0.92 32219
20150422 0.92 0.92 0.93 0.92 35677
20150423 0.92 0.92 0.92 0.92 19131
20150424 0.92 0.92 0.93 0.92 49050
20150427 0.93 0.92 0.93 0.92 30487
20150428 0.92 0.92 0.92 0.91 11968
20150429 0.92 0.92 0.92 0.91 26185
20150430 0.92 0.92 0.92 0.91 11550
20150504 0.92 0.92 0.92 0.92 11692
20150505 0.92 0.91 0.92 0.91 5824
20150506 0.92 0.91 0.92 0.91 7545
20150507 0.91 0.91 0.91 0.91 5204
20150508 0.91 0.91 0.92 0.91 4079
20150511 0.91 0.92 0.92 0.91 13247
20150512 0.91 0.92 0.92 0.91 9876
20150513 0.92 0.92 0.92 0.91 34072
20150514 0.92 0.95 0.95 0.92 24639
20150515 0.93 0.94 0.96 0.93 10058
20150518 0.95 0.94 0.95 0.93 27648
20150519 0.94 0.94 0.95 0.94 37817
20150520 0.94 0.95 0.95 0.94 13945
20150521 0.95 0.85 0.96 0.85 12302
20150522 0.94 0.94 0.94 0.94 5583
20150525 0.97 0.94 0.97 0.91 12673
20150526 0.93 0.92 0.93 0.90 6077
20150527 0.90 0.89 0.90 0.89 15631
20150528 0.86 0.88 0.89 0.83 44131
20150529 0.86 0.85 0.88 0.84 20097
20150601 0.84 0.85 0.87 0.84 33824
20150602 0.85 0.87 0.88 0.84 27997
20150603 0.86 0.88 0.89 0.86 19431
20150604 0.89 0.88 0.89 0.87 15123
20150605 0.88 0.91 0.92 0.88 19815
20150608 0.91 0.90 0.91 0.89 14964
20150609 0.90 0.91 0.91 0.90 16759
20150610 0.91 0.90 0.92 0.90 19776
20150611 0.91 0.91 0.91 0.88 5690
20150612 0.90 0.90 0.91 0.89 6746
20150615 0.90 0.88 0.90 0.88 3205
20150616 0.86 0.89 0.89 0.86 3663
20150617 0.89 0.87 0.89 0.87 4404
20150618 0.88 0.89 0.91 0.88 3588
20150619 0.89 0.89 0.90 0.86 3736
20150623 0.89 0.89 0.90 0.87 4920
20150624 0.88 0.90 0.90 0.88 7958
20150625 0.88 0.89 0.90 0.86 2453
20150626 0.89 0.89 0.89 0.88 518
20150629 0.87 0.89 0.89 0.87 185
20150630 0.89 0.88 0.89 0.86 1660
20150701 0.87 0.88 0.88 0.87 2386
20150702 0.88 0.88 0.89 0.86 518
20150703 0.89 0.97 0.97 0.84 4242
20150706 0.92 0.90 0.92 0.88 5460
20150707 0.87 0.90 0.92 0.85 5945
20150708 0.90 0.87 0.90 0.81 1747
20150709 0.86 0.89 0.89 0.83 1575
20150710 0.89 0.88 0.89 0.86 454
20150713 0.88 0.89 0.89 0.86 3472
20150714 0.89 0.89 0.89 0.87 3103
20150715 0.89 0.92 0.93 0.87 16851
20150716 0.89 0.90 0.91 0.89 6452
20150717 0.90 0.92 0.92 0.90 16104
20150720 0.91 0.90 0.92 0.90 8032
20150721 0.90 0.92 0.92 0.90 6467
20150722 0.92 0.92 0.92 0.91 9618
20150723 0.92 0.92 0.93 0.91 4918
20150724 0.92 0.91 0.92 0.90 3709
20150727 0.91 0.91 0.92 0.89 9624
20150728 0.90 0.91 0.91 0.89 3777
20150729 0.91 0.91 0.92 0.89 3503
20150730 0.91 0.92 0.92 0.91 3783
