20140102 1.72 1.75 1.76 1.72 6278
20140103 1.76 1.74 1.78 1.74 4758
20140106 1.71 1.70 1.74 1.70 4024
20140107 1.69 1.70 1.72 1.65 2051
20140108 1.71 1.74 1.74 1.71 4441
20140109 1.74 1.70 1.74 1.70 3236
20140110 1.69 1.68 1.69 1.66 8335
20140113 1.69 1.67 1.70 1.67 461
20140114 1.68 1.71 1.71 1.68 1674
20140115 1.73 1.74 1.74 1.72 4555
20140116 1.74 1.75 1.76 1.73 3944
20140117 1.75 1.74 1.75 1.74 1612
20140120 1.75 1.74 1.75 1.73 2139
20140121 1.67 1.76 1.76 1.67 3254
20140122 1.78 1.84 1.85 1.78 6788
20140123 1.84 1.90 1.90 1.84 6701
20140124 1.90 1.93 1.93 1.87 6329
20140127 1.93 1.92 1.94 1.89 5949
20140128 1.92 1.92 1.95 1.89 5580
20140129 1.90 2.07 2.10 1.90 13125
20140130 2.02 2.07 2.10 2.01 4990
20140207 2.04 2.16 2.17 2.04 7631
20140210 2.15 2.25 2.27 2.15 10204
20140211 2.25 2.16 2.27 2.08 10675
20140212 2.14 2.13 2.17 2.07 9040
20140213 2.10 2.02 2.10 1.97 8223
20140214 1.97 2.05 2.05 1.97 5237
20140217 2.07 2.17 2.17 2.07 10282
20140218 2.18 2.16 2.19 2.14 11713
20140219 2.16 2.17 2.20 2.14 6122
20140220 2.17 2.11 2.17 2.10 5837
20140221 2.08 2.07 2.14 2.03 6261
20140224 2.05 2.09 2.10 2.02 3797
20140225 2.09 2.02 2.17 2.02 8605
20140226 2.00 2.03 2.04 1.97 5537
20140227 2.03 1.99 2.08 1.97 6630
20140228 1.99 2.03 2.03 1.93 8713
20140303 2.03 2.03 2.04 2.00 2971
20140304 2.03 1.99 2.03 1.97 4330
20140305 2.00 1.95 2.01 1.95 4627
20140306 1.95 1.98 1.98 1.92 3841
20140307 1.98 1.97 2.00 1.96 3626
20140310 1.96 1.88 1.96 1.88 5378
20140311 1.88 1.89 1.91 1.85 1932
20140312 1.90 1.88 1.90 1.87 2769
20140313 1.85 1.92 1.92 1.85 2829
20140314 1.92 1.94 1.96 1.92 6220
20140317 1.96 2.05 2.11 1.96 12196
20140318 2.10 2.09 2.13 2.05 6640
20140319 2.07 2.08 2.08 2.04 6007
20140320 2.08 2.04 2.10 2.03 5326
20140321 2.01 2.10 2.12 1.96 10584
20140324 2.07 2.04 2.10 2.02 7715
20140325 2.00 2.03 2.05 2.00 3155
20140326 2.03 2.06 2.06 2.03 2727
20140327 2.04 1.96 2.04 1.96 8553
20140328 1.96 1.89 1.96 1.87 6259
20140331 1.80 1.84 1.89 1.80 4579
20140401 1.86 1.87 1.88 1.84 2519
20140402 1.87 1.85 1.88 1.83 3327
20140403 1.82 1.82 1.84 1.82 2175
20140404 1.82 1.83 1.83 1.80 1384
20140408 1.83 1.86 1.86 1.82 2211
20140409 1.86 1.89 1.90 1.86 3201
20140410 1.90 1.91 1.92 1.89 2763
20140411 1.89 1.91 1.91 1.86 1911
20140414 1.93 1.91 1.93 1.90 1755
20140415 1.91 1.89 1.92 1.88 970
20140416 1.89 1.88 1.91 1.87 831
20140417 1.86 1.90 1.91 1.86 3867
20140418 1.90 1.90 1.90 1.88 898
20140421 1.89 1.87 1.90 1.86 2683
20140422 1.87 1.84 1.87 1.80 1820
20140423 1.82 1.81 1.84 1.81 492
20140424 1.82 1.80 1.82 1.79 1743
20140425 1.80 1.74 1.80 1.74 2821
20140428 1.72 1.67 1.72 1.67 2004
20140429 1.63 1.71 1.71 1.63 1443
20140430 1.72 1.70 1.74 1.70 431
20140505 1.69 1.70 1.72 1.67 653
20140506 1.72 1.73 1.74 1.70 1144
20140507 1.69 1.70 1.72 1.69 1241
20140508 1.71 1.69 1.73 1.68 1366
20140509 1.68 1.65 1.68 1.65 2399
20140512 1.66 1.72 1.72 1.66 1766
20140513 1.72 1.70 1.73 1.70 1461
20140514 1.72 1.71 1.72 1.66 613
20140515 1.69 1.67 1.72 1.66 716
20140516 1.66 1.68 1.68 1.66 1106
20140519 1.65 1.65 1.68 1.63 1072
20140520 1.69 1.69 1.78 1.69 2161
20140521 1.66 1.71 1.72 1.65 1194
20140522 1.71 1.72 1.73 1.71 2060
20140523 1.72 1.72 1.72 1.70 1602
20140526 1.71 1.72 1.73 1.71 778
20140527 1.71 1.73 1.73 1.71 1771
20140528 1.73 1.76 1.76 1.73 5258
20140529 1.76 1.75 1.77 1.75 2141
20140530 1.74 1.74 1.74 1.72 946
20140603 1.75 1.73 1.75 1.71 1079
20140604 1.71 1.74 1.74 1.71 3848
20140605 1.74 1.79 1.79 1.74 4209
20140606 1.79 1.79 1.80 1.77 1962
20140609 1.79 1.78 1.82 1.78 824
20140610 1.82 1.82 1.82 1.76 1267
20140611 1.79 1.81 1.81 1.78 1197
20140612 1.81 1.82 1.84 1.81 1500
20140613 1.79 1.85 1.85 1.79 2202
20140616 1.78 1.83 1.85 1.78 1261
20140617 1.85 1.82 1.85 1.81 1980
20140618 1.83 1.82 1.83 1.81 235
20140619 1.81 1.75 1.81 1.74 1263
20140620 1.75 1.75 1.75 1.75 477
20140623 1.78 1.81 1.85 1.78 1098
20140624 1.84 1.85 1.85 1.81 2046
20140625 1.85 1.85 1.85 1.82 1443
20140626 1.85 1.90 1.91 1.85 5611
20140627 1.90 1.95 1.96 1.90 3899
20140630 1.95 1.96 1.97 1.92 2847
20140701 1.97 1.97 1.97 1.95 3328
20140702 2.00 1.98 2.00 1.95 1810
20140703 1.98 2.00 2.00 1.98 4755
20140704 1.98 1.99 2.00 1.97 2210
20140707 1.99 1.97 1.99 1.95 2932
20140708 1.97 2.01 2.01 1.95 2200
20140709 2.02 1.99 2.02 1.98 3407
20140710 1.99 1.99 1.99 1.96 1278
20140711 1.99 1.98 2.00 1.98 1845
20140714 1.95 2.02 2.02 1.95 3045
20140715 1.97 1.97 2.02 1.96 1694
20140716 1.97 1.96 1.99 1.94 1544
20140717 1.94 1.90 1.98 1.88 2905
20140718 1.89 1.93 1.94 1.89 3841
20140721 1.93 1.92 1.93 1.89 2988
20140722 1.91 1.95 1.96 1.91 1883
20140723 1.97 1.94 1.97 1.91 3256
20140724 1.94 1.93 1.94 1.93 2732
20140725 1.93 1.95 1.96 1.93 3136
20140728 2.00 2.01 2.01 1.96 4828
20140729 2.01 2.03 2.04 1.99 3286
20140730 2.00 2.04 2.04 2.00 7359
20140731 2.04 2.03 2.04 2.02 3417
20140801 2.03 2.01 2.04 2.00 3923
20140804 2.00 2.04 2.04 2.00 5311
20140805 2.05 2.14 2.14 2.04 11570
20140806 2.12 2.13 2.14 2.10 6289
20140807 2.10 2.07 2.13 2.06 4197
20140808 2.05 2.09 2.09 2.05 1966
20140811 2.09 2.12 2.12 2.09 2119
20140812 2.13 2.13 2.13 2.11 2250
20140813 2.13 2.12 2.13 2.08 7543
20140814 2.12 2.12 2.14 2.12 2351
20140815 2.12 2.15 2.16 2.12 3386
20140818 2.15 2.21 2.23 2.15 5661
20140819 2.25 2.23 2.25 2.19 8837
20140820 2.23 2.23 2.24 2.22 7932
20140821 2.24 2.26 2.26 2.19 10766
20140822 2.27 2.37 2.39 2.27 11457
20140825 2.36 2.35 2.36 2.30 7272
20140827 1.15 1.20 1.21 1.13 17837
20140828 1.18 1.24 1.32 1.18 19793
20140829 1.20 1.32 1.33 1.20 29779
20140901 1.32 1.40 1.42 1.30 23683
20140902 1.37 1.46 1.50 1.37 30680
20140903 1.31 1.38 1.45 1.31 58095
20140904 1.25 1.29 1.34 1.25 176066
20140905 1.28 1.25 1.28 1.24 134260
20140909 1.25 1.25 1.27 1.24 95999
20140910 1.26 1.26 1.26 1.24 111018
20140911 1.26 1.27 1.29 1.26 108031
20140912 1.26 1.28 1.28 1.25 53154
20140915 1.27 1.27 1.28 1.26 60353
20140916 1.28 1.22 1.28 1.22 69455
20140917 1.22 1.22 1.22 1.20 38762
20140918 1.21 1.24 1.25 1.21 38932
20140919 1.24 1.26 1.26 1.24 43815
20140922 1.25 1.23 1.26 1.23 33540
20140923 1.23 1.25 1.26 1.23 32854
20140924 1.26 1.28 1.28 1.24 56845
20140925 1.28 1.28 1.30 1.27 59690
20140926 1.27 1.28 1.28 1.26 38186
20140929 1.28 1.29 1.29 1.28 36991
20140930 1.29 1.31 1.31 1.28 38289
20141008 1.32 1.33 1.33 1.30 32493
20141009 1.33 1.34 1.35 1.32 46442
20141010 1.33 1.33 1.34 1.32 31570
20141013 1.32 1.31 1.32 1.29 25335
20141014 1.31 1.30 1.33 1.29 20829
20141015 1.32 1.36 1.36 1.30 59442
20141016 1.35 1.34 1.38 1.34 36634
20141017 1.33 1.31 1.34 1.30 34367
20141020 1.30 1.32 1.33 1.29 18857
20141021 1.32 1.31 1.33 1.30 16990
20141022 1.31 1.28 1.32 1.28 23547
20141023 1.27 1.25 1.29 1.24 23776
20141024 1.25 1.23 1.25 1.22 22012
20141027 1.23 1.25 1.25 1.21 14393
20141028 1.25 1.30 1.31 1.25 27194
20141029 1.30 1.32 1.34 1.30 35412
20141030 1.31 1.33 1.34 1.31 32389
20141031 1.32 1.33 1.33 1.30 57783
20141103 1.32 1.33 1.34 1.32 46431
20141104 1.33 1.32 1.34 1.32 27089
20141105 1.32 1.31 1.32 1.30 19447
20141106 1.31 1.34 1.34 1.30 33451
20141107 1.34 1.33 1.35 1.32 49904
20141110 1.33 1.32 1.33 1.31 26651
20141111 1.33 1.26 1.33 1.25 54342
20141112 1.26 1.29 1.29 1.26 26579
20141113 1.29 1.26 1.30 1.26 24274
20141114 1.26 1.27 1.28 1.25 10775
20141117 1.28 1.28 1.30 1.27 25356
20141118 1.29 1.29 1.29 1.27 36614
20141119 1.29 1.32 1.32 1.28 31779
20141120 1.31 1.29 1.31 1.29 15265
20141121 1.29 1.31 1.32 1.29 20545
20141124 1.33 1.34 1.35 1.31 47855
20141125 1.34 1.37 1.37 1.34 37695
20141126 1.37 1.37 1.39 1.36 78030
20141127 1.38 1.38 1.38 1.36 58856
20141128 1.38 1.52 1.52 1.37 145583
20141201 1.45 1.45 1.51 1.45 89211
20141202 1.44 1.48 1.50 1.38 71865
20141203 1.48 1.59 1.61 1.46 167290
20141204 1.59 1.75 1.75 1.56 152504
20141205 1.76 1.79 1.89 1.58 194315
20141208 1.66 1.66 1.74 1.64 137608
20141209 1.56 1.49 1.61 1.49 86188
20141210 1.39 1.50 1.52 1.35 95810
20141211 1.49 1.42 1.49 1.40 38258
20141212 1.43 1.46 1.48 1.42 49917
20141215 1.44 1.48 1.48 1.42 31594
20141216 1.48 1.48 1.51 1.45 55937
20141217 1.48 1.47 1.48 1.42 36005
20141218 1.45 1.44 1.46 1.44 27855
20141219 1.44 1.38 1.44 1.36 36018
20141222 1.38 1.34 1.38 1.27 41907
20141223 1.32 1.29 1.34 1.28 25925
20141224 1.30 1.31 1.31 1.29 28877
20141225 1.30 1.31 1.32 1.30 43579
20141226 1.31 1.33 1.33 1.31 27139
20141229 1.33 1.32 1.34 1.30 51600
20141230 1.32 1.30 1.33 1.29 14497
20141231 1.30 1.32 1.32 1.30 20027
20150105 1.32 1.44 1.45 1.30 78568
20150106 1.40 1.48 1.50 1.38 48124
20150107 1.46 1.45 1.47 1.41 20177
20150108 1.44 1.41 1.44 1.41 14603
20150109 1.41 1.39 1.42 1.38 16467
20150112 1.38 1.35 1.38 1.33 10825
20150113 1.32 1.35 1.36 1.32 10469
20150114 1.34 1.34 1.36 1.33 6227
20150115 1.34 1.36 1.36 1.33 9623
20150116 1.36 1.40 1.40 1.36 16642
20150119 1.36 1.31 1.36 1.30 29673
20150120 1.32 1.35 1.35 1.31 15169
20150121 1.35 1.39 1.39 1.35 74503
20150122 1.39 1.41 1.41 1.38 24383
20150123 1.42 1.40 1.43 1.40 20710
20150126 1.40 1.44 1.44 1.39 36184
20150127 1.45 1.46 1.47 1.42 31180
20150128 1.43 1.45 1.46 1.43 19479
20150129 1.45 1.44 1.45 1.42 12358
20150130 1.45 1.43 1.45 1.42 9811
20150202 1.35 1.40 1.42 1.35 27121
20150203 1.41 1.46 1.47 1.40 34919
20150204 1.46 1.45 1.46 1.44 12343
20150205 1.46 1.45 1.47 1.45 13664
20150206 1.44 1.40 1.45 1.39 9031
20150209 1.39 1.39 1.41 1.38 14210
20150210 1.37 1.41 1.41 1.36 12334
20150211 1.41 1.42 1.42 1.40 10901
20150212 1.42 1.43 1.44 1.41 9660
20150213 1.45 1.47 1.48 1.45 26349
20150216 1.48 1.54 1.54 1.48 31718
20150217 1.55 1.55 1.57 1.50 25404
20150225 1.53 1.53 1.55 1.52 16914
20150226 1.53 1.56 1.56 1.52 24890
20150227 1.56 1.58 1.58 1.55 20787
20150302 1.58 1.61 1.61 1.57 14508
20150303 1.61 1.58 1.61 1.53 10899
20150304 1.58 1.61 1.61 1.58 16249
20150305 1.61 1.62 1.62 1.61 19888
20150306 1.64 1.63 1.66 1.62 10821
20150309 1.64 1.68 1.69 1.61 19992
20150310 1.69 1.74 1.77 1.68 17376
20150311 1.74 1.75 1.76 1.74 17356
20150312 1.75 1.76 1.78 1.75 13333
20150313 1.76 1.77 1.77 1.76 18138
20150316 1.78 1.88 1.88 1.77 18833
20150317 1.88 1.91 1.92 1.87 14891
20150318 1.91 1.96 1.98 1.91 17434
20150319 1.96 1.97 2.00 1.96 10173
20150320 1.97 1.97 1.99 1.90 21897
20150323 1.98 2.05 2.05 1.98 34872
20150324 2.06 2.09 2.10 1.97 59010
20150325 2.05 2.07 2.08 1.97 30032
20150326 2.07 2.07 2.09 2.03 25515
20150327 2.03 2.06 2.06 2.01 25348
