20140102 0.70 0.69 0.70 0.69 1355675
20140103 0.69 0.68 0.69 0.68 709975
20140106 0.67 0.66 0.67 0.65 913830
20140107 0.65 0.66 0.66 0.65 433815
20140108 0.66 0.66 0.67 0.65 990422
20140109 0.66 0.66 0.67 0.65 706961
20140110 0.65 0.65 0.66 0.65 729302
20140113 0.65 0.64 0.65 0.63 883521
20140114 0.64 0.65 0.65 0.63 552518
20140115 0.65 0.65 0.65 0.64 594581
20140116 0.65 0.65 0.66 0.65 579320
20140117 0.65 0.64 0.65 0.64 747089
20140120 0.64 0.64 0.64 0.64 387585
20140121 0.64 0.65 0.65 0.64 471060
20140122 0.65 0.67 0.67 0.65 1021673
20140123 0.67 0.67 0.67 0.66 692484
20140124 0.66 0.67 0.68 0.66 778792
20140127 0.67 0.66 0.67 0.66 525692
20140128 0.66 0.66 0.67 0.65 536506
20140129 0.67 0.67 0.67 0.66 360927
20140130 0.66 0.65 0.66 0.65 332564
20140207 0.65 0.65 0.65 0.64 618977
20140210 0.66 0.67 0.68 0.66 953239
20140211 0.68 0.68 0.69 0.67 1025069
20140212 0.68 0.68 0.68 0.67 685847
20140217 0.69 0.69 0.69 0.68 926443
20140218 0.69 0.68 0.69 0.67 779985
20140219 0.68 0.68 0.69 0.67 807719
20140220 0.68 0.68 0.69 0.67 809231
20140221 0.67 0.67 0.68 0.66 664349
20140224 0.66 0.64 0.66 0.64 889956
20140225 0.64 0.62 0.64 0.62 984889
20140226 0.61 0.61 0.62 0.60 1128285
20140227 0.61 0.60 0.62 0.60 720096
20140228 0.60 0.61 0.62 0.60 999734
20140303 0.61 0.61 0.62 0.61 634578
20140304 0.61 0.61 0.61 0.60 463476
20140305 0.61 0.60 0.61 0.60 455333
20140306 0.60 0.61 0.61 0.60 741786
20140307 0.61 0.61 0.61 0.60 461346
20140310 0.60 0.58 0.60 0.57 871876
20140311 0.57 0.58 0.58 0.57 710094
20140312 0.57 0.58 0.58 0.57 680572
20140313 0.58 0.58 0.59 0.58 751626
20140314 0.58 0.57 0.58 0.57 637238
20140317 0.58 0.59 0.59 0.57 623749
20140318 0.59 0.58 0.59 0.58 494927
20140319 0.58 0.57 0.58 0.57 656222
20140320 0.57 0.56 0.58 0.56 731726
20140321 0.55 0.59 0.59 0.55 1434604
20140324 0.58 0.58 0.59 0.57 1061313
20140325 0.58 0.58 0.58 0.58 711846
20140326 0.58 0.58 0.58 0.57 532298
20140327 0.57 0.57 0.58 0.57 691409
20140328 0.57 0.57 0.57 0.56 702128
20140331 0.57 0.57 0.57 0.56 412857
20140401 0.57 0.58 0.58 0.57 564686
20140402 0.58 0.58 0.58 0.57 662825
20140403 0.58 0.58 0.58 0.57 665408
20140404 0.57 0.58 0.58 0.57 534662
20140408 0.58 0.61 0.61 0.58 1326429
20140409 0.61 0.61 0.61 0.60 866168
20140410 0.61 0.62 0.63 0.60 1053689
20140411 0.61 0.61 0.62 0.61 875971
20140414 0.61 0.61 0.61 0.61 621257
20140415 0.61 0.60 0.61 0.60 829470
20140416 0.60 0.60 0.60 0.59 679120
20140417 0.60 0.60 0.60 0.60 631601
20140418 0.60 0.59 0.60 0.59 671877
20140421 0.59 0.58 0.59 0.58 682431
20140422 0.58 0.58 0.58 0.57 669281
20140423 0.58 0.58 0.58 0.57 457130
20140424 0.58 0.58 0.59 0.58 527062
20140425 0.58 0.57 0.58 0.57 478818
20140428 0.57 0.55 0.57 0.55 807474
20140429 0.55 0.56 0.57 0.55 561044
20140430 0.56 0.56 0.56 0.56 320607
20140505 0.56 0.56 0.56 0.55 682196
20140506 0.56 0.56 0.57 0.56 935963
20140507 0.56 0.55 0.56 0.55 711015
20140508 0.55 0.55 0.57 0.55 785085
20140509 0.55 0.55 0.55 0.55 640106
20140512 0.56 0.57 0.57 0.55 1341709
20140513 0.57 0.57 0.57 0.56 617898
20140514 0.57 0.57 0.57 0.56 833385
20140515 0.57 0.55 0.57 0.55 558758
20140516 0.55 0.56 0.56 0.55 507687
20140519 0.55 0.55 0.55 0.54 1142432
20140520 0.56 0.55 0.56 0.55 525162
20140521 0.55 0.56 0.56 0.54 732289
20140522 0.56 0.56 0.57 0.56 778873
20140523 0.56 0.57 0.57 0.56 619068
20140526 0.57 0.57 0.58 0.57 563815
20140527 0.57 0.57 0.57 0.57 508074
20140528 0.57 0.58 0.58 0.57 930454
20140529 0.58 0.57 0.58 0.57 640236
20140530 0.57 0.57 0.58 0.57 498485
20140603 0.57 0.57 0.58 0.57 336802
20140604 0.57 0.56 0.57 0.56 624596
20140605 0.56 0.57 0.57 0.56 580851
20140606 0.57 0.57 0.57 0.56 693100
20140609 0.56 0.57 0.57 0.56 391926
20140610 0.57 0.58 0.58 0.57 809646
20140611 0.58 0.58 0.58 0.58 667913
20140612 0.58 0.58 0.58 0.58 259940
20140613 0.58 0.59 0.60 0.58 1034972
20140616 0.59 0.60 0.60 0.59 599409
20140617 0.60 0.59 0.60 0.59 459063
20140618 0.59 0.58 0.59 0.58 522634
20140619 0.58 0.57 0.59 0.57 779752
20140620 0.57 0.57 0.57 0.57 578133
20140623 0.57 0.58 0.58 0.57 626193
20140624 0.58 0.58 0.58 0.58 477022
20140625 0.58 0.58 0.58 0.57 361943
20140626 0.58 0.59 0.59 0.58 513474
20140627 0.58 0.59 0.59 0.58 523864
20140630 0.59 0.59 0.60 0.59 537364
20140701 0.59 0.59 0.60 0.59 576359
20140702 0.59 0.60 0.60 0.59 548272
20140703 0.60 0.60 0.61 0.60 486233
20140704 0.60 0.60 0.60 0.60 264646
20140707 0.60 0.60 0.60 0.60 339260
20140708 0.60 0.60 0.60 0.59 372563
20140709 0.60 0.59 0.60 0.59 630280
20140710 0.59 0.58 0.59 0.58 460404
20140711 0.58 0.59 0.59 0.58 617908
20140714 0.59 0.59 0.60 0.58 537889
20140715 0.59 0.59 0.60 0.59 504167
20140716 0.59 0.59 0.60 0.59 733817
20140717 0.59 0.58 0.59 0.58 613634
20140718 0.58 0.58 0.59 0.58 773034
20140721 0.58 0.58 0.59 0.58 438276
20140722 0.58 0.60 0.60 0.58 1336311
20140723 0.60 0.60 0.60 0.59 721053
20140724 0.60 0.61 0.61 0.60 1284063
20140725 0.61 0.62 0.62 0.61 754437
20140728 0.63 0.67 0.68 0.62 2853647
20140729 0.67 0.68 0.69 0.66 1633821
20140730 0.67 0.68 0.69 0.67 1680740
20140731 0.68 0.71 0.71 0.68 1393478
20140801 0.71 0.70 0.73 0.69 2463264
20140804 0.70 0.73 0.73 0.70 1795220
20140805 0.74 0.75 0.75 0.73 2758666
20140806 0.74 0.73 0.74 0.72 2148833
20140807 0.73 0.70 0.74 0.70 2008398
20140808 0.70 0.70 0.71 0.69 2098498
20140811 0.71 0.72 0.73 0.70 2064203
20140812 0.72 0.71 0.72 0.71 1048701
20140815 0.70 0.71 0.72 0.69 1995339
20140818 0.71 0.72 0.72 0.71 1195028
20140819 0.72 0.72 0.72 0.71 1229030
20140820 0.72 0.72 0.72 0.71 929035
20140821 0.72 0.71 0.72 0.70 979120
20140822 0.71 0.73 0.73 0.71 1285511
20140825 0.72 0.71 0.73 0.71 1130505
20140826 0.71 0.71 0.72 0.70 1208059
20140827 0.70 0.71 0.72 0.70 1031166
20140828 0.71 0.70 0.72 0.70 596216
20140829 0.71 0.72 0.72 0.70 531595
20140901 0.72 0.72 0.72 0.72 969861
20140902 0.72 0.74 0.75 0.72 1410082
20140903 0.75 0.75 0.76 0.74 1274064
20140904 0.75 0.76 0.76 0.75 997110
20140905 0.76 0.77 0.77 0.76 1028578
20140909 0.77 0.76 0.77 0.76 874739
20140910 0.76 0.75 0.76 0.75 900290
20140911 0.75 0.75 0.78 0.75 1549255
20140912 0.75 0.76 0.76 0.75 1016283
20140915 0.75 0.75 0.76 0.75 978238
20140916 0.76 0.72 0.76 0.72 1461758
20140917 0.72 0.73 0.73 0.72 1098281
20140918 0.72 0.73 0.74 0.72 1056758
20140919 0.73 0.73 0.74 0.73 1241294
20140922 0.73 0.71 0.73 0.71 1003752
20140923 0.71 0.72 0.72 0.71 818949
20140924 0.71 0.74 0.75 0.71 1359245
20140925 0.75 0.74 0.75 0.73 1144326
20140926 0.73 0.74 0.74 0.73 975568
20140929 0.74 0.75 0.75 0.74 1133797
20140930 0.75 0.75 0.75 0.74 882033
20141008 0.75 0.76 0.77 0.75 1099845
20141009 0.77 0.77 0.78 0.76 1494229
20141010 0.76 0.76 0.77 0.76 1060554
20141013 0.76 0.76 0.76 0.74 1105577
20141014 0.75 0.75 0.76 0.74 678606
20141015 0.75 0.75 0.76 0.74 643199
20141016 0.75 0.75 0.76 0.74 1349790
20141017 0.75 0.75 0.75 0.73 832202
20141020 0.75 0.76 0.76 0.75 801027
20141021 0.76 0.75 0.76 0.75 531829
20141022 0.75 0.74 0.75 0.74 554051
20141023 0.74 0.73 0.74 0.73 638573
20141024 0.73 0.73 0.73 0.72 579513
20141027 0.72 0.72 0.72 0.71 655155
20141028 0.72 0.74 0.74 0.72 690976
20141029 0.74 0.75 0.76 0.74 1166736
20141030 0.75 0.75 0.76 0.73 1068609
20141031 0.75 0.77 0.77 0.75 1525025
20141103 0.77 0.77 0.78 0.77 979342
20141104 0.77 0.77 0.77 0.76 566648
20141105 0.77 0.76 0.77 0.76 431111
20141106 0.77 0.77 0.77 0.76 621327
20141107 0.77 0.77 0.79 0.76 1317722
20141110 0.77 0.80 0.80 0.77 1657258
20141111 0.80 0.79 0.82 0.78 2620235
20141112 0.78 0.80 0.80 0.78 920837
20141113 0.79 0.77 0.79 0.77 1511624
20141114 0.77 0.77 0.77 0.76 891634
20141117 0.77 0.78 0.78 0.77 943852
20141118 0.77 0.77 0.78 0.77 527768
20141119 0.77 0.77 0.78 0.77 543271
20141120 0.77 0.77 0.77 0.77 370330
20141121 0.77 0.81 0.81 0.77 1342336
20141124 0.82 0.86 0.88 0.82 3448486
20141125 0.86 0.89 0.89 0.85 1467746
20141126 0.89 0.90 0.91 0.89 1246416
20141127 0.90 0.91 0.91 0.90 1477394
20141128 0.91 0.94 0.94 0.90 2325758
20141201 0.95 0.93 0.98 0.93 3043725
20141202 0.93 0.98 1.01 0.92 2141527
20141203 1.00 1.04 1.07 1.00 3203066
20141204 1.04 1.14 1.14 1.04 3406614
20141205 1.19 1.11 1.22 1.04 5538237
20141208 1.08 1.17 1.18 1.06 4981973
20141209 1.14 1.08 1.23 1.07 5157071
20141210 1.08 1.14 1.15 1.06 2639714
20141211 1.12 1.11 1.16 1.11 2229547
20141212 1.12 1.13 1.14 1.12 1414983
20141215 1.12 1.13 1.13 1.10 2506414
20141216 1.13 1.15 1.15 1.12 2183832
20141217 1.15 1.15 1.16 1.12 1952267
20141218 1.15 1.13 1.15 1.13 1180048
20141219 1.12 1.11 1.13 1.07 1423390
20141222 1.11 1.09 1.13 1.09 2243555
20141223 1.08 1.08 1.11 1.06 1112477
20141224 1.08 1.04 1.08 1.01 3343776
20141225 1.04 1.09 1.09 1.04 1971245
20141226 1.09 1.15 1.16 1.09 2341031
20141229 1.17 1.15 1.20 1.13 1974708
20141230 1.14 1.15 1.17 1.13 1576272
20141231 1.15 1.19 1.20 1.14 1537902
20150105 1.21 1.30 1.31 1.21 2849649
20150106 1.29 1.31 1.32 1.26 2089641
20150107 1.30 1.30 1.32 1.28 1333106
20150108 1.30 1.26 1.30 1.25 1394218
20150109 1.26 1.25 1.31 1.25 1899791
20150112 1.24 1.24 1.25 1.21 1211448
20150113 1.23 1.25 1.26 1.23 741323
20150114 1.25 1.25 1.27 1.24 1341568
20150115 1.25 1.31 1.31 1.25 1250915
20150116 1.31 1.32 1.33 1.30 1107513
20150119 1.24 1.19 1.25 1.19 2508264
20150120 1.19 1.22 1.23 1.18 1725332
20150121 1.22 1.28 1.28 1.22 1475628
20150122 1.28 1.29 1.29 1.27 982114
20150123 1.29 1.29 1.31 1.28 1129027
20150126 1.28 1.32 1.32 1.28 1309416
20150127 1.32 1.30 1.32 1.26 1155235
20150128 1.29 1.27 1.30 1.26 1121963
20150129 1.24 1.25 1.26 1.24 966389
20150130 1.26 1.24 1.27 1.24 1215165
20150202 1.20 1.21 1.24 1.19 921731
20150203 1.23 1.25 1.26 1.22 992158
20150204 1.27 1.23 1.28 1.23 727206
20150205 1.29 1.23 1.29 1.23 1713899
20150206 1.23 1.19 1.23 1.18 1030268
20150209 1.19 1.20 1.22 1.18 701331
20150210 1.20 1.24 1.24 1.19 681468
20150211 1.25 1.27 1.28 1.24 633064
20150212 1.27 1.28 1.28 1.25 678401
20150217 1.33 1.36 1.37 1.33 1387086
20150225 1.36 1.33 1.36 1.33 881421
20150226 1.33 1.39 1.39 1.32 1031123
20150227 1.39 1.39 1.40 1.38 921860
20150302 1.42 1.42 1.43 1.39 1060296
20150303 1.41 1.36 1.41 1.36 1035609
20150304 1.37 1.39 1.39 1.36 952100
20150305 1.38 1.37 1.38 1.36 653109
20150306 1.37 1.35 1.38 1.35 602173
20150309 1.34 1.38 1.38 1.32 766151
20150310 1.37 1.38 1.39 1.36 674676
20150311 1.38 1.38 1.40 1.37 837509
20150312 1.38 1.40 1.40 1.38 681629
20150313 1.40 1.42 1.42 1.40 1047880
20150316 1.43 1.50 1.50 1.42 1452775
20150317 1.50 1.51 1.52 1.50 979306
20150318 1.52 1.58 1.59 1.51 1161228
20150319 1.58 1.57 1.58 1.54 1060929
20150320 1.57 1.60 1.62 1.56 1247411
20150323 1.62 1.66 1.66 1.61 1099126
20150324 1.65 1.66 1.67 1.60 1299436
20150325 1.65 1.62 1.66 1.61 1139751
20150326 1.61 1.61 1.65 1.59 781119
20150327 1.61 1.63 1.64 1.61 972792
20150330 1.63 1.71 1.71 1.63 1276678
20150331 1.74 1.68 1.79 1.60 1312164
20150401 1.68 1.74 1.76 1.68 998525
20150402 1.75 1.74 1.76 1.70 986268
20150403 1.74 1.77 1.77 1.72 1693911
20150407 1.78 1.81 1.81 1.78 1296874
20150408 1.82 1.79 1.82 1.76 1551581
20150409 1.78 1.75 1.79 1.71 1369093
20150410 1.74 1.82 1.82 1.73 1021371
20150413 1.83 1.83 1.86 1.80 1485752
20150414 1.82 1.81 1.84 1.80 986548
20150415 1.81 1.74 1.81 1.73 1129957
20150416 1.71 1.80 1.80 1.70 906245
20150417 1.82 1.82 1.83 1.81 1098023
20150420 1.82 1.76 1.82 1.76 1459515
20150421 1.76 1.86 1.86 1.76 1784390
20150422 1.87 1.98 1.98 1.87 1582740
20150423 1.98 2.04 2.08 1.96 2157425
20150424 2.00 2.03 2.06 1.99 1564042
20150427 2.04 2.05 2.09 2.01 1609319
20150428 2.05 1.98 2.06 1.96 1213687
20150429 1.96 2.01 2.02 1.94 830844
20150430 2.01 2.01 2.02 2.00 842327
20150504 2.00 2.01 2.02 1.97 763547
20150505 2.01 1.92 2.01 1.90 908459
20150506 1.93 1.90 1.98 1.87 902269
20150507 1.89 1.87 1.92 1.86 1099819
20150508 1.90 1.95 1.95 1.88 1341612
20150511 1.96 2.03 2.03 1.93 1884316
20150512 2.03 2.03 2.07 2.01 1669958
20150513 2.02 2.02 2.04 2.00 1156722
20150514 2.02 2.01 2.04 2.01 790759
20150515 2.01 1.99 2.01 1.95 1123544
20150518 1.97 2.00 2.02 1.96 1014381
20150519 2.00 2.11 2.11 1.99 1328383
20150520 2.11 2.13 2.21 2.11 1047649
20150521 2.14 2.25 2.25 2.14 1091595
20150522 2.27 2.31 2.31 2.23 953321
20150525 2.29 2.38 2.38 2.27 749687
20150526 2.39 2.45 2.46 2.36 871386
20150527 2.45 2.44 2.48 2.38 1057775
20150528 2.41 2.20 2.44 2.19 1286047
20150529 2.20 2.24 2.30 2.15 967611
20150601 2.24 2.40 2.40 2.23 761449
20150602 2.40 2.47 2.47 2.37 730017
20150603 2.47 2.44 2.47 2.38 733790
20150604 2.42 2.42 2.45 2.27 1030544
20150605 2.45 2.45 2.48 2.39 1127960
20150608 2.45 2.45 2.46 2.38 913139
20150609 2.44 2.43 2.46 2.40 812920
20150610 2.40 2.47 2.49 2.38 977303
20150611 2.46 2.51 2.51 2.45 861493
20150612 2.52 2.59 2.59 2.52 852577
20150615 2.59 2.52 2.60 2.50 810085
20150616 2.49 2.42 2.49 2.40 749636
20150617 2.40 2.48 2.50 2.33 803065
20150618 2.44 2.37 2.46 2.33 619602
20150619 2.31 2.19 2.35 2.19 870700
20150623 2.18 2.28 2.28 2.08 1303388
20150624 2.28 2.31 2.31 2.23 933201
20150625 2.32 2.20 2.33 2.18 614194
20150626 2.15 1.98 2.15 1.98 1222516
20150629 2.01 1.80 2.02 1.78 2612504
20150630 1.80 1.98 1.98 1.69 2208514
20150701 1.95 1.86 2.04 1.82 1622730
20150702 1.90 1.78 1.94 1.70 1853845
20150703 1.74 1.64 1.84 1.60 2196872
20150706 1.80 1.63 1.80 1.51 3017215
20150707 1.57 1.47 1.59 1.47 1116823
20150708 1.32 1.32 1.32 1.32 177563
20150709 1.19 1.45 1.45 1.19 8052773
20150710 1.44 1.60 1.60 1.40 4806729
20150713 1.60 1.69 1.74 1.57 4347157
20150714 1.64 1.60 1.70 1.56 3223458
20150715 1.58 1.44 1.59 1.44 2920617
20150716 1.37 1.48 1.53 1.36 2220303
20150717 1.51 1.63 1.63 1.51 2581000
20150720 1.65 1.67 1.74 1.62 3870384
20150721 1.65 1.72 1.74 1.60 2531245
20150722 1.72 1.73 1.75 1.68 2414052
20150723 1.73 1.87 1.88 1.72 2397945
20150724 1.87 1.77 1.88 1.75 2543177
20150727 1.73 1.59 1.79 1.59 2446874
20150728 1.49 1.54 1.61 1.44 2774334
20150729 1.56 1.64 1.64 1.51 2672000
20150730 1.63 1.55 1.64 1.54 2207683
