20150410 1.07 1.07 1.07 1.07 8176
20150413 1.17 1.17 1.17 1.17 30728
20150414 1.23 1.29 1.29 1.18 450038
20150415 1.23 1.18 1.23 1.18 337647
20150416 1.11 1.12 1.15 1.10 445381
20150417 1.12 1.11 1.14 1.10 403688
20150420 1.11 1.08 1.11 1.07 294188
20150421 1.08 1.15 1.16 1.08 453438
20150422 1.17 1.18 1.21 1.16 426871
20150423 1.18 1.22 1.24 1.18 397200
20150424 1.20 1.23 1.26 1.18 349643
20150427 1.24 1.24 1.30 1.23 434593
20150428 1.24 1.19 1.24 1.17 254206
20150429 1.19 1.24 1.24 1.17 204928
20150430 1.24 1.29 1.35 1.24 374575
20150504 1.29 1.26 1.29 1.25 151592
20150505 1.25 1.19 1.26 1.17 173230
20150506 1.19 1.20 1.27 1.19 271356
20150507 1.20 1.21 1.24 1.19 110295
20150508 1.24 1.32 1.32 1.22 294887
20150511 1.33 1.45 1.45 1.32 407000
20150512 1.47 1.53 1.58 1.45 423470
20150513 1.53 1.64 1.65 1.38 519367
20150514 1.63 1.80 1.80 1.58 626758
20150515 1.62 1.62 1.62 1.62 261257
20150518 1.46 1.53 1.57 1.46 2190535
20150519 1.53 1.55 1.57 1.47 1123837
20150520 1.55 1.59 1.66 1.55 1073892
20150521 1.59 1.66 1.66 1.59 864369
20150522 1.67 1.66 1.74 1.57 832860
20150525 1.62 1.68 1.69 1.56 837111
20150526 1.68 1.85 1.85 1.68 890651
20150527 1.86 1.91 1.95 1.78 1114471
20150528 1.86 1.72 1.92 1.72 896237
20150529 1.73 1.75 1.83 1.59 863622
20150601 1.76 1.86 1.86 1.76 538768
20150602 1.86 1.99 2.03 1.85 682671
20150603 2.00 1.97 2.10 1.88 655384
20150604 1.98 1.93 1.98 1.78 520470
20150605 1.97 1.92 1.99 1.87 428868
20150608 1.91 1.85 1.91 1.76 619907
20150609 1.79 1.81 1.90 1.79 522410
20150610 1.80 1.88 1.91 1.75 659587
20150611 1.87 1.90 1.93 1.87 431004
20150612 1.90 1.92 1.93 1.85 387076
20150615 1.92 1.83 1.93 1.81 440552
20150616 1.76 1.71 1.78 1.65 264330
20150617 1.70 1.78 1.81 1.60 335424
20150618 1.77 1.67 1.77 1.65 221008
20150619 1.61 1.50 1.67 1.50 185417
20150623 1.50 1.54 1.55 1.38 219646
20150624 1.58 1.55 1.60 1.51 216063
20150625 1.58 1.44 1.58 1.40 158404
20150626 1.35 1.30 1.38 1.30 148493
20150629 1.32 1.17 1.32 1.17 188008
20150630 1.05 1.26 1.28 1.05 367113
20150701 1.27 1.20 1.33 1.17 464365
20150702 1.20 1.08 1.25 1.08 310934
20150703 1.07 1.01 1.16 0.97 330598
20150706 1.11 0.96 1.11 0.92 446460
20150707 0.89 0.86 0.89 0.86 109010
20150708 0.77 0.77 0.77 0.77 11736
20150709 0.70 0.85 0.85 0.70 914788
20150710 0.79 0.94 0.94 0.79 989281
20150713 0.92 1.01 1.03 0.89 898198
20150714 0.96 0.96 1.04 0.91 855182
20150715 0.92 0.86 0.95 0.86 565404
20150716 0.77 0.88 0.89 0.77 526737
20150717 0.87 0.97 0.97 0.86 393225
20150720 1.00 1.06 1.07 0.96 543664
20150721 1.05 1.11 1.14 1.00 359662
20150722 1.08 1.13 1.15 1.07 399892
20150723 1.13 1.19 1.20 1.11 531847
20150724 1.20 1.15 1.25 1.12 453616
20150727 1.07 1.04 1.15 1.04 268221
20150728 0.93 0.93 1.04 0.93 247251
20150729 0.96 1.00 1.00 0.85 210653
20150730 1.00 0.91 1.02 0.90 199064
