20140102 0.97 0.97 0.97 0.97 352025
20140103 0.97 0.98 0.99 0.97 115505
20140106 0.98 0.98 0.98 0.98 25971
20140107 0.98 0.98 0.98 0.98 9565
20140108 0.98 0.98 0.98 0.98 19645
20140109 0.98 0.97 0.98 0.97 92375
20140110 0.97 0.96 0.97 0.95 40833
20140113 0.95 0.94 0.95 0.93 13141
20140114 0.93 0.93 0.94 0.93 76303
20140115 0.93 0.94 0.94 0.93 15863
20140116 0.94 0.94 0.94 0.94 115860
20140117 0.94 0.94 0.94 0.93 7422
20140120 0.92 0.93 0.94 0.92 19284
20140121 0.92 0.93 0.93 0.92 79689
20140122 0.93 0.93 0.93 0.92 3534
20140123 0.94 0.94 0.94 0.94 16204
20140124 0.94 0.95 0.95 0.94 38384
20140127 0.95 0.95 0.95 0.94 56788
20140128 0.95 0.95 0.95 0.94 87360
20140129 0.95 0.95 0.95 0.95 17412
20140130 0.95 0.95 0.95 0.95 13434
20140207 0.95 0.95 0.96 0.95 64250
20140211 0.90 0.90 0.91 0.90 137058
20140212 0.90 0.92 0.92 0.90 164501
20140213 0.92 0.92 0.93 0.92 154577
20140214 0.92 0.93 0.93 0.92 157973
20140217 0.93 0.94 0.94 0.92 144947
20140218 0.94 0.95 0.95 0.94 212953
20140219 0.94 0.95 0.95 0.94 235056
20140220 0.95 0.96 0.96 0.95 243203
20140221 0.96 0.95 0.96 0.95 81661
20140224 0.96 0.94 0.96 0.94 150873
20140225 0.95 0.92 0.95 0.92 45440
20140226 0.93 0.93 0.94 0.92 51396
20140227 0.93 0.93 0.94 0.93 10972
20140228 0.93 0.93 0.93 0.93 21811
20140303 0.94 0.95 0.95 0.93 52493
20140304 0.95 0.95 0.96 0.95 137528
20140305 0.95 0.95 0.95 0.95 77226
20140306 0.95 0.95 0.95 0.95 103260
20140307 0.95 0.95 0.96 0.95 142115
20140310 0.95 0.94 0.95 0.94 58452
20140311 0.94 0.94 0.94 0.94 39557
20140312 0.94 0.94 0.94 0.94 30278
20140313 0.94 0.94 0.94 0.94 31049
20140314 0.94 0.94 0.94 0.94 28499
20140317 0.94 0.95 0.95 0.94 53197
20140318 0.95 0.95 0.95 0.95 11911
20140319 0.95 0.95 0.95 0.95 4028
20140320 0.95 0.94 0.95 0.94 7178
20140321 0.94 0.94 0.94 0.94 21009
20140324 0.94 0.94 0.94 0.93 46843
20140325 0.94 0.94 0.94 0.94 25639
20140326 0.94 0.94 0.94 0.94 14238
20140327 0.94 0.94 0.95 0.94 35536
20140328 0.94 0.94 0.94 0.94 31613
20140331 0.94 0.94 0.94 0.93 30178
20140401 0.94 0.94 0.94 0.94 8577
20140402 0.94 0.94 0.94 0.94 6164
20140403 0.94 0.94 0.94 0.94 4616
20140404 0.94 0.95 0.95 0.94 30437
20140408 0.95 0.94 0.95 0.94 31045
20140409 0.94 0.94 0.94 0.94 13041
20140410 0.95 0.94 0.95 0.94 45597
20140411 0.94 0.95 0.95 0.94 38065
20140414 0.95 0.95 0.95 0.95 85941
20140415 0.95 0.95 0.95 0.95 63808
20140416 0.95 0.95 0.96 0.95 35568
20140417 0.95 0.96 0.96 0.95 31794
20140418 0.96 0.96 0.96 0.95 50231
20140421 0.95 0.95 0.96 0.95 14764
20140422 0.95 0.95 0.95 0.94 42810
20140423 0.95 0.94 0.95 0.94 131190
20140424 0.94 0.94 0.94 0.94 52789
20140425 0.94 0.93 0.94 0.93 133125
20140428 0.93 0.93 0.93 0.93 35169
20140429 0.93 0.92 0.93 0.92 91013
20140430 0.93 0.93 0.93 0.93 23602
20140505 0.93 0.93 0.93 0.93 27825
20140506 0.93 0.93 0.93 0.93 12533
20140507 0.93 0.94 0.94 0.93 2682
20140508 0.93 0.93 0.94 0.93 33454
20140509 0.93 0.92 0.93 0.92 86397
20140512 0.93 0.93 0.93 0.92 35338
20140513 0.93 0.93 0.93 0.93 9929
20140514 0.93 0.93 0.93 0.93 8929
20140515 0.93 0.93 0.93 0.92 32072
20140516 0.93 0.92 0.93 0.92 64407
20140519 0.92 0.92 0.93 0.92 20385
20140520 0.92 0.93 0.93 0.92 9074
20140521 0.93 0.92 0.93 0.92 19540
20140522 0.93 0.93 0.93 0.92 27698
20140523 0.93 0.92 0.93 0.92 4179
20140526 0.92 0.93 0.93 0.92 3386
20140527 0.93 0.93 0.93 0.93 19075
20140528 0.93 0.93 0.94 0.93 18081
20140529 0.94 0.93 0.94 0.93 1729
20140530 0.93 0.93 0.93 0.93 13027
20140603 0.94 0.94 0.94 0.93 25907
20140604 0.94 0.94 0.94 0.93 9619
20140605 0.93 0.94 0.94 0.93 10639
20140606 0.94 0.94 0.94 0.94 5467
20140609 0.94 0.94 0.94 0.94 5046
20140610 0.94 0.94 0.94 0.94 8394
20140611 0.94 0.94 0.94 0.94 39827
20140612 0.94 0.94 0.94 0.94 3524
20140613 0.94 0.94 0.94 0.94 3328
20140616 0.94 0.94 0.94 0.94 11664
20140617 0.94 0.94 0.95 0.94 19342
20140618 0.94 0.94 0.94 0.94 19463
20140619 0.94 0.93 0.94 0.93 8240
20140620 0.93 0.93 0.94 0.93 4720
20140623 0.94 0.94 0.94 0.94 342
20140624 0.94 0.94 0.94 0.94 1762
20140625 0.94 0.94 0.94 0.94 258
20140626 0.94 0.94 0.94 0.94 52687
20140627 0.94 0.95 0.95 0.94 55742
20140630 0.95 0.95 0.95 0.95 58037
20140701 0.95 0.96 0.96 0.95 236054
20140702 0.96 0.96 0.96 0.96 160416
20140703 0.96 0.97 0.97 0.96 76550
20140704 0.97 0.97 0.97 0.97 48771
20140707 0.98 0.99 0.99 0.98 59916
20140708 0.98 0.99 0.99 0.97 32445
20140709 0.99 0.98 0.99 0.98 79014
20140710 0.99 0.99 0.99 0.98 2318
20140711 0.98 0.99 0.99 0.98 33736
20140714 0.99 0.99 0.99 0.98 66297
20140715 0.98 0.99 0.99 0.98 17920
20140716 0.98 0.98 0.99 0.98 10656
20140717 0.98 0.98 0.98 0.98 10982
20140718 0.98 0.98 0.98 0.98 1258
20140721 0.98 0.98 0.98 0.96 34480
20140722 0.97 0.97 0.98 0.97 11633
20140723 0.97 0.97 0.97 0.96 22517
20140724 0.96 0.96 0.96 0.95 9784
20140725 0.96 0.97 0.97 0.96 15380
20140728 0.96 0.97 0.97 0.96 4456
20140729 0.97 0.98 0.98 0.97 57037
20140730 0.98 0.99 0.99 0.98 68865
20140731 0.99 0.98 0.99 0.98 108232
20140801 0.98 0.98 0.99 0.98 28078
20140804 0.99 0.99 0.99 0.99 62760
20140805 0.98 0.97 0.99 0.96 32386
20140806 0.97 0.94 0.97 0.94 59335
20140807 0.94 0.95 0.95 0.94 34548
20140808 0.95 0.96 0.96 0.95 22234
20140811 0.96 0.96 0.97 0.96 14105
20140812 0.96 0.96 0.97 0.96 9980
20140813 0.97 0.96 0.97 0.96 7681
20140814 0.96 0.97 0.98 0.96 13337
20140815 0.98 0.99 0.99 0.98 21152
20140818 0.99 0.99 0.99 0.99 37021
20140819 0.99 1.00 1.01 0.99 45432
20140820 1.00 1.01 1.01 1.00 32293
20140821 1.01 1.01 1.01 1.01 40529
20140822 1.01 1.02 1.02 1.01 64926
20140825 1.02 1.02 1.02 1.01 31669
20140826 1.02 1.01 1.02 1.01 13265
20140827 1.01 1.02 1.02 1.01 5821
20140828 1.02 1.01 1.03 1.01 10904
20140829 1.02 1.02 1.02 1.01 1613
20140901 1.01 1.02 1.03 1.01 1910
20140902 1.02 1.02 1.03 1.00 9300
20140903 1.02 1.03 1.03 1.01 10133
20140904 1.02 1.03 1.03 1.02 5149
20140905 1.02 1.03 1.05 1.02 51026
20140909 1.02 1.05 1.05 1.02 35805
20140910 1.06 1.05 1.06 1.05 39945
20140911 1.05 1.04 1.06 1.02 27957
20140912 1.03 1.04 1.04 1.03 1148
20140915 1.03 1.03 1.04 1.03 1452
20140916 1.03 1.05 1.05 1.03 10425
20140917 1.03 1.05 1.05 1.03 4750
20140918 1.05 1.04 1.05 1.01 20830
20140919 1.03 1.04 1.05 1.03 25706
20140922 1.03 1.03 1.04 1.03 12866
20140923 1.04 1.05 1.05 1.04 21485
20140924 1.04 1.04 1.05 1.04 14457
20140925 1.03 1.05 1.05 1.03 31475
20140926 1.04 1.03 1.04 1.03 2932
20140929 1.03 1.01 1.04 1.00 23411
20140930 1.01 1.01 1.01 1.00 19217
20141008 1.00 1.01 1.01 1.00 4215
20141009 1.01 1.01 1.01 1.01 3482
20141010 1.00 1.00 1.00 0.99 53140
20141013 0.99 1.00 1.00 0.99 37564
20141014 0.99 1.00 1.00 0.99 9780
20141015 1.00 0.99 1.00 0.99 5834
20141016 0.99 1.00 1.00 0.99 12169
20141017 1.00 1.01 1.02 1.00 31574
20141020 1.01 1.02 1.02 1.00 9969
20141021 1.01 1.02 1.02 1.01 9256
20141022 1.02 1.02 1.03 1.02 8457
20141023 1.02 1.01 1.03 1.01 6208
20141024 1.01 1.02 1.02 1.01 2996
20141027 1.02 1.02 1.02 1.01 1940
20141028 1.01 1.00 1.01 1.00 13563
20141029 1.00 1.00 1.00 1.00 11756
20141030 1.00 1.01 1.01 1.00 11960
20141031 1.00 1.02 1.02 1.00 12989
20141103 1.02 1.02 1.02 1.01 2744
20141104 1.02 1.04 1.04 1.02 19229
20141105 1.04 1.05 1.05 1.04 42334
20141106 1.05 1.04 1.05 1.04 17266
20141107 1.02 1.03 1.04 1.02 4217
20141110 1.04 1.04 1.05 1.03 8788
20141111 1.04 1.03 1.04 1.02 3626
20141112 1.03 1.03 1.04 1.02 9315
20141113 1.03 1.04 1.05 1.03 5538
20141114 1.03 1.05 1.05 1.03 13289
20141117 1.05 1.05 1.05 1.04 6897
20141118 1.05 1.06 1.06 1.05 9032
20141119 1.06 1.06 1.07 1.06 3674
20141120 1.07 1.07 1.07 1.07 3415
20141121 1.07 1.07 1.07 1.02 2711
20141124 1.02 1.05 1.07 1.02 16116
20141125 1.03 1.05 1.07 1.03 6161
20141126 1.05 1.05 1.06 1.04 8512
20141127 1.06 1.05 1.06 1.04 1719
20141128 1.05 1.04 1.06 1.03 3760
20141201 1.04 1.03 1.04 1.03 10093
20141202 1.02 1.02 1.03 1.02 9072
20141203 1.02 1.02 1.02 1.00 56467
20141204 1.01 1.01 1.01 1.00 20610
20141205 1.00 1.00 1.00 0.99 32523
20141208 1.00 1.00 1.01 0.99 26826
20141209 1.00 1.01 1.01 0.99 39175
20141210 1.01 0.99 1.01 0.99 12656
20141211 0.99 0.99 1.00 0.98 9945
20141212 0.99 1.00 1.00 0.99 6039
20141215 1.00 1.00 1.00 0.99 7497
20141216 1.00 1.01 1.01 1.00 23090
20141217 1.00 1.02 1.02 1.00 30774
20141218 1.01 1.02 1.02 1.01 11003
20141219 1.03 1.05 1.05 1.02 31404
20141222 1.05 1.04 1.06 1.02 7226
20141223 1.03 1.02 1.05 1.02 3494
20141224 1.03 1.03 1.05 1.02 19772
20141225 1.02 1.02 1.04 1.02 44758
20141226 1.04 1.03 1.06 1.03 67685
20141229 1.03 1.06 1.06 1.03 21737
20141230 1.06 1.05 1.09 1.04 14543
20141231 1.06 1.04 1.06 1.04 18263
20150105 1.04 1.05 1.06 1.04 9351
20150106 1.05 1.04 1.06 1.04 16931
20150107 1.04 1.04 1.05 1.04 22611
20150108 1.03 1.04 1.04 1.03 11170
20150109 1.04 1.05 1.05 0.99 21637
20150112 1.04 1.07 1.08 1.03 26901
20150113 1.07 1.07 1.07 1.04 17138
20150114 1.06 1.08 1.08 1.06 19427
20150115 1.08 1.08 1.09 1.06 17636
20150116 1.08 1.08 1.09 1.06 13415
20150119 1.04 1.06 1.09 1.04 11987
20150120 1.05 1.08 1.09 1.05 13326
20150121 1.06 1.09 1.09 1.06 3384
20150122 1.07 1.10 1.12 1.07 8225
20150123 1.10 1.10 1.12 1.10 7591
20150126 1.10 1.13 1.20 1.10 30087
20150127 1.14 1.14 1.14 1.10 7917
20150128 1.11 1.12 1.17 1.11 6375
20150129 1.12 1.14 1.14 1.11 3471
20150130 1.12 1.13 1.14 1.10 1633
20150202 1.08 1.14 1.14 1.08 2380
20150203 1.10 1.14 1.14 1.10 3717
20150204 1.14 1.14 1.15 1.12 7340
20150205 1.14 1.13 1.20 1.13 67516
20150206 1.13 1.15 1.15 1.13 40610
20150210 1.10 1.09 1.10 1.06 11282
20150211 1.07 1.10 1.14 1.07 4087
20150212 1.09 1.10 1.13 1.09 2735
20150213 1.10 1.15 1.20 1.10 5570
20150216 1.10 1.12 1.14 1.10 2437
20150217 1.10 1.12 1.12 1.10 20299
20150225 1.12 1.13 1.14 1.12 82066
20150226 1.13 1.12 1.13 1.12 64779
20150227 1.13 1.11 1.13 1.10 9500
20150302 1.10 1.10 1.11 1.09 23142
20150303 1.10 1.10 1.11 1.01 64123
20150304 1.09 1.11 1.11 1.09 28453
20150305 1.10 1.11 1.11 1.10 130149
20150306 1.11 1.11 1.11 1.11 127388
20150309 1.11 1.11 1.11 1.11 85795
20150310 1.11 1.11 1.11 1.11 51535
20150311 1.11 1.11 1.12 1.11 102566
20150312 1.11 1.11 1.12 1.11 101177
20150313 1.12 1.12 1.14 1.12 73310
20150316 1.12 1.12 1.12 1.12 30691
20150317 1.11 1.10 1.12 1.10 18878
20150318 1.10 1.09 1.10 1.08 19819
20150319 1.09 1.09 1.10 1.08 16850
20150320 1.09 1.07 1.09 1.06 39658
20150323 1.07 1.07 1.07 1.06 37688
20150324 1.07 1.08 1.09 1.06 37743
20150325 1.08 1.09 1.09 1.08 134132
20150326 1.09 1.10 1.10 1.09 148496
20150327 1.10 1.10 1.10 1.09 182114
20150330 1.10 1.08 1.10 1.07 39523
20150331 1.08 1.08 1.08 1.06 24747
20150401 1.09 1.09 1.09 1.07 27117
20150402 1.09 1.09 1.10 1.09 48175
20150403 1.09 1.09 1.09 1.06 44400
20150407 1.08 1.08 1.08 1.07 81185
20150408 1.08 1.08 1.08 1.07 48300
20150409 1.08 1.10 1.11 1.07 121652
20150410 1.10 1.10 1.13 1.08 97946
20150413 1.10 1.09 1.10 1.08 28844
20150414 1.09 1.06 1.09 1.06 22302
20150415 1.06 1.07 1.07 1.05 20712
20150416 1.07 1.09 1.12 1.07 121000
20150417 1.08 1.09 1.09 1.08 118708
20150420 1.09 1.09 1.09 1.08 147760
20150421 1.09 1.06 1.09 1.06 39999
20150422 1.06 1.03 1.07 1.02 106275
20150423 1.03 1.02 1.03 1.01 91051
20150424 1.02 1.01 1.02 1.01 97842
20150427 1.00 0.98 1.00 0.97 286471
20150428 0.98 0.99 0.99 0.96 309742
20150429 0.99 0.99 0.99 0.98 104250
20150430 0.98 0.98 0.98 0.97 72961
20150504 0.98 0.99 0.99 0.97 136556
20150505 0.99 1.01 1.01 0.98 214832
20150506 1.00 0.99 1.00 0.99 75119
20150507 0.99 0.97 1.00 0.97 71990
20150508 0.97 0.99 1.00 0.97 82837
20150511 0.99 0.98 0.99 0.98 77123
20150512 0.98 0.97 0.98 0.96 48428
20150513 0.97 0.99 0.99 0.97 79469
20150514 0.99 1.02 1.02 0.99 123971
20150515 1.02 1.03 1.03 1.01 91302
20150518 1.02 1.04 1.04 1.01 83955
20150519 1.03 1.05 1.07 1.03 50099
20150520 1.05 1.03 1.07 1.02 57668
20150521 1.03 1.02 1.03 1.02 16298
20150522 1.02 1.04 1.04 1.00 67657
20150525 1.04 1.03 1.05 1.03 41184
20150526 1.03 1.01 1.03 1.00 57646
20150527 1.01 1.00 1.01 0.99 33352
20150528 0.98 0.94 0.99 0.93 154427
20150529 0.94 0.91 0.94 0.91 63449
20150601 0.91 0.90 0.92 0.90 75432
20150602 0.90 0.90 0.90 0.88 58968
20150603 0.88 0.86 0.88 0.84 234822
20150605 0.90 0.90 0.90 0.90 22048
20150608 0.81 0.81 0.83 0.81 1846422
20150609 0.81 0.82 0.82 0.80 808557
20150610 0.82 0.82 0.82 0.81 902628
20150611 0.81 0.82 0.82 0.81 352479
20150612 0.81 0.81 0.82 0.81 475424
20150615 0.81 0.81 0.82 0.81 577945
20150616 0.81 0.81 0.82 0.81 359997
20150617 0.81 0.80 0.81 0.80 445954
20150618 0.80 0.80 0.80 0.80 423692
20150619 0.80 0.81 0.81 0.80 765562
20150623 0.81 0.80 0.81 0.78 311520
20150624 0.80 0.81 0.81 0.80 310753
20150625 0.80 0.82 0.82 0.80 634585
20150626 0.82 0.83 0.84 0.82 830422
20150629 0.82 0.83 0.83 0.81 806111
20150630 0.83 0.80 0.83 0.79 754761
20150701 0.79 0.79 0.80 0.78 576131
20150702 0.78 0.78 0.79 0.76 829178
20150703 0.77 0.78 0.79 0.77 925098
20150706 0.78 0.83 0.83 0.77 1496176
20150707 0.81 0.86 0.86 0.81 1860486
20150708 0.84 0.78 0.84 0.77 1934759
20150709 0.77 0.84 0.85 0.77 1193746
20150710 0.83 0.82 0.83 0.80 1480731
20150713 0.82 0.82 0.83 0.81 1048546
20150714 0.82 0.85 0.85 0.82 1310355
20150715 0.85 0.86 0.88 0.85 1668681
20150716 0.87 0.89 0.89 0.85 1275239
20150717 0.88 0.88 0.90 0.87 1499797
20150720 0.88 0.89 0.89 0.87 1127208
20150721 0.88 0.87 0.89 0.87 459143
20150722 0.87 0.85 0.87 0.85 569523
20150723 0.85 0.84 0.85 0.84 446306
20150724 0.83 0.85 0.85 0.83 524407
20150727 0.85 0.88 0.89 0.84 763156
20150728 0.88 0.89 0.89 0.85 711349
20150729 0.89 0.87 0.89 0.87 728462
20150730 0.87 0.88 0.88 0.87 743946
