20140103 1.21 1.21 1.21 1.21 45
20140107 1.16 1.09 1.16 1.09 1038
20140108 1.17 1.17 1.17 0.99 17
20140109 1.15 1.20 1.20 1.06 257
20140110 1.08 1.18 1.18 1.08 302
20140113 1.08 1.17 1.17 1.07 427
20140115 1.06 1.16 1.16 1.05 1321
20140116 1.05 1.09 1.10 1.04 193
20140117 0.99 1.04 1.06 0.98 1043
20140120 1.00 1.00 1.01 0.99 1266
20140121 1.01 1.02 1.02 0.96 223
20140122 1.01 1.06 1.06 0.97 666
20140123 1.05 1.10 1.11 1.00 1848
20140124 1.07 1.08 1.09 1.00 546
20140128 1.02 1.05 1.05 1.02 624
20140129 1.03 1.04 1.04 1.03 350
20140130 1.15 1.15 1.15 0.97 8
20140207 1.03 1.06 1.15 1.03 518
20140210 1.06 1.15 1.15 1.01 305
20140211 1.06 1.14 1.14 1.06 94
20140213 1.25 1.11 1.25 1.11 10
20140214 1.22 1.12 1.22 1.06 239
20140217 1.19 1.09 1.19 1.09 1278
20140218 1.06 1.12 1.14 1.06 811
20140219 1.07 1.10 1.12 1.07 44
20140220 1.02 1.10 1.11 1.02 12
20140221 1.05 1.08 1.09 1.05 280
20140224 1.00 1.10 1.10 1.00 52
20140225 0.99 1.08 1.08 0.99 203
20140228 1.10 1.10 1.10 1.10 1
20140304 1.00 1.10 1.10 1.00 681
20140305 1.00 1.05 1.09 0.99 1162
20140306 1.03 1.03 1.03 1.03 14
20140307 1.02 1.02 1.02 1.02 136
20140311 0.93 1.02 1.02 0.93 2
20140312 0.92 1.01 1.01 0.92 74
20140313 1.01 1.01 1.01 1.01 10
20140317 0.98 0.97 0.98 0.95 299
20140318 0.91 0.97 0.99 0.91 101
20140320 0.94 0.95 0.95 0.94 251
20140321 0.94 0.96 0.96 0.91 2006
20140324 0.97 0.98 0.98 0.94 1399
20140325 0.95 0.97 0.98 0.95 580
20140327 1.02 0.98 1.02 0.92 158
20140328 1.02 0.99 1.02 0.95 718
20140331 1.06 1.02 1.06 1.02 3
20140401 1.10 1.03 1.10 0.94 499
20140402 0.95 0.98 0.99 0.95 1113
20140403 0.95 1.02 1.02 0.95 451
20140404 0.96 0.96 1.00 0.94 951
20140408 0.97 0.99 1.00 0.94 606
20140409 0.96 0.99 1.00 0.96 552
20140410 1.09 1.01 1.09 1.00 163
20140411 0.99 1.01 1.01 0.98 161
20140414 1.01 1.01 1.08 0.99 314
20140415 1.01 1.00 1.01 0.97 178
20140416 0.97 1.01 1.04 0.97 951
20140417 0.97 1.01 1.07 0.97 12
20140418 0.99 0.99 0.99 0.99 1
20140421 0.96 1.00 1.00 0.96 1
20140422 0.94 1.01 1.02 0.94 115
20140423 1.03 1.00 1.03 0.96 10
20140424 1.04 1.01 1.04 0.94 1122
20140425 0.94 0.96 1.00 0.94 128
20140428 0.95 0.95 0.95 0.91 74
20140429 0.91 0.95 0.96 0.90 85
20140430 0.95 0.95 0.95 0.93 579
20140505 0.88 0.94 0.97 0.88 64
20140506 0.95 0.95 0.97 0.86 344
20140507 0.91 0.93 0.93 0.91 124
20140508 0.94 0.94 0.95 0.92 97
20140509 0.85 0.93 0.93 0.85 34
20140512 0.93 0.95 0.99 0.90 262
20140513 0.95 0.97 0.97 0.95 91
20140514 0.92 0.96 0.96 0.92 10
20140515 0.93 0.95 0.95 0.93 23
20140516 0.95 0.95 0.98 0.95 65
20140519 1.04 1.04 1.04 1.04 1
20140520 1.00 0.98 1.00 0.94 540
20140521 0.93 0.95 0.97 0.91 693
20140522 0.93 0.95 0.95 0.93 560
20140523 0.94 0.94 0.94 0.93 179
20140526 0.94 0.93 0.94 0.92 725
20140527 0.93 0.94 0.94 0.92 164
20140528 0.93 0.94 0.95 0.93 138
20140529 0.95 0.95 0.97 0.95 50
20140530 0.94 0.94 0.94 0.94 1
20140603 0.95 0.95 0.95 0.95 10
20140604 0.91 0.94 0.95 0.91 16
20140605 0.94 0.94 0.94 0.90 9
20140606 0.85 0.94 0.94 0.85 86
20140609 0.89 0.94 0.95 0.89 88
20140610 0.97 0.94 0.97 0.90 197
20140611 0.96 0.94 0.96 0.93 83
20140612 0.95 0.93 0.95 0.93 8
20140613 0.94 0.96 0.96 0.94 381
20140616 0.97 0.95 0.97 0.95 76
20140617 0.97 0.96 0.97 0.96 163
20140618 0.96 0.96 0.96 0.96 1
20140619 0.97 0.94 0.97 0.87 309
20140620 0.89 0.95 0.95 0.89 232
20140623 0.95 0.95 0.95 0.92 210
20140624 0.96 0.94 0.96 0.92 52
20140625 0.97 0.95 0.97 0.91 103
20140626 0.98 0.96 0.98 0.92 22
20140627 0.97 0.96 0.97 0.92 7
20140630 0.97 0.96 0.97 0.93 63
20140701 0.98 0.97 0.98 0.93 3
20140702 0.98 0.98 0.98 0.95 120
20140703 0.98 0.98 1.00 0.97 21118
20140704 1.00 0.98 1.00 0.96 8130
20140707 0.98 0.98 0.98 0.98 1
20140708 0.97 0.99 0.99 0.97 17882
20140709 1.06 0.98 1.06 0.94 69
20140710 0.93 0.98 0.98 0.93 7
20140714 0.98 0.98 1.00 0.98 139
20140715 1.00 1.00 1.00 1.00 53
20140716 1.01 0.99 1.01 0.94 410
20140717 1.03 0.99 1.03 0.94 108
20140718 1.03 1.00 1.03 1.00 11
20140721 0.95 1.02 1.03 0.95 38
20140722 1.05 1.02 1.05 1.00 17
20140723 1.10 1.02 1.10 1.02 295
20140724 1.03 1.03 1.03 0.98 351
20140725 1.05 1.04 1.05 0.99 1149
20140728 1.04 1.10 1.10 1.00 8708
20140729 1.00 1.09 1.10 1.00 5382
20140730 1.07 1.08 1.08 1.05 5262
20140731 1.07 1.12 1.12 1.07 2935
20140801 1.11 1.13 1.14 1.08 1205
20140804 1.12 1.19 1.19 1.08 2160
20140805 1.20 1.20 1.20 1.19 1744
20140806 1.18 1.20 1.26 1.18 942
20140807 1.15 1.16 1.16 1.15 103
20140808 1.10 1.16 1.16 1.10 436
20140811 1.14 1.17 1.17 1.14 67
20140812 1.11 1.17 1.17 1.11 261
20140813 1.17 1.16 1.17 1.16 390
20140814 1.13 1.13 1.16 1.12 141
20140815 1.09 1.15 1.15 1.09 489
20140818 1.11 1.14 1.15 1.11 462
20140819 1.10 1.14 1.14 1.10 952
20140820 1.11 1.12 1.13 1.11 810
20140821 1.09 1.11 1.11 1.09 414
20140825 1.07 1.09 1.09 1.07 600
20140826 1.07 1.07 1.07 1.07 221
20140827 1.09 1.09 1.09 1.09 62
20140828 1.09 1.12 1.16 1.06 541
20140829 1.07 1.07 1.07 1.07 2
20140901 1.08 1.08 1.08 1.08 16
20140902 1.16 1.13 1.17 1.12 366
20140903 1.15 1.13 1.15 1.13 1675
20140904 1.12 1.16 1.19 1.12 2114
20140905 1.17 1.18 1.18 1.11 1500
20140909 1.17 1.19 1.19 1.17 1589
20140910 1.12 1.17 1.18 1.10 1623
20140911 1.17 1.17 1.25 1.17 4340
20140912 1.14 1.20 1.20 1.14 4593
20140915 1.20 1.24 1.25 1.15 4829
20140916 1.18 1.24 1.24 1.15 5271
20140917 1.23 1.18 1.29 1.16 5134
20140918 1.18 1.17 1.18 1.17 154
20140919 1.17 1.19 1.19 1.16 4745
20140922 1.16 1.18 1.19 1.16 185
20140923 1.17 1.18 1.25 1.17 4434
20140924 1.16 1.20 1.23 1.16 4856
20140925 1.20 1.20 1.27 1.16 6488
20140926 1.19 1.19 1.20 1.14 4377
20140929 1.15 1.17 1.21 1.15 7608
20140930 1.16 1.16 1.17 1.14 6707
20141008 1.16 1.16 1.18 1.15 3017
20141009 1.16 1.16 1.17 1.15 2382
20141010 1.16 1.18 1.20 1.15 6363
20141013 1.17 1.17 1.18 1.14 355
20141014 1.15 1.15 1.16 1.14 2636
20141015 1.14 1.17 1.17 1.10 3091
20141016 1.13 1.18 1.19 1.13 7835
20141017 1.19 1.15 1.19 1.15 1359
20141020 1.19 1.14 1.19 1.13 4154
20141021 1.14 1.14 1.15 1.13 2730
20141022 1.13 1.14 1.15 1.11 1649
20141023 1.11 1.13 1.14 1.10 1291
20141024 1.14 1.11 1.17 1.11 2110
20141027 1.11 1.08 1.12 1.08 2617
20141028 1.12 1.11 1.13 1.10 3148
20141029 1.11 1.13 1.15 1.11 21254
20141030 1.13 1.15 1.16 1.13 2934
20141031 1.16 1.18 1.22 1.15 10549
20141103 1.20 1.20 1.24 1.18 2825
20141104 1.20 1.21 1.23 1.18 6526
20141105 1.18 1.20 1.22 1.17 3341
20141106 1.21 1.22 1.27 1.18 2799
20141107 1.19 1.19 1.23 1.19 1847
20141110 1.22 1.23 1.23 1.18 3306
20141111 1.22 1.28 1.30 1.22 9136
20141112 1.27 1.28 1.28 1.24 1846
20141113 1.27 1.29 1.29 1.26 1927
20141114 1.26 1.27 1.27 1.21 2133
20141117 1.29 1.28 1.30 1.24 1867
20141118 1.21 1.25 1.27 1.21 2450
20141119 1.22 1.24 1.24 1.22 223
20141120 1.22 1.24 1.24 1.20 1619
20141121 1.24 1.27 1.28 1.23 1599
20141124 1.28 1.32 1.34 1.28 4220
20141125 1.29 1.33 1.34 1.28 2494
20141126 1.34 1.39 1.41 1.34 3356
20141127 1.49 1.48 1.49 1.39 2743
20141128 1.51 1.63 1.63 1.49 16634
20141201 1.68 1.79 1.79 1.66 15285
20141202 1.78 1.97 1.97 1.70 8383
20141203 1.98 2.07 2.08 1.88 22352
20141204 1.99 2.28 2.28 1.90 34420
20141205 2.09 2.39 2.50 2.09 47491
20141208 2.15 2.23 2.36 2.15 67851
20141209 2.00 2.00 2.16 2.00 48565
20141210 1.80 1.90 1.90 1.80 39309
20141211 1.87 1.79 1.87 1.76 25431
20141212 1.77 1.76 1.83 1.73 29677
20141215 1.75 1.77 1.77 1.68 29519
20141216 1.77 1.95 1.95 1.75 25447
20141217 1.95 2.03 2.08 1.94 53685
20141218 2.03 1.96 2.03 1.95 20811
20141219 1.93 2.00 2.05 1.84 33455
20141222 2.10 2.05 2.15 2.02 49599
20141223 1.99 1.95 2.04 1.92 26964
20141224 1.95 1.82 1.97 1.77 19405
20141225 1.84 1.88 1.90 1.78 20208
20141226 1.89 2.04 2.04 1.88 27519
20141229 2.16 2.06 2.16 2.02 39657
20141230 2.05 2.04 2.11 2.01 20419
20141231 2.07 2.13 2.13 1.96 22491
20150105 2.16 2.22 2.25 2.13 36946
20150107 1.10 1.10 1.10 1.10 1247
20150108 1.21 1.21 1.21 1.16 80491
20150109 1.21 1.33 1.33 1.17 145738
20150112 1.20 1.20 1.20 1.20 38748
20150113 1.08 1.08 1.08 1.08 39961
20150114 1.05 1.05 1.06 1.02 616398
20150115 1.03 1.09 1.09 1.01 627302
20150116 1.09 1.11 1.12 1.06 358424
20150119 1.00 1.00 1.06 1.00 483019
20150120 0.95 0.96 1.00 0.93 177224
20150121 0.97 1.04 1.04 0.95 174462
20150122 1.04 1.05 1.06 1.02 203902
20150123 1.05 1.05 1.07 1.04 144557
20150126 1.05 1.06 1.06 1.03 111524
20150127 1.07 1.05 1.07 1.01 98359
20150128 1.03 1.02 1.06 1.01 92224
20150129 1.01 0.99 1.01 0.98 60882
20150130 0.99 0.97 1.00 0.96 56616
20150202 0.93 0.94 0.95 0.93 45258
20150203 0.94 0.97 0.97 0.94 174469
20150204 0.98 0.95 0.98 0.94 37218
20150205 1.00 0.95 1.00 0.94 84066
20150206 0.94 0.93 0.94 0.90 182851
20150209 0.93 0.93 0.94 0.91 31261
20150210 0.93 0.94 0.94 0.91 82071
20150211 0.93 0.94 0.96 0.93 47603
20150212 0.94 0.95 0.95 0.93 62203
20150213 0.95 0.96 0.98 0.94 97373
20150216 0.96 0.97 0.97 0.95 33624
20150217 0.97 0.98 0.99 0.97 49353
20150225 0.98 0.97 0.99 0.95 147055
20150226 0.96 1.03 1.03 0.94 69503
20150227 1.02 1.02 1.03 1.00 40086
20150302 1.03 1.03 1.04 1.01 48142
20150303 1.02 0.99 1.02 0.98 61039
20150304 0.98 0.99 1.00 0.98 26771
20150305 0.99 0.98 0.99 0.96 32367
20150306 0.98 0.97 0.98 0.96 35883
20150309 0.95 0.99 1.00 0.94 45931
20150310 0.99 0.98 0.99 0.98 26741
20150311 0.98 0.98 1.01 0.98 25362
20150312 1.00 1.02 1.03 0.99 64467
20150313 1.03 1.02 1.04 1.02 61640
20150316 1.03 1.06 1.07 1.02 94247
20150317 1.08 1.10 1.10 1.07 85632
20150318 1.10 1.16 1.18 1.10 94191
20150319 1.17 1.17 1.18 1.13 90803
20150320 1.17 1.21 1.24 1.14 99269
20150323 1.21 1.22 1.23 1.19 112063
20150324 1.22 1.21 1.23 1.16 90171
20150325 1.20 1.18 1.22 1.18 88472
20150326 1.19 1.22 1.22 1.17 61566
20150327 1.21 1.22 1.24 1.20 67671
20150330 1.24 1.32 1.32 1.23 77023
20150331 1.35 1.33 1.44 1.32 122423
20150401 1.32 1.36 1.38 1.30 80446
20150402 1.36 1.33 1.37 1.32 44886
20150403 1.33 1.35 1.35 1.31 57267
20150407 1.36 1.38 1.38 1.36 52143
20150408 1.39 1.42 1.43 1.36 143392
20150409 1.41 1.41 1.50 1.39 105988
20150410 1.40 1.46 1.46 1.30 50479
20150413 1.47 1.49 1.52 1.46 70771
20150414 1.48 1.51 1.51 1.46 54991
20150415 1.52 1.47 1.52 1.47 28456
20150416 1.33 1.51 1.52 1.33 80116
20150417 1.52 1.58 1.60 1.52 77148
20150420 1.59 1.54 1.65 1.52 103630
20150421 1.54 1.57 1.59 1.52 44101
20150422 1.57 1.64 1.65 1.57 50783
20150423 1.65 1.63 1.67 1.61 44182
20150424 1.59 1.62 1.63 1.57 34393
20150427 1.64 1.66 1.67 1.62 46870
20150428 1.67 1.64 1.69 1.62 39550
20150429 1.61 1.65 1.66 1.61 28024
20150430 1.66 1.64 1.67 1.64 28182
20150504 1.65 1.65 1.67 1.61 24424
20150505 1.64 1.58 1.65 1.56 12773
20150506 1.57 1.54 1.62 1.53 21759
20150507 1.54 1.52 1.54 1.50 24957
20150508 1.52 1.55 1.56 1.49 27493
20150511 1.55 1.61 1.64 1.54 25862
20150512 1.61 1.63 1.63 1.60 22150
20150513 1.62 1.63 1.64 1.61 18764
20150514 1.61 1.61 1.63 1.60 15350
20150515 1.61 1.57 1.61 1.54 7381
20150518 1.53 1.54 1.57 1.53 11515
20150519 1.54 1.64 1.65 1.54 18187
20150520 1.64 1.67 1.75 1.64 16949
20150521 1.67 1.70 1.71 1.67 13210
20150522 1.75 1.79 1.79 1.75 16822
20150525 1.81 1.93 1.95 1.81 43520
20150526 2.02 1.98 2.02 1.89 39364
20150527 1.98 1.98 1.99 1.90 47452
20150528 1.96 1.78 1.98 1.78 39907
20150529 1.78 1.80 1.84 1.71 35230
20150601 1.80 1.93 1.94 1.79 11836
20150602 1.95 1.98 1.98 1.91 20119
20150603 1.99 1.96 2.00 1.90 18599
20150604 1.95 1.97 1.99 1.82 23922
20150605 2.00 2.01 2.06 1.97 28591
20150608 2.00 2.20 2.21 2.00 58629
20150609 2.20 2.10 2.20 2.08 33955
20150610 2.03 2.07 2.10 2.00 38957
20150611 2.06 2.06 2.07 2.01 28175
20150612 2.06 2.06 2.07 2.02 19224
20150615 2.08 1.98 2.08 1.98 11301
20150616 1.95 1.92 1.96 1.86 13215
20150617 1.89 1.95 1.96 1.83 23044
20150618 1.91 1.83 1.97 1.78 8230
20150619 1.84 1.69 1.84 1.67 24088
20150623 1.68 1.74 1.74 1.56 20494
20150624 1.75 1.76 1.78 1.70 15651
20150625 1.78 1.68 1.80 1.66 10578
20150626 1.65 1.51 1.65 1.51 19478
20150629 1.52 1.44 1.55 1.36 38655
20150630 1.41 1.57 1.57 1.35 53950
20150701 1.55 1.43 1.58 1.41 42318
20150702 1.40 1.33 1.47 1.31 28569
20150703 1.32 1.26 1.41 1.20 21003
20150706 1.39 1.38 1.39 1.27 70969
20150707 1.35 1.24 1.35 1.24 43184
20150708 1.12 1.12 1.12 1.12 2086
20150709 1.01 1.22 1.23 1.01 51631
20150710 1.20 1.30 1.34 1.13 55010
20150713 1.29 1.29 1.35 1.23 41965
20150714 1.26 1.20 1.29 1.17 40966
20150715 1.18 1.08 1.18 1.08 28175
20150716 1.08 1.11 1.15 0.98 25136
20150717 1.08 1.22 1.22 1.08 9360
20150720 1.21 1.23 1.27 1.19 28474
20150721 1.21 1.23 1.25 1.18 16174
20150722 1.19 1.24 1.27 1.19 21042
20150723 1.23 1.32 1.32 1.21 21401
20150724 1.32 1.28 1.35 1.27 19940
20150727 1.19 1.15 1.27 1.15 7612
20150728 1.09 1.05 1.14 1.03 16967
20150729 1.09 1.12 1.16 1.03 10049
20150730 1.10 1.04 1.13 1.03 4704
