20150515 1.09 1.09 1.09 1.09 17052
20150518 1.13 1.07 1.14 1.07 431684
20150519 1.07 1.18 1.18 1.05 912546
20150520 1.18 1.14 1.19 1.13 648221
20150521 1.15 1.15 1.17 1.14 357363
20150522 1.17 1.20 1.25 1.17 778436
20150525 1.22 1.27 1.31 1.20 846809
20150526 1.28 1.32 1.37 1.23 1220520
20150527 1.34 1.40 1.46 1.32 1612824
20150528 1.39 1.27 1.41 1.26 1440772
20150529 1.25 1.19 1.28 1.16 1584618
20150601 1.18 1.24 1.28 1.15 1890766
20150602 1.23 1.21 1.23 1.18 994828
20150603 1.22 1.19 1.24 1.19 869054
20150604 1.19 1.22 1.24 1.15 1220571
20150605 1.25 1.22 1.26 1.20 1286143
20150608 1.23 1.34 1.34 1.21 2082455
20150609 1.36 1.32 1.38 1.29 1522686
20150610 1.29 1.29 1.32 1.27 956440
20150611 1.28 1.26 1.30 1.25 877753
20150612 1.27 1.26 1.31 1.25 1034085
20150615 1.27 1.23 1.29 1.21 997525
20150616 1.22 1.19 1.27 1.18 807003
20150617 1.20 1.19 1.22 1.15 626453
20150618 1.18 1.12 1.19 1.11 753818
20150619 1.09 1.03 1.14 1.02 927211
20150623 1.04 1.08 1.08 0.99 1002926
20150624 1.08 1.08 1.10 1.04 772292
20150625 1.08 1.04 1.10 1.02 931854
20150626 1.00 0.94 1.06 0.94 1071257
20150629 0.96 0.84 0.97 0.84 1079709
20150630 0.81 0.92 0.93 0.76 1140529
20150701 0.90 0.83 0.92 0.83 1025415
20150702 0.86 0.76 0.88 0.75 1132605
20150703 0.72 0.69 0.79 0.68 1384479
20150706 0.75 0.72 0.75 0.68 1838906
20150707 0.70 0.65 0.72 0.65 787796
20150708 0.58 0.58 0.58 0.58 30886
20150709 0.53 0.62 0.64 0.53 2289672
20150710 0.56 0.65 0.68 0.56 3003447
20150713 0.61 0.62 0.66 0.59 2218393
20150714 0.59 0.56 0.61 0.56 1448400
20150715 0.51 0.50 0.54 0.50 1269452
20150716 0.45 0.47 0.50 0.45 1854970
20150717 0.47 0.51 0.51 0.45 1394796
20150720 0.50 0.51 0.53 0.49 641905
20150721 0.50 0.53 0.55 0.49 607293
20150722 0.53 0.54 0.57 0.51 511968
20150723 0.54 0.60 0.60 0.54 776900
20150724 0.61 0.61 0.66 0.59 1275404
20150727 0.58 0.55 0.58 0.55 939695
20150728 0.49 0.49 0.53 0.49 2664889
20150729 0.48 0.48 0.50 0.44 1720493
20150730 0.47 0.43 0.49 0.43 1129853
