20140103 0.95 0.95 0.95 0.95 100
20140106 0.94 0.94 0.94 0.94 20
20140110 0.99 0.99 0.99 0.99 2
20140129 1.05 1.05 1.05 1.05 1
20140218 0.97 1.03 1.03 0.97 12
20140221 1.02 1.01 1.02 1.01 542
20140225 0.95 1.05 1.05 0.95 4
20140226 1.00 1.06 1.06 1.00 97
20140228 1.06 1.06 1.06 1.06 35
20140304 1.00 1.06 1.06 1.00 3
20140306 1.01 1.06 1.06 1.01 182
20140307 1.00 1.02 1.02 1.00 50
20140310 0.96 1.01 1.01 0.96 292
20140311 1.00 1.01 1.01 1.00 582
20140314 0.94 1.05 1.07 0.94 199
20140319 1.01 1.01 1.01 1.00 540
20140320 1.00 1.00 1.00 1.00 114
20140325 0.98 1.02 1.02 0.98 176
20140328 0.96 1.08 1.08 0.96 1
20140331 1.02 1.02 1.02 1.02 404
20140403 1.02 1.02 1.02 1.02 147
20140409 1.03 1.03 1.03 1.03 10
20140416 1.02 1.02 1.02 1.02 48
20140417 1.01 1.01 1.01 1.01 14
20140418 1.01 1.03 1.03 1.01 468
20140421 1.03 1.03 1.03 1.03 89
20140425 1.01 1.02 1.02 1.01 876
20140428 1.02 1.02 1.02 1.02 350
20140505 1.00 1.02 1.02 1.00 1229
20140506 1.02 1.03 1.03 1.02 101
20140507 1.03 1.03 1.03 1.03 101
20140508 1.02 1.02 1.02 1.02 600
20140509 1.05 1.05 1.05 1.05 208
20140512 1.05 1.05 1.05 1.05 300
20140513 1.09 1.09 1.09 1.09 29
20140514 1.19 1.19 1.19 1.19 168
20140515 1.19 1.19 1.19 1.19 1086
20140516 1.19 1.19 1.19 1.19 100
20140528 1.08 1.08 1.08 1.08 1890
20140529 1.12 1.06 1.12 1.06 518
20140530 1.08 1.16 1.16 1.08 59
20140604 1.16 1.16 1.16 1.16 111
20140605 1.16 1.16 1.16 1.09 116
20140606 1.10 1.19 1.19 1.10 20
20140610 1.11 1.19 1.19 1.11 10
20140611 1.19 1.13 1.19 1.11 70
20140612 1.13 1.11 1.19 1.11 140
20140613 1.17 1.17 1.17 1.17 11
20140616 1.12 1.16 1.16 1.11 372
20140617 1.11 1.12 1.12 1.11 71
20140618 1.05 1.12 1.14 1.03 135
20140619 1.12 1.12 1.12 1.12 151
20140620 1.12 1.13 1.13 1.12 69
20140623 1.14 1.14 1.14 1.14 23
20140625 1.21 1.13 1.21 1.13 48
20140626 1.20 1.23 1.23 1.20 483
20140627 1.32 1.31 1.32 1.31 86
20140630 1.32 1.32 1.32 1.32 119
20140701 1.45 1.45 1.45 1.45 76
20140702 1.48 1.50 1.50 1.45 267
20140704 1.35 1.35 1.50 1.35 529
20140707 1.22 1.22 1.26 1.22 373
20140708 1.23 1.18 1.23 1.11 1071
20140709 1.15 1.13 1.15 1.11 668
20140710 1.10 1.13 1.13 1.10 336
20140711 1.14 1.13 1.14 1.13 43
20140714 1.10 1.11 1.13 1.10 683
20140715 1.11 1.10 1.12 1.09 696
20140718 1.13 1.12 1.13 1.09 258
20140721 1.09 1.09 1.11 1.09 1701
20140722 1.11 1.10 1.11 1.10 70
20140723 1.08 1.08 1.08 1.08 3
20140724 1.07 1.10 1.10 1.07 160
20140725 1.06 1.11 1.11 1.06 141
20140728 1.15 1.16 1.16 1.12 699
20140730 1.24 1.16 1.24 1.16 288
20140731 1.15 1.15 1.15 1.15 104
20140801 1.10 1.13 1.21 1.10 102
20140804 1.17 1.12 1.17 1.12 569
20140805 1.10 1.14 1.14 1.10 380
20140806 1.14 1.13 1.14 1.12 1047
20140807 1.09 1.13 1.13 1.08 250
20140808 1.13 1.13 1.14 1.13 100
20140811 1.13 1.16 1.16 1.13 22
20140812 1.13 1.13 1.13 1.13 442
20140813 1.17 1.11 1.17 1.10 27
20140814 1.16 1.16 1.16 1.16 1
20140815 1.14 1.13 1.14 1.12 880
20140818 1.12 1.15 1.20 1.12 124
20140819 1.13 1.15 1.15 1.10 6
20140820 1.10 1.11 1.14 1.10 145
20140822 1.10 1.11 1.11 1.10 16
20140825 1.15 1.14 1.15 1.11 761
20140826 1.14 1.14 1.14 1.14 1
20140827 1.14 1.13 1.19 1.13 142
20140828 1.13 1.13 1.13 1.13 50
20140829 1.10 1.15 1.15 1.10 2
20140902 1.16 1.16 1.16 1.16 1
20140903 1.15 1.17 1.18 1.15 819
20140904 1.13 1.19 1.19 1.10 1002
20140905 1.19 1.15 1.19 1.12 1229
20140909 1.16 1.13 1.16 1.13 924
20140910 1.13 1.12 1.13 1.12 410
20140911 1.14 1.14 1.14 1.14 1
20140912 1.14 1.13 1.14 1.12 209
20140915 1.14 1.14 1.14 1.13 55
20140916 1.13 1.13 1.14 1.13 308
20140918 1.13 1.13 1.13 1.12 210
20140919 1.13 1.13 1.13 1.13 1
20140922 1.13 1.13 1.13 1.13 120
20140924 1.13 1.13 1.13 1.13 1022
20140925 1.13 1.13 1.13 1.13 50
20140926 1.14 1.14 1.14 1.14 48
20140929 1.12 1.14 1.14 1.12 975
20140930 1.17 1.14 1.17 1.13 222
20141009 1.13 1.16 1.17 1.13 34
20141010 1.15 1.16 1.16 1.15 80
20141013 1.16 1.16 1.16 1.16 10
20141014 1.16 1.14 1.16 1.14 1495
20141016 1.14 1.15 1.15 1.14 284
20141017 1.15 1.16 1.16 1.15 130
20141020 1.16 1.17 1.17 1.16 183
20141021 1.18 1.20 1.20 1.18 120
20141022 1.20 1.17 1.20 1.15 112
20141023 1.19 1.17 1.23 1.17 280
20141024 1.17 1.17 1.17 1.17 1
20141027 1.16 1.20 1.20 1.16 25
20141029 1.20 1.20 1.24 1.20 48
20141103 1.12 1.24 1.24 1.12 92
20141105 1.22 1.22 1.22 1.22 27
20141106 1.18 1.19 1.19 1.18 22
20141107 1.19 1.19 1.19 1.19 140
20141110 1.19 1.23 1.23 1.19 54
20141111 1.18 1.19 1.19 1.18 338
20141112 1.19 1.19 1.19 1.19 24
20141113 1.27 1.27 1.27 1.27 1
20141114 1.19 1.27 1.27 1.19 1
20141119 1.33 1.26 1.33 1.26 37
20141120 1.17 1.30 1.30 1.17 2
20141121 1.18 1.32 1.33 1.18 1251
20141124 1.45 1.30 1.45 1.20 1435
20141125 1.20 1.35 1.35 1.20 1481
20141126 1.28 1.27 1.34 1.24 1090
20141127 1.27 1.28 1.28 1.27 238
20141128 1.32 1.33 1.33 1.32 263
20141201 1.30 1.38 1.39 1.30 1404
20141202 1.38 1.52 1.52 1.25 4056
20141203 1.58 1.61 1.61 1.36 5798
20141204 1.50 1.77 1.77 1.46 7666
20141205 1.72 1.83 1.92 1.63 4386
20141208 1.64 1.70 1.84 1.64 4721
20141209 1.53 1.53 1.69 1.53 3633
20141210 1.38 1.38 1.53 1.38 2917
20141211 1.24 1.30 1.41 1.24 3082
20141212 1.28 1.24 1.28 1.19 1825
20141215 1.25 1.23 1.25 1.21 1519
20141216 1.22 1.23 1.24 1.20 3656
20141217 1.23 1.22 1.24 1.21 2105
20141218 1.21 1.22 1.22 1.21 2319
20141219 1.20 1.20 1.21 1.19 1440
20141222 1.19 1.14 1.20 1.14 2305
20141223 1.15 1.15 1.18 1.14 1770
20141224 1.18 1.17 1.18 1.12 298
20141225 1.17 1.17 1.18 1.17 784
20141226 1.18 1.18 1.19 1.17 1613
20141229 1.17 1.19 1.21 1.14 1189
20141230 1.18 1.18 1.18 1.15 440
20141231 1.18 1.19 1.20 1.18 1517
20150105 1.22 1.19 1.22 1.18 2397
20150106 1.23 1.31 1.31 1.16 5997
20150107 1.32 1.44 1.44 1.32 4774
20150108 1.44 1.59 1.59 1.39 14429
20150109 1.43 1.50 1.72 1.43 26585
20150112 1.35 1.35 1.35 1.35 2698
20150113 1.21 1.21 1.21 1.21 16900
20150114 1.18 1.19 1.21 1.18 60849
20150115 1.20 1.19 1.20 1.18 31365
20150116 1.18 1.20 1.22 1.18 33276
20150119 1.18 1.20 1.25 1.18 45722
20150120 1.20 1.22 1.23 1.19 34802
20150121 1.21 1.25 1.26 1.21 42524
20150122 1.25 1.30 1.30 1.22 56214
20150123 1.26 1.24 1.27 1.24 82789
20150126 1.19 1.19 1.21 1.18 86154
20150127 1.18 1.16 1.18 1.15 72251
20150128 1.15 1.15 1.16 1.15 40543
20150129 1.15 1.13 1.16 1.13 36778
20150130 1.13 1.14 1.14 1.13 35951
20150202 1.14 1.14 1.15 1.14 23652
20150203 1.14 1.15 1.15 1.14 24083
20150204 1.15 1.14 1.16 1.14 34382
20150205 1.15 1.14 1.15 1.13 25592
20150206 1.14 1.13 1.14 1.13 26504
20150209 1.13 1.13 1.14 1.12 16176
20150210 1.13 1.13 1.13 1.13 11705
20150211 1.13 1.15 1.16 1.13 29482
20150212 1.15 1.14 1.15 1.14 16865
20150213 1.14 1.15 1.19 1.14 31265
20150216 1.15 1.15 1.16 1.15 24654
20150217 1.16 1.16 1.16 1.15 15879
20150225 1.16 1.14 1.16 1.14 18757
20150226 1.14 1.16 1.16 1.14 18594
20150227 1.15 1.15 1.16 1.15 51411
20150302 1.15 1.15 1.17 1.15 49116
20150303 1.16 1.15 1.16 1.15 23338
20150304 1.15 1.14 1.15 1.14 32321
20150305 1.14 1.14 1.14 1.13 26545
20150306 1.14 1.14 1.14 1.14 10519
20150309 1.14 1.14 1.14 1.13 17672
20150310 1.13 1.14 1.14 1.13 16167
20150311 1.14 1.14 1.14 1.14 15624
20150312 1.14 1.14 1.14 1.14 14312
20150313 1.14 1.14 1.14 1.14 15566
20150316 1.14 1.14 1.14 1.14 34894
20150317 1.14 1.16 1.16 1.14 94511
20150318 1.16 1.27 1.27 1.15 124153
20150319 1.30 1.23 1.34 1.23 151740
20150320 1.17 1.19 1.22 1.17 132801
20150323 1.19 1.21 1.22 1.18 117495
20150324 1.21 1.18 1.21 1.17 81936
20150325 1.17 1.15 1.17 1.15 126814
20150326 1.15 1.16 1.17 1.15 53742
20150327 1.16 1.16 1.16 1.15 35631
20150330 1.16 1.16 1.16 1.14 60905
20150331 1.17 1.16 1.17 1.15 53271
20150401 1.15 1.15 1.16 1.15 50639
20150402 1.15 1.14 1.15 1.14 49223
20150403 1.15 1.14 1.15 1.14 67370
20150407 1.14 1.16 1.17 1.14 73834
20150408 1.16 1.17 1.18 1.16 95306
20150409 1.17 1.16 1.18 1.14 72204
20150410 1.15 1.15 1.16 1.14 53485
20150413 1.15 1.17 1.18 1.14 70082
20150414 1.17 1.15 1.17 1.15 52369
20150415 1.15 1.13 1.15 1.12 81751
20150416 1.13 1.13 1.14 1.13 32451
20150417 1.13 1.16 1.17 1.13 74343
20150420 1.15 1.14 1.16 1.14 60933
20150421 1.15 1.16 1.16 1.14 41357
20150422 1.16 1.17 1.18 1.15 81585
20150423 1.17 1.16 1.19 1.16 95034
20150424 1.16 1.15 1.16 1.14 71337
20150428 1.05 1.10 1.10 1.05 81461
20150429 1.12 1.10 1.12 1.09 67670
20150430 1.10 1.12 1.20 1.10 89073
20150504 1.12 1.12 1.14 1.12 29204
20150505 1.12 1.12 1.13 1.11 27361
20150506 1.12 1.12 1.13 1.12 15698
20150507 1.12 1.12 1.13 1.12 19245
20150508 1.12 1.12 1.12 1.12 11071
20150511 1.12 1.11 1.12 1.11 14892
20150512 1.11 1.12 1.12 1.11 19533
20150513 1.11 1.12 1.13 1.11 8069
20150514 1.12 1.12 1.12 1.11 9377
20150515 1.12 1.12 1.12 1.11 9017
20150518 1.12 1.11 1.12 1.11 5006
20150519 1.11 1.12 1.12 1.11 13145
20150520 1.12 1.11 1.12 1.11 32166
20150521 1.11 1.11 1.12 1.11 20099
20150522 1.11 1.11 1.11 1.11 16530
20150525 1.12 1.15 1.15 1.11 24316
20150526 1.13 1.19 1.20 1.12 31907
20150527 1.18 1.24 1.28 1.15 95891
20150528 1.23 1.14 1.23 1.13 49391
20150529 1.13 1.12 1.14 1.06 45729
20150601 1.12 1.13 1.13 1.11 18514
20150602 1.13 1.12 1.13 1.12 14601
20150603 1.12 1.12 1.13 1.11 26139
20150604 1.12 1.12 1.12 1.11 13955
20150605 1.12 1.13 1.14 1.12 9965
20150608 1.13 1.13 1.13 1.13 9560
20150609 1.13 1.17 1.20 1.13 23233
20150610 1.16 1.15 1.16 1.13 9825
20150611 1.13 1.13 1.14 1.13 7183
20150612 1.14 1.13 1.14 1.12 11083
20150615 1.13 1.13 1.13 1.13 12035
20150616 1.13 1.12 1.13 1.12 7976
20150617 1.13 1.13 1.13 1.13 7425
20150618 1.13 1.13 1.13 1.12 15016
20150619 1.13 1.12 1.13 1.12 7965
20150623 1.12 1.13 1.13 1.12 4786
20150624 1.13 1.13 1.14 1.13 28381
20150625 1.17 1.14 1.17 1.13 3131
20150626 1.13 1.13 1.14 1.12 9213
20150629 1.12 1.13 1.13 1.11 12012
20150630 1.12 1.13 1.13 1.11 4580
20150701 1.13 1.13 1.14 1.12 2555
20150702 1.12 1.12 1.13 1.12 6182
20150703 1.12 1.13 1.13 1.12 3347
20150706 1.12 1.13 1.13 1.12 5211
20150707 1.12 1.13 1.13 1.12 8968
20150708 1.12 1.12 1.13 1.10 3058
20150709 1.11 1.14 1.19 1.09 24786
20150710 1.14 1.13 1.15 1.11 12792
20150713 1.12 1.13 1.13 1.11 11157
20150714 1.12 1.13 1.13 1.12 15473
20150715 1.12 1.13 1.13 1.12 5349
20150716 1.12 1.13 1.13 1.12 1919
20150717 1.13 1.13 1.14 1.13 18241
20150720 1.14 1.14 1.15 1.14 5427
20150721 1.15 1.16 1.16 1.15 5439
20150722 1.15 1.15 1.17 1.15 1519
20150723 1.15 1.16 1.17 1.15 4772
20150724 1.15 1.16 1.16 1.15 3211
20150727 1.16 1.16 1.17 1.16 7343
20150728 1.17 1.17 1.17 1.16 10314
20150729 1.17 1.18 1.19 1.17 4024
20150730 1.18 1.18 1.19 1.18 1476
