20140328 1.00 0.92 1.00 0.92 5777
20140331 0.93 0.94 0.94 0.88 5868
20140401 0.93 0.90 0.93 0.88 5583
20140402 0.90 0.90 0.90 0.88 3153
20140403 0.89 0.90 0.90 0.89 1038
20140404 0.89 0.89 0.89 0.87 4418
20140408 0.88 0.88 0.89 0.88 4557
20140409 0.88 0.90 0.90 0.88 4372
20140410 0.89 0.90 0.91 0.89 4918
20140411 0.90 0.90 0.91 0.89 1592
20140414 0.89 0.90 0.90 0.89 9079
20140415 0.89 0.92 0.92 0.89 1121
20140416 0.92 0.93 0.93 0.92 2974
20140417 0.92 0.94 0.94 0.92 1614
20140418 0.94 0.94 0.94 0.93 947
20140421 0.92 0.93 0.93 0.92 7328
20140422 0.93 0.93 0.94 0.91 4406
20140423 0.93 0.93 0.94 0.93 4021
20140424 0.94 0.94 0.94 0.94 385
20140425 0.94 0.93 0.94 0.92 3141
20140428 0.94 0.93 0.94 0.93 3105
20140429 0.92 0.95 0.95 0.90 7630
20140430 0.97 0.97 0.97 0.97 2
20140505 0.98 0.96 0.98 0.96 509
20140506 0.94 0.97 0.98 0.94 5029
20140507 0.97 0.98 0.98 0.97 2857
20140508 0.98 0.99 1.00 0.98 20962
20140509 1.01 1.01 1.01 1.00 13951
20140512 1.02 1.02 1.02 1.01 13228
20140513 1.02 1.03 1.03 1.01 824
20140514 1.02 1.03 1.03 1.02 1560
20140515 1.04 1.03 1.04 1.02 1011
20140516 1.03 1.03 1.03 1.03 165
20140519 1.03 1.03 1.03 1.03 10766
20140520 1.03 1.03 1.03 1.03 1528
20140521 1.03 1.03 1.03 1.03 1757
20140522 1.03 1.03 1.03 1.03 1818
20140523 1.03 1.04 1.04 1.03 672
20140526 1.04 1.04 1.04 1.04 3965
20140527 1.04 1.04 1.05 1.04 6959
20140528 1.04 1.06 1.06 1.04 4626
20140529 1.06 1.08 1.08 1.05 15245
20140530 1.08 1.09 1.10 1.07 6700
20140603 1.09 1.12 1.13 1.09 9618
20140604 1.12 1.13 1.13 1.12 4593
20140605 1.13 1.13 1.13 1.10 4453
20140606 1.12 1.14 1.17 1.12 4138
20140609 1.16 1.20 1.23 1.16 8907
20140610 1.20 1.22 1.26 1.20 4448
20140611 1.21 1.17 1.21 1.17 3369
20140612 1.17 1.19 1.19 1.15 7491
20140613 1.20 1.20 1.20 1.19 2288
20140616 1.20 1.19 1.20 1.17 3864
20140617 1.18 1.18 1.19 1.18 1639
20140618 1.18 1.17 1.18 1.15 2739
20140619 1.17 1.18 1.18 1.16 1144
20140620 1.20 1.20 1.20 1.18 1284
20140623 1.19 1.24 1.24 1.19 1744
20140624 1.24 1.24 1.25 1.23 3688
20140625 1.24 1.24 1.25 1.24 3826
20140626 1.24 1.25 1.25 1.22 2615
20140627 1.26 1.26 1.26 1.24 779
20140630 1.25 1.26 1.26 1.25 5109
20140701 1.25 1.25 1.25 1.25 2676
20140702 1.23 1.23 1.24 1.21 3578
20140703 1.20 1.20 1.21 1.19 6110
20140704 1.19 1.20 1.20 1.19 1733
20140707 1.19 1.20 1.20 1.18 1692
20140708 1.18 1.20 1.20 1.18 3627
20140709 1.18 1.16 1.18 1.16 9877
20140710 1.17 1.16 1.17 1.15 4175
20140711 1.14 1.17 1.17 1.14 3316
20140714 1.17 1.19 1.19 1.17 207
20140715 1.16 1.16 1.16 1.15 1006
20140716 1.16 1.16 1.16 1.16 213
20140717 1.16 1.14 1.16 1.13 6001
20140718 1.10 1.14 1.15 1.10 699
20140721 1.14 1.13 1.14 1.11 1131
20140722 1.10 1.13 1.13 1.10 358
20140725 1.09 1.11 1.12 1.09 1692
20140728 1.10 1.11 1.13 1.10 1429
20140729 1.10 1.12 1.12 1.10 500
20140730 1.13 1.11 1.15 1.11 1047
20140731 1.13 1.16 1.16 1.13 1390
20140801 1.16 1.15 1.16 1.14 544
20140804 1.15 1.16 1.18 1.15 1117
20140805 1.20 1.17 1.20 1.15 602
20140806 1.15 1.16 1.16 1.15 312
20140807 1.16 1.16 1.16 1.15 187
20140808 1.17 1.16 1.17 1.16 492
20140812 1.17 1.17 1.17 1.17 60
20140813 1.19 1.17 1.19 1.16 314
20140814 1.17 1.18 1.20 1.17 1165
20140815 1.20 1.20 1.20 1.19 2301
20140818 1.20 1.22 1.22 1.20 2053
20140819 1.20 1.20 1.22 1.20 473
20140820 1.21 1.20 1.21 1.20 563
20140821 1.20 1.20 1.20 1.20 488
20140822 1.19 1.20 1.20 1.19 658
20140825 1.19 1.19 1.19 1.18 1064
20140826 1.20 1.19 1.20 1.18 1188
20140827 1.18 1.19 1.20 1.18 816
20140828 1.17 1.20 1.20 1.12 403
20140829 1.19 1.20 1.20 1.19 773
20140901 1.20 1.21 1.21 1.20 1419
20140902 1.22 1.21 1.22 1.21 1231
20140903 1.21 1.22 1.22 1.21 1239
20140904 1.24 1.23 1.24 1.22 559
20140905 1.24 1.24 1.24 1.24 19
20140909 1.24 1.24 1.24 1.24 20
20140910 1.24 1.24 1.24 1.23 1371
20140911 1.22 1.23 1.23 1.22 588
20140915 1.23 1.22 1.23 1.21 1518
20140917 1.22 1.22 1.22 1.22 550
20140918 1.22 1.24 1.24 1.22 858
20140919 1.24 1.24 1.24 1.24 40
20140922 1.24 1.25 1.25 1.24 391
20140923 1.27 1.25 1.27 1.24 2297
20140924 1.25 1.25 1.26 1.24 582
20140925 1.26 1.25 1.26 1.24 1350
20140926 1.25 1.25 1.25 1.24 362
20140929 1.27 1.25 1.27 1.25 341
20140930 1.26 1.28 1.30 1.25 1720
20141008 1.30 1.29 1.30 1.29 1376
20141009 1.30 1.30 1.30 1.28 13506
20141010 1.30 1.29 1.30 1.29 2381
20141013 1.30 1.29 1.30 1.28 4399
20141014 1.30 1.31 1.31 1.29 16550
20141015 1.31 1.32 1.33 1.31 72190
20141016 1.33 1.34 1.35 1.32 66024
20141017 1.35 1.37 1.37 1.35 46939
20141020 1.39 1.42 1.42 1.39 38521
20141021 1.43 1.43 1.45 1.42 28780
20141022 1.44 1.43 1.44 1.42 27290
20141023 1.43 1.46 1.46 1.43 24612
20141024 1.46 1.50 1.50 1.45 46280
20141027 1.49 1.55 1.55 1.49 25345
20141028 1.55 1.52 1.56 1.49 33883
20141029 1.50 1.52 1.53 1.49 20917
20141030 1.52 1.51 1.52 1.51 6107
20141031 1.51 1.53 1.54 1.51 12027
20141103 1.53 1.52 1.53 1.51 12717
20141104 1.52 1.54 1.55 1.52 12286
20141105 1.55 1.59 1.60 1.55 28390
20141106 1.60 1.64 1.65 1.60 21846
20141107 1.64 1.60 1.65 1.59 24047
20141110 1.59 1.59 1.62 1.52 11247
20141111 1.58 1.57 1.60 1.56 21440
20141112 1.58 1.55 1.58 1.54 16453
20141113 1.55 1.54 1.56 1.52 17370
20141114 1.56 1.50 1.56 1.50 23322
20141117 1.49 1.49 1.50 1.47 18830
20141118 1.50 1.51 1.51 1.47 8174
20141119 1.51 1.50 1.52 1.48 8265
20141120 1.49 1.52 1.54 1.48 8668
20141121 1.50 1.51 1.52 1.50 10559
20141124 1.52 1.52 1.54 1.52 21745
20141125 1.52 1.52 1.52 1.48 24057
20141126 1.49 1.48 1.50 1.47 16803
20141127 1.48 1.49 1.49 1.47 23573
20141128 1.48 1.47 1.49 1.46 17716
20141201 1.47 1.45 1.47 1.44 22068
20141202 1.45 1.45 1.47 1.44 11084
20141203 1.44 1.43 1.44 1.42 24523
20141204 1.42 1.40 1.42 1.39 35978
20141205 1.40 1.36 1.40 1.36 23876
20141208 1.35 1.35 1.36 1.32 23151
20141209 1.31 1.29 1.31 1.28 27043
20141210 1.29 1.31 1.32 1.26 14778
20141211 1.30 1.27 1.30 1.26 14169
20141212 1.27 1.33 1.34 1.27 22449
20141215 1.35 1.40 1.40 1.35 28255
20141216 1.39 1.37 1.39 1.35 20576
20141217 1.34 1.34 1.35 1.28 10823
20141218 1.32 1.34 1.39 1.31 13296
20141219 1.31 1.33 1.34 1.31 10275
20141222 1.34 1.38 1.39 1.31 14539
20141223 1.36 1.42 1.42 1.36 15526
20141224 1.42 1.48 1.48 1.39 30748
20141225 1.48 1.44 1.48 1.40 21255
20141226 1.45 1.44 1.45 1.41 11925
20141229 1.43 1.44 1.45 1.42 17082
20141230 1.44 1.44 1.45 1.42 6245
20141231 1.44 1.43 1.44 1.41 7937
20150105 1.41 1.40 1.41 1.39 9530
20150106 1.38 1.39 1.41 1.38 9177
20150107 1.38 1.37 1.38 1.36 6446
20150108 1.37 1.37 1.39 1.35 9082
20150109 1.37 1.35 1.37 1.35 10429
20150112 1.35 1.36 1.37 1.35 6847
20150113 1.37 1.36 1.37 1.33 3715
20150114 1.37 1.38 1.38 1.36 10319
20150115 1.38 1.43 1.45 1.38 26043
20150116 1.44 1.43 1.44 1.35 24175
20150119 1.43 1.50 1.57 1.41 47887
20150120 1.52 1.59 1.65 1.50 105355
20150121 1.59 1.54 1.74 1.52 91610
20150122 1.54 1.46 1.59 1.43 55113
20150127 1.42 1.42 1.46 1.41 45243
20150128 1.42 1.41 1.44 1.41 17304
20150129 1.42 1.39 1.42 1.38 19890
20150130 1.41 1.40 1.41 1.38 8719
20150202 1.41 1.39 1.41 1.38 9267
20150203 1.40 1.42 1.42 1.38 11763
20150204 1.42 1.42 1.43 1.41 9132
20150205 1.43 1.40 1.43 1.40 14776
20150206 1.40 1.40 1.41 1.39 8261
20150209 1.40 1.39 1.40 1.39 6211
20150210 1.39 1.39 1.40 1.39 16985
20150211 1.39 1.42 1.42 1.39 21753
20150212 1.41 1.42 1.42 1.41 5849
20150213 1.42 1.44 1.44 1.42 14343
20150216 1.44 1.44 1.44 1.43 11217
20150217 1.44 1.44 1.45 1.43 18086
20150225 1.43 1.43 1.44 1.43 7167
20150226 1.43 1.44 1.44 1.42 11720
20150227 1.43 1.44 1.44 1.42 10578
20150302 1.45 1.44 1.45 1.43 10653
20150303 1.44 1.44 1.44 1.43 12092
20150304 1.44 1.43 1.44 1.43 5941
20150305 1.43 1.42 1.43 1.42 11949
20150306 1.42 1.43 1.45 1.42 5049
20150309 1.42 1.42 1.43 1.42 1867
20150310 1.42 1.42 1.43 1.42 10517
20150311 1.42 1.42 1.42 1.42 9214
20150312 1.42 1.42 1.42 1.42 12764
20150313 1.43 1.43 1.43 1.42 5948
20150316 1.43 1.43 1.43 1.42 9194
20150317 1.43 1.44 1.44 1.43 11348
20150318 1.44 1.47 1.47 1.44 30979
20150319 1.47 1.45 1.47 1.44 17260
20150320 1.45 1.45 1.45 1.44 13612
20150323 1.45 1.44 1.45 1.44 13880
20150324 1.44 1.43 1.44 1.43 10814
20150325 1.43 1.44 1.44 1.42 7697
20150326 1.44 1.43 1.44 1.43 6705
20150327 1.43 1.42 1.43 1.41 2768
20150330 1.42 1.42 1.43 1.42 5571
20150331 1.42 1.43 1.43 1.42 7464
20150401 1.43 1.43 1.43 1.42 6486
20150402 1.43 1.43 1.43 1.43 8406
20150403 1.43 1.43 1.43 1.43 1716
20150407 1.43 1.43 1.43 1.42 16186
20150408 1.43 1.43 1.43 1.42 13031
20150409 1.42 1.42 1.43 1.41 4756
20150410 1.41 1.42 1.42 1.41 4904
20150413 1.43 1.42 1.43 1.42 10740
20150414 1.42 1.43 1.43 1.42 11981
20150415 1.42 1.42 1.43 1.42 6524
20150416 1.42 1.42 1.43 1.42 5515
20150417 1.42 1.43 1.45 1.42 12751
20150420 1.44 1.50 1.54 1.44 86216
20150421 1.50 1.49 1.50 1.46 34035
20150422 1.48 1.48 1.48 1.46 28030
20150423 1.47 1.49 1.49 1.47 25620
20150424 1.47 1.48 1.49 1.47 21532
20150427 1.48 1.48 1.49 1.46 13111
20150428 1.48 1.47 1.48 1.46 9988
20150429 1.47 1.47 1.47 1.46 6769
20150430 1.47 1.47 1.47 1.47 2526
20150504 1.47 1.47 1.50 1.47 12676
20150505 1.47 1.47 1.48 1.47 10312
20150506 1.47 1.46 1.47 1.46 16084
20150507 1.46 1.46 1.47 1.45 17901
20150508 1.47 1.48 1.48 1.47 7208
20150511 1.47 1.48 1.48 1.47 24300
20150512 1.48 1.48 1.48 1.48 12237
20150513 1.48 1.48 1.49 1.48 22679
20150514 1.48 1.48 1.49 1.48 6027
20150515 1.48 1.49 1.49 1.48 12033
20150518 1.49 1.48 1.49 1.48 9209
20150519 1.49 1.49 1.49 1.48 12265
20150520 1.48 1.49 1.49 1.48 16362
20150521 1.49 1.49 1.49 1.49 4196
20150522 1.49 1.51 1.51 1.49 9099
20150525 1.51 1.51 1.51 1.50 14212
20150526 1.51 1.54 1.56 1.51 33395
20150527 1.53 1.54 1.54 1.52 8312
20150528 1.53 1.52 1.53 1.50 14094
20150529 1.50 1.50 1.50 1.48 8414
20150601 1.48 1.49 1.50 1.48 7379
20150602 1.49 1.48 1.49 1.48 8441
20150603 1.48 1.48 1.49 1.46 11533
20150604 1.47 1.48 1.49 1.47 9733
20150605 1.48 1.48 1.50 1.47 4942
20150608 1.49 1.48 1.49 1.48 7392
20150609 1.48 1.49 1.50 1.48 10836
20150610 1.48 1.48 1.49 1.48 7106
20150611 1.48 1.48 1.48 1.47 11933
20150612 1.48 1.48 1.48 1.47 1956
20150615 1.48 1.48 1.48 1.47 12627
20150616 1.47 1.48 1.48 1.47 1724
20150617 1.46 1.48 1.48 1.46 3972
20150618 1.47 1.48 1.48 1.47 9135
20150619 1.47 1.47 1.48 1.47 1277
20150623 1.47 1.47 1.47 1.46 4785
20150624 1.47 1.50 1.50 1.47 3121
20150625 1.49 1.48 1.49 1.48 2854
20150626 1.48 1.48 1.48 1.47 5504
20150629 1.48 1.47 1.48 1.46 3874
20150630 1.46 1.47 1.47 1.46 9557
20150701 1.47 1.47 1.47 1.47 418
20150702 1.47 1.46 1.47 1.45 7188
20150703 1.45 1.45 1.45 1.43 2940
20150706 1.45 1.47 1.49 1.45 9646
20150707 1.49 1.48 1.49 1.47 17129
20150708 1.48 1.47 1.48 1.44 9572
20150709 1.46 1.49 1.49 1.46 8599
20150710 1.48 1.49 1.49 1.47 9438
20150713 1.49 1.49 1.49 1.47 12996
20150714 1.49 1.49 1.49 1.48 1433
20150715 1.49 1.51 1.51 1.48 7648
20150716 1.51 1.51 1.52 1.51 3136
20150717 1.52 1.52 1.53 1.51 5160
20150720 1.53 1.53 1.53 1.52 13616
20150721 1.53 1.53 1.54 1.53 3144
20150722 1.54 1.53 1.54 1.53 8744
20150727 1.53 1.54 1.56 1.53 11321
20150728 1.54 1.54 1.55 1.54 4140
20150729 1.54 1.56 1.56 1.54 2142
20150730 1.56 1.57 1.58 1.56 3609
