20150528 1.10 1.10 1.10 1.10 31859
20150529 1.15 1.10 1.15 1.04 546265
20150601 1.08 1.12 1.15 1.05 838640
20150602 1.12 1.09 1.12 1.07 518122
20150603 1.10 1.09 1.12 1.06 370579
20150604 1.09 1.12 1.15 0.98 817652
20150605 1.15 1.13 1.15 1.10 664966
20150608 1.13 1.24 1.24 1.13 992862
20150609 1.29 1.25 1.30 1.21 1180479
20150610 1.22 1.22 1.25 1.20 686304
20150611 1.20 1.19 1.24 1.16 995469
20150612 1.20 1.17 1.21 1.17 994161
20150615 1.18 1.12 1.19 1.11 771491
20150616 1.11 1.10 1.15 1.08 470158
20150617 1.11 1.10 1.12 1.06 412431
20150618 1.10 1.04 1.11 1.03 437871
20150619 1.01 0.95 1.05 0.94 396480
20150623 0.95 1.01 1.02 0.92 527861
20150624 1.02 1.00 1.02 0.97 581517
20150625 1.02 0.95 1.02 0.91 546749
20150626 0.93 0.86 0.98 0.86 550039
20150629 0.89 0.79 0.89 0.77 734132
20150630 0.79 0.87 0.87 0.75 642105
20150701 0.87 0.79 0.89 0.79 644197
20150702 0.79 0.77 0.83 0.71 681591
20150703 0.74 0.69 0.79 0.69 644568
20150706 0.76 0.71 0.76 0.65 962713
20150707 0.66 0.64 0.70 0.64 739667
20150708 0.58 0.58 0.58 0.58 61133
20150709 0.52 0.61 0.64 0.52 1541565
20150710 0.56 0.67 0.67 0.56 1896239
20150713 0.65 0.70 0.73 0.64 921617
20150714 0.68 0.65 0.70 0.63 525591
20150715 0.64 0.59 0.64 0.59 228371
20150716 0.53 0.53 0.58 0.53 766962
20150717 0.53 0.58 0.58 0.49 643204
20150720 0.57 0.59 0.61 0.56 374781
20150721 0.58 0.60 0.62 0.56 327160
20150722 0.60 0.60 0.62 0.58 336324
20150723 0.60 0.66 0.66 0.60 451591
20150724 0.67 0.67 0.72 0.66 577486
20150727 0.60 0.60 0.65 0.60 310000
20150728 0.54 0.54 0.57 0.54 511317
20150729 0.49 0.49 0.53 0.49 385329
20150730 0.44 0.44 0.49 0.44 1024393
