20140102 0.84 0.84 0.84 0.84 142339
20140103 0.84 0.83 0.84 0.83 150570
20140106 0.83 0.81 0.83 0.81 225643
20140107 0.81 0.81 0.82 0.81 98770
20140108 0.81 0.81 0.82 0.81 163966
20140109 0.81 0.80 0.82 0.80 239014
20140110 0.80 0.80 0.80 0.79 260930
20140113 0.79 0.79 0.80 0.78 157790
20140114 0.79 0.80 0.80 0.78 511024
20140115 0.80 0.80 0.80 0.79 1408021
20140116 0.79 0.79 0.80 0.79 772722
20140117 0.79 0.78 0.79 0.78 244491
20140120 0.78 0.78 0.79 0.78 117650
20140121 0.78 0.79 0.79 0.78 184416
20140122 0.79 0.81 0.81 0.79 319362
20140123 0.81 0.81 0.82 0.81 155947
20140124 0.81 0.82 0.82 0.81 261680
20140127 0.81 0.80 0.82 0.80 139188
20140128 0.80 0.80 0.81 0.80 695371
20140129 0.80 0.80 0.81 0.80 98871
20140130 0.80 0.79 0.80 0.79 145825
20140207 0.78 0.79 0.79 0.78 131455
20140210 0.79 0.81 0.81 0.79 290597
20140211 0.81 0.81 0.82 0.81 316835
20140212 0.81 0.82 0.82 0.81 983646
20140213 0.82 0.82 0.82 0.81 311401
20140214 0.81 0.82 0.82 0.81 311350
20140217 0.82 0.82 0.82 0.82 292947
20140218 0.83 0.81 0.83 0.81 259104
20140219 0.81 0.83 0.83 0.81 242449
20140220 0.83 0.81 0.83 0.81 187349
20140221 0.81 0.80 0.81 0.80 191375
20140224 0.80 0.78 0.80 0.77 334276
20140225 0.78 0.76 0.78 0.76 479373
20140226 0.76 0.76 0.76 0.75 303026
20140227 0.76 0.75 0.76 0.74 279919
20140228 0.75 0.76 0.77 0.74 386648
20140303 0.76 0.77 0.77 0.76 190780
20140304 0.76 0.76 0.77 0.75 209141
20140305 0.76 0.76 0.76 0.76 163847
20140306 0.76 0.76 0.76 0.75 357750
20140307 0.76 0.76 0.77 0.76 188523
20140310 0.75 0.74 0.75 0.74 373858
20140311 0.74 0.75 0.75 0.74 499575
20140312 0.75 0.75 0.76 0.74 746433
20140313 0.75 0.76 0.76 0.75 462174
20140314 0.75 0.75 0.76 0.75 345110
20140317 0.75 0.76 0.76 0.75 385291
20140318 0.76 0.75 0.76 0.75 325646
20140319 0.75 0.74 0.75 0.74 471229
20140320 0.74 0.73 0.75 0.73 706024
20140321 0.72 0.75 0.75 0.72 729915
20140324 0.75 0.75 0.76 0.75 289604
20140325 0.75 0.75 0.76 0.75 306718
20140326 0.75 0.75 0.76 0.75 133880
20140327 0.75 0.75 0.76 0.74 285330
20140328 0.74 0.74 0.75 0.74 358467
20140331 0.74 0.75 0.76 0.74 438085
20140401 0.75 0.76 0.76 0.75 427612
20140402 0.76 0.76 0.76 0.76 259521
20140403 0.76 0.76 0.77 0.76 252507
20140404 0.76 0.77 0.77 0.75 146142
20140408 0.76 0.78 0.78 0.76 376639
20140409 0.78 0.78 0.78 0.78 215415
20140410 0.78 0.79 0.79 0.78 262525
20140411 0.78 0.79 0.79 0.78 222168
20140414 0.79 0.79 0.79 0.78 119370
20140415 0.79 0.77 0.79 0.77 111829
20140416 0.77 0.78 0.78 0.77 227199
20140417 0.78 0.78 0.78 0.77 117787
20140418 0.77 0.77 0.78 0.77 637585
20140421 0.77 0.76 0.78 0.76 573138
20140422 0.76 0.77 0.77 0.76 184232
20140423 0.77 0.77 0.78 0.77 684914
20140424 0.77 0.77 0.78 0.77 631615
20140425 0.77 0.77 0.77 0.76 453976
20140428 0.76 0.76 0.76 0.75 350015
20140429 0.75 0.77 0.77 0.75 197281
20140430 0.77 0.76 0.77 0.76 376929
20140505 0.76 0.76 0.76 0.75 512743
20140506 0.76 0.76 0.77 0.76 262635
20140507 0.76 0.75 0.76 0.75 246385
20140508 0.75 0.75 0.76 0.75 310989
20140509 0.75 0.75 0.75 0.74 257959
20140512 0.75 0.77 0.77 0.75 1071938
20140513 0.77 0.76 0.77 0.76 306804
20140514 0.76 0.76 0.77 0.76 374838
20140515 0.76 0.75 0.76 0.75 80084
20140516 0.76 0.76 0.76 0.75 201878
20140519 0.75 0.75 0.75 0.74 221238
20140520 0.75 0.75 0.76 0.75 123743
20140521 0.75 0.75 0.75 0.74 667971
20140522 0.75 0.75 0.76 0.75 362116
20140523 0.75 0.76 0.76 0.75 718078
20140526 0.76 0.76 0.76 0.76 287468
20140527 0.76 0.76 0.76 0.76 349554
20140528 0.76 0.77 0.77 0.76 467906
20140529 0.77 0.77 0.78 0.77 160153
20140530 0.77 0.77 0.77 0.76 277608
20140603 0.77 0.77 0.77 0.77 312304
20140604 0.76 0.76 0.76 0.75 269027
20140605 0.76 0.76 0.76 0.75 690587
20140606 0.76 0.76 0.77 0.76 329736
20140609 0.76 0.76 0.77 0.76 138953
20140610 0.76 0.77 0.77 0.76 610767
20140611 0.77 0.77 0.77 0.77 203797
20140612 0.77 0.77 0.77 0.77 112331
20140613 0.77 0.78 0.78 0.77 176678
20140616 0.78 0.78 0.78 0.78 437501
20140617 0.78 0.77 0.78 0.77 130255
20140618 0.77 0.77 0.77 0.77 185230
20140619 0.77 0.76 0.77 0.75 180861
20140620 0.75 0.76 0.76 0.75 174872
20140623 0.76 0.76 0.76 0.76 235344
20140624 0.76 0.76 0.76 0.76 312568
20140625 0.76 0.76 0.76 0.76 311686
20140626 0.76 0.77 0.77 0.76 416527
20140627 0.77 0.77 0.77 0.77 352549
20140630 0.77 0.77 0.78 0.77 212708
20140701 0.77 0.77 0.78 0.77 79610
20140702 0.77 0.77 0.77 0.76 295519
20140703 0.77 0.77 0.77 0.77 332911
20140704 0.77 0.77 0.77 0.77 68982
20140707 0.77 0.77 0.78 0.77 248469
20140708 0.77 0.77 0.77 0.77 307518
20140709 0.77 0.76 0.77 0.76 209302
20140710 0.76 0.76 0.76 0.75 148622
20140711 0.76 0.76 0.76 0.75 139667
20140714 0.76 0.77 0.77 0.76 161531
20140715 0.77 0.77 0.77 0.77 460760
20140716 0.77 0.77 0.77 0.77 220253
20140717 0.77 0.76 0.77 0.75 191056
20140718 0.76 0.77 0.77 0.76 361585
20140721 0.77 0.77 0.77 0.77 151402
20140722 0.77 0.78 0.78 0.77 481602
20140723 0.78 0.78 0.78 0.77 441117
20140724 0.78 0.79 0.79 0.78 609383
20140725 0.80 0.80 0.80 0.79 522819
20140728 0.80 0.83 0.83 0.80 898128
20140729 0.83 0.83 0.83 0.82 586589
20140730 0.83 0.83 0.83 0.82 338892
20140731 0.83 0.84 0.84 0.82 515755
20140801 0.84 0.83 0.85 0.83 663564
20140804 0.83 0.84 0.84 0.83 326136
20140805 0.85 0.84 0.85 0.84 244639
20140806 0.84 0.84 0.85 0.83 375624
20140807 0.84 0.83 0.85 0.83 509525
20140808 0.83 0.83 0.84 0.83 271473
20140811 0.83 0.84 0.85 0.83 440448
20140812 0.84 0.84 0.84 0.84 326048
20140813 0.84 0.84 0.85 0.83 289800
20140814 0.84 0.83 0.84 0.83 483545
20140815 0.83 0.84 0.85 0.83 512325
20140818 0.84 0.85 0.85 0.84 313302
20140819 0.85 0.85 0.85 0.84 257988
20140820 0.85 0.85 0.85 0.85 257029
20140821 0.85 0.84 0.85 0.84 180202
20140822 0.84 0.85 0.85 0.84 245132
20140825 0.85 0.84 0.85 0.84 358605
20140826 0.84 0.83 0.84 0.82 453601
20140827 0.82 0.83 0.83 0.82 497260
20140828 0.83 0.82 0.83 0.82 478132
20140829 0.82 0.83 0.83 0.82 407848
20140901 0.83 0.84 0.84 0.83 494278
20140902 0.84 0.85 0.85 0.84 675475
20140903 0.85 0.86 0.86 0.85 534803
20140904 0.86 0.86 0.86 0.86 435785
20140905 0.86 0.87 0.87 0.86 267003
20140909 0.87 0.86 0.87 0.86 112487
20140910 0.86 0.86 0.86 0.86 96598
20140911 0.86 0.86 0.87 0.85 345991
20140912 0.86 0.86 0.86 0.85 121926
20140915 0.86 0.86 0.86 0.85 203313
20140916 0.86 0.84 0.86 0.84 346736
20140917 0.84 0.84 0.84 0.83 236024
20140918 0.84 0.84 0.85 0.84 211095
20140919 0.84 0.85 0.85 0.84 239782
20140922 0.85 0.83 0.85 0.83 357782
20140923 0.83 0.84 0.84 0.83 398440
20140924 0.84 0.86 0.86 0.84 362798
20140925 0.86 0.85 0.86 0.85 377584
20140926 0.85 0.85 0.85 0.85 121721
20140929 0.85 0.85 0.86 0.85 139537
20140930 0.85 0.85 0.85 0.85 96083
20141008 0.86 0.86 0.86 0.85 181131
20141009 0.87 0.86 0.87 0.86 140115
20141010 0.86 0.87 0.87 0.86 353819
20141013 0.86 0.86 0.86 0.85 301345
20141014 0.86 0.86 0.87 0.85 251208
20141015 0.86 0.86 0.87 0.85 307015
20141016 0.86 0.86 0.87 0.86 296869
20141017 0.86 0.86 0.86 0.85 432709
20141020 0.86 0.87 0.87 0.86 331728
20141021 0.86 0.86 0.87 0.85 177619
20141022 0.86 0.85 0.86 0.85 274040
20141023 0.85 0.84 0.85 0.84 392975
20141024 0.84 0.83 0.84 0.83 415317
20141027 0.83 0.83 0.83 0.82 396417
20141028 0.83 0.84 0.84 0.83 325854
20141029 0.84 0.85 0.85 0.84 454284
20141030 0.85 0.85 0.85 0.85 175766
20141031 0.85 0.87 0.87 0.85 554894
20141103 0.87 0.87 0.87 0.86 243718
20141104 0.87 0.86 0.87 0.86 203934
20141105 0.87 0.86 0.87 0.86 171654
20141106 0.86 0.87 0.87 0.86 143442
20141107 0.87 0.87 0.88 0.86 462258
20141110 0.87 0.89 0.89 0.87 511512
20141111 0.89 0.88 0.90 0.87 1495784
20141112 0.87 0.88 0.89 0.87 1486298
20141113 0.88 0.87 0.89 0.87 1043744
20141114 0.87 0.88 0.88 0.87 292953
20141117 0.88 0.87 0.88 0.87 294064
20141118 0.87 0.86 0.87 0.86 244134
20141119 0.86 0.87 0.87 0.86 227421
20141120 0.87 0.86 0.87 0.86 262565
20141121 0.86 0.88 0.88 0.86 455159
20141124 0.89 0.90 0.91 0.89 578335
20141125 0.91 0.92 0.92 0.90 300258
20141126 0.92 0.92 0.92 0.91 448113
20141127 0.92 0.93 0.93 0.92 404555
20141128 0.93 0.95 0.95 0.92 537392
20141201 0.95 0.96 0.97 0.94 428566
20141202 0.96 0.99 1.00 0.95 337262
20141203 0.99 1.02 1.04 0.99 969573
20141204 1.02 1.07 1.07 1.00 729120
20141205 1.07 1.07 1.09 1.02 654465
20141208 1.05 1.12 1.13 1.03 753271
20141209 1.12 1.07 1.16 1.06 890519
20141210 1.06 1.11 1.11 1.06 537509
20141211 1.10 1.10 1.13 1.09 522437
20141212 1.10 1.10 1.12 1.09 339365
20141215 1.10 1.10 1.11 1.08 391196
20141216 1.10 1.12 1.12 1.09 362043
20141217 1.12 1.14 1.14 1.11 322799
20141218 1.13 1.12 1.14 1.12 236965
20141219 1.11 1.12 1.12 1.09 182026
20141222 1.12 1.11 1.13 1.10 298504
20141223 1.11 1.11 1.13 1.10 299916
20141224 1.11 1.08 1.12 1.07 378684
20141225 1.08 1.10 1.11 1.08 230182
20141226 1.10 1.14 1.14 1.09 254062
20141229 1.15 1.13 1.15 1.12 316313
20141230 1.13 1.12 1.14 1.12 2400231
20141231 1.13 1.17 1.17 1.12 295358
20150105 1.17 1.22 1.22 1.17 732761
20150106 1.21 1.23 1.24 1.19 762472
20150107 1.23 1.22 1.23 1.21 410860
20150108 1.22 1.20 1.23 1.19 208994
20150109 1.20 1.19 1.23 1.18 313836
20150112 1.18 1.19 1.20 1.17 290170
20150113 1.18 1.19 1.20 1.17 304549
20150114 1.19 1.18 1.20 1.17 1237275
20150115 1.18 1.20 1.20 1.17 147207
20150116 1.21 1.21 1.21 1.20 156298
20150119 1.18 1.12 1.18 1.11 262533
20150120 1.12 1.15 1.16 1.12 358279
20150121 1.16 1.19 1.20 1.15 250759
20150122 1.19 1.21 1.21 1.17 298126
20150123 1.20 1.20 1.22 1.19 242470
20150126 1.20 1.22 1.23 1.20 369235
20150127 1.22 1.22 1.23 1.20 293938
20150128 1.21 1.19 1.21 1.19 204319
20150129 1.18 1.18 1.19 1.17 205967
20150130 1.18 1.17 1.19 1.17 277044
20150202 1.17 1.15 1.17 1.15 284941
20150203 1.16 1.18 1.18 1.15 248879
20150204 1.18 1.17 1.19 1.17 218682
20150205 1.19 1.16 1.19 1.16 331621
20150206 1.16 1.13 1.16 1.13 426418
20150209 1.15 1.14 1.15 1.12 342741
20150210 1.14 1.17 1.17 1.14 300417
20150211 1.17 1.18 1.19 1.16 253223
20150212 1.18 1.19 1.19 1.17 235588
20150213 1.19 1.20 1.21 1.19 221525
20150216 1.20 1.22 1.22 1.19 214729
20150217 1.22 1.23 1.23 1.21 160316
20150225 1.23 1.21 1.23 1.20 144914
20150226 1.21 1.23 1.23 1.20 217596
20150227 1.23 1.23 1.24 1.22 156146
20150302 1.24 1.25 1.25 1.24 238734
20150303 1.24 1.21 1.24 1.21 404313
20150304 1.21 1.22 1.23 1.21 227037
20150305 1.22 1.21 1.23 1.20 268287
20150306 1.21 1.20 1.22 1.19 297069
20150309 1.19 1.21 1.21 1.17 368442
20150310 1.21 1.21 1.22 1.20 389841
20150311 1.21 1.21 1.23 1.20 334715
20150312 1.21 1.22 1.23 1.21 234732
20150313 1.22 1.23 1.23 1.21 241654
20150316 1.23 1.26 1.26 1.22 404847
20150317 1.27 1.28 1.28 1.25 418397
20150318 1.28 1.31 1.31 1.28 332631
20150319 1.31 1.30 1.32 1.29 305301
20150320 1.30 1.31 1.33 1.29 239360
20150323 1.32 1.34 1.34 1.32 832705
20150324 1.34 1.34 1.35 1.31 298254
20150325 1.34 1.34 1.35 1.33 260736
20150326 1.33 1.33 1.35 1.32 186643
20150327 1.33 1.35 1.36 1.33 203240
20150330 1.35 1.38 1.39 1.34 444921
20150331 1.40 1.38 1.42 1.37 1078858
20150401 1.38 1.40 1.41 1.37 378732
20150402 1.41 1.41 1.42 1.39 402458
20150403 1.40 1.41 1.41 1.39 332753
20150407 1.42 1.44 1.44 1.42 269461
20150408 1.44 1.45 1.45 1.41 426457
20150409 1.45 1.44 1.46 1.42 558964
20150410 1.44 1.47 1.47 1.42 298105
20150413 1.47 1.48 1.49 1.46 373885
20150414 1.48 1.47 1.49 1.46 681872
20150415 1.47 1.43 1.47 1.43 289192
20150416 1.43 1.47 1.47 1.41 256848
20150417 1.47 1.48 1.49 1.47 355932
20150420 1.48 1.45 1.50 1.45 310033
20150421 1.45 1.52 1.52 1.45 465982
20150422 1.52 1.54 1.54 1.51 234757
20150423 1.55 1.54 1.56 1.53 344702
20150424 1.53 1.53 1.55 1.51 237461
20150427 1.54 1.55 1.57 1.54 206747
20150428 1.56 1.54 1.57 1.53 205986
20150429 1.54 1.57 1.57 1.53 273460
20150430 1.57 1.56 1.58 1.56 302509
20150504 1.56 1.56 1.57 1.54 294154
20150505 1.56 1.50 1.56 1.49 382310
20150506 1.50 1.49 1.53 1.47 400821
20150507 1.48 1.48 1.50 1.47 355785
20150508 1.49 1.52 1.52 1.49 338881
20150511 1.54 1.58 1.58 1.52 316867
20150512 1.58 1.58 1.59 1.56 319106
20150513 1.58 1.59 1.60 1.57 387288
20150514 1.59 1.58 1.61 1.57 313168
20150515 1.57 1.54 1.57 1.53 267038
20150518 1.53 1.54 1.55 1.53 229612
20150519 1.54 1.58 1.58 1.54 129356
20150520 1.59 1.61 1.64 1.59 365680
20150521 1.59 1.66 1.66 1.59 340973
20150522 1.67 1.68 1.69 1.63 303578
20150525 1.67 1.71 1.71 1.64 243642
20150526 1.71 1.76 1.76 1.70 255046
20150527 1.76 1.76 1.78 1.72 230958
20150528 1.76 1.67 1.78 1.66 359354
20150529 1.67 1.67 1.70 1.59 2039032
20150601 1.66 1.78 1.78 1.66 2523828
20150602 1.77 1.83 1.83 1.76 177370
20150603 1.83 1.82 1.85 1.78 194696
20150604 1.82 1.83 1.83 1.72 240188
20150605 1.83 1.82 1.86 1.80 144161
20150608 1.82 1.80 1.82 1.77 243566
20150609 1.80 1.79 1.81 1.76 219526
20150610 1.76 1.82 1.84 1.76 186860
20150611 1.82 1.84 1.84 1.81 321639
20150612 1.85 1.87 1.88 1.84 333487
20150615 1.87 1.82 1.88 1.82 506868
20150616 1.82 1.76 1.82 1.74 587484
20150617 1.76 1.81 1.81 1.72 548787
20150618 1.81 1.75 1.81 1.74 616562
20150619 1.72 1.66 1.73 1.66 122763
20150623 1.66 1.72 1.72 1.61 176758
20150624 1.72 1.68 1.73 1.67 186925
20150625 1.68 1.64 1.69 1.62 168780
20150626 1.62 1.48 1.62 1.47 284565
20150629 1.50 1.40 1.54 1.38 343988
20150630 1.41 1.49 1.50 1.34 332631
20150701 1.48 1.42 1.51 1.39 373310
20150702 1.42 1.39 1.44 1.37 258142
20150703 1.37 1.30 1.40 1.29 207240
20150706 1.43 1.36 1.43 1.28 213562
20150707 1.30 1.22 1.31 1.22 196750
20150708 1.10 1.10 1.10 1.10 38394
20150709 0.99 1.21 1.21 0.99 502054
20150710 1.22 1.33 1.33 1.22 749059
20150713 1.36 1.36 1.40 1.23 659301
20150714 1.31 1.32 1.36 1.28 539052
20150715 1.30 1.22 1.31 1.21 172236
20150716 1.19 1.27 1.29 1.17 211222
20150717 1.28 1.35 1.35 1.26 185680
20150720 1.35 1.37 1.39 1.32 454959
20150721 1.35 1.37 1.39 1.33 151279
20150722 1.37 1.37 1.39 1.35 187115
20150723 1.37 1.41 1.42 1.37 194974
20150724 1.42 1.36 1.43 1.36 129082
20150727 1.34 1.27 1.38 1.27 176860
20150728 1.24 1.27 1.31 1.21 82839
20150729 1.28 1.32 1.32 1.25 123888
20150730 1.32 1.28 1.33 1.28 89811
