20140102 1.06 1.08 1.08 1.06 5565
20140106 0.99 1.00 1.00 0.99 1691
20140107 0.99 1.01 1.01 0.99 9955
20140108 1.00 1.00 1.00 1.00 3489
20140109 0.99 1.00 1.00 0.99 6422
20140110 0.99 1.01 1.01 0.98 16580
20140113 0.98 1.01 1.01 0.98 6108
20140114 0.99 0.97 0.99 0.96 23618
20140115 0.97 0.95 0.97 0.95 10214
20140116 0.96 0.95 0.96 0.95 2127
20140117 0.94 0.93 0.94 0.91 4317
20140120 0.90 0.93 0.93 0.90 4785
20140121 0.92 0.92 0.93 0.91 3407
20140122 0.92 0.93 0.94 0.92 4198
20140123 0.93 0.93 0.94 0.93 28741
20140124 0.93 0.94 0.94 0.93 3497
20140127 0.94 0.93 0.94 0.93 4593
20140128 0.93 0.94 0.94 0.93 11275
20140129 0.93 0.94 0.94 0.93 2360
20140130 0.93 0.93 0.93 0.92 10649
20140207 0.93 0.93 0.94 0.93 13807
20140210 0.93 0.94 0.94 0.93 9619
20140211 0.94 0.95 0.95 0.94 5475
20140212 0.95 0.96 0.96 0.95 5920
20140213 0.96 0.96 0.97 0.96 3664
20140214 0.95 0.98 0.98 0.95 2242
20140217 0.98 0.99 0.99 0.98 4477
20140218 0.98 0.98 0.99 0.97 29004
20140219 0.97 0.99 0.99 0.97 1517
20140220 0.98 0.99 0.99 0.98 228
20140221 0.98 0.99 0.99 0.98 913
20140224 0.98 0.99 0.99 0.96 1933
20140225 0.96 0.95 0.97 0.95 8098
20140226 0.95 0.96 0.96 0.95 7394
20140227 0.96 0.96 0.96 0.96 1005
20140228 0.96 0.97 0.97 0.95 4078
20140303 0.96 0.97 0.98 0.96 164
20140304 0.95 0.97 0.98 0.95 2245
20140305 0.96 0.96 0.97 0.96 2474
20140306 0.95 0.97 0.97 0.95 2723
20140307 0.97 0.97 0.97 0.97 730
20140310 0.97 0.96 0.97 0.96 11008
20140311 0.95 0.96 0.96 0.95 4225
20140312 0.95 0.96 0.97 0.95 5392
20140313 0.97 0.97 0.97 0.96 5396
20140314 0.97 0.97 0.98 0.97 1527
20140317 0.97 0.97 0.97 0.97 803
20140318 0.97 0.97 0.97 0.97 641
20140319 0.97 0.97 0.97 0.97 80
20140320 0.96 0.96 0.97 0.96 752
20140321 0.96 0.98 0.98 0.96 1026
20140324 0.98 0.98 0.98 0.97 1297
20140325 0.96 0.98 0.98 0.96 5177
20140326 0.98 0.98 0.99 0.98 4355
20140327 0.98 0.98 0.99 0.97 683
20140328 0.98 0.98 0.98 0.97 1900
20140331 0.97 0.97 0.97 0.97 211
20140401 0.97 0.99 0.99 0.97 1941
20140402 0.99 1.00 1.00 0.99 12342
20140403 1.00 0.99 1.00 0.99 957
20140404 0.99 1.00 1.00 0.99 1446
20140408 1.00 1.01 1.01 1.00 1112
20140409 1.02 1.01 1.02 1.00 740
20140410 1.00 1.02 1.02 1.00 1229
20140411 1.02 1.02 1.03 1.02 538
20140414 1.02 1.02 1.03 1.00 917
20140415 1.02 1.02 1.06 1.02 416
20140416 1.00 1.02 1.02 1.00 603
20140417 1.01 1.02 1.02 1.01 698
20140418 1.00 1.02 1.05 1.00 537
20140421 1.02 1.01 1.05 1.01 844
20140422 1.01 1.02 1.02 1.01 484
20140423 1.02 1.03 1.03 1.02 5123
20140424 1.03 1.03 1.03 1.03 2996
20140425 1.02 1.02 1.04 1.02 3968
20140428 1.02 1.02 1.02 1.01 1052
20140429 1.01 1.01 1.02 1.01 880
20140430 1.02 1.02 1.03 1.02 462
20140505 1.02 1.02 1.03 1.02 2193
20140506 1.02 1.02 1.02 1.02 855
20140507 1.02 1.02 1.02 1.02 45
20140508 1.00 1.02 1.02 1.00 893
20140509 1.00 1.01 1.03 1.00 2368
20140512 1.02 1.03 1.03 1.02 4010
20140513 1.03 1.03 1.03 1.02 948
20140514 1.04 1.02 1.04 1.02 511
20140515 1.03 1.00 1.03 1.00 438
20140516 1.01 1.01 1.02 1.01 306
20140519 1.01 1.01 1.02 1.01 455
20140520 1.01 1.01 1.01 1.01 80
20140521 1.01 1.00 1.01 1.00 907
20140522 1.00 1.00 1.01 1.00 633
20140523 1.00 1.00 1.00 1.00 226
20140526 1.00 1.00 1.00 1.00 13
20140527 1.00 1.00 1.00 1.00 657
20140528 1.00 1.01 1.01 1.00 382
20140529 1.01 1.01 1.01 1.01 110
20140530 1.01 1.01 1.01 1.01 94
20140603 1.01 1.01 1.01 1.01 1131
20140604 1.01 1.01 1.01 1.01 136
20140605 1.01 1.01 1.01 1.01 1015
20140606 1.01 1.01 1.01 1.01 132
20140609 1.01 1.08 1.08 1.01 162
20140610 1.04 1.02 1.04 1.01 154
20140611 1.01 1.01 1.01 1.01 130
20140612 1.02 1.01 1.02 1.01 405
20140613 1.01 1.02 1.02 1.01 99
20140616 1.03 1.02 1.03 1.02 523
20140617 1.02 1.02 1.03 1.02 234
20140618 1.02 1.02 1.03 1.02 495
20140619 1.02 1.03 1.03 1.02 750
20140620 1.02 1.02 1.02 1.02 131
20140623 1.00 1.02 1.02 1.00 324
20140624 1.02 1.02 1.02 1.02 770
20140625 1.02 1.02 1.02 1.02 199
20140626 1.01 1.03 1.03 1.01 1108
20140627 1.01 1.01 1.03 1.01 2551
20140630 1.02 1.03 1.03 1.02 357
20140701 1.02 1.03 1.03 1.01 220
20140702 1.03 1.03 1.03 1.03 715
20140703 1.02 1.04 1.04 1.02 2088
20140704 1.04 1.04 1.04 1.04 1566
20140707 1.03 1.04 1.04 1.03 79
20140708 1.03 1.03 1.03 1.03 760
20140709 1.03 1.03 1.03 1.03 186
20140710 1.02 1.03 1.03 1.02 186
20140711 1.02 1.02 1.02 1.02 104
20140714 1.02 1.03 1.03 1.02 603
20140715 1.03 1.04 1.05 1.03 1059
20140716 1.04 1.04 1.04 1.04 843
20140717 1.03 1.03 1.03 1.03 1292
20140718 1.03 1.03 1.03 1.03 2318
20140721 1.03 1.04 1.04 1.03 410
20140722 1.03 1.04 1.14 1.03 103573
20140723 1.03 1.04 1.04 1.03 61059
20140724 1.04 1.05 1.10 1.03 34492
20140725 1.06 1.06 1.06 1.05 113995
20140728 1.06 1.07 1.08 1.06 17371
20140729 1.07 1.07 1.08 1.06 103863
20140730 1.08 1.08 1.08 1.07 17129
20140731 1.08 1.07 1.12 1.06 126471
20140801 1.06 1.05 1.06 1.02 72328
20140804 1.02 1.02 1.03 1.02 18081
20140805 1.02 1.01 1.02 1.01 19862
20140806 1.01 1.01 1.01 1.01 19247
20140807 1.01 1.02 1.02 1.01 15220
20140808 1.02 1.01 1.02 1.01 3954
20140811 1.01 1.02 1.02 1.01 4283
20140812 1.02 1.02 1.02 1.01 8410
20140813 1.02 1.03 1.03 1.02 9175
20140814 1.03 1.03 1.03 1.03 7923
20140815 1.03 1.03 1.04 1.03 10498
20140818 1.04 1.04 1.04 1.04 6260
20140819 1.05 1.05 1.05 1.04 8646
20140820 1.05 1.05 1.05 1.04 26578
20140821 1.05 1.04 1.05 1.01 78332
20140822 1.04 1.04 1.05 1.04 125279
20140825 1.04 1.04 1.04 1.04 11274
20140826 1.04 1.03 1.04 1.03 18099
20140827 1.02 1.04 1.04 1.02 7187
20140828 1.04 1.04 1.04 1.04 1898
20140829 1.04 1.04 1.04 1.04 3342
20140901 1.04 1.05 1.05 1.04 4012
20140902 1.05 1.05 1.05 1.05 9307
20140903 1.04 1.05 1.05 1.04 1060
20140904 1.04 1.06 1.06 1.04 5403
20140905 1.06 1.07 1.08 1.06 45859
20140909 1.06 1.07 1.07 1.06 23912
20140910 1.06 1.07 1.07 1.06 16367
20140911 1.07 1.07 1.08 1.06 26800
20140912 1.05 1.07 1.07 1.05 2015
20140915 1.07 1.07 1.07 1.06 14181
20140916 1.06 1.07 1.07 1.06 13647
20140917 1.07 1.07 1.07 1.06 4501
20140918 1.06 1.07 1.07 1.06 3880
20140919 1.05 1.07 1.08 1.05 25306
20140922 1.06 1.07 1.07 1.06 11426
20140923 1.07 1.07 1.07 1.06 1801
20140924 1.06 1.07 1.08 1.06 68464
20140925 1.07 1.07 1.08 1.06 32431
20140926 1.07 1.07 1.07 1.06 78274
20140929 1.07 1.07 1.07 1.06 70524
20140930 1.07 1.07 1.07 1.07 75074
20141008 1.07 1.07 1.07 1.07 81362
20141009 1.07 1.07 1.07 1.07 34916
20141010 1.07 1.07 1.07 1.07 74297
20141013 1.07 1.07 1.08 1.06 26536
20141014 1.06 1.07 1.08 1.06 54819
20141015 1.07 1.07 1.07 1.07 24429
20141016 1.07 1.07 1.08 1.07 41564
20141017 1.06 1.07 1.08 1.06 37241
20141020 1.07 1.07 1.07 1.06 87438
20141021 1.07 1.07 1.07 1.07 6319
20141022 1.07 1.07 1.07 1.07 5005
20141023 1.07 1.07 1.07 1.06 16566
20141024 1.06 1.07 1.07 1.06 7208
20141027 1.06 1.06 1.07 1.05 4195
20141028 1.07 1.07 1.07 1.06 981
20141029 1.05 1.07 1.07 1.05 1497
20141030 1.07 1.07 1.07 1.06 8693
20141031 1.07 1.07 1.08 1.06 16556
20141103 1.06 1.06 1.07 1.05 24072
20141104 1.05 1.06 1.06 1.05 10066
20141105 1.05 1.06 1.06 1.05 7349
20141106 1.05 1.06 1.06 1.05 2983
20141107 1.05 1.05 1.05 1.05 22854
20141110 1.05 1.05 1.05 1.04 20133
20141111 1.05 1.05 1.05 1.04 3633
20141112 1.04 1.04 1.04 1.04 25257
20141113 1.04 1.04 1.04 1.03 9235
20141114 1.03 1.04 1.04 1.03 5050
20141117 1.04 1.04 1.04 1.03 4942
20141118 1.04 1.03 1.04 1.03 22567
20141119 1.03 1.03 1.03 1.03 59459
20141120 1.03 1.03 1.03 1.02 26800
20141121 1.03 1.02 1.03 1.02 54909
20141124 1.02 1.02 1.03 1.01 101805
20141125 1.02 1.02 1.03 1.01 91928
20141126 1.02 1.02 1.02 1.01 18811
20141127 1.02 1.01 1.02 1.01 41730
20141128 1.01 1.02 1.02 1.01 50070
20141201 1.02 1.02 1.02 1.01 21141
20141202 1.02 1.01 1.02 1.01 19291
20141203 1.01 1.02 1.02 1.01 26614
20141204 1.02 1.04 1.06 1.02 115234
20141205 1.04 1.02 1.04 1.02 55880
20141208 1.02 1.01 1.02 1.01 44093
20141209 1.01 1.02 1.02 0.99 63775
20141210 1.02 1.02 1.02 1.01 26889
20141211 1.02 1.02 1.03 1.01 27240
20141212 1.03 1.03 1.03 1.02 31419
20141215 1.03 1.04 1.05 1.02 114747
20141216 1.04 1.05 1.06 1.04 42467
20141217 1.05 1.04 1.05 1.03 11127
20141218 1.01 1.05 1.05 1.01 12224
20141219 1.04 1.05 1.05 1.01 9225
20141222 1.05 1.06 1.07 1.04 34348
20141223 1.06 1.07 1.09 1.06 266943
20141224 1.07 1.08 1.11 1.07 219224
20141225 1.08 1.07 1.10 1.07 95206
20141226 1.07 1.08 1.09 1.07 132229
20141229 1.05 1.07 1.08 1.05 26879
20141230 1.05 1.06 1.07 1.05 8356
20141231 1.05 1.05 1.07 1.05 40994
20150105 1.04 1.06 1.07 1.04 26811
20150107 1.00 1.04 1.04 0.99 23279
20150108 1.04 1.04 1.04 1.03 188722
20150109 1.03 1.05 1.05 1.03 32981
20150112 1.02 1.05 1.14 1.02 52736
20150113 1.05 1.05 1.05 1.04 22689
20150114 1.05 1.03 1.13 1.03 29752
20150115 1.03 1.05 1.07 1.03 23020
20150116 1.04 1.05 1.06 1.04 14627
20150119 1.04 1.05 1.13 1.04 10506
20150120 1.04 1.05 1.05 1.04 6421
20150121 1.04 1.08 1.08 1.04 11161
20150122 1.06 1.10 1.10 1.06 5559
20150123 1.07 1.10 1.10 1.07 15515
20150126 1.07 1.10 1.11 1.07 217160
20150127 1.08 1.11 1.11 1.08 19157
20150128 1.07 1.10 1.13 1.07 7217
20150129 1.09 1.10 1.11 1.08 6920
20150130 1.08 1.10 1.12 1.08 1244
20150202 1.07 1.10 1.10 1.07 6002
20150203 1.08 1.09 1.11 1.08 4345
20150204 1.07 1.09 1.11 1.05 4087
20150205 1.10 1.10 1.11 1.09 2193
20150206 1.09 1.09 1.10 1.09 39662
20150209 1.09 1.09 1.10 1.09 8506
20150210 1.10 1.10 1.10 1.09 15001
20150211 1.10 1.10 1.10 1.09 12242
20150212 1.10 1.10 1.10 1.10 32748
20150213 1.11 1.10 1.12 1.10 10895
20150216 1.11 1.12 1.12 1.10 27848
20150217 1.12 1.12 1.12 1.11 4276
20150225 1.10 1.13 1.13 1.10 13676
20150226 1.13 1.13 1.13 1.10 14163
20150227 1.11 1.12 1.13 1.11 1711
20150302 1.12 1.12 1.13 1.11 2149
20150303 1.11 1.13 1.22 1.10 3753
20150304 1.13 1.12 1.13 1.11 740
20150305 1.11 1.13 1.21 1.11 97670
20150306 1.13 1.14 1.14 1.12 15464
20150309 1.14 1.14 1.14 1.12 9728
20150310 1.12 1.14 1.14 1.12 26325
20150311 1.14 1.14 1.14 1.12 7175
20150312 1.14 1.14 1.14 1.13 22820
20150313 1.13 1.14 1.17 1.13 3513
20150316 1.14 1.15 1.15 1.14 38674
20150317 1.14 1.15 1.15 1.13 4791
20150318 1.14 1.15 1.16 1.14 91573
20150319 1.15 1.14 1.15 1.12 9558
20150320 1.12 1.12 1.13 1.10 8243
20150323 1.11 1.13 1.13 1.11 30669
20150324 1.13 1.14 1.19 1.12 21693
20150325 1.14 1.16 1.17 1.13 35687
20150326 1.16 1.17 1.17 1.16 45344
20150327 1.14 1.17 1.17 1.14 55097
20150330 1.17 1.16 1.17 1.15 16753
20150331 1.15 1.14 1.16 1.13 8871
20150401 1.14 1.14 1.18 1.13 5081
20150402 1.14 1.14 1.15 1.14 13882
20150403 1.15 1.15 1.15 1.13 43397
20150407 1.15 1.15 1.16 1.14 24288
20150408 1.15 1.15 1.15 1.13 7122
20150409 1.15 1.15 1.15 1.13 14372
20150410 1.14 1.15 1.15 1.14 34920
20150413 1.15 1.15 1.15 1.14 9302
20150414 1.14 1.14 1.14 1.11 14567
20150415 1.13 1.13 1.14 1.12 9204
20150416 1.13 1.14 1.17 1.13 18124
20150417 1.13 1.13 1.13 1.11 34229
20150420 1.12 1.10 1.12 1.09 8873
20150421 1.09 1.01 1.09 1.01 197184
20150422 1.01 1.00 1.01 1.00 156025
20150423 1.00 1.02 1.02 1.00 89459
20150424 1.02 1.04 1.04 1.01 146502
20150427 1.04 1.02 1.04 1.01 78060
20150428 1.01 1.00 1.01 0.99 45763
20150429 1.01 1.00 1.02 1.00 35375
20150430 1.00 1.00 1.01 1.00 142771
20150504 1.00 1.02 1.02 1.00 38825
20150505 1.01 1.01 1.02 1.01 36195
20150506 1.02 1.00 1.02 1.00 26874
20150507 1.01 1.02 1.03 1.00 38067
20150508 1.01 1.01 1.02 1.00 29134
20150511 1.01 1.01 1.01 1.00 8865
20150512 1.01 1.01 1.01 1.00 17646
20150513 1.01 1.01 1.01 1.01 30375
20150514 1.01 1.03 1.03 1.01 28704
20150515 1.03 1.04 1.05 1.02 27212
20150518 1.04 1.04 1.05 1.03 22583
20150519 1.04 1.02 1.05 1.01 22151
20150520 1.02 1.02 1.04 1.02 23319
20150521 1.02 1.03 1.04 1.02 16511
20150522 1.03 1.01 1.03 1.01 49920
20150525 1.01 1.01 1.01 1.00 55616
20150526 1.00 1.00 1.01 1.00 47905
20150528 0.99 0.95 0.99 0.92 29560
20150529 0.86 0.86 0.87 0.86 518027
20150601 0.85 0.84 0.85 0.81 484135
20150602 0.84 0.84 0.84 0.82 307156
20150603 0.84 0.86 0.86 0.84 365020
20150604 0.86 0.86 0.87 0.86 222116
20150605 0.86 0.86 0.87 0.86 274488
20150608 0.86 0.85 0.86 0.85 200981
20150609 0.85 0.85 0.85 0.84 163173
20150610 0.85 0.85 0.85 0.84 169743
20150611 0.85 0.85 0.85 0.84 89993
20150612 0.85 0.85 0.85 0.85 164528
20150615 0.85 0.86 0.86 0.85 239021
20150616 0.86 0.86 0.86 0.85 61676
20150617 0.86 0.86 0.86 0.85 81097
20150618 0.85 0.85 0.86 0.85 101245
20150619 0.85 0.85 0.85 0.85 87739
20150623 0.85 0.84 0.85 0.84 41494
20150624 0.84 0.84 0.84 0.84 57090
20150625 0.84 0.85 0.85 0.84 39966
20150626 0.85 0.86 0.86 0.85 177000
20150629 0.86 0.85 0.86 0.84 134643
20150630 0.85 0.84 0.85 0.82 275695
20150701 0.83 0.82 0.83 0.81 76560
20150702 0.82 0.81 0.82 0.81 155061
20150703 0.81 0.81 0.81 0.81 82276
20150706 0.81 0.83 0.84 0.80 243497
20150707 0.83 0.85 0.86 0.83 294571
20150708 0.85 0.80 0.85 0.77 405158
20150709 0.80 0.84 0.85 0.80 222327
20150710 0.84 0.84 0.85 0.83 147774
20150713 0.84 0.84 0.85 0.83 360707
20150714 0.84 0.86 0.87 0.84 228521
20150715 0.86 0.88 0.89 0.86 258774
20150716 0.89 0.91 0.91 0.89 505633
20150717 0.91 0.91 0.92 0.90 185942
20150720 0.90 0.90 0.91 0.89 85828
20150721 0.90 0.90 0.90 0.90 105583
20150722 0.90 0.89 0.91 0.89 125014
20150723 0.89 0.87 0.89 0.87 71139
20150724 0.87 0.87 0.87 0.86 67498
20150727 0.87 0.89 0.89 0.87 53771
20150728 0.90 0.89 0.90 0.88 95190
20150729 0.89 0.90 0.91 0.88 69060
20150730 0.89 0.91 0.91 0.89 86877
