20140102 0.84 0.84 0.84 0.84 10
20140103 0.84 0.84 0.84 0.83 1090
20140106 0.83 0.82 0.83 0.82 2702
20140107 0.78 0.82 0.82 0.78 232
20140108 0.80 0.81 0.81 0.80 102
20140109 0.80 0.82 0.83 0.80 2111
20140110 0.82 0.82 0.82 0.80 3527
20140113 0.81 0.82 0.82 0.81 1120
20140114 0.81 0.79 0.82 0.79 535
20140115 0.79 0.81 0.81 0.79 1375
20140116 0.80 0.80 0.80 0.80 792
20140120 0.79 0.79 0.79 0.79 452
20140121 0.76 0.78 0.80 0.76 667
20140122 0.78 0.81 0.81 0.78 1088
20140123 0.78 0.82 0.82 0.78 2242
20140124 0.80 0.81 0.81 0.80 1962
20140127 0.82 0.80 0.82 0.78 2015
20140128 0.80 0.80 0.80 0.80 2860
20140129 0.82 0.82 0.82 0.81 1116
20140130 0.81 0.83 0.83 0.81 2799
20140207 0.83 0.83 0.83 0.79 2703
20140210 0.80 0.81 0.82 0.80 4831
20140211 0.81 0.82 0.82 0.81 7507
20140212 0.81 0.85 0.85 0.81 8196
20140213 0.84 0.86 0.86 0.84 8293
20140214 0.87 0.89 0.89 0.87 9778
20140217 0.89 0.89 0.90 0.89 6173
20140218 0.89 0.87 0.89 0.86 46814
20140219 0.87 0.87 0.87 0.86 163719
20140220 0.86 0.87 0.87 0.86 38073
20140221 0.87 0.87 0.87 0.87 32496
20140224 0.87 0.86 0.87 0.86 26575
20140225 0.86 0.86 0.87 0.86 11507
20140226 0.86 0.85 0.86 0.84 20311
20140227 0.85 0.87 0.87 0.85 26872
20140228 0.87 0.87 0.87 0.86 15016
20140303 0.87 0.87 0.87 0.87 19202
20140304 0.87 0.87 0.87 0.87 6711
20140305 0.85 0.85 0.86 0.84 53305
20140306 0.85 0.85 0.85 0.84 1588
20140307 0.86 0.86 0.86 0.85 5337
20140310 0.85 0.85 0.85 0.85 2352
20140314 0.85 0.86 0.86 0.85 4554
20140317 0.85 0.86 0.86 0.85 2953
20140318 0.86 0.86 0.86 0.85 4790
20140319 0.86 0.85 0.86 0.85 9981
20140320 0.85 0.85 0.85 0.85 200
20140321 0.85 0.85 0.85 0.85 1326
20140324 0.85 0.85 0.85 0.84 24140
20140325 0.85 0.85 0.85 0.85 11756
20140326 0.85 0.85 0.85 0.85 10060
20140327 0.85 0.85 0.85 0.85 1163
20140328 0.85 0.85 0.85 0.85 2106
20140331 0.85 0.85 0.85 0.85 900
20140401 0.85 0.85 0.86 0.85 816
20140404 0.85 0.86 0.86 0.85 503
20140408 0.86 0.86 0.86 0.86 2438
20140409 0.86 0.86 0.86 0.86 2683
20140410 0.86 0.86 0.86 0.86 804
20140411 0.86 0.86 0.86 0.86 1022
20140414 0.86 0.87 0.87 0.86 2284
20140415 0.87 0.88 0.88 0.87 5211
20140416 0.88 0.89 0.89 0.88 7474
20140417 0.89 0.91 0.91 0.89 2477
20140418 0.89 0.91 0.91 0.89 11895
20140421 0.89 0.90 0.90 0.89 7831
20140422 0.90 0.90 0.90 0.89 2418
20140423 0.90 0.90 0.90 0.90 5674
20140424 0.90 0.90 0.90 0.90 327
20140425 0.90 0.90 0.90 0.90 2719
20140428 0.90 0.90 0.90 0.90 1
20140429 0.89 0.92 0.99 0.89 5733
20140430 0.91 0.91 0.91 0.91 3676
20140505 0.91 0.91 0.91 0.91 1309
20140506 0.92 0.92 0.92 0.92 21707
20140507 0.92 0.93 0.93 0.92 6543
20140508 0.93 0.93 0.93 0.93 220
20140509 0.93 0.94 0.94 0.93 47669
20140512 0.94 0.94 0.95 0.94 53129
20140513 0.94 0.94 0.95 0.94 744
20140514 0.94 0.94 0.94 0.94 1263
20140515 0.94 0.94 0.94 0.94 48
20140516 0.94 0.94 0.94 0.94 130
20140519 0.92 0.94 0.94 0.92 5873
20140520 0.94 0.95 0.95 0.94 5050
20140521 0.94 0.95 0.95 0.94 72
20140522 0.93 0.94 0.94 0.93 236
20140523 0.95 0.95 0.95 0.95 2
20140526 0.95 0.95 0.95 0.95 2788
20140527 0.95 0.95 0.95 0.95 9447
20140528 0.95 0.95 0.95 0.95 9783
20140529 0.95 0.95 0.98 0.95 3555
20140530 0.96 0.96 0.96 0.96 2174
20140603 0.96 0.97 0.97 0.96 357
20140604 0.97 0.97 0.97 0.97 2251
20140605 0.97 0.98 0.98 0.97 1962
20140606 0.98 0.98 0.98 0.98 180
20140611 0.97 0.97 0.97 0.97 1239
20140612 0.97 0.96 0.97 0.96 5701
20140613 0.96 0.96 0.96 0.96 120
20140616 0.96 0.96 0.96 0.96 11649
20140617 0.96 0.96 0.97 0.96 1297
20140618 0.96 0.96 0.96 0.96 12
20140619 0.94 0.96 0.96 0.94 1957
20140620 0.97 0.97 0.97 0.97 1
20140627 0.97 0.97 0.98 0.97 9217
20140630 0.97 0.98 0.98 0.96 943
20140702 0.96 0.96 0.96 0.96 623
20140703 0.95 0.97 0.97 0.95 550
20140704 0.97 0.98 0.98 0.97 28798
20140707 0.98 0.98 0.98 0.98 1000
20140709 0.98 0.98 0.98 0.98 630
20140710 0.97 0.98 0.98 0.97 950
20140711 0.98 0.98 0.98 0.98 1050
20140714 0.98 0.98 0.98 0.98 86
20140716 0.98 0.98 0.98 0.98 1417
20140717 0.98 0.98 0.98 0.98 2134
20140718 0.98 0.98 0.98 0.98 2035
20140721 0.98 0.98 0.98 0.98 2600
20140722 0.98 0.98 0.98 0.98 556
20140723 0.98 0.98 0.98 0.98 1620
20140724 0.98 0.98 0.98 0.98 686
20140728 0.98 0.98 0.98 0.98 1095
20140729 0.98 0.98 0.98 0.98 1060
20140730 0.98 0.99 0.99 0.98 101
20140801 0.98 0.99 0.99 0.98 1492
20140804 1.05 1.00 1.05 0.98 1666
20140805 1.00 1.00 1.00 0.98 70
20140806 0.98 0.99 1.00 0.98 5931
20140808 0.99 0.99 0.99 0.99 30
20140811 0.99 0.99 0.99 0.99 6
20140813 0.99 0.99 0.99 0.99 6380
20140814 0.99 0.99 0.99 0.99 4057
20140815 1.00 1.00 1.00 1.00 1016
20140818 1.00 1.00 1.00 1.00 2596
20140819 1.00 1.00 1.00 1.00 2153
20140820 1.01 1.01 1.01 1.01 325
20140821 1.00 1.01 1.01 1.00 147
20140822 1.00 1.00 1.00 1.00 1974
20140825 1.00 1.00 1.00 1.00 800
20140828 1.00 1.00 1.00 1.00 3005
20140903 1.00 1.00 1.00 1.00 1500
20140904 1.00 1.00 1.00 1.00 200
20140905 1.00 1.00 1.00 1.00 160
20140909 1.00 1.00 1.00 1.00 8866
20140910 1.00 1.00 1.04 1.00 5370
20140916 1.00 1.00 1.00 1.00 4101
20140917 1.00 1.00 1.00 1.00 1
20140918 1.00 1.01 1.01 1.00 1523
20140919 1.00 1.01 1.01 1.00 609
20140922 1.00 1.01 1.01 1.00 2389
20140923 1.01 1.01 1.01 1.01 890
20140924 1.01 1.01 1.01 1.01 10
20140925 1.01 1.01 1.01 1.01 1100
20140929 1.02 1.02 1.02 1.02 67
20140930 1.01 1.02 1.02 1.01 239
20141008 1.02 1.02 1.02 1.02 89
20141009 1.02 1.02 1.02 1.02 442
20141013 1.02 1.02 1.03 1.02 966
20141014 1.02 1.02 1.02 1.02 118
20141015 1.02 1.03 1.03 1.02 1991
20141016 1.03 1.03 1.03 1.03 1240
20141017 1.03 1.05 1.05 1.03 328
20141021 1.03 1.04 1.05 1.03 1540
20141022 1.04 1.04 1.04 1.04 79
20141023 1.04 1.05 1.05 1.04 1250
20141024 1.06 1.06 1.06 1.06 1082
20141028 1.05 1.07 1.07 1.01 1002
20141029 1.06 1.07 1.07 1.06 1879
20141030 1.05 1.06 1.06 1.05 239
20141031 1.06 1.07 1.07 1.06 244
20141104 1.08 1.09 1.10 1.08 3094
20141105 1.09 1.10 1.10 1.09 4792
20141106 1.10 1.10 1.11 1.10 877
20141107 1.10 1.10 1.10 1.10 2240
20141110 1.10 1.10 1.10 1.09 443
20141111 1.09 1.10 1.10 1.09 3254
20141112 1.10 1.10 1.10 1.10 830
20141113 1.10 1.10 1.10 1.07 3072
20141114 1.09 1.10 1.10 1.08 684
20141117 1.07 1.09 1.09 1.07 500
20141118 1.06 1.09 1.09 1.06 101
20141119 1.09 1.09 1.09 1.09 1000
20141124 1.09 1.09 1.09 1.09 4497
20141125 1.08 1.07 1.08 1.07 150
20141126 1.08 1.08 1.08 1.08 1537
20141127 1.09 1.09 1.09 1.09 112
20141128 1.09 1.09 1.09 1.09 2072
20141201 1.09 1.10 1.10 1.09 107
20141202 1.09 1.10 1.10 1.08 4221
20141203 1.08 1.12 1.13 1.08 2319
20141204 1.13 1.18 1.23 1.11 34503
20141205 1.18 1.13 1.23 1.11 18981
20141208 1.13 1.07 1.13 1.03 23406
20141209 1.05 0.99 1.08 0.98 16423
20141210 0.99 1.02 1.02 0.99 9840
20141211 0.99 1.01 1.02 0.99 6882
20141212 1.00 1.01 1.02 0.99 2392
20141215 1.02 1.02 1.02 1.00 721
20141216 1.02 1.02 1.02 1.00 1353
20141217 1.01 1.01 1.02 1.01 1325
20141218 1.01 1.01 1.01 1.01 1724
20141219 1.01 1.01 1.01 1.01 1359
20141222 1.01 1.03 1.07 1.01 2493
20141223 1.02 1.03 1.04 1.02 3429
20141224 1.03 1.03 1.03 1.03 3
20141225 1.03 1.04 1.04 1.03 137
20141226 1.06 1.04 1.06 1.04 187
20141229 1.05 1.06 1.06 1.05 3286
20141230 1.06 1.05 1.06 1.04 1146
20141231 1.06 1.06 1.07 1.05 3783
20150105 1.08 1.09 1.09 1.07 8207
20150106 1.09 1.10 1.11 1.09 5521
20150107 1.13 1.11 1.13 1.09 2180
20150108 1.11 1.12 1.15 1.11 2598
20150109 1.09 1.09 1.11 1.09 3327
20150112 1.10 1.10 1.10 1.09 847
20150113 1.09 1.10 1.10 1.09 665
20150114 1.10 1.10 1.12 1.10 3903
20150115 1.11 1.14 1.14 1.11 1557
20150116 1.14 1.15 1.15 1.12 4820
20150119 1.14 1.15 1.20 1.12 3666
20150120 1.16 1.14 1.16 1.12 5138
20150121 1.15 1.15 1.15 1.14 2647
20150122 1.15 1.15 1.15 1.15 2168
20150123 1.14 1.14 1.15 1.13 1678
20150126 1.14 1.14 1.14 1.14 1431
20150127 1.15 1.14 1.15 1.13 1999
20150128 1.14 1.14 1.14 1.13 316
20150129 1.13 1.14 1.14 1.13 814
20150130 1.13 1.14 1.14 1.11 778
20150202 1.13 1.13 1.13 1.10 300
20150203 1.12 1.12 1.12 1.12 281
20150204 1.13 1.13 1.13 1.12 4485
20150205 1.13 1.13 1.13 1.13 1000
20150206 1.13 1.13 1.13 1.13 133
20150209 1.11 1.13 1.13 1.11 743
20150210 1.13 1.13 1.13 1.13 1271
20150211 1.13 1.14 1.14 1.13 4552
20150212 1.14 1.14 1.15 1.14 1399
20150213 1.15 1.15 1.15 1.15 368
20150216 1.15 1.16 1.16 1.15 1630
20150217 1.16 1.16 1.16 1.16 588
20150225 1.16 1.16 1.16 1.16 611
20150226 1.16 1.17 1.17 1.16 1821
20150227 1.16 1.16 1.18 1.14 2488
20150302 1.17 1.17 1.17 1.16 5048
20150303 1.15 1.16 1.16 1.15 235
20150304 1.16 1.16 1.16 1.16 6141
20150305 1.15 1.15 1.16 1.15 648
20150306 1.15 1.17 1.17 1.15 6914
20150309 1.15 1.17 1.17 1.15 711
20150310 1.16 1.16 1.16 1.16 2709
20150316 1.24 1.16 1.24 1.15 2080
20150317 1.15 1.17 1.17 1.14 3446
20150318 1.16 1.16 1.17 1.16 2822
20150319 1.17 1.17 1.18 1.16 1032
20150320 1.16 1.18 1.18 1.16 2389
20150323 1.17 1.17 1.17 1.16 5722
20150324 1.16 1.16 1.17 1.16 4430
20150325 1.15 1.16 1.16 1.15 64
20150326 1.16 1.17 1.17 1.16 177
20150327 1.15 1.15 1.17 1.15 60
20150330 1.16 1.16 1.16 1.16 155
20150331 1.15 1.16 1.17 1.15 330
20150401 1.15 1.16 1.16 1.15 51
20150402 1.15 1.16 1.16 1.15 2018
20150403 1.15 1.16 1.16 1.15 2339
20150407 1.16 1.16 1.16 1.14 1715
20150408 1.14 1.15 1.16 1.14 1841
20150409 1.14 1.15 1.15 1.14 3471
20150410 1.14 1.15 1.15 1.13 3124
20150413 1.15 1.15 1.15 1.15 759
20150414 1.15 1.15 1.19 1.15 1079
20150415 1.15 1.15 1.19 1.15 696
20150416 1.15 1.15 1.16 1.15 254
20150417 1.19 1.15 1.19 1.15 759
20150420 1.17 1.17 1.17 1.16 1038
20150421 1.17 1.17 1.17 1.16 1029
20150422 1.17 1.17 1.17 1.17 555
20150423 1.17 1.17 1.19 1.17 2632
20150424 1.17 1.17 1.18 1.16 5485
20150427 1.16 1.18 1.19 1.16 1388
20150428 1.18 1.19 1.19 1.18 3207
20150429 1.17 1.19 1.19 1.07 4081
20150430 1.18 1.19 1.19 1.18 4023
20150504 1.19 1.20 1.20 1.19 37
20150505 1.19 1.20 1.20 1.19 2180
20150506 1.20 1.19 1.20 1.19 634
20150507 1.19 1.19 1.19 1.19 17368
20150508 1.18 1.19 1.19 1.18 11
20150511 1.20 1.20 1.20 1.20 5128
20150512 1.20 1.19 1.20 1.19 133
20150513 1.20 1.19 1.20 1.19 243
20150514 1.19 1.20 1.20 1.19 339
20150515 1.21 1.20 1.21 1.19 1298
20150518 1.19 1.21 1.21 1.19 655
20150519 1.20 1.20 1.21 1.20 115
20150520 1.20 1.20 1.20 1.20 52
20150521 1.21 1.21 1.21 1.20 416
20150522 1.20 1.21 1.21 1.19 1757
20150525 1.20 1.21 1.21 1.20 3079
20150526 1.21 1.22 1.22 1.21 2681
20150527 1.22 1.22 1.23 1.20 4083
20150528 1.19 1.21 1.21 1.19 1126
20150529 1.21 1.20 1.21 1.20 1026
20150601 1.20 1.20 1.20 1.20 889
20150602 1.20 1.20 1.20 1.20 708
20150603 1.20 1.20 1.20 1.19 485
20150604 1.20 1.20 1.20 1.20 212
20150605 1.20 1.20 1.20 1.20 1408
20150608 1.21 1.22 1.22 1.20 2062
20150609 1.22 1.22 1.22 1.21 1152
20150610 1.19 1.23 1.23 1.19 2763
20150611 1.22 1.23 1.35 1.22 1663
20150612 1.20 1.23 1.23 1.20 2382
20150615 1.20 1.21 1.21 1.20 490
20150616 1.21 1.21 1.21 1.20 274
20150617 1.20 1.21 1.22 1.20 572
20150618 1.22 1.21 1.22 1.20 394
20150619 1.21 1.21 1.21 1.20 365
20150623 1.20 1.22 1.22 1.20 828
20150624 1.20 1.21 1.21 1.20 759
20150625 1.21 1.21 1.21 1.21 2480
20150626 1.21 1.21 1.21 1.21 5459
20150629 1.21 1.22 1.22 1.21 1198
20150630 1.22 1.22 1.22 1.21 1142
20150701 1.21 1.22 1.22 1.21 183
20150702 1.22 1.22 1.22 1.21 1048
20150703 1.22 1.22 1.22 1.22 68
20150706 1.22 1.23 1.24 1.22 3224
20150707 1.23 1.23 1.24 1.21 2847
20150708 1.23 1.22 1.23 1.22 822
20150709 1.22 1.24 1.24 1.21 2291
20150710 1.23 1.23 1.23 1.19 2646
20150713 1.22 1.24 1.25 1.22 1983
20150714 1.23 1.25 1.25 1.23 11019
20150715 1.24 1.26 1.26 1.24 5288
20150716 1.25 1.29 1.38 1.23 925
20150717 1.23 1.27 1.28 1.23 1269
20150720 1.27 1.27 1.40 1.24 1425
20150721 1.25 1.28 1.34 1.25 944
20150722 1.27 1.25 1.27 1.25 718
20150723 1.25 1.38 1.38 1.25 1061
20150724 1.28 1.27 1.37 1.26 5675
20150727 1.26 1.25 1.27 1.24 12503
20150728 1.24 1.25 1.25 1.24 839
20150729 1.25 1.26 1.26 1.25 10783
20150730 1.26 1.25 1.26 1.25 277
