20140102 1.32 1.31 1.32 1.31 394
20140103 1.29 1.31 1.31 1.29 2401
20140106 1.29 1.30 1.30 1.29 2914
20140107 1.29 1.30 1.30 1.29 1206
20140108 1.29 1.30 1.30 1.29 626
20140109 1.28 1.30 1.30 1.28 793
20140110 1.28 1.30 1.30 1.28 3409
20140113 1.27 1.30 1.30 1.27 169
20140114 1.29 1.30 1.30 1.29 1590
20140115 1.28 1.28 1.29 1.28 768
20140116 1.29 1.29 1.29 1.25 947
20140117 1.28 1.28 1.29 1.27 959
20140120 1.27 1.29 1.29 1.27 1158
20140121 1.28 1.27 1.28 1.27 2113
20140122 1.28 1.28 1.28 1.28 200
20140123 1.28 1.27 1.28 1.25 1230
20140124 1.28 1.28 1.28 1.27 1778
20140127 1.27 1.28 1.28 1.27 1019
20140128 1.28 1.28 1.28 1.27 677
20140129 1.27 1.28 1.28 1.27 269
20140130 1.24 1.28 1.28 1.24 429
20140207 1.28 1.29 1.29 1.28 2587
20140210 1.29 1.28 1.29 1.28 1365
20140211 1.28 1.28 1.29 1.25 2122
20140212 1.28 1.28 1.28 1.27 3543
20140213 1.28 1.34 1.34 1.28 7697
20140214 1.34 1.34 1.36 1.34 36503
20140217 1.34 1.34 1.34 1.34 3888
20140218 1.34 1.32 1.34 1.31 13565
20140219 1.34 1.32 1.34 1.32 42
20140220 1.32 1.33 1.34 1.32 898
20140221 1.34 1.34 1.35 1.34 1136
20140224 1.34 1.33 1.34 1.32 4202
20140225 1.34 1.36 1.36 1.33 7613
20140226 1.36 1.35 1.36 1.34 1510
20140227 1.34 1.35 1.36 1.34 1099
20140228 1.36 1.35 1.36 1.35 2431
20140303 1.35 1.35 1.35 1.31 2206
20140304 1.33 1.34 1.35 1.33 1081
20140305 1.33 1.32 1.34 1.32 6014
20140306 1.30 1.32 1.34 1.30 538
20140307 1.32 1.33 1.34 1.32 111
20140310 1.31 1.33 1.33 1.30 1391
20140311 1.30 1.32 1.32 1.30 285
20140312 1.32 1.32 1.32 1.31 2326
20140313 1.30 1.32 1.32 1.30 21375
20140314 1.32 1.32 1.35 1.32 501
20140317 1.32 1.33 1.33 1.32 2902
20140318 1.35 1.32 1.35 1.32 201
20140319 1.32 1.32 1.32 1.32 411
20140320 1.32 1.32 1.32 1.32 200
20140321 1.34 1.34 1.34 1.32 688
20140324 1.33 1.33 1.34 1.33 1537
20140325 1.33 1.33 1.34 1.33 3655
20140326 1.34 1.33 1.34 1.33 501
20140327 1.33 1.32 1.33 1.32 1532
20140328 1.33 1.33 1.33 1.32 1363
20140331 1.32 1.33 1.34 1.32 1071
20140401 1.33 1.33 1.33 1.33 425
20140402 1.33 1.35 1.35 1.33 211
20140403 1.32 1.33 1.35 1.32 176
20140404 1.34 1.33 1.34 1.33 16
20140408 1.33 1.33 1.33 1.31 798
20140409 1.33 1.33 1.33 1.33 212
20140410 1.33 1.33 1.33 1.33 1955
20140415 1.33 1.34 1.35 1.33 16831
20140416 1.34 1.35 1.37 1.34 2205
20140417 1.40 1.39 1.41 1.35 438
20140418 1.35 1.36 1.37 1.35 2522
20140421 1.35 1.35 1.35 1.35 414
20140422 1.36 1.36 1.36 1.35 1835
20140423 1.36 1.36 1.36 1.36 564
20140424 1.35 1.36 1.36 1.35 4000
20140425 1.35 1.36 1.36 1.35 1684
20140428 1.35 1.35 1.35 1.34 7782
20140429 1.35 1.35 1.35 1.35 522
20140430 1.35 1.35 1.35 1.34 1090
20140505 1.35 1.39 1.39 1.35 1568
20140506 1.38 1.35 1.39 1.35 2417
20140507 1.36 1.39 1.39 1.36 4900
20140508 1.38 1.39 1.39 1.38 3146
20140509 1.39 1.42 1.42 1.39 5565
20140512 1.42 1.42 1.43 1.41 3021
20140513 1.40 1.41 1.43 1.40 1560
20140514 1.41 1.41 1.41 1.41 1446
20140515 1.43 1.40 1.43 1.40 10399
20140516 1.40 1.41 1.41 1.39 467
20140519 1.38 1.41 1.41 1.38 143
20140520 1.41 1.40 1.41 1.40 349
20140521 1.43 1.40 1.43 1.38 25647
20140522 1.39 1.40 1.40 1.39 1003
20140523 1.40 1.39 1.40 1.39 110
20140526 1.40 1.40 1.40 1.40 384
20140527 1.40 1.40 1.40 1.40 982
20140528 1.40 1.40 1.41 1.39 28821
20140529 1.40 1.41 1.43 1.40 6108
20140530 1.41 1.42 1.42 1.41 1928
20140603 1.42 1.43 1.44 1.42 3367
20140604 1.41 1.44 1.45 1.41 2009
20140605 1.45 1.45 1.46 1.44 2926
20140606 1.45 1.45 1.46 1.44 4091
20140609 1.45 1.45 1.46 1.45 1522
20140610 1.45 1.45 1.45 1.45 738
20140611 1.45 1.43 1.45 1.43 2302
20140612 1.42 1.43 1.43 1.42 2120
20140613 1.43 1.44 1.44 1.43 2818
20140616 1.43 1.43 1.44 1.43 7036
20140617 1.43 1.40 1.43 1.40 5385
20140618 1.41 1.40 1.41 1.40 5380
20140619 1.41 1.40 1.41 1.40 6613
20140620 1.40 1.43 1.44 1.40 1116
20140623 1.46 1.45 1.46 1.43 2196
20140624 1.43 1.44 1.45 1.43 2057
20140625 1.44 1.45 1.45 1.44 2231
20140626 1.45 1.45 1.45 1.44 975
20140627 1.45 1.46 1.46 1.45 450
20140630 1.44 1.44 1.45 1.42 3649
20140701 1.42 1.42 1.43 1.42 3746
20140702 1.42 1.42 1.42 1.41 7041
20140703 1.42 1.42 1.42 1.42 784
20140704 1.42 1.42 1.42 1.42 1932
20140707 1.43 1.43 1.43 1.43 800
20140708 1.41 1.42 1.42 1.41 18
20140709 1.42 1.42 1.42 1.42 1703
20140710 1.41 1.41 1.41 1.41 28
20140711 1.41 1.42 1.43 1.41 2113
20140714 1.41 1.41 1.42 1.41 686
20140715 1.41 1.42 1.42 1.41 331
20140716 1.41 1.42 1.42 1.40 2498
20140717 1.41 1.41 1.42 1.41 2072
20140718 1.41 1.41 1.41 1.41 1099
20140721 1.41 1.41 1.41 1.41 9350
20140722 1.41 1.41 1.41 1.41 6380
20140723 1.41 1.41 1.41 1.41 2150
20140724 1.41 1.41 1.41 1.41 2186
20140725 1.41 1.41 1.41 1.41 442
20140728 1.40 1.41 1.42 1.40 8886
20140729 1.42 1.41 1.42 1.41 2004
20140730 1.41 1.42 1.42 1.41 248
20140731 1.41 1.42 1.42 1.41 1252
20140801 1.42 1.42 1.42 1.42 473
20140804 1.42 1.42 1.42 1.42 1775
20140805 1.42 1.42 1.42 1.42 1224
20140806 1.42 1.43 1.43 1.42 2971
20140807 1.42 1.43 1.43 1.42 6166
20140811 1.42 1.42 1.43 1.42 1750
20140812 1.42 1.43 1.43 1.42 2701
20140813 1.43 1.44 1.44 1.43 872
20140814 1.43 1.45 1.45 1.43 395
20140815 1.45 1.45 1.45 1.45 2861
20140818 1.45 1.45 1.46 1.45 2014
20140819 1.45 1.45 1.45 1.45 1935
20140820 1.45 1.45 1.46 1.45 808
20140821 1.45 1.45 1.45 1.45 5481
20140822 1.44 1.44 1.45 1.44 822
20140825 1.44 1.44 1.44 1.44 1867
20140826 1.44 1.45 1.45 1.44 893
20140827 1.44 1.44 1.45 1.44 975
20140828 1.45 1.44 1.45 1.44 4679
20140829 1.45 1.45 1.45 1.45 98
20140901 1.45 1.46 1.47 1.45 1111
20140902 1.46 1.47 1.47 1.46 1081
20140903 1.47 1.47 1.47 1.46 275
20140904 1.47 1.47 1.47 1.47 300
20140905 1.47 1.47 1.47 1.47 1696
20140909 1.47 1.47 1.47 1.47 1654
20140910 1.46 1.47 1.47 1.46 887
20140911 1.47 1.47 1.47 1.46 2046
20140912 1.47 1.47 1.47 1.46 1901
20140915 1.46 1.47 1.47 1.46 124
20140916 1.47 1.47 1.47 1.46 593
20140917 1.47 1.47 1.47 1.47 1213
20140918 1.47 1.48 1.49 1.47 1007
20140919 1.49 1.48 1.49 1.48 500
20140922 1.47 1.49 1.49 1.47 1699
20140923 1.48 1.49 1.49 1.48 1802
20140924 1.47 1.49 1.50 1.47 451
20140925 1.48 1.49 1.49 1.48 364
20140926 1.49 1.49 1.49 1.49 371
20140929 1.49 1.49 1.49 1.49 61
20140930 1.49 1.50 1.50 1.49 4392
20141008 1.49 1.50 1.50 1.49 482
20141009 1.50 1.50 1.50 1.49 691
20141014 1.50 1.51 1.51 1.50 12142
20141015 1.51 1.52 1.52 1.51 8971
20141016 1.52 1.52 1.52 1.52 3280
20141017 1.52 1.54 1.54 1.52 21929
20141020 1.54 1.56 1.56 1.54 6747
20141021 1.56 1.56 1.56 1.54 6516
20141022 1.56 1.55 1.56 1.55 8260
20141023 1.55 1.55 1.55 1.55 7824
20141024 1.55 1.55 1.55 1.55 3212
20141027 1.55 1.55 1.56 1.54 547
20141028 1.54 1.56 1.56 1.54 2421
20141029 1.57 1.57 1.57 1.56 1063
20141030 1.57 1.58 1.59 1.57 11825
20141031 1.59 1.59 1.59 1.58 4402
20141103 1.60 1.59 1.60 1.58 4084
20141104 1.60 1.61 1.61 1.59 4014
20141105 1.60 1.63 1.63 1.60 7003
20141106 1.62 1.64 1.64 1.62 7164
20141107 1.65 1.66 1.66 1.64 8747
20141110 1.66 1.66 1.66 1.65 7498
20141111 1.66 1.65 1.67 1.65 7337
20141112 1.65 1.64 1.65 1.63 6245
20141113 1.64 1.63 1.64 1.61 17966
20141114 1.63 1.63 1.63 1.61 11386
20141117 1.61 1.62 1.62 1.61 5569
20141118 1.61 1.62 1.62 1.61 631
20141119 1.62 1.62 1.62 1.61 1154
20141120 1.62 1.63 1.63 1.62 666
20141121 1.63 1.63 1.63 1.63 528
20141124 1.63 1.62 1.65 1.61 4719
20141125 1.64 1.63 1.64 1.63 2295
20141126 1.63 1.64 1.65 1.63 1459
20141127 1.64 1.65 1.65 1.64 1311
20141128 1.65 1.65 1.65 1.64 5887
20141201 1.66 1.64 1.66 1.64 789
20141202 1.64 1.64 1.65 1.64 1705
20141203 1.64 1.63 1.64 1.62 5465
20141204 1.63 1.63 1.63 1.60 3754
20141205 1.61 1.61 1.61 1.61 11109
20141208 1.62 1.60 1.62 1.59 8405
20141209 1.60 1.54 1.60 1.52 8424
20141210 1.53 1.54 1.54 1.52 2244
20141211 1.54 1.55 1.55 1.52 3812
20141212 1.55 1.58 1.60 1.55 1476
20141215 1.56 1.58 1.58 1.56 1486
20141216 1.58 1.56 1.59 1.56 1427
20141217 1.56 1.58 1.58 1.56 1841
20141218 1.59 1.59 1.59 1.59 2589
20141219 1.56 1.59 1.59 1.55 4714
20141222 1.59 1.59 1.59 1.59 96
20141223 1.61 1.62 1.62 1.61 2113
20141224 1.62 1.62 1.62 1.61 2461
20141226 1.62 1.63 1.63 1.61 1938
20141229 1.63 1.64 1.68 1.63 1881
20141230 1.64 1.66 1.66 1.64 1453
20141231 1.65 1.67 1.67 1.65 5833
20150105 1.67 1.70 1.70 1.67 7756
20150106 1.70 1.71 1.72 1.70 3774
20150107 1.71 1.71 1.72 1.71 4705
20150108 1.75 1.74 1.75 1.71 6965
20150109 1.72 1.74 1.74 1.72 3724
20150112 1.74 1.74 1.75 1.73 4358
20150113 1.73 1.73 1.74 1.73 1807
20150114 1.73 1.74 1.74 1.73 5815
20150115 1.75 1.76 1.76 1.75 3887
20150116 1.77 1.79 1.79 1.77 3671
20150119 1.79 1.77 1.79 1.77 8833
20150120 1.78 1.78 1.78 1.78 1105
20150121 1.80 1.80 1.81 1.78 5189
20150122 1.81 1.80 1.81 1.79 7350
20150123 1.80 1.78 1.80 1.78 2535
20150126 1.81 1.79 1.81 1.78 1291
20150127 1.79 1.78 1.79 1.77 3629
20150128 1.78 1.77 1.78 1.77 1997
20150129 1.77 1.76 1.78 1.76 1191
20150130 1.76 1.77 1.77 1.76 4410
20150202 1.77 1.75 1.77 1.75 2485
20150203 1.75 1.76 1.76 1.74 6081
20150204 1.76 1.76 1.76 1.76 712
20150205 1.77 1.77 1.77 1.75 2605
20150206 1.76 1.77 1.77 1.75 1941
20150209 1.74 1.77 1.77 1.71 1997
20150210 1.75 1.77 1.77 1.75 2334
20150211 1.77 1.78 1.78 1.77 2134
20150212 1.79 1.79 1.79 1.78 1117
20150213 1.80 1.81 1.81 1.80 3070
20150216 1.81 1.81 1.82 1.81 5803
20150217 1.82 1.83 1.83 1.82 2652
20150225 1.83 1.82 1.83 1.80 1520
20150226 1.81 1.82 1.82 1.81 1745
20150227 1.82 1.82 1.82 1.82 4016
20150302 1.82 1.82 1.83 1.82 2548
20150303 1.82 1.82 1.82 1.81 8850
20150304 1.81 1.81 1.81 1.81 2925
20150305 1.80 1.80 1.81 1.79 5355
20150306 1.80 1.80 1.81 1.80 8507
20150309 1.80 1.80 1.80 1.80 3700
20150310 1.80 1.80 1.81 1.80 397
20150311 1.81 1.81 1.81 1.81 6173
20150312 1.81 1.81 1.81 1.81 2816
20150313 1.82 1.82 1.83 1.82 2507
20150316 1.83 1.84 1.84 1.83 4044
20150317 1.85 1.85 1.85 1.84 3749
20150318 1.85 1.86 1.86 1.85 1942
20150319 1.86 1.87 1.87 1.86 3656
20150320 1.86 1.86 1.87 1.86 3436
20150323 1.86 1.86 1.87 1.86 3413
20150324 1.87 1.86 1.87 1.86 5735
20150325 1.86 1.86 1.86 1.84 3039
20150326 1.85 1.84 1.85 1.84 3067
20150327 1.84 1.84 1.84 1.84 3413
20150330 1.84 1.84 1.85 1.84 6254
20150331 1.84 1.84 1.85 1.84 6035
20150401 1.84 1.84 1.84 1.84 1396
20150402 1.85 1.85 1.85 1.84 1941
20150403 1.85 1.85 1.85 1.85 4274
20150407 1.86 1.86 1.86 1.85 14787
20150408 1.86 1.86 1.86 1.86 13350
20150409 1.86 1.85 1.86 1.85 5390
20150410 1.84 1.85 1.85 1.84 14302
