20140102 0.92 0.94 0.94 0.90 288
20140103 0.91 0.93 0.93 0.91 55
20140106 0.91 0.91 0.91 0.91 298
20140107 0.90 0.92 0.92 0.90 1772
20140108 0.90 0.92 0.92 0.90 1
20140109 0.90 0.92 0.92 0.90 151
20140110 0.89 0.92 0.92 0.89 539
20140113 0.88 0.92 0.92 0.88 45
20140114 0.90 0.90 0.90 0.90 363
20140115 0.89 0.91 0.91 0.89 712
20140116 0.90 0.92 0.92 0.89 419
20140117 0.92 0.92 0.92 0.92 100
20140120 0.90 0.90 0.90 0.90 39
20140121 0.90 0.91 0.91 0.90 21
20140122 0.91 0.91 0.91 0.87 50
20140127 0.89 0.91 0.91 0.89 132
20140128 0.91 0.90 0.91 0.89 28
20140129 0.89 0.90 0.90 0.89 140
20140207 0.90 0.90 0.90 0.90 250
20140210 0.91 0.90 0.91 0.90 150
20140211 0.90 0.90 0.90 0.90 1104
20140212 0.90 0.90 0.90 0.90 230
20140213 0.90 0.91 0.91 0.90 2900
20140214 0.91 0.93 0.93 0.91 1229
20140217 0.91 0.91 0.91 0.91 65
20140218 0.91 0.97 1.00 0.91 124
20140219 0.92 0.95 0.95 0.92 35
20140226 0.94 0.94 0.94 0.94 1
20140228 0.94 0.94 0.94 0.94 300
20140303 0.93 0.93 0.93 0.93 480
20140304 0.92 0.94 0.94 0.92 2
20140305 0.92 0.92 0.92 0.92 1259
20140306 0.92 0.92 0.92 0.92 397
20140307 0.92 0.93 0.93 0.92 431
20140311 1.00 0.92 1.00 0.92 1670
20140312 0.93 0.93 0.93 0.93 50
20140313 0.94 0.94 0.94 0.94 122
20140314 0.94 0.94 0.94 0.94 110
20140317 0.94 0.92 1.00 0.92 1971
20140318 0.92 0.93 0.93 0.92 128
20140319 0.93 0.93 0.93 0.93 1489
20140320 0.93 0.91 0.93 0.91 79
20140321 0.92 0.91 0.92 0.91 21
20140324 0.93 0.93 0.93 0.93 200
20140325 0.91 0.91 0.93 0.91 5
20140327 0.93 0.91 0.93 0.91 9
20140328 0.91 0.91 0.91 0.91 712
20140331 0.92 0.91 0.92 0.91 72
20140402 0.92 0.92 0.92 0.92 66
20140403 0.92 0.91 0.92 0.91 10
20140404 0.92 0.92 0.92 0.92 11
20140408 0.92 0.92 0.92 0.92 1519
20140409 0.92 0.92 0.92 0.92 200
20140414 0.92 0.92 0.92 0.92 200
20140416 0.93 0.95 0.95 0.93 127
20140418 0.94 0.94 0.94 0.94 50
20140421 0.92 0.92 0.92 0.92 1
20140424 0.92 0.91 0.98 0.91 3079
20140425 0.91 0.93 0.93 0.91 265
20140428 0.91 0.93 0.93 0.91 107
20140430 0.92 0.93 0.93 0.92 200
20140505 0.91 0.93 0.93 0.91 425
20140506 0.92 0.92 0.92 0.92 35
20140507 0.93 0.93 0.93 0.93 1692
20140508 0.94 0.94 0.94 0.94 1773
20140509 0.94 0.94 0.94 0.94 51
20140512 0.94 0.94 0.94 0.94 1970
20140513 0.94 0.94 0.94 0.94 1
20140514 0.94 0.94 0.94 0.94 200
20140520 0.95 0.95 0.95 0.95 1
20140521 0.94 0.94 0.94 0.94 281
20140522 0.94 0.94 0.94 0.94 2436
20140523 0.94 0.95 0.95 0.94 201
20140526 0.94 0.94 0.95 0.94 1216
20140527 0.94 0.94 0.94 0.94 1400
20140528 0.94 0.95 0.95 0.94 1101
20140529 0.95 0.95 0.95 0.94 593
20140530 0.95 0.95 0.95 0.95 504
20140603 0.95 0.95 0.95 0.95 1088
20140604 0.95 1.02 1.02 0.95 701
20140605 0.96 0.97 0.97 0.96 859
20140606 0.97 0.97 0.97 0.97 192
20140609 0.96 0.96 0.96 0.96 686
20140611 0.97 0.97 0.97 0.97 300
20140612 0.97 0.97 0.97 0.97 976
20140616 0.97 0.97 0.97 0.97 233
20140619 0.95 0.95 0.95 0.95 1979
20140620 0.95 0.96 0.96 0.95 200
20140623 0.96 0.96 0.96 0.96 655
20140626 0.96 0.96 0.96 0.96 550
20140701 0.95 0.95 0.95 0.95 550
20140702 0.96 0.96 0.96 0.96 1031
20140703 0.96 0.96 0.96 0.96 4
20140704 0.96 0.96 0.96 0.96 70
20140707 0.97 0.97 0.97 0.97 24
20140708 0.95 0.95 0.95 0.95 89
20140709 0.96 0.96 0.96 0.96 170
20140710 0.96 0.96 0.96 0.96 111
20140711 0.96 0.97 0.97 0.96 203
20140714 0.97 0.96 0.97 0.96 822
20140717 0.95 0.97 0.97 0.95 51
20140718 0.96 0.96 0.96 0.96 355
20140721 0.96 0.96 0.96 0.96 331
20140722 0.96 0.96 0.96 0.96 535
20140723 0.96 0.95 0.96 0.95 7480
20140724 0.95 0.95 0.95 0.95 435
20140725 0.96 0.96 0.96 0.96 10
20140728 0.96 0.96 0.96 0.96 1025
20140731 0.96 0.97 0.97 0.96 1199
20140801 0.97 0.97 0.97 0.96 183
20140804 0.97 0.98 0.98 0.97 5927
20140805 0.98 0.97 0.98 0.97 139
20140806 0.97 0.97 0.97 0.97 13
20140811 0.96 0.98 0.98 0.96 101
20140812 0.96 0.96 0.96 0.96 16
20140813 0.98 0.98 0.98 0.98 10
20140814 0.98 0.98 0.98 0.98 170
20140815 0.97 0.97 0.97 0.97 50
20140818 0.98 0.98 0.98 0.98 386
20140820 0.98 0.98 0.98 0.98 193
20140821 0.99 0.99 0.99 0.99 11
20140822 0.99 0.99 0.99 0.99 300
20140826 0.99 0.97 0.99 0.97 457
20140827 0.99 0.98 0.99 0.98 919
20140828 0.98 0.98 0.98 0.98 75
20140829 0.98 0.99 0.99 0.98 420
20140901 0.98 0.98 0.98 0.98 1430
20140902 0.99 0.99 0.99 0.99 216
20140903 0.98 0.99 0.99 0.98 1550
20140904 0.99 1.00 1.00 0.99 70
20140905 0.98 0.99 1.00 0.98 34
20140909 1.00 1.00 1.00 1.00 810
20140910 1.00 1.00 1.00 1.00 733
20140911 0.99 1.00 1.00 0.99 398
20140912 0.99 1.00 1.00 0.99 1793
20140915 1.00 1.00 1.00 1.00 330
20140916 1.00 1.00 1.00 1.00 205
20140917 1.00 0.99 1.00 0.99 408
20140918 0.99 1.00 1.00 0.99 2553
20140919 0.99 0.99 1.00 0.99 1408
20140922 0.99 0.99 0.99 0.99 1292
20140923 0.99 0.99 0.99 0.99 1632
20140924 0.99 0.99 0.99 0.99 276
20140925 1.00 0.99 1.00 0.99 383
20140926 0.99 0.99 1.00 0.99 3143
20140929 1.00 1.00 1.00 1.00 200
20140930 1.00 1.00 1.00 1.00 430
20141008 1.00 1.00 1.01 1.00 4661
20141009 1.01 1.01 1.01 1.00 790
20141010 1.01 1.01 1.01 1.01 532
20141013 1.00 1.01 1.01 1.00 5440
20141014 1.01 1.01 1.01 1.00 1775
20141015 1.01 1.01 1.01 1.00 2179
20141016 1.01 1.01 1.01 1.01 930
20141017 1.01 1.02 1.02 1.01 99
20141020 1.01 1.01 1.01 1.01 1240
20141021 1.03 1.03 1.03 1.02 1863
20141022 1.03 1.03 1.03 1.02 359
20141023 1.03 1.03 1.03 1.02 1123
20141024 1.03 1.03 1.03 1.03 665
20141027 1.02 1.02 1.03 1.02 373
20141028 1.03 1.03 1.03 1.03 3041
20141029 1.01 1.02 1.02 1.01 2463
20141030 1.03 1.03 1.03 1.03 886
20141031 1.03 1.04 1.04 1.03 1450
20141103 1.04 1.05 1.05 1.04 864
20141104 1.05 1.05 1.05 1.05 1013
20141105 1.06 1.06 1.06 1.06 962
20141106 1.06 1.06 1.06 1.06 397
20141107 1.07 1.07 1.07 1.06 523
20141110 1.06 1.07 1.07 1.06 4579
20141111 1.08 1.08 1.08 1.08 205
20141112 1.07 1.07 1.07 1.07 718
20141113 1.07 1.06 1.07 1.06 1336
20141114 1.06 1.06 1.06 1.06 150
20141117 1.06 1.05 1.06 1.05 318
20141118 1.04 1.05 1.05 1.04 884
20141119 1.04 1.05 1.05 1.04 300
20141120 1.05 1.05 1.05 1.05 60
20141121 1.05 1.06 1.06 1.05 218
20141124 1.05 1.05 1.06 1.05 2894
20141125 1.05 1.06 1.06 1.05 92
20141126 1.06 1.07 1.07 1.06 187
20141127 1.06 1.07 1.07 1.06 42
20141128 1.05 1.06 1.07 1.05 3034
20141201 1.06 1.06 1.06 1.06 1075
20141202 1.05 1.06 1.06 1.05 1160
20141203 1.05 1.06 1.06 1.05 2056
20141204 1.05 1.06 1.06 1.05 120
20141205 1.06 1.06 1.07 1.06 1837
20141208 1.05 1.06 1.06 1.05 1394
20141209 1.05 1.02 1.05 1.00 1723
20141210 1.02 1.03 1.03 1.02 904
20141211 1.00 1.03 1.04 1.00 678
20141212 1.03 1.04 1.04 1.03 264
20141215 1.04 1.04 1.04 1.04 310
20141216 1.04 1.03 1.04 1.03 570
20141217 1.03 1.04 1.04 1.02 1734
20141218 1.01 1.02 1.02 1.01 221
20141219 1.03 1.02 1.04 1.02 2701
20141222 1.03 1.04 1.04 1.03 8934
20141223 1.04 1.04 1.05 1.04 3181
20141224 1.04 1.04 1.05 1.03 2713
20141225 1.05 1.05 1.05 1.03 4365
20141226 1.05 1.06 1.06 1.05 1386
20141229 1.07 1.07 1.07 1.06 1963
20141230 1.07 1.07 1.07 1.07 2263
20141231 1.07 1.10 1.10 1.07 2087
20150105 1.10 1.09 1.10 1.08 3097
20150106 1.10 1.08 1.10 1.08 2334
20150107 1.18 1.09 1.18 1.08 618
20150108 1.09 1.11 1.11 1.09 697
20150109 1.10 1.10 1.11 1.10 1255
20150112 1.10 1.11 1.11 1.10 567
20150113 1.11 1.11 1.11 1.11 86
20150114 1.11 1.12 1.12 1.11 2082
20150115 1.11 1.13 1.13 1.11 337
20150116 1.13 1.15 1.15 1.13 1718
20150119 1.10 1.10 1.18 1.08 2199
20150120 1.12 1.13 1.13 1.12 821
20150121 1.14 1.14 1.14 1.12 1091
20150122 1.14 1.14 1.15 1.14 1052
20150123 1.11 1.10 1.11 1.09 1271
20150126 1.12 1.11 1.12 1.11 2147
20150127 1.11 1.10 1.11 1.10 1103
20150128 1.10 1.10 1.10 1.10 2469
20150129 1.08 1.10 1.11 1.08 841
20150130 1.10 1.09 1.10 1.09 606
20150202 1.10 1.10 1.10 1.10 156
20150203 1.10 1.10 1.10 1.09 308
20150204 1.11 1.10 1.11 1.10 742
20150205 1.10 1.10 1.10 1.10 1146
20150206 1.10 1.09 1.11 1.09 2265
20150209 1.10 1.09 1.10 1.09 828
20150210 1.10 1.10 1.10 1.10 410
20150211 1.10 1.10 1.10 1.09 179
20150212 1.10 1.11 1.11 1.10 248
20150213 1.11 1.12 1.12 1.11 705
20150216 1.14 1.13 1.14 1.12 378
20150217 1.14 1.14 1.14 1.13 603
20150225 1.13 1.13 1.13 1.13 480
20150226 1.13 1.13 1.13 1.13 92
20150227 1.14 1.15 1.15 1.14 614
20150302 1.15 1.15 1.15 1.15 1285
20150303 1.15 1.15 1.15 1.15 100
20150304 1.14 1.15 1.15 1.14 373
20150305 1.14 1.13 1.14 1.13 867
20150306 1.13 1.13 1.15 1.13 850
20150309 1.14 1.14 1.14 1.13 770
20150310 1.13 1.13 1.13 1.12 841
20150311 1.14 1.14 1.14 1.14 102
20150312 1.13 1.13 1.13 1.13 590
20150313 1.14 1.14 1.14 1.14 250
20150316 1.14 1.15 1.15 1.14 1367
20150317 1.15 1.15 1.15 1.15 678
20150318 1.15 1.16 1.16 1.15 771
20150319 1.15 1.15 1.15 1.15 38
20150320 1.16 1.15 1.16 1.15 478
20150323 1.15 1.15 1.16 1.15 299
20150324 1.15 1.15 1.15 1.15 1437
20150325 1.14 1.16 1.16 1.14 422
20150326 1.14 1.15 1.15 1.14 383
20150327 1.15 1.15 1.15 1.15 295
20150330 1.15 1.15 1.15 1.13 1713
20150331 1.15 1.15 1.15 1.13 179
20150401 1.14 1.14 1.14 1.14 617
20150402 1.15 1.15 1.15 1.14 1102
20150403 1.15 1.14 1.15 1.14 191
20150407 1.15 1.14 1.15 1.14 2086
20150408 1.15 1.15 1.15 1.15 845
20150409 1.15 1.15 1.15 1.15 377
20150410 1.14 1.15 1.15 1.14 52
20150413 1.15 1.14 1.15 1.14 1142
20150414 1.14 1.15 1.15 1.14 1319
20150415 1.15 1.15 1.15 1.14 60
20150416 1.14 1.15 1.15 1.14 117
20150417 1.16 1.16 1.16 1.15 3988
20150420 1.17 1.20 1.27 1.16 18581
20150421 1.19 1.18 1.19 1.15 10568
20150422 1.12 1.11 1.12 1.00 8344
20150423 1.09 1.11 1.11 1.09 3588
20150424 1.09 1.09 1.11 1.08 6310
20150427 1.09 1.10 1.10 1.09 1878
20150428 1.09 1.10 1.10 1.09 2626
20150429 1.09 1.10 1.10 1.09 1683
20150430 1.10 1.11 1.11 1.10 719
20150504 1.10 1.11 1.11 1.10 801
20150505 1.10 1.11 1.11 1.09 465
20150506 1.10 1.10 1.11 1.10 419
20150507 1.10 1.10 1.11 1.09 3100
20150508 1.09 1.10 1.11 1.09 1609
20150511 1.11 1.12 1.12 1.10 1428
20150512 1.12 1.12 1.12 1.11 4538
20150513 1.12 1.12 1.12 1.11 642
20150514 1.12 1.12 1.12 1.12 1372
20150515 1.12 1.12 1.12 1.12 826
20150518 1.12 1.12 1.13 1.12 1099
20150519 1.12 1.12 1.12 1.12 1912
20150520 1.12 1.13 1.14 1.12 256
20150521 1.14 1.14 1.14 1.14 724
20150522 1.14 1.16 1.16 1.14 1256
20150525 1.16 1.17 1.17 1.16 794
20150526 1.17 1.18 1.21 1.17 670
20150527 1.17 1.19 1.20 1.17 936
20150528 1.19 1.16 1.19 1.16 235
20150529 1.15 1.15 1.15 1.15 132
20150601 1.15 1.19 1.20 1.15 2232
20150602 1.19 1.18 1.19 1.16 204
20150603 1.17 1.17 1.17 1.15 222
20150604 1.17 1.16 1.17 1.16 3404
20150605 1.16 1.18 1.19 1.16 769
20150608 1.18 1.19 1.19 1.18 485
20150609 1.17 1.20 1.20 1.17 895
20150610 1.18 1.19 1.19 1.18 812
20150611 1.20 1.19 1.20 1.17 1164
20150612 1.18 1.19 1.19 1.18 102
20150615 1.19 1.19 1.19 1.18 280
20150616 1.13 1.16 1.19 1.13 163
20150617 1.17 1.17 1.19 1.17 204
20150618 1.17 1.17 1.19 1.15 340
20150619 1.14 1.14 1.14 1.14 10
20150623 1.14 1.14 1.18 1.14 339
20150624 1.14 1.16 1.16 1.14 342
20150625 1.15 1.15 1.15 1.15 196
20150626 1.10 1.11 1.15 1.10 1126
20150629 1.11 1.11 1.11 1.05 1518
20150630 1.07 1.15 1.15 1.07 885
20150701 1.13 1.13 1.13 1.13 374
20150702 1.11 1.11 1.11 1.11 992
20150703 1.05 1.10 1.12 1.05 390
20150706 1.11 1.11 1.15 1.10 1582
20150707 1.08 1.11 1.12 1.08 1090
20150708 1.11 1.07 1.11 1.07 777
20150709 1.07 1.12 1.12 1.07 647
20150710 1.08 1.12 1.13 1.08 710
20150713 1.11 1.15 1.15 1.11 1143
20150714 1.14 1.13 1.16 1.13 1531
20150715 1.15 1.16 1.16 1.14 850
20150716 1.16 1.16 1.17 1.13 409
20150717 1.16 1.17 1.17 1.16 1735
20150720 1.17 1.17 1.17 1.17 1211
20150721 1.17 1.17 1.18 1.16 1324
20150722 1.10 1.10 1.10 1.08 2517
20150723 1.10 1.10 1.11 1.10 554
20150724 1.10 1.10 1.10 1.10 1506
20150727 1.11 1.08 1.11 1.08 643
20150728 1.08 1.09 1.09 1.07 1114
20150729 1.09 1.11 1.17 1.09 191
20150730 1.11 1.10 1.11 1.10 552
