20140103 0.89 0.89 0.89 0.89 500
20140106 0.88 0.88 0.88 0.88 40
20140107 0.87 0.87 0.87 0.87 100
20140108 0.88 0.88 0.88 0.88 151
20140116 0.86 0.86 0.86 0.86 10
20140117 0.85 0.85 0.85 0.85 10
20140120 0.88 0.88 0.88 0.88 50
20140212 0.88 0.88 0.88 0.88 10
20140213 0.89 0.89 0.89 0.89 1000
20140214 0.89 0.89 0.90 0.89 1007
20140217 0.90 0.90 0.90 0.90 10
20140218 0.90 0.90 0.90 0.90 377
20140219 0.90 0.90 0.90 0.90 1629
20140220 0.90 0.90 0.91 0.90 1510
20140224 0.88 0.88 0.89 0.86 145
20140225 0.87 0.87 0.87 0.87 4
20140226 0.85 0.85 0.85 0.85 393
20140227 0.84 0.84 0.85 0.84 584
20140228 0.84 0.85 0.85 0.84 295
20140303 0.86 0.86 0.86 0.86 1
20140304 0.86 0.86 0.86 0.86 335
20140306 0.84 0.85 0.85 0.84 27
20140311 0.83 0.83 0.83 0.83 73
20140312 0.82 0.82 0.82 0.82 10
20140317 0.83 0.83 0.85 0.83 801
20140319 0.83 0.83 0.83 0.83 90
20140320 0.83 0.83 0.83 0.83 100
20140321 0.83 0.83 0.83 0.83 10
20140324 0.84 0.84 0.84 0.84 400
20140326 0.85 0.85 0.85 0.85 1
20140327 0.93 0.93 0.93 0.93 2
20140328 0.85 0.85 0.85 0.85 100
20140331 0.84 0.84 0.84 0.84 101
20140402 0.87 0.87 0.87 0.87 150
20140404 0.86 0.86 0.86 0.86 48
20140410 0.89 0.88 0.89 0.88 720
20140414 0.88 0.88 0.88 0.88 30
20140415 0.88 0.88 0.88 0.88 100
20140416 0.86 0.87 0.87 0.86 20
20140418 0.87 0.86 0.87 0.86 210
20140421 0.87 0.86 0.87 0.86 400
20140422 0.85 0.85 0.85 0.85 44
20140423 0.85 0.85 0.85 0.85 300
20140428 0.85 0.84 0.85 0.84 160
20140505 0.84 0.84 0.84 0.84 100
20140509 0.83 0.83 0.83 0.83 880
20140519 0.84 0.83 0.84 0.83 81
20140521 0.83 0.83 0.83 0.83 41
20140522 0.84 0.84 0.84 0.84 1
20140527 0.84 0.84 0.84 0.84 10
20140528 0.84 0.84 0.84 0.84 10
20140529 0.85 0.82 0.85 0.82 1150
20140603 0.84 0.84 0.84 0.84 190
20140606 0.84 0.84 0.84 0.84 80
20140610 0.84 0.84 0.84 0.84 10
20140611 0.85 0.84 0.85 0.84 500
20140612 0.85 0.85 0.85 0.85 110
20140616 0.86 0.86 0.86 0.86 40
20140617 0.86 0.86 0.86 0.86 463
20140618 0.85 0.85 0.85 0.85 373
20140619 0.85 0.84 0.85 0.84 200
20140620 0.86 0.87 0.87 0.86 1
20140625 0.84 0.84 0.84 0.84 80
20140707 0.86 0.86 0.86 0.86 130
20140708 0.86 0.86 0.86 0.86 14
20140718 0.86 0.86 0.86 0.86 2500
20140723 0.88 0.88 0.88 0.88 130
20140724 0.87 0.87 0.87 0.87 10
20140725 0.89 0.89 0.90 0.89 53
20140728 0.92 0.92 0.92 0.92 2112
20140729 0.92 0.92 0.92 0.92 70
20140730 0.93 0.99 0.99 0.93 92
20140731 0.92 0.98 0.98 0.92 74
20140801 0.95 0.95 0.95 0.93 10
20140804 0.93 0.93 0.93 0.93 23
20140805 0.94 0.94 0.94 0.94 113
20140806 0.94 1.00 1.00 0.94 242
20140807 0.94 1.00 1.00 0.94 211
20140808 0.92 0.92 0.92 0.92 30
20140812 0.94 0.94 0.94 0.94 90
20140813 0.93 0.93 0.93 0.93 10
20140814 0.91 0.91 0.91 0.91 239
20140815 0.92 0.92 0.92 0.92 20
20140818 0.93 0.93 0.93 0.93 102
20140820 0.93 0.93 0.93 0.93 490
20140821 0.93 0.93 0.93 0.93 100
20140825 0.94 0.94 0.94 0.94 5
20140827 0.92 0.92 0.92 0.92 10
20140904 0.95 0.95 0.95 0.95 10
20140905 0.98 0.99 0.99 0.98 52
20140909 0.97 0.97 0.97 0.97 500
20140910 0.96 0.96 0.96 0.96 284
20140911 0.96 0.96 0.96 0.96 5
20140912 0.96 0.95 0.96 0.95 490
20140915 0.96 0.95 0.96 0.95 110
20140916 0.96 0.96 0.96 0.96 90
20140917 0.93 0.96 0.96 0.93 75
20140918 0.95 0.94 0.95 0.94 11
20140919 0.96 0.96 0.96 0.96 60
20140922 0.96 0.96 0.96 0.96 90
20140924 0.96 0.96 0.96 0.96 1
20140925 0.96 0.96 0.98 0.96 397
20140926 0.95 0.95 0.95 0.90 205
20140929 0.96 0.96 0.96 0.96 5
20141008 0.96 0.97 0.97 0.96 324
20141009 0.97 0.97 0.97 0.96 1013
20141010 0.97 0.97 0.97 0.97 10
20141013 0.96 0.95 0.96 0.95 200
20141015 0.96 0.97 0.97 0.90 203
20141016 0.96 0.96 0.96 0.96 60
20141017 0.95 0.97 0.97 0.95 91
20141020 0.96 0.96 0.96 0.96 3
20141021 0.96 0.96 0.96 0.96 127
20141028 0.96 0.96 0.96 0.96 49
20141029 0.91 0.95 0.97 0.91 540
20141030 0.96 0.96 0.96 0.96 10
20141031 0.98 0.98 0.98 0.97 1490
20141103 0.98 0.98 0.98 0.98 2304
20141104 0.97 0.97 0.97 0.97 9
20141106 0.97 1.00 1.00 0.97 103
20141110 1.00 0.99 1.00 0.99 844
20141111 1.01 0.99 1.01 0.99 3698
20141112 1.00 1.00 1.00 1.00 20
20141113 1.01 1.00 1.02 1.00 355
20141114 1.00 1.00 1.00 1.00 500
20141117 1.01 1.01 1.01 1.01 90
20141119 0.99 0.99 0.99 0.99 19
20141121 1.01 1.01 1.01 1.01 500
20141124 1.02 1.03 1.04 1.01 4138
20141125 1.06 1.05 1.06 1.05 512
20141127 1.06 1.06 1.06 1.06 1030
20141201 1.10 1.10 1.10 1.09 1491
20141202 1.10 1.13 1.13 1.08 6482
20141203 1.15 1.14 1.15 1.14 2796
20141204 1.14 1.17 1.17 1.14 241
20141205 1.18 1.15 1.26 1.05 743
20141208 1.25 1.25 1.25 1.25 241
20141209 1.29 1.37 1.38 1.29 1631
20141210 1.51 1.50 1.51 1.25 2151
20141211 1.40 1.44 1.44 1.35 426
20141212 1.58 1.57 1.58 1.29 996
20141215 1.41 1.41 1.41 1.41 375
20141216 1.27 1.40 1.40 1.27 543
20141217 1.33 1.38 1.38 1.26 427
20141218 1.28 1.37 1.37 1.28 360
20141219 1.29 1.31 1.37 1.27 391
20141222 1.31 1.35 1.35 1.31 367
20141223 1.35 1.33 1.35 1.24 293
20141224 1.36 1.32 1.36 1.22 676
20141225 1.26 1.30 1.30 1.26 266
20141226 1.29 1.30 1.34 1.29 969
20141229 1.34 1.34 1.37 1.34 723
20141230 1.34 1.34 1.38 1.34 242
20141231 1.33 1.37 1.37 1.33 488
20150105 1.41 1.41 1.41 1.41 418
20150106 1.42 1.42 1.42 1.40 61
20150107 1.42 1.41 1.42 1.40 592
20150108 1.41 1.42 1.42 1.39 92
20150109 1.38 1.38 1.44 1.38 440
20150112 1.39 1.41 1.41 1.35 2633
20150113 1.39 1.39 1.39 1.39 1
20150114 1.38 1.38 1.38 1.38 225
20150115 1.40 1.41 1.41 1.40 404
20150116 1.45 1.43 1.45 1.42 113
20150119 1.40 1.31 1.40 1.31 535
20150120 1.41 1.41 1.41 1.41 1
20150122 1.40 1.40 1.40 1.39 729
20150123 1.40 1.41 1.42 1.40 319
20150126 1.41 1.44 1.44 1.41 140
20150127 1.45 1.39 1.45 1.39 88
20150129 1.36 1.35 1.36 1.35 420
20150130 1.36 1.35 1.36 1.35 57
20150202 1.28 1.29 1.29 1.28 10
20150203 1.31 1.31 1.31 1.31 10
20150204 1.39 1.39 1.39 1.39 209
20150205 1.39 1.39 1.39 1.39 1
20150206 1.29 1.31 1.31 1.29 105
20150210 1.33 1.33 1.38 1.33 40
20150212 1.34 1.34 1.34 1.34 99
20150216 1.35 1.35 1.35 1.35 49
20150217 1.43 1.37 1.43 1.37 23
20150225 1.42 1.38 1.42 1.38 14
20150226 1.41 1.41 1.41 1.41 2
20150303 1.40 1.40 1.40 1.40 20
20150305 1.35 1.35 1.35 1.35 9
20150312 1.40 1.40 1.40 1.40 37
20150313 1.43 1.43 1.43 1.43 3
20150316 1.41 1.45 1.45 1.41 83
20150317 1.43 1.58 1.58 1.43 410
20150318 1.47 1.50 1.58 1.47 498
20150319 1.50 1.50 1.50 1.46 245
20150320 1.51 1.52 1.52 1.51 247
20150323 1.52 1.50 1.52 1.50 71
20150324 1.53 1.52 1.53 1.52 146
20150325 1.52 1.53 1.66 1.52 25
20150326 1.51 1.64 1.64 1.51 221
20150327 1.64 1.80 1.80 1.64 208
20150330 1.80 1.78 1.80 1.66 206
20150331 1.66 1.66 1.80 1.63 721
20150401 1.54 1.79 1.79 1.54 1041
20150402 1.97 1.97 1.97 1.70 1184
20150403 1.77 2.13 2.16 1.77 2437
20150407 1.92 2.15 2.32 1.92 5275
20150408 1.94 1.94 2.10 1.94 10112
20150409 1.75 1.75 1.75 1.75 6738
20150410 1.67 1.68 1.68 1.64 11891
20150413 1.68 1.70 1.72 1.68 8569
20150414 1.70 1.69 1.71 1.68 13416
20150415 1.69 1.71 1.73 1.68 2108
20150416 1.67 1.72 1.74 1.67 2925
20150417 1.74 1.79 1.80 1.74 6042
20150420 1.78 1.72 1.79 1.68 1483
20150421 1.74 1.79 1.79 1.74 2009
20150422 1.80 1.83 1.83 1.79 3190
20150423 1.81 1.83 1.84 1.81 1758
20150424 1.80 1.79 1.83 1.77 1005
20150427 1.82 1.84 1.84 1.81 1381
20150428 1.83 1.84 1.84 1.82 669
20150429 1.80 1.84 1.84 1.80 2820
20150430 1.85 1.83 1.85 1.83 645
20150504 1.84 1.85 1.85 1.83 730
20150505 1.83 1.75 1.86 1.75 73
20150506 1.76 1.76 1.81 1.76 597
20150507 1.74 1.77 1.77 1.74 418
20150508 1.75 1.79 1.85 1.75 123
20150511 1.78 1.82 1.82 1.78 409
20150512 1.83 1.84 1.84 1.82 223
20150513 1.84 1.82 1.86 1.82 37
20150514 1.81 1.81 1.81 1.81 154
20150515 1.81 1.80 1.81 1.79 274
20150518 1.85 1.79 1.85 1.79 21
20150519 1.79 1.85 1.85 1.79 97
20150520 1.89 1.88 1.89 1.83 1197
20150521 1.90 1.88 1.90 1.83 108
20150522 1.88 1.91 1.92 1.87 740
20150525 1.93 1.97 1.97 1.93 863
20150526 1.95 2.03 2.12 1.95 677
20150527 1.94 2.03 2.03 1.94 292
20150528 1.92 1.93 2.03 1.92 136
20150529 1.86 1.97 1.97 1.86 269
20150601 1.95 1.95 1.95 1.95 43
20150602 1.97 1.97 2.02 1.97 571
20150603 1.93 1.95 2.01 1.93 303
20150604 1.97 1.96 2.03 1.95 626
20150605 2.03 2.03 2.04 2.03 263
20150608 2.04 2.07 2.07 2.01 1347
20150609 2.03 2.05 2.05 2.02 327
20150610 2.01 2.04 2.05 2.01 455
20150611 2.02 2.03 2.05 2.02 791
20150612 2.03 2.03 2.05 2.03 271
20150615 2.04 1.99 2.04 1.99 213
20150616 1.99 1.99 1.99 1.99 38
20150617 1.92 1.95 1.95 1.92 334
20150618 1.96 1.93 1.96 1.93 12
20150619 1.89 1.75 1.91 1.75 118
20150623 1.71 1.85 1.85 1.71 35
20150624 1.85 1.89 1.89 1.85 701
20150625 1.86 1.84 1.91 1.84 371
20150626 1.72 1.72 1.82 1.72 69
20150629 1.78 1.71 1.78 1.71 43
20150630 1.68 1.77 1.78 1.55 76
20150701 1.70 1.70 1.70 1.70 12
20150706 1.53 1.53 1.79 1.53 14
20150707 1.50 1.53 1.53 1.50 23
20150708 1.40 1.41 1.41 1.40 26
20150709 1.55 1.55 1.55 1.55 98
20150710 1.69 1.70 1.70 1.69 88
20150713 1.70 1.70 1.70 1.70 15
20150714 1.75 1.84 1.86 1.75 135
20150715 1.84 2.02 2.02 1.66 48
20150716 1.96 1.88 1.99 1.88 73
20150717 1.69 2.06 2.06 1.69 449
20150720 1.96 2.13 2.13 1.86 273
20150721 1.91 1.91 1.91 1.91 751
20150722 1.72 1.72 1.72 1.72 452
20150723 1.70 1.67 1.70 1.61 3382
20150724 1.66 1.65 1.68 1.65 1411
20150727 1.54 1.53 1.68 1.53 416
20150728 1.38 1.47 1.53 1.38 652
20150729 1.47 1.59 1.60 1.47 973
20150730 1.53 1.55 1.68 1.53 966
