20140102 0.97 0.97 0.97 0.97 706
20140108 0.97 0.96 0.97 0.96 1500
20140109 0.97 0.96 0.97 0.96 1005
20140110 0.97 0.96 0.97 0.96 19608
20140113 0.97 0.97 0.97 0.96 75034
20140114 0.97 0.97 0.97 0.97 2
20140116 0.96 0.96 0.96 0.96 143682
20140117 0.96 0.96 0.96 0.96 14197
20140120 0.96 0.96 0.96 0.96 4693
20140121 0.96 0.96 0.96 0.96 78929
20140122 0.96 0.97 0.97 0.96 49237
20140123 0.97 0.97 0.97 0.97 1655
20140124 0.97 0.97 0.97 0.97 27945
20140129 0.97 0.97 0.97 0.97 90509
20140130 0.97 0.97 0.97 0.97 157909
20140207 0.97 0.97 0.97 0.97 50
20140212 0.96 0.97 0.97 0.96 654
20140213 0.96 0.96 0.96 0.96 1605
20140217 0.96 0.96 0.96 0.96 292
20140218 0.96 0.96 0.96 0.96 112
20140219 0.96 0.97 0.97 0.96 1349
20140220 0.97 0.97 0.97 0.97 14552
20140221 0.97 0.97 0.97 0.97 3739
20140224 0.97 0.97 0.97 0.97 2000
20140225 0.97 0.98 0.98 0.97 1423
20140226 0.98 0.98 0.98 0.98 7187
20140227 0.98 0.98 0.98 0.98 7
20140304 0.98 0.98 0.98 0.98 3998
20140305 0.97 0.98 0.98 0.97 938
20140306 0.97 0.97 0.97 0.97 5304
20140307 0.98 0.98 0.98 0.98 9650
20140310 0.98 0.97 0.98 0.97 34
20140312 0.98 0.98 0.98 0.98 7107
20140313 0.98 0.98 0.98 0.98 55
20140314 0.98 0.98 0.98 0.98 227
20140317 0.98 1.00 1.00 0.98 466
20140318 0.98 0.98 0.98 0.98 33
20140320 0.98 0.98 0.98 0.98 1117
20140321 0.98 0.98 0.98 0.98 76687
20140324 0.98 0.98 0.98 0.98 22696
20140331 0.98 0.98 0.98 0.98 2
20140402 0.98 0.98 0.98 0.98 1
20140403 0.98 0.98 0.98 0.98 182
20140410 0.98 0.98 0.98 0.98 170
20140411 0.99 0.99 0.99 0.99 39
20140415 1.00 0.99 1.00 0.99 839
20140416 1.00 0.90 1.00 0.90 8
20140417 0.99 0.99 0.99 0.99 6463
20140418 0.99 0.99 0.99 0.99 100
20140421 0.99 0.99 0.99 0.99 100
20140422 1.00 1.00 1.00 1.00 100
20140423 1.01 1.01 1.01 1.01 9
20140424 1.01 1.01 1.01 1.01 47
20140425 1.00 1.00 1.00 1.00 24
20140429 0.99 0.99 0.99 0.99 419
20140430 1.01 1.01 1.01 1.01 1000
20140506 1.00 1.00 1.00 1.00 768
20140507 1.00 1.00 1.00 1.00 500
20140512 1.00 1.00 1.00 1.00 213
20140514 1.00 1.00 1.00 1.00 263771
20140515 1.00 1.00 1.00 1.00 54031
20140516 1.00 1.00 1.00 1.00 3846
20140521 1.00 1.00 1.00 1.00 497
20140523 1.01 1.01 1.01 1.01 370
20140527 1.01 1.01 1.01 1.01 994
20140528 1.01 1.01 1.01 1.01 748
20140603 1.01 1.01 1.01 1.01 2001
20140605 1.01 1.01 1.01 1.01 120
20140609 1.02 1.02 1.02 1.02 100
20140610 1.05 1.05 1.05 1.05 1
20140611 1.01 1.02 1.02 1.01 640
20140613 1.02 1.02 1.02 1.02 101
20140616 1.02 1.02 1.02 1.02 70
20140618 1.02 1.01 1.02 1.01 3130
20140620 1.02 1.02 1.02 1.02 6548
20140625 1.02 1.02 1.02 1.02 237
20140704 1.02 1.02 1.02 1.02 100
20140707 1.02 1.02 1.02 1.02 1
20140708 1.02 1.02 1.02 1.02 450
20140709 1.02 1.02 1.02 1.02 22
20140715 1.02 1.02 1.02 1.02 2500
20140716 0.93 0.93 0.93 0.93 4
20140717 1.02 1.02 1.02 1.02 9
20140721 1.02 1.02 1.02 1.02 802
20140722 1.02 1.02 1.02 1.02 391
20140723 0.92 0.92 0.92 0.92 26
20140724 1.01 1.01 1.01 1.01 2000
20140725 1.02 1.02 1.02 1.02 1678
20140728 1.02 1.03 1.03 1.02 150
20140729 1.02 1.02 1.02 1.02 142
20140730 1.03 1.03 1.03 1.03 1
20140801 1.03 1.03 1.03 1.03 10
20140804 1.03 1.03 1.03 1.03 100
20140808 1.03 1.03 1.03 1.03 100
20140811 1.03 1.03 1.03 1.03 1000
20140812 1.04 1.04 1.04 1.04 100
20140814 1.04 1.04 1.04 1.04 100
20140815 1.04 1.04 1.04 1.04 1
20140819 1.05 1.05 1.05 1.05 500
20140820 1.05 1.05 1.15 1.05 901
20140825 1.05 1.05 1.05 1.05 10
20140828 1.05 1.05 1.05 1.05 150
20140902 1.05 1.05 1.05 1.05 60
20140903 1.05 1.05 1.05 1.05 1
20140904 1.05 1.05 1.05 1.05 1000
20140905 1.05 1.05 1.05 1.05 96
20140912 1.05 1.06 1.06 1.05 11026
20140916 1.05 1.05 1.05 1.05 100
20140919 1.05 1.05 1.05 1.05 3518
20140922 1.05 1.06 1.06 1.05 2936
20140923 1.06 1.06 1.06 1.06 6728
20140924 1.06 1.06 1.06 1.06 1041
20140925 1.06 1.06 1.06 1.06 47
20140929 1.06 1.06 1.06 1.06 243
20140930 1.06 1.06 1.06 1.06 245
20141008 1.06 1.06 1.06 1.06 149
20141009 1.07 1.07 1.07 1.07 288
20141013 1.07 1.07 1.07 1.07 78
20141015 1.07 1.07 1.08 1.07 2012
20141020 1.08 1.08 1.08 1.08 25
20141021 1.09 1.09 1.09 1.09 175
20141027 1.08 1.09 1.09 1.08 570
20141028 1.09 1.08 1.09 1.08 207
20141031 1.09 1.09 1.09 1.09 3000
20141103 1.09 1.10 1.10 1.09 41
20141104 1.10 1.10 1.10 1.10 1815
20141106 1.10 1.10 1.10 1.10 297
20141107 1.10 1.10 1.10 1.10 244
20141111 1.11 1.11 1.11 1.11 20
20141112 1.11 1.11 1.11 1.11 1272
20141120 1.10 1.10 1.10 1.10 198
20141124 1.10 1.10 1.10 1.10 175
20141125 1.10 1.10 1.10 1.10 307
20141126 1.10 1.10 1.10 1.10 301
20141127 1.11 1.11 1.11 1.11 245
20141201 1.12 1.12 1.12 1.12 200
20141202 1.12 1.12 1.12 1.12 72
20141203 1.12 1.12 1.12 1.12 165
20141205 1.09 1.11 1.11 1.09 400
20141208 1.14 1.15 1.15 1.14 339
20141209 1.15 1.14 1.16 1.14 384
20141210 1.05 1.10 1.10 1.05 5898
20141211 1.10 1.12 1.12 1.10 54
20141212 1.13 1.13 1.13 1.13 9
20141215 1.09 1.10 1.10 1.09 59
20141217 1.13 1.13 1.13 1.13 458
20141218 1.12 1.12 1.17 1.12 111
20141219 1.13 1.12 1.16 1.12 447
20141226 1.17 1.17 1.17 1.17 110
20141231 1.20 1.20 1.20 1.20 34
20150106 1.19 1.28 1.28 1.19 211
20150107 1.28 1.25 1.28 1.19 161
20150108 1.20 1.20 1.20 1.20 2
20150114 1.20 1.21 1.21 1.20 863
20150115 1.21 1.30 1.30 1.21 311
20150119 1.19 1.20 1.29 1.19 442
20150120 1.15 1.15 1.15 1.15 13
20150121 1.20 1.20 1.20 1.20 30
20150122 1.20 1.20 1.20 1.20 4
20150123 1.19 1.19 1.19 1.19 2
20150126 1.20 1.24 1.30 1.18 337
20150127 1.17 1.23 1.24 1.17 362
20150128 1.19 1.19 1.19 1.19 372
20150129 1.18 1.16 1.18 1.15 115
20150130 1.16 1.16 1.18 1.16 152
20150202 1.15 1.15 1.15 1.15 40
20150206 1.15 1.15 1.15 1.15 22
20150217 1.16 1.16 1.16 1.16 30
20150225 1.17 1.16 1.17 1.16 31
20150226 1.20 1.16 1.20 1.16 11
20150227 1.17 1.21 1.25 1.17 13
20150302 1.20 1.17 1.20 1.17 15
20150303 1.18 1.18 1.18 1.18 236
20150304 1.17 1.17 1.17 1.16 632
20150305 1.18 1.17 1.18 1.17 104
20150309 1.18 1.16 1.18 1.16 257
20150310 1.16 1.16 1.16 1.16 75
20150311 1.16 1.16 1.17 1.16 652
20150313 1.16 1.16 1.16 1.16 3
20150316 1.17 1.19 1.26 1.13 503
20150317 1.18 1.18 1.18 1.18 264
20150318 1.19 1.18 1.19 1.18 39
20150319 1.18 1.18 1.18 1.18 16
20150320 1.18 1.19 1.19 1.18 546
20150323 1.19 1.19 1.22 1.19 518
20150324 1.19 1.19 1.19 1.19 120
20150325 1.19 1.19 1.19 1.19 374
20150326 1.19 1.19 1.19 1.19 9
20150327 1.19 1.19 1.19 1.19 9
20150330 1.17 1.19 1.19 1.17 45
20150331 1.22 1.18 1.22 1.18 6
20150401 1.18 1.18 1.18 1.18 1
20150402 1.18 1.20 1.22 1.18 925
20150403 1.20 1.21 1.21 1.20 304
20150407 1.21 1.25 1.25 1.21 1666
20150408 1.24 1.21 1.24 1.21 1914
20150409 1.21 1.21 1.21 1.21 101
20150410 1.20 1.22 1.22 1.20 519
20150413 1.22 1.22 1.22 1.22 602
20150414 1.21 1.22 1.30 1.21 1187
20150415 1.09 1.08 1.09 1.07 449
20150416 1.08 1.09 1.09 1.07 3470
20150417 1.10 1.10 1.10 1.09 3080
20150420 1.10 1.10 1.14 1.10 288
20150421 1.15 1.11 1.15 1.11 72
20150422 1.12 1.13 1.15 1.11 551
20150423 1.13 1.14 1.15 1.13 81
20150424 1.15 1.14 1.15 1.12 112
20150427 1.14 1.14 1.14 1.14 39
20150428 1.14 1.14 1.14 1.14 100
20150429 1.15 1.12 1.15 1.12 54
20150430 1.15 1.13 1.15 1.13 314
20150504 1.12 1.13 1.14 1.12 292
20150505 1.13 1.13 1.20 1.13 210
20150506 1.12 1.13 1.14 1.12 345
20150508 1.13 1.13 1.14 1.13 125
20150511 1.14 1.15 1.15 1.14 1132
20150512 1.15 1.16 1.25 1.15 2318
20150513 1.17 1.17 1.17 1.17 83
20150514 1.17 1.17 1.17 1.17 306
20150515 1.18 1.18 1.18 1.18 79
20150518 1.18 1.19 1.20 1.18 160
20150519 1.19 1.19 1.19 1.19 41
20150520 1.19 1.19 1.19 1.19 50
20150521 1.19 1.20 1.20 1.19 1188
20150522 1.21 1.22 1.23 1.21 75
20150525 1.27 1.26 1.27 1.24 57
20150526 1.26 1.24 1.26 1.24 114
20150527 1.29 1.32 1.35 1.28 779
20150528 1.32 1.28 1.32 1.27 276
20150529 1.27 1.25 1.28 1.18 257
20150601 1.25 1.26 1.27 1.25 4466
20150602 1.23 1.28 1.30 1.23 322
20150603 1.28 1.29 1.30 1.28 27
20150604 1.26 1.29 1.29 1.26 529
20150605 1.27 1.29 1.29 1.27 496
20150608 1.27 1.29 1.29 1.27 347
20150609 1.29 1.30 1.30 1.25 340
20150610 1.30 1.30 1.36 1.30 2909
20150611 1.30 1.31 1.32 1.28 710
20150612 1.44 1.31 1.44 1.29 1709
20150615 1.30 1.30 1.31 1.29 1166
20150616 1.28 1.30 1.32 1.28 1451
20150617 1.30 1.29 1.30 1.27 306
20150618 1.25 1.27 1.30 1.25 983
20150619 1.26 1.26 1.26 1.25 148
20150623 1.24 1.27 1.27 1.24 850
20150624 1.24 1.24 1.26 1.22 1632
20150625 1.27 1.25 1.27 1.25 227
20150626 1.25 1.22 1.25 1.21 204
20150629 1.16 1.16 1.18 1.16 609
20150630 1.15 1.16 1.16 1.15 209
20150701 1.17 1.20 1.23 1.17 646
20150702 1.17 1.17 1.17 1.17 17
20150703 1.12 1.12 1.12 1.12 50
20150707 1.12 1.12 1.12 1.12 1
20150708 1.10 1.15 1.15 1.04 888
20150709 1.13 1.22 1.22 1.09 425
20150710 1.31 1.34 1.34 1.12 1110
20150713 1.33 1.23 1.33 1.21 1639
20150714 1.17 1.18 1.20 1.17 260
20150715 1.08 1.13 1.16 1.08 1384
20150716 1.07 1.11 1.13 1.07 351
20150717 1.11 1.12 1.12 1.11 257
20150720 1.11 1.12 1.14 1.11 72
20150721 1.11 1.14 1.14 1.11 18
20150722 1.13 1.12 1.13 1.12 103
20150723 1.13 1.13 1.13 1.13 1
20150724 1.11 1.11 1.11 1.11 452
20150727 1.11 1.12 1.22 1.11 1447
20150729 1.12 1.16 1.23 1.12 49
20150730 1.15 1.15 1.15 1.12 108
