20140102 1.03 1.03 1.03 1.03 1
20140106 1.04 1.00 1.04 0.96 366
20140107 1.02 1.02 1.02 1.02 261
20140109 1.02 1.02 1.02 1.02 100
20140120 1.00 1.00 1.00 1.00 1
20140121 0.98 0.98 0.98 0.98 10
20140122 1.02 1.02 1.02 1.02 1
20140123 1.01 1.01 1.01 1.01 10
20140124 1.01 1.01 1.01 1.01 200
20140127 1.03 1.03 1.03 1.03 170
20140128 1.03 1.03 1.03 1.03 3
20140210 1.03 1.04 1.04 1.03 2119
20140211 1.05 1.05 1.05 1.05 14
20140212 1.04 1.04 1.04 1.04 210
20140213 1.05 1.05 1.05 1.05 381
20140214 1.04 1.04 1.04 1.04 411
20140218 1.07 1.06 1.07 1.06 679
20140219 1.06 1.08 1.16 1.05 8212
20140220 1.06 1.05 1.07 1.05 2371
20140221 1.04 1.08 1.08 1.04 340
20140303 1.01 1.06 1.06 1.01 121
20140317 1.06 1.06 1.06 1.06 386
20140318 1.02 1.02 1.02 1.02 300
20140319 1.03 1.03 1.03 1.03 112
20140326 1.01 1.01 1.01 1.01 70
20140327 1.01 1.01 1.01 1.01 2
20140401 1.03 1.03 1.03 1.02 3030
20140402 1.03 1.04 1.04 1.03 442
20140403 1.03 1.03 1.03 1.03 130
20140404 1.04 1.04 1.04 1.04 30
20140408 1.07 1.07 1.07 1.06 449
20140409 1.05 1.07 1.07 1.05 235
20140410 1.07 1.09 1.09 1.07 3961
20140411 1.08 1.09 1.10 1.08 2209
20140414 1.08 1.08 1.08 1.08 1
20140415 1.08 1.07 1.08 1.06 575
20140416 1.07 1.07 1.07 1.07 100
20140417 1.07 1.07 1.07 1.07 200
20140418 1.06 1.07 1.07 1.06 200
20140421 0.99 1.05 1.05 0.98 292
20140422 1.05 1.05 1.06 1.05 426
20140428 1.05 1.02 1.05 1.02 95
20140507 1.00 1.00 1.00 1.00 1980
20140508 1.07 1.07 1.07 1.07 3
20140509 1.05 1.05 1.05 1.05 25
20140512 1.02 1.02 1.02 1.02 1803
20140513 1.02 1.02 1.02 1.02 130
20140519 0.98 0.98 0.98 0.98 89
20140529 1.03 1.03 1.03 1.03 1727
20140603 1.06 1.06 1.06 1.06 100
20140610 1.06 1.06 1.06 1.06 20
20140616 1.05 1.05 1.05 1.05 525
20140617 1.06 1.06 1.06 1.06 113
20140619 1.04 1.04 1.04 1.04 23
20140620 1.06 1.06 1.06 1.06 1205
20140626 1.05 1.05 1.05 1.05 332
20140630 1.05 1.06 1.06 1.05 95
20140701 1.07 1.07 1.07 1.07 110
20140702 1.07 1.07 1.07 1.07 1
20140703 1.08 1.08 1.08 1.08 539
20140704 1.10 1.10 1.18 1.10 112
20140707 1.10 1.10 1.10 1.10 1000
20140708 1.10 1.10 1.10 1.10 40
20140709 1.09 1.09 1.09 1.09 70
20140711 1.10 1.08 1.10 1.08 511
20140714 1.09 1.09 1.09 1.09 422
20140715 1.09 1.09 1.09 1.09 525
20140716 1.09 1.08 1.09 1.08 254
20140717 1.08 1.08 1.08 1.08 500
20140724 1.08 1.08 1.08 1.08 203
20140725 1.09 1.09 1.09 1.09 169
20140728 1.12 1.12 1.12 1.12 576
20140729 1.12 1.13 1.13 1.12 320
20140730 1.12 1.12 1.12 1.12 200
20140731 1.13 1.11 1.14 1.11 143
20140801 1.14 1.04 1.14 1.04 707
20140804 1.13 1.14 1.14 1.13 1197
20140805 1.17 1.17 1.17 1.17 416
20140806 1.14 1.16 1.16 1.14 606
20140808 1.13 1.15 1.15 1.13 51
20140811 1.15 1.15 1.15 1.15 96
20140814 1.08 1.17 1.17 1.08 31
20140818 1.15 1.15 1.15 1.15 87
20140819 1.16 1.16 1.16 1.16 254
20140821 1.25 1.25 1.25 1.25 6
20140822 1.25 1.25 1.25 1.25 42
20140827 1.25 1.25 1.25 1.25 10
20140901 1.13 1.30 1.30 1.13 71
20140903 1.29 1.29 1.29 1.29 8
20140904 1.29 1.29 1.29 1.29 600
20140905 1.28 1.28 1.28 1.28 139
20140909 1.19 1.27 1.28 1.19 117
20140910 1.26 1.26 1.26 1.26 72
20140911 1.18 1.19 1.19 1.18 161
20140912 1.19 1.19 1.19 1.19 184
20140915 1.19 1.19 1.19 1.19 197
20140919 1.16 1.16 1.16 1.16 100
20140924 1.24 1.17 1.24 1.17 106
20140929 1.19 1.21 1.21 1.19 190
20141008 1.19 1.19 1.19 1.19 138
20141009 1.20 1.19 1.20 1.19 1350
20141010 1.19 1.19 1.19 1.19 1000
20141014 1.19 1.19 1.19 1.19 100
20141016 1.19 1.19 1.19 1.19 20
20141017 1.19 1.19 1.19 1.19 110
20141022 1.17 1.17 1.17 1.17 68
20141029 1.19 1.20 1.20 1.19 114
20141031 1.20 1.20 1.20 1.20 381
20141104 1.21 1.21 1.21 1.21 139
20141105 1.34 1.34 1.34 1.34 5
20141107 1.30 1.30 1.30 1.30 1
20141111 1.30 1.23 1.30 1.23 52
20141112 1.22 1.22 1.22 1.22 66
20141113 1.34 1.23 1.34 1.23 492
20141114 1.15 1.15 1.15 1.15 33
20141118 1.27 1.25 1.27 1.25 42
20141120 1.24 1.23 1.24 1.20 52
20141121 1.23 1.23 1.23 1.23 1
20141124 1.28 1.27 1.28 1.27 206
20141125 1.28 1.33 1.33 1.28 25
20141126 1.33 1.31 1.33 1.30 487
20141127 1.33 1.33 1.40 1.33 1100
20141128 1.32 1.45 1.45 1.30 84
20141201 1.45 1.45 1.45 1.45 13
20141202 1.33 1.40 1.45 1.33 386
20141203 1.47 1.47 1.47 1.40 669
20141204 1.62 1.61 1.62 1.47 10042
20141205 1.70 1.66 1.77 1.65 3873
20141208 1.60 1.57 1.60 1.50 2448
20141209 1.54 1.45 1.54 1.43 3506
20141210 1.49 1.49 1.49 1.32 952
20141211 1.48 1.48 1.48 1.40 496
20141212 1.47 1.46 1.47 1.40 583
20141215 1.46 1.46 1.46 1.37 816
20141216 1.45 1.49 1.49 1.45 1114
20141217 1.55 1.59 1.64 1.49 10922
20141218 1.59 1.63 1.69 1.59 3052
20141219 1.63 1.54 1.63 1.51 6583
20141222 1.54 1.52 1.54 1.49 3959
20141223 1.55 1.47 1.57 1.40 4026
20141224 1.46 1.48 1.48 1.46 2521
20141225 1.51 1.49 1.51 1.44 381
20141226 1.50 1.50 1.51 1.48 5115
20141229 1.48 1.50 1.54 1.48 3950
20141230 1.49 1.51 1.51 1.46 1768
20141231 1.52 1.52 1.52 1.51 1273
20150105 1.52 1.58 1.59 1.52 1113
20150106 1.53 1.57 1.59 1.52 1823
20150107 1.57 1.58 1.59 1.57 917
20150108 1.57 1.56 1.57 1.53 542
20150109 1.51 1.57 1.58 1.51 2005
20150112 1.42 1.56 1.59 1.42 474
20150113 1.53 1.56 1.59 1.53 1295
20150114 1.56 1.57 1.57 1.55 997
20150115 1.58 1.58 1.58 1.55 3103
20150116 1.59 1.62 1.64 1.59 1005
20150119 1.49 1.55 1.62 1.49 2077
20150120 1.49 1.55 1.59 1.49 1005
20150121 1.57 1.61 1.61 1.57 2077
20150122 1.61 1.60 1.67 1.58 2426
20150123 1.61 1.62 1.63 1.61 932
20150126 1.68 1.66 1.68 1.62 1726
20150127 1.62 1.64 1.65 1.62 683
20150128 1.64 1.64 1.64 1.64 100
20150129 1.66 1.61 1.66 1.61 748
20150130 1.58 1.59 1.65 1.58 11
20150202 1.54 1.59 1.60 1.54 251
20150203 1.53 1.59 1.60 1.53 384
20150204 1.64 1.59 1.64 1.59 587
20150205 1.58 1.62 1.62 1.58 13
20150206 1.58 1.61 1.61 1.46 477
20150209 1.53 1.58 1.59 1.53 670
20150210 1.53 1.56 1.56 1.53 357
20150211 1.55 1.56 1.57 1.55 488
20150212 1.58 1.58 1.58 1.56 133
20150213 1.58 1.60 1.61 1.58 312
20150216 1.58 1.60 1.60 1.58 1133
20150217 1.65 1.62 1.65 1.60 350
20150225 1.60 1.60 1.60 1.60 1079
20150226 1.58 1.62 1.62 1.58 1308
20150227 1.62 1.63 1.63 1.61 309
20150302 1.61 1.63 1.64 1.61 1750
20150303 1.62 1.62 1.66 1.62 2136
20150304 1.60 1.65 1.75 1.60 1208
20150305 1.64 1.66 1.68 1.63 386
20150306 1.64 1.65 1.65 1.64 161
20150309 1.65 1.65 1.65 1.61 1733
20150310 1.65 1.67 1.67 1.65 5287
20150311 1.67 1.69 1.71 1.67 2569
20150312 1.70 1.70 1.71 1.68 1343
20150313 1.72 1.75 1.75 1.72 1600
20150316 1.75 1.80 1.82 1.72 1585
20150317 1.85 1.82 1.86 1.78 4080
20150318 1.78 1.84 1.92 1.78 1226
20150319 1.84 1.83 1.84 1.81 611
20150320 1.87 1.84 1.87 1.81 2505
20150323 1.89 1.89 1.89 1.84 1338
20150324 1.89 1.90 1.99 1.89 2113
20150325 1.89 1.92 1.98 1.89 1460
20150326 1.88 1.93 1.94 1.88 845
20150327 1.90 1.92 1.92 1.90 422
20150330 1.95 1.95 1.95 1.90 1220
20150331 1.97 1.95 1.97 1.93 1685
20150401 1.95 1.97 1.97 1.93 807
20150402 1.97 2.00 2.06 1.97 969
20150403 2.09 2.08 2.09 2.01 835
20150407 2.10 2.09 2.10 2.03 712
20150408 2.09 2.09 2.09 2.01 659
20150409 2.03 2.03 2.03 2.01 972
20150410 2.07 2.05 2.07 1.97 775
20150413 2.04 2.08 2.09 2.04 1635
20150414 2.07 2.09 2.09 2.06 1091
20150415 2.05 2.02 2.08 1.95 1027
20150416 1.96 2.02 2.03 1.96 2792
20150417 2.07 2.05 2.08 2.03 2368
20150420 2.05 2.01 2.05 2.01 4045
20150421 1.96 2.03 2.03 1.96 861
20150422 2.06 2.07 2.08 2.02 2000
20150423 2.09 2.08 2.11 2.05 3719
20150424 2.06 2.09 2.10 2.04 2803
20150427 2.10 2.11 2.12 2.08 2716
20150428 2.11 2.10 2.11 2.00 1100
20150429 2.01 2.11 2.11 2.01 985
20150430 2.11 2.10 2.11 2.08 4522
20150504 2.08 2.09 2.10 2.06 798
20150505 2.09 2.05 2.09 1.88 990
20150506 2.04 2.08 2.11 2.04 1417
20150507 2.01 2.07 2.07 2.01 208
20150508 2.03 2.09 2.09 2.03 252
20150511 2.08 2.14 2.15 2.08 1879
20150512 2.17 2.18 2.24 2.17 644
20150513 2.17 2.19 2.21 2.17 1498
20150514 2.22 2.23 2.24 2.20 729
20150515 2.28 2.26 2.28 2.24 301
20150518 2.26 2.26 2.26 2.26 26
20150519 2.48 2.37 2.48 2.28 291
20150520 2.38 2.46 2.49 2.38 638
20150521 2.37 2.50 2.66 2.37 1065
20150522 2.59 2.59 2.60 2.57 2400
20150525 2.59 2.57 2.69 2.56 1288
20150526 2.56 2.64 2.66 2.56 583
20150527 2.63 2.59 2.63 2.53 510
20150528 2.54 2.59 2.60 2.54 1007
20150529 2.59 2.55 2.59 2.49 747
20150601 2.49 2.62 2.62 2.49 1734
20150602 2.62 2.77 2.82 2.60 1457
20150603 2.70 2.96 3.00 2.66 2328
20150604 2.98 2.96 2.98 2.67 1385
20150605 2.80 2.89 2.95 2.79 3473
20150608 2.89 2.85 2.89 2.63 1134
20150609 2.75 2.70 2.79 2.67 2263
20150610 2.61 2.72 2.76 2.61 1995
20150611 2.72 2.71 2.72 2.66 612
20150612 2.67 2.72 2.74 2.67 1605
20150615 2.70 2.64 2.75 2.45 1244
20150616 2.63 2.62 2.63 2.55 1304
20150617 2.53 2.62 2.62 2.53 354
20150618 2.58 2.50 2.65 2.50 869
20150619 2.44 2.33 2.46 2.26 1249
20150623 2.37 2.43 2.55 2.30 720
20150624 2.54 2.48 2.54 2.43 828
20150625 2.49 2.39 2.49 2.38 1753
20150626 2.22 2.15 2.24 2.15 1764
20150629 2.20 2.12 2.20 1.94 2619
20150630 2.12 2.21 2.21 1.93 2635
20150701 2.21 2.20 2.42 2.07 1074
20150702 2.09 2.16 2.16 2.00 864
20150703 1.95 2.00 2.10 1.95 745
20150706 2.20 2.06 2.20 1.82 533
20150707 1.86 1.87 2.00 1.86 787
20150708 1.68 1.79 1.86 1.68 7604
20150709 1.81 1.94 1.96 1.62 7819
20150710 2.00 2.10 2.13 1.78 4268
20150713 2.31 2.19 2.31 2.10 3264
20150714 2.30 2.14 2.30 2.07 1902
20150715 2.14 2.05 2.14 2.01 969
20150716 1.96 2.13 2.13 1.96 2374
20150717 2.20 2.19 2.20 2.11 447
20150720 2.22 2.16 2.25 2.15 1282
20150721 2.23 2.22 2.23 2.18 551
20150722 2.25 2.20 2.25 2.17 2224
20150723 2.23 2.30 2.30 2.23 2428
20150724 2.26 2.26 2.30 2.26 1837
20150727 2.16 2.05 2.17 2.05 419
20150728 1.91 2.05 2.05 1.91 481
20150729 2.03 2.09 2.09 1.96 403
20150730 2.12 2.03 2.12 2.03 92
