20150413 1.19 1.21 1.22 1.16 6180406
20150414 1.20 1.16 1.20 1.16 1309978
20150415 1.16 1.13 1.17 1.13 817575
20150416 1.13 1.15 1.15 1.13 472205
20150417 1.15 1.14 1.17 1.14 456541
20150420 1.13 1.12 1.14 1.11 520843
20150421 1.12 1.14 1.15 1.12 653464
20150422 1.15 1.17 1.18 1.15 454095
20150423 1.17 1.15 1.18 1.14 403656
20150424 1.13 1.12 1.14 1.11 450197
20150427 1.13 1.14 1.15 1.13 409796
20150428 1.14 1.13 1.14 1.12 364403
20150429 1.13 1.13 1.13 1.12 289458
20150430 1.13 1.12 1.13 1.12 199676
20150504 1.12 1.12 1.13 1.12 171967
20150505 1.12 1.10 1.13 1.10 177822
20150506 1.11 1.10 1.11 1.10 207773
20150507 1.10 1.09 1.10 1.00 161968
20150508 1.10 1.10 1.10 1.08 177212
20150511 1.10 1.11 1.11 1.10 179199
20150512 1.11 1.10 1.11 1.10 54985
20150513 1.10 1.09 1.10 1.09 77296
20150514 1.09 1.09 1.09 1.08 32606
20150515 1.08 1.13 1.15 1.08 399213
20150518 1.13 1.11 1.14 1.11 80365
20150519 1.11 1.11 1.12 1.11 71958
20150520 1.12 1.11 1.12 1.10 100635
20150521 1.11 1.10 1.11 1.09 37794
20150522 1.11 1.13 1.14 1.11 191149
20150525 1.23 1.22 1.24 1.18 635785
20150526 1.22 1.18 1.24 1.16 450105
20150527 1.18 1.15 1.19 1.14 185120
20150528 1.15 1.10 1.15 1.10 285646
20150529 1.10 1.11 1.12 1.06 118154
20150601 1.10 1.12 1.13 1.09 100290
20150602 1.12 1.10 1.12 1.10 81447
20150603 1.10 1.10 1.11 1.10 114558
20150604 1.10 1.09 1.11 1.08 95260
20150605 1.10 1.10 1.11 1.09 66670
20150608 1.10 1.12 1.14 1.09 102561
20150609 1.12 1.11 1.13 1.10 36827
20150610 1.10 1.09 1.11 1.09 38780
20150611 1.09 1.10 1.11 1.09 35630
20150612 1.10 1.10 1.11 1.09 19773
20150615 1.10 1.08 1.11 1.08 36996
20150616 1.08 1.06 1.08 1.05 28820
20150617 1.06 1.08 1.09 1.06 56758
20150618 1.08 1.07 1.10 1.06 23145
20150619 1.07 1.07 1.09 1.06 35422
20150623 1.08 1.09 1.09 1.06 143456
20150624 1.09 1.10 1.11 1.09 65576
20150625 1.09 1.09 1.11 1.08 29784
20150626 1.10 1.07 1.10 1.05 55035
20150629 1.08 1.03 1.08 1.01 104446
20150630 1.03 1.06 1.06 1.02 109352
20150701 1.06 1.03 1.07 1.03 69473
20150702 1.05 1.05 1.05 1.04 38070
20150703 1.04 1.04 1.06 1.04 39614
20150706 1.07 1.00 1.09 0.98 71071
20150707 0.99 0.99 1.01 0.97 78424
20150708 0.96 0.91 0.96 0.90 112078
20150709 0.90 0.98 0.99 0.90 139239
20150710 0.97 0.98 1.00 0.97 248001
20150713 0.99 1.01 1.02 0.98 86037
20150714 1.01 1.00 1.01 1.00 41463
20150715 1.01 1.01 1.02 1.00 43698
20150716 1.01 1.01 1.01 0.99 51237
20150717 1.01 1.03 1.04 1.01 25433
20150720 1.03 1.02 1.03 1.02 22650
20150721 1.02 1.03 1.03 1.02 45303
20150722 1.03 1.02 1.03 1.02 40599
20150723 1.02 1.03 1.03 1.02 40688
20150724 1.03 1.02 1.03 1.02 39747
20150727 1.01 0.98 1.01 0.97 49432
20150728 0.98 1.00 1.02 0.90 60117
20150729 1.00 1.00 1.00 0.99 26550
20150730 1.00 1.00 1.01 1.00 7819
