20150109 1.05 1.06 1.07 1.05 1064859
20150112 1.05 1.05 1.06 1.04 407673
20150113 1.06 1.07 1.07 1.06 292958
20150114 1.07 1.07 1.08 1.07 222244
20150115 1.07 1.08 1.08 1.07 304417
20150116 1.08 1.08 1.08 1.08 352035
20150119 1.06 1.05 1.07 1.03 288599
20150120 1.05 1.07 1.07 1.05 286229
20150121 1.08 1.11 1.11 1.08 330666
20150122 1.11 1.11 1.11 1.10 127266
20150123 1.11 1.11 1.12 1.10 66729
20150126 1.10 1.12 1.12 1.10 69110
20150127 1.12 1.12 1.13 1.10 116686
20150128 1.12 1.11 1.12 1.11 46110
20150129 1.09 1.09 1.09 1.08 33773
20150130 1.09 1.08 1.10 1.08 38686
20150202 1.07 1.08 1.08 1.07 45519
20150203 1.08 1.10 1.10 1.08 132273
20150204 1.10 1.10 1.11 1.09 56965
20150205 1.10 1.09 1.11 1.09 33903
20150206 1.09 1.07 1.09 1.06 31011
20150209 1.06 1.07 1.08 1.06 38658
20150210 1.06 1.08 1.08 1.06 40138
20150211 1.08 1.09 1.10 1.08 34995
20150212 1.10 1.11 1.11 1.10 31517
20150213 1.11 1.12 1.13 1.11 75071
20150216 1.12 1.15 1.15 1.12 77241
20150217 1.15 1.16 1.16 1.15 80278
20150225 1.17 1.16 1.17 1.16 74987
20150226 1.16 1.18 1.18 1.16 66181
20150227 1.17 1.18 1.18 1.16 35768
20150302 1.18 1.20 1.20 1.18 39295
20150303 1.20 1.19 1.20 1.19 50246
20150304 1.20 1.23 1.23 1.20 86649
20150305 1.22 1.23 1.23 1.22 52990
20150306 1.22 1.21 1.23 1.20 42237
20150309 1.20 1.22 1.22 1.19 28696
20150310 1.21 1.22 1.22 1.21 25826
20150311 1.22 1.22 1.23 1.21 15372
20150312 1.22 1.21 1.22 1.20 43179
20150313 1.21 1.23 1.23 1.21 45272
20150316 1.23 1.27 1.27 1.23 45157
20150317 1.27 1.28 1.28 1.27 40812
20150318 1.28 1.30 1.30 1.28 44441
20150319 1.30 1.30 1.30 1.29 43890
20150320 1.30 1.31 1.31 1.30 21458
20150323 1.32 1.35 1.35 1.32 47359
20150324 1.36 1.38 1.38 1.33 51587
20150325 1.36 1.37 1.38 1.36 38549
20150326 1.38 1.37 1.39 1.36 55402
20150327 1.37 1.37 1.38 1.36 43630
20150330 1.37 1.39 1.39 1.37 32929
20150331 1.38 1.39 1.40 1.38 46003
20150401 1.39 1.43 1.43 1.39 39035
20150402 1.44 1.47 1.47 1.44 41269
20150403 1.47 1.51 1.51 1.47 32448
20150407 1.53 1.57 1.58 1.53 48289
20150408 1.57 1.54 1.57 1.51 56153
20150409 1.52 1.52 1.54 1.45 71001
20150410 1.52 1.54 1.55 1.48 39250
20150413 1.55 1.58 1.58 1.54 46304
20150414 1.58 1.58 1.59 1.57 31705
20150415 1.58 1.53 1.58 1.50 26163
20150416 1.52 1.53 1.55 1.48 30895
20150417 1.53 1.55 1.56 1.53 50731
20150420 1.54 1.50 1.54 1.49 43232
20150421 1.49 1.55 1.55 1.49 53179
20150422 1.55 1.58 1.59 1.55 48293
20150423 1.60 1.61 1.61 1.59 59504
20150424 1.60 1.61 1.61 1.57 60706
20150427 1.62 1.63 1.65 1.60 36610
20150428 1.63 1.59 1.63 1.57 24029
20150429 1.58 1.62 1.62 1.57 51370
20150430 1.62 1.63 1.64 1.61 36838
20150504 1.63 1.65 1.65 1.61 46578
20150505 1.65 1.59 1.65 1.58 21543
20150506 1.58 1.56 1.61 1.55 32276
20150507 1.56 1.56 1.58 1.53 50897
20150508 1.56 1.63 1.63 1.56 58522
20150511 1.63 1.70 1.70 1.63 73289
20150512 1.69 1.72 1.73 1.69 48392
20150513 1.72 1.75 1.75 1.70 60407
20150514 1.75 1.75 1.76 1.73 19926
20150515 1.74 1.73 1.75 1.70 21741
20150518 1.74 1.79 1.80 1.74 43210
20150519 1.80 1.83 1.84 1.78 20515
20150520 1.84 1.87 1.89 1.84 17545
20150521 1.88 1.95 1.95 1.88 20228
20150522 1.96 2.00 2.03 1.96 39326
20150525 1.97 1.97 1.98 1.93 35160
20150526 1.97 2.03 2.03 1.97 31305
20150527 2.03 2.04 2.05 1.98 31502
20150528 2.04 1.91 2.06 1.90 24821
20150529 1.92 1.99 2.02 1.88 52506
20150601 2.00 2.11 2.12 2.00 30707
20150602 2.11 2.20 2.20 2.11 31741
20150603 2.25 2.24 2.26 2.15 16836
20150604 2.23 2.19 2.23 2.12 24489
20150605 2.18 2.18 2.28 2.16 29949
20150608 2.17 2.13 2.17 2.10 28312
20150609 2.09 2.06 2.10 2.04 26415
20150610 2.06 2.10 2.12 2.02 20357
20150611 2.10 2.10 2.11 2.09 16472
20150612 2.12 2.14 2.15 2.11 22913
20150615 2.12 2.07 2.14 2.07 20633
20150616 2.07 2.00 2.07 1.99 20968
20150617 1.99 2.02 2.02 1.90 32462
20150618 2.01 1.92 2.01 1.91 12723
20150619 1.86 1.78 1.90 1.78 32639
20150623 1.79 1.82 1.82 1.65 37326
20150624 1.82 1.84 1.86 1.79 24296
20150625 1.85 1.78 1.85 1.76 11869
20150626 1.72 1.60 1.72 1.60 43280
20150629 1.63 1.47 1.69 1.44 61629
20150630 1.47 1.58 1.58 1.36 39688
20150701 1.52 1.48 1.60 1.46 24843
20150702 1.47 1.40 1.55 1.37 26204
20150703 1.37 1.30 1.42 1.27 35459
20150706 1.42 1.30 1.43 1.27 53762
20150707 1.26 1.17 1.30 1.17 40098
20150708 1.09 1.06 1.09 1.05 89409
20150709 1.06 1.16 1.16 1.05 28159
20150710 1.25 1.28 1.28 1.18 21534
20150713 1.39 1.41 1.41 1.36 80408
20150714 1.50 1.44 1.50 1.41 63915
20150715 1.42 1.34 1.42 1.31 29166
20150716 1.26 1.37 1.40 1.26 15740
20150717 1.37 1.45 1.45 1.37 25339
20150720 1.46 1.48 1.50 1.45 30043
20150721 1.46 1.51 1.51 1.45 39405
20150722 1.52 1.53 1.55 1.49 47162
20150723 1.55 1.59 1.60 1.54 36605
20150724 1.60 1.58 1.64 1.57 25506
20150727 1.57 1.48 1.61 1.44 44735
20150728 1.44 1.43 1.48 1.38 33484
20150729 1.48 1.47 1.48 1.39 23483
20150730 1.47 1.43 1.49 1.43 14803
