20140102 0.74 0.73 0.74 0.71 563
20140103 0.73 0.75 0.77 0.73 613
20140106 0.71 0.74 0.74 0.71 61
20140107 0.71 0.74 0.74 0.71 82
20140108 0.71 0.72 0.75 0.71 670
20140109 0.72 0.71 0.74 0.71 489
20140110 0.71 0.73 0.73 0.71 251
20140113 0.71 0.71 0.71 0.71 2
20140114 0.71 0.70 0.73 0.70 776
20140116 0.73 0.71 0.73 0.71 466
20140117 0.70 0.71 0.71 0.70 107
20140120 0.70 0.70 0.72 0.70 470
20140121 0.69 0.70 0.70 0.69 402
20140122 0.68 0.71 0.71 0.68 2955
20140123 0.72 0.72 0.72 0.72 910
20140124 0.72 0.72 0.73 0.72 198
20140127 0.72 0.72 0.72 0.72 300
20140128 0.71 0.72 0.72 0.71 904
20140129 0.71 0.74 0.74 0.71 1715
20140130 0.74 0.71 0.74 0.71 313
20140207 0.71 0.71 0.71 0.71 1143
20140210 0.72 0.72 0.75 0.71 1114
20140211 0.73 0.72 0.75 0.72 1192
20140212 0.73 0.73 0.75 0.73 858
20140213 0.73 0.74 0.74 0.73 2701
20140214 0.73 0.73 0.74 0.73 574
20140217 0.73 0.73 0.73 0.73 824
20140218 0.74 0.73 0.74 0.72 508
20140219 0.74 0.74 0.74 0.73 1727
20140220 0.74 0.73 0.76 0.73 436
20140221 0.73 0.72 0.75 0.72 370
20140224 0.72 0.71 0.72 0.71 284
20140225 0.71 0.71 0.75 0.71 144
20140226 0.70 0.73 0.73 0.70 249
20140227 0.71 0.71 0.73 0.71 851
20140228 0.70 0.70 0.72 0.70 140
20140303 0.70 0.70 0.72 0.69 382
20140304 0.76 0.72 0.76 0.70 88
20140305 0.72 0.72 0.72 0.70 205
20140306 0.72 0.70 0.72 0.70 76
20140307 0.72 0.70 0.72 0.70 247
20140310 0.72 0.70 0.72 0.70 379
20140311 0.69 0.68 0.69 0.68 708
20140312 0.72 0.68 0.72 0.68 386
20140313 0.68 0.69 0.69 0.68 1135
20140314 0.73 0.69 0.73 0.69 765
20140317 0.70 0.70 0.70 0.70 5
20140318 0.69 0.70 0.70 0.69 416
20140319 0.70 0.68 0.70 0.67 243
20140320 0.68 0.68 0.69 0.68 1090
20140321 0.69 0.69 0.69 0.67 342
20140324 0.69 0.70 0.71 0.69 1411
20140325 0.69 0.69 0.70 0.69 884
20140326 0.72 0.70 0.72 0.70 1090
20140327 0.70 0.70 0.71 0.70 106
20140328 0.69 0.69 0.69 0.69 653
20140331 0.69 0.65 0.70 0.65 1111
20140401 0.69 0.69 0.71 0.69 1490
20140402 0.69 0.70 0.70 0.65 772
20140403 0.69 0.70 0.72 0.69 3953
20140404 0.69 0.69 0.69 0.69 254
20140408 0.70 0.71 0.72 0.70 2390
20140409 0.72 0.72 0.72 0.71 205
20140410 0.72 0.72 0.72 0.71 2891
20140411 0.71 0.71 0.72 0.71 1282
20140414 0.71 0.72 0.72 0.71 710
20140415 0.71 0.71 0.71 0.65 260
20140416 0.70 0.71 0.71 0.70 146
20140417 0.70 0.71 0.71 0.70 1432
20140418 0.70 0.70 0.70 0.70 475
20140421 0.70 0.70 0.70 0.70 161
20140422 0.69 0.70 0.70 0.69 4
20140423 0.70 0.71 0.71 0.70 5
20140424 0.70 0.70 0.70 0.70 60
20140425 0.70 0.70 0.70 0.70 675
20140428 0.70 0.70 0.70 0.70 2
20140429 0.70 0.68 0.70 0.68 243
20140430 0.68 0.70 0.70 0.68 45
20140506 0.68 0.69 0.69 0.68 260
20140507 0.68 0.69 0.69 0.68 112
20140508 0.69 0.68 0.69 0.68 178
20140512 0.67 0.68 0.69 0.67 496
20140513 0.69 0.68 0.69 0.68 532
20140514 0.68 0.69 0.69 0.68 483
20140515 0.68 0.68 0.68 0.68 1
20140516 0.68 0.68 0.68 0.68 342
20140519 0.67 0.68 0.68 0.67 5
20140520 0.67 0.67 0.68 0.67 695
20140526 0.67 0.68 0.68 0.67 1304
20140527 0.68 0.68 0.68 0.68 29
20140528 0.68 0.70 0.70 0.68 118
20140529 0.69 0.69 0.69 0.69 85
20140603 0.68 0.68 0.68 0.68 401
20140604 0.68 0.68 0.68 0.67 137
20140606 0.67 0.67 0.67 0.67 10
20140609 0.67 0.68 0.68 0.67 224
20140610 0.68 0.68 0.68 0.68 210
20140611 0.68 0.68 0.69 0.68 492
20140612 0.68 0.68 0.68 0.68 221
20140613 0.68 0.69 0.70 0.68 1561
20140616 0.69 0.69 0.69 0.69 129
20140617 0.69 0.68 0.69 0.68 104
20140618 0.68 0.68 0.71 0.68 609
20140619 0.69 0.69 0.69 0.69 6
20140620 0.67 0.67 0.67 0.67 266
20140623 0.68 0.68 0.68 0.68 72
20140624 0.68 0.68 0.69 0.68 158
20140625 0.69 0.68 0.69 0.68 113
20140626 0.72 0.69 0.72 0.69 256
20140627 0.68 0.70 0.70 0.68 151
20140630 0.69 0.69 0.70 0.69 1056
20140701 0.69 0.69 0.70 0.69 202
20140702 0.70 0.69 0.70 0.69 139
20140703 0.69 0.70 0.70 0.69 2
20140704 0.70 0.70 0.70 0.70 556
20140707 0.70 0.70 0.70 0.69 2172
20140708 0.69 0.70 0.70 0.69 258
20140709 0.70 0.70 0.70 0.63 227
20140710 0.69 0.69 0.70 0.69 806
20140711 0.72 0.69 0.72 0.69 248
20140714 0.69 0.70 0.70 0.69 2454
20140715 0.69 0.69 0.70 0.69 591
20140716 0.69 0.69 0.70 0.69 574
20140717 0.69 0.69 0.69 0.69 1367
20140718 0.69 0.69 0.69 0.69 477
20140721 0.69 0.69 0.70 0.69 704
20140722 0.70 0.70 0.70 0.70 4472
20140723 0.70 0.69 0.70 0.69 2910
20140724 0.70 0.71 0.71 0.70 4315
20140725 0.71 0.72 0.72 0.71 738
20140728 0.72 0.73 0.73 0.72 2302
20140729 0.74 0.74 0.74 0.73 1714
20140730 0.73 0.73 0.74 0.73 6561
20140731 0.73 0.74 0.74 0.73 6958
20140801 0.74 0.73 0.75 0.73 1244
20140804 0.73 0.74 0.74 0.73 474
20140805 0.74 0.74 0.75 0.74 282
20140806 0.74 0.74 0.74 0.74 768
20140807 0.74 0.73 0.74 0.73 76
20140808 0.73 0.73 0.73 0.73 515
20140811 0.73 0.75 0.75 0.73 1090
20140812 0.75 0.74 0.75 0.73 683
20140813 0.74 0.74 0.74 0.74 214
20140814 0.74 0.73 0.74 0.73 173
20140815 0.73 0.74 0.74 0.73 612
20140818 0.74 0.74 0.74 0.74 124
20140819 0.74 0.74 0.74 0.74 1204
20140820 0.74 0.74 0.74 0.74 3069
20140821 0.74 0.73 0.74 0.73 257
20140822 0.73 0.74 0.74 0.73 2948
20140825 0.74 0.74 0.74 0.73 659
20140826 0.74 0.73 0.74 0.73 605
20140827 0.73 0.73 0.73 0.73 646
20140828 0.73 0.73 0.74 0.73 4109
20140829 0.73 0.74 0.74 0.73 2660
20140901 0.74 0.74 0.74 0.74 2022
20140902 0.74 0.75 0.77 0.74 5553
20140903 0.76 0.75 0.76 0.75 1251
20140904 0.75 0.76 0.76 0.75 2565
20140905 0.76 0.76 0.77 0.76 4433
20140909 0.80 0.77 0.80 0.76 325
20140910 0.76 0.77 0.77 0.76 583
20140911 0.78 0.77 0.78 0.77 842
20140912 0.78 0.78 0.79 0.76 298
20140915 0.76 0.77 0.79 0.76 2484
20140916 0.77 0.75 0.77 0.75 1153
20140917 0.75 0.74 0.75 0.73 312
20140918 0.74 0.75 0.75 0.74 706
20140919 0.75 0.75 0.75 0.75 941
20140922 0.75 0.76 0.78 0.75 532
20140923 0.75 0.75 0.76 0.75 804
20140924 0.75 0.76 0.77 0.75 539
20140925 0.77 0.76 0.77 0.76 2219
20140926 0.76 0.76 0.76 0.76 315
20140929 0.78 0.76 0.78 0.76 215
20140930 0.76 0.76 0.76 0.76 1489
20141008 0.77 0.77 0.77 0.76 2056
20141009 0.77 0.77 0.80 0.77 8182
20141010 0.77 0.77 0.78 0.77 1046
20141013 0.76 0.77 0.77 0.76 581
20141014 0.77 0.76 0.77 0.76 179
20141015 0.76 0.76 0.76 0.76 7366
20141016 0.76 0.77 0.77 0.76 4092
20141017 0.76 0.76 0.76 0.75 1098
20141020 0.76 0.77 0.77 0.76 2203
20141021 0.77 0.76 0.78 0.76 1335
20141022 0.76 0.76 0.77 0.76 514
20141023 0.77 0.75 0.77 0.75 2127
20141024 0.75 0.76 0.76 0.75 65
20141027 0.74 0.75 0.75 0.74 176
20141028 0.75 0.76 0.76 0.75 1771
20141029 0.76 0.77 0.77 0.76 755
20141030 0.76 0.77 0.77 0.76 523
20141031 0.77 0.77 0.77 0.77 2693
20141103 0.80 0.77 0.80 0.77 1582
20141104 0.78 0.77 0.78 0.77 1301
20141105 0.77 0.77 0.77 0.77 163
20141106 0.77 0.77 0.80 0.77 888
20141107 0.77 0.77 0.78 0.77 908
20141110 0.78 0.79 0.80 0.78 3711
20141111 0.79 0.78 0.79 0.76 2365
20141112 0.78 0.78 0.79 0.78 6009
20141113 0.79 0.79 0.80 0.79 1127
20141114 0.79 0.78 0.79 0.78 129
20141117 0.79 0.79 0.79 0.79 1523
20141118 0.78 0.78 0.78 0.78 333
20141119 0.77 0.78 0.78 0.77 23
20141120 0.80 0.78 0.80 0.78 262
20141121 0.78 0.79 0.79 0.78 1346
20141124 0.80 0.80 0.81 0.80 5473
20141125 0.80 0.81 0.82 0.80 4928
20141126 0.82 0.82 0.82 0.82 3207
20141127 0.83 0.83 0.83 0.83 2897
20141128 0.83 0.85 0.85 0.83 4240
20141201 0.86 0.85 0.86 0.84 3075
20141202 0.84 0.87 0.87 0.84 6338
20141203 0.89 0.88 0.89 0.87 5680
20141204 0.88 0.90 0.90 0.88 6932
20141205 0.90 0.91 0.93 0.87 3737
20141208 0.88 0.92 0.92 0.88 12049
20141209 0.89 0.88 0.93 0.87 7539
20141210 0.88 0.90 0.91 0.87 2901
20141211 0.90 0.91 0.92 0.90 1533
20141212 0.90 0.91 0.92 0.89 2256
20141215 0.89 0.91 0.91 0.89 915
20141216 0.91 0.92 0.92 0.91 3755
20141217 0.95 0.94 0.95 0.92 5970
20141218 0.94 0.94 0.95 0.93 1688
20141219 0.93 0.93 0.94 0.92 1978
20141222 0.93 0.93 0.94 0.92 5323
20141223 0.91 0.92 0.93 0.91 5811
20141224 0.94 0.90 0.94 0.89 2177
20141225 0.91 0.92 0.92 0.91 1135
20141226 0.93 0.93 0.94 0.92 3529
20141229 0.96 0.94 0.96 0.94 3470
20141230 0.93 0.94 0.94 0.93 950
20141231 0.94 0.96 0.96 0.94 5451
20150105 0.96 0.99 1.00 0.96 6503
20150106 0.99 1.00 1.01 0.99 5825
20150107 1.00 1.00 1.01 1.00 1487
20150108 0.99 0.99 1.00 0.99 1248
20150109 0.97 0.99 1.01 0.97 4733
20150112 0.97 0.97 0.98 0.97 1835
20150113 0.98 0.99 0.99 0.98 2279
20150114 0.99 0.98 1.00 0.98 2659
20150115 0.98 1.01 1.01 0.98 2057
20150116 1.04 1.02 1.04 1.00 4044
20150119 1.00 0.96 1.00 0.96 5949
20150120 0.96 0.97 0.98 0.93 3573
20150121 0.99 1.00 1.00 0.97 3416
20150122 1.00 1.00 1.03 0.99 2250
20150123 1.00 1.01 1.02 1.00 3522
20150126 1.01 1.01 1.01 1.00 2746
20150127 1.01 1.00 1.01 1.00 1845
20150128 1.01 1.00 1.01 1.00 3086
20150129 0.98 0.99 0.99 0.98 261
20150130 0.97 1.00 1.00 0.97 1432
20150202 0.96 0.96 0.99 0.96 812
20150203 0.98 0.98 0.98 0.96 1282
20150204 1.01 0.97 1.01 0.97 920
20150205 1.00 0.98 1.01 0.98 941
20150206 0.96 0.96 0.98 0.96 1114
20150209 0.96 0.96 0.97 0.96 1146
20150210 0.97 0.98 0.98 0.97 1501
20150211 0.99 1.00 1.00 0.99 1089
20150212 0.99 1.00 1.00 0.99 1413
20150213 0.99 1.00 1.01 0.99 4271
20150216 0.99 1.00 1.01 0.99 2194
20150217 1.00 1.00 1.01 1.00 7286
20150225 1.01 1.00 1.02 1.00 2280
20150226 1.00 1.02 1.02 1.00 6310
20150227 1.02 1.02 1.03 1.02 4180
20150302 1.02 1.03 1.03 1.02 3902
20150303 1.02 1.01 1.02 1.01 5051
20150304 1.00 1.01 1.01 1.00 1197
20150305 1.00 1.00 1.00 0.99 1093
20150306 1.00 1.00 1.00 1.00 737
20150309 1.00 1.01 1.01 0.97 5683
20150310 1.02 1.00 1.02 1.00 898
20150311 1.00 1.00 1.02 0.99 6295
20150312 1.02 1.03 1.03 1.01 9377
20150313 1.03 1.04 1.04 1.03 5915
20150316 1.03 1.06 1.06 1.03 8696
20150317 1.06 1.07 1.07 1.06 6193
20150318 1.07 1.08 1.09 1.07 7157
20150319 1.08 1.09 1.09 1.08 3662
20150320 1.09 1.11 1.11 1.09 8908
20150323 1.11 1.12 1.12 1.11 7658
20150324 1.12 1.12 1.13 1.08 6172
20150325 1.12 1.12 1.12 1.11 4885
20150326 1.11 1.12 1.13 1.10 7362
20150327 1.11 1.12 1.12 1.11 3166
20150330 1.13 1.15 1.15 1.12 8311
20150331 1.15 1.15 1.18 1.15 9211
20150401 1.15 1.17 1.17 1.15 3545
20150402 1.18 1.18 1.19 1.18 4055
20150403 1.18 1.20 1.21 1.18 7668
20150407 1.20 1.23 1.23 1.20 6383
20150408 1.23 1.24 1.24 1.22 9356
20150409 1.25 1.22 1.25 1.21 6356
20150410 1.20 1.23 1.23 1.20 4431
20150413 1.25 1.26 1.27 1.25 9041
20150414 1.27 1.26 1.27 1.26 5240
20150415 1.25 1.24 1.25 1.23 4553
20150416 1.20 1.24 1.24 1.18 11920
20150417 1.24 1.25 1.26 1.24 11001
20150420 1.26 1.22 1.26 1.22 8139
20150421 1.20 1.24 1.24 1.20 5433
20150422 1.25 1.28 1.28 1.25 15089
20150423 1.31 1.32 1.33 1.30 23442
20150424 1.30 1.29 1.30 1.21 11384
20150427 1.29 1.29 1.30 1.26 14746
20150428 1.28 1.26 1.29 1.26 9604
20150429 1.27 1.29 1.29 1.27 10148
20150430 1.29 1.29 1.30 1.29 6756
20150504 1.27 1.29 1.29 1.26 3364
20150505 1.28 1.23 1.28 1.22 7091
20150506 1.23 1.20 1.23 1.19 4634
20150507 1.20 1.18 1.20 1.16 4288
20150508 1.20 1.21 1.26 1.19 2391
20150511 1.22 1.26 1.26 1.22 10886
20150512 1.26 1.27 1.27 1.26 9257
20150513 1.27 1.27 1.28 1.26 4243
20150514 1.28 1.29 1.29 1.28 6401
20150515 1.29 1.29 1.29 1.26 4957
20150518 1.29 1.30 1.30 1.28 7763
20150519 1.30 1.34 1.34 1.30 18871
20150520 1.35 1.36 1.38 1.35 14869
20150521 1.37 1.40 1.40 1.37 11542
20150522 1.41 1.45 1.45 1.41 13971
20150525 1.45 1.47 1.48 1.43 9050
20150526 1.47 1.48 1.48 1.44 8042
20150527 1.49 1.49 1.51 1.47 13202
20150528 1.51 1.45 1.53 1.43 8045
20150529 1.45 1.45 1.46 1.37 7374
20150601 1.45 1.50 1.50 1.43 12401
20150602 1.50 1.54 1.54 1.50 8286
20150603 1.56 1.56 1.56 1.53 6628
20150604 1.56 1.56 1.57 1.42 5956
20150605 1.57 1.59 1.61 1.57 7032
20150608 1.59 1.58 1.59 1.53 8662
20150609 1.57 1.54 1.57 1.53 2902
20150610 1.50 1.55 1.57 1.50 4633
20150611 1.55 1.55 1.55 1.51 1877
20150612 1.56 1.57 1.57 1.55 10431
20150615 1.57 1.55 1.57 1.52 2457
20150616 1.53 1.51 1.55 1.48 5240
20150617 1.47 1.53 1.53 1.45 3837
20150618 1.50 1.47 1.51 1.46 2410
20150619 1.39 1.41 1.47 1.39 3137
20150623 1.39 1.40 1.40 1.32 2744
20150624 1.40 1.41 1.44 1.39 4074
20150625 1.41 1.39 1.44 1.39 2948
20150626 1.37 1.25 1.37 1.25 4652
20150629 1.32 1.20 1.32 1.19 5739
20150630 1.19 1.26 1.26 1.13 3670
20150701 1.26 1.24 1.36 1.24 3848
20150702 1.14 1.15 1.35 1.14 2224
20150703 1.14 1.05 1.15 1.04 4596
20150706 1.12 1.07 1.15 1.05 5719
20150707 1.07 1.00 1.13 0.99 3369
20150708 0.94 0.90 0.94 0.90 3220
20150709 0.90 0.99 0.99 0.83 5908
20150710 1.08 1.09 1.09 1.08 2919
20150713 1.18 1.20 1.20 1.10 6713
20150714 1.08 1.11 1.17 1.08 14715
20150715 1.04 1.00 1.04 1.00 25765
20150716 1.00 1.00 1.04 0.92 13292
20150717 1.04 1.06 1.06 1.01 13979
20150720 1.06 1.08 1.09 1.06 6980
20150721 1.08 1.12 1.13 1.08 18240
20150722 1.13 1.15 1.15 1.11 12447
20150723 1.15 1.20 1.20 1.14 11248
20150724 1.20 1.17 1.20 1.17 11229
20150727 1.16 1.08 1.18 1.08 8935
20150728 1.06 1.11 1.13 1.06 8193
20150729 1.11 1.13 1.13 1.07 11054
20150730 1.11 1.10 1.13 1.10 4326
