20140102 0.93 0.93 0.93 0.93 5568
20140103 0.92 0.92 0.93 0.92 2593
20140106 0.93 0.90 0.93 0.90 3256
20140107 0.90 0.90 0.91 0.89 2999
20140108 0.90 0.90 0.91 0.87 2793
20140109 0.90 0.90 0.90 0.90 7201
20140110 0.89 0.89 0.89 0.89 1465
20140113 0.89 0.88 0.89 0.88 2497
20140114 0.88 0.89 0.89 0.88 2789
20140115 0.97 0.89 0.97 0.89 1728
20140116 0.93 0.89 0.93 0.89 2702
20140117 0.97 0.89 0.97 0.88 2856
20140120 0.88 0.88 0.88 0.88 8610
20140121 0.89 0.89 0.89 0.89 852
20140122 0.89 0.91 0.91 0.89 2542
20140123 0.91 0.91 0.92 0.91 1305
20140124 0.92 0.92 0.92 0.92 1404
20140127 0.92 0.91 0.92 0.88 3856
20140128 0.91 0.91 0.91 0.90 1028
20140129 0.90 0.91 0.91 0.90 1892
20140130 0.89 0.90 0.90 0.89 1718
20140207 0.89 0.90 0.90 0.89 885
20140210 0.90 0.92 0.92 0.90 3202
20140211 0.92 0.92 0.93 0.92 2502
20140212 0.92 0.92 0.92 0.92 6209
20140213 0.93 0.92 0.93 0.92 2241
20140214 0.92 0.92 0.92 0.91 4651
20140217 0.92 0.92 0.92 0.92 15687
20140218 0.92 0.91 0.92 0.91 1614
20140219 0.91 0.92 0.92 0.91 6080
20140220 0.92 0.91 0.92 0.90 4602
20140221 0.91 0.90 0.91 0.90 4027
20140224 0.90 0.88 0.90 0.88 3137
20140225 0.88 0.86 0.89 0.86 5781
20140226 0.85 0.86 0.88 0.85 2074
20140227 0.87 0.85 0.87 0.85 3334
20140228 0.85 0.86 0.86 0.85 5654
20140303 0.86 0.87 0.87 0.86 5205
20140304 0.87 0.86 0.87 0.86 3908
20140305 0.86 0.86 0.87 0.86 2099
20140306 0.86 0.87 0.89 0.85 2033
20140307 0.87 0.88 0.88 0.87 1962
20140310 0.87 0.85 0.87 0.85 3904
20140311 0.86 0.87 0.87 0.86 3451
20140312 0.86 0.87 0.87 0.86 938
20140313 0.87 0.88 0.88 0.86 1090
20140314 0.88 0.88 0.89 0.87 274
20140317 0.89 0.89 0.89 0.87 2434
20140318 0.88 0.88 0.89 0.88 1197
20140319 0.87 0.87 0.88 0.87 786
20140320 0.88 0.87 0.88 0.87 634
20140321 0.87 0.89 0.89 0.86 3140
20140324 0.88 0.89 0.89 0.88 1531
20140325 0.88 0.89 0.89 0.88 1599
20140326 0.89 0.89 0.89 0.89 2963
20140327 0.88 0.88 0.89 0.88 2050
20140328 0.89 0.88 0.89 0.88 115
20140331 0.89 0.88 0.89 0.88 1039
20140401 0.90 0.90 0.90 0.89 1060
20140402 0.90 0.91 0.91 0.90 2907
20140403 0.91 0.91 0.91 0.90 5854
20140404 0.90 0.91 0.91 0.90 5772
20140408 0.92 0.93 0.93 0.91 6247
20140409 0.93 0.93 0.93 0.92 12284
20140410 0.93 0.93 0.93 0.92 8955
20140411 0.91 0.93 0.93 0.91 5285
20140414 0.93 0.93 0.93 0.93 17345
20140415 0.93 0.92 0.93 0.92 4775
20140416 0.92 0.93 0.93 0.92 8348
20140417 0.93 0.93 0.93 0.92 7953
20140418 0.93 0.93 0.93 0.87 2518
20140421 0.92 0.92 0.93 0.92 11635
20140422 0.91 0.91 0.91 0.90 2346
20140423 0.91 0.92 0.92 0.91 6264
20140424 0.92 0.93 0.94 0.92 12473
20140425 0.93 0.93 0.94 0.92 3422
20140428 0.93 0.91 0.93 0.90 1705
20140429 0.91 0.91 0.93 0.90 2455
20140430 0.92 0.92 0.92 0.90 2330
20140505 0.94 0.90 0.94 0.89 883
20140506 0.90 0.91 0.91 0.90 2539
20140507 0.90 0.91 0.91 0.90 6392
20140508 0.90 0.90 0.91 0.89 1222
20140509 0.89 0.89 0.90 0.89 1481
20140512 0.89 0.90 0.90 0.89 1627
20140513 0.91 0.90 0.91 0.90 2758
20140514 0.91 0.90 0.91 0.90 825
20140515 0.90 0.89 0.90 0.89 320
20140516 0.88 0.88 0.88 0.88 100
20140519 0.88 0.88 0.90 0.88 1762
20140520 0.88 0.88 0.88 0.88 1000
20140521 0.88 0.89 0.89 0.88 3792
20140522 0.89 0.89 0.90 0.89 868
20140523 0.89 0.90 0.90 0.89 2945
20140526 0.89 0.90 0.92 0.89 1933
20140527 0.90 0.90 0.91 0.90 1453
20140528 0.90 0.91 0.91 0.90 3020
20140529 0.91 0.91 0.92 0.91 997
20140530 0.91 0.91 0.91 0.90 789
20140603 0.91 0.91 0.91 0.91 1320
20140604 0.90 0.91 0.91 0.89 598
20140605 0.90 0.92 0.92 0.90 650
20140606 0.90 0.91 0.91 0.90 412
20140609 0.90 0.91 0.92 0.89 3445
20140610 0.91 0.92 0.92 0.91 4298
20140611 0.92 0.92 0.92 0.92 6999
20140612 0.92 0.92 0.92 0.91 1810
20140613 0.91 0.93 0.93 0.91 11202
20140616 0.93 0.93 0.93 0.92 7206
20140617 0.92 0.92 0.92 0.88 1809
20140618 0.92 0.91 0.92 0.91 6771
20140619 0.91 0.91 0.91 0.89 2546
20140620 0.91 0.93 0.93 0.90 1344
20140623 0.91 0.91 0.91 0.90 5685
20140624 0.91 0.91 0.91 0.91 1915
20140625 0.91 0.91 0.92 0.91 3052
20140626 0.91 0.92 0.92 0.91 6945
20140627 0.92 0.92 0.92 0.91 4675
20140630 0.92 0.92 0.92 0.92 4768
20140701 0.92 0.92 0.92 0.92 3822
20140702 0.92 0.92 0.92 0.92 4228
20140703 0.92 0.93 0.93 0.92 12637
20140704 0.93 0.94 0.94 0.93 13744
20140707 0.94 0.94 0.94 0.93 8636
20140708 0.93 0.93 0.94 0.93 8149
20140709 0.94 0.93 0.94 0.92 5571
20140710 0.92 0.93 0.93 0.92 4582
20140711 0.93 0.93 0.94 0.93 4337
20140714 0.93 0.95 0.95 0.93 11219
20140715 0.95 0.94 0.95 0.94 4215
20140716 0.95 0.95 0.95 0.94 8013
20140717 0.94 0.94 0.94 0.94 5097
20140718 0.95 0.95 0.95 0.94 8239
20140721 0.95 0.95 0.96 0.95 8692
20140722 0.95 0.96 0.96 0.95 16565
20140723 0.96 0.96 0.97 0.96 6089
20140724 0.97 0.98 0.98 0.97 26095
20140725 0.98 0.98 0.98 0.97 24533
20140728 0.98 1.00 1.00 0.98 44555
20140729 1.00 1.00 1.00 0.99 24601
20140730 1.00 1.00 1.00 0.98 10037
20140731 0.98 1.00 1.00 0.98 16464
20140801 0.99 0.99 1.00 0.99 41279
20140804 0.99 1.00 1.00 0.99 52310
20140805 1.00 1.00 1.01 1.00 20031
20140806 1.00 1.01 1.01 0.99 34420
20140807 1.00 0.99 1.01 0.99 8583
20140808 0.99 0.99 1.00 0.99 3690
20140811 0.99 1.00 1.00 0.99 8217
20140812 1.00 1.00 1.00 1.00 6475
20140813 1.00 1.00 1.00 1.00 5273
20140814 1.00 0.99 1.00 0.99 5984
20140815 1.00 1.00 1.01 1.00 15964
20140818 1.01 1.01 1.01 1.00 11589
20140819 1.01 1.00 1.01 1.00 11385
20140820 1.00 1.00 1.00 1.00 8757
20140821 1.00 1.00 1.00 0.99 9013
20140822 1.00 1.00 1.00 1.00 10653
20140825 1.00 1.00 1.00 0.99 6061
20140826 0.99 0.99 0.99 0.98 2526
20140827 0.99 0.99 0.99 0.98 4391
20140828 0.98 0.98 0.99 0.98 2471
20140829 0.97 1.00 1.00 0.97 2117
20140901 0.99 1.00 1.00 0.99 2771
20140902 0.99 1.00 1.00 0.99 9091
20140903 1.00 1.01 1.01 1.00 68028
20140904 1.01 1.02 1.02 1.01 23206
20140905 1.02 1.02 1.02 1.02 64639
20140909 1.02 1.02 1.02 1.02 9607
20140910 1.02 1.01 1.02 1.01 11372
20140911 1.02 1.01 1.02 1.01 12365
20140912 1.01 1.01 1.01 1.01 10825
20140915 1.01 1.01 1.01 1.01 4588
20140916 1.01 0.99 1.01 0.99 4794
20140917 0.98 0.99 0.99 0.98 2327
20140918 0.99 1.00 1.00 0.99 11763
20140919 1.00 1.00 1.00 0.99 8238
20140922 1.00 0.99 1.00 0.98 4123
20140923 0.99 0.99 0.99 0.99 14718
20140924 0.99 1.00 1.00 0.99 4873
20140925 1.00 1.00 1.01 0.99 14407
20140926 1.00 1.00 1.00 0.99 3633
20140929 1.00 1.00 1.00 1.00 4379
20140930 1.00 1.00 1.00 1.00 4001
20141008 1.01 1.01 1.01 1.00 20482
20141009 1.02 1.02 1.02 1.01 7302
20141010 1.01 1.01 1.02 1.01 10101
20141013 1.01 1.01 1.01 1.00 4792
20141014 1.00 1.00 1.01 1.00 3440
20141015 1.00 1.01 1.01 1.00 7360
20141016 1.00 1.00 1.01 1.00 5616
20141017 1.00 1.00 1.00 0.99 5093
20141020 1.00 1.00 1.00 0.99 6305
20141021 1.00 1.00 1.00 1.00 3326
20141022 1.00 0.99 1.00 0.99 2814
20141023 0.99 0.98 0.99 0.97 6320
20141024 0.98 0.98 0.98 0.98 17906
20141027 0.95 0.98 0.98 0.95 2905
20141028 0.97 0.99 0.99 0.97 3467
20141029 0.99 0.99 1.00 0.99 12977
20141030 0.99 1.00 1.00 0.99 7917
20141031 1.00 1.00 1.00 0.99 10418
20141103 1.00 1.00 1.01 1.00 10187
20141104 1.00 1.00 1.00 1.00 4222
20141105 1.00 1.00 1.00 0.99 3475
20141106 0.99 1.00 1.00 0.99 2827
20141107 1.00 1.00 1.00 1.00 6202
20141110 1.00 1.02 1.02 1.00 26965
20141111 1.02 1.01 1.02 1.00 19667
20141112 1.00 1.02 1.02 1.00 12053
20141113 1.02 1.00 1.02 1.00 3104
20141114 1.00 1.01 1.01 1.00 10236
20141117 1.02 1.01 1.02 1.01 16789
20141118 1.01 1.00 1.01 1.00 3771
20141119 1.00 1.00 1.00 1.00 3378
20141120 0.99 1.00 1.00 0.99 3006
20141121 0.99 1.01 1.01 0.99 8290
20141124 1.02 1.03 1.03 1.00 92908
20141125 1.03 1.03 1.03 1.02 42811
20141126 1.04 1.04 1.04 1.04 30480
20141127 1.04 1.04 1.05 1.04 23896
20141128 1.04 1.06 1.06 1.04 36861
20141201 1.06 1.07 1.07 1.05 49152
20141202 1.06 1.08 1.09 1.06 52180
20141203 1.09 1.10 1.12 1.08 21503
20141204 1.11 1.15 1.15 1.11 62622
20141205 1.15 1.13 1.16 1.04 72791
20141208 1.12 1.16 1.16 1.11 75706
20141209 1.16 1.14 1.19 1.12 36117
20141210 1.14 1.17 1.17 1.11 38012
20141211 1.17 1.18 1.19 1.16 23903
20141212 1.18 1.18 1.18 1.17 20971
20141215 1.16 1.18 1.18 1.16 21025
20141216 1.18 1.19 1.19 1.18 29480
20141217 1.19 1.18 1.19 1.17 18698
20141218 1.18 1.18 1.19 1.18 15799
20141219 1.18 1.19 1.19 1.17 19554
20141222 1.18 1.18 1.19 1.18 22001
20141223 1.18 1.19 1.20 1.17 34580
20141224 1.18 1.17 1.19 1.16 19975
20141225 1.17 1.18 1.18 1.17 10508
20141226 1.18 1.21 1.21 1.18 23995
20141229 1.21 1.21 1.22 1.21 19570
20141230 1.22 1.22 1.23 1.21 21461
20141231 1.22 1.25 1.25 1.22 8304
20150105 1.26 1.32 1.32 1.26 17539
20150106 1.33 1.32 1.34 1.26 30128
20150107 1.33 1.32 1.33 1.30 26891
20150108 1.31 1.31 1.32 1.29 17943
20150109 1.33 1.31 1.34 1.30 25693
20150112 1.30 1.29 1.30 1.28 26558
20150113 1.31 1.31 1.33 1.31 21538
20150114 1.32 1.31 1.33 1.31 13611
20150115 1.30 1.33 1.33 1.30 20636
20150116 1.34 1.34 1.35 1.33 12503
20150119 1.30 1.26 1.32 1.25 16258
20150120 1.26 1.29 1.30 1.26 13291
20150121 1.34 1.33 1.34 1.29 13868
20150122 1.34 1.34 1.35 1.33 18303
20150123 1.34 1.34 1.35 1.34 15084
20150126 1.32 1.34 1.34 1.32 23285
20150127 1.34 1.34 1.34 1.31 13539
20150128 1.31 1.32 1.32 1.31 8035
20150129 1.28 1.30 1.31 1.28 4983
20150130 1.30 1.30 1.33 1.29 8493
20150202 1.25 1.28 1.29 1.25 9390
20150203 1.28 1.30 1.31 1.28 19316
20150204 1.30 1.30 1.31 1.30 6536
20150205 1.31 1.29 1.32 1.29 6831
20150206 1.29 1.26 1.29 1.25 6321
20150209 1.26 1.27 1.28 1.25 5132
20150210 1.27 1.29 1.29 1.26 13437
20150211 1.29 1.29 1.32 1.29 11078
20150212 1.29 1.30 1.30 1.28 8177
20150213 1.29 1.31 1.32 1.29 16118
20150216 1.31 1.31 1.31 1.31 12388
20150217 1.32 1.32 1.33 1.31 7932
20150225 1.31 1.31 1.32 1.31 2402
20150226 1.31 1.33 1.33 1.30 14390
20150227 1.33 1.33 1.33 1.32 5766
20150302 1.33 1.34 1.34 1.33 19204
20150303 1.34 1.31 1.34 1.31 5165
20150304 1.31 1.31 1.31 1.30 4601
20150305 1.31 1.31 1.31 1.30 5140
20150306 1.30 1.30 1.31 1.30 10143
20150309 1.29 1.31 1.31 1.27 5527
20150310 1.30 1.30 1.30 1.29 9581
20150311 1.31 1.31 1.31 1.30 10234
20150312 1.32 1.32 1.33 1.31 9057
20150313 1.32 1.32 1.33 1.32 5211
20150316 1.32 1.35 1.35 1.32 18774
20150317 1.35 1.37 1.37 1.35 19380
20150318 1.35 1.39 1.39 1.35 17423
20150319 1.37 1.38 1.39 1.37 10692
20150320 1.38 1.39 1.39 1.37 15010
20150323 1.39 1.41 1.41 1.39 16103
20150324 1.40 1.40 1.41 1.37 9435
20150325 1.40 1.40 1.41 1.39 13870
20150326 1.40 1.41 1.41 1.39 9991
20150327 1.41 1.42 1.42 1.40 17745
20150330 1.42 1.47 1.47 1.42 15391
20150331 1.48 1.45 1.49 1.45 9073
20150401 1.45 1.47 1.47 1.45 9327
20150402 1.47 1.47 1.48 1.45 11628
20150403 1.47 1.48 1.48 1.46 10257
20150407 1.48 1.52 1.52 1.48 18447
20150408 1.51 1.52 1.52 1.49 9094
20150409 1.52 1.51 1.52 1.49 6974
20150410 1.51 1.54 1.54 1.51 8527
20150413 1.54 1.56 1.56 1.54 10447
20150414 1.55 1.54 1.56 1.53 10181
20150415 1.55 1.53 1.56 1.53 9098
20150416 1.51 1.56 1.56 1.50 12006
20150417 1.57 1.59 1.59 1.57 14364
20150420 1.58 1.55 1.59 1.53 10343
20150421 1.55 1.57 1.57 1.54 15274
20150422 1.59 1.62 1.62 1.59 26648
20150423 1.62 1.63 1.64 1.62 15239
20150424 1.60 1.61 1.62 1.57 11109
20150427 1.61 1.62 1.63 1.60 17522
20150428 1.62 1.59 1.63 1.59 14234
20150429 1.60 1.62 1.62 1.60 20419
20150430 1.62 1.64 1.64 1.61 28180
20150504 1.63 1.64 1.64 1.61 9903
20150505 1.63 1.59 1.63 1.58 12184
20150506 1.57 1.53 1.60 1.52 12067
20150507 1.55 1.54 1.56 1.53 12240
20150508 1.54 1.58 1.59 1.54 22264
20150511 1.58 1.63 1.63 1.58 11893
20150512 1.63 1.64 1.64 1.58 18801
20150513 1.64 1.64 1.65 1.62 10810
20150514 1.64 1.64 1.66 1.64 7949
20150515 1.63 1.62 1.63 1.60 7041
20150518 1.59 1.61 1.62 1.59 12599
20150519 1.62 1.66 1.66 1.61 7043
20150520 1.66 1.69 1.70 1.66 9527
20150521 1.69 1.71 1.72 1.68 7836
20150522 1.73 1.76 1.77 1.73 14126
20150525 1.76 1.82 1.82 1.76 10556
20150526 1.82 1.85 1.85 1.65 15159
20150527 1.85 1.84 1.86 1.81 11509
20150528 1.82 1.75 1.83 1.75 17978
20150529 1.73 1.73 1.80 1.63 13201
20150601 1.74 1.81 1.82 1.73 7108
20150602 1.81 1.84 1.84 1.81 11094
20150603 1.85 1.85 1.85 1.82 6064
20150604 1.83 1.85 1.85 1.70 5186
20150605 1.85 1.84 1.85 1.80 4960
20150608 1.86 1.87 1.88 1.83 13862
20150609 1.86 1.85 1.88 1.83 11814
20150610 1.85 1.86 1.88 1.84 10539
20150611 1.87 1.90 1.90 1.87 7899
20150612 1.90 1.93 1.93 1.90 5199
20150615 1.93 1.90 1.93 1.90 11382
20150616 1.90 1.82 1.90 1.82 13672
20150617 1.82 1.86 1.88 1.78 60012
20150618 1.85 1.79 1.85 1.79 8704
20150619 1.78 1.68 1.78 1.68 9009
20150623 1.67 1.73 1.75 1.62 7175
20150624 1.73 1.74 1.74 1.70 9761
20150625 1.75 1.69 1.75 1.68 3894
20150626 1.64 1.54 1.68 1.52 11003
20150629 1.53 1.44 1.59 1.40 10652
20150630 1.41 1.53 1.57 1.33 12435
20150701 1.51 1.50 1.55 1.47 6170
20150702 1.50 1.37 1.50 1.37 11812
20150703 1.37 1.37 1.44 1.28 8512
20150706 1.50 1.38 1.50 1.32 14711
20150707 1.38 1.30 1.38 1.30 6718
20150708 1.23 1.17 1.23 1.17 13380
20150709 1.17 1.29 1.29 1.17 16086
20150710 1.32 1.41 1.41 1.32 18587
20150713 1.48 1.47 1.49 1.42 11288
20150714 1.47 1.42 1.47 1.42 5469
20150715 1.41 1.38 1.41 1.36 5495
20150716 1.38 1.42 1.48 1.31 2725
20150717 1.39 1.48 1.48 1.39 2860
20150720 1.46 1.44 1.49 1.40 1580
20150721 1.45 1.44 1.45 1.40 1715
20150722 1.44 1.45 1.45 1.42 3957
20150723 1.44 1.47 1.47 1.44 4238
20150724 1.46 1.43 1.47 1.43 3299
20150727 1.47 1.36 1.47 1.34 3114
20150728 1.32 1.36 1.40 1.29 2564
20150729 1.36 1.40 1.40 1.34 1991
20150730 1.40 1.38 1.40 1.38 422
