20140103 0.98 0.98 0.98 0.98 45
20140106 0.98 0.98 0.98 0.98 460
20140107 0.98 0.98 0.98 0.98 1172
20140108 0.98 0.98 0.98 0.98 316
20140110 0.98 0.98 0.98 0.98 501
20140113 0.98 0.98 0.98 0.98 23544
20140114 0.98 0.98 0.98 0.98 300
20140115 0.98 0.98 0.98 0.98 25667
20140116 0.98 0.98 0.98 0.98 123
20140120 0.98 0.98 0.98 0.98 648
20140121 0.98 0.98 0.98 0.98 20002
20140122 0.98 0.98 0.98 0.98 30
20140124 0.98 0.98 0.98 0.98 20300
20140127 0.98 0.98 0.98 0.98 10
20140128 0.98 0.98 0.98 0.98 29421
20140129 0.98 0.98 0.98 0.98 5619
20140130 0.98 0.98 0.98 0.98 1100
20140212 0.98 0.98 0.98 0.98 500
20140213 0.98 0.98 0.98 0.98 699
20140214 0.98 0.98 0.98 0.98 8188
20140217 0.98 0.98 0.98 0.98 249
20140218 0.98 0.98 0.98 0.98 50
20140220 0.99 0.99 0.99 0.99 23051
20140225 0.99 0.99 0.99 0.99 200
20140303 1.09 1.07 1.09 1.07 102
20140304 0.99 0.99 0.99 0.99 97
20140305 0.99 0.99 0.99 0.99 8498
20140306 0.99 0.99 0.99 0.99 200
20140307 0.99 0.99 0.99 0.99 180
20140312 0.99 0.99 0.99 0.99 30998
20140313 0.99 0.99 0.99 0.99 5000
20140314 0.99 1.00 1.00 0.99 98753
20140317 1.00 1.00 1.00 1.00 73
20140319 1.00 1.00 1.10 1.00 196751
20140320 1.00 1.00 1.00 1.00 262
20140321 1.00 1.00 1.00 1.00 144800
20140324 1.00 0.90 1.00 0.90 16804
20140325 0.99 0.99 0.99 0.99 15758
20140326 1.00 1.00 1.00 1.00 26322
20140328 1.00 1.00 1.00 1.00 23402
20140331 1.00 1.00 1.00 1.00 400
20140401 1.00 1.00 1.00 1.00 400
20140403 1.00 1.00 1.00 1.00 1
20140404 1.00 1.00 1.00 1.00 135796
20140408 1.00 0.90 1.00 0.90 319
20140410 1.00 1.00 1.00 1.00 797
20140411 1.00 1.00 1.00 1.00 10050
20140414 1.00 1.00 1.00 1.00 4284
20140416 1.01 1.01 1.01 1.01 50
20140417 1.01 1.01 1.01 1.01 200
20140418 1.10 1.01 1.10 1.01 223
20140421 1.00 1.00 1.00 1.00 3980
20140422 1.01 0.90 1.01 0.90 153
20140425 1.01 1.01 1.01 1.01 249
20140429 1.01 0.91 1.01 0.91 500
20140505 1.00 1.00 1.00 1.00 10
20140506 1.01 1.01 1.01 1.01 510
20140507 1.01 1.02 1.02 1.01 2832
20140512 1.02 1.02 1.02 1.02 50
20140513 1.02 1.02 1.02 1.02 100
20140514 1.02 1.02 1.02 1.02 500
20140515 1.02 1.02 1.02 1.02 27
20140519 1.02 1.02 1.02 1.02 50
20140527 1.03 1.03 1.03 1.03 67
20140606 1.03 1.03 1.03 1.03 1
20140609 1.03 1.03 1.03 1.03 696
20140611 1.03 1.03 1.03 1.03 170
20140612 1.03 1.03 1.03 1.03 50
20140613 1.03 1.03 1.03 1.03 3546
20140617 0.97 0.93 0.97 0.93 1
20140618 1.03 1.03 1.03 1.03 421
20140620 1.03 1.03 1.03 1.03 300
20140623 1.04 1.04 1.04 1.04 5
20140624 1.04 1.04 1.04 1.04 1332
20140627 1.04 1.04 1.04 1.04 41
20140630 1.11 1.11 1.11 1.11 10
20140704 1.04 1.11 1.11 1.04 22
20140707 1.04 1.05 1.05 1.04 4
20140708 1.04 1.04 1.04 1.04 198
20140710 1.04 1.04 1.04 1.04 4975
20140711 1.04 1.04 1.04 1.04 4
20140716 1.04 1.05 1.05 1.04 593
20140721 1.04 1.04 1.04 1.04 497
20140722 1.04 1.04 1.04 1.04 96
20140725 1.04 1.04 1.04 1.04 999
20140729 1.05 1.05 1.05 1.05 440
20140731 1.05 1.05 1.05 1.05 630
20140801 1.14 1.05 1.15 1.05 16
20140804 1.05 1.05 1.05 1.05 7
20140806 1.05 1.05 1.05 1.05 193
20140807 1.05 1.05 1.05 1.05 13972
20140818 1.06 1.06 1.10 1.06 450
20140819 1.06 1.06 1.06 1.06 229
20140820 1.06 1.06 1.06 1.06 193
20140821 1.06 1.06 1.06 1.06 402
20140822 1.06 1.06 1.06 1.06 300
20140826 1.06 1.06 1.06 1.06 140
20140828 1.06 1.06 1.06 1.06 583
20140829 1.06 1.06 1.06 1.06 8
20140905 1.06 1.06 1.06 1.06 447
20140909 1.06 1.06 1.06 1.06 4114
20140910 1.06 1.06 1.06 1.06 301
20140911 1.16 1.06 1.16 1.06 867
20140916 1.06 1.06 1.06 1.06 141
20140917 1.06 1.06 1.06 1.06 127
20140923 1.06 1.06 1.06 1.06 506
20140926 1.06 1.06 1.06 1.06 143
20141008 1.07 1.07 1.07 1.07 825
20141009 1.07 1.07 1.07 1.07 2206
20141015 1.07 1.07 1.07 1.07 25
20141016 1.07 1.07 1.07 1.07 61
20141017 1.08 1.08 1.08 1.08 3
20141021 1.08 1.09 1.09 1.08 179
20141022 1.09 1.09 1.09 1.09 50
20141023 1.09 1.09 1.09 1.09 389
20141027 1.08 1.08 1.08 1.08 1
20141028 1.10 1.10 1.11 1.10 40
20141029 1.12 1.12 1.12 1.12 105
20141030 1.09 1.09 1.09 1.09 1104
20141031 1.10 1.10 1.10 1.10 41
20141103 1.10 1.10 1.10 1.10 1
20141105 1.09 1.10 1.10 1.09 330
20141106 1.10 1.10 1.10 1.10 127
20141111 1.11 1.11 1.11 1.11 5271
20141112 1.11 1.11 1.11 1.11 395
20141113 1.13 1.13 1.13 1.13 8
20141117 1.14 1.12 1.14 1.12 12
20141118 1.11 1.11 1.11 1.11 1500
20141121 1.11 1.11 1.11 1.11 157
20141124 1.05 1.11 1.11 1.05 775
20141125 1.11 1.12 1.12 1.11 1396
20141126 1.11 1.11 1.11 1.11 598
20141127 1.12 1.12 1.12 1.12 100
20141128 1.12 1.12 1.12 1.12 231
20141201 1.12 1.12 1.12 1.12 100
20141203 1.12 1.12 1.13 1.12 1773
20141205 1.12 1.12 1.12 1.12 3535
20141208 1.12 1.13 1.13 1.12 1522
20141209 1.09 1.11 1.13 1.09 2590
20141210 1.06 1.09 1.09 1.06 205
20141211 1.09 1.09 1.13 1.09 1827
20141212 1.10 1.10 1.11 1.09 529
20141215 1.08 1.09 1.09 1.08 26
20141216 1.09 1.10 1.10 1.09 560
20141217 1.09 1.10 1.10 1.09 116
20141218 1.11 1.11 1.11 1.11 16
20141219 1.08 1.12 1.19 1.08 1082
20141222 1.12 1.10 1.12 1.10 19
20141223 1.11 1.11 1.11 1.11 1186
20141225 1.10 1.10 1.10 1.10 1000
20141226 1.11 1.14 1.14 1.11 302
20141230 1.12 1.13 1.13 1.12 266
20141231 1.13 1.13 1.13 1.12 2643
20150105 1.13 1.14 1.14 1.13 18029
20150106 1.14 1.14 1.14 1.14 3874
20150107 1.13 1.15 1.15 1.13 1631
20150108 1.14 1.15 1.15 1.14 1247
20150109 1.14 1.14 1.14 1.14 864
20150112 1.14 1.14 1.14 1.13 1568
20150116 1.14 1.14 1.14 1.14 100
20150119 1.13 1.13 1.13 1.13 90
20150122 1.18 1.14 1.18 1.14 72
20150123 1.14 1.14 1.14 1.14 18
20150126 1.14 1.15 1.15 1.14 21
20150127 1.13 1.15 1.15 1.13 896
20150128 1.14 1.14 1.14 1.14 84
20150129 1.14 1.14 1.14 1.14 180
20150204 1.15 1.15 1.15 1.15 43
20150213 1.15 1.15 1.15 1.12 1006
20150216 1.12 1.12 1.12 1.12 70
20150225 1.13 1.12 1.13 1.12 40
20150226 1.16 1.16 1.16 1.16 60
20150227 1.13 1.14 1.14 1.13 171
20150302 1.14 1.14 1.14 1.13 172
20150304 1.12 1.14 1.14 1.12 51
20150305 1.13 1.13 1.13 1.13 104
20150306 1.13 1.14 1.18 1.13 530
20150311 1.14 1.13 1.14 1.13 57
20150312 1.15 1.15 1.15 1.15 90
20150313 1.14 1.14 1.14 1.14 434
20150316 1.15 1.15 1.15 1.14 48
20150317 1.15 1.15 1.15 1.15 923
20150318 1.15 1.15 1.15 1.15 657
20150319 1.15 1.15 1.15 1.15 454
20150320 1.15 1.15 1.15 1.15 5410
20150324 1.15 1.15 1.15 1.15 50
20150331 1.15 1.15 1.15 1.15 40
20150402 1.14 1.15 1.15 1.14 47
20150407 1.15 1.15 1.15 1.15 1
20150408 1.14 1.15 1.15 1.14 50
20150409 1.13 1.14 1.14 1.13 102
20150410 1.14 1.13 1.14 1.12 1984
20150413 1.12 1.13 1.17 1.12 3454
20150414 1.12 1.13 1.13 1.12 260
20150415 1.13 1.13 1.13 1.13 107
20150416 1.14 1.14 1.14 1.13 4480
20150417 1.14 1.14 1.14 1.13 481
20150420 1.14 1.13 1.14 1.13 36
20150422 1.15 1.14 1.15 1.14 394
20150423 1.15 1.15 1.16 1.15 231
20150424 1.18 1.15 1.18 1.15 6
20150427 1.15 1.16 1.16 1.15 2286
20150428 1.15 1.16 1.16 1.15 741
20150504 1.15 1.15 1.15 1.15 300
20150507 1.14 1.14 1.14 1.14 210
20150508 1.16 1.16 1.16 1.15 390
20150511 1.16 1.16 1.16 1.16 18908
20150512 1.16 1.16 1.16 1.16 15468
20150514 1.19 1.17 1.19 1.17 6
20150515 1.17 1.17 1.17 1.17 159
20150518 1.18 1.18 1.18 1.18 50
20150519 1.18 1.18 1.18 1.18 321
20150520 1.17 1.18 1.18 1.17 2
20150521 1.18 1.18 1.18 1.18 50
20150522 1.18 1.18 1.18 1.18 5
20150525 1.22 1.22 1.22 1.19 64
20150526 1.19 1.22 1.22 1.19 227
20150527 1.20 1.21 1.21 1.20 228
20150528 1.22 1.23 1.24 1.21 390
20150529 1.17 1.20 1.22 1.17 227
20150601 1.20 1.22 1.22 1.20 957
20150602 1.22 1.21 1.22 1.20 58
20150603 1.21 1.23 1.23 1.21 298
20150604 1.23 1.20 1.23 1.20 68
20150605 1.21 1.23 1.23 1.21 118
20150608 1.34 1.30 1.35 1.23 476
20150609 1.30 1.33 1.35 1.25 283
20150610 1.25 1.35 1.35 1.20 1290
20150611 1.28 1.26 1.28 1.22 1830
20150612 1.21 1.23 1.24 1.21 1826
20150615 1.19 1.21 1.22 1.19 261
20150616 1.20 1.21 1.21 1.20 154
20150617 1.20 1.21 1.21 1.20 215
20150618 1.21 1.20 1.21 1.20 173
20150619 1.20 1.20 1.20 1.20 39
20150623 1.18 1.21 1.21 1.18 154
20150624 1.20 1.21 1.21 1.20 106
20150625 1.20 1.21 1.21 1.20 167
20150629 1.19 1.18 1.19 1.18 37
20150630 1.18 1.21 1.21 1.18 18
20150701 1.18 1.19 1.19 1.18 26
20150702 1.19 1.21 1.21 1.19 109
20150703 1.18 1.18 1.18 1.18 8469
20150706 1.18 1.20 1.20 1.18 140
20150708 1.18 1.16 1.18 1.08 1490
20150709 1.19 1.20 1.21 1.19 963
20150710 1.20 1.21 1.21 1.20 270
20150713 1.18 1.20 1.21 1.18 112
20150714 1.22 1.20 1.22 1.20 21
20150715 1.20 1.20 1.20 1.20 252
20150717 1.20 1.20 1.20 1.20 9
20150721 1.20 1.21 1.21 1.20 50
20150722 1.20 1.21 1.21 1.20 4
20150723 1.20 1.20 1.20 1.20 329
20150724 1.20 1.21 1.21 1.20 285
20150727 1.21 1.21 1.21 1.21 141
20150728 1.20 1.20 1.20 1.20 1
20150729 1.20 1.20 1.20 1.20 8
