20150413 1.36 1.36 1.36 1.36 4
20150414 1.49 1.49 1.49 1.49 305123
20150415 1.46 1.37 1.46 1.37 194647
20150416 1.37 1.38 1.40 1.36 97775
20150417 1.38 1.41 1.50 1.38 156657
20150420 1.37 1.31 1.37 1.31 200508
20150421 1.31 1.34 1.34 1.31 102088
20150422 1.34 1.39 1.41 1.34 142512
20150423 1.40 1.39 1.42 1.39 124286
20150424 1.38 1.37 1.40 1.34 59956
20150427 1.38 1.37 1.40 1.36 98765
20150428 1.37 1.32 1.37 1.31 90728
20150429 1.28 1.27 1.28 1.26 281457
20150430 1.28 1.26 1.28 1.26 177997
20150504 1.26 1.26 1.28 1.26 59394
20150505 1.26 1.23 1.28 1.22 155641
20150506 1.23 1.22 1.25 1.22 132756
20150507 1.22 1.21 1.25 1.20 109208
20150508 1.22 1.23 1.23 1.22 73427
20150511 1.24 1.26 1.26 1.23 61954
20150512 1.26 1.25 1.27 1.24 39763
20150513 1.24 1.22 1.24 1.21 71536
20150514 1.21 1.21 1.22 1.21 31843
20150515 1.21 1.26 1.29 1.21 237323
20150518 1.24 1.23 1.26 1.23 139897
20150519 1.22 1.23 1.25 1.21 91245
20150520 1.23 1.22 1.24 1.22 185090
20150521 1.23 1.23 1.25 1.22 53542
20150522 1.23 1.25 1.28 1.23 206466
20150525 1.34 1.37 1.37 1.32 668718
20150526 1.37 1.32 1.37 1.24 418148
20150527 1.32 1.29 1.33 1.29 141423
20150528 1.28 1.23 1.29 1.22 187894
20150529 1.22 1.24 1.28 1.22 157033
20150601 1.24 1.26 1.27 1.22 168711
20150602 1.26 1.25 1.26 1.24 104994
20150603 1.25 1.22 1.25 1.22 127164
20150604 1.22 1.21 1.24 1.15 97042
20150605 1.22 1.22 1.24 1.21 50249
20150608 1.22 1.24 1.27 1.21 164825
20150609 1.24 1.22 1.25 1.22 65217
20150610 1.22 1.20 1.22 1.20 134080
20150611 1.21 1.20 1.21 1.19 78772
20150612 1.19 1.19 1.20 1.19 53431
20150615 1.20 1.18 1.20 1.18 114308
20150616 1.17 1.15 1.17 1.14 76014
20150617 1.15 1.16 1.17 1.13 135057
20150618 1.16 1.15 1.17 1.14 142490
20150619 1.15 1.13 1.16 1.12 41972
20150623 1.14 1.15 1.16 1.11 126630
20150624 1.16 1.17 1.18 1.16 127634
20150625 1.18 1.16 1.18 1.10 87227
20150626 1.15 1.12 1.15 1.12 57307
20150629 1.13 1.07 1.13 1.04 109297
20150630 1.08 1.12 1.13 1.07 200296
20150701 1.11 1.10 1.13 1.08 143794
20150702 1.09 1.10 1.11 1.07 105594
20150703 1.10 1.08 1.11 1.07 69292
20150706 1.11 1.04 1.13 1.01 168714
20150707 1.03 1.01 1.05 0.99 119004
20150708 0.95 0.92 0.95 0.91 89195
20150709 0.91 0.99 1.00 0.89 151525
20150710 1.00 1.03 1.04 0.97 201180
20150713 1.03 1.04 1.05 1.01 119569
20150714 1.04 1.03 1.05 1.01 85040
20150715 1.03 1.02 1.04 1.00 50000
20150716 1.01 1.02 1.02 0.99 50934
20150717 1.03 1.04 1.05 1.02 63625
20150720 1.05 1.03 1.05 1.03 44983
20150721 1.03 1.04 1.04 1.02 46573
20150722 1.03 1.02 1.04 1.02 46128
20150723 1.02 1.04 1.04 1.02 69428
20150724 1.04 1.02 1.04 1.02 82034
20150727 1.02 0.98 1.02 0.98 102147
20150728 0.97 0.98 1.00 0.96 121182
20150729 0.98 0.99 0.99 0.98 71484
20150730 0.99 0.97 1.00 0.97 53010
