20140102 0.64 0.66 0.69 0.64 7
20140106 0.62 0.64 0.70 0.60 536
20140107 0.62 0.64 0.64 0.62 17
20140108 0.61 0.61 0.61 0.61 90
20140109 0.62 0.67 0.67 0.62 35
20140110 0.64 0.67 0.73 0.62 284
20140113 0.61 0.67 0.67 0.60 139
20140114 0.67 0.67 0.67 0.67 1
20140115 0.70 0.66 0.70 0.61 8
20140116 0.60 0.69 0.70 0.60 8
20140117 0.62 0.68 0.68 0.62 11
20140120 0.62 0.68 0.69 0.61 425
20140121 0.62 0.68 0.69 0.62 473
20140122 0.63 0.63 0.68 0.63 404
20140123 0.63 0.62 0.63 0.62 442
20140124 0.63 0.64 0.64 0.62 1465
20140128 0.61 0.61 0.61 0.61 29
20140129 0.61 0.63 0.63 0.61 112
20140130 0.63 0.63 0.63 0.63 17
20140207 0.59 0.60 0.60 0.59 150
20140210 0.63 0.63 0.63 0.62 81
20140211 0.65 0.67 0.69 0.63 287
20140213 0.62 0.64 0.68 0.62 373
20140214 0.67 0.66 0.67 0.63 202
20140217 0.63 0.66 0.67 0.63 473
20140218 0.65 0.66 0.66 0.62 1214
20140219 0.64 0.64 0.64 0.62 539
20140220 0.64 0.63 0.64 0.63 426
20140221 0.62 0.63 0.64 0.62 424
20140224 0.60 0.63 0.63 0.60 215
20140225 0.60 0.62 0.62 0.60 990
20140226 0.58 0.62 0.62 0.58 13
20140227 0.61 0.58 0.61 0.58 155
20140228 0.58 0.59 0.60 0.57 221
20140303 0.58 0.58 0.63 0.58 120
20140304 0.60 0.58 0.60 0.58 370
20140305 0.62 0.60 0.62 0.58 824
20140306 0.58 0.60 0.60 0.58 647
20140307 0.60 0.59 0.60 0.58 137
20140310 0.58 0.58 0.59 0.58 427
20140311 0.57 0.60 0.61 0.57 96
20140312 0.58 0.59 0.59 0.58 169
20140313 0.60 0.60 0.60 0.58 419
20140314 0.58 0.59 0.59 0.58 37
20140317 0.57 0.59 0.59 0.57 70
20140318 0.59 0.60 0.60 0.58 37
20140319 0.58 0.58 0.59 0.57 534
20140320 0.57 0.58 0.59 0.57 427
20140321 0.58 0.59 0.59 0.58 315
20140324 0.58 0.58 0.59 0.58 240
20140325 0.57 0.59 0.59 0.57 84
20140326 0.59 0.59 0.59 0.59 1
20140327 0.57 0.58 0.58 0.57 159
20140328 0.58 0.56 0.58 0.56 11
20140331 0.57 0.58 0.61 0.57 133
20140401 0.58 0.58 0.58 0.58 8
20140402 0.58 0.58 0.58 0.58 3
20140403 0.58 0.58 0.58 0.58 122
20140404 0.60 0.58 0.60 0.58 199
20140408 0.58 0.59 0.59 0.58 611
20140409 0.59 0.59 0.59 0.59 528
20140410 0.59 0.61 0.61 0.59 1937
20140411 0.61 0.60 0.61 0.60 1998
20140414 0.60 0.60 0.60 0.60 13
20140415 0.59 0.60 0.60 0.59 270
20140421 0.59 0.59 0.59 0.59 134
20140422 0.58 0.58 0.58 0.58 20
20140425 0.58 0.58 0.62 0.58 151
20140428 0.58 0.58 0.58 0.58 4
20140429 0.57 0.57 0.57 0.57 20
20140430 0.62 0.58 0.62 0.58 12
20140505 0.58 0.58 0.58 0.58 1
20140506 0.61 0.60 0.61 0.60 843
20140507 0.57 0.60 0.60 0.57 6
20140508 0.63 0.60 0.63 0.57 156
20140509 0.60 0.59 0.60 0.57 26
20140513 0.61 0.60 0.61 0.60 302
20140516 0.57 0.57 0.57 0.57 19
20140520 0.60 0.57 0.60 0.57 105
20140521 0.58 0.61 0.61 0.58 115
20140522 0.61 0.58 0.61 0.58 329
20140523 0.58 0.58 0.58 0.58 77
20140526 0.58 0.58 0.58 0.58 283
20140527 0.58 0.58 0.58 0.58 37
20140528 0.60 0.60 0.60 0.60 5
20140529 0.60 0.59 0.60 0.58 36
20140603 0.58 0.59 0.59 0.58 179
20140604 0.60 0.59 0.60 0.59 187
20140605 0.57 0.58 0.58 0.57 1120
20140606 0.58 0.58 0.58 0.58 99
20140609 0.57 0.58 0.58 0.57 281
20140610 0.57 0.59 0.61 0.57 74
20140611 0.59 0.59 0.59 0.59 499
20140617 0.59 0.59 0.59 0.59 22
20140618 0.59 0.59 0.59 0.59 1
20140619 0.58 0.58 0.58 0.58 113
20140620 0.57 0.57 0.57 0.57 5
20140627 0.58 0.60 0.61 0.58 155
20140630 0.58 0.58 0.58 0.58 201
20140701 0.58 0.58 0.58 0.58 3
20140702 0.58 0.58 0.58 0.58 1
20140703 0.58 0.58 0.60 0.58 24
20140704 0.58 0.60 0.60 0.58 530
20140707 0.60 0.61 0.63 0.58 390
20140710 0.61 0.57 0.61 0.57 12
20140711 0.58 0.58 0.58 0.58 10
20140714 0.54 0.58 0.58 0.54 430
20140716 0.54 0.58 0.62 0.54 160
20140717 0.60 0.58 0.60 0.58 20
20140721 0.58 0.58 0.58 0.58 191
20140723 0.57 0.57 0.57 0.57 2
20140724 0.59 0.59 0.59 0.59 4
20140728 0.60 0.62 0.62 0.60 615
20140729 0.62 0.62 0.63 0.62 837
20140730 0.62 0.62 0.63 0.62 1473
20140731 0.62 0.63 0.63 0.62 510
20140801 0.64 0.64 0.64 0.64 1
20140806 0.64 0.63 0.64 0.63 216
20140807 0.63 0.63 0.69 0.63 86
20140808 0.63 0.64 0.65 0.63 158
20140811 0.63 0.63 0.63 0.63 205
20140812 0.63 0.65 0.65 0.63 326
20140813 0.63 0.65 0.65 0.63 120
20140815 0.66 0.66 0.66 0.66 3
20140818 0.63 0.63 0.65 0.63 32
20140819 0.64 0.64 0.64 0.64 65
20140822 0.63 0.63 0.63 0.63 30
20140825 0.59 0.66 0.66 0.59 28
20140826 0.63 0.63 0.63 0.63 10
20140827 0.62 0.62 0.62 0.62 9
20140828 0.62 0.62 0.62 0.62 27
20140829 0.59 0.62 0.62 0.59 2
20140903 0.65 0.64 0.65 0.64 208
20140904 0.65 0.65 0.66 0.64 180
20140905 0.64 0.64 0.64 0.64 29
20140909 0.66 0.66 0.66 0.65 219
20140910 0.65 0.65 0.65 0.65 68
20140911 0.66 0.66 0.66 0.65 139
20140912 0.64 0.65 0.65 0.64 66
20140916 0.64 0.64 0.66 0.64 201
20140917 0.63 0.63 0.63 0.63 2
20140918 0.63 0.63 0.63 0.63 14
20140919 0.66 0.66 0.66 0.66 24
20140922 0.66 0.66 0.66 0.66 126
20140923 0.63 0.63 0.63 0.63 96
20140924 0.63 0.63 0.63 0.63 138
20140925 0.65 0.67 0.67 0.65 223
20140929 0.64 0.64 0.64 0.64 150
20141008 0.64 0.64 0.64 0.64 22
20141009 0.65 0.65 0.66 0.65 96
20141010 0.65 0.66 0.66 0.65 215
20141013 0.66 0.65 0.66 0.64 133
20141014 0.64 0.64 0.64 0.64 22
20141015 0.65 0.65 0.65 0.65 5
20141016 0.66 0.66 0.66 0.66 55
20141017 0.66 0.68 0.68 0.66 88
20141020 0.64 0.65 0.65 0.64 34
20141021 0.69 0.64 0.69 0.64 201
20141022 0.64 0.64 0.69 0.64 249
20141023 0.64 0.64 0.68 0.64 362
20141024 0.63 0.63 0.63 0.63 68
20141027 0.57 0.62 0.62 0.57 78
20141028 0.62 0.67 0.67 0.62 412
20141029 0.63 0.71 0.71 0.63 425
20141030 0.64 0.65 0.71 0.64 688
20141031 0.63 0.65 0.67 0.63 268
20141103 0.65 0.66 0.67 0.65 558
20141104 0.66 0.65 0.66 0.65 84
20141105 0.65 0.65 0.65 0.65 40
20141107 0.66 0.66 0.66 0.66 9
20141110 0.66 0.66 0.66 0.66 7
20141111 0.67 0.65 0.67 0.65 110
20141112 0.65 0.66 0.66 0.65 210
20141113 0.67 0.65 0.67 0.65 210
20141114 0.65 0.65 0.69 0.65 442
20141117 0.67 0.66 0.67 0.65 426
20141118 0.60 0.64 0.73 0.60 398
20141119 0.65 0.65 0.65 0.65 25
20141120 0.65 0.65 0.65 0.65 11
20141121 0.67 0.68 0.68 0.66 372
20141124 0.70 0.67 0.72 0.67 110
20141125 0.67 0.71 0.71 0.67 60
20141126 0.69 0.72 0.72 0.69 131
20141127 0.72 0.72 0.72 0.72 128
20141128 0.69 0.73 0.74 0.69 105
20141201 0.73 0.77 0.77 0.69 439
20141202 0.77 0.76 0.77 0.72 483
20141203 0.68 0.75 0.82 0.68 455
20141204 0.82 0.83 0.83 0.76 1870
20141205 0.91 0.91 0.91 0.82 2735
20141208 0.91 1.00 1.00 0.89 2948
20141209 1.09 1.06 1.10 1.03 3059
20141210 1.16 1.06 1.16 0.95 1109
20141211 0.95 1.08 1.09 0.95 286
20141212 1.16 1.08 1.16 0.98 428
20141215 1.02 1.08 1.10 1.00 749
20141216 0.99 1.04 1.05 0.99 619
20141217 0.98 0.99 1.02 0.98 318
20141218 0.98 0.91 0.98 0.90 179
20141219 0.91 0.95 0.95 0.89 302
20141222 1.04 1.03 1.04 0.95 581
20141223 1.03 0.95 1.03 0.93 817
20141224 0.86 0.95 1.04 0.86 360
20141225 0.95 1.00 1.02 0.85 228
20141226 0.91 1.00 1.01 0.91 323
20141229 1.00 0.95 1.00 0.94 366
20141230 0.98 0.95 0.98 0.92 139
20141231 0.95 0.94 0.95 0.92 139
20150105 0.97 0.96 0.97 0.92 269
20150106 0.92 0.91 0.92 0.88 2624
20150107 0.91 0.90 0.91 0.90 561
20150108 0.91 0.90 0.91 0.89 138
20150109 0.91 0.91 0.91 0.89 904
20150112 0.87 0.87 0.90 0.87 231
20150113 0.87 0.87 0.90 0.87 182
20150114 0.87 0.89 0.90 0.87 98
20150115 0.87 0.95 0.95 0.87 3421
20150116 0.94 0.89 0.94 0.89 1818
20150119 0.88 0.85 0.88 0.83 898
20150120 0.85 0.85 0.88 0.85 438
20150121 0.89 0.89 0.89 0.89 553
20150122 0.89 0.93 0.93 0.89 2216
20150123 0.93 0.92 0.93 0.90 291
20150126 0.90 0.90 0.92 0.90 302
20150127 0.89 0.89 0.92 0.89 1649
20150128 0.88 0.90 0.90 0.85 195
20150129 0.89 0.87 0.89 0.87 179
20150130 0.87 0.88 0.90 0.86 218
20150202 0.88 0.88 0.88 0.82 61
20150203 0.84 0.87 0.89 0.84 203
20150204 0.89 0.87 0.89 0.87 127
20150205 0.87 0.87 0.87 0.86 491
20150206 0.85 0.85 0.85 0.85 375
20150209 0.83 0.86 0.86 0.83 15
20150210 0.86 0.86 0.86 0.86 183
20150211 0.86 0.88 0.88 0.86 155
20150212 0.88 0.88 0.88 0.88 1
20150213 0.89 0.97 0.97 0.89 3837
20150216 0.95 1.03 1.07 0.90 2424
20150217 0.92 0.96 1.02 0.92 6681
20150225 0.92 0.89 0.92 0.89 8981
20150226 0.89 0.91 0.91 0.89 9246
20150227 0.90 0.91 0.91 0.90 4838
20150302 0.92 0.91 0.92 0.91 4495
20150303 0.92 0.90 0.92 0.89 2371
20150304 0.89 0.89 0.91 0.89 1910
20150305 0.91 0.89 0.91 0.89 163
20150306 0.89 0.89 0.94 0.89 917
20150309 0.89 0.90 0.90 0.87 1487
20150310 0.90 0.89 0.90 0.89 738
20150311 0.89 0.90 0.90 0.88 384
20150312 0.90 0.90 0.90 0.90 1055
20150313 0.91 0.90 0.91 0.90 911
20150316 0.90 0.92 0.92 0.90 2137
20150317 0.92 0.93 0.94 0.92 1165
20150318 0.94 0.96 0.96 0.94 2706
20150319 0.95 0.95 0.97 0.94 2360
20150320 0.95 0.97 0.97 0.95 1637
20150323 0.97 0.98 0.98 0.96 2333
20150324 0.98 0.97 0.98 0.97 2932
20150325 0.98 0.98 0.99 0.97 2292
20150326 0.99 0.97 0.99 0.97 811
20150327 0.97 0.99 0.99 0.97 690
20150330 0.99 1.01 1.02 0.99 1761
20150331 1.02 1.04 1.05 1.02 3850
20150401 1.05 1.05 1.05 1.01 389
20150402 1.04 1.04 1.04 1.03 1176
20150403 1.04 1.04 1.04 1.03 397
20150407 1.04 1.05 1.05 1.03 3107
20150408 1.05 1.06 1.06 1.05 2132
20150409 1.05 1.05 1.07 1.03 660
20150410 1.06 1.07 1.07 1.06 2101
20150413 1.07 1.08 1.10 1.07 553
20150414 1.09 1.08 1.09 1.08 151
20150415 1.01 1.07 1.07 1.01 184
20150416 1.04 1.06 1.11 1.04 117
20150417 1.07 1.08 1.09 1.06 477
20150420 1.08 1.06 1.08 1.06 808
20150421 1.08 1.12 1.13 1.07 1237
20150424 1.12 1.12 1.21 1.12 829
20150427 1.13 1.13 1.13 1.11 604
20150428 1.13 1.12 1.13 1.12 550
20150429 1.11 1.13 1.13 1.11 1176
20150430 1.13 1.13 1.24 1.13 553
20150504 1.14 1.13 1.14 1.12 368
20150505 1.13 1.10 1.14 1.10 682
20150506 1.10 1.08 1.11 1.08 695
