20140113 0.97 0.97 0.97 0.97 23
20140116 0.97 0.97 0.97 0.97 814
20140117 0.97 0.98 0.98 0.97 62
20140121 1.06 1.06 1.06 1.06 10
20140122 1.01 1.01 1.01 1.01 28
20140123 1.04 1.04 1.04 1.04 1
20140213 0.98 1.02 1.02 0.98 9
20140217 1.02 1.05 1.05 1.02 87
20140226 1.00 1.00 1.00 1.00 43
20140227 1.00 1.00 1.00 1.00 53
20140303 1.05 1.02 1.05 1.02 106
20140304 1.00 1.00 1.00 1.00 45
20140310 1.00 1.00 1.00 1.00 15
20140314 0.99 0.99 0.99 0.99 100
20140321 0.99 0.99 0.99 0.99 2
20140325 0.99 0.99 0.99 0.99 1
20140328 0.99 0.99 0.99 0.99 200
20140331 1.05 1.05 1.05 1.05 1
20140415 1.05 1.05 1.05 1.05 12
20140416 1.05 1.00 1.05 1.00 85
20140417 0.90 1.01 1.05 0.90 134
20140418 1.05 1.00 1.11 1.00 293
20140421 1.00 1.01 1.10 0.92 264
20140422 1.05 1.05 1.11 1.05 270
20140423 1.00 1.05 1.08 1.00 270
20140424 1.01 1.04 1.05 0.97 156
20140425 1.01 1.00 1.02 1.00 277
20140428 1.05 1.05 1.05 1.05 1
20140507 1.01 1.01 1.02 1.01 268
20140509 0.98 1.03 1.03 0.98 4
20140513 1.02 1.03 1.03 1.02 75
20140515 1.02 1.02 1.02 1.02 206
20140516 0.99 0.99 0.99 0.99 10
20140522 1.05 1.05 1.05 1.05 1
20140618 1.05 1.05 1.05 1.05 47
20140625 1.02 1.02 1.02 1.02 479
20140707 1.03 1.03 1.03 1.03 86
20140716 1.12 1.12 1.12 1.12 45
20140724 1.02 1.11 1.11 1.02 96
20140814 1.02 1.10 1.10 1.02 1
20140818 1.03 1.04 1.04 1.03 117
20140819 1.10 1.03 1.10 1.03 61
20140820 1.03 1.08 1.08 1.03 5
20140825 1.03 1.10 1.10 1.03 164
20140826 1.13 1.13 1.13 1.13 1
20140902 1.13 1.13 1.14 1.03 74
20140903 1.04 1.06 1.06 1.04 126
20140904 1.16 1.04 1.16 1.04 31
20140905 1.14 1.11 1.14 1.05 27
20140909 1.04 1.20 1.20 1.04 54
20140910 1.09 1.20 1.20 1.08 309
20140911 1.08 1.09 1.19 1.08 109
20140912 1.06 1.09 1.11 1.05 74
20140915 1.06 1.08 1.08 1.06 42
20140916 1.05 1.05 1.05 1.05 60
20140917 1.05 1.05 1.05 1.05 6
20140918 1.06 1.06 1.06 1.06 12
20140922 1.04 1.05 1.05 1.04 210
20140923 1.05 1.05 1.05 1.05 132
20140924 1.09 1.09 1.09 1.09 1
20140925 1.10 1.05 1.10 1.00 58
20140926 1.04 1.08 1.08 1.04 4
20140929 1.05 1.05 1.05 1.05 1
20140930 1.05 1.05 1.05 1.05 21
20141008 1.07 1.05 1.07 1.05 212
20141009 1.05 1.07 1.07 1.05 117
20141010 1.07 1.06 1.07 1.06 10
20141013 1.05 1.05 1.05 1.05 85
20141014 1.09 1.05 1.09 1.05 11
20141015 1.09 1.09 1.09 1.09 3
20141016 1.05 1.09 1.09 1.05 12
20141020 1.11 1.11 1.11 1.11 1
20141022 1.06 1.11 1.11 1.06 218
20141028 1.12 1.12 1.12 1.12 1
20141105 1.03 1.03 1.03 1.03 22
20141106 1.12 1.12 1.12 1.12 55
20141107 1.12 1.12 1.12 1.12 15
20141110 1.06 1.06 1.06 1.06 158
20141111 1.07 1.07 1.07 1.07 16
20141113 1.07 1.07 1.07 1.07 32
20141114 1.07 1.07 1.07 1.07 26
20141201 1.11 1.11 1.11 1.11 15
20141202 1.12 1.12 1.12 1.12 1
20141203 1.01 1.12 1.13 1.01 163
20141204 1.23 1.20 1.23 1.07 59
20141205 1.20 1.29 1.29 1.20 49
20141208 1.33 1.28 1.35 1.16 1177
20141209 1.15 1.15 1.15 1.15 47
20141210 1.04 1.14 1.14 1.04 1206
20141211 1.03 1.08 1.14 1.03 381
20141212 1.04 1.07 1.07 1.04 289
20141215 1.07 1.07 1.07 1.04 163
20141216 1.04 1.06 1.06 1.04 151
20141217 1.04 1.06 1.06 1.04 6
20141218 1.04 1.07 1.07 1.04 66
20141219 1.08 1.08 1.08 1.08 1
20141222 1.08 1.08 1.08 1.08 101
20141223 1.09 1.09 1.09 1.09 1
20141224 1.19 1.15 1.19 1.06 127
20141225 1.09 1.15 1.15 1.06 174
20141226 1.06 1.15 1.15 1.06 538
20141229 1.07 1.14 1.14 1.07 289
20141230 1.07 1.20 1.20 1.07 971
20141231 1.15 1.14 1.15 1.08 1124
20150105 1.08 1.11 1.11 1.05 2252
20150106 1.07 1.07 1.08 1.05 2266
20150107 1.06 1.06 1.07 1.06 526
20150108 1.06 1.06 1.07 1.06 83
20150109 1.06 1.07 1.07 1.05 936
20150112 1.07 1.07 1.07 1.06 372
20150113 1.07 1.07 1.07 1.06 638
20150114 1.06 1.07 1.08 1.06 220
20150115 1.06 1.07 1.07 1.06 815
20150116 1.06 1.08 1.08 1.06 968
20150119 1.05 1.07 1.07 1.05 220
20150120 1.07 1.08 1.08 1.07 1367
20150121 1.07 1.07 1.07 1.06 1402
20150122 1.06 1.08 1.08 1.06 811
20150123 1.08 1.08 1.08 1.07 271
20150126 1.07 1.08 1.08 1.07 209
20150127 1.07 1.08 1.09 1.07 573
20150128 1.07 1.07 1.07 1.07 80
20150129 1.07 1.07 1.08 1.07 1131
20150130 1.08 1.09 1.09 1.07 558
20150202 1.09 1.08 1.09 1.07 424
20150203 1.07 1.08 1.08 1.07 29
20150204 1.09 1.10 1.18 1.08 2171
20150205 1.08 1.07 1.10 1.07 416
20150206 1.07 1.07 1.07 0.97 3440
20150209 1.06 1.07 1.07 1.06 1258
20150210 1.06 1.07 1.07 1.06 2274
20150211 1.08 1.07 1.08 1.07 417
20150212 1.07 1.07 1.07 1.06 339
20150213 1.07 1.08 1.08 1.07 1657
20150216 1.07 1.07 1.07 1.07 1406
20150217 1.07 1.07 1.07 1.07 2243
20150225 1.07 1.07 1.08 1.07 361
20150226 1.07 1.08 1.08 1.07 903
20150227 1.07 1.08 1.08 1.07 2384
20150302 1.08 1.08 1.09 1.08 94
20150303 1.07 1.08 1.08 1.07 3165
20150304 1.08 1.10 1.10 1.08 1658
20150305 1.09 1.21 1.21 1.09 5090
20150306 1.21 1.33 1.33 1.15 7156
20150309 1.19 1.19 1.19 1.19 526
20150310 1.07 1.07 1.07 1.07 1580
20150311 1.07 1.07 1.07 1.07 7425
20150312 1.07 1.07 1.08 1.07 3536
20150313 1.07 1.07 1.07 1.07 1261
20150316 1.07 1.07 1.07 1.07 2832
20150317 1.07 1.07 1.07 1.07 1116
20150318 1.07 1.07 1.07 1.07 948
20150319 1.07 1.07 1.07 1.07 3756
20150320 1.07 1.08 1.08 1.07 2846
20150323 1.07 1.08 1.08 1.07 2655
20150324 1.07 1.07 1.07 1.07 1731
20150325 1.08 1.07 1.08 1.07 1157
20150326 1.07 1.07 1.08 1.07 428
20150327 1.07 1.07 1.18 1.07 1839
20150330 1.08 1.08 1.08 1.04 1371
20150331 1.07 1.07 1.08 1.07 2591
20150401 1.07 1.07 1.07 1.06 2737
20150402 1.07 1.07 1.07 1.07 1057
20150403 1.07 1.07 1.07 1.07 448
20150407 1.07 1.08 1.08 1.07 1276
20150408 1.08 1.08 1.08 1.08 1091
20150409 1.07 1.08 1.08 1.07 1240
20150410 1.08 1.09 1.09 1.08 2484
20150413 1.08 1.09 1.09 1.07 2957
20150414 1.09 1.08 1.09 1.07 1590
20150415 1.09 1.07 1.09 1.07 1206
20150416 1.07 1.08 1.08 1.07 2624
20150417 1.08 1.08 1.08 1.08 857
20150420 1.08 1.09 1.10 1.08 1574
20150421 1.09 1.09 1.09 1.08 1292
20150422 1.08 1.09 1.09 1.07 1273
20150423 1.09 1.09 1.09 1.08 323
20150424 1.08 1.09 1.09 1.08 1993
20150427 1.08 1.09 1.09 1.08 486
20150428 1.09 1.08 1.12 1.08 2196
20150429 1.09 1.09 1.09 1.09 1348
20150430 1.09 1.09 1.09 1.09 1041
20150504 1.09 1.09 1.09 1.09 392
20150505 1.09 1.09 1.09 1.09 907
20150506 1.09 1.09 1.10 1.09 600
20150507 1.09 1.09 1.09 1.09 871
20150508 1.09 1.09 1.09 1.09 1926
20150511 1.09 1.09 1.09 1.09 1260
20150512 1.10 1.09 1.10 1.09 832
20150513 1.15 1.09 1.15 1.09 1090
20150514 1.09 1.09 1.09 1.09 588
20150515 1.10 1.10 1.10 1.10 466
20150518 1.10 1.10 1.10 1.10 54
20150519 1.10 1.10 1.10 1.10 2686
20150520 1.10 1.10 1.10 1.10 655
20150521 1.10 1.10 1.10 1.10 1152
20150522 1.10 1.10 1.11 1.10 1061
20150525 1.11 1.21 1.21 1.10 2638
20150526 1.30 1.23 1.30 1.11 6870
20150527 1.11 1.11 1.12 1.11 4840
20150528 1.10 1.10 1.10 1.09 7666
20150529 1.09 1.10 1.10 1.09 2013
20150601 1.10 1.09 1.10 1.09 3421
20150602 1.09 1.09 1.09 1.09 3907
20150603 1.09 1.10 1.10 1.09 529
20150604 1.12 1.09 1.12 1.08 445
20150605 1.10 1.12 1.13 1.10 1301
20150608 1.10 1.10 1.12 1.10 473
20150609 1.12 1.11 1.12 1.10 204
20150610 1.10 1.10 1.11 1.10 699
20150611 1.11 1.11 1.11 1.10 376
20150612 1.10 1.10 1.11 1.10 2114
20150615 1.10 1.10 1.10 1.10 1334
20150616 1.11 1.13 1.15 1.10 503
20150617 1.13 1.13 1.14 1.11 1252
20150618 1.10 1.11 1.13 1.10 883
20150619 1.13 1.12 1.14 1.10 699
20150623 1.11 1.11 1.12 1.11 822
20150624 1.11 1.11 1.11 1.11 454
20150625 1.10 1.11 1.14 1.10 327
20150626 1.12 1.13 1.13 1.11 216
20150629 1.10 1.10 1.11 1.10 1258
20150630 1.11 1.11 1.11 1.11 495
20150701 1.11 1.11 1.12 1.11 758
20150702 1.11 1.10 1.11 1.10 1329
20150703 1.10 1.10 1.11 1.10 283
20150706 1.11 1.11 1.11 1.10 1512
20150707 1.11 1.11 1.12 1.11 218
20150708 1.10 1.10 1.10 1.09 6247
20150709 1.10 1.10 1.11 1.09 3653
20150710 1.10 1.11 1.13 1.10 3615
20150713 1.11 1.11 1.12 1.11 2487
20150714 1.11 1.11 1.11 1.11 26
20150715 1.11 1.11 1.11 1.11 637
20150716 1.11 1.11 1.11 1.11 112
20150717 1.11 1.11 1.11 1.11 200
20150720 1.11 1.12 1.13 1.11 559
20150721 1.11 1.11 1.13 1.11 74
20150722 1.11 1.11 1.11 1.11 63
20150723 1.11 1.11 1.11 1.11 270
20150724 1.12 1.11 1.13 1.11 1440
20150727 1.13 1.12 1.13 1.12 526
20150728 1.12 1.12 1.12 1.12 366
20150729 1.12 1.12 1.12 1.12 360
20150730 1.12 1.12 1.12 1.12 185
