20140103 0.93 0.93 0.93 0.93 2
20140106 0.87 0.87 0.93 0.87 171
20140107 0.87 0.89 0.92 0.87 2
20140109 0.93 0.93 0.93 0.93 1
20140122 0.93 0.93 0.93 0.93 1
20140211 0.93 0.93 0.93 0.93 2
20140217 0.93 1.02 1.02 0.93 177
20140218 1.02 1.02 1.02 1.02 1
20140227 1.01 1.01 1.01 1.01 1
20140303 1.07 1.07 1.07 1.07 5
20140306 0.96 0.96 0.96 0.96 70
20140307 0.87 0.95 0.95 0.87 439
20140311 0.86 0.92 0.93 0.86 18
20140312 0.89 0.89 0.89 0.89 10
20140313 0.81 0.88 0.88 0.81 3
20140314 0.82 0.88 0.88 0.82 20
20140317 0.90 0.90 0.90 0.90 136
20140318 0.92 0.92 0.92 0.92 1
20140320 0.83 0.83 0.89 0.83 56
20140321 0.88 0.90 0.91 0.88 11
20140328 0.89 0.89 0.89 0.89 2
20140331 0.95 0.96 0.98 0.95 3
20140401 0.86 0.87 0.99 0.86 6
20140402 0.89 0.94 0.94 0.89 27
20140408 0.84 0.95 0.95 0.84 24
20140409 0.86 0.93 0.93 0.86 78
20140410 0.95 0.95 0.95 0.84 52
20140414 0.85 0.95 0.95 0.85 190
20140415 0.87 0.90 0.94 0.87 113
20140417 0.91 0.91 0.91 0.91 1
20140422 0.87 0.87 0.87 0.87 101
20140425 0.87 0.87 0.87 0.87 20
20140522 0.89 0.89 0.89 0.89 10
20140528 0.90 0.90 0.90 0.90 5
20140609 0.86 0.95 0.95 0.86 15
20140610 0.89 0.89 0.89 0.89 17
20140611 0.90 0.90 0.90 0.90 124
20140613 0.92 0.92 0.92 0.92 11
20140702 0.89 0.91 0.91 0.89 110
20140704 0.91 0.91 0.91 0.91 11
20140707 0.93 0.93 0.93 0.93 367
20140708 1.02 0.95 1.02 0.93 901
20140709 0.93 0.94 0.94 0.93 5
20140710 1.03 1.01 1.03 0.93 13
20140711 0.99 0.99 0.99 0.99 3
20140716 0.93 0.93 0.93 0.93 19
20140724 1.02 1.00 1.02 1.00 11
20140728 0.94 0.94 0.94 0.94 20
20140730 0.94 0.94 0.94 0.94 17
20140805 0.91 0.91 0.91 0.91 176
20140806 1.00 0.94 1.00 0.94 192
20140807 0.94 0.98 0.98 0.94 117
20140808 0.94 0.94 0.94 0.94 101
20140811 0.94 0.94 0.94 0.94 115
20140813 0.93 0.93 0.93 0.93 100
20140814 0.99 0.99 0.99 0.93 24
20140815 0.98 0.95 1.05 0.93 67
20140818 0.93 0.93 0.93 0.93 4
20140819 0.97 0.93 0.97 0.90 215
20140820 0.93 0.96 0.96 0.93 274
20140821 0.94 0.94 0.94 0.94 58
20140822 1.03 1.00 1.03 1.00 61
20140825 0.92 1.00 1.00 0.92 61
20140826 1.00 1.00 1.04 1.00 119
20140827 0.94 0.94 0.94 0.94 10
20140829 0.88 0.88 0.88 0.88 59
20140901 0.97 0.97 0.97 0.97 302
20140903 0.89 0.96 1.00 0.89 142
20140904 0.96 1.02 1.03 0.96 110
20140905 0.99 0.98 0.99 0.98 106
20140909 0.97 1.03 1.03 0.97 77
20140910 1.03 1.03 1.03 1.03 6
20140911 0.94 1.00 1.03 0.94 155
20140912 1.00 1.03 1.03 1.00 90
20140915 0.95 1.03 1.03 0.95 216
20140916 1.13 0.98 1.13 0.96 449
20140917 0.94 1.02 1.02 0.94 127
20140918 0.94 0.97 1.00 0.94 123
20140919 0.95 1.03 1.03 0.95 131
20140922 0.96 0.96 1.00 0.96 341
20140923 0.96 0.95 0.96 0.95 112
20140924 0.95 0.98 0.99 0.93 259
20140925 0.91 0.98 0.99 0.91 9
20140926 1.08 0.94 1.08 0.89 141
20140929 0.94 0.97 0.98 0.94 41
20140930 0.97 0.94 1.02 0.91 410
20141008 1.00 0.98 1.00 0.94 101
20141009 0.98 0.95 0.98 0.89 354
20141010 0.95 0.91 1.00 0.90 400
20141013 0.91 0.93 0.93 0.91 495
20141014 0.92 0.92 0.92 0.92 39
20141015 0.95 0.88 0.95 0.87 16
20141016 0.88 0.91 0.92 0.88 385
20141017 0.88 0.91 0.93 0.88 90
20141020 0.91 0.92 0.93 0.87 264
20141021 0.92 0.88 0.92 0.88 115
20141022 0.91 0.88 0.91 0.88 43
20141024 0.87 0.89 0.89 0.87 61
20141027 0.83 0.89 0.89 0.83 38
20141028 0.90 0.90 0.90 0.90 32
20141029 0.85 0.87 0.92 0.85 129
20141030 0.88 0.87 0.88 0.87 18
20141031 0.87 0.87 0.87 0.87 6
20141103 0.92 0.92 0.92 0.92 28
20141104 0.84 1.00 1.01 0.84 338
20141105 1.00 0.95 1.00 0.92 1234
20141106 0.89 0.93 0.94 0.89 982
20141107 0.93 0.93 0.94 0.87 1056
20141110 0.90 0.92 0.93 0.90 152
20141111 0.94 0.92 0.94 0.90 45
20141112 0.93 0.94 0.94 0.93 203
20141113 0.93 0.92 0.93 0.92 249
20141118 0.90 0.92 0.92 0.85 342
20141119 0.90 0.88 0.90 0.86 227
20141120 0.90 0.88 0.90 0.87 882
20141121 0.87 0.89 0.90 0.87 414
20141124 0.87 0.92 0.94 0.87 549
20141125 0.92 0.90 0.93 0.89 630
20141126 0.92 0.90 0.92 0.87 1394
20141127 0.89 0.92 0.92 0.89 322
20141128 0.91 0.95 0.95 0.91 410
20141201 0.94 0.94 0.94 0.90 139
20141202 0.91 0.94 0.97 0.87 1212
20141203 0.92 0.97 1.00 0.92 756
20141204 1.00 1.03 1.03 0.94 2365
20141205 0.94 0.99 1.02 0.94 865
20141208 0.99 1.02 1.02 0.89 1504
20141209 1.00 0.98 1.00 0.92 1502
20141210 0.92 0.94 0.94 0.90 775
20141211 0.90 0.89 0.93 0.88 387
20141212 0.89 0.91 0.94 0.89 562
20141215 0.91 0.88 0.91 0.88 362
20141216 0.88 0.91 0.92 0.85 262
20141217 0.87 0.89 0.92 0.87 277
20141218 0.90 0.90 0.90 0.85 199
20141219 0.89 0.89 0.89 0.89 136
20141222 0.90 0.90 0.90 0.81 83
20141223 0.84 0.84 0.84 0.84 2
20141224 0.91 0.89 0.91 0.86 480
20141225 0.86 0.87 0.90 0.84 175
20141226 0.88 0.89 0.89 0.85 802
20141229 0.89 0.87 0.89 0.86 616
20141230 0.90 0.86 0.90 0.85 442
20141231 0.89 0.86 0.89 0.86 98
20150105 0.87 0.89 0.89 0.87 490
20150106 0.86 0.91 0.91 0.86 622
20150107 0.87 0.88 0.89 0.87 662
20150108 0.86 0.88 0.89 0.86 139
20150109 0.87 0.88 0.90 0.87 116
20150112 0.89 0.93 0.95 0.89 920
20150113 0.94 0.90 0.94 0.90 546
20150114 0.89 0.89 0.90 0.89 271
20150115 0.89 0.88 0.89 0.88 249
20150116 0.89 0.89 0.90 0.89 227
20150119 0.90 0.88 0.95 0.88 65305
20150120 0.91 0.90 0.92 0.89 27641
20150121 0.90 0.93 0.97 0.89 76286
20150122 0.93 0.99 1.01 0.91 308391
20150123 0.98 0.96 1.05 0.95 297665
20150126 0.95 0.97 1.01 0.95 294768
20150127 0.94 0.91 0.94 0.91 361765
20150128 0.91 0.90 0.91 0.90 214610
20150129 0.89 0.89 0.90 0.89 62148
20150130 0.89 0.87 0.90 0.87 123417
20150202 0.88 0.88 0.89 0.87 41355
20150203 0.87 0.86 0.88 0.86 89550
20150204 0.87 0.87 0.90 0.87 184521
20150205 0.89 0.87 0.89 0.87 33768
20150206 0.87 0.88 0.88 0.87 38584
20150209 0.88 0.88 0.88 0.88 15832
20150210 0.88 0.88 0.88 0.88 14617
20150211 0.88 0.88 0.88 0.87 19190
20150212 0.88 0.88 0.89 0.88 178563
20150213 0.89 0.90 0.90 0.89 241221
20150216 0.90 0.91 0.91 0.90 104129
20150217 0.91 0.91 0.91 0.91 9258
20150225 0.92 0.92 0.93 0.91 86930
20150226 0.92 0.91 0.92 0.88 115876
20150227 0.92 0.92 0.93 0.92 37489
20150302 0.94 0.93 0.94 0.93 31554
20150303 0.93 0.93 0.93 0.92 98775
20150304 0.93 0.93 0.93 0.93 114844
20150305 0.93 0.93 0.93 0.92 160595
20150306 0.93 0.91 0.93 0.91 4756
20150309 0.91 0.92 0.92 0.91 59665
20150310 0.92 0.91 0.92 0.90 94727
20150311 0.90 0.89 0.90 0.88 114901
20150312 0.89 0.89 0.90 0.89 8571
20150313 0.90 0.91 0.91 0.90 75041
20150316 0.91 0.91 0.92 0.91 76176
20150317 0.91 0.91 0.92 0.90 5854
20150318 0.91 0.92 0.92 0.91 7754
20150319 0.92 0.93 0.93 0.92 9606
20150320 0.92 0.92 0.93 0.90 6535
20150323 0.92 0.92 0.94 0.92 5771
20150324 0.93 0.92 0.93 0.92 22222
20150325 0.92 0.93 0.93 0.92 2512
20150326 0.93 0.94 0.94 0.93 10713
20150327 0.94 0.93 0.94 0.93 5054
20150330 0.93 0.94 0.94 0.93 6922
20150331 0.93 0.94 0.95 0.93 33299
20150401 0.93 0.93 0.94 0.93 4892
20150402 0.94 0.94 0.94 0.94 4503
20150403 0.94 0.99 1.01 0.94 74053
20150407 0.99 1.06 1.09 0.99 160762
20150408 1.07 1.09 1.12 1.07 129259
20150409 1.17 1.15 1.20 1.10 213611
20150410 1.04 1.06 1.09 1.04 2570259
20150413 1.05 1.00 1.08 1.00 2657451
20150414 1.00 0.95 1.00 0.94 816565
20150415 0.95 0.93 0.96 0.93 660050
20150416 0.93 0.94 0.95 0.93 372826
20150417 0.95 0.95 0.95 0.94 273357
20150420 0.95 0.93 0.95 0.93 239997
20150421 0.93 0.94 0.94 0.93 138236
20150422 0.94 0.95 0.96 0.94 196435
20150423 0.95 0.94 0.95 0.94 141355
20150424 0.96 0.95 0.96 0.94 276494
20150427 0.96 0.97 0.97 0.95 257446
20150428 0.97 0.96 0.97 0.95 151372
20150429 0.96 0.97 0.97 0.96 107573
20150430 0.97 0.97 0.97 0.96 63075
20150504 0.96 0.96 0.97 0.96 41620
20150505 0.96 0.94 0.96 0.94 92909
20150506 0.95 0.95 0.96 0.95 107478
20150507 0.94 0.94 0.95 0.94 38042
20150508 0.94 0.94 0.94 0.93 31637
20150511 0.94 0.94 0.94 0.93 62622
20150512 0.94 0.94 0.94 0.94 35419
20150513 0.95 0.95 0.95 0.95 52073
20150514 0.95 0.95 0.95 0.95 30648
20150515 0.96 0.97 0.97 0.96 61918
20150518 0.97 0.97 0.97 0.97 40751
20150519 0.97 0.97 0.97 0.97 28701
20150520 0.98 0.98 0.99 0.98 49976
20150521 0.99 0.99 0.99 0.99 35347
20150522 1.00 1.00 1.00 0.99 45646
20150525 1.01 1.05 1.07 1.01 152739
20150526 1.07 1.02 1.07 1.01 76297
20150527 1.02 1.01 1.02 1.00 45756
20150528 1.01 0.99 1.01 0.98 127586
20150529 0.99 1.00 1.00 0.98 33724
20150601 0.99 1.00 1.00 0.99 26058
20150602 1.00 0.99 1.00 0.99 11116
20150603 0.99 1.00 1.00 0.99 24543
20150604 1.00 0.98 1.00 0.97 13051
20150605 0.98 0.98 0.99 0.98 10189
20150608 0.98 0.99 1.00 0.98 14377
20150609 1.00 0.99 1.00 0.98 6071
20150610 0.98 0.98 0.98 0.97 17135
20150611 0.97 0.96 0.97 0.96 6533
20150612 0.96 0.96 0.96 0.96 25985
20150615 0.96 0.96 0.97 0.96 5940
20150616 0.96 0.99 1.00 0.95 35980
20150617 0.99 0.99 1.00 0.95 32158
20150618 0.99 0.96 0.99 0.96 15389
20150619 0.96 0.95 0.98 0.94 17679
20150623 0.95 0.95 0.96 0.94 11498
20150624 0.95 0.95 0.96 0.95 7972
20150625 0.96 0.95 0.96 0.94 7669
20150626 0.95 0.93 0.96 0.93 22918
20150629 0.93 0.90 0.96 0.90 24189
20150630 0.89 0.92 0.94 0.89 18624
20150701 0.92 0.89 0.93 0.89 10333
20150702 0.90 0.88 0.90 0.87 12221
20150703 0.87 0.88 0.88 0.85 20707
20150706 0.88 0.84 0.93 0.83 27742
20150707 0.84 0.80 0.84 0.80 7873
20150708 0.80 0.72 0.80 0.72 13114
20150709 0.72 0.79 0.79 0.71 51513
20150710 0.79 0.84 0.86 0.79 76891
20150713 0.88 0.92 0.93 0.85 95757
20150714 0.93 0.93 1.01 0.93 254850
20150715 0.89 0.86 0.96 0.86 188689
20150716 0.86 0.84 0.88 0.84 160595
20150717 0.85 0.86 0.88 0.85 150345
20150720 0.86 0.86 0.87 0.86 67222
20150721 0.86 0.87 0.88 0.86 51453
20150722 0.87 0.87 0.88 0.86 39255
20150723 0.87 0.88 0.89 0.87 41264
20150724 0.89 0.89 0.90 0.86 36428
20150727 0.89 0.84 0.98 0.82 252523
20150728 0.85 0.84 0.89 0.83 123394
20150729 0.85 0.85 0.88 0.84 51665
20150730 0.85 0.83 0.90 0.82 133553
