20140103 0.71 0.71 0.71 0.71 34
20140106 0.71 0.71 0.71 0.71 147
20140107 0.71 0.71 0.71 0.71 16
20140108 0.70 0.70 0.70 0.70 218
20140109 0.75 0.75 0.75 0.75 10
20140110 0.74 0.74 0.74 0.70 319
20140113 0.74 0.74 0.74 0.74 224
20140114 0.71 0.73 0.73 0.71 137
20140115 0.73 0.72 0.73 0.72 93
20140116 0.72 0.70 0.72 0.70 69
20140117 0.70 0.67 0.70 0.67 818
20140120 0.67 0.66 0.69 0.66 360
20140121 0.65 0.67 0.67 0.65 419
20140122 0.68 0.69 0.70 0.68 898
20140123 0.68 0.71 0.71 0.68 52
20140124 0.75 0.73 0.75 0.70 236
20140127 0.73 0.73 0.73 0.73 150
20140128 0.70 0.70 0.73 0.70 609
20140129 0.71 0.72 0.72 0.71 415
20140130 0.71 0.71 0.71 0.71 982
20140207 0.71 0.71 0.71 0.71 147
20140210 0.73 0.73 0.74 0.73 679
20140211 0.73 0.73 0.73 0.73 200
20140212 0.73 0.73 0.73 0.73 21
20140214 0.71 0.75 0.75 0.71 23
20140217 0.75 0.72 0.75 0.72 136
20140218 0.74 0.73 0.74 0.73 167
20140219 0.75 0.75 0.75 0.75 171
20140220 0.73 0.74 0.74 0.73 74
20140221 0.72 0.72 0.74 0.72 81
20140224 0.71 0.73 0.73 0.71 739
20140225 0.74 0.73 0.74 0.73 2873
20140226 0.71 0.71 0.71 0.71 315
20140227 0.71 0.71 0.71 0.71 703
20140228 0.69 0.70 0.72 0.68 2586
20140303 0.69 0.72 0.72 0.69 764
20140304 0.69 0.71 0.72 0.69 706
20140305 0.71 0.71 0.71 0.71 31
20140306 0.72 0.76 0.77 0.72 1364
20140307 0.74 0.74 0.74 0.74 105
20140310 0.78 0.76 0.78 0.68 366
20140311 0.76 0.75 0.76 0.75 4
20140312 0.70 0.70 0.70 0.70 153
20140313 0.69 0.70 0.75 0.69 203
20140314 0.70 0.71 0.71 0.70 178
20140317 0.75 0.75 0.75 0.75 262
20140318 0.73 0.73 0.73 0.73 176
20140319 0.77 0.73 0.77 0.73 45
20140320 0.73 0.76 0.76 0.72 8
20140321 0.74 0.74 0.74 0.72 486
20140324 0.72 0.77 0.77 0.72 49
20140325 0.71 0.72 0.78 0.71 37
20140326 0.71 0.71 0.71 0.71 62
20140327 0.71 0.70 0.71 0.70 58
20140328 0.70 0.69 0.70 0.69 26
20140401 0.75 0.67 0.75 0.67 2
20140402 0.70 0.69 0.70 0.69 317
20140403 0.68 0.68 0.68 0.68 2
20140404 0.70 0.70 0.70 0.70 206
20140408 0.70 0.70 0.70 0.70 261
20140410 0.70 0.70 0.70 0.70 1051
20140411 0.75 0.74 0.75 0.74 1994
20140414 0.68 0.71 0.74 0.67 1306
20140415 0.69 0.70 0.70 0.69 1415
20140416 0.71 0.69 0.71 0.69 896
20140417 0.69 0.69 0.69 0.69 158
20140418 0.71 0.71 0.71 0.71 1
20140421 0.70 0.70 0.70 0.68 743
20140422 0.70 0.69 0.73 0.68 59
20140424 0.68 0.69 0.69 0.68 37
20140425 0.69 0.70 0.70 0.67 383
20140428 0.75 0.71 0.75 0.67 191
20140429 0.71 0.71 0.71 0.67 289
20140430 0.67 0.67 0.67 0.67 529
20140505 0.67 0.70 0.71 0.67 561
20140506 0.66 0.68 0.70 0.66 698
20140507 0.67 0.68 0.68 0.67 698
20140508 0.65 0.69 0.70 0.65 56
20140509 0.66 0.70 0.70 0.66 1188
20140512 0.72 0.70 0.72 0.67 36
20140513 0.67 0.70 0.70 0.67 1518
20140514 0.69 0.69 0.69 0.67 145
20140515 0.66 0.67 0.68 0.66 677
20140516 0.67 0.68 0.68 0.66 1630
20140519 0.65 0.66 0.66 0.65 1031
20140520 0.66 0.66 0.66 0.66 1645
20140521 0.65 0.66 0.66 0.65 487
20140522 0.66 0.66 0.66 0.66 1113
20140523 0.66 0.67 0.67 0.66 520
20140526 0.67 0.67 0.67 0.67 489
20140527 0.68 0.67 0.68 0.66 79
20140528 0.66 0.68 0.68 0.66 315
20140529 0.67 0.67 0.68 0.67 547
20140530 0.71 0.68 0.71 0.65 211
20140604 0.69 0.69 0.69 0.69 1
20140605 0.70 0.69 0.70 0.69 16
20140606 0.68 0.68 0.68 0.67 61
20140609 0.67 0.69 0.69 0.67 167
20140610 0.67 0.69 0.69 0.66 167
20140611 0.66 0.67 0.68 0.66 42
20140612 0.67 0.67 0.69 0.67 640
20140613 0.69 0.69 0.70 0.69 4400
20140616 0.69 0.68 0.71 0.68 367
20140617 0.69 0.71 0.71 0.69 281
20140618 0.68 0.69 0.69 0.67 84
20140619 0.68 0.69 0.69 0.66 246
20140620 0.70 0.70 0.70 0.70 1
20140623 0.70 0.69 0.70 0.69 12
20140624 0.71 0.69 0.71 0.68 451
20140625 0.70 0.70 0.70 0.70 4
20140626 0.70 0.69 0.70 0.68 2387
20140627 0.69 0.69 0.70 0.67 2650
20140630 0.69 0.70 0.70 0.69 2022
20140701 0.70 0.70 0.70 0.69 757
20140702 0.70 0.71 0.71 0.70 316
20140703 0.71 0.72 0.72 0.71 727
20140704 0.70 0.70 0.70 0.70 80
20140707 0.70 0.70 0.70 0.70 424
20140708 0.70 0.70 0.70 0.70 365
20140710 0.69 0.69 0.71 0.69 406
20140711 0.69 0.69 0.69 0.69 275
20140714 0.69 0.70 0.70 0.69 41
20140716 0.70 0.70 0.70 0.70 110
20140717 0.68 0.68 0.68 0.68 140
20140718 0.68 0.68 0.68 0.68 400
20140722 0.71 0.71 0.71 0.71 3
20140724 0.68 0.71 0.71 0.68 31
20140725 0.69 0.69 0.69 0.69 12
20140728 0.70 0.71 0.71 0.70 282
20140729 0.71 0.71 0.71 0.71 181
20140730 0.71 0.72 0.72 0.71 422
20140731 0.72 0.72 0.72 0.72 488
20140801 0.72 0.74 0.74 0.72 366
20140804 0.71 0.73 0.73 0.71 33
20140805 0.72 0.73 0.74 0.72 305
20140806 0.73 0.73 0.73 0.73 10
20140807 0.74 0.74 0.74 0.73 837
20140808 0.74 0.74 0.74 0.74 49
20140811 0.73 0.74 0.74 0.73 300
20140812 0.75 0.74 0.75 0.74 215
20140813 0.74 0.74 0.74 0.74 293
20140814 0.74 0.74 0.75 0.71 4591
20140815 0.73 0.74 0.74 0.73 493
20140818 0.74 0.75 0.75 0.74 1434
20140819 0.75 0.75 0.75 0.75 60
20140820 0.75 0.75 0.75 0.75 423
20140821 0.75 0.75 0.75 0.75 129
20140822 0.75 0.76 0.76 0.75 220
20140825 0.78 0.80 0.80 0.74 2383
20140826 0.75 0.76 0.79 0.75 157
20140827 0.73 0.74 0.74 0.73 6
20140828 0.74 0.74 0.74 0.74 90
20140901 0.75 0.75 0.75 0.75 48
20140902 0.76 0.76 0.76 0.76 5
20140903 0.77 0.77 0.77 0.77 381
20140904 0.79 0.79 0.79 0.77 161
20140909 0.78 0.79 0.79 0.78 72
20140910 0.79 0.80 0.80 0.79 1338
20140911 0.79 0.79 0.80 0.79 504
20140912 0.78 0.79 0.79 0.77 766
20140915 0.80 0.79 0.80 0.79 885
20140916 0.72 0.77 0.79 0.72 535
20140917 0.76 0.76 0.81 0.76 330
20140918 0.77 0.77 0.80 0.77 443
20140919 0.78 0.78 0.78 0.78 944
20140922 0.78 0.79 0.80 0.78 1261
20140923 0.80 0.80 0.81 0.78 1343
20140924 0.78 0.80 0.81 0.78 604
20140925 0.81 0.78 0.81 0.78 3917
20140926 0.78 0.81 0.81 0.78 37
20140929 0.81 0.81 0.81 0.80 1751
20140930 0.81 0.83 0.83 0.81 1228
20141008 0.82 0.82 0.83 0.80 618
20141009 0.82 0.81 0.82 0.80 786
20141010 0.80 0.79 0.81 0.79 6234
20141013 0.79 0.79 0.79 0.79 311
20141014 0.79 0.79 0.80 0.78 1727
20141015 0.79 0.79 0.79 0.78 720
20141016 0.79 0.79 0.79 0.79 625
20141017 0.77 0.77 0.77 0.77 1327
20141020 0.77 0.77 0.77 0.77 51
20141021 0.79 0.77 0.79 0.77 478
20141022 0.79 0.75 0.79 0.75 220
20141023 0.77 0.77 0.77 0.77 2
20141024 0.77 0.77 0.77 0.76 250
20141027 0.77 0.77 0.77 0.77 92
20141028 0.79 0.79 0.79 0.79 554
20141029 0.78 0.79 0.80 0.78 413
20141030 0.79 0.79 0.79 0.78 2179
20141031 0.77 0.80 0.80 0.77 3329
20141103 0.80 0.81 0.81 0.80 3353
20141104 0.80 0.78 0.80 0.78 1094
20141105 0.78 0.78 0.78 0.78 921
20141106 0.77 0.78 0.78 0.77 332
20141107 0.78 0.78 0.80 0.78 787
20141110 0.78 0.81 0.81 0.78 1060
20141111 0.81 0.80 0.81 0.78 1330
20141113 0.80 0.80 0.85 0.78 470
20141114 0.77 0.80 0.80 0.77 55
20141117 0.77 0.80 0.80 0.77 29
20141118 0.78 0.78 0.79 0.78 482
20141119 0.81 0.79 0.81 0.76 147
20141121 0.79 0.79 0.79 0.77 1460
20141124 0.81 0.80 0.81 0.79 2555
20141125 0.80 0.80 0.80 0.80 224
20141126 0.80 0.80 0.84 0.77 897
20141127 0.80 0.80 0.80 0.80 566
20141128 0.80 0.81 0.81 0.80 1046
20141201 0.82 0.81 0.82 0.80 1059
20141202 0.81 0.83 0.83 0.81 3617
20141203 0.83 0.85 0.85 0.82 3279
20141204 0.84 0.86 0.86 0.84 4477
20141205 0.87 0.87 0.87 0.85 4356
20141208 0.87 0.87 0.88 0.86 2002
20141209 0.84 0.85 0.88 0.84 1056
20141210 0.85 0.87 0.87 0.82 1310
20141211 0.87 0.85 0.87 0.84 454
20141212 0.87 0.87 0.87 0.86 1031
20141215 0.84 0.90 0.91 0.84 2048
20141216 0.91 0.90 0.91 0.88 564
20141217 0.88 0.91 0.92 0.88 2031
20141218 0.92 0.89 0.92 0.89 453
20141219 0.89 0.90 0.94 0.84 1726
20141222 0.87 0.91 0.91 0.86 780
20141223 0.90 0.88 0.90 0.85 261
20141224 0.92 0.89 0.92 0.84 527
20141225 0.84 0.86 0.88 0.84 655
20141226 0.86 0.90 0.90 0.86 1522
20141229 0.90 0.87 0.90 0.86 569
20141230 0.86 0.86 0.87 0.85 260
20141231 0.86 0.88 0.88 0.85 98
20150105 0.88 0.86 0.90 0.85 812
20150106 0.85 0.87 0.89 0.85 464
20150107 0.88 0.87 0.90 0.85 808
20150108 0.86 0.86 0.87 0.84 1289
20150109 0.94 0.86 0.94 0.86 2349
20150112 0.85 0.85 0.88 0.85 261
20150113 0.88 0.87 0.88 0.85 249
20150114 0.86 0.86 0.86 0.86 516
20150115 0.85 0.86 0.87 0.85 480
20150116 0.85 0.87 0.88 0.85 1632
20150119 0.87 0.84 0.92 0.84 1099
20150120 0.85 0.89 0.89 0.85 2578
20150121 0.89 0.91 0.92 0.89 1740
20150122 0.92 0.92 0.92 0.91 1653
20150123 0.91 0.91 0.96 0.90 2199
20150126 0.91 0.93 0.94 0.91 163
20150127 0.93 0.92 0.95 0.91 3511
20150128 0.94 0.92 0.94 0.91 511
20150129 0.92 0.91 0.92 0.90 62
20150202 0.90 0.90 0.90 0.90 126
20150203 0.90 0.92 0.96 0.90 2813
20150204 0.92 0.94 0.95 0.92 1537
20150205 0.94 0.92 0.95 0.92 333
20150206 0.94 0.92 0.94 0.92 663
20150209 0.92 0.92 0.92 0.92 110
20150210 0.92 0.92 0.92 0.92 74
20150211 0.92 0.95 0.95 0.92 1125
20150212 0.96 0.97 0.97 0.95 3748
20150213 0.98 1.01 1.06 0.98 2473
20150216 1.00 1.06 1.06 1.00 1736
20150217 1.05 1.03 1.05 1.01 2357
20150225 1.03 1.01 1.03 1.01 6673
20150226 1.02 1.02 1.02 0.99 1483
20150227 1.01 1.01 1.03 1.01 1949
20150302 1.03 1.03 1.03 1.02 2699
20150303 1.02 1.03 1.04 1.02 4350
20150304 1.02 1.05 1.06 1.02 2140
20150305 1.05 1.04 1.05 1.04 972
20150306 1.04 1.03 1.04 1.03 2420
20150309 1.01 1.02 1.02 1.00 2209
20150310 1.02 1.02 1.02 1.01 1366
20150311 1.02 1.02 1.04 1.01 1564
20150312 1.01 1.01 1.03 1.00 6233
20150313 1.01 1.03 1.04 1.01 5736
20150316 1.11 1.06 1.11 1.05 4570
20150317 1.09 1.07 1.09 1.07 7086
20150318 1.07 1.08 1.09 1.07 4368
20150319 1.08 1.07 1.09 1.07 4640
20150320 1.09 1.09 1.09 1.07 6721
20150323 1.09 1.11 1.12 1.09 10610
20150324 1.11 1.13 1.13 1.10 8366
20150325 1.13 1.15 1.16 1.13 13953
20150326 1.15 1.16 1.16 1.14 6299
20150327 1.15 1.16 1.20 1.14 4711
20150330 1.16 1.18 1.19 1.16 6026
20150331 1.19 1.17 1.19 1.15 6005
20150401 1.16 1.20 1.20 1.16 3319
20150402 1.20 1.29 1.32 1.20 11498
20150403 1.29 1.42 1.42 1.29 28304
20150407 1.43 1.56 1.56 1.43 45311
20150408 1.64 1.71 1.71 1.63 56597
20150409 1.66 1.54 1.66 1.54 15052
20150410 1.38 1.38 1.38 1.38 13286
20150413 1.36 1.40 1.47 1.25 36328
20150414 1.40 1.34 1.40 1.32 25277
20150415 1.34 1.27 1.34 1.27 33620
20150416 1.27 1.26 1.27 1.22 10523
20150417 1.26 1.31 1.34 1.26 23107
20150420 1.31 1.26 1.31 1.25 14996
20150421 1.23 1.27 1.28 1.23 10021
20150422 1.27 1.30 1.30 1.27 14402
20150423 1.30 1.33 1.35 1.30 12318
20150424 1.33 1.32 1.35 1.32 12563
20150427 1.32 1.31 1.32 1.29 9991
20150428 1.31 1.27 1.32 1.27 8425
20150429 1.30 1.27 1.30 1.26 12798
20150430 1.27 1.28 1.29 1.26 11924
20150504 1.28 1.28 1.30 1.28 9436
20150505 1.28 1.25 1.28 1.24 10608
20150506 1.24 1.26 1.29 1.24 16969
20150507 1.26 1.26 1.28 1.24 22566
20150508 1.26 1.33 1.33 1.26 19439
20150511 1.34 1.41 1.41 1.34 19122
20150512 1.42 1.46 1.48 1.42 18188
20150513 1.46 1.45 1.48 1.44 11204
20150514 1.45 1.43 1.47 1.43 8219
20150515 1.41 1.41 1.43 1.38 10280
20150518 1.42 1.47 1.48 1.42 15593
20150519 1.49 1.52 1.53 1.48 9410
20150520 1.52 1.54 1.57 1.50 14246
20150521 1.54 1.58 1.58 1.54 7276
20150522 1.58 1.59 1.64 1.58 9918
20150525 1.57 1.58 1.60 1.51 11767
20150526 1.58 1.63 1.63 1.58 13825
20150527 1.63 1.63 1.64 1.61 11633
20150528 1.63 1.55 1.63 1.54 10177
20150529 1.55 1.55 1.58 1.45 11827
20150601 1.58 1.63 1.63 1.56 13736
20150602 1.64 1.70 1.70 1.64 10420
20150603 1.70 1.72 1.72 1.63 7570
20150604 1.73 1.73 1.78 1.60 13318
20150605 1.73 1.74 1.78 1.71 7785
20150608 1.73 1.67 1.73 1.66 8970
20150609 1.63 1.66 1.67 1.63 4730
20150610 1.65 1.69 1.69 1.62 10893
20150611 1.70 1.70 1.73 1.68 5471
20150612 1.70 1.73 1.73 1.70 7934
20150615 1.73 1.69 1.76 1.67 6520
20150616 1.69 1.65 1.72 1.61 4536
20150617 1.60 1.68 1.69 1.60 2821
20150618 1.66 1.65 1.70 1.61 2114
20150619 1.62 1.54 1.62 1.51 3974
20150623 1.56 1.54 1.56 1.47 2629
20150624 1.51 1.56 1.57 1.51 2916
20150625 1.56 1.51 1.57 1.51 2911
20150626 1.46 1.36 1.50 1.36 4124
20150629 1.36 1.30 1.42 1.23 6778
20150630 1.23 1.36 1.40 1.18 3931
20150701 1.36 1.32 1.38 1.26 2445
20150702 1.32 1.21 1.32 1.20 3487
20150703 1.21 1.13 1.21 1.10 4334
20150706 1.24 1.15 1.24 1.13 4885
20150707 1.10 1.03 1.10 1.03 1749
20150708 0.93 0.93 0.93 0.93 1172
20150709 0.84 1.02 1.02 0.84 7381
20150710 1.02 1.13 1.13 1.02 6883
20150713 1.14 1.24 1.24 1.14 7438
20150714 1.23 1.17 1.23 1.16 24038
20150715 1.17 1.09 1.17 1.07 7317
20150716 1.08 1.12 1.13 1.04 5775
20150717 1.17 1.17 1.17 1.07 15553
20150720 1.18 1.21 1.22 1.17 10579
20150721 1.21 1.25 1.26 1.17 9408
20150722 1.22 1.27 1.27 1.22 13584
20150723 1.25 1.32 1.32 1.25 7762
20150724 1.32 1.29 1.33 1.29 5577
20150727 1.28 1.20 1.30 1.20 8343
20150728 1.20 1.16 1.20 1.13 3004
20150729 1.13 1.18 1.19 1.13 3633
20150730 1.18 1.15 1.21 1.15 5453
