20140102 1.39 1.40 1.40 1.39 3554
20140103 1.40 1.44 1.44 1.40 5844
20140106 1.42 1.42 1.44 1.40 2978
20140107 1.39 1.45 1.45 1.39 1819
20140108 1.44 1.49 1.49 1.44 4175
20140109 1.47 1.47 1.50 1.47 7856
20140110 1.51 1.42 1.51 1.38 2971
20140113 1.49 1.48 1.49 1.47 3773
20140114 1.47 1.49 1.50 1.47 2250
20140115 1.48 1.49 1.50 1.48 2242
20140116 1.52 1.51 1.54 1.51 3674
20140117 1.53 1.52 1.53 1.50 3460
20140120 1.52 1.52 1.53 1.48 5338
20140121 1.50 1.52 1.52 1.50 4764
20140122 1.54 1.58 1.58 1.54 7566
20140123 1.59 1.64 1.64 1.58 12466
20140124 1.64 1.69 1.70 1.63 12037
20140127 1.69 1.76 1.79 1.69 15355
20140128 1.73 1.73 1.77 1.71 13288
20140129 1.72 1.79 1.86 1.70 12611
20140130 1.79 1.86 1.88 1.77 17918
20140207 1.82 2.01 2.03 1.82 32546
20140210 2.01 2.21 2.21 2.01 44628
20140211 1.99 2.03 2.20 1.99 56842
20140212 1.93 1.95 1.95 1.91 124974
20140213 1.94 1.91 1.95 1.91 70015
20140214 1.88 1.92 1.93 1.86 49758
20140217 1.93 2.02 2.06 1.93 75131
20140218 2.02 2.03 2.04 2.00 68183
20140219 2.00 2.01 2.03 1.99 46521
20140220 2.01 1.96 2.02 1.90 38071
20140221 1.97 2.00 2.03 1.97 41761
20140224 1.98 2.01 2.01 1.96 45421
20140225 2.02 1.98 2.06 1.98 90399
20140226 1.95 1.98 1.98 1.92 34551
20140227 1.97 1.89 1.98 1.87 65097
20140228 1.84 1.89 1.89 1.81 45824
20140303 1.88 1.90 1.90 1.87 32561
20140304 1.90 1.90 1.91 1.88 28193
20140305 1.92 1.91 1.93 1.91 30291
20140306 1.92 1.93 1.93 1.90 31230
20140307 1.93 1.92 1.94 1.92 24727
20140310 1.91 1.86 1.91 1.86 27879
20140311 1.86 1.84 1.87 1.83 16596
20140312 1.83 1.83 1.86 1.82 15725
20140313 1.83 1.87 1.88 1.83 19548
20140314 1.88 1.88 1.89 1.87 21984
20140317 1.89 1.96 1.96 1.88 34840
20140318 1.96 1.97 2.00 1.95 43791
20140319 1.96 1.96 1.98 1.95 29319
20140320 1.96 1.90 1.97 1.89 28494
20140321 1.88 1.95 1.96 1.88 25377
20140324 1.94 1.92 1.94 1.92 21965
20140325 1.91 1.92 1.94 1.91 12574
20140326 1.92 1.93 1.94 1.91 13585
20140327 1.92 1.88 1.93 1.88 23667
20140328 1.87 1.83 1.87 1.83 26109
20140331 1.81 1.78 1.82 1.76 15951
20140401 1.78 1.83 1.83 1.78 14005
20140402 1.83 1.80 1.84 1.79 18339
20140403 1.78 1.80 1.82 1.78 12419
20140404 1.79 1.82 1.82 1.79 12419
20140408 1.82 1.82 1.82 1.78 13869
20140409 1.81 1.82 1.84 1.81 16252
20140410 1.82 1.82 1.83 1.81 23363
20140411 1.82 1.80 1.82 1.78 15509
20140414 1.80 1.79 1.80 1.78 9898
20140415 1.78 1.73 1.78 1.73 21908
20140416 1.75 1.75 1.78 1.75 15675
20140417 1.76 1.75 1.77 1.75 11128
20140418 1.75 1.76 1.77 1.75 7497
20140421 1.76 1.73 1.76 1.73 26851
20140422 1.73 1.68 1.73 1.65 25058
20140423 1.68 1.64 1.68 1.64 16558
20140424 1.64 1.63 1.65 1.62 18024
20140425 1.63 1.60 1.64 1.60 12328
20140428 1.60 1.56 1.60 1.55 17002
20140429 1.56 1.58 1.59 1.56 15177
20140430 1.58 1.59 1.60 1.58 11013
20140505 1.59 1.62 1.62 1.59 11291
20140506 1.62 1.65 1.67 1.62 13643
20140507 1.64 1.62 1.64 1.62 9776
20140508 1.62 1.61 1.63 1.61 7210
20140509 1.61 1.57 1.62 1.56 6198
20140512 1.57 1.61 1.62 1.57 11671
20140513 1.60 1.59 1.61 1.59 4343
20140514 1.59 1.58 1.59 1.58 3697
20140515 1.58 1.54 1.58 1.52 8599
20140516 1.54 1.52 1.55 1.50 7162
20140519 1.45 1.50 1.51 1.45 2698
20140520 1.54 1.55 1.56 1.51 10500
20140521 1.55 1.56 1.56 1.52 5712
20140522 1.56 1.58 1.58 1.56 6722
20140523 1.58 1.62 1.62 1.58 10293
20140526 1.62 1.64 1.65 1.62 14065
20140527 1.62 1.61 1.62 1.60 10548
20140528 1.60 1.64 1.64 1.60 10879
20140529 1.65 1.62 1.65 1.62 8319
20140530 1.62 1.64 1.64 1.61 7539
20140603 1.64 1.64 1.65 1.64 7100
20140604 1.64 1.62 1.64 1.60 7414
20140605 1.62 1.65 1.65 1.62 8245
20140606 1.65 1.65 1.67 1.63 11416
20140609 1.64 1.63 1.66 1.63 9294
20140610 1.64 1.66 1.66 1.63 10061
20140611 1.66 1.67 1.68 1.65 12695
20140612 1.68 1.70 1.70 1.68 18642
20140613 1.70 1.72 1.73 1.68 12689
20140616 1.73 1.76 1.77 1.72 23020
20140617 1.82 1.77 1.82 1.76 47241
20140618 1.74 1.75 1.79 1.74 13242
20140619 1.74 1.69 1.78 1.68 26704
20140620 1.68 1.69 1.69 1.67 11602
20140623 1.69 1.72 1.72 1.67 11277
20140624 1.73 1.74 1.75 1.72 10919
20140625 1.74 1.73 1.75 1.71 10096
20140626 1.71 1.77 1.77 1.71 14168
20140627 1.77 1.77 1.78 1.75 10955
20140630 1.77 1.76 1.78 1.75 13086
20140701 1.77 1.76 1.77 1.76 12200
20140702 1.76 1.77 1.78 1.75 13944
20140703 1.77 1.78 1.79 1.76 13746
20140704 1.78 1.76 1.79 1.75 17312
20140707 1.75 1.73 1.76 1.72 15588
20140708 1.73 1.76 1.76 1.71 21439
20140709 1.75 1.73 1.76 1.73 12267
20140710 1.74 1.72 1.74 1.71 12873
20140711 1.71 1.70 1.73 1.70 13218
20140714 1.68 1.68 1.70 1.66 23454
20140715 1.68 1.65 1.68 1.64 16207
20140716 1.65 1.63 1.66 1.63 10250
20140717 1.62 1.61 1.63 1.60 6477
20140718 1.61 1.62 1.62 1.58 10203
20140721 1.62 1.61 1.62 1.58 8468
20140722 1.61 1.63 1.63 1.61 10072
20140723 1.63 1.60 1.63 1.59 8832
20140724 1.60 1.58 1.60 1.57 9511
20140725 1.58 1.60 1.60 1.57 9541
20140728 1.61 1.63 1.63 1.61 13952
20140729 1.62 1.62 1.64 1.61 15591
20140730 1.62 1.62 1.63 1.61 10948
20140731 1.62 1.62 1.63 1.61 25475
20140801 1.62 1.60 1.62 1.60 15142
20140804 1.60 1.60 1.61 1.60 14416
20140805 1.60 1.64 1.65 1.59 29067
20140806 1.64 1.64 1.65 1.62 22700
20140807 1.64 1.64 1.66 1.64 20611
20140808 1.65 1.66 1.66 1.64 19020
20140811 1.66 1.67 1.67 1.65 14915
20140812 1.66 1.66 1.67 1.66 7330
20140813 1.67 1.65 1.67 1.63 11322
20140814 1.65 1.64 1.65 1.64 8278
20140815 1.63 1.65 1.65 1.63 11641
20140818 1.66 1.71 1.71 1.65 27268
20140819 1.72 1.72 1.74 1.71 23432
20140820 1.72 1.70 1.72 1.70 18233
20140821 1.70 1.71 1.71 1.69 12321
20140822 1.70 1.72 1.72 1.70 8157
20140825 1.71 1.69 1.71 1.69 10904
20140826 1.69 1.66 1.70 1.65 8898
20140827 1.65 1.68 1.68 1.65 6306
20140828 1.68 1.67 1.68 1.66 8223
20140829 1.67 1.69 1.69 1.66 13072
20140901 1.69 1.71 1.71 1.69 7277
20140902 1.72 1.72 1.72 1.71 12328
20140903 1.72 1.72 1.73 1.71 17129
20140904 1.73 1.76 1.76 1.73 12950
20140905 1.77 1.75 1.77 1.74 10724
20140909 1.75 1.75 1.76 1.73 6934
20140910 1.76 1.77 1.77 1.75 14938
20140911 1.78 1.78 1.79 1.77 11553
20140912 1.77 1.77 1.77 1.76 7843
20140915 1.77 1.76 1.77 1.76 10134
20140916 1.77 1.72 1.77 1.72 12049
20140917 1.72 1.71 1.72 1.69 14054
20140918 1.70 1.72 1.73 1.70 8511
20140919 1.73 1.74 1.74 1.73 5053
20140922 1.74 1.72 1.74 1.72 4751
20140923 1.72 1.75 1.76 1.72 14123
20140924 1.77 1.79 1.79 1.77 18377
20140925 1.79 1.79 1.81 1.78 17490
20140926 1.79 1.80 1.80 1.79 14346
20140929 1.80 1.83 1.83 1.80 18060
20140930 1.83 1.86 1.86 1.82 16038
20141008 1.87 1.90 1.90 1.86 14716
20141009 1.90 1.88 1.90 1.86 14060
20141010 1.87 1.86 1.87 1.86 8661
20141013 1.86 1.87 1.87 1.83 12105
20141014 1.87 1.86 1.88 1.85 10478
20141015 1.86 1.87 1.87 1.85 6172
20141016 1.86 1.86 1.88 1.85 7464
20141017 1.86 1.84 1.86 1.82 8541
20141020 1.83 1.85 1.85 1.82 6679
20141021 1.85 1.84 1.85 1.83 5651
20141022 1.84 1.81 1.84 1.81 3510
20141023 1.81 1.80 1.82 1.78 8117
20141024 1.79 1.79 1.81 1.78 3168
20141027 1.79 1.82 1.83 1.78 6550
20141028 1.85 1.87 1.87 1.85 7793
20141029 1.88 1.89 1.89 1.88 8721
20141030 1.90 1.89 1.91 1.89 16042
20141031 1.89 1.86 1.89 1.85 7215
20141103 1.86 1.89 1.89 1.86 7272
20141104 1.88 1.87 1.90 1.87 6044
20141105 1.86 1.85 1.88 1.84 2795
20141106 1.86 1.88 1.88 1.85 6094
20141107 1.90 1.89 1.91 1.88 9452
20141110 1.89 1.91 1.91 1.89 8301
20141111 1.91 1.86 1.92 1.84 9526
20141112 1.86 1.89 1.89 1.86 3744
20141113 1.89 1.87 1.89 1.86 8031
20141114 1.86 1.85 1.88 1.84 9102
20141117 1.83 1.90 1.90 1.83 11203
20141118 1.89 1.91 1.91 1.89 11270
20141119 1.92 1.96 1.96 1.92 24941
20141120 1.96 1.96 1.96 1.94 16536
20141121 1.96 1.98 1.99 1.96 10727
20141124 2.00 2.01 2.03 1.99 11500
20141125 2.02 2.08 2.08 2.01 13490
20141126 2.08 2.12 2.13 2.07 9609
20141127 2.13 2.17 2.18 2.13 19118
20141128 2.17 2.18 2.18 2.15 18606
20141201 2.20 2.24 2.25 2.20 16753
20141202 2.24 2.37 2.37 2.21 22506
20141203 2.35 2.27 2.35 2.19 48390
20141204 2.24 2.33 2.34 2.21 28695
20141205 2.33 2.26 2.33 2.20 38302
20141208 2.25 2.18 2.25 2.15 33305
20141209 2.15 2.02 2.15 2.00 46509
20141210 2.00 2.08 2.10 1.95 24628
20141211 2.05 2.07 2.10 2.03 8947
20141212 2.08 2.09 2.10 2.07 9618
20141215 2.12 2.22 2.22 2.12 19337
20141216 2.22 2.21 2.27 2.18 15388
20141217 2.21 2.19 2.23 2.17 16194
20141218 2.22 2.21 2.23 2.20 7197
20141219 2.19 2.15 2.19 2.13 11128
20141222 2.15 2.05 2.15 2.05 15160
20141223 2.01 2.01 2.05 2.00 17005
20141224 2.01 2.02 2.05 2.01 5648
20141225 2.02 2.04 2.05 2.00 3336
20141226 2.04 2.04 2.05 2.02 9420
20141229 2.02 1.99 2.04 1.98 11070
20141230 1.95 1.94 1.98 1.94 8141
20141231 1.94 1.95 2.00 1.94 9262
20150105 1.94 1.93 1.94 1.90 11968
20150106 1.93 1.99 1.99 1.89 21526
20150107 1.98 1.96 1.98 1.94 10031
20150108 1.95 1.97 1.99 1.95 7704
20150109 1.92 1.96 1.98 1.92 6582
20150112 1.96 1.98 1.98 1.92 8166
20150113 1.97 1.98 1.98 1.95 7068
20150114 1.97 1.94 1.97 1.92 6343
20150115 1.93 1.96 1.97 1.93 6101
20150116 1.98 2.04 2.04 1.98 24206
20150119 2.01 1.97 2.03 1.95 24635
20150120 1.95 1.99 2.00 1.95 11785
20150121 1.99 2.02 2.02 1.97 18320
20150122 2.03 2.04 2.04 2.02 21353
20150123 2.04 2.02 2.05 2.01 13899
20150126 2.04 2.09 2.09 2.04 24089
20150127 2.08 2.07 2.08 2.04 18076
20150128 2.06 2.06 2.07 2.04 10936
20150129 2.02 2.04 2.05 2.02 8520
20150130 2.05 2.02 2.05 2.01 5033
20150202 2.02 1.99 2.02 1.99 5816
20150203 2.00 2.06 2.06 2.00 14459
20150204 2.06 2.04 2.06 2.04 8318
20150205 2.05 2.03 2.07 2.03 8138
20150206 2.01 2.00 2.02 1.99 4435
20150209 2.00 2.00 2.01 1.99 4067
20150210 1.99 2.02 2.02 1.99 6351
20150211 2.02 2.04 2.04 2.02 3705
20150212 2.06 2.04 2.06 2.03 6312
20150213 2.07 2.08 2.09 2.06 13467
20150216 2.08 2.12 2.13 2.08 9540
20150217 2.13 2.14 2.15 2.11 9915
20150225 2.14 2.14 2.15 2.13 7497
20150226 2.13 2.14 2.14 2.13 7248
20150227 2.14 2.17 2.17 2.13 13498
20150302 2.18 2.20 2.20 2.17 9432
20150303 2.19 2.18 2.20 2.16 9262
20150304 2.18 2.21 2.21 2.16 7029
20150305 2.22 2.22 2.25 2.22 17379
20150306 2.23 2.21 2.25 2.21 7792
20150309 2.19 2.25 2.25 2.19 11070
20150310 2.27 2.30 2.30 2.27 21698
20150311 2.34 2.34 2.35 2.33 30341
20150312 2.35 2.31 2.36 2.29 23985
20150313 2.33 2.39 2.41 2.33 27219
20150316 2.41 2.48 2.49 2.40 24573
20150317 2.50 2.48 2.50 2.44 11173
20150318 2.46 2.52 2.55 2.45 18108
20150319 2.52 2.50 2.52 2.41 15287
20150320 2.50 2.54 2.54 2.47 13437
20150323 2.52 2.57 2.58 2.52 12181
20150324 2.57 2.60 2.60 2.47 13645
20150325 2.57 2.59 2.61 2.57 5485
20150326 2.62 2.56 2.62 2.50 12160
20150327 2.58 2.63 2.63 2.58 6604
20150330 2.65 2.66 2.70 2.63 6949
20150331 2.66 2.69 2.72 2.66 7588
20150401 2.70 2.74 2.75 2.68 3122
20150402 2.80 2.79 2.80 2.76 2684
20150403 2.77 2.80 2.80 2.76 10227
20150407 2.82 2.87 2.91 2.82 4265
20150408 2.89 2.86 2.89 2.79 9801
20150409 2.78 2.81 2.86 2.60 15492
20150410 2.79 2.86 2.87 2.75 8271
20150413 2.89 2.94 2.95 2.89 9963
20150414 2.95 2.97 2.98 2.93 4579
20150415 2.94 2.84 2.94 2.83 6457
20150416 2.84 2.84 2.88 2.75 4608
20150417 2.84 2.86 2.87 2.84 7648
20150420 2.86 2.77 2.86 2.70 7514
20150421 2.77 2.87 2.87 2.76 7642
20150422 2.89 2.93 2.93 2.85 9214
20150423 2.93 2.96 2.96 2.93 5893
20150424 2.94 2.96 2.97 2.89 3686
20150427 2.97 2.98 3.01 2.97 4639
20150428 2.98 2.93 2.98 2.90 4258
20150429 2.90 2.94 2.95 2.90 5394
20150430 2.93 2.98 2.98 2.93 4973
20150504 2.97 2.97 2.97 2.90 1984
20150505 2.97 2.90 2.97 2.80 4191
20150506 2.90 2.92 3.00 2.90 6319
20150507 2.90 2.91 2.94 2.85 2778
20150508 2.97 2.96 2.97 2.89 2671
20150511 2.96 3.08 3.08 2.96 8024
20150512 3.08 3.09 3.10 3.05 3767
20150513 3.07 3.10 3.10 3.06 3556
20150514 3.12 3.09 3.14 3.08 1332
20150515 3.11 3.13 3.14 3.06 2975
20150518 3.14 3.19 3.20 3.11 1339
20150519 3.17 3.30 3.30 3.17 2220
20150520 3.40 3.35 3.40 3.29 1538
20150521 3.37 3.44 3.45 3.37 1582
20150522 3.54 3.50 3.56 3.42 4919
20150525 3.44 3.49 3.54 3.44 2816
20150526 3.49 3.58 3.64 3.40 1955
20150527 3.58 3.58 3.64 3.50 1749
20150528 3.61 3.40 3.61 3.40 2876
20150529 3.40 3.46 3.48 3.34 2559
20150601 3.42 3.55 3.57 3.42 3163
20150602 3.56 3.64 3.64 3.55 2272
20150603 3.64 3.65 3.65 3.53 2690
20150604 3.62 3.65 3.66 3.50 2745
20150605 3.75 3.64 3.75 3.61 1423
20150608 3.65 3.63 3.65 3.55 3163
20150609 3.66 3.62 3.66 3.61 1162
20150610 3.66 3.77 3.79 3.62 4764
20150611 3.75 3.77 3.77 3.72 3995
20150612 3.77 3.80 3.80 3.70 2997
20150615 2.60 2.68 2.76 2.60 3484
20150616 2.68 2.61 2.68 2.60 2203
20150617 2.60 2.66 2.70 2.58 4447
20150618 2.66 2.60 2.66 2.59 1715
20150619 2.60 2.50 2.70 2.49 2038
20150623 2.51 2.56 2.58 2.48 3278
20150624 2.53 2.62 2.62 2.52 5310
20150625 2.62 2.58 2.67 2.58 2924
20150626 2.52 2.32 2.60 2.32 3860
20150629 2.44 2.14 2.44 2.09 6409
20150630 2.20 2.33 2.36 2.09 6360
20150701 2.42 2.33 2.42 2.32 4798
20150702 2.33 2.34 2.43 2.28 7150
20150703 2.15 2.30 2.57 2.15 6778
20150706 2.48 2.37 2.53 2.21 7700
20150707 2.26 2.13 2.38 2.13 4813
20150708 1.92 1.92 1.92 1.92 2522
20150709 1.73 2.11 2.11 1.73 11371
20150710 2.20 2.32 2.32 2.11 9415
20150713 2.35 2.55 2.55 2.35 11838
20150714 2.49 2.44 2.55 2.33 19194
20150715 2.27 2.19 2.29 2.19 33460
20150716 2.10 2.24 2.30 2.03 9602
20150717 2.26 2.34 2.38 2.24 15289
20150720 2.35 2.37 2.42 2.31 12468
20150721 2.37 2.35 2.38 2.30 8841
20150722 2.35 2.37 2.39 2.34 7934
20150723 2.32 2.42 2.43 2.32 6605
20150724 2.43 2.40 2.48 2.40 12177
20150727 2.39 2.22 2.39 2.17 13657
20150728 2.19 2.24 2.26 2.05 9427
20150729 2.24 2.27 2.27 2.19 7615
20150730 2.27 2.22 2.29 2.22 6252
