20140102 3.90 3.90 3.93 3.89 524
20140103 3.85 3.78 3.92 3.75 3432
20140106 3.78 3.56 3.78 3.56 1993
20140107 3.59 3.54 3.59 3.51 1611
20140108 3.57 3.48 3.58 3.48 1279
20140109 3.52 3.52 3.52 3.48 1008
20140110 3.47 3.46 3.48 3.45 460
20140113 3.42 3.44 3.51 3.42 253
20140114 3.38 3.78 3.78 3.38 14631
20140115 3.80 4.12 4.13 3.70 10021
20140116 4.12 4.06 4.12 3.98 4454
20140117 4.06 4.35 4.36 4.00 20099
20140120 4.40 4.35 4.40 4.28 3962
20140121 4.38 4.35 4.40 4.31 2517
20140122 4.30 4.36 4.47 4.28 5130
20140123 4.36 4.35 4.37 4.22 2243
20140124 4.35 4.30 4.35 4.22 4074
20140127 4.22 4.29 4.31 4.15 1310
20140128 4.21 4.29 4.30 4.21 1188
20140129 4.25 4.47 4.51 4.25 6906
20140130 4.39 4.43 4.53 4.39 1944
20140207 4.38 4.56 4.56 4.35 5220
20140210 4.57 4.54 4.59 4.47 2576
20140211 4.55 4.60 4.60 4.52 2006
20140212 4.60 4.57 4.60 4.52 2158
20140213 4.52 4.48 4.57 4.46 1213
20140214 4.46 4.53 4.56 4.46 768
20140217 4.47 4.34 4.47 4.32 3682
20140218 4.33 4.32 4.37 4.26 1458
20140219 4.30 4.55 4.65 4.25 8326
20140220 4.53 4.54 4.58 4.48 2923
20140221 4.48 4.47 4.55 4.44 1854
20140224 4.40 4.41 4.46 4.31 702
20140225 4.41 4.40 4.52 4.30 1943
20140226 4.40 4.37 4.44 4.36 435
20140227 4.30 4.32 4.45 4.25 1100
20140228 4.36 4.47 4.52 4.35 1698
20140303 4.37 4.41 4.41 4.36 667
20140304 4.44 4.42 4.44 4.36 1393
20140305 4.42 4.34 4.42 4.32 810
20140306 4.33 4.39 4.39 4.33 700
20140307 4.32 4.36 4.36 4.30 379
20140310 4.29 4.26 4.29 4.21 523
20140311 4.26 4.22 4.28 4.20 583
20140312 4.18 4.18 4.26 4.16 623
20140313 4.25 4.24 4.25 4.16 295
20140314 4.24 4.24 4.25 4.19 209
20140317 4.30 4.31 4.33 4.20 395
20140318 4.33 4.32 4.39 4.28 944
20140319 4.30 4.32 4.35 4.26 196
20140320 4.25 4.21 4.32 4.21 528
20140321 4.21 4.28 4.28 4.21 423
20140324 4.21 4.17 4.24 4.05 1348
20140325 4.18 4.16 4.23 4.12 396
20140326 4.22 4.23 4.25 4.18 897
20140327 4.21 4.13 4.23 4.12 762
20140328 4.20 4.15 4.20 4.11 154
20140331 4.09 4.10 4.13 4.00 1080
20140401 4.13 4.08 4.13 4.02 621
20140402 4.03 4.08 4.10 4.02 392
20140403 4.06 4.02 4.10 4.01 677
20140404 3.97 4.12 4.26 3.91 3932
20140408 4.10 4.19 4.23 4.10 1265
20140409 4.24 4.20 4.24 4.15 440
20140410 4.15 4.21 4.23 4.15 668
20140411 4.15 4.18 4.24 4.11 720
20140414 4.18 4.14 4.20 4.13 185
20140415 4.12 4.18 4.19 4.12 337
20140416 4.12 4.19 4.20 4.12 559
20140417 4.13 4.42 4.53 4.12 177352
20140425 4.29 4.32 4.35 4.18 3314
20140428 4.21 4.27 4.31 4.18 1492
20140429 4.23 4.32 4.34 4.23 448
20140430 4.35 4.75 4.75 4.28 12241
20140505 4.80 4.72 4.80 4.65 1803
20140506 4.72 4.70 4.75 4.66 715
20140507 4.70 4.87 5.15 4.70 6308
20140508 4.99 4.82 4.99 4.78 1667
20140509 4.86 4.86 4.96 4.78 1785
20140512 4.95 4.82 4.96 4.81 1352
20140513 4.82 4.74 4.82 4.70 2092
20140514 4.78 4.75 4.78 4.70 604
20140515 4.78 4.75 4.78 4.64 590
20140516 4.66 4.74 4.78 4.66 262
20140519 4.67 4.72 4.75 4.65 654
20140520 4.66 4.70 4.74 4.65 339
20140521 4.66 4.72 4.74 4.65 1018
20140522 4.69 4.66 4.72 4.61 1585
20140523 4.70 4.66 4.70 4.56 598
20140526 4.68 4.70 4.72 4.67 198
20140527 4.74 4.72 4.74 4.63 236
20140528 4.73 4.71 4.73 4.65 181
20140529 4.65 4.70 4.71 4.62 96
20140530 4.71 4.62 4.79 4.62 464
20140603 4.74 4.64 4.74 4.60 294
20140604 4.64 4.74 4.76 4.64 3699
20140605 4.76 4.74 4.76 4.69 181
20140606 4.71 4.74 4.74 4.66 563
20140609 4.71 4.87 4.88 4.71 3684
20140610 4.86 4.87 4.88 4.82 896
20140611 4.93 5.07 5.25 4.88 12536
20140612 4.88 5.03 5.13 4.88 1415
20140613 5.03 5.07 5.07 4.94 598
20140616 5.06 5.08 5.10 5.06 462
20140617 5.03 4.95 5.03 4.92 1092
20140618 4.94 5.05 5.05 4.91 1390
20140619 5.05 4.96 5.05 4.96 702
20140620 4.96 4.95 4.96 4.89 941
20140623 4.98 5.00 5.02 4.96 292
20140624 5.00 5.02 5.04 4.97 421
20140625 5.03 5.05 5.09 4.98 1162
20140626 5.01 5.01 5.07 4.95 809
20140627 4.95 5.04 5.04 4.95 1130
20140630 5.09 5.01 5.09 4.93 281
20140701 5.01 5.00 5.01 4.97 484
20140702 5.04 5.01 5.04 4.96 697
20140703 5.02 5.00 5.02 4.94 570
20140704 5.00 4.95 5.00 4.93 439
20140707 4.93 4.96 4.96 4.88 815
20140708 4.95 4.96 4.97 4.94 261
20140709 4.95 4.96 4.98 4.93 285
20140710 4.93 4.94 4.95 4.90 657
20140711 4.94 4.95 4.95 4.92 589
20140714 4.92 4.94 4.95 4.92 504
20140715 4.92 4.96 4.96 4.92 886
20140716 4.98 4.97 4.98 4.92 611
20140717 4.93 4.95 4.99 4.93 184
20140718 4.91 4.93 4.98 4.91 98
20140721 4.89 4.88 4.90 4.88 331
20140722 4.89 4.92 4.92 4.88 211
20140723 4.90 4.91 4.94 4.89 369
20140724 4.89 4.90 4.93 4.89 309
20140725 4.89 4.85 4.90 4.84 1257
20140728 4.85 4.89 4.91 4.83 641
20140729 4.83 4.85 4.88 4.83 1002
20140730 4.84 4.89 4.89 4.84 556
20140731 4.90 4.89 4.90 4.83 1200
20140801 4.86 4.86 4.90 4.85 845
20140804 4.80 4.83 4.86 4.80 897
20140805 4.84 4.90 4.92 4.83 945
20140806 4.91 4.88 4.92 4.82 397
20140807 4.83 4.87 4.91 4.83 540
20140808 4.90 4.89 4.91 4.88 789
20140811 4.86 4.96 4.96 4.86 1192
20140812 4.99 5.02 5.09 4.99 3687
20140813 5.02 4.99 5.02 4.96 957
20140814 4.98 5.00 5.00 4.96 1215
20140815 4.97 4.99 5.00 4.96 927
20140818 5.02 5.00 5.02 4.95 1245
20140819 5.00 5.07 5.07 5.00 3937
20140820 5.07 5.13 5.27 5.03 7966
20140821 5.08 5.18 5.20 5.06 4513
20140822 5.22 5.15 5.25 5.09 3025
20140825 5.11 5.05 5.12 5.05 2268
20140826 5.03 4.99 5.10 4.97 1008
20140827 5.08 5.11 5.16 5.03 2809
20140828 5.08 5.08 5.13 5.01 1974
20140829 5.03 5.07 5.10 5.01 1056
20140901 5.08 5.08 5.10 5.01 1475
20140902 5.06 5.13 5.14 5.04 1934
20140903 5.13 5.12 5.13 5.09 610
20140904 5.14 5.18 5.19 5.13 4035
20140905 5.18 5.20 5.20 5.15 2869
20140909 5.21 5.20 5.21 5.12 2248
20140910 5.21 5.23 5.25 5.13 3303
20140911 5.25 5.37 5.37 5.21 11026
20140912 5.35 5.53 5.83 5.35 7483
20140915 5.63 5.53 5.63 5.42 4433
20140916 5.53 5.43 5.56 5.39 4398
20140917 5.40 5.50 5.62 5.36 2971
20140918 5.48 5.46 5.58 5.46 1936
20140919 5.47 5.53 5.58 5.45 4254
20140922 5.53 5.49 5.53 5.38 1587
20140923 5.49 5.53 5.54 5.48 1974
20140924 5.50 5.65 5.65 5.47 4528
20140925 5.65 5.59 5.65 5.57 1547
20140926 5.57 5.63 5.64 5.57 1131
20140929 5.62 5.69 5.70 5.58 3003
20140930 5.65 5.75 5.87 5.65 4120
20141008 5.81 5.75 5.82 5.70 1173
20141009 5.80 5.75 5.80 5.63 3512
20141010 5.74 5.61 5.74 5.60 2144
20141013 5.58 5.55 5.59 5.42 1146
20141014 5.55 5.51 5.55 5.47 932
20141015 5.43 5.51 5.51 5.43 452
20141016 5.52 5.56 5.67 5.51 1302
20141017 5.52 5.56 5.56 5.41 764
20141020 5.50 5.56 5.60 5.49 430
20141021 5.51 5.58 5.59 5.42 1908
20141022 5.57 5.60 5.61 5.52 1986
20141023 5.55 5.62 5.76 5.55 2588
20141024 5.66 5.68 5.69 5.60 1889
20141027 5.68 5.76 5.77 5.67 2352
20141028 5.77 5.77 5.82 5.70 1429
20141029 5.76 5.78 5.79 5.72 1069
20141030 5.78 5.81 5.87 5.72 2970
20141031 5.82 5.77 5.82 5.72 1385
20141103 5.74 5.78 5.78 5.71 457
20141104 5.68 5.66 5.77 5.62 1170
20141105 5.69 5.68 5.78 5.64 963
20141106 5.64 5.48 5.77 5.48 1681
20141107 5.50 5.57 5.59 5.33 4997
20141110 5.61 5.78 5.79 5.61 5477
20141111 5.85 5.84 6.14 5.64 6518
20141112 5.70 5.81 5.83 5.63 4995
20141113 5.70 6.00 6.18 5.70 12123
20141114 6.00 6.02 6.09 5.94 3010
20141117 6.07 6.03 6.07 5.97 796
20141118 5.97 6.01 6.03 5.83 1114
20141119 6.00 6.00 6.02 5.92 870
20141120 5.98 6.01 6.04 5.94 813
20141121 6.03 6.14 6.16 6.03 3082
20141124 6.14 6.33 6.40 6.14 6021
20141125 6.36 6.52 6.53 6.28 4882
20141126 6.58 6.80 6.82 6.58 8083
20141127 6.81 6.61 6.98 6.60 5256
20141128 6.58 6.58 6.69 6.28 6065
20141201 6.50 6.26 6.50 6.16 4554
20141202 6.21 6.44 6.47 6.21 3486
20141203 6.41 6.45 6.48 6.29 1070
20141204 6.45 6.42 6.49 6.33 1470
20141205 6.48 6.20 6.48 6.08 1641
20141208 6.03 6.14 6.23 5.83 2719
20141209 5.92 5.73 6.14 5.53 6579
20141210 5.65 5.94 5.99 5.55 1692
20141211 5.96 5.89 5.96 5.63 3480
20141212 5.92 5.90 5.93 5.72 1049
20141215 5.99 5.90 5.99 5.86 549
20141216 5.91 6.02 6.06 5.91 2155
20141217 5.98 6.01 6.03 5.88 923
20141218 5.97 5.87 6.02 5.85 836
20141219 5.71 5.81 5.93 5.70 940
20141222 5.83 5.58 5.88 5.56 1287
20141223 5.66 5.58 5.66 5.51 574
20141224 5.72 5.69 5.72 5.65 378
20141225 5.70 5.72 5.73 5.55 312
20141226 5.74 5.76 5.78 5.70 710
20141229 5.78 5.79 5.82 5.54 5232
20141230 5.58 5.87 5.91 5.58 10050
20141231 5.88 6.05 6.09 5.82 5940
20150105 6.05 5.99 6.05 5.97 1811
20150106 5.82 5.99 6.09 5.82 1858
20150107 6.03 5.97 6.08 5.95 700
20150108 5.86 5.99 6.06 5.83 931
20150109 5.91 5.94 6.02 5.91 744
20150112 5.94 5.93 5.98 5.82 476
20150113 5.86 5.96 5.96 5.85 798
20150114 5.98 5.97 5.98 5.94 606
20150115 5.91 5.99 6.02 5.86 584
20150116 6.08 6.02 6.08 5.96 605
20150119 5.86 5.75 5.98 5.61 858
20150120 5.78 5.87 5.89 5.78 550
20150121 5.80 5.99 6.00 5.80 489
20150122 5.98 6.00 6.04 5.91 422
20150123 6.00 6.01 6.05 5.94 574
20150126 5.98 6.38 6.39 5.98 20538
20150127 6.31 6.64 6.75 6.23 12602
20150128 6.50 6.45 6.70 6.41 18633
20150129 6.51 6.48 6.64 6.00 12098
20150130 6.47 6.48 6.54 6.18 8523
20150202 6.38 6.35 6.48 6.32 4949
20150203 6.34 6.43 6.43 6.34 4065
20150204 6.45 6.45 6.51 6.41 636
20150205 6.39 6.49 6.52 6.37 9912
20150206 6.41 6.36 6.47 6.31 3698
20150209 6.43 6.41 6.43 6.30 4133
20150210 6.40 6.47 6.51 6.38 15984
20150211 6.42 6.42 6.42 6.35 697
20150212 6.40 6.31 6.42 6.30 15348
20150213 6.32 6.47 6.49 6.30 25861
20150216 6.50 6.48 6.62 6.48 6092
20150217 6.58 6.64 6.76 6.50 11128
20150225 6.67 6.68 6.72 6.63 30931
20150226 6.75 6.61 6.75 6.53 879
20150227 6.61 6.62 6.70 6.56 5039
20150302 6.52 6.67 6.70 6.51 1987
20150303 6.66 6.65 6.80 6.65 2980
20150304 6.51 6.63 6.68 6.51 1119
20150305 6.54 6.76 6.90 6.54 5979
20150306 6.81 6.75 6.86 6.67 1670
20150309 6.73 6.76 6.76 6.70 1004
20150310 6.63 6.75 6.80 6.62 1170
20150311 6.70 6.81 6.82 6.67 1824
20150312 6.77 6.76 6.80 6.74 416
20150313 6.59 6.86 6.89 6.59 3159
20150316 6.86 7.00 7.08 6.86 22084
20150317 7.00 7.02 7.07 6.96 16794
20150318 6.94 6.96 7.09 6.93 7806
20150319 7.02 6.99 7.05 6.91 2781
20150320 7.06 7.15 7.29 7.06 5295
20150323 7.15 7.17 7.27 7.06 1517
20150324 7.14 6.99 7.14 6.95 1788
20150325 7.00 7.22 7.23 6.99 3784
20150326 7.16 7.29 7.33 7.16 2957
20150327 7.02 7.26 7.38 7.02 2041
20150330 7.25 7.21 7.27 7.19 1195
20150331 7.20 7.15 7.36 7.01 2624
20150401 7.21 7.18 7.22 7.10 823
20150402 7.12 7.26 7.30 7.12 1695
20150403 7.22 7.69 7.88 7.22 10256
20150407 7.70 7.75 7.95 7.64 983
20150408 7.85 7.48 7.86 7.38 2859
20150409 7.56 7.42 7.56 7.29 2304
20150410 7.47 8.16 8.16 7.47 92032
20150413 8.80 8.85 8.98 8.78 107407
20150414 8.89 7.97 8.90 7.97 63496
20150415 7.88 7.77 8.17 7.51 26223
20150416 7.61 7.72 7.87 7.61 20481
20150417 7.72 7.60 7.80 7.49 16076
20150420 7.50 7.14 7.50 7.10 12210
20150421 7.07 7.29 7.37 7.07 8005
20150422 7.31 7.45 7.47 7.31 9390
20150423 7.50 7.75 7.84 7.40 20132
20150424 7.75 7.90 8.06 7.65 24569
20150427 7.95 7.66 8.03 7.55 11974
20150428 7.66 7.76 7.99 7.41 13669
20150429 7.50 7.45 7.57 6.98 12920
20150430 7.36 7.36 7.45 7.25 9419
20150504 7.36 7.48 7.49 7.28 13092
20150505 7.48 7.34 7.48 7.29 6011
20150506 7.38 7.26 7.38 7.21 4749
20150507 7.33 7.28 7.34 7.17 4567
20150508 7.29 7.50 7.51 7.28 8984
20150511 7.55 7.85 7.90 7.48 25708
20150512 7.80 7.86 7.93 7.63 14444
20150513 7.87 7.87 7.92 7.70 10633
20150514 7.90 8.08 8.18 7.81 24483
20150515 8.08 8.16 8.18 7.88 14061
20150518 8.16 8.35 8.52 8.00 20732
20150519 8.31 8.20 8.38 8.11 12154
20150520 8.09 8.28 8.39 8.09 13894
20150521 8.29 8.32 8.50 8.10 19515
20150522 8.30 7.99 8.30 7.81 13227
20150525 7.99 8.06 8.14 7.88 5706
20150526 8.09 8.22 8.35 7.98 11339
20150527 8.15 8.02 8.25 8.02 5644
20150528 8.06 7.81 8.06 7.70 9708
20150529 7.71 7.89 7.95 7.59 4404
20150601 7.86 8.10 8.17 7.85 5782
20150602 8.08 8.32 8.33 8.08 9879
20150603 8.35 8.45 8.49 8.21 17887
20150604 8.46 8.36 8.49 8.12 9636
20150605 8.38 8.53 8.79 8.28 45436
20150608 8.50 8.30 8.74 8.29 11925
20150609 8.30 8.33 8.50 8.18 8157
20150610 8.15 8.07 8.36 7.90 11592
20150611 8.05 8.01 8.07 7.86 9397
20150612 8.02 8.26 8.26 7.96 13218
20150615 8.26 8.04 8.26 7.97 9033
20150616 7.95 7.85 8.01 7.85 5379
20150617 7.85 8.15 8.19 7.84 8615
20150618 8.16 8.25 8.38 8.10 11230
20150619 8.15 7.92 8.20 7.90 6685
20150623 7.81 7.71 8.08 7.15 6986
20150624 7.79 7.74 7.85 7.64 8871
20150625 7.73 7.54 7.73 7.40 6823
20150626 7.38 7.33 7.52 6.79 19925
20150629 7.33 7.46 7.55 6.62 15400
20150630 7.36 7.58 7.73 6.80 12142
20150701 7.66 7.15 7.66 7.15 3907
20150702 7.25 6.52 7.25 6.44 8014
20150703 6.41 5.98 6.41 5.87 6579
20150706 6.42 5.90 6.52 5.38 15955
20150707 5.31 5.31 5.80 5.31 6449
20150708 4.79 4.78 4.90 4.78 4013
20150709 4.30 5.26 5.26 4.30 8500
20150710 5.38 5.79 5.79 5.36 7985
20150713 5.83 6.15 6.33 5.83 14175
20150714 6.15 5.88 6.18 5.78 9962
20150715 5.68 5.29 5.84 5.29 7490
20150716 4.92 5.53 5.57 4.92 7637
20150717 5.55 5.65 5.77 5.50 6205
20150720 5.58 5.76 5.79 5.50 5464
20150721 5.70 5.73 5.74 5.68 2432
20150722 5.71 5.90 5.90 5.55 3973
20150723 5.87 5.89 5.96 5.71 4398
20150724 5.67 5.71 5.95 5.67 3785
20150727 5.62 5.14 5.72 5.14 4229
20150728 4.65 5.19 5.54 4.65 3997
20150729 5.20 5.33 5.37 4.86 2767
20150730 5.30 5.33 5.50 5.28 3485
