20140102 5.45 5.51 5.54 5.40 789
20140103 5.43 5.44 5.51 5.43 784
20140106 5.44 5.36 5.44 5.36 551
20140107 5.36 5.40 5.40 5.28 660
20140108 5.45 5.41 5.45 5.31 150
20140109 5.39 5.41 5.45 5.31 460
20140110 5.31 5.38 5.38 5.30 434
20140113 5.37 5.33 5.38 5.32 312
20140114 5.31 5.36 5.40 5.28 298
20140115 5.31 5.44 5.44 5.31 2195
20140116 5.47 5.45 5.47 5.39 478
20140117 5.46 5.40 5.50 5.38 290
20140120 5.40 5.41 5.41 5.38 178
20140121 5.41 5.51 5.57 5.40 605
20140122 5.45 5.52 5.55 5.45 1121
20140123 5.51 5.51 5.54 5.45 1276
20140124 5.53 5.50 5.53 5.45 1283
20140127 5.48 5.47 5.49 5.41 631
20140128 5.38 5.49 5.51 5.38 450
20140129 5.50 5.50 5.50 5.46 133
20140130 5.52 5.47 5.52 5.40 151
20140207 5.47 5.49 5.53 5.45 252
20140210 5.50 5.52 5.52 5.45 1097
20140211 5.53 5.51 5.53 5.47 482
20140212 5.52 5.51 5.54 5.47 243
20140213 5.47 5.50 5.52 5.47 273
20140214 5.47 5.43 5.52 5.40 391
20140217 5.48 5.43 5.48 5.39 532
20140218 5.43 5.36 5.43 5.31 1052
20140219 5.40 5.43 5.44 5.36 620
20140220 5.45 5.43 5.46 5.38 1224
20140221 5.45 5.40 5.45 5.37 123
20140224 5.37 5.36 5.43 5.33 470
20140225 5.33 5.35 5.35 5.32 195
20140226 5.30 5.35 5.35 5.30 248
20140227 5.37 5.32 5.37 5.31 113
20140228 5.36 5.36 5.36 5.30 38
20140303 5.40 5.40 5.40 5.36 637
20140304 5.34 5.44 5.44 5.34 811
20140305 5.46 5.62 5.71 5.44 4131
20140306 5.75 5.62 5.75 5.58 1211
20140307 5.67 5.64 5.67 5.60 846
20140310 5.61 5.65 5.70 5.57 735
20140311 5.65 5.58 5.66 5.56 499
20140312 5.58 5.59 5.63 5.55 852
20140313 5.53 5.67 5.67 5.53 898
20140314 5.67 5.67 5.68 5.60 509
20140317 5.63 5.66 5.67 5.63 75
20140318 5.68 5.94 5.94 5.68 2592
20140319 6.23 6.00 6.24 5.94 6042
20140320 6.00 5.97 6.14 5.87 1417
20140321 5.97 6.01 6.07 5.89 1795
20140324 5.91 5.92 6.02 5.91 959
20140325 5.99 5.94 6.12 5.93 1910
20140326 5.94 5.96 5.96 5.88 616
20140327 6.03 6.01 6.08 5.92 1170
20140328 5.95 5.95 5.97 5.90 739
20140331 5.99 5.91 5.99 5.91 314
20140401 5.92 6.01 6.02 5.92 359
20140402 6.08 6.00 6.08 5.90 271
20140403 5.93 5.88 5.93 5.77 1632
20140404 5.83 5.79 5.84 5.60 1950
20140408 5.73 5.76 5.78 5.67 929
20140409 5.79 5.83 5.86 5.75 492
20140410 5.81 5.90 5.97 5.80 239
20140411 5.83 5.90 5.95 5.83 730
20140414 5.82 5.76 5.86 5.64 870
20140415 5.72 5.70 5.78 5.70 794
20140416 5.71 5.72 5.74 5.65 492
20140417 5.69 5.75 5.75 5.67 173
20140418 5.71 5.74 5.74 5.68 186
20140421 5.63 5.72 5.72 5.62 136
20140422 5.71 5.70 5.71 5.62 594
20140423 5.62 5.73 5.73 5.61 497
20140424 5.74 5.97 6.03 5.74 3023
20140425 5.88 5.93 5.96 5.83 609
20140428 5.93 5.70 5.93 5.67 1181
20140429 5.70 5.75 5.77 5.70 433
20140430 5.80 5.86 5.88 5.80 496
20140505 5.71 5.82 5.82 5.69 876
20140506 5.73 5.67 5.80 5.63 799
20140507 5.68 5.74 5.76 5.68 210
20140508 5.68 5.73 5.73 5.67 287
20140509 5.72 5.68 5.72 5.59 735
20140512 5.62 5.68 5.71 5.62 445
20140513 5.68 5.63 5.70 5.63 600
20140514 5.68 5.69 5.69 5.63 20
20140515 5.63 5.72 5.73 5.62 831
20140516 5.65 5.72 5.77 5.65 1320
20140519 5.73 5.83 5.84 5.69 886
20140520 5.88 5.85 5.88 5.72 574
20140522 5.60 5.75 5.89 5.60 939
20140523 5.79 5.73 5.80 5.69 254
20140526 5.72 5.75 5.75 5.72 153
20140527 5.79 5.75 5.79 5.71 337
20140528 5.67 5.70 5.80 5.66 775
20140529 5.66 5.74 5.76 5.66 342
20140530 5.80 5.70 5.80 5.68 1430
20140603 5.69 5.63 5.69 5.61 739
20140604 5.60 5.65 5.68 5.48 469
20140605 5.72 5.67 5.72 5.41 528
20140606 5.64 5.63 5.65 5.53 98
20140609 5.63 5.66 5.66 5.56 117
20140610 5.69 5.71 5.74 5.61 302
20140611 5.66 5.77 5.77 5.65 284
20140612 5.74 5.74 5.74 5.66 383
20140613 5.69 5.73 5.73 5.65 408
20140616 5.70 5.70 5.75 5.68 252
20140617 5.69 5.70 5.76 5.69 481
20140618 5.67 5.70 5.78 5.66 597
20140619 5.71 5.70 5.72 5.67 494
20140620 5.63 5.68 5.68 5.62 334
20140623 5.61 5.70 5.70 5.61 12
20140624 5.67 5.67 5.67 5.66 94
20140625 5.71 5.70 5.74 5.68 438
20140626 5.66 5.74 5.74 5.66 282
20140627 5.77 5.71 5.77 5.70 173
20140630 5.80 5.81 5.92 5.79 602
20140701 5.79 5.83 5.85 5.79 139
20140702 5.83 5.85 5.85 5.73 445
20140703 5.83 5.95 5.95 5.80 1508
20140704 5.90 5.94 5.95 5.84 631
20140707 5.98 6.06 6.08 5.82 2324
20140708 6.06 6.07 6.09 6.00 422
20140709 6.13 6.01 6.13 5.99 1341
20140710 5.97 5.97 6.15 5.95 3271
20140711 5.95 5.97 6.04 5.90 1569
20140714 5.99 6.03 6.06 5.91 2090
20140715 6.00 6.04 6.08 6.00 1115
20140716 5.96 6.00 6.03 5.96 538
20140717 6.03 6.00 6.03 5.97 161
20140718 6.01 6.01 6.01 5.96 213
20140721 5.95 6.00 6.00 5.95 241
20140722 5.97 5.98 6.02 5.97 603
20140723 6.01 5.96 6.01 5.96 1450
20140724 6.02 6.00 6.02 5.98 403
20140725 6.00 5.95 6.00 5.93 868
20140728 5.96 5.96 5.99 5.93 985
20140729 6.04 6.02 6.04 5.96 1174
20140730 6.00 6.06 6.08 6.00 1362
20140731 6.06 6.07 6.09 6.00 1148
20140801 6.08 6.10 6.18 6.05 1525
20140804 6.06 6.12 6.15 6.01 510
20140805 6.13 6.07 6.13 6.06 242
20140806 6.08 6.06 6.08 6.04 227
20140807 6.06 6.08 6.14 6.06 1038
20140808 6.08 6.13 6.14 6.08 505
20140811 6.07 6.19 6.20 6.07 1314
20140812 6.14 6.14 6.22 6.14 647
20140813 6.10 6.18 6.20 6.10 807
20140814 6.13 6.19 6.24 6.13 454
20140815 6.19 6.25 6.27 6.18 854
20140818 6.24 6.26 6.33 6.18 1268
20140819 6.20 6.27 6.28 6.20 581
20140820 6.35 6.28 6.36 6.28 1548
20140821 6.27 6.17 6.31 6.15 2875
20140822 6.16 6.28 6.30 6.16 1521
20140825 6.28 6.20 6.28 6.20 700
20140826 6.23 6.18 6.23 6.13 1810
20140827 6.18 6.25 6.26 6.18 1188
20140828 6.29 6.21 6.29 6.21 255
20140829 6.21 6.27 6.28 6.19 486
20140901 6.29 6.58 6.58 6.29 4015
20140902 6.58 7.22 7.24 6.50 10063
20140903 7.22 7.22 7.34 7.10 3348
20140904 7.21 7.22 7.40 7.12 2176
20140905 7.20 7.23 7.44 7.14 1423
20140909 7.20 7.25 7.34 7.14 2532
20140910 7.16 7.20 7.22 7.13 1646
20140911 7.25 7.20 7.28 7.14 2115
20140912 7.20 7.74 7.85 7.20 3106
20140915 7.87 8.02 8.04 7.71 3347
20140916 8.03 7.80 8.08 7.77 2788
20140917 7.80 7.76 7.85 7.60 1495
20140918 7.80 7.78 7.80 7.70 596
20140919 7.79 7.78 7.80 7.66 763
20140922 7.70 7.40 7.71 7.02 2003
20140923 7.24 7.50 7.61 7.24 1296
20140924 7.40 7.79 7.86 7.40 845
20140925 7.60 7.79 7.84 7.60 586
20140926 7.51 7.90 7.90 7.51 935
20140929 7.87 7.83 7.89 7.70 531
20140930 7.83 8.30 8.38 7.76 3030
20141008 8.32 8.36 8.43 8.30 1128
20141009 8.16 8.44 8.58 8.16 4860
20141010 8.31 8.31 8.44 8.27 1029
20141013 8.27 8.38 8.38 8.18 1420
20141014 8.30 8.26 8.65 8.21 5528
20141015 8.13 8.50 8.59 8.13 3362
20141016 8.35 8.48 8.61 8.35 2527
20141017 8.35 8.48 8.50 8.18 1296
20141020 8.40 8.72 8.80 8.35 3159
20141021 8.62 8.58 8.78 8.55 1324
20141022 8.75 8.80 8.90 8.52 3177
20141023 8.77 9.28 9.38 8.75 4351
20141024 9.28 9.26 9.40 9.26 1440
20141027 9.35 9.20 9.35 9.20 1481
20141028 9.30 8.95 9.30 8.80 4077
20141029 8.92 9.05 9.09 8.92 1814
20141030 9.06 8.78 9.06 8.60 2387
20141031 8.77 8.78 8.80 8.64 1947
20141103 8.56 8.77 8.79 8.56 2304
20141104 8.77 8.75 8.83 8.63 933
20141105 8.55 8.95 9.07 8.55 1036
20141106 9.00 8.67 9.01 8.67 1410
20141107 8.58 8.66 8.75 8.58 987
20141110 8.60 8.66 8.66 8.56 1153
20141111 8.66 8.69 8.76 8.58 1110
20141112 8.86 8.67 8.86 8.67 414
20141113 8.60 8.75 8.82 8.60 552
20141114 8.63 8.65 8.75 8.53 405
20141117 8.53 8.46 8.69 8.20 1587
20141118 8.39 8.25 8.40 8.10 1343
20141119 8.11 8.20 8.24 8.10 459
20141120 8.09 8.18 8.28 8.09 327
20141121 8.24 8.26 8.27 8.15 211
20141124 8.22 8.27 8.38 8.21 831
20141125 8.22 8.29 8.31 8.22 755
20141126 8.37 8.37 8.37 8.27 857
20141127 8.37 8.45 8.63 8.37 396
20141128 8.38 8.56 8.59 8.37 560
20141201 8.41 8.29 8.45 8.23 1807
20141202 8.22 8.26 8.30 8.20 861
20141203 8.26 8.34 8.45 8.24 395
20141204 8.30 8.32 8.37 8.28 1030
20141205 8.50 8.28 8.50 8.18 860
20141208 8.38 8.18 8.39 8.15 1137
20141209 8.18 7.88 8.30 7.81 2725
20141210 7.85 7.98 8.05 7.82 651
20141211 7.90 8.15 8.16 7.85 1457
20141212 8.10 7.91 8.10 7.81 597
20141215 7.66 7.89 7.98 7.66 762
20141216 7.83 8.00 8.07 7.82 850
20141217 7.77 7.79 7.99 7.71 857
20141218 7.68 7.70 7.75 7.67 859
20141219 7.65 7.65 7.65 7.40 966
20141222 7.68 7.36 7.68 7.10 921
20141223 7.28 7.31 7.50 7.28 679
20141224 7.22 7.34 7.55 7.22 132
20141225 7.48 7.40 7.51 7.36 174
20141226 7.37 7.56 7.58 7.37 314
20141229 7.42 7.46 7.61 7.42 388
20141230 7.46 7.32 7.46 7.30 193
20141231 7.30 7.40 7.50 7.30 684
20150105 7.47 7.40 7.56 7.29 1042
20150106 7.47 7.94 7.94 7.32 1678
20150107 7.78 7.89 7.90 7.78 291
20150108 7.93 7.80 8.00 7.80 1254
20150109 7.69 7.75 7.86 7.65 222
20150112 7.64 7.65 7.69 7.64 118
20150113 7.68 7.86 7.87 7.63 619
20150114 7.83 7.68 7.83 7.67 200
20150115 7.69 7.70 7.78 7.69 551
20150116 7.53 7.60 7.76 7.53 545
20150119 7.52 7.26 7.56 6.89 711
20150120 7.22 7.41 7.62 7.21 252
20150121 7.42 7.44 7.46 7.42 322
20150122 7.42 7.49 7.54 7.42 309
20150123 7.59 7.55 7.59 7.53 288
20150126 7.57 7.47 7.57 7.34 381
20150127 7.47 7.54 7.54 7.36 735
20150128 7.50 7.55 7.55 7.40 345
20150129 7.46 7.50 7.58 7.46 177
20150130 7.58 7.55 7.58 7.50 189
20150202 7.51 7.54 7.60 7.45 180
20150203 7.50 7.60 7.66 7.50 380
20150204 7.60 7.53 7.60 7.50 207
20150205 7.55 7.58 7.66 7.50 302
20150206 7.66 7.58 7.70 7.58 261
20150209 7.56 7.55 7.56 7.50 53
20150210 7.68 7.59 7.68 7.58 81
20150211 7.00 7.60 7.63 6.85 143
20150212 7.00 7.51 7.58 7.00 394
20150213 7.51 7.51 7.60 7.50 517
20150216 7.70 7.54 7.70 7.49 79
20150217 7.55 7.58 7.68 7.54 406
20150225 7.60 7.60 7.60 7.58 377
20150226 7.44 7.59 7.63 7.44 74
20150227 7.58 7.53 7.65 7.51 416
20150302 7.52 7.68 7.69 7.52 678
20150303 7.65 7.68 7.75 7.65 580
20150304 7.82 7.78 7.82 7.74 549
20150305 7.85 7.74 7.85 7.73 440
20150306 7.70 7.82 7.82 7.70 313
20150309 7.80 7.80 7.80 7.77 314
20150310 7.79 7.86 7.88 7.79 479
20150311 7.37 7.83 7.87 7.37 794
20150312 7.86 7.83 7.86 7.78 572
20150313 7.77 7.86 7.90 7.77 706
20150316 7.70 7.89 7.92 7.70 1470
20150317 7.85 7.58 7.85 7.57 4384
20150318 7.66 7.62 7.68 7.60 676
20150319 7.61 7.63 7.70 7.61 880
20150320 7.63 7.66 7.67 7.61 604
20150323 7.73 8.10 8.17 7.68 3078
20150324 8.10 8.22 8.24 7.91 3453
20150325 8.08 8.20 8.35 8.08 1547
20150326 8.10 8.14 8.21 8.10 1195
20150327 8.11 8.05 8.28 8.02 1120
20150330 8.05 8.24 8.71 8.02 1371
20150331 8.25 8.40 8.59 8.25 4921
20150401 8.53 8.45 8.53 8.41 1557
20150402 8.44 8.27 8.45 8.22 1016
20150403 8.21 8.46 8.48 8.21 1443
20150407 8.32 8.59 8.70 8.32 3132
20150408 8.59 8.55 8.78 8.41 957
20150409 8.58 9.00 9.01 8.55 3172
20150410 8.91 9.90 9.90 8.91 4969
20150413 10.89 10.89 10.89 10.89 995
20150414 11.98 10.50 11.98 10.45 7491
20150415 10.48 10.66 11.16 10.33 5687
20150416 10.70 10.82 10.98 10.54 4016
20150417 10.80 10.61 10.90 10.51 3839
20150420 10.51 9.92 10.51 9.88 5723
20150421 9.92 10.26 10.27 9.62 2822
20150422 10.28 10.33 10.43 10.26 1749
20150423 10.40 10.18 10.47 10.01 1283
20150424 10.12 10.16 10.20 10.02 1197
20150427 10.20 10.16 10.43 10.11 1305
20150428 10.16 9.91 10.30 9.68 1950
20150429 9.92 10.06 10.20 9.84 2153
20150430 10.10 10.26 10.47 9.98 2373
20150504 10.33 10.77 10.82 10.21 3490
20150505 10.88 10.56 10.90 10.55 3210
20150506 10.59 10.88 11.20 10.59 5355
20150507 11.06 10.78 11.06 10.76 2262
20150508 10.85 11.55 11.58 10.85 5354
20150511 11.84 11.76 11.95 11.68 3742
20150512 11.75 11.67 12.10 11.57 3493
20150513 11.52 12.22 12.30 11.52 3482
20150514 12.35 13.44 13.44 12.14 5090
20150515 13.70 14.43 14.67 13.20 5238
20150518 14.45 15.80 15.87 14.11 10987
20150519 15.80 14.86 16.44 14.27 8267
20150520 15.00 14.57 15.54 14.46 5328
20150521 14.58 14.26 14.58 13.50 11440
20150522 14.30 14.10 14.30 13.30 7261
20150525 14.10 14.72 14.99 14.10 6733
20150526 14.90 15.80 15.98 14.72 9506
20150527 15.80 15.25 16.16 15.00 3314
20150528 15.03 15.10 15.70 14.72 6602
20150529 15.23 16.61 16.61 14.14 12166
20150601 16.99 18.27 18.27 16.99 6579
20150602 18.79 18.37 19.57 18.10 5814
20150603 18.37 18.10 18.88 17.52 3912
20150604 18.08 18.77 18.80 17.23 4922
20150605 18.77 18.55 19.99 18.25 7303
20150608 18.27 17.80 18.48 17.32 3588
20150609 17.52 17.30 17.80 17.00 3432
20150610 17.45 17.70 17.85 17.42 2100
20150611 17.46 17.50 17.70 17.23 1646
20150612 17.26 17.58 17.86 17.26 1489
20150615 17.18 17.31 17.62 17.18 2012
20150616 17.08 17.44 17.48 17.08 1476
20150617 17.11 17.30 17.40 16.17 2762
20150618 17.29 17.54 18.05 17.01 3017
20150619 17.75 16.88 17.75 16.88 2983
20150623 16.88 16.94 17.50 15.55 3725
20150624 17.00 16.97 17.10 16.52 1537
20150625 16.96 16.03 16.96 16.00 2267
20150626 15.88 14.43 16.42 14.43 4545
20150629 14.60 13.58 15.20 12.99 3686
20150630 13.60 14.55 14.55 12.22 6677
20150701 14.05 13.45 14.77 13.31 3614
20150702 13.50 12.70 13.77 12.67 3960
20150703 12.24 11.58 12.94 11.43 4134
20150706 12.59 10.53 12.74 10.42 5421
20150707 10.10 9.48 10.10 9.48 2660
20150708 8.53 8.53 8.53 8.53 2847
20150709 7.72 9.38 9.38 7.72 5603
20150710 10.25 10.32 10.32 9.62 7208
20150713 10.66 11.35 11.35 10.66 5803
20150714 11.36 10.45 11.46 10.35 5870
20150715 10.52 9.41 10.55 9.41 2868
20150716 9.05 10.00 10.10 8.70 3024
20150717 10.10 10.78 10.78 10.10 1369
20150720 10.78 10.89 11.17 10.58 2729
20150721 10.98 10.80 11.05 10.55 2932
20150722 10.99 10.81 11.26 10.72 3274
20150723 11.15 11.38 11.48 10.92 2442
