20140102 9.88 10.00 10.00 9.81 2383
20140103 10.06 10.30 10.46 10.06 5339
20140106 10.20 10.26 10.34 10.14 5417
20140107 10.30 10.54 10.56 10.30 9631
20140108 10.54 10.65 10.68 10.36 6458
20140109 10.66 10.55 10.76 10.50 3806
20140110 10.48 10.43 10.61 10.34 3646
20140113 10.40 10.40 10.49 10.18 2947
20140114 10.44 10.42 10.44 10.22 2268
20140115 10.55 10.59 10.66 10.49 4516
20140116 10.64 10.69 10.70 10.52 4186
20140117 10.79 10.89 10.99 10.60 10742
20140120 10.90 11.08 11.09 10.89 7223
20140121 11.10 11.25 11.28 10.91 7576
20140122 11.25 11.38 11.59 11.25 7301
20140123 11.49 11.37 11.50 11.23 7628
20140124 11.27 12.07 12.19 11.27 10796
20140127 11.99 12.59 12.60 11.83 12766
20140128 12.48 12.61 12.68 12.11 7311
20140129 12.43 12.60 12.63 12.33 4819
20140130 12.59 12.92 12.99 12.59 6889
20140207 12.90 13.25 13.35 12.73 8957
20140210 13.10 12.95 13.45 12.90 7319
20140211 12.95 12.85 12.95 12.65 6280
20140212 12.77 12.61 12.83 12.51 6024
20140213 12.59 12.59 12.76 12.31 3942
20140214 12.64 13.04 13.12 12.60 4963
20140217 13.04 13.22 13.22 12.87 7943
20140218 13.06 12.95 13.30 12.80 4401
20140219 12.90 12.80 12.91 12.52 6515
20140220 12.66 12.00 12.66 11.99 8457
20140221 12.23 12.18 12.23 11.93 3195
20140224 12.16 12.13 12.16 11.80 2943
20140225 12.12 11.94 12.12 11.78 4381
20140226 11.92 11.98 12.00 11.71 3161
20140227 12.11 11.88 12.12 11.81 7135
20140228 11.87 11.43 11.94 11.09 13056
20140303 11.42 11.61 11.63 11.42 4853
20140304 11.74 11.68 11.75 11.52 2914
20140305 11.68 11.68 11.69 11.51 1278
20140306 11.68 11.63 11.68 11.46 1103
20140307 11.66 11.65 11.66 11.51 1066
20140310 11.51 11.25 11.65 11.11 3394
20140311 11.25 11.18 11.40 11.17 1876
20140312 11.20 11.19 11.30 11.12 1398
20140313 11.28 11.38 11.39 11.27 2826
20140314 11.28 11.36 11.36 11.16 1483
20140317 11.36 11.58 11.58 11.21 2086
20140318 11.64 11.66 11.74 11.50 2699
20140319 11.56 11.90 12.07 11.56 5367
20140320 11.95 11.70 11.95 11.62 3115
20140321 11.70 11.83 11.88 11.42 3106
20140324 11.84 11.93 11.94 11.71 4146
20140325 11.97 11.82 11.99 11.70 5563
20140326 11.82 11.82 11.88 11.73 2370
20140327 11.71 11.66 11.79 11.51 2655
20140328 11.73 11.39 11.73 11.23 2839
20140331 11.29 11.40 11.49 11.21 2792
20140401 11.39 11.31 11.39 11.20 1589
20140402 11.38 11.25 11.38 11.19 1373
20140403 11.33 11.26 11.33 11.18 2142
20140404 11.30 11.23 11.30 11.19 2374
20140408 11.23 11.35 11.35 11.09 6514
20140409 11.30 11.33 11.40 11.25 2133
20140410 11.32 11.63 11.63 11.29 3409
20140411 11.55 11.65 11.65 11.50 1679
20140414 11.52 11.66 11.75 11.51 5122
20140415 11.78 11.72 11.95 11.65 6627
20140416 11.42 11.71 11.71 11.42 848
20140417 11.71 11.65 11.71 11.50 2532
20140418 11.74 11.73 11.74 11.60 1802
20140421 11.70 11.78 11.87 11.61 1929
20140422 11.71 11.85 11.85 11.71 2394
20140423 11.76 11.68 11.82 11.66 3319
20140424 11.70 11.56 11.70 11.42 1713
20140425 11.41 11.62 11.66 11.41 1646
20140428 11.51 11.63 11.70 11.45 1732
20140429 12.77 12.45 12.79 12.18 21610
20140430 12.41 13.26 13.28 12.33 17655
20140505 13.20 13.33 13.39 13.01 9750
20140506 13.35 13.27 13.54 13.18 7957
20140507 13.27 13.10 13.52 13.08 7695
20140508 13.02 12.90 13.04 12.70 5623
20140509 12.89 12.90 12.92 12.67 4165
20140512 13.16 13.05 13.16 12.91 5710
20140513 13.08 12.70 13.08 12.48 9709
20140514 12.60 12.82 12.82 12.55 2418
20140515 12.86 12.88 13.09 12.80 4355
20140516 12.99 13.36 13.49 12.87 6770
20140519 13.35 13.18 13.39 12.92 5123
20140520 13.20 13.51 13.58 13.20 6907
20140521 13.51 13.53 13.55 13.33 2702
20140522 13.59 13.80 13.97 13.59 8923
20140523 13.73 13.64 13.88 13.55 4259
20140526 13.75 13.86 13.94 13.57 6761
20140527 13.94 13.85 13.95 13.75 6504
20140528 4.70 4.81 4.89 4.62 14087
20140529 4.86 4.73 4.86 4.73 8028
20140530 4.75 4.94 5.14 4.75 34581
20140603 4.94 4.70 5.05 4.64 31612
20140604 4.74 4.64 4.74 4.53 18476
20140605 4.68 4.86 4.86 4.61 15919
20140606 4.87 4.89 4.96 4.84 14170
20140609 4.89 4.82 4.89 4.77 7973
20140610 4.82 4.97 5.00 4.80 18594
20140611 4.96 4.99 5.00 4.93 6234
20140612 4.96 5.00 5.00 4.95 6993
20140613 5.00 5.03 5.05 4.97 9989
20140616 5.03 5.01 5.06 5.00 9192
20140617 5.01 4.80 5.01 4.75 26828
20140618 4.83 4.80 4.94 4.78 13471
20140619 4.78 4.61 4.80 4.54 24860
20140620 4.61 4.74 4.74 4.61 11944
20140623 4.79 4.75 4.79 4.71 6218
20140624 4.75 4.64 4.76 4.59 11394
20140625 4.64 4.58 4.65 4.50 15229
20140626 4.59 4.59 4.69 4.53 16616
20140627 4.64 4.63 4.64 4.55 7891
20140630 4.66 4.70 4.72 4.62 10797
20140701 4.74 4.69 4.74 4.68 7462
20140702 4.73 4.69 4.75 4.66 6695
20140703 4.69 4.69 4.70 4.63 7399
20140704 4.71 4.70 4.71 4.65 6122
20140707 4.70 4.65 4.70 4.65 9209
20140708 4.70 4.67 4.70 4.65 12512
20140709 4.66 4.60 4.68 4.58 11398
20140710 4.60 4.63 4.64 4.60 4843
20140711 4.61 4.66 4.68 4.61 8499
20140714 4.64 4.66 4.69 4.64 8352
20140715 4.69 4.88 4.88 4.69 37156
20140716 4.88 4.89 4.96 4.83 16961
20140717 4.90 4.89 4.94 4.86 13074
20140718 4.87 4.90 4.92 4.86 8049
20140721 4.90 4.89 4.93 4.86 6091
20140722 4.91 4.87 4.91 4.84 6636
20140723 4.89 4.85 4.89 4.84 6254
20140724 4.87 4.83 4.87 4.80 11825
20140725 4.81 4.83 4.83 4.80 11505
20140728 4.84 4.89 4.90 4.80 15886
20140729 4.90 5.05 5.08 4.89 42358
20140730 5.08 5.01 5.08 4.96 12035
20140731 4.99 5.04 5.05 4.98 7674
20140801 5.02 5.04 5.09 5.01 15086
20140804 5.04 5.07 5.07 5.01 5178
20140805 5.04 5.06 5.08 5.04 6094
20140806 5.07 5.04 5.08 4.99 14641
20140807 5.06 5.07 5.09 5.00 16646
20140808 5.07 5.08 5.08 5.04 7708
20140811 5.08 5.11 5.12 5.08 11251
20140812 5.19 5.62 5.62 5.18 87945
20140819 6.09 5.78 6.18 5.60 140400
20140820 5.68 5.58 5.70 5.51 48966
20140821 5.57 5.59 5.68 5.48 37336
20140822 5.58 5.63 5.66 5.54 20982
20140825 5.63 5.71 5.87 5.61 46413
20140826 5.77 5.57 5.78 5.54 22426
20140827 5.57 5.56 5.73 5.55 39116
20140828 5.56 5.42 5.60 5.38 48319
20140829 5.45 5.47 5.47 5.40 26692
20140901 5.50 5.50 5.57 5.45 37221
20140902 5.66 5.68 5.78 5.59 69800
20140903 5.67 5.64 5.71 5.63 46256
20140904 5.65 5.74 5.75 5.63 67387
20140905 5.71 5.83 5.83 5.71 59641
20140909 5.79 6.07 6.10 5.79 48521
20140910 6.07 6.56 6.68 6.05 131491
20140915 7.22 7.22 7.22 7.22 6575
20140916 7.85 7.04 7.85 7.00 119979
20140917 7.00 6.99 7.37 6.83 72968
20140918 7.00 7.08 7.12 6.91 36011
20140919 7.10 6.89 7.10 6.80 55971
20140922 6.89 6.70 6.94 6.69 32344
20140923 6.70 6.58 6.72 6.51 51000
20140924 6.58 6.63 6.77 6.46 54031
20140925 6.64 6.96 7.05 6.64 49016
20140926 6.90 7.21 7.29 6.90 46764
20140929 7.21 7.10 7.29 6.99 64052
20140930 7.10 7.12 7.15 6.97 35063
20141008 6.96 7.02 7.07 6.96 34515
20141009 7.09 7.09 7.14 6.87 45468
20141010 7.03 7.00 7.15 6.89 52568
20141013 6.92 6.92 6.97 6.80 29708
20141014 6.89 6.80 6.90 6.71 26740
20141015 6.77 6.83 6.95 6.77 23943
20141016 6.80 6.65 6.80 6.56 40138
20141017 6.69 6.73 6.83 6.64 37353
20141020 6.76 6.84 6.89 6.75 25873
20141021 7.29 7.08 7.49 7.04 90270
20141022 7.12 7.08 7.24 7.05 56643
20141023 7.19 7.10 7.22 7.07 30271
20141024 7.09 6.84 7.10 6.78 53300
20141027 6.78 6.47 6.78 6.44 66725
20141028 6.48 6.70 6.76 6.48 47338
20141029 6.74 6.70 6.80 6.65 49303
20141030 6.70 6.67 6.74 6.55 40706
20141031 6.70 6.71 6.75 6.57 73144
20141103 6.74 6.64 6.74 6.50 24722
20141104 6.60 6.47 6.64 6.40 68249
20141105 6.51 6.48 6.54 6.39 23215
20141106 6.49 6.29 6.49 6.29 31970
20141107 6.30 6.40 6.48 6.26 56015
20141110 6.35 6.57 6.62 6.35 35790
20141111 6.60 6.63 6.80 6.58 72792
20141112 6.63 7.01 7.17 6.63 146615
20141113 7.04 6.68 7.10 6.65 116168
20141114 6.63 6.48 6.74 6.44 111379
20141117 6.48 6.43 6.61 6.42 18221
20141118 6.40 5.99 6.42 5.98 60102
20141119 6.00 6.06 6.12 5.97 24623
20141120 6.05 5.99 6.08 5.99 9897
20141121 6.01 6.13 6.13 6.00 15979
20141124 6.21 6.12 6.25 6.08 21026
20150128 6.68 6.73 6.73 6.49 111162
20150129 6.76 6.34 6.84 6.30 82106
20150130 6.36 6.23 6.40 6.11 31488
20150202 6.19 6.06 6.20 6.06 14658
20150203 6.10 6.12 6.18 6.09 9172
20150204 6.14 6.05 6.17 6.04 11056
20150205 6.10 5.79 6.10 5.78 25793
20150206 5.75 5.53 5.81 5.52 20977
20150209 5.55 5.74 5.80 5.51 17787
20150210 5.75 5.69 5.75 5.65 9803
20150211 5.68 5.74 5.77 5.68 9817
20150212 5.75 5.72 5.83 5.69 10325
20150213 5.74 5.81 5.87 5.73 10933
20150216 5.88 6.07 6.07 5.87 14993
20150217 6.11 6.03 6.16 5.99 12009
20150225 6.05 5.90 6.05 5.87 8039
20150226 5.90 5.92 5.94 5.87 7239
20150227 5.91 5.94 5.98 5.91 8022
20150302 5.95 6.20 6.27 5.92 35067
20150303 6.21 6.32 6.41 6.15 53167
20150304 6.37 6.24 6.50 6.24 35089
20150305 6.24 6.65 6.69 6.20 60726
20150306 6.68 6.76 6.92 6.63 84959
20150309 6.76 6.62 6.76 6.52 31759
20150310 6.66 6.66 6.85 6.58 19937
20150311 6.69 6.70 6.79 6.61 21250
20150312 6.73 6.55 6.73 6.45 25884
20150313 6.55 6.46 6.57 6.41 20400
20150316 6.51 6.58 6.66 6.48 17925
20150317 6.60 6.83 6.92 6.50 48618
20150318 6.85 6.84 6.95 6.75 42574
20150319 6.91 6.71 6.91 6.69 25210
20150320 6.71 6.75 6.87 6.68 19379
20150323 6.75 6.77 6.84 6.74 26417
20150324 6.80 6.65 6.82 6.60 27263
20150325 6.65 6.77 6.88 6.48 35169
20150326 6.76 6.68 6.82 6.63 18049
20150327 6.64 6.68 6.73 6.61 12955
20150330 6.69 6.69 6.77 6.65 13488
20150331 6.63 6.75 6.80 6.63 21313
20150401 6.75 6.76 6.77 6.71 18095
20150402 6.76 6.86 6.88 6.76 32883
20150403 6.81 6.83 6.92 6.81 27594
20150407 6.87 6.82 6.89 6.80 21019
20150408 6.80 6.85 6.94 6.78 37850
20150409 6.93 7.24 7.25 6.91 80628
20150410 7.28 7.96 7.96 7.27 86715
20150413 8.76 8.76 8.76 8.72 39002
20150414 9.62 8.00 9.62 7.98 147370
20150415 8.11 7.86 8.34 7.62 66737
20150416 7.80 7.94 8.08 7.62 53774
20150417 7.96 7.95 8.11 7.78 46819
20150420 7.92 7.37 7.92 7.34 54319
20150421 7.34 7.62 7.66 7.34 27875
20150422 7.74 7.89 7.92 7.66 32903
20150423 7.91 7.76 7.98 7.63 50831
20150424 7.73 7.78 7.88 7.60 29053
20150427 7.85 7.84 7.96 7.78 32264
20150428 7.76 7.47 7.80 7.35 39464
20150429 7.45 7.76 7.78 7.40 31116
20150430 7.76 7.80 7.83 7.66 35182
20150504 7.86 7.76 7.89 7.67 34912
20150505 7.74 7.68 7.88 7.67 50571
20150506 7.67 7.67 7.79 7.63 28187
20150507 7.67 7.57 7.72 7.50 26389
20150508 7.56 7.64 7.69 7.51 25808
20150511 7.70 7.88 7.95 7.67 45242
20150512 7.94 7.83 7.95 7.76 44282
20150513 7.82 7.86 7.93 7.82 59087
20150514 7.87 8.19 8.35 7.85 88571
20150515 8.19 8.32 8.34 7.98 54950
20150518 8.32 8.57 8.68 8.19 90102
20150519 8.57 8.70 8.93 8.41 65375
20150520 8.65 8.86 9.00 8.65 60481
20150521 8.89 8.68 9.05 8.57 64975
20150522 8.70 8.39 8.88 8.11 66172
20150525 8.35 8.45 8.60 8.30 36335
20150526 8.52 8.41 8.62 8.21 49603
20150527 8.41 8.96 8.99 8.31 101509
20150528 9.02 8.40 9.16 8.40 74912
20150529 8.44 8.37 8.65 8.15 47000
20150601 8.44 8.71 8.81 8.36 59244
20150602 8.72 8.92 8.92 8.68 53118
20150603 8.92 8.76 8.98 8.58 51482
20150604 8.78 8.77 8.85 8.30 47955
20150605 8.75 8.68 8.87 8.50 38987
20150608 8.69 8.40 8.70 8.32 39105
20150609 8.46 8.33 8.49 8.26 27634
20150610 8.30 8.44 8.55 8.30 22696
20150611 8.44 8.62 8.65 8.36 31130
20150612 8.60 8.54 8.68 8.50 28050
20150615 8.50 8.32 8.59 8.31 25504
20150616 8.30 7.99 8.30 7.96 36152
20150617 8.00 8.06 8.13 7.64 31569
20150618 8.06 7.99 8.12 7.95 23035
20150619 7.95 7.61 7.95 7.50 30263
20150623 7.54 7.82 7.85 7.33 39053
20150624 7.82 7.85 7.95 7.82 24903
20150625 7.87 7.64 7.89 7.55 14914
20150626 7.64 6.90 7.64 6.88 42583
20150629 7.02 6.21 7.11 6.21 49843
20150630 6.33 6.65 6.68 5.66 53576
20150701 6.65 6.40 6.89 6.31 34453
20150702 6.49 6.04 6.57 5.90 36159
20150703 6.01 5.63 6.19 5.44 53680
20150706 6.19 5.32 6.19 5.07 75508
20150714 5.85 5.85 5.85 5.85 1765
20150715 6.24 5.41 6.29 5.31 57508
20150716 5.36 5.63 5.78 5.05 29738
20150717 5.80 5.89 5.96 5.69 26925
20150720 5.91 5.89 6.08 5.81 19366
20150721 5.90 6.00 6.03 5.77 19179
20150722 6.05 5.93 6.05 5.87 14222
20150723 5.93 6.06 6.08 5.88 24861
20150724 6.18 6.00 6.28 5.99 22301
20150727 5.95 5.40 6.00 5.40 21726
20150728 5.29 5.59 5.93 5.03 27349
20150729 5.68 5.67 5.80 5.45 16277
20150730 5.68 5.51 5.72 5.51 9359
