20140102 2.54 2.52 2.54 2.49 2758
20140103 2.50 2.50 2.50 2.48 4653
20140106 2.48 2.46 2.49 2.45 6694
20140107 2.45 2.48 2.48 2.45 4564
20140108 2.47 2.47 2.48 2.46 2379
20140109 2.47 2.47 2.48 2.46 2562
20140110 2.46 2.45 2.47 2.43 5554
20140113 2.43 2.43 2.45 2.40 8137
20140114 2.41 2.44 2.45 2.41 5015
20140115 2.45 2.46 2.46 2.41 7239
20140116 2.43 2.45 2.46 2.42 4519
20140117 2.44 2.44 2.44 2.42 4130
20140120 2.42 2.43 2.44 2.40 5154
20140121 2.41 2.44 2.45 2.41 2300
20140122 2.44 2.47 2.47 2.44 4870
20140123 2.46 2.46 2.47 2.45 3530
20140124 2.46 2.46 2.47 2.44 5215
20140127 2.44 2.45 2.45 2.43 6269
20140128 2.45 2.45 2.45 2.44 2137
20140129 2.46 2.47 2.47 2.43 4817
20140130 2.46 2.45 2.46 2.44 4184
20140207 2.43 2.44 2.45 2.42 8347
20140210 2.44 2.45 2.46 2.44 10232
20140211 2.46 2.43 2.46 2.42 9262
20140212 2.43 2.45 2.47 2.43 6750
20140213 2.46 2.45 2.46 2.44 8798
20140214 2.44 2.45 2.46 2.44 6457
20140217 2.45 2.45 2.46 2.41 16060
20140218 2.44 2.44 2.44 2.43 6389
20140219 2.45 2.48 2.48 2.45 22096
20140220 2.48 2.46 2.49 2.46 15251
20140221 2.47 2.44 2.47 2.44 6118
20140224 2.44 2.42 2.44 2.40 19346
20140225 2.41 2.37 2.42 2.37 11857
20140226 2.37 2.39 2.39 2.35 6110
20140227 2.40 2.40 2.42 2.38 4192
20140228 2.39 2.40 2.41 2.39 4362
20140303 2.38 2.40 2.41 2.38 6847
20140304 2.40 2.39 2.40 2.38 3758
20140305 2.41 2.40 2.41 2.38 5070
20140306 2.38 2.39 2.40 2.37 7608
20140307 2.39 2.38 2.40 2.38 6344
20140310 2.38 2.33 2.39 2.32 8215
20140311 2.33 2.34 2.35 2.32 4026
20140312 2.32 2.34 2.36 2.32 2644
20140313 2.33 2.35 2.36 2.33 2804
20140314 2.34 2.32 2.34 2.32 3585
20140317 2.33 2.34 2.34 2.32 3901
20140318 2.34 2.34 2.35 2.33 4307
20140319 2.34 2.33 2.34 2.32 6914
20140320 2.32 2.32 2.34 2.31 6081
20140321 2.32 2.34 2.35 2.30 14208
20140324 2.34 2.37 2.41 2.32 14637
20140325 2.36 2.35 2.37 2.34 5898
20140326 2.35 2.35 2.36 2.34 5082
20140327 2.36 2.33 2.36 2.32 9125
20140328 2.34 2.31 2.35 2.30 8669
20140331 2.33 2.32 2.33 2.30 3693
20140401 2.32 2.33 2.33 2.31 4447
20140402 2.32 2.35 2.37 2.32 8318
20140403 2.34 2.33 2.34 2.33 2582
20140404 2.34 2.32 2.35 2.32 2797
20140408 2.32 2.33 2.34 2.31 10329
20140409 2.33 2.33 2.34 2.31 5924
20140410 2.33 2.36 2.36 2.31 15544
20140411 2.35 2.36 2.36 2.34 7279
20140414 2.36 2.34 2.36 2.33 5236
20140415 2.33 2.31 2.33 2.30 16642
20140416 2.32 2.32 2.32 2.31 2238
20140417 2.32 2.32 2.33 2.31 5305
20140418 2.31 2.31 2.32 2.30 2957
20140421 2.31 2.31 2.32 2.30 4332
20140422 2.30 2.34 2.34 2.30 5347
20140423 2.33 2.35 2.37 2.33 12378
20140424 2.33 2.34 2.35 2.31 8388
20140425 2.32 2.33 2.34 2.31 2875
20140428 2.31 2.30 2.31 2.30 4333
20140429 2.30 2.36 2.40 2.30 16612
20140430 2.34 2.33 2.36 2.32 9023
20140505 2.33 2.33 2.33 2.31 3603
20140506 2.33 2.33 2.33 2.32 2876
20140507 2.32 2.31 2.32 2.31 2707
20140508 2.30 2.33 2.34 2.30 2897
20140509 2.32 2.32 2.33 2.31 3519
20140512 2.33 2.34 2.35 2.33 10312
20140513 2.33 2.35 2.36 2.33 4348
20140514 2.34 2.40 2.41 2.33 34909
20140515 2.39 2.35 2.39 2.35 7750
20140516 2.37 2.38 2.41 2.37 11653
20140519 2.36 2.37 2.39 2.34 7998
20140520 2.38 2.37 2.39 2.36 3664
20140521 2.35 2.37 2.38 2.35 4897
20140522 2.36 2.36 2.38 2.35 4340
20140523 2.36 2.36 2.37 2.35 7079
20140526 2.36 2.35 2.37 2.35 4543
20140527 2.36 2.35 2.36 2.34 2976
20140528 2.36 2.36 2.37 2.33 7108
20140529 2.36 2.35 2.40 2.35 5035
20140530 2.35 2.34 2.38 2.32 15068
20140603 2.33 2.32 2.35 2.31 9160
20140604 2.31 2.32 2.32 2.30 8456
20140605 2.31 2.34 2.34 2.30 3209
20140606 2.31 2.31 2.36 2.31 12289
20140609 2.33 2.36 2.37 2.33 13772
20140610 2.37 2.37 2.37 2.33 4819
20140611 2.35 2.41 2.43 2.35 27943
20140612 2.42 2.39 2.42 2.39 6747
20140613 2.40 2.41 2.41 2.39 6834
20140616 2.40 2.41 2.42 2.39 5950
20140617 2.41 2.39 2.42 2.38 6513
20140618 2.39 2.41 2.41 2.36 8460
20140619 2.41 2.45 2.49 2.40 57766
20140620 2.44 2.50 2.52 2.44 38466
20140623 2.50 2.48 2.52 2.46 13135
20140624 2.47 2.41 2.47 2.41 22632
20140625 2.42 2.43 2.45 2.42 5303
20140626 2.42 2.46 2.46 2.41 9229
20140627 2.46 2.46 2.48 2.43 9023
20140630 2.46 2.48 2.49 2.46 6598
20140701 2.48 2.47 2.49 2.47 4207
20140702 2.48 2.48 2.48 2.45 5938
20140703 2.48 2.49 2.50 2.47 8634
20140704 2.48 2.50 2.51 2.48 10147
20140707 2.51 2.52 2.53 2.48 10562
20140708 2.52 2.52 2.52 2.49 7055
20140709 2.51 2.54 2.59 2.51 38462
20140710 2.54 2.57 2.58 2.53 16200
20140711 2.54 2.55 2.58 2.52 21872
20140714 2.56 2.54 2.59 2.53 14864
20140715 2.54 2.52 2.54 2.50 16584
20140716 2.54 2.55 2.57 2.53 15403
20140717 2.56 2.55 2.56 2.53 11297
20140718 2.55 2.62 2.64 2.55 39760
20140721 2.61 2.62 2.64 2.59 19500
20140722 2.62 2.64 2.66 2.61 13864
20140723 2.63 2.63 2.67 2.61 20624
20140724 2.65 2.70 2.72 2.64 27426
20140725 2.71 2.75 2.75 2.69 26975
20140728 2.75 2.73 2.85 2.73 63531
20140729 2.73 2.69 2.78 2.68 37726
20140730 2.69 2.76 2.77 2.69 26305
20140731 2.75 2.77 2.79 2.72 23582
20140801 2.75 2.76 2.81 2.75 19538
20140804 2.76 2.79 2.79 2.75 13003
20140805 2.80 2.81 2.81 2.78 13394
20140806 2.82 2.92 2.94 2.78 58551
20140807 2.91 2.88 2.94 2.86 31093
20140808 2.88 2.92 2.94 2.87 18056
20140811 2.90 2.93 2.95 2.89 22815
20140812 2.92 2.91 2.96 2.91 20660
20140813 2.90 2.92 2.92 2.87 20443
20140814 2.92 2.89 2.92 2.88 18521
20140815 2.88 2.88 2.89 2.86 29312
20140818 2.88 2.85 2.91 2.85 24343
20140819 2.85 2.89 2.90 2.81 41007
20140820 2.88 2.95 2.99 2.86 46938
20140821 2.95 2.98 3.01 2.93 44180
20140822 2.97 2.95 2.99 2.95 18068
20140825 2.95 2.94 2.97 2.91 23025
20140826 2.94 2.95 2.96 2.89 28939
20140827 2.94 2.97 2.98 2.94 21034
20140828 2.97 2.98 3.00 2.96 29928
20140829 2.98 3.01 3.02 2.97 24112
20140901 3.01 3.02 3.04 3.01 23678
20140902 3.01 2.91 3.04 2.85 77237
20140903 2.89 2.89 2.91 2.83 33190
20140904 2.88 2.89 2.91 2.87 13503
20140905 2.90 2.94 2.95 2.90 15709
20140909 2.92 2.93 2.96 2.91 15252
20140910 2.94 2.95 2.96 2.91 12025
20140911 2.95 2.92 2.97 2.92 20617
20140912 2.92 2.90 2.94 2.88 26287
20140915 2.90 2.92 2.93 2.88 17611
20140916 2.91 2.91 2.95 2.90 28876
20140917 2.91 2.89 2.92 2.87 20803
20140918 2.88 2.89 2.91 2.87 14196
20140919 2.89 2.90 2.93 2.89 16294
20140922 2.91 2.88 2.91 2.85 14674
20140923 2.85 2.87 2.89 2.85 9154
20140924 2.87 2.91 2.91 2.86 7146
20140925 2.91 2.87 2.92 2.87 21707
20140926 2.88 2.90 2.90 2.86 9787
20140929 2.90 2.91 2.91 2.88 17046
20140930 2.90 2.93 2.93 2.89 15506
20141008 2.93 2.93 2.95 2.91 18394
20141009 2.93 2.97 2.97 2.93 37337
20141010 2.97 2.95 2.97 2.93 18130
20141013 2.94 2.91 2.94 2.91 11935
20141014 2.90 2.91 2.93 2.90 10644
20141015 2.90 2.93 2.94 2.88 18425
20141016 2.93 2.89 2.93 2.89 12709
20141017 2.89 2.86 2.91 2.84 21221
20141020 2.87 2.88 2.88 2.85 7353
20141021 2.88 2.85 2.88 2.83 10526
20141022 2.85 2.82 2.86 2.82 10533
20141023 2.82 2.79 2.83 2.73 26703
20141024 2.78 2.82 2.82 2.76 11961
20141027 2.79 2.81 2.81 2.79 5487
20141028 2.82 2.84 2.84 2.81 6372
20141029 2.83 2.88 2.88 2.81 23067
20141030 2.86 2.85 2.88 2.83 15749
20141031 2.85 2.87 2.88 2.85 15418
20141103 2.86 2.89 2.90 2.86 16725
20141104 2.89 2.86 2.89 2.85 11528
20141105 2.85 2.82 2.86 2.80 10318
20141106 2.81 2.81 2.84 2.81 9161
20141107 2.82 2.81 2.84 2.79 7190
20141110 2.81 2.86 2.86 2.80 11440
20141111 2.86 2.83 2.88 2.82 10201
20141112 2.83 2.86 2.86 2.79 9195
20141113 2.85 2.87 2.88 2.83 13734
20141114 2.85 2.85 2.86 2.82 11798
20141117 2.85 2.87 2.88 2.84 11552
20141118 2.86 2.85 2.87 2.84 7891
20141119 2.84 2.86 2.87 2.84 4021
20141120 2.86 2.86 2.86 2.85 3082
20141121 2.86 2.90 2.91 2.86 26545
20141124 2.92 2.91 2.93 2.89 21344
20141125 2.92 2.93 2.93 2.91 7029
20141126 2.93 2.94 2.95 2.92 16837
20141127 2.92 2.93 2.94 2.90 17425
20141128 2.93 2.94 2.94 2.91 13839
20141201 2.95 2.93 2.96 2.93 17713
20141202 2.93 2.92 2.93 2.91 17912
20141203 2.94 2.93 2.96 2.90 33330
20141204 2.93 2.95 2.95 2.93 21743
20141205 2.95 2.91 2.95 2.88 35316
20141208 2.90 2.93 2.94 2.89 26102
20141209 2.93 2.88 2.95 2.87 40246
20141210 2.88 2.92 2.93 2.86 15419
20141211 2.92 3.02 3.08 2.89 78570
20141212 3.05 3.02 3.05 3.00 51661
20141215 3.00 3.01 3.03 2.99 17812
20141216 3.01 3.03 3.04 3.00 19503
20141217 3.03 3.00 3.04 2.99 20690
20141218 3.00 3.02 3.04 2.99 22414
20141219 3.02 3.06 3.10 3.02 56611
20141222 3.09 3.08 3.18 3.05 69281
20141223 3.07 2.95 3.07 2.90 30379
20141224 2.99 2.97 2.99 2.93 12503
20141225 2.98 3.00 3.00 2.96 6045
20141226 3.00 3.01 3.02 2.97 6999
20141229 3.02 2.99 3.02 2.96 15646
20141230 2.97 2.96 2.99 2.95 13996
20141231 2.96 2.99 2.99 2.95 8316
20150105 3.01 3.04 3.06 2.96 26640
20150106 3.02 3.02 3.05 2.99 20851
20150107 3.02 3.04 3.04 3.01 15225
20150108 3.03 3.02 3.05 3.00 15518
20150109 3.00 3.07 3.15 3.00 53501
20150112 3.04 3.07 3.09 3.03 24308
20150113 3.07 3.08 3.09 3.06 12003
20150114 3.07 3.03 3.08 3.03 14451
20150115 3.03 3.05 3.07 3.02 14627
20150116 3.04 3.04 3.05 3.01 15823
20150119 3.00 2.87 3.00 2.85 37264
20150120 2.87 2.95 2.97 2.87 24965
20150121 2.95 2.98 2.98 2.92 20941
20150122 2.98 2.97 2.99 2.95 15887
20150123 2.98 2.94 2.98 2.93 10707
20150126 2.94 2.94 2.96 2.92 8624
20150127 2.95 2.93 2.95 2.91 11292
20150128 2.93 2.90 2.94 2.89 12122
20150129 2.91 2.89 2.91 2.87 13315
20150130 2.88 2.90 2.92 2.87 11537
20150202 2.88 2.89 2.90 2.88 6822
20150203 2.91 2.93 2.95 2.89 8556
20150204 2.93 2.94 2.97 2.93 11973
20150205 2.95 2.92 2.96 2.91 5590
20150206 2.93 2.90 2.93 2.89 7489
20150209 2.88 2.90 2.91 2.88 4757
20150210 2.89 2.92 2.93 2.89 4657
20150211 2.94 2.92 2.94 2.90 6813
20150212 2.92 2.93 2.93 2.89 7918
20150213 2.93 2.96 2.96 2.92 8825
20150216 2.94 2.95 2.96 2.94 5532
20150217 2.95 2.95 2.96 2.93 8683
20150225 2.95 2.94 2.95 2.94 3790
20150226 2.94 2.97 2.97 2.94 5961
20150227 2.95 2.97 2.97 2.94 14528
20150302 2.98 3.01 3.03 2.97 39139
20150303 3.00 2.95 3.00 2.94 14882
20150304 2.95 2.96 2.98 2.95 13633
20150305 2.97 2.96 2.98 2.95 11012
20150306 2.96 2.96 2.98 2.95 7990
20150309 2.96 2.97 2.98 2.96 9839
20150310 2.98 2.97 2.98 2.96 8759
20150311 2.97 2.97 2.99 2.96 12027
20150312 2.96 2.97 2.98 2.95 8332
20150313 2.96 2.98 2.99 2.96 15230
20150316 2.98 3.00 3.03 2.97 18820
20150317 3.00 3.03 3.04 2.99 32681
20150318 3.04 3.08 3.09 3.03 45550
20150319 3.08 3.05 3.08 3.04 14917
20150320 3.05 3.06 3.09 3.04 25085
20150323 3.08 3.07 3.09 3.05 22523
20150324 3.08 3.11 3.18 3.05 53823
20150325 3.12 3.09 3.12 3.08 17196
20150326 3.07 3.08 3.09 3.06 18553
20150327 3.07 3.06 3.08 3.03 20622
20150330 3.06 3.07 3.09 3.05 14641
20150331 3.07 3.09 3.11 3.07 27881
20150401 3.08 3.13 3.14 3.08 31406
20150402 3.14 3.19 3.19 3.14 45200
20150403 3.17 3.23 3.25 3.16 34390
20150407 3.25 3.29 3.39 3.25 48132
20150408 3.31 3.26 3.35 3.23 26198
20150409 3.28 3.36 3.37 3.26 65885
20150410 3.37 3.70 3.70 3.36 89805
20150413 4.07 4.07 4.07 4.01 51572
20150414 4.48 3.98 4.48 3.98 190171
20150415 3.99 4.04 4.11 3.97 67705
20150416 3.99 4.12 4.17 3.95 66858
20150417 4.12 4.22 4.25 4.07 98152
20150420 4.20 3.99 4.23 3.97 88798
20150421 3.99 4.10 4.11 3.92 52647
20150422 4.10 4.13 4.21 4.09 51680
20150423 4.15 4.19 4.25 4.10 56776
20150424 4.16 4.09 4.18 3.98 74615
20150427 4.10 4.13 4.15 4.08 42017
20150428 4.13 3.96 4.13 3.95 52588
20150429 3.96 3.99 4.00 3.86 40180
20150430 3.99 4.05 4.08 3.93 45870
20150504 4.06 4.13 4.18 4.02 59871
20150505 4.12 4.05 4.15 4.03 51894
20150506 4.05 4.03 4.10 3.99 36862
20150507 4.03 3.99 4.03 3.93 39214
20150508 3.99 4.09 4.09 3.98 43002
20150511 4.12 4.17 4.18 4.08 66282
20150512 4.16 4.15 4.20 4.14 40267
20150513 4.15 4.21 4.24 4.14 56840
20150514 4.20 4.32 4.32 4.19 64000
20150515 4.33 4.38 4.38 4.19 67894
20150518 4.38 4.52 4.55 4.34 74837
20150519 4.50 4.52 4.60 4.41 56449
20150520 4.53 4.59 4.68 4.50 63366
20150521 4.63 4.52 4.64 4.40 57409
20150522 4.54 4.49 4.57 4.38 73922
20150525 4.50 4.51 4.53 4.48 31816
20150526 4.53 4.54 4.62 4.51 40203
20150527 4.55 4.50 4.58 4.40 53009
20150528 4.49 4.36 4.52 4.34 63739
20150529 4.34 4.40 4.47 4.22 60850
20150601 4.42 4.55 4.56 4.39 59062
20150602 4.57 4.62 4.62 4.52 54872
20150603 4.60 4.56 4.64 4.54 39929
20150604 4.57 4.72 4.73 4.50 114733
20150605 4.75 4.82 4.86 4.71 119604
20150608 4.83 4.69 4.85 4.68 48901
20150609 4.69 4.56 4.69 4.55 46284
20150610 4.56 4.62 4.65 4.52 29082
20150611 4.62 4.60 4.63 4.55 24711
20150612 4.61 4.61 4.64 4.56 29363
20150615 4.61 4.62 4.67 4.59 52205
20150616 4.62 4.50 4.64 4.46 45092
20150617 4.48 4.53 4.54 4.37 43267
20150618 4.51 4.48 4.62 4.47 57626
20150619 4.49 4.33 4.51 4.28 63741
20150721 3.84 3.84 3.84 3.84 39037
20150722 3.70 3.64 3.80 3.61 74659
20150723 3.68 3.71 3.77 3.64 36350
20150724 3.74 3.64 3.75 3.63 33075
20150727 3.61 3.28 3.62 3.28 47025
20150728 3.18 3.28 3.28 2.96 54296
20150729 3.28 3.37 3.37 3.19 26445
20150730 3.35 3.23 3.37 3.23 16806
