20141010 9.84 10.94 10.94 9.84 410
20141013 12.03 12.03 12.03 12.03 154
20141014 13.23 13.23 13.23 13.23 62
20141015 14.55 14.55 14.55 14.55 122
20141016 16.01 16.01 16.01 16.01 384
20141017 17.61 17.61 17.61 17.61 1339
20141020 19.37 19.37 19.37 19.37 2121
20141021 21.31 21.31 21.31 21.31 3340
20141022 23.44 23.44 23.44 23.44 3989
20141023 25.78 25.78 25.78 25.78 38205
20141024 27.07 28.36 28.36 27.02 62935
20141027 29.00 26.75 29.30 26.72 108023
20141028 26.95 29.43 29.43 26.95 75096
20141029 31.00 30.82 31.54 30.10 99744
20141030 30.25 31.64 33.66 30.25 78726
20141031 31.35 34.80 34.80 31.00 74625
20141103 34.87 38.28 38.28 34.50 64316
20141104 39.00 37.21 42.11 37.16 103083
20141105 36.09 38.20 39.30 36.09 59538
20141106 37.00 40.30 41.17 36.50 65923
20141107 39.95 39.70 43.00 39.10 68317
20141110 39.31 40.10 41.27 39.01 45547
20141111 40.00 39.93 40.59 37.91 49622
20141112 39.90 41.18 41.79 38.80 63120
20141113 40.01 39.03 40.98 39.03 38564
20141114 38.77 35.14 39.88 35.13 42100
20141117 34.10 35.27 36.15 34.10 22100
20141118 35.65 35.91 36.44 35.51 16112
20141119 35.49 35.65 36.07 34.90 17536
20141120 35.50 36.60 36.69 35.31 23080
20141121 36.30 36.57 37.51 36.23 21969
20141124 36.85 36.66 37.42 36.18 20184
20141125 36.68 35.33 36.97 34.55 26305
20141126 35.60 35.90 36.26 35.35 13839
20141127 36.55 38.38 38.69 36.42 37303
20141128 38.50 39.15 40.50 38.50 42596
20141201 39.15 38.78 40.24 37.79 32116
20141202 39.10 42.66 42.66 39.10 27455
20141203 46.10 46.93 46.93 44.70 92138
20141204 45.12 45.30 46.36 44.20 67639
20141205 43.89 40.77 44.49 40.77 62882
20141208 39.40 38.71 40.76 38.70 34408
20141209 38.15 35.60 38.88 35.54 35084
20141210 35.61 36.60 37.49 35.00 23193
20141211 36.00 36.82 38.24 35.91 21892
20141212 37.20 37.56 38.14 36.98 14127
20141215 37.56 38.24 38.96 37.30 18034
20141216 38.00 37.26 38.48 36.86 13541
20141217 36.98 36.30 36.98 36.05 12319
20141218 35.90 35.53 37.15 35.53 10824
20141219 35.50 34.83 36.00 34.50 16388
20141222 33.50 31.35 34.33 31.35 15457
20141223 29.85 30.86 32.97 29.84 14878
20141224 31.35 32.69 32.88 31.00 14967
20141225 32.50 32.40 32.93 31.65 12504
20141226 32.00 32.01 32.67 31.91 7808
20141229 31.06 30.38 31.98 30.01 9683
20141230 30.20 30.09 30.69 29.71 7153
20141231 30.20 32.17 33.00 29.45 17101
20150105 31.00 30.65 32.12 29.90 13209
20150106 30.10 31.90 31.98 30.03 12107
20150107 31.45 31.32 31.90 31.03 7079
20150108 31.39 31.35 32.35 31.00 11193
20150109 31.07 30.87 31.78 30.66 9996
20150112 30.60 29.50 30.60 29.40 8573
20150113 29.48 30.30 30.55 29.01 8896
20150114 30.15 29.86 30.55 29.40 8720
20150115 29.95 30.00 30.69 29.67 7132
20150116 29.85 30.57 30.93 29.85 9070
20150119 30.00 31.51 32.98 29.95 18871
20150120 31.32 33.56 33.58 31.26 24695
20150121 33.26 33.20 33.99 32.94 18404
20150122 33.20 33.95 34.30 32.87 14933
20150123 33.90 33.28 34.00 33.22 12951
20150126 33.02 33.44 33.68 32.98 6868
20150127 33.55 32.90 33.58 32.48 9153
20150128 32.85 32.58 33.17 32.58 8503
20150129 32.32 31.78 32.78 31.76 7501
20150130 31.75 31.17 31.99 31.09 5527
20150202 30.69 30.79 31.33 30.30 4420
20150203 31.39 31.62 31.96 30.40 5644
20150204 31.73 31.85 32.22 31.57 5438
20150205 32.15 31.21 32.47 31.21 6306
20150206 31.21 29.98 31.50 29.90 7639
20150209 30.07 29.51 30.30 29.40 3738
20150210 29.95 29.87 29.97 29.10 4163
20150211 29.80 30.27 30.65 29.40 4712
20150212 30.49 30.44 30.67 30.20 3715
20150213 30.33 31.43 31.49 30.33 5883
20150216 31.30 31.84 31.92 31.21 5884
20150217 31.83 31.27 31.83 31.06 5430
20150225 31.27 31.37 31.77 31.01 4014
20150226 31.37 31.68 31.80 31.22 5208
20150227 31.90 32.37 32.55 31.57 7579
20150302 32.25 32.85 32.85 32.25 8477
20150303 32.60 32.05 32.79 32.05 7120
20150304 32.23 32.70 32.88 31.88 7534
20150305 32.85 32.72 33.10 32.27 8333
20150306 32.72 32.60 32.94 31.88 9707
20150309 32.59 33.96 34.15 32.29 18779
20150310 34.00 33.90 34.32 33.60 11606
20150311 33.69 33.00 33.90 32.89 8405
20150312 32.99 32.12 32.99 32.10 6539
20150313 32.18 32.99 33.20 32.01 5277
20150316 33.11 34.30 34.46 33.11 11660
20150317 34.05 34.19 34.40 33.66 11641
20150318 34.49 36.51 37.49 34.27 21697
20150319 38.01 37.27 38.01 36.30 23965
20150320 37.01 40.35 40.40 36.60 22579
20150323 40.10 41.92 42.88 39.69 26928
20150324 41.80 41.71 42.72 39.27 24254
20150325 41.95 42.03 42.98 41.00 16338
20150326 41.58 40.99 43.86 40.50 20944
20150327 40.51 41.89 42.92 40.51 15525
20150330 42.11 40.45 42.57 39.68 17498
20150331 40.00 39.95 40.96 38.38 20090
20150401 40.38 41.53 42.33 39.48 17370
20150402 41.53 43.84 44.50 41.15 26703
20150403 43.88 48.22 48.22 43.42 41968
20150407 49.98 53.04 53.04 49.22 8398
20150408 58.34 53.22 58.34 53.00 44141
20150409 54.60 57.47 57.59 51.00 32224
20150410 54.65 58.42 60.66 54.00 26870
20150413 58.60 55.80 62.00 55.30 20599
20150414 55.40 54.03 55.78 53.62 14729
20150415 54.30 59.43 59.43 54.30 43782
20150416 59.00 56.69 60.00 56.00 31873
20150417 56.11 52.30 56.57 52.10 19983
20150420 53.01 51.98 53.65 50.90 14524
20150421 51.90 54.75 55.35 51.80 12521
20150422 54.18 58.50 59.56 54.15 18812
20150423 58.28 62.15 63.33 57.71 18693
20150424 62.15 66.90 68.30 58.01 19205
20150427 68.90 66.90 73.50 65.00 13050
20150428 65.96 71.00 71.60 63.02 12304
20150429 69.50 70.57 74.06 67.17 9826
20150430 69.93 70.19 72.40 68.03 9001
20150504 68.15 66.08 69.99 65.70 7677
20150505 68.02 68.99 70.99 66.00 11118
20150506 67.10 71.88 73.50 67.10 13744
20150507 70.00 70.87 71.52 68.65 8785
20150508 70.89 77.96 77.96 70.89 9080
20150511 80.00 83.00 85.76 79.65 12598
20150512 82.86 82.49 85.99 79.99 11692
20150513 79.66 78.27 82.50 78.00 10486
20150514 78.65 79.86 81.55 75.00 9349
20150515 78.75 80.94 81.00 75.80 8421
20150518 80.94 89.03 89.03 80.20 16150
20150519 89.03 97.93 97.93 85.99 15459
20150520 69.79 71.74 71.74 69.79 12996
20150521 77.00 78.91 78.91 74.26 6717
20150522 86.80 72.61 86.80 71.02 42028
20150525 69.80 69.70 73.80 67.16 30582
20150526 69.63 71.55 72.00 68.91 27664
20150527 72.00 78.71 78.71 68.90 35802
20150528 79.60 75.31 85.77 73.59 48889
20150529 75.20 75.35 79.15 68.03 32123
20150601 74.00 76.00 76.95 70.30 22367
20150602 77.20 73.60 77.30 72.98 19378
20150603 72.70 71.30 72.89 67.99 26953
20150604 71.40 65.76 71.40 64.17 20047
20150605 67.82 66.41 69.48 65.80 19739
20150608 67.60 61.00 68.61 59.99 16705
20150609 61.21 57.39 62.70 55.47 44395
20150610 58.14 61.95 62.00 56.88 45699
20150611 62.03 66.95 68.02 62.03 37823
20150612 67.08 64.41 67.10 64.00 28500
20150615 64.44 57.97 64.46 57.97 32607
20150616 54.60 53.60 54.73 52.17 30134
20150617 51.98 58.96 58.96 51.98 36112
20150618 59.88 53.06 61.10 53.06 31772
20150619 50.10 48.30 53.06 47.77 19418
20150623 48.98 53.13 53.13 46.20 35299
20150624 53.97 58.00 58.20 52.30 33538
20150625 57.00 53.32 57.00 52.20 24470
20150626 52.99 47.99 52.99 47.99 17907
20150629 48.00 43.19 49.80 43.19 20120
20150630 39.50 46.14 46.71 38.87 32037
20150701 44.10 41.53 47.23 41.53 28634
20150702 37.77 37.38 42.81 37.38 27570
20150703 34.84 33.64 37.93 33.64 22219
20150706 36.50 30.28 36.99 30.28 40920
20150707 29.00 27.25 29.28 27.25 4119
20150708 24.53 25.04 25.35 24.53 81548
20150709 24.00 27.54 27.54 24.00 30656
20150710 29.72 30.29 30.29 29.65 8863
20150713 33.32 33.32 33.32 33.01 9986
20150714 36.65 36.65 36.65 34.05 35743
20150715 36.72 32.99 36.76 32.99 25101
20150716 30.18 31.16 34.51 29.69 39488
20150717 31.60 34.06 34.28 31.16 31070
20150720 34.06 36.15 36.55 33.01 37172
20150721 35.12 39.77 39.77 34.50 34351
20150722 41.77 40.15 41.99 37.96 34934
20150723 40.20 44.17 44.17 40.20 41309
20150724 46.00 42.68 46.60 42.48 41743
20150727 41.00 38.41 44.66 38.41 27085
20150728 34.73 34.57 39.20 34.57 31756
20150729 35.80 37.80 38.03 31.51 37346
20150730 37.90 35.18 38.76 34.91 30204
