20140102 40.16 40.30 40.99 39.60 87923
20140103 40.35 40.38 40.77 40.01 36518
20140106 40.57 40.75 41.17 40.42 54307
20140107 40.49 42.61 43.20 40.21 71253
20140108 43.11 43.15 45.50 43.10 73230
20140109 43.14 43.16 43.98 42.51 35245
20140110 43.12 41.50 43.20 41.25 40413
20140113 41.55 39.40 41.80 38.90 104085
20140114 40.00 40.60 41.16 39.69 59727
20140115 40.80 40.70 42.30 40.69 34102
20140116 40.66 39.68 41.20 39.01 56972
20140117 39.45 39.00 40.14 38.91 47067
20140120 38.93 38.08 39.52 37.90 61915
20140121 38.08 38.61 39.29 38.08 28033
20140122 38.71 39.70 39.90 38.40 41290
20140123 39.80 39.75 40.27 39.62 53907
20140124 39.95 41.05 41.35 39.78 62636
20140127 40.75 40.00 41.20 39.99 50507
20140128 39.90 38.78 40.48 38.33 61726
20140129 38.82 38.56 39.52 38.10 58988
20140130 38.45 37.10 38.46 36.81 87186
20140207 37.10 37.30 37.85 37.06 65251
20140210 37.45 38.40 38.57 37.45 77617
20140211 38.55 40.32 40.60 38.55 115427
20140212 41.00 42.70 43.09 41.00 129580
20140213 42.98 41.20 42.98 41.20 94395
20140214 41.30 41.81 42.16 40.94 45069
20140217 42.40 41.77 42.80 41.60 66625
20140218 41.86 40.20 41.99 40.10 97370
20140219 40.60 40.00 40.90 39.70 79700
20140220 40.10 38.89 40.18 38.59 86919
20140221 38.86 38.80 39.50 38.60 74416
20140224 39.06 39.23 39.32 38.60 74887
20140225 39.41 36.39 39.50 36.00 129962
20140226 36.37 35.06 36.87 34.00 151529
20140227 35.27 35.05 36.35 35.00 95564
20140228 34.90 35.71 35.95 34.51 51531
20140303 35.86 37.22 37.49 35.82 68596
20140304 37.24 36.40 37.30 36.10 54808
20140305 36.91 36.41 37.32 36.14 49769
20140306 36.31 35.32 36.37 34.70 71465
20140307 35.20 34.75 35.60 34.51 60969
20140310 34.75 34.45 35.34 34.25 50954
20140311 34.42 34.80 35.08 34.20 45709
20140312 34.80 34.43 35.05 34.33 46764
20140313 34.43 35.61 35.70 34.43 69686
20140314 35.39 35.14 36.19 34.93 35189
20140317 35.15 35.41 35.60 34.91 49283
20140318 35.47 35.32 35.88 34.98 56135
20140319 35.25 32.38 35.25 32.38 170628
20140320 32.24 31.85 32.95 31.08 138915
20140321 31.59 32.08 32.26 31.10 97788
20140324 32.30 32.24 32.70 31.60 87509
20140325 32.24 32.44 32.85 32.05 62885
20140326 32.45 32.55 32.80 32.26 46200
20140327 32.71 31.60 32.80 31.44 60535
20140328 31.61 32.46 32.60 30.01 121303
20140331 32.50 33.03 33.58 32.00 71658
20140401 33.27 34.08 34.39 33.11 88904
20140402 34.20 34.33 34.90 33.51 77548
20140403 34.35 33.92 34.77 33.60 55700
20140404 33.92 33.98 34.16 33.30 46892
20140408 33.80 34.92 34.95 33.29 70391
20140409 34.78 34.53 35.42 34.30 61074
20140410 34.58 34.11 34.96 34.06 46722
20140411 33.91 33.33 33.91 32.96 56046
20140414 33.86 34.12 34.49 33.57 77868
20140415 34.20 33.40 34.44 33.31 32584
20140416 33.17 33.08 33.58 32.81 36873
20140417 33.11 34.12 34.20 33.11 49658
20140418 34.15 34.80 35.00 33.81 59292
20140421 34.40 34.60 35.60 34.22 58667
20140422 34.70 34.51 35.40 33.76 52314
20140423 34.65 35.00 35.30 34.10 56873
20140424 35.14 35.24 35.87 35.05 59593
20140425 35.18 34.70 35.81 34.62 39613
20140428 34.59 33.81 34.59 33.05 48179
20140429 33.80 35.58 35.58 33.58 51840
20140430 35.65 35.57 35.87 35.19 30065
20140505 35.30 36.12 36.20 35.04 51703
20140506 36.08 35.97 36.98 35.87 50067
20140507 35.81 35.20 35.89 34.70 46274
20140508 34.91 33.95 34.91 33.71 64690
20140509 33.95 34.19 34.47 33.42 39341
20140512 34.40 34.65 34.82 33.71 31346
20140513 34.67 34.57 35.10 34.52 24901
20140514 34.30 35.29 35.40 34.30 33728
20140515 35.41 34.00 35.50 33.50 66016
20140516 33.61 32.60 33.88 32.50 72105
20140519 32.75 31.74 32.75 31.66 57613
20140520 32.30 32.38 33.17 32.23 45988
20140521 32.31 33.20 33.22 32.20 29784
20140522 33.43 32.89 33.97 32.89 34156
20140523 32.87 33.09 33.10 32.65 28569
20140526 33.45 33.20 33.68 33.00 47592
20140527 33.21 32.66 33.39 32.32 39839
20140528 32.70 33.23 33.26 32.00 54500
20140529 33.28 33.37 33.76 33.01 48311
20140530 33.49 33.38 33.77 33.25 26487
20140603 33.60 32.44 33.60 32.35 43061
20140604 32.35 32.83 33.10 32.24 32161
20140605 33.00 33.30 33.37 32.55 47211
20140606 33.33 32.50 33.56 32.35 55787
20140609 32.42 31.91 32.70 31.85 34408
20140610 31.95 32.50 32.60 31.91 37429
20140611 33.05 34.15 34.55 33.05 118104
20140612 33.79 33.49 34.03 33.25 57347
20140613 33.32 34.42 34.77 33.32 67416
20140616 34.30 35.86 36.11 34.30 100888
20140617 29.86 29.20 30.16 29.05 77983
20140618 30.00 29.42 30.44 29.39 70031
20140619 29.50 28.81 29.98 28.45 66734
20140620 28.92 29.29 29.46 28.75 57208
20140623 29.31 29.61 30.05 29.31 42703
20140624 29.80 29.46 29.90 29.31 37708
20140625 29.48 29.40 29.70 28.71 37677
20140626 29.40 29.63 29.86 29.29 45138
20140627 29.50 29.55 29.83 29.47 30865
20140630 29.57 29.25 29.64 28.76 60703
20140701 29.37 29.28 29.60 29.07 30795
20140702 29.51 29.20 29.58 29.05 37956
20140703 29.30 29.32 29.53 29.21 35740
20140704 29.26 28.57 29.28 28.28 95586
20140707 28.59 27.15 28.65 27.00 178948
20140708 27.14 27.34 27.41 26.90 69553
20140709 27.50 27.22 27.72 27.11 64874
20140710 27.08 26.53 27.46 26.51 82143
20140711 26.50 26.65 26.83 26.48 73890
20140714 26.68 27.39 27.39 26.58 66726
20140715 27.45 27.32 27.62 27.13 51124
20140716 27.35 27.03 27.40 27.00 34928
20140717 27.00 27.35 27.50 26.86 48685
20140718 27.35 26.53 27.41 26.40 86681
20140721 26.58 26.01 26.60 25.42 60817
20140722 26.15 26.46 26.48 25.91 45940
20140723 26.40 25.66 26.58 25.44 72364
20140724 25.69 24.97 25.81 24.74 100693
20140725 25.12 25.16 25.35 24.90 56013
20140728 25.25 26.05 26.20 25.20 97437
20140729 26.25 26.81 27.16 25.91 135844
20140730 26.60 26.96 27.40 26.60 90284
20140731 26.96 26.78 27.00 26.61 59748
20140801 26.53 27.00 27.37 26.53 87022
20140804 26.80 27.20 27.37 26.80 75859
20140805 27.10 28.22 28.35 27.03 192759
20140806 28.18 28.19 28.39 27.80 92347
20140807 28.30 27.94 28.93 27.90 99890
20140808 28.10 27.91 28.37 27.87 53990
20140811 27.99 28.94 29.10 27.99 129572
20140812 28.93 28.90 29.10 28.68 56570
20140813 28.81 28.80 29.23 28.54 69082
20140814 28.93 28.38 29.28 28.30 69081
20140815 28.41 28.90 28.90 27.80 105192
20140818 28.70 29.18 29.24 28.70 68470
20140819 29.30 29.92 30.08 29.30 133218
20140820 30.00 29.41 30.06 29.27 64460
20140821 29.50 30.51 30.76 29.50 138428
20140822 30.58 31.11 31.69 30.20 104638
20140825 31.11 30.94 31.75 30.21 88762
20140826 30.95 29.86 31.23 29.75 72875
20140827 29.76 30.46 30.86 29.76 76838
20140828 30.78 30.20 31.07 30.09 66224
20140829 30.26 30.83 31.20 30.10 51382
20140901 31.01 31.85 31.88 30.76 109991
20140902 31.91 31.87 32.50 31.80 67444
20140903 31.87 31.78 32.40 31.53 53884
20140904 31.42 31.90 32.34 31.42 73295
20140905 31.91 31.98 32.36 31.61 71245
20140909 32.15 32.65 33.27 32.15 89707
20140910 33.00 32.68 33.20 32.34 62308
20140911 32.75 33.01 33.20 32.44 59943
20140912 32.82 32.35 32.88 31.98 90048
20140915 32.10 31.04 32.33 30.88 176121
20140916 31.29 30.78 31.97 30.60 120280
20140917 30.90 30.98 31.30 30.70 71554
20140918 31.09 31.50 31.58 30.90 87790
20140919 31.81 32.03 32.12 31.61 80888
20140922 32.00 30.90 32.00 30.85 61546
20140923 31.07 30.75 31.35 30.43 107424
20140924 30.82 31.14 31.15 30.57 85292
20140925 31.13 30.65 31.61 30.48 85337
20140926 30.60 30.36 30.60 30.00 96338
20140929 30.37 29.88 30.60 29.76 166073
20140930 30.02 30.26 30.26 29.83 100030
20141008 30.28 30.80 30.84 30.13 99380
20141009 30.97 31.18 31.69 30.90 123255
20141010 31.35 30.81 31.35 30.48 101258
20141013 30.52 30.16 30.52 29.88 65694
20141014 30.03 29.70 30.30 29.46 121984
20141015 29.75 29.60 29.82 29.26 82556
20141016 29.32 29.67 30.09 29.01 95921
20141017 29.90 29.60 29.90 28.90 71575
20141020 29.71 29.78 29.82 29.40 56959
20141021 29.77 29.66 30.15 29.53 65789
20141022 29.70 29.28 29.78 28.92 71688
20141023 29.34 28.16 29.34 27.88 87302
20141024 28.30 27.78 28.39 27.71 57917
20141027 27.50 28.26 28.30 27.35 55973
20141028 28.31 28.87 28.94 28.30 63817
20141029 29.01 28.84 29.25 28.55 79844
20141030 28.80 28.76 29.13 28.66 60333
20141031 28.80 28.35 28.86 28.19 72874
20141103 28.38 28.68 28.82 28.38 60855
20141104 28.71 28.00 28.79 27.99 91845
20141105 27.90 28.20 28.35 27.75 56025
20141106 28.19 29.33 29.33 28.05 104979
20141107 29.34 28.89 29.90 28.76 103602
20141110 28.80 28.98 29.20 28.59 62949
20141111 28.98 28.13 28.99 28.01 69196
20141112 28.12 28.03 28.45 27.80 59452
20141113 28.00 27.53 28.00 27.02 110186
20141114 27.56 27.74 28.03 27.54 46728
20141117 27.70 28.30 28.58 27.70 64008
20141118 28.40 29.39 29.43 28.40 138427
20141119 29.51 29.35 29.78 29.06 81613
20141120 29.37 29.02 29.50 28.81 52295
20141121 29.20 29.58 29.80 28.94 80664
20141124 29.84 29.56 29.88 29.21 104941
20141125 29.56 30.40 30.50 29.41 122083
20141126 30.50 30.73 31.40 30.35 136858
20141127 30.84 31.01 31.27 30.56 122530
20141128 31.13 31.16 31.36 30.70 138381
20141202 32.50 31.59 32.88 31.40 343907
20141203 32.00 34.20 34.59 31.20 453253
20141204 34.00 33.88 34.38 33.42 231983
20141205 34.18 33.18 34.30 32.00 256031
20141208 32.96 33.35 34.08 32.66 193277
20141209 33.05 31.90 33.99 31.80 228465
20141210 31.88 35.09 35.09 31.62 357223
20141211 36.30 36.27 37.50 35.50 408536
20141212 36.40 37.97 38.49 35.12 298236
20141215 37.70 38.05 38.98 37.28 183002
20141216 38.05 37.38 38.27 36.80 156511
20141217 37.00 36.65 37.49 36.19 110071
20141218 36.41 37.15 38.99 36.40 197043
20141219 36.84 37.00 37.26 35.56 126254
20141222 36.40 35.80 36.92 34.50 143868
20141223 35.61 33.98 36.50 33.91 135096
20141224 34.51 35.09 35.50 33.98 129671
20141225 35.50 35.40 35.50 34.50 108881
20141226 36.00 35.47 36.19 35.11 93074
20141229 35.72 35.25 36.37 34.95 134415
20141230 35.33 33.60 35.59 33.01 167842
20141231 33.90 34.80 34.85 33.67 106140
20150105 34.40 33.98 34.70 33.38 166463
20150106 33.98 36.32 36.51 33.80 187837
20150107 36.30 35.70 36.75 35.12 154206
20150108 35.54 35.74 36.60 35.21 132247
20150109 35.85 34.91 36.44 34.88 114605
20150112 34.90 35.18 35.24 33.98 98870
20150113 35.00 35.50 35.56 34.80 75246
20150114 35.61 34.60 35.92 34.60 93396
20150115 34.58 35.32 36.40 34.45 115069
20150116 35.32 35.70 35.81 34.80 108137
20150119 34.77 34.53 36.67 33.80 168440
20150120 34.57 35.62 35.77 34.57 120837
20150121 36.30 36.55 37.87 36.30 173502
20150122 36.27 37.22 37.37 36.27 125690
20150123 37.15 36.44 37.49 36.06 99288
20150126 36.47 36.73 37.20 36.40 83781
20150127 36.75 37.01 37.88 36.75 170215
20150128 37.00 36.36 37.67 36.25 83288
20150129 36.25 35.06 36.25 34.88 114306
20150130 35.00 35.02 36.00 34.88 90809
20150202 33.88 33.30 33.95 33.00 254040
20150203 33.40 33.34 33.57 32.71 186778
20150204 33.52 33.80 33.88 33.10 122103
20150205 33.80 33.11 33.98 33.10 106832
20150206 33.00 31.93 33.00 31.60 111141
20150209 32.16 32.41 32.69 32.02 74920
20150210 32.41 33.26 33.30 32.32 80789
20150211 33.36 32.78 33.84 32.60 100200
20150212 32.85 32.81 33.21 32.60 68734
20150213 33.08 33.80 34.49 33.01 179051
20150216 34.29 35.60 35.88 34.25 164967
20150217 35.52 35.78 36.20 34.90 118326
20150225 36.40 36.98 38.55 36.40 259552
20150226 37.23 36.75 37.89 36.35 133492
20150227 36.84 36.97 37.00 36.16 95572
20150302 38.51 39.49 40.67 38.50 387812
20150303 39.95 39.40 40.68 38.90 305199
20150304 39.00 38.80 39.00 38.08 155066
20150305 38.87 38.32 39.99 38.00 125090
20150306 38.32 37.06 38.50 37.00 124782
20150309 37.06 38.27 38.50 37.00 143767
20150310 38.30 37.88 38.60 37.60 105222
20150311 38.17 37.14 38.24 37.00 85616
20150312 37.55 37.29 37.63 36.64 80380
20150313 37.11 37.54 38.00 37.11 91400
20150316 37.75 38.28 38.65 37.70 158395
20150317 38.62 38.40 38.95 38.05 153538
20150318 38.43 39.09 39.30 38.00 211832
20150319 39.02 38.19 39.02 38.00 152864
20150320 38.14 38.11 38.79 37.90 172284
20150323 38.60 39.37 39.69 38.00 249511
20150324 40.38 43.31 43.31 40.34 423103
20150325 45.00 44.46 46.68 44.00 372067
20150326 44.08 41.72 44.08 40.80 285019
20150327 41.62 42.50 42.63 41.10 188112
20150330 42.80 43.06 43.49 41.98 198626
20150331 43.07 43.34 44.40 42.71 217024
20150401 43.35 44.17 44.87 43.00 194916
20150402 44.38 46.38 48.49 44.00 247571
20150403 45.80 48.19 48.67 45.57 244261
20150407 49.30 48.38 50.63 47.41 204405
20150408 48.45 46.03 48.55 45.57 221870
20150409 46.09 46.89 47.00 42.63 262530
20150410 46.20 47.30 47.38 45.50 161105
20150413 47.60 47.65 49.00 47.29 181495
20150414 47.60 46.56 47.62 46.44 134593
20150415 46.98 44.70 47.16 44.58 134834
20150416 44.60 47.23 49.17 44.05 262184
20150417 48.87 46.06 48.89 45.75 232791
20150420 45.50 43.55 45.55 43.50 200226
20150421 43.71 45.75 46.08 43.71 179312
20150422 46.00 46.72 47.28 46.00 160186
20150423 47.31 46.98 49.00 46.40 162168
20150424 46.80 47.55 47.91 46.00 182971
20150427 47.75 48.55 50.59 47.75 246570
20150428 48.15 47.16 49.58 46.50 159290
20150429 46.90 48.15 48.74 46.50 126406
20150430 48.29 48.35 49.18 47.91 147759
20150504 48.50 51.80 51.88 48.28 203898
20150505 51.96 49.10 51.97 48.48 175518
20150506 50.00 49.07 51.81 48.80 173517
20150507 49.05 47.40 50.50 47.00 116793
20150508 48.10 49.75 49.88 48.00 130836
20150511 50.00 52.21 52.30 48.85 227153
20150512 52.22 52.50 53.80 51.12 190437
20150513 52.40 51.10 52.41 50.01 181624
20150514 51.00 50.28 51.20 49.80 125546
20150515 49.80 50.55 51.65 49.70 141379
20150518 51.41 54.36 55.61 51.31 246708
20150519 54.19 59.15 59.79 53.30 204973
20150520 59.00 57.80 60.80 57.80 157577
20150521 57.80 59.00 59.38 56.80 177616
20150522 59.12 61.15 63.00 58.45 208300
20150525 61.80 62.05 63.60 59.80 177785
20150526 62.70 62.10 63.80 61.63 203329
20150527 63.00 61.73 64.50 61.51 209113
20150528 61.74 57.41 61.99 57.19 200447
20150529 57.60 58.30 59.89 56.01 191342
20150601 58.56 60.13 60.58 57.55 205400
20150602 61.00 61.45 62.36 59.50 210639
20150603 61.78 59.41 61.78 58.61 192207
20150604 60.00 60.05 60.80 53.66 213430
20150605 61.08 58.50 61.70 57.06 198707
20150608 58.40 55.65 58.40 54.60 222891
20150609 55.50 55.47 56.85 54.95 183799
20150610 55.88 56.85 57.95 55.47 166350
20150611 56.90 59.51 60.00 56.88 192343
20150612 60.04 58.81 60.40 57.96 155077
20150615 58.70 57.05 60.49 56.71 140258
20150616 57.05 55.41 57.50 54.00 152467
20150617 55.28 58.82 59.08 55.20 219499
20150618 58.30 58.24 61.50 58.00 190182
20150619 56.88 54.66 58.91 52.96 151975
20150623 54.16 57.40 57.50 52.64 143686
20150624 57.90 59.90 60.30 56.80 205751
20150625 61.40 56.80 61.88 56.38 181778
20150626 54.70 51.12 55.99 51.12 164640
20150629 53.00 46.01 53.00 46.01 196267
20150630 45.00 48.79 49.89 41.41 228120
20150701 47.40 48.20 52.50 47.40 199428
20150702 48.55 45.93 49.80 45.20 201881
20150703 46.30 44.99 50.52 41.34 225445
20150706 49.45 40.49 49.45 40.49 270466
20150707 37.45 36.44 38.50 36.44 314642
20150713 40.08 40.08 40.08 40.08 20667
20150714 44.09 44.09 44.09 44.09 24229
20150715 44.70 40.32 44.70 39.68 238060
20150716 40.32 42.54 43.09 38.10 188544
20150717 42.75 44.73 45.38 42.75 139594
20150720 45.00 47.50 48.10 44.61 227000
