20140102 39.50 39.97 40.80 39.00 3537
20140103 39.97 41.74 41.76 39.90 8428
20140106 41.64 40.00 41.77 40.00 4852
20140107 40.08 42.05 42.05 40.08 6996
20140108 42.31 42.57 43.85 42.22 14431
20140109 42.50 43.06 43.50 42.07 3934
20140110 43.06 41.00 43.09 40.21 4405
20140113 40.99 41.70 42.48 40.33 3718
20140114 42.00 42.50 42.50 40.83 5150
20140115 42.50 42.62 43.25 42.00 5819
20140116 42.62 41.40 42.62 41.01 4565
20140117 41.01 40.51 41.90 40.33 8386
20140120 40.95 39.00 40.99 38.00 9520
20140121 38.83 39.10 39.49 38.80 3583
20140122 39.10 39.00 40.00 38.56 7474
20140123 39.29 40.32 41.77 38.86 14828
20140124 41.90 41.44 41.90 40.50 20095
20140127 41.35 43.79 44.74 40.98 21227
20140128 43.78 43.56 45.73 42.88 21335
20140129 43.05 45.37 45.58 43.03 13016
20140130 45.37 44.90 45.50 43.92 5949
20140207 44.87 46.73 47.25 43.60 13582
20140210 46.73 45.75 47.00 44.67 18374
20140211 45.25 42.21 45.66 41.18 36264
20140212 41.79 41.08 41.79 39.89 24987
20140213 40.70 42.40 44.08 40.38 37563
20140214 42.51 42.58 43.45 41.50 13235
20140217 42.48 43.55 43.78 42.05 7847
20140218 43.43 42.42 43.46 42.42 13050
20140219 43.20 45.20 46.66 43.20 39162
20140220 44.44 47.24 48.38 43.91 29806
20140221 46.15 48.94 49.17 46.15 36574
20140224 48.91 50.13 51.88 47.00 28931
20140225 49.91 46.90 49.91 46.50 35343
20140226 46.00 48.90 48.99 42.21 48179
20140227 50.00 46.88 51.18 46.70 27798
20140228 46.10 48.50 49.50 45.35 16932
20140303 47.80 47.48 49.40 46.50 14791
20140304 45.99 46.30 46.72 44.70 23226
20140305 45.89 45.00 46.16 43.89 22719
20140306 44.49 43.02 44.50 41.92 24777
20140307 42.70 43.30 44.55 42.27 14702
20140310 42.50 43.30 44.00 42.50 13797
20140311 43.02 43.37 44.48 42.80 7382
20140312 43.69 41.95 43.70 39.90 16698
20140313 41.18 43.00 43.18 41.18 8827
20140314 42.60 44.69 45.09 42.60 9120
20140317 44.95 45.20 45.31 44.22 5783
20140318 44.90 46.48 46.60 44.90 11960
20140319 46.37 46.27 46.70 45.24 3617
20140320 46.28 45.18 46.28 43.80 4526
20140321 44.45 43.45 44.50 41.46 11112
20140324 42.81 42.30 42.81 40.80 16220
20140325 41.90 42.26 42.47 41.30 11834
20140326 41.53 41.99 42.28 41.52 7770
20140327 41.68 41.03 41.97 40.51 7388
20140328 40.50 39.39 41.03 38.06 17823
20140331 39.66 40.70 41.08 39.45 16526
20140401 40.59 41.12 42.08 40.59 11110
20140402 41.09 40.29 41.78 38.45 16117
20140403 39.70 38.80 39.93 38.33 15502
20140404 38.52 39.90 39.92 38.20 6489
20140408 39.43 40.60 40.95 39.40 10386
20140409 40.84 40.82 41.48 40.26 5298
20140410 40.82 41.32 41.74 40.81 5488
20140411 40.59 39.83 41.00 39.51 11513
20140414 39.69 39.98 40.46 39.40 5368
20140415 40.00 39.40 40.39 39.03 4310
20140416 39.20 39.55 39.68 38.67 3916
20140417 39.54 40.20 40.34 39.54 4437
20140418 40.55 40.45 41.80 40.11 8627
20140421 39.98 41.03 41.30 39.50 6694
20140422 41.03 40.21 41.35 40.01 5215
20140423 40.60 40.55 41.18 40.38 3234
20140424 40.56 40.10 40.96 40.10 3008
20140425 40.10 39.00 40.10 37.98 6906
20140428 38.30 37.80 38.68 37.24 9455
20140429 37.68 38.00 38.80 37.20 8520
20140430 37.69 38.00 38.26 37.21 7051
20140505 37.80 38.59 38.99 37.60 2922
20140506 38.76 39.08 39.15 38.44 8057
20140507 38.91 37.65 38.99 37.61 6042
20140508 37.12 37.51 38.26 37.12 3315
20140509 37.36 36.36 37.52 36.01 4881
20140512 36.54 36.78 36.95 36.06 3869
20140513 36.60 36.15 37.20 35.97 5487
20140514 36.38 36.43 36.80 36.04 3586
20140515 36.43 35.86 37.00 35.86 5444
20140516 35.67 36.00 36.00 34.00 11153
20140623 18.30 19.00 19.68 18.00 82706
20140624 18.64 19.22 19.35 18.51 73056
20140625 19.15 18.91 19.21 18.70 24524
20140626 18.91 18.35 19.16 18.11 102202
20140627 18.30 18.23 18.38 18.09 47185
20140630 18.36 20.05 20.05 18.36 86858
20140701 20.05 20.07 20.69 19.89 60447
20140702 20.07 21.35 21.57 19.98 72930
20140703 21.20 20.66 21.20 20.48 68802
20140704 20.74 20.67 21.00 20.40 32448
20140707 20.58 20.10 20.58 19.64 77644
20140708 20.00 20.84 20.86 19.77 41637
20140709 20.85 20.28 21.18 20.00 45934
20140710 20.28 19.63 20.28 19.62 42121
20140711 19.40 18.53 19.77 18.47 67861
20140714 18.52 18.83 18.83 17.92 68772
20140715 18.77 18.12 18.86 17.86 65843
20140716 18.12 17.35 18.24 17.18 56258
20140717 17.40 17.39 17.62 17.26 30185
20140718 17.45 17.51 17.80 17.30 42327
20140721 17.50 17.56 17.73 17.06 24756
20140722 17.52 17.94 18.01 17.50 40812
20140723 17.90 17.45 17.90 17.35 23158
20140724 17.45 16.67 17.45 16.60 33111
20140725 16.70 16.84 17.02 16.61 16871
20140728 16.90 17.17 17.45 16.84 28865
20140729 17.35 17.53 17.75 17.15 35576
20140730 17.46 17.70 17.72 17.41 27533
20140731 17.62 17.70 17.72 17.43 17694
20140801 17.69 17.19 17.72 17.12 33757
20140804 17.19 18.18 18.34 17.19 49807
20140805 18.18 18.37 18.57 17.80 38839
20140806 18.33 18.40 18.66 18.08 32030
20140807 18.40 18.12 18.56 18.10 25578
20140808 18.13 18.21 18.28 18.03 21562
20140811 18.21 18.31 18.44 18.09 32185
20140812 18.32 18.40 18.75 18.30 34554
20140813 18.48 18.15 18.48 18.00 23252
20140814 18.25 18.01 18.28 18.00 18585
20140815 18.03 18.16 18.23 18.02 18351
20140818 18.22 18.71 18.80 18.21 54560
20140819 18.80 19.54 19.88 18.80 72392
20140820 19.60 19.34 19.60 19.01 32511
20140821 19.34 19.01 19.40 18.67 40439
20140822 19.04 19.25 19.39 18.93 32429
20140825 19.35 18.87 19.47 18.83 30022
20140826 18.75 18.11 18.75 18.04 46922
20140827 18.16 18.16 18.39 18.05 25026
20140828 18.16 17.76 18.26 17.66 26299
20140829 17.71 18.23 18.24 17.71 17610
20140901 18.29 18.79 18.84 18.23 30495
20140902 18.82 19.28 19.44 18.82 51364
20140903 19.30 19.24 19.40 19.08 33652
20140904 19.24 19.90 20.12 19.24 81346
20140905 20.50 20.95 20.97 20.20 112529
20140909 21.01 21.83 22.00 20.80 88895
20140910 21.60 21.31 21.60 21.02 53370
20140911 21.48 21.13 22.30 21.01 82402
20140912 21.24 21.41 21.45 20.70 45886
20140915 21.42 21.78 21.87 20.90 59862
20140916 21.65 20.80 21.67 20.66 61392
20140917 20.78 20.44 20.78 20.01 42112
20140918 20.44 21.03 21.33 20.25 40189
20140919 21.33 21.27 21.34 20.80 37416
20140922 21.27 22.21 23.00 21.01 99266
20140923 22.21 22.88 23.04 21.87 65592
20140924 22.89 23.31 23.68 22.62 66588
20140925 23.40 23.16 23.60 23.03 46167
20140926 23.17 22.97 23.18 22.55 44035
20140929 22.92 24.92 24.92 22.92 89261
20140930 24.90 25.36 25.39 24.55 67060
20141008 25.36 24.73 25.47 24.60 51351
20141009 24.80 24.60 25.30 24.31 51084
20141010 24.31 23.51 24.59 22.14 79787
20141013 23.60 24.30 24.68 23.38 61789
20141219 26.73 23.84 26.73 23.31 236100
20141222 21.80 21.46 23.25 21.46 46412
20141223 19.51 20.50 21.39 19.31 112217
20141224 20.94 21.25 21.65 20.80 59693
20141225 21.25 21.05 21.84 20.96 50283
20141226 21.00 20.10 21.00 20.03 59647
20141229 20.10 18.42 20.34 18.14 67817
20141230 18.36 17.16 18.41 17.05 63336
20141231 17.40 17.90 18.09 17.05 50221
20150105 18.00 18.36 18.50 16.58 105374
20150106 18.00 18.78 19.78 17.74 61013
20150107 18.78 18.81 19.54 18.50 51917
20150108 18.82 20.00 20.68 18.52 105446
20150109 19.95 21.06 21.88 19.70 118900
20150112 20.90 21.24 21.49 20.48 73687
20150113 21.00 21.62 21.86 20.61 72948
20150114 21.61 21.19 21.80 20.85 47698
20150115 21.19 20.39 21.40 20.02 49799
20150116 20.50 20.49 20.96 20.18 63226
20150119 20.20 20.88 21.65 19.61 78720
20150120 20.85 22.07 22.12 20.85 88466
20150121 21.90 22.42 22.45 21.85 82015
20150122 22.30 22.07 22.48 21.73 62064
20150123 22.05 21.81 22.34 21.78 46586
20150126 21.62 21.70 22.01 21.50 56096
20150127 21.79 21.48 21.82 21.00 46324
20150128 21.36 21.88 21.98 21.31 59619
20150129 21.79 21.50 21.79 21.00 58225
20150130 21.40 21.00 22.50 21.00 30100
20150202 20.56 20.46 20.99 20.40 36535
20150203 20.59 21.33 21.60 20.31 62350
20150204 21.33 21.54 21.99 21.22 64709
20150205 21.50 22.59 22.72 21.21 101049
20150206 22.59 21.56 22.88 21.41 65154
20150209 21.27 20.00 21.54 20.00 74446
20150210 20.00 20.00 20.28 18.90 78561
20150211 20.01 21.24 21.24 19.82 52382
20150212 21.30 21.51 21.97 21.30 62462
20150213 21.87 22.50 22.51 21.56 75029
20150216 22.64 22.79 23.26 22.40 77353
20150217 22.95 22.05 23.03 22.00 69377
20150225 22.00 22.70 22.97 21.95 72057
20150226 22.72 22.15 22.85 21.70 58688
20150227 22.19 22.60 22.84 21.92 57399
20150302 22.83 23.79 24.10 22.31 112923
20150303 23.54 23.53 24.34 23.25 99882
20150304 23.50 24.19 24.50 23.42 87020
20150305 24.20 25.02 25.19 23.72 107745
20150306 24.88 23.79 25.28 23.70 77288
20150309 23.50 24.03 24.26 22.85 50702
20150310 23.89 25.08 25.16 23.89 80458
20150311 25.15 24.71 25.68 24.50 64806
20150312 24.82 25.87 26.43 24.82 140147
20150313 25.51 26.72 27.00 25.36 105869
20150316 27.01 27.90 29.27 27.01 138947
20150317 27.66 28.01 28.97 27.20 119888
20150318 27.78 27.97 28.50 27.50 76944
20150319 27.98 27.31 27.98 26.88 100745
20150320 27.32 28.45 29.00 27.25 97153
20150323 28.45 31.30 31.30 28.40 153048
20150324 31.90 33.40 34.00 30.30 186805
20150325 33.38 33.00 33.38 32.11 102876
20150326 32.05 31.40 34.48 31.30 110174
20150327 31.36 32.36 32.60 30.39 62094
20150330 32.29 31.83 33.33 31.50 80701
20150331 31.51 31.83 32.80 30.78 66466
20150401 31.88 33.80 33.80 31.88 105037
20150402 34.10 35.91 36.50 33.80 104259
20150403 35.30 37.35 38.58 34.89 96988
20150407 37.35 37.15 39.46 37.01 86084
20150408 36.90 35.13 37.79 35.00 89035
20150409 35.32 33.97 35.60 32.00 96147
20150410 33.97 35.90 36.56 33.20 63811
20150413 36.02 36.50 37.05 35.91 50996
20150414 35.63 34.47 36.92 34.41 102206
20150415 34.58 31.82 35.49 31.65 67147
20150416 31.32 32.50 33.60 31.00 55985
20150417 32.98 32.70 33.29 31.90 61781
20150420 32.60 31.50 32.88 31.44 62543
20150421 31.50 33.34 33.41 31.28 72525
20150422 33.42 35.60 35.68 33.23 73698
20150430 38.80 38.18 38.80 35.49 153679
20150504 38.05 38.33 38.79 36.14 91991
20150505 38.00 37.12 39.10 36.82 73348
20150506 37.03 37.44 38.50 36.59 65985
20150507 37.37 37.45 37.65 35.61 68540
20150508 37.41 40.49 40.50 37.30 93689
20150511 41.80 41.33 42.00 39.68 76529
20150512 41.51 45.46 45.46 40.00 144580
20150513 43.00 46.98 48.48 42.56 90558
20150514 46.92 50.40 51.68 46.92 103176
20150515 50.40 48.80 50.88 48.03 53994
20150518 48.80 53.68 53.68 48.50 93841
20150519 54.92 58.11 59.05 54.80 81200
20150520 58.22 62.20 63.92 57.04 73610
20150521 62.45 61.97 63.98 60.01 51079
20150522 62.50 57.99 64.96 57.00 85468
20150525 55.68 58.45 59.00 54.00 58829
20150526 58.09 61.35 61.50 58.00 52210
20150527 61.25 62.29 62.58 59.00 54259
20150528 62.00 57.90 63.80 57.60 75745
20150529 58.40 61.32 62.80 54.50 81316
20150601 61.00 67.45 67.45 61.00 56223
20150602 67.68 68.50 72.00 67.68 56977
20150603 68.70 68.50 71.10 66.00 55274
20150604 68.54 63.93 69.89 61.65 85503
20150605 63.99 62.10 67.00 60.70 53117
20150608 62.20 57.06 63.00 56.75 70690
20150609 56.04 58.98 59.57 56.00 49437
20150610 58.96 64.25 64.88 58.50 67787
20150611 64.47 65.70 66.25 63.00 40326
20150612 66.09 67.00 68.80 65.32 37826
20150615 68.00 61.85 68.50 60.95 43035
20150616 61.01 59.39 62.60 57.60 44096
20150617 61.99 60.11 61.99 56.10 50360
20150618 60.11 59.38 60.99 57.53 42944
20150619 58.00 53.45 59.00 53.44 51770
20150623 52.99 58.80 58.80 50.50 69945
20150624 60.76 60.37 62.50 58.00 38104
20150625 60.50 58.69 61.50 58.18 37533
20150626 57.00 52.82 57.00 52.82 45684
20150629 54.88 47.54 55.00 47.54 66902
20150630 43.00 51.50 51.50 42.79 74842
20150701 51.10 46.35 52.30 46.35 54518
20150702 45.50 41.72 47.88 41.72 64457
20150703 37.58 37.55 41.50 37.55 90569
20150706 41.31 34.67 41.31 33.80 141044
20150707 32.60 31.20 33.00 31.20 101598
