20140102 26.68 27.42 27.59 26.55 12883
20140103 27.32 27.50 27.86 27.26 13413
20140106 27.50 25.09 27.50 25.02 17201
20140107 24.98 25.50 25.86 24.91 8962
20140108 25.84 26.55 26.66 25.65 14399
20140109 26.50 25.50 26.58 25.41 11426
20140110 25.47 25.88 26.35 25.13 9231
20140113 25.88 26.46 26.64 25.59 8962
20140114 26.46 27.70 27.79 26.20 18330
20140115 27.58 27.88 28.25 27.23 19848
20140116 27.71 27.25 28.28 27.08 15364
20140117 27.15 27.22 27.82 27.00 10621
20140120 27.00 26.26 27.40 25.80 9330
20140121 26.36 27.09 27.09 26.20 7841
20140122 27.13 27.45 27.58 27.00 13794
20140123 27.40 28.76 28.95 27.31 28052
20140124 28.55 29.31 29.80 28.38 28368
20140127 28.88 28.12 28.94 27.87 22716
20140128 28.00 27.80 28.49 27.30 15157
20140129 27.80 28.14 28.25 27.51 13473
20140130 28.13 27.30 28.17 27.30 12578
20140207 27.10 28.28 28.29 27.10 10599
20140210 28.40 29.00 29.30 28.01 21878
20140211 28.90 28.47 29.16 28.12 20589
20140212 28.33 30.00 30.08 28.33 31870
20140213 29.88 29.09 30.75 28.91 24976
20140214 28.93 30.15 30.15 28.62 15996
20140217 30.44 31.29 31.40 30.15 22123
20140218 31.29 30.99 31.35 30.55 17394
20140219 30.78 30.00 31.12 29.50 18003
20140220 29.77 29.00 30.09 28.92 12576
20140221 29.00 29.26 29.55 28.77 8390
20140224 29.05 29.68 29.70 28.95 10656
20140225 29.72 26.85 30.11 26.71 21920
20140226 26.80 26.24 26.80 25.00 11827
20140227 26.20 25.48 26.67 25.46 10931
20140228 25.09 26.02 26.08 25.00 7645
20140303 26.02 26.56 26.60 26.00 6367
20140304 26.50 26.28 26.50 26.00 4680
20140305 26.45 26.81 27.30 26.29 8014
20140306 26.69 26.71 26.90 26.20 5525
20140307 26.71 26.56 27.20 26.38 5665
20140310 26.40 25.30 26.42 25.29 6118
20140311 25.29 25.35 25.77 25.13 3380
20140312 25.38 25.21 25.59 24.85 4032
20140313 25.18 25.43 25.55 25.10 3266
20140314 25.44 25.36 25.48 25.20 3184
20140317 25.36 26.33 26.33 25.36 7190
20140318 26.25 26.35 26.66 26.25 5852
20140319 26.39 26.81 26.94 26.22 8461
20140320 26.80 25.78 27.07 25.78 7241
20140321 25.42 26.19 26.25 25.26 3686
20140324 26.12 26.17 26.47 25.90 3934
20140325 26.00 26.06 26.29 25.84 3078
20140326 26.07 26.55 26.63 26.07 5546
20140327 26.55 26.06 26.80 26.05 7041
20140328 25.09 23.45 25.41 23.45 18027
20140331 23.45 22.91 23.45 22.77 5895
20140401 23.05 23.31 23.35 23.02 2884
20140402 23.40 22.90 23.50 22.82 3220
20140403 22.96 23.27 23.30 22.77 3729
20140404 23.34 23.41 23.45 23.02 2183
20140408 23.42 23.64 23.75 23.22 2985
20140409 23.70 24.21 24.25 23.70 5033
20140410 24.35 24.17 24.58 24.15 5195
20140411 24.06 24.00 24.15 23.77 2870
20140414 23.83 24.20 24.26 23.83 4033
20140415 24.26 24.01 24.30 24.00 3191
20140416 24.02 24.16 24.16 23.94 1995
20140417 24.16 24.27 24.37 24.16 2846
20140418 24.13 24.34 24.42 24.00 1861
20140421 24.30 24.18 24.37 24.00 3143
20140422 24.13 23.57 24.13 23.30 4025
20140423 23.41 23.55 23.67 23.31 1684
20140424 23.63 23.56 23.78 23.40 1698
20140425 23.56 23.39 23.92 23.39 2643
20140428 23.56 22.60 23.59 22.60 3377
20140429 22.53 22.88 22.90 22.53 1591
20140430 22.92 23.50 23.70 22.88 2651
20140505 23.50 23.80 23.85 23.32 2075
20140506 23.80 24.29 24.32 23.61 4956
20140507 24.02 23.82 24.35 23.71 2986
20140508 23.84 23.94 24.25 23.81 3642
20140509 23.97 24.25 24.40 23.80 6531
20140512 24.40 24.63 24.65 24.18 4866
20140513 24.51 24.61 25.04 24.48 5164
20140514 24.70 24.92 24.97 24.55 3609
20140515 24.93 25.53 25.85 24.83 10017
20140516 25.60 24.80 25.60 24.50 6380
20140519 24.85 24.78 24.88 24.42 3540
20140520 24.90 25.15 25.64 24.90 5801
20140521 24.95 25.60 25.68 24.85 7980
20140522 25.60 25.28 25.72 25.12 5440
20140523 25.16 25.69 25.74 25.16 6174
20140526 25.61 26.20 26.38 25.61 8998
20140527 26.02 25.66 26.26 25.65 5929
20140528 25.56 25.95 26.07 25.42 6805
20140529 25.98 25.29 26.10 25.13 5846
20140530 25.30 26.69 26.88 25.29 15969
20140603 26.85 26.85 27.56 26.53 13838
20140604 26.75 27.20 27.25 26.58 11144
20140605 27.14 27.95 28.18 27.03 15466
20140606 27.90 28.08 28.20 27.70 10142
20140609 28.00 27.54 28.00 27.28 8888
20140610 27.43 27.63 27.76 27.08 8098
20140611 27.69 27.08 27.69 26.95 11031
20140612 27.09 26.65 27.17 26.65 9865
20140613 26.65 27.32 27.38 26.56 10641
20140616 27.32 27.36 27.52 27.12 7576
20140617 27.42 27.99 28.25 27.24 12027
20140618 27.91 27.19 28.00 26.89 11351
20140619 26.85 25.60 27.12 25.11 10399
20140620 26.12 27.31 28.15 25.92 14761
20140623 27.46 28.72 29.28 27.45 26257
20140624 28.50 28.57 28.83 28.15 14972
20140625 28.54 28.92 29.25 28.30 14809
20140626 28.94 29.42 29.97 28.88 17529
20140627 29.30 29.09 29.98 29.09 16653
20140630 28.98 29.81 30.27 28.63 15408
20140701 29.78 29.70 29.92 29.37 9270
20140702 29.75 29.46 29.89 28.71 10464
20140703 29.49 29.48 29.69 29.07 8533
20140704 29.47 29.93 29.94 28.91 13144
20140707 29.80 29.67 29.93 29.21 7715
20140708 29.65 31.07 31.18 29.39 20479
20140709 30.85 30.33 31.00 29.80 12657
20140710 30.12 29.88 30.40 29.60 6592
20140711 29.81 29.83 30.17 29.74 7329
20140714 29.70 29.80 29.96 29.19 6296
20140715 29.45 28.06 29.45 27.70 17215
20140716 27.95 27.00 28.00 26.80 18768
20140717 26.95 26.16 27.24 26.16 20714
20140718 26.20 26.59 28.22 26.20 20202
20150105 11.70 11.70 11.70 11.70 8375
20150106 12.87 12.87 12.87 12.87 7997
20150107 14.16 14.16 14.16 14.16 4093
20150108 15.58 13.59 15.58 13.58 194425
20150109 13.35 13.05 13.95 12.90 123473
20150112 12.89 12.56 12.99 12.45 59419
20150113 12.46 12.90 12.94 12.46 46413
20150114 12.80 12.82 12.97 12.63 45196
20150115 12.83 13.44 13.80 12.82 90352
20150116 13.30 13.50 13.56 13.10 60606
20150119 13.16 13.16 13.98 12.75 71979
20150120 13.15 13.60 13.66 13.15 59599
20150121 13.66 14.96 14.96 13.64 149361
20150122 14.96 15.02 15.14 14.60 119046
20150123 14.99 14.51 14.99 14.50 64729
20150126 14.42 14.63 14.77 14.23 42292
20150127 14.63 16.09 16.09 14.53 124717
20150128 16.20 17.65 17.70 16.11 214721
20150129 17.30 17.03 17.61 16.70 135788
20150130 17.55 15.81 17.55 15.81 108754
20150202 15.70 16.03 16.44 15.10 66012
20150203 15.93 17.63 17.63 15.93 110446
20150204 18.20 18.67 19.33 17.84 189481
20150205 18.50 20.12 20.54 18.01 170871
20150206 20.12 19.84 21.28 19.43 150945
20150209 19.41 18.37 19.65 18.30 97368
20150210 18.41 20.21 20.21 18.41 101859
20150211 20.81 20.61 21.98 20.25 142787
20150212 20.09 20.69 21.43 20.09 117431
20150213 20.50 20.50 21.09 20.35 83113
20150216 20.71 20.94 21.38 20.31 83137
20150217 21.00 20.27 21.00 20.08 57173
20150225 20.10 19.40 20.64 19.13 55382
20150226 19.53 19.66 19.68 18.65 54146
20150227 19.40 20.46 20.90 19.18 77420
20150302 20.28 20.37 20.85 19.90 67950
20150303 20.27 19.47 20.27 19.40 69328
20150304 19.45 19.99 20.30 19.35 52865
20150305 20.13 20.33 20.75 19.90 75585
20150306 20.09 19.30 20.49 18.83 67487
20150309 19.03 19.18 19.28 18.40 43705
20150310 19.15 19.63 20.30 19.00 59157
20150311 19.40 18.96 19.62 18.88 42278
20150312 19.02 18.49 19.30 18.30 42935
20150313 18.50 19.00 19.17 18.50 31155
20150316 19.19 19.84 20.30 19.19 67888
20150317 19.88 20.40 20.63 19.62 96781
20150318 20.55 21.68 21.87 20.00 118903
20150319 21.97 21.70 22.00 20.88 93888
20150320 21.42 21.82 22.50 21.32 84332
20150323 21.60 21.91 22.29 21.00 90973
20150324 21.95 23.88 23.98 21.80 160974
20150325 23.50 23.75 24.10 23.00 116741
20150326 23.30 22.22 23.45 21.60 87009
20150327 22.18 21.75 22.18 21.31 44746
20150330 21.52 21.74 22.20 21.45 40399
20150331 21.74 21.92 22.30 21.62 47874
20150401 21.80 22.90 23.18 21.80 61915
20150402 22.70 22.40 23.10 22.24 57641
20150403 22.30 22.28 22.36 21.78 47265
20150407 22.45 24.51 24.51 22.45 119536
20150408 24.76 25.18 26.02 24.04 137724
20150409 24.80 24.25 24.80 22.81 72437
20150410 23.82 23.95 24.50 23.60 55580
20150413 23.70 24.49 24.49 23.45 83321
20150414 24.55 23.40 24.75 23.07 46732
20150415 23.49 21.30 23.55 21.30 57156
20150416 20.70 20.94 21.68 20.22 35035
20150417 21.20 21.50 21.83 20.95 38859
20150420 21.55 21.84 22.35 20.50 38293
20150421 21.72 22.85 22.95 21.60 40082
20150422 22.65 23.17 24.35 22.65 42353
20150423 23.21 22.82 23.77 22.71 40166
20150424 22.47 22.18 22.67 21.60 39077
20150427 22.23 22.48 22.85 22.00 27352
20150428 22.40 22.07 22.71 21.92 24822
20150429 22.07 23.88 24.19 21.77 67591
20150430 23.92 23.58 24.40 23.43 55545
20150504 23.58 24.67 24.72 22.76 54655
20150505 24.70 23.82 24.93 23.21 43818
20150506 23.60 24.01 26.10 23.52 80118
20150507 24.18 22.47 24.66 22.23 69203
20150508 22.56 23.90 24.15 22.56 57109
20150511 24.00 26.29 26.29 23.96 133047
20150512 26.40 26.77 28.40 25.80 116967
20150521 29.39 29.39 29.39 28.01 50119
20150522 31.00 28.40 31.50 27.38 126724
20150525 27.51 28.50 29.30 26.44 85660
20150526 28.11 30.37 30.90 28.11 81766
20150527 30.71 33.41 33.41 29.59 88191
20150528 33.50 30.16 34.89 30.10 95717
20150529 30.20 32.55 33.00 28.20 90575
20150601 32.55 34.56 35.45 32.55 69537
20150602 34.30 36.07 36.46 34.08 66473
20150603 35.96 35.33 36.10 34.05 50407
20150604 35.33 34.30 35.53 31.80 42779
20150605 34.50 35.20 36.53 34.00 52721
20150608 34.87 33.41 34.87 32.30 45602
20150609 33.00 32.96 33.30 31.77 38099
20150610 32.82 33.05 33.50 31.94 38151
20150611 32.67 35.30 35.80 32.67 50855
20150612 35.35 38.83 38.83 35.35 106256
20150615 39.10 38.40 39.96 37.24 69462
20150616 36.31 36.98 38.57 36.02 31681
20150617 36.99 40.68 40.68 36.01 43336
20150618 41.09 40.80 43.80 39.70 53247
20150619 39.00 38.62 41.39 37.76 49514
20150623 38.20 35.80 39.55 34.76 51912
20150624 36.50 39.38 39.38 34.60 44378
20150625 39.50 38.22 41.91 37.00 40450
20150626 36.60 34.40 37.32 34.40 35001
20150629 35.56 30.96 35.80 30.96 36821
20150630 27.86 34.00 34.00 27.86 42921
20150701 33.00 33.99 35.69 30.60 38771
20150702 33.97 32.18 33.97 30.59 43330
20150703 30.57 29.50 32.80 28.96 35662
20150706 31.80 26.55 31.99 26.55 39728
20150707 23.90 23.90 23.90 23.90 1631
20150708 21.51 21.51 22.17 21.51 162848
20150714 23.66 23.66 23.66 23.66 5550
20150715 26.03 22.00 26.03 21.70 59311
20150716 20.10 22.68 22.82 19.80 38880
20150717 22.57 24.41 24.66 22.01 32407
20150720 24.42 26.85 26.85 24.03 39579
20150721 26.51 28.19 29.30 26.00 41760
20150722 28.00 27.93 28.80 26.80 28892
20150723 27.91 29.16 29.90 27.15 27091
20150724 29.30 31.62 32.08 29.00 84361
20150727 30.51 28.46 31.57 28.46 46478
20150728 25.61 27.41 28.96 25.61 39919
20150729 28.00 30.15 30.15 27.00 48506
20150730 30.60 30.55 32.90 30.01 48425
