20140102 8.66 8.92 8.93 8.63 45146
20140103 8.91 9.06 9.16 8.81 49818
20140106 9.08 9.30 9.55 9.08 128513
20140107 9.20 9.46 9.55 9.10 69561
20140108 9.47 9.62 9.71 9.40 72477
20140109 9.58 9.37 9.79 9.30 63050
20140110 9.18 9.29 9.45 9.15 44246
20140113 9.21 9.30 9.40 9.21 23117
20140114 9.29 9.69 9.90 9.27 83934
20140115 9.69 9.66 9.78 9.49 37678
20140116 9.68 9.54 9.70 9.51 30460
20140117 9.52 9.36 9.69 9.32 37388
20140120 9.33 8.85 9.44 8.70 70353
20140121 8.87 8.98 9.03 8.83 37673
20140122 8.98 9.10 9.10 8.89 55245
20140123 9.08 9.13 9.25 9.03 43310
20140124 9.12 9.29 9.32 9.09 55904
20140127 9.29 9.17 9.30 9.07 42038
20140128 9.17 9.08 9.26 8.97 33716
20140129 9.13 9.46 9.46 9.01 62218
20140130 9.46 9.55 9.69 9.33 63303
20140207 9.49 9.88 9.88 9.43 74026
20140210 9.95 10.17 10.38 9.95 111516
20140211 10.11 10.20 10.35 9.88 103675
20140212 10.30 10.58 10.67 10.26 124769
20140213 10.54 10.24 10.63 10.20 93842
20140214 10.21 11.26 11.26 10.20 171396
20140217 11.50 12.36 12.39 11.23 184975
20140218 12.25 12.20 12.35 11.93 107232
20140219 12.30 11.98 13.12 11.90 147967
20140220 12.00 12.23 12.35 11.39 151942
20140221 12.00 12.00 12.29 11.70 75707
20140224 11.92 12.94 12.99 11.78 162770
20140225 13.00 12.23 13.37 11.78 177064
20140226 11.97 12.30 12.50 11.39 102133
20140227 12.23 11.46 12.75 11.40 115734
20140228 11.46 11.52 11.69 11.00 65172
20140303 11.49 12.48 12.50 11.46 106537
20140304 12.30 12.66 12.94 12.15 109852
20140305 12.66 12.46 12.74 12.27 54207
20140306 12.40 13.28 13.71 12.30 151663
20140307 13.21 13.20 13.67 12.81 103643
20140310 12.90 12.50 13.52 12.22 82661
20140311 12.50 12.12 12.83 11.55 76365
20140312 12.20 12.27 12.54 11.75 56122
20140313 12.20 12.58 12.90 12.02 59144
20140314 12.60 12.73 12.95 12.40 40778
20140317 12.65 13.48 13.73 12.58 98592
20140318 13.38 13.46 13.78 13.20 72514
20140319 13.44 13.66 13.79 13.27 52291
20140320 13.64 12.60 13.75 12.58 109574
20140321 12.45 12.27 12.49 11.78 104648
20140324 12.27 11.75 12.27 11.70 85047
20140325 11.73 11.82 11.89 11.60 44053
20140326 11.86 12.22 12.53 11.85 71026
20140327 12.23 11.42 12.30 11.40 82318
20140328 11.46 11.10 11.59 10.90 67235
20140331 11.01 10.67 11.32 10.53 61646
20140401 10.71 10.89 10.95 10.65 55766
20140402 10.89 10.64 10.93 10.40 48896
20140403 10.61 10.84 10.92 10.56 45078
20140404 10.69 10.97 11.03 10.69 24542
20140408 10.90 11.14 11.17 10.76 33322
20140409 11.09 11.29 11.47 11.08 36849
20140410 11.29 11.20 11.39 11.18 34901
20140411 11.18 10.79 11.18 10.68 55300
20140414 10.79 10.89 10.96 10.79 25654
20140415 10.88 10.81 10.95 10.73 33461
20140416 10.82 10.82 10.85 10.67 20609
20140417 10.83 10.82 10.98 10.81 23860
20140418 10.75 11.10 11.10 10.73 38223
20140421 10.99 10.82 11.10 10.80 29568
20140422 10.85 10.41 10.93 10.20 49951
20140423 10.41 10.19 10.45 10.10 27631
20140424 10.18 10.18 10.30 10.12 20854
20140425 10.18 9.89 10.31 9.86 34737
20140428 9.81 9.57 9.88 9.33 51457
20140429 9.54 9.70 9.78 9.42 51241
20140430 9.70 9.81 9.82 9.65 40946
20140505 10.02 10.48 10.67 10.02 84274
20140506 10.35 10.48 10.62 10.33 42108
20140507 6.92 6.60 6.93 6.56 69044
20140508 6.60 6.57 6.78 6.56 60415
20140509 6.60 6.39 6.64 6.27 62685
20140512 6.47 6.60 6.62 6.34 60801
20140513 6.57 6.62 6.73 6.55 49428
20140514 6.64 6.64 6.70 6.58 27968
20140515 6.67 6.40 6.67 6.38 45630
20140516 6.36 6.32 6.44 6.23 59122
20140519 6.36 6.39 6.42 6.22 30511
20140520 6.45 6.48 6.62 6.45 47894
20140521 6.57 6.69 6.69 6.50 66445
20140522 6.75 6.90 7.02 6.69 156184
20140523 6.89 6.92 6.93 6.72 74181
20140526 6.90 7.16 7.29 6.87 123957
20140527 7.15 7.10 7.18 7.02 55266
20140528 7.07 7.14 7.24 6.99 88137
20140529 7.14 6.94 7.19 6.92 69082
20140530 6.90 7.02 7.04 6.90 40093
20140603 7.05 7.02 7.12 6.97 37774
20140604 6.99 6.92 7.02 6.85 32308
20140605 6.92 7.02 7.03 6.86 39531
20140606 7.02 7.13 7.23 7.00 68000
20140609 7.10 7.01 7.17 6.98 48191
20140610 7.04 7.05 7.10 6.89 46349
20140611 7.05 7.21 7.26 7.05 83968
20140612 7.20 7.22 7.29 7.14 51800
20140613 7.22 7.39 7.44 7.19 91665
20140616 7.40 7.55 7.59 7.35 105801
20140617 7.49 7.35 7.51 7.30 65320
20140618 7.34 7.25 7.37 7.22 41969
20140619 7.25 7.01 7.31 6.94 50827
20140620 7.01 7.16 7.19 7.00 36225
20140623 7.16 7.37 7.46 7.16 65546
20140624 7.38 7.39 7.58 7.34 55030
20140625 7.35 7.37 7.40 7.28 28941
20140626 7.43 7.46 7.53 7.39 78201
20140627 7.47 7.49 7.52 7.39 60805
20140630 7.51 7.51 7.62 7.46 65530
20140701 7.60 7.43 7.60 7.36 61060
20140702 7.41 7.76 7.77 7.40 142562
20140703 7.78 7.91 7.95 7.65 130963
20140704 7.86 8.03 8.20 7.86 137120
20140707 8.02 8.00 8.08 7.83 87029
20140708 7.98 8.43 8.70 7.94 156383
20140709 8.42 8.16 8.54 8.11 126496
20140710 8.16 8.19 8.49 8.02 85705
20140711 8.15 8.36 8.42 8.11 77862
20140714 8.36 8.44 8.53 8.31 60113
20140715 8.30 7.74 8.30 7.60 291620
20140716 7.65 7.61 7.76 7.50 95029
20140717 7.53 7.64 7.72 7.53 45893
20140718 7.61 7.45 7.68 7.44 65646
20140721 7.43 7.37 7.43 7.21 61785
20140722 7.32 7.47 7.54 7.32 54198
20140723 7.46 7.39 7.52 7.31 44931
20140724 7.35 7.18 7.39 7.11 70537
20140725 7.17 7.22 7.30 7.14 44004
20140728 7.25 7.41 7.41 7.23 75200
20140729 7.40 7.45 7.54 7.32 70268
20140730 7.44 7.48 7.50 7.35 52770
20140731 7.48 7.53 7.58 7.45 48523
20140801 7.53 7.61 7.80 7.49 126013
20140804 7.62 7.68 7.70 7.56 58531
20140805 7.65 7.75 7.76 7.55 82815
20140806 7.70 7.68 7.75 7.63 67556
20140807 7.68 7.70 7.83 7.65 78839
20140808 7.68 7.73 7.79 7.67 43386
20140811 7.74 7.78 7.92 7.74 101753
20140812 7.76 7.64 7.76 7.55 167785
20140813 7.61 7.57 7.64 7.48 76389
20140814 7.56 7.65 7.73 7.56 92825
20140815 7.67 7.67 7.69 7.61 52412
20140818 7.67 7.81 7.83 7.67 105301
20140819 7.83 7.81 7.87 7.73 94019
20140820 7.82 7.76 7.84 7.72 88663
20140821 7.74 7.65 7.76 7.55 104186
20140822 7.64 7.77 7.78 7.61 82649
20140825 7.77 7.79 7.81 7.65 77721
20140826 7.78 7.51 7.78 7.49 86116
20140827 7.52 7.51 7.58 7.45 43935
20140828 7.51 7.33 7.54 7.32 54395
20140829 7.30 7.38 7.41 7.29 32517
20140901 7.39 7.53 7.54 7.39 34450
20140902 7.55 7.62 7.64 7.50 71112
20140903 7.62 7.66 7.70 7.59 107503
20140904 7.64 7.68 7.70 7.61 83189
20140905 7.70 7.66 7.72 7.63 89240
20140909 7.66 7.84 7.86 7.61 160779
20140910 7.82 7.88 7.92 7.75 128254
20140911 7.86 7.80 8.03 7.76 174641
20140912 7.80 7.86 7.89 7.75 95129
20140915 7.86 8.00 8.03 7.84 109140
20140916 8.00 7.67 8.08 7.65 149840
20140917 7.69 7.66 7.75 7.53 73797
20140918 7.60 7.66 7.75 7.58 64194
20140919 7.69 7.77 7.80 7.67 71305
20140922 7.78 7.79 7.92 7.72 104459
20140923 7.82 7.88 7.88 7.72 95832
20140924 7.88 7.97 7.98 7.83 136855
20140925 7.98 7.88 8.02 7.86 110768
20140926 7.87 7.92 7.94 7.80 72320
20140929 7.92 8.05 8.13 7.91 152869
20140930 8.05 8.21 8.23 8.02 138554
20141008 8.26 8.26 8.29 8.13 104939
20141009 8.32 8.40 8.57 8.22 221340
20141010 8.40 8.50 8.60 8.31 172120
20141013 8.51 8.43 8.57 8.29 112225
20141014 8.41 8.30 8.45 8.20 161271
20141015 8.25 8.54 8.54 8.18 200227
20141016 8.46 8.44 8.96 8.38 269994
20141017 8.38 8.18 8.50 8.05 159685
20141020 8.19 8.33 8.37 8.19 78549
20141021 8.36 8.08 8.36 8.06 98299
20141022 8.05 7.91 8.13 7.90 86076
20141023 7.86 7.84 8.00 7.79 75920
20141024 7.81 7.87 7.92 7.81 42474
20141027 7.90 7.99 8.06 7.86 45136
20141028 8.02 8.20 8.20 8.02 83642
20141029 8.25 8.22 8.26 8.11 101855
20141030 8.22 8.24 8.38 8.16 99541
20141031 8.23 8.28 8.32 8.14 94585
20141103 8.29 8.28 8.35 8.21 63951
20141104 8.25 8.08 8.27 8.06 85893
20141105 8.02 8.02 8.08 7.95 53667
20141106 8.02 8.11 8.12 7.99 45421
20141107 8.11 7.98 8.14 7.95 72869
20141110 7.98 8.03 8.04 7.93 49349
20141111 8.07 7.65 8.07 7.49 101894
20141112 7.63 7.74 7.75 7.62 39797
20141113 7.75 7.61 7.77 7.54 41156
20141114 7.56 7.56 7.65 7.52 28889
20141117 7.63 7.70 7.75 7.60 37166
20141118 7.72 7.74 7.75 7.67 27520
20141119 7.74 7.74 7.78 7.69 35659
20141120 7.69 7.75 7.75 7.62 33491
20141121 7.69 7.76 7.79 7.69 36861
20141124 7.82 7.79 7.85 7.76 57450
20141125 7.79 7.87 7.87 7.75 94056
20141126 7.87 7.85 7.87 7.78 61394
20141127 7.87 7.97 8.05 7.86 100152
20141128 8.06 8.13 8.17 7.98 146056
20141201 8.16 8.01 8.17 7.91 88382
20141202 7.88 7.86 7.88 7.70 177933
20141203 7.83 7.94 7.95 7.74 121450
20141204 7.95 8.06 8.15 7.95 144375
20141205 8.08 7.67 8.10 7.57 195023
20141208 7.60 7.63 7.72 7.50 87839
20141209 7.64 7.38 7.66 7.38 108163
20141210 7.36 7.59 7.61 7.35 57149
20141211 7.58 7.67 7.67 7.46 55139
20141212 7.64 7.71 7.73 7.64 44904
20141215 7.70 7.87 7.93 7.65 83363
20141216 7.88 7.81 7.93 7.76 68015
20141217 7.80 7.65 7.82 7.60 55754
20141218 7.62 7.60 7.69 7.58 45981
20141219 7.64 7.40 7.64 7.35 69257
20141222 7.38 7.00 7.40 6.97 97691
20141223 6.93 7.00 7.14 6.93 45418
20141224 7.09 7.18 7.18 7.06 39133
20141225 7.18 7.23 7.24 7.14 29813
20141226 7.22 7.17 7.22 7.13 35564
20141229 7.17 7.05 7.17 7.02 36922
20141230 7.00 7.08 7.16 7.00 33228
20141231 7.13 7.13 7.14 7.06 25132
20150105 7.10 7.16 7.18 7.03 47043
20150106 7.16 7.37 7.37 7.13 68549
20150107 7.40 7.47 7.62 7.40 101775
20150108 7.47 7.44 7.50 7.40 54192
20150109 7.46 7.40 7.54 7.38 59386
20150112 7.38 7.02 7.38 6.89 131760
20150113 7.02 6.95 7.05 6.90 90799
20150114 6.96 6.84 6.98 6.75 126469
20150115 6.77 6.89 6.93 6.77 50001
20150116 6.87 6.96 7.00 6.86 48977
20150119 6.89 6.91 7.09 6.80 90574
20150120 6.92 7.14 7.14 6.92 80729
20150121 7.15 7.20 7.28 7.11 93653
20150122 7.20 7.23 7.27 7.17 68044
20150123 7.23 7.16 7.24 7.13 68873
20150126 7.15 7.23 7.24 7.07 75660
20150127 7.20 7.14 7.20 7.06 123205
20150128 7.11 7.34 7.34 7.07 157212
20150129 7.28 7.26 7.38 7.22 75339
20150130 7.26 7.16 7.29 7.14 44691
20150202 7.15 7.18 7.26 7.11 51979
20150203 7.17 7.55 7.60 7.17 194997
20150204 7.55 7.47 7.61 7.45 92004
20150205 7.48 7.47 7.55 7.43 70851
20150206 7.62 7.50 7.88 7.48 146787
20150209 7.50 7.28 7.50 7.26 58595
20150210 7.24 7.38 7.44 7.24 42314
20150211 7.40 7.67 7.69 7.31 93426
20150212 7.64 7.70 7.78 7.59 60663
20150602 8.47 8.47 8.47 8.47 453
20150603 9.32 9.32 9.32 9.32 445
20150604 10.25 10.25 10.25 10.25 839
20150605 11.28 11.28 11.28 11.28 1344
20150608 12.41 12.41 12.41 12.41 4590
20150609 13.65 13.65 13.65 13.65 1183
20150610 15.02 15.02 15.02 15.02 3624
20150611 16.52 16.52 16.52 16.52 2178
20150612 18.17 18.17 18.17 18.17 9498
20150615 19.99 19.99 19.99 19.99 12608
20150616 21.99 21.99 21.99 21.99 44368
20150617 24.19 24.19 24.19 24.19 26586
20150618 26.61 25.48 26.61 24.55 1145599
20150619 24.59 22.93 25.18 22.93 501700
20150623 21.56 20.64 22.28 20.64 500902
20150624 21.17 22.05 22.70 21.02 560005
20150625 21.49 19.85 21.81 19.85 378250
20150626 19.08 17.87 19.10 17.87 284728
20150629 17.98 17.89 18.71 16.22 353625
20150630 17.70 19.62 19.68 16.52 462203
20150701 18.95 18.10 20.59 18.05 350689
20150702 18.00 16.29 18.65 16.29 286199
20150703 15.31 14.66 16.40 14.66 250966
20150706 16.13 13.19 16.13 13.19 351485
20150713 14.51 14.51 14.51 14.51 7027
20150714 15.45 15.96 15.96 15.11 334422
20150715 15.50 14.36 15.89 14.36 289145
20150716 13.60 13.90 14.80 12.92 289975
20150717 14.08 15.29 15.29 13.88 261160
20150720 15.39 15.61 16.38 15.02 294287
20150721 15.05 15.60 15.96 15.02 212892
20150722 15.62 16.72 16.88 15.33 274147
20150723 16.72 17.02 17.28 16.30 262229
20150724 16.88 16.13 17.08 16.01 252873
20150727 15.80 14.52 16.49 14.52 267699
20150728 13.15 13.58 14.63 13.07 238068
20150729 13.91 14.46 14.60 13.13 149432
20150730 14.21 13.51 14.80 13.45 145560
