20140102 9.81 9.95 10.11 9.71 27251
20140103 9.95 10.00 10.05 9.81 33062
20140106 9.95 9.66 10.05 9.62 26173
20140107 9.51 9.80 9.93 9.51 13141
20140110 10.78 10.19 10.78 9.97 140636
20140113 9.93 9.50 10.10 9.35 81360
20140114 9.69 9.90 10.03 9.45 56294
20140115 9.90 10.69 10.78 9.75 65593
20140116 10.59 10.69 11.21 10.59 77065
20140117 10.57 11.76 11.76 10.57 82309
20140120 12.00 12.94 12.94 11.73 141960
20140121 13.42 14.23 14.23 13.10 102162
20140122 14.76 14.32 15.15 13.84 191683
20140123 14.03 14.18 14.70 13.89 125569
20140124 14.16 14.00 14.38 13.54 127829
20140127 13.82 13.80 14.47 13.73 108811
20140128 13.62 14.05 14.13 13.52 60740
20140129 14.09 14.11 14.28 13.63 85837
20140130 14.01 13.70 14.39 13.70 69908
20140207 13.39 13.45 13.60 12.77 80839
20140210 13.35 13.70 13.75 13.18 71952
20140211 13.66 13.65 13.90 13.25 63873
20140212 13.60 13.84 13.97 13.20 71528
20140213 13.73 13.18 14.32 13.16 86256
20140214 13.00 13.21 13.48 12.34 50684
20140217 13.15 13.66 13.75 13.08 35133
20140218 13.66 13.60 13.96 13.39 34601
20140219 13.55 14.50 14.65 13.05 76255
20140220 14.21 13.85 14.46 13.72 50493
20140221 13.70 13.36 13.89 12.72 56702
20140224 13.08 12.90 13.32 12.52 55945
20140225 12.80 12.03 13.03 11.90 61439
20140226 11.99 12.37 12.41 11.85 29376
20140227 12.43 12.09 12.45 12.06 23433
20140228 12.05 12.20 12.30 11.90 24687
20140303 12.29 12.69 12.84 12.08 35563
20140304 12.60 12.77 12.94 12.52 21339
20140305 12.55 12.70 12.88 12.52 13620
20140306 12.71 12.75 12.86 12.55 13244
20140307 12.73 12.72 12.79 12.38 18846
20140310 12.50 12.37 12.74 11.99 27121
20140311 12.10 12.15 12.37 12.09 15915
20140312 12.33 11.90 12.33 11.86 24925
20140313 11.98 12.15 12.23 11.82 14573
20140314 12.08 12.68 12.74 12.01 30835
20140317 12.80 12.96 13.02 12.50 28232
20140318 12.86 12.78 12.97 12.69 21732
20140319 12.78 12.97 13.08 12.52 18672
20140320 13.00 13.18 13.64 12.78 38155
20140321 12.99 13.30 13.43 12.77 35286
20140324 13.30 13.26 13.45 13.00 18750
20140325 13.16 13.02 13.49 12.90 13955
20140912 14.32 14.32 14.32 14.32 4650
20140915 15.75 15.75 15.75 15.75 2523
20140916 17.33 16.19 17.33 14.18 183620
20140917 16.00 15.45 16.29 15.36 69190
20140918 15.40 15.40 15.94 15.32 51843
20140919 15.38 15.33 15.67 15.12 39445
20140922 15.21 14.73 15.21 14.55 48797
20140923 14.71 14.80 14.97 14.58 40976
20140924 14.80 14.97 15.38 14.71 50260
20140925 15.00 14.56 15.09 14.49 35207
20140926 14.51 14.70 14.84 14.41 29660
20140929 14.78 14.96 15.15 14.69 38743
20140930 14.94 14.88 14.98 14.69 27853
20141008 14.84 15.03 15.10 14.84 35265
20141009 15.08 15.03 15.23 14.89 41666
20141010 15.03 15.10 15.19 14.94 31492
20141013 14.97 14.69 15.00 14.51 31818
20141014 14.69 14.52 14.73 14.38 21744
20141015 14.53 14.64 14.79 14.41 20055
20141016 14.61 14.40 14.80 14.35 21029
20141017 14.32 13.77 14.47 13.76 29215
20141020 13.77 13.96 14.02 13.75 17807
20141021 13.96 13.80 14.09 13.78 14368
20141022 13.77 13.68 13.92 13.60 13575
20141023 13.68 13.42 13.69 13.40 25228
20141024 13.42 13.50 13.85 13.42 18691
20141027 13.51 13.62 13.69 13.50 9633
20141028 13.70 14.13 14.19 13.70 32006
20141029 14.10 14.17 14.26 13.89 39537
20141030 14.14 13.96 14.20 13.95 19394
20141031 14.01 14.15 14.50 14.01 29357
20141103 14.13 14.40 14.44 14.11 24925
20141104 14.40 14.18 14.53 14.08 15810
20141105 14.18 14.12 14.25 13.98 9965
20141106 14.12 14.28 14.29 14.03 13648
20141107 14.29 13.95 14.38 13.80 16993
20141110 13.90 13.67 13.97 13.50 21608
20141111 13.68 12.83 13.74 12.75 33656
20141112 12.86 12.83 12.94 12.66 19362
20141113 12.90 12.52 12.90 12.34 20114
20141114 12.55 12.30 12.56 12.20 28811
20141117 12.30 12.63 12.71 12.28 23639
20141118 12.63 12.70 12.76 12.56 13297
20141119 12.72 12.79 12.85 12.52 22430
20141120 12.71 12.60 12.73 12.55 17570
20141121 12.61 12.83 12.85 12.60 21777
20141124 12.92 12.85 12.98 12.73 20161
20141125 12.88 13.08 13.08 12.80 23962
20141126 13.10 13.48 13.50 13.03 37009
20141127 13.51 14.19 14.38 13.41 63416
20141128 14.33 13.94 14.35 13.52 39267
20141201 13.83 13.73 13.92 13.52 23692
20141202 13.66 14.16 14.38 13.61 38557
20141203 14.20 13.93 14.28 13.60 29451
20141204 13.93 13.80 13.98 13.75 26642
20141205 13.88 12.96 13.88 12.55 32001
20141208 12.90 13.14 14.10 12.53 42229
20141209 13.00 12.15 13.44 12.12 46487
20141210 12.12 12.48 12.80 12.12 28879
20141211 12.38 12.55 12.68 12.21 19832
20141212 12.62 12.81 12.84 12.47 29218
20141215 12.71 13.00 13.28 12.62 22283
20141216 12.97 13.02 13.19 12.90 22804
20141217 13.00 12.75 13.02 12.52 23884
20141218 12.60 12.98 13.38 12.60 40471
20141219 12.99 12.50 12.99 12.35 20865
20141222 12.42 11.25 12.42 11.25 36610
20141223 11.25 10.81 11.30 10.71 28434
20141224 10.97 11.10 11.15 10.88 17705
20141225 11.11 11.49 11.55 11.10 24770
20141226 11.38 12.22 12.30 11.38 29503
20141229 12.22 11.72 12.25 11.66 13808
20141230 11.58 11.54 11.83 11.16 15166
20141231 10.51 11.60 11.75 10.51 59117
20150105 11.24 11.15 11.39 10.79 19959
20150106 11.09 11.38 11.45 11.03 15278
20150107 11.33 11.25 11.43 11.12 14335
20150108 11.27 11.27 11.34 11.16 13698
20150109 11.23 11.60 11.65 11.16 31856
20150112 11.42 11.45 11.48 11.05 13744
20150113 11.30 11.80 11.87 11.10 18367
20150114 11.70 11.70 11.87 11.46 15516
20150115 11.74 11.87 12.00 11.73 18342
20150116 11.96 12.48 12.78 11.73 41888
20150119 12.05 12.96 13.24 11.92 60792
20150120 13.06 13.27 13.45 12.88 35171
20150121 14.20 14.60 14.60 13.76 139799
20150122 14.58 14.60 15.20 14.23 48019
20150123 14.63 14.03 14.77 13.95 29946
20150126 14.09 14.96 15.10 14.08 63801
20150127 15.03 15.95 16.46 15.03 89443
20150128 16.00 16.23 16.90 15.78 68498
20150129 16.11 16.42 17.20 16.00 55790
20150130 16.18 16.20 16.80 15.60 57465
20150202 16.05 16.60 16.80 15.66 33181
20150203 16.49 17.25 17.30 16.14 54051
20150204 17.01 18.98 18.98 17.01 67761
20150205 19.27 19.05 19.56 18.51 69812
20150206 18.94 19.54 19.96 18.51 60742
20150209 19.53 19.08 20.34 18.88 59719
20150210 18.78 19.13 19.38 18.18 33094
20150211 19.10 19.91 21.04 19.10 56842
20150212 20.01 19.56 20.60 19.23 35206
20150213 19.50 19.55 19.87 19.28 56530
20150216 19.55 19.61 19.77 18.77 36999
20150217 19.59 19.26 19.61 19.11 10334
20150225 19.26 18.82 19.43 18.33 29088
20150226 19.00 19.96 20.50 19.00 33480
20150227 19.93 19.33 19.97 19.21 15506
20150302 19.35 19.79 19.88 19.30 25325
20150303 19.95 21.56 21.70 19.95 40182
20150304 21.98 22.55 22.99 21.02 33119
20150305 22.70 22.40 23.50 21.66 34361
20150306 22.46 21.90 23.10 21.72 22583
20150309 22.30 22.20 22.99 21.88 21014
20150310 21.80 23.14 23.28 21.79 23776
20150311 23.00 22.62 23.19 22.30 25157
20150312 22.55 21.80 22.90 21.58 27859
20150313 21.97 21.66 22.12 20.88 38243
20150316 21.89 23.82 23.83 21.85 46201
20150317 24.06 25.61 26.00 24.00 32881
20150318 25.61 26.90 27.51 24.60 45597
20150319 27.00 27.95 28.84 26.34 45265
20150320 28.12 29.10 29.23 28.00 35364
20150323 29.91 29.55 30.50 29.15 51541
20150324 29.50 29.78 29.90 28.00 36809
20150325 29.56 28.42 29.65 27.80 31941
20150326 27.90 28.26 28.67 27.50 37855
20150327 28.40 31.09 31.09 28.40 30371
20150330 32.00 31.26 33.98 28.53 52045
20150331 31.46 33.50 33.50 30.02 35993
20150401 33.50 36.85 36.85 32.65 58285
20150402 37.00 38.22 39.47 37.00 43759
20150403 37.46 38.91 39.90 36.80 77391
20150407 38.70 39.99 41.98 37.48 38548
20150408 40.00 38.85 40.87 38.49 28440
20150409 38.80 39.03 39.03 34.97 54849
20150410 37.90 39.06 40.69 37.10 24387
20150413 39.50 39.41 40.50 37.68 41174
20150414 37.80 42.00 42.20 37.80 63947
