20140102 10.20 10.42 10.42 10.14 6597
20140103 10.39 10.44 10.57 10.34 7658
20140106 10.45 10.16 10.50 10.10 6205
20140107 10.10 10.48 10.50 10.09 7029
20140108 10.45 10.51 10.70 10.36 10282
20140109 10.45 10.11 10.54 10.09 8339
20140110 10.02 10.03 10.25 9.90 5695
20140113 9.85 9.93 10.10 9.85 4352
20140114 9.99 10.57 10.77 9.92 17594
20140115 10.50 10.73 10.73 10.44 14945
20140116 10.68 10.62 10.90 10.52 15334
20140117 10.62 10.77 10.95 10.52 13062
20140120 10.90 10.89 11.20 10.70 14945
20140121 10.71 10.92 10.93 10.58 12579
20140122 10.93 10.95 11.15 10.79 12027
20140123 10.93 11.15 11.25 10.91 15603
20140124 11.05 11.07 11.25 10.81 13664
20140127 11.05 11.34 11.99 10.96 15151
20140128 11.33 11.12 11.49 11.07 9794
20140129 11.24 11.47 11.50 11.12 11036
20140130 11.45 11.20 11.45 11.12 6062
20140207 11.19 11.39 11.45 11.03 8866
20140210 11.40 11.76 11.80 11.00 13425
20140211 11.70 11.63 11.88 11.45 11713
20140212 11.59 11.72 11.76 11.46 17906
20140213 11.72 11.24 11.72 11.24 16796
20140214 11.24 11.63 11.66 11.17 17238
20140217 11.66 12.59 12.79 11.58 44437
20140218 12.61 12.42 12.70 12.29 18055
20140219 12.39 12.34 12.50 12.20 10622
20140220 12.34 12.25 12.50 12.02 10159
20140221 12.22 12.10 12.38 11.90 10211
20140224 12.13 12.21 12.27 11.91 8213
20140225 12.29 11.14 12.34 11.11 17598
20140226 11.05 11.17 11.18 10.77 12328
20140227 11.20 10.90 11.46 10.86 8872
20140228 10.88 11.14 11.16 10.78 8045
20140303 11.14 11.38 11.38 11.07 7449
20140304 11.32 11.36 11.39 11.20 4189
20140305 11.36 11.33 11.56 11.28 5677
20140306 11.27 11.35 11.39 11.15 5691
20140307 11.40 11.38 11.64 11.38 7369
20140310 11.39 10.97 11.39 10.78 6942
20140311 10.95 11.03 11.13 10.85 6267
20140312 10.91 11.14 11.26 10.89 6057
20140313 11.09 11.26 11.29 11.02 5592
20140314 11.25 11.26 11.38 11.12 4110
20140317 11.39 11.47 11.47 11.24 5150
20140318 11.49 11.62 11.74 11.40 5757
20140319 11.54 11.88 11.93 11.54 13090
20140320 11.82 11.60 12.50 11.60 28189
20140321 11.36 11.88 11.90 11.26 12376
20140324 11.92 11.75 11.92 11.67 10876
20140325 11.64 11.56 11.74 11.37 10851
20140326 11.53 11.64 11.64 11.40 6834
20140327 11.60 11.29 11.63 11.28 7903
20140328 11.23 11.25 11.88 10.83 11483
20140331 11.13 10.85 11.33 10.80 5722
20140401 10.73 10.98 11.05 10.70 6242
20140402 10.99 10.86 11.08 10.86 4564
20140403 11.00 11.10 11.11 10.86 3410
20140404 11.00 11.24 11.32 10.90 4448
20140408 11.22 11.32 11.40 11.11 4142
20140409 11.32 11.43 11.46 11.29 6218
20140410 11.43 11.50 11.70 11.32 9275
20140411 11.48 11.62 11.68 11.32 5779
20140414 11.60 11.80 11.82 11.50 7407
20140415 11.80 11.59 11.85 11.58 5873
20140416 11.52 11.71 11.75 11.47 5249
20140417 11.70 11.64 11.72 11.54 6574
20140418 11.65 11.67 11.74 11.55 4515
20140421 11.65 11.63 12.15 11.60 12354
20140422 11.58 11.30 11.61 11.03 8798
20140423 11.22 11.24 11.40 11.16 4613
20140424 11.26 11.31 11.39 11.16 4014
20140425 11.28 11.31 11.38 11.15 6210
20140428 11.32 11.49 11.83 11.10 18989
20140429 11.45 12.05 12.10 11.40 26802
20140430 12.05 12.09 12.48 11.89 26167
20140505 12.19 12.47 12.63 12.09 19394
20140506 12.40 12.90 12.95 12.31 26083
20140507 12.73 12.81 13.28 12.63 28181
20140508 12.81 13.70 13.99 12.71 36689
20140509 13.58 13.16 13.84 12.92 29815
20140512 13.10 13.19 13.19 12.71 27677
20140513 13.01 13.05 13.40 12.81 20687
20140514 12.96 12.71 13.10 12.60 18506
20140515 12.69 12.23 12.86 12.23 19499
20140516 12.28 12.30 12.37 11.92 19107
20140519 12.30 12.67 12.73 12.27 26316
20140520 12.66 12.59 12.95 12.40 20450
20140521 12.62 12.78 12.80 12.35 13193
20140522 12.70 13.84 14.06 12.69 57541
20140523 13.88 13.73 13.95 13.40 29070
20140526 13.75 14.02 14.51 13.61 34798
20140527 13.97 14.16 14.49 13.79 23328
20140528 14.13 14.08 14.86 13.75 25899
20140529 13.97 13.60 14.30 13.52 22021
20140530 13.55 13.60 13.81 13.31 16757
20140603 13.59 14.55 14.88 13.57 27515
20140604 14.40 14.07 14.73 13.84 18525
20140605 13.97 13.71 14.18 13.50 31608
20140606 13.73 13.64 13.83 13.41 18154
20140609 13.59 14.82 14.82 13.56 40075
20140610 14.65 14.44 14.65 14.26 30148
20140611 14.37 14.52 14.78 14.30 23370
20140612 14.51 14.38 14.51 14.11 12720
20140613 14.27 14.88 14.90 14.22 28442
20140616 14.99 14.70 15.25 14.52 24736
20140617 14.60 14.68 15.30 14.40 25837
20140618 14.75 14.21 14.78 14.12 19787
20140619 14.14 12.93 14.31 12.80 21156
20140620 12.86 13.35 13.50 12.86 15966
20140623 13.39 13.81 13.85 13.39 13721
20140624 13.72 13.86 14.04 13.64 9971
20140625 13.81 13.99 14.00 13.02 10057
20140626 13.80 14.37 14.50 13.80 13930
20140627 14.37 14.40 14.67 14.23 12347
20140630 14.40 14.44 14.49 14.24 9039
20140701 14.40 14.43 14.75 14.28 9326
20140702 14.33 14.37 14.52 14.18 9917
20140703 14.26 14.82 15.17 14.22 28654
20140704 14.84 14.81 15.00 14.45 16123
20140707 14.74 15.01 15.26 14.72 19880
20140708 15.06 15.22 15.29 14.79 14515
20140709 15.15 14.60 15.46 14.55 18616
20140710 14.60 14.78 15.03 14.51 11190
20140711 14.81 15.58 16.25 14.81 31369
20140714 15.66 15.59 15.73 15.10 15411
20140715 15.53 15.36 15.58 15.00 12127
20140716 15.21 15.10 15.52 14.82 12620
20140717 15.15 15.20 15.22 14.82 7107
20140718 15.18 15.06 15.55 15.03 9839
20140721 14.92 14.98 15.17 14.72 10100
20140722 15.00 15.13 15.17 14.83 7806
20140723 15.18 14.44 15.18 14.22 12663
20140724 14.36 14.30 14.55 14.00 12915
20140725 14.36 14.48 14.57 14.10 4860
20140728 14.50 14.89 14.94 14.44 12724
20140729 14.91 15.19 15.25 14.76 10261
20140730 15.18 15.19 15.27 15.05 7825
20140731 15.12 15.29 15.30 15.04 5998
20140801 15.27 15.36 15.44 15.15 10862
20140804 15.36 15.36 15.54 15.10 19329
20140805 15.25 15.54 15.55 15.12 8068
20140806 15.54 15.48 15.54 15.33 4731
20140807 15.48 15.20 15.48 15.16 13395
20140808 15.25 15.33 15.33 14.50 13718
20140811 15.33 15.31 15.38 15.23 9188
20140812 15.32 15.45 15.77 15.24 8512
20140813 15.44 15.89 16.82 15.36 39752
20140814 15.65 15.92 16.50 15.65 33208
20140815 16.00 16.06 16.15 15.81 10941
20140818 15.94 16.30 16.48 15.94 13120
20140819 16.22 16.48 16.58 16.22 11646
20140820 16.40 17.15 17.25 16.27 21002
20140821 17.10 17.85 17.98 16.68 28307
20140822 17.56 19.15 19.64 17.48 70615
20140825 18.80 18.16 19.00 18.06 35258
20140826 18.08 17.42 18.09 17.13 32708
20140827 17.26 17.42 17.59 17.03 17130
20140828 17.40 17.64 17.95 17.30 17373
20140829 17.57 17.38 17.82 17.05 10768
20140901 17.38 18.03 18.25 16.80 15270
20140902 18.02 18.40 18.49 17.80 13504
20140903 18.60 18.41 18.60 17.99 12988
20140904 18.31 18.24 18.44 18.13 12406
20140905 18.21 18.10 18.39 17.82 12240
20140909 18.10 18.04 18.20 17.72 10689
20140910 18.12 18.39 18.50 17.92 15816
20140911 18.30 18.38 18.89 18.20 18364
20140912 18.52 19.15 19.15 18.39 19476
20140915 19.12 19.24 19.53 18.79 14052
20140916 19.33 17.71 19.37 17.32 22380
20140917 17.69 18.12 18.50 17.57 13457
20140918 18.18 18.17 18.43 18.00 12632
20140919 18.09 18.69 18.78 17.90 20725
20140922 18.55 18.70 19.37 18.15 13901
20140923 18.70 19.05 19.08 18.66 10554
20140924 18.93 19.80 19.86 18.90 16815
20140925 19.80 20.00 20.92 19.40 26163
20140926 19.60 20.14 20.38 19.60 14107
20140929 20.10 20.57 20.75 20.02 12743
20140930 20.57 20.44 20.69 20.20 10613
20141008 20.44 20.43 20.64 19.61 12796
20141009 20.40 20.06 20.62 19.86 16402
20141010 20.06 20.03 20.21 19.80 10521
20141013 19.98 20.30 20.75 19.56 12386
20141014 20.20 20.02 20.50 19.82 9073
20141015 20.01 20.05 20.21 19.53 9355
20141016 19.94 19.91 20.18 19.54 10739
20141017 19.70 19.55 19.97 19.21 10265
20141020 19.55 19.44 19.64 19.35 10691
20141021 19.44 19.34 19.58 19.22 8732
20141022 19.33 19.10 19.56 19.10 9072
20141023 19.09 18.01 19.09 17.80 19508
20141024 18.09 18.16 18.33 17.95 7980
20141027 18.10 18.45 18.57 17.96 6869
20141028 18.45 18.95 18.99 18.45 9220
20141029 19.19 19.35 19.52 19.02 11340
20141030 19.35 19.10 19.40 18.93 12991
20141031 19.10 19.29 19.35 18.99 11888
20141103 19.18 19.62 19.78 19.18 9214
20141104 19.62 19.98 20.10 19.62 13623
20141105 20.04 19.78 20.09 19.71 6159
20141106 19.66 20.22 21.00 19.66 23470
20141107 20.25 19.75 20.50 19.65 14827
20141110 19.85 19.40 19.86 18.90 13567
20141111 19.44 18.37 19.50 17.98 20839
20141112 18.35 18.58 18.63 18.02 7535
20141113 18.40 17.86 18.64 17.78 17395
20141114 17.89 17.52 17.89 17.34 8534
20141117 17.55 17.99 18.25 17.48 8045
20141118 17.99 18.40 18.50 17.86 8459
20141119 18.49 18.72 18.96 18.21 22937
20141120 18.65 18.64 18.74 18.41 5980
20141121 18.57 18.72 18.99 18.57 6345
20141124 18.81 18.90 18.96 18.61 7692
20141125 18.95 19.48 19.49 18.85 9434
20141126 19.48 19.55 19.82 19.26 8101
20141127 19.63 19.83 20.30 19.56 10979
20141128 20.00 19.72 20.10 19.45 14583
20141201 19.90 19.73 20.46 19.52 16159
20141202 19.73 19.58 19.82 19.44 13355
20141203 19.50 19.19 19.57 18.50 17807
20141204 19.10 19.35 19.55 18.93 11144
20141205 19.45 18.44 19.45 18.03 13307
20141208 18.10 18.24 18.48 18.00 8933
20141209 18.29 16.68 18.29 16.66 20978
20141210 16.75 17.35 17.45 16.70 11222
20141211 17.35 17.48 17.50 17.25 7352
20141212 17.69 18.18 18.24 17.51 8623
20141215 18.19 18.44 18.69 18.19 6605
20141216 18.50 18.35 18.61 18.28 4764
20141217 18.55 18.13 18.58 17.86 8417
20141218 17.55 17.80 18.17 17.42 5356
20141219 17.72 17.37 17.88 16.89 8887
20141222 17.30 15.63 17.52 15.63 18832
20141223 15.63 15.21 15.92 15.01 15794
20141224 15.20 15.73 15.76 15.20 10364
20141225 15.73 15.82 16.00 15.62 8286
20141226 15.70 16.00 16.11 15.70 7510
20141229 15.90 16.39 16.58 15.32 11957
20141230 16.21 16.04 16.37 15.85 7851
20141231 15.80 16.41 16.48 15.60 4741
20150105 16.69 15.64 16.69 15.64 15187
20150106 16.10 17.20 17.20 16.05 19777
20150107 18.88 17.75 18.88 17.07 82115
20150108 18.38 17.08 18.38 17.01 36433
20150109 16.79 16.24 16.86 16.24 20353
20150112 15.92 15.74 16.20 15.61 14400
20150113 15.97 16.22 16.34 15.85 9293
20150114 16.09 15.92 16.26 14.60 7988
20150115 15.89 16.06 16.28 15.84 9794
20150116 16.35 16.38 16.60 16.19 9395
20150119 16.20 15.95 16.70 15.88 10448
20150120 16.17 16.76 16.76 16.07 16763
20150121 16.80 17.25 17.28 16.78 14445
20150122 17.30 17.30 17.49 16.95 21414
20150123 17.16 17.08 17.35 17.05 9084
20150126 17.02 17.27 17.29 17.02 8832
20150127 17.15 17.46 17.48 17.10 10033
20150128 17.37 17.90 18.05 17.20 15612
20150129 17.95 17.79 18.03 17.66 9063
20150130 17.72 17.60 17.90 17.55 7989
20150202 17.39 17.67 17.80 17.12 6299
20150203 17.80 18.03 18.18 17.61 8427
20150204 18.20 17.79 18.38 17.74 6723
20150205 17.99 17.70 17.99 17.66 5617
20150206 17.70 17.80 17.85 17.30 7182
20150209 17.96 17.60 17.97 17.50 3359
20150210 17.34 17.55 17.68 17.34 3796
20150211 17.64 17.70 17.80 17.50 3394
20150212 17.85 17.75 17.89 17.62 4438
20150213 17.88 17.95 18.10 17.75 6901
20150216 17.81 18.94 19.75 17.81 46394
20150217 18.47 19.00 19.30 18.47 14202
20150225 19.09 19.70 19.73 18.82 18263
20150226 19.60 19.54 19.73 19.21 9830
20150227 19.68 19.48 19.83 19.42 10831
20150302 19.50 19.42 19.67 19.30 11738
20150303 19.40 19.87 20.39 18.90 21471
20150304 20.39 20.14 20.39 19.85 16719
20150305 20.48 20.48 20.70 20.01 19106
20150306 20.55 20.18 20.97 19.88 13883
20150309 20.20 20.38 20.43 19.81 9671
20150310 20.37 20.53 20.77 20.21 9934
20150311 20.70 22.58 22.58 20.53 27772
20150312 22.80 21.96 22.99 21.32 17461
20150313 21.77 21.89 22.00 21.33 10077
20150316 22.13 23.12 23.38 21.89 18653
20150317 25.43 25.43 25.43 25.43 3478
20150318 27.97 27.97 27.97 27.97 2269
20150319 30.77 30.77 30.77 29.37 81242
20150320 30.00 30.28 30.69 29.30 67495
20150323 30.27 31.46 32.80 29.48 60127
20150324 30.99 30.98 32.49 28.78 74366
20150325 30.45 34.08 34.08 29.58 82679
20150326 33.34 30.81 33.34 30.67 63001
20150327 30.23 31.25 31.59 30.00 31619
20150330 32.45 32.09 33.12 31.30 53593
20150331 31.40 32.17 32.88 31.05 45788
20150401 31.91 34.07 35.00 31.81 55393
20150402 33.80 36.58 37.27 32.80 66389
20150403 35.38 37.88 38.38 35.25 54526
20150407 37.88 38.08 38.71 37.05 41483
20150408 37.90 36.44 37.99 34.50 39551
20150409 35.87 35.02 36.00 33.03 30436
20150410 34.90 36.99 37.46 34.30 34151
20150413 37.02 37.60 39.28 37.02 30795
20150414 37.54 38.29 38.93 36.21 47753
20150415 37.54 34.48 37.90 34.46 49007
20150416 33.80 34.58 36.37 33.76 17991
20150417 35.20 34.70 35.48 33.00 45344
20150420 34.39 32.00 34.46 32.00 21753
20150421 32.18 33.78 33.97 32.18 20880
20150422 34.09 34.70 35.42 33.98 33382
20150423 34.80 34.73 35.40 34.24 27784
20150424 33.24 33.91 34.26 32.99 26925
20150427 33.90 33.48 34.28 33.47 22502
20150428 33.51 31.53 33.83 31.00 22106
20150429 31.40 33.44 33.45 31.10 20114
20150430 32.91 32.09 33.19 31.65 40827
20150504 31.50 31.05 31.89 30.20 29956
20150505 30.94 31.57 32.30 30.70 43114
20150506 31.07 31.50 32.65 31.07 33121
20150507 31.60 29.90 31.78 29.80 19893
20150508 30.20 31.89 31.98 30.20 27034
20150511 32.09 33.45 33.89 32.00 40536
20150512 33.68 35.00 36.00 32.88 62448
20150513 34.00 34.40 35.58 33.30 51715
20150514 35.00 36.36 37.80 34.63 77035
20150515 35.89 38.88 39.27 35.33 76463
20150518 39.60 41.41 41.79 38.41 89120
20150519 41.47 40.85 41.88 39.00 65913
20150520 40.82 43.20 44.94 40.63 77531
20150521 43.20 47.52 47.52 43.02 78888
20150522 51.00 52.27 52.27 48.44 129041
20150525 20.00 19.56 20.40 18.82 235076
20150526 19.25 21.41 21.50 19.25 219773
20150527 20.98 21.10 21.39 20.00 205278
20150528 20.98 19.40 22.00 19.40 196466
20150529 19.17 18.87 19.96 17.55 130239
20150601 18.92 20.49 20.50 18.92 116051
20150602 20.90 20.99 21.29 20.12 142511
20150603 20.99 23.09 23.09 20.10 217408
20150604 23.35 21.20 23.70 20.78 319239
20150605 21.25 20.72 21.70 20.09 185557
20150608 20.42 19.71 20.42 19.18 149378
20150609 19.50 20.22 20.35 19.10 97382
20150610 20.20 20.18 20.50 19.61 100682
20150611 20.18 20.42 20.68 19.70 125568
20150612 20.44 20.38 20.67 20.08 108274
20150615 20.53 20.56 21.04 19.49 181067
20150616 20.65 19.12 20.77 18.70 90781
20150617 18.62 19.35 19.52 17.92 77984
20150618 19.25 17.79 19.25 17.60 67227
20150619 17.18 16.04 17.18 16.01 74175
20150623 16.18 16.35 16.49 14.70 60840
20150624 16.49 16.72 17.00 16.20 52310
20150625 16.79 15.67 16.99 15.17 58733
20150626 15.00 14.10 15.28 14.10 53783
20150629 14.20 12.69 14.50 12.69 113186
20150630 12.50 13.80 13.96 11.42 107086
20150701 13.50 12.43 14.31 12.42 79419
20150702 12.43 11.19 12.74 11.19 82839
20150703 10.40 10.07 11.59 10.07 74976
20150706 11.08 9.06 11.08 9.06 122078
20150707 8.50 8.15 8.75 8.15 46970
20150708 7.34 8.05 8.39 7.34 138583
20150709 7.52 8.86 8.86 7.43 91030
20150710 9.75 9.75 9.75 9.75 11937
20150713 10.73 10.73 10.73 10.51 44813
20150714 11.80 11.80 11.80 11.80 36854
20150715 12.38 12.98 12.98 11.22 282392
20150716 12.50 13.24 14.28 11.68 214060
20150717 13.24 14.11 14.41 12.78 186094
20150720 13.70 13.62 14.30 12.88 204792
20150721 13.00 14.88 14.88 12.88 154282
20150722 14.35 14.55 15.27 14.18 113523
20150723 14.50 14.42 14.87 14.20 137609
20150724 14.53 14.10 14.97 13.78 142996
20150727 13.62 12.69 14.20 12.69 156997
20150728 11.42 11.43 12.45 11.42 129368
20150729 12.00 12.19 12.20 10.94 93377
20150730 12.19 11.37 12.34 11.36 96186
