20150702 9.49 10.48 10.48 9.49 53
20150703 11.53 11.53 11.53 11.53 150
20150706 12.68 12.68 12.68 12.68 231
20150707 13.95 13.95 13.95 13.95 953
20150708 15.35 15.35 15.35 15.35 22867
20150709 16.89 16.89 16.89 16.89 2867
20150710 18.58 18.58 18.58 18.58 71
20150713 20.44 20.44 20.44 20.44 165
20150714 22.48 22.48 22.48 22.48 178
20150715 24.73 24.73 24.73 24.73 978
20150716 27.20 27.20 27.20 27.20 19701
20150717 29.92 29.92 29.92 29.92 1866
20150720 32.91 32.91 32.91 32.91 525
20150721 36.20 36.20 36.20 35.02 49982
20150722 39.82 39.82 39.82 39.82 5386
20150723 42.60 43.80 43.80 41.33 123508
20150724 48.18 48.18 48.18 44.50 45581
20150727 48.00 53.00 53.00 46.00 95794
20150728 47.80 58.30 58.30 47.80 96258
20150729 64.13 64.13 64.13 61.66 39816
20150730 70.54 70.54 70.54 70.00 23053
