20140102 21.85 22.45 22.50 21.70 25719
20140103 22.34 22.62 22.80 22.03 30483
20140106 22.77 21.98 22.86 21.81 25237
20140107 21.96 22.48 22.48 21.73 24055
20140108 22.64 23.25 23.38 22.48 59230
20140109 23.23 22.66 23.83 22.60 58345
20140110 22.21 22.95 23.50 22.00 34935
20140113 23.00 23.38 23.38 22.49 39934
20140114 23.25 24.20 24.53 23.25 63795
20140115 24.16 24.21 24.30 23.75 37038
20140116 24.14 23.45 24.60 23.41 41466
20140117 23.28 24.08 24.08 22.88 36602
20140120 24.00 23.38 24.03 23.18 27685
20140121 23.20 23.58 23.74 23.20 24743
20140122 23.30 23.35 23.44 22.90 52720
20140123 23.26 24.16 24.34 23.25 60264
20140124 24.10 25.01 25.08 23.71 69940
20140127 24.79 24.44 25.27 24.36 46240
20140128 24.34 24.05 24.79 23.86 28416
20140129 24.10 24.92 25.25 24.10 42816
20140130 24.86 24.38 25.18 24.26 30261
20140207 24.27 25.30 25.40 23.81 39178
20140210 25.65 26.10 26.35 25.22 56609
20140211 26.10 26.07 27.58 25.80 75501
20140212 26.25 26.40 26.50 25.50 45120
20140213 26.17 24.90 26.38 24.63 50842
20140214 24.90 25.15 25.29 24.26 39946
20140217 25.18 25.85 25.95 24.91 38177
20140218 25.73 26.29 26.51 25.35 52210
20140219 26.00 25.70 26.34 25.50 35130
20140220 25.70 24.88 25.94 24.70 31743
20140221 24.82 24.89 25.48 24.66 22503
20140224 24.95 27.03 27.17 24.95 83453
20140225 27.07 25.50 27.85 25.30 96006
20140226 23.41 24.21 24.65 23.21 51755
20140227 24.30 21.99 24.38 21.86 64213
20140228 21.60 22.08 22.10 20.82 32621
20140303 21.83 22.61 22.66 21.60 25983
20140304 22.50 22.66 23.13 22.28 27652
20140305 22.70 22.50 23.05 22.43 17756
20140306 22.17 22.40 22.47 21.67 19229
20140307 22.29 22.50 23.28 22.03 25676
20140310 22.00 21.03 22.15 20.91 21327
20140311 20.87 21.19 21.36 20.87 13873
20140312 21.11 21.36 21.49 20.82 14463
20140313 21.34 21.49 21.59 21.28 13618
20140314 21.40 21.52 21.89 21.25 13323
20140317 21.52 22.39 22.50 21.52 20905
20140318 22.43 22.51 23.06 22.20 25737
20140319 22.34 22.71 22.88 22.10 23712
20140320 22.74 22.82 23.37 22.50 44408
20140321 22.54 22.34 22.66 21.50 34704
20140324 22.16 21.65 22.28 21.56 20434
20140325 21.55 21.80 21.96 21.30 10714
20140326 22.02 22.78 22.96 21.80 30613
20140327 22.60 21.80 22.70 21.80 20552
20140328 21.60 20.37 21.82 20.20 25667
20140331 20.20 20.56 20.95 20.20 9332
20140401 20.59 21.18 21.26 20.59 11992
20140402 21.19 20.64 21.48 20.42 13820
20140403 20.51 20.54 20.94 20.27 12371
20140404 20.56 20.76 20.78 20.37 9488
20140408 20.55 20.71 20.72 20.26 13253
20140409 20.55 21.22 21.25 20.55 20813
20140410 20.98 20.96 21.58 20.90 23423
20140411 20.90 21.09 21.18 20.31 17910
20140414 20.94 21.38 21.45 20.90 14372
20140415 21.50 21.10 21.50 20.98 10620
20140416 21.05 20.88 21.26 20.71 8846
20140417 20.88 20.82 21.18 20.79 9601
20140418 20.85 21.47 21.50 20.85 22481
20140421 21.20 20.85 21.43 20.77 17142
20140422 20.85 20.40 21.00 20.20 12748
20140423 20.50 20.38 20.58 20.30 5853
20140424 20.38 19.76 20.43 19.75 12635
20140425 19.76 18.33 19.78 18.32 20205
20140428 18.10 17.55 18.22 17.51 11206
20140429 17.50 17.90 17.96 17.42 6738
20140430 17.95 18.22 18.29 17.95 5476
20140505 18.25 18.42 18.45 18.10 5859
20140506 18.50 18.58 18.85 18.50 8295
20140507 18.55 17.96 18.58 17.96 8063
20140508 17.81 17.86 18.17 17.80 6271
20140509 17.92 17.30 17.92 17.30 9698
20140512 17.68 17.68 17.70 17.19 12587
20140513 17.65 17.82 18.10 17.55 11193
20140514 17.82 17.90 17.97 17.64 6753
20140515 17.92 18.39 18.98 17.92 31069
20140516 18.40 17.78 18.40 17.53 15658
20140519 17.78 17.83 18.10 17.41 8550
20140520 18.08 17.98 18.35 17.86 10423
20140521 18.00 18.47 18.55 17.75 15604
20140522 18.47 18.97 19.32 18.41 32413
20140523 19.06 18.98 19.06 18.50 18493
20140526 18.92 19.20 19.40 18.92 19509
20140527 19.20 18.89 19.20 18.84 12268
20140528 18.86 19.40 19.41 18.84 20521
20140529 19.40 18.90 19.69 18.85 16504
20140530 18.82 18.80 18.99 18.39 14022
20140603 18.78 18.50 18.96 18.46 8772
20140604 18.50 18.45 18.72 18.18 8626
20140605 18.45 18.87 18.87 18.35 17738
20140606 19.02 18.78 19.16 18.65 20685
20140609 18.88 18.88 19.14 18.72 15015
20140610 18.87 19.15 19.17 18.61 16009
20140611 19.01 19.40 19.46 18.95 20341
20140612 19.30 19.11 19.38 19.04 14806
20140613 19.10 19.47 19.69 18.93 24845
20140616 19.70 19.65 19.70 19.38 17650
20140617 19.58 19.28 19.59 19.23 13313
20140618 19.34 18.86 19.44 18.85 13343
20140619 18.85 18.11 19.20 17.90 15693
20140620 18.13 18.35 18.97 18.11 10440
20140623 18.35 18.87 19.16 18.35 14750
20140624 18.80 18.95 19.09 18.60 11709
20140625 18.79 18.75 19.09 18.55 16287
20140626 18.80 20.06 20.50 18.80 61219
20140627 19.89 20.07 20.19 19.72 31927
20140630 20.02 20.27 20.39 19.82 24564
20140701 20.28 20.21 20.46 20.05 18331
20140702 20.21 20.09 20.46 19.78 20956
20140703 20.09 20.52 21.00 19.80 44579
20140704 20.68 20.74 21.00 20.53 34189
20140707 20.77 20.33 20.86 20.03 21456
20140708 20.35 20.64 20.65 20.20 18913
20140709 20.50 20.83 21.43 20.40 43660
20140710 20.83 21.09 21.36 20.56 33612
20140711 21.08 20.92 21.20 20.71 22798
20140714 20.95 20.79 20.99 20.34 20577
20140715 20.50 20.03 20.50 19.91 28391
20140716 20.02 19.70 20.17 19.40 15958
20140717 19.75 19.89 19.98 19.63 8955
20140718 19.80 19.73 19.95 19.56 11505
20140721 19.60 19.47 19.74 19.20 11748
20140722 19.47 19.85 19.87 19.41 12204
20140723 19.90 19.44 19.99 19.23 11354
20140724 19.52 19.14 19.57 18.85 12483
20140725 18.85 19.14 19.34 18.85 10403
20140728 19.28 19.40 19.50 19.00 15880
20140729 19.50 19.76 19.92 19.39 19950
20140730 19.60 19.69 19.84 19.51 12136
20140731 19.71 20.33 20.38 19.71 27835
20140801 20.30 20.81 21.49 20.30 50238
20140804 20.80 20.86 21.00 20.51 18241
20140805 20.83 20.96 21.27 20.40 19724
20140806 20.96 21.80 22.19 20.81 43400
20140807 21.80 21.16 22.18 21.06 31948
20140808 21.19 21.17 21.48 20.90 20701
20140811 21.15 22.14 22.22 21.10 33446
20140812 22.00 22.95 23.55 21.86 38793
20140813 23.08 23.08 23.30 22.35 22013
20140814 23.05 22.55 23.76 22.40 27659
20140815 22.66 22.94 23.20 22.25 17096
20140818 23.00 22.96 23.39 22.63 20874
20140819 22.90 22.77 23.09 22.41 32402
20140820 22.63 21.86 22.72 21.80 27338
20140821 21.80 22.06 22.32 21.70 21315
20140822 22.07 23.85 23.88 22.07 54315
20140825 23.80 23.63 23.89 23.10 32359
20140826 23.40 22.65 23.64 22.51 25841
20140827 22.60 22.97 23.21 22.45 20035
20140828 22.98 23.04 23.25 22.60 19498
20140829 23.04 23.63 23.85 23.01 20996
20140901 23.64 23.43 24.16 23.40 20221
20140902 23.69 23.97 24.36 23.45 23188
20140903 24.04 24.59 24.90 24.00 31462
20140904 24.68 25.05 25.16 24.20 25603
20140905 25.22 25.21 25.95 25.02 31690
20140909 25.19 24.99 25.79 24.75 25853
20140910 25.00 25.73 26.22 24.91 25307
20140911 25.76 25.32 25.99 24.85 18002
20140912 25.24 25.17 25.24 24.71 16921
20140915 25.07 25.39 25.39 24.30 17979
20140916 25.27 23.98 25.45 23.90 27445
20140917 23.89 23.80 24.16 23.41 16844
20140918 23.63 24.38 24.38 23.56 10334
20140919 24.46 24.23 24.52 23.90 8948
20140922 24.23 23.74 24.23 23.74 11930
20140923 23.77 24.04 24.07 23.45 13835
20140924 23.95 24.28 24.40 23.83 15009
20140925 24.44 23.62 24.65 23.38 24097
20140926 23.62 23.50 23.75 23.31 16492
20140929 23.55 24.41 24.41 23.55 25618
20140930 24.48 24.40 24.55 24.25 17110
20141008 24.40 25.14 25.23 24.25 22408
20141009 25.20 25.54 25.58 24.90 23876
20141010 25.60 25.13 25.68 25.03 15177
20141013 25.07 25.17 25.19 24.45 12667
20141014 24.93 25.33 25.71 24.93 18213
20141015 25.20 26.22 26.22 25.11 40004
20141016 26.03 26.00 27.37 25.88 39615
20141017 25.60 25.01 26.21 23.51 27471
20141020 25.00 26.07 26.10 25.00 20044
20141021 26.00 26.54 27.60 25.95 50666
20141022 26.65 26.40 27.55 26.31 31158
20141023 26.51 25.95 26.62 25.51 17511
20141024 25.90 27.63 28.16 25.90 31100
20141027 27.33 30.00 30.39 27.20 45728
20141028 30.19 30.45 30.88 29.79 34989
20141029 30.30 30.19 30.45 29.72 31749
20141030 30.11 32.21 33.21 29.87 44120
20141031 32.08 32.37 32.67 31.51 21188
20141103 32.45 31.52 32.78 31.12 27613
20141104 31.68 30.40 31.77 30.28 22147
20141105 30.43 30.94 31.20 29.48 16819
20141106 30.79 30.88 31.00 30.27 14415
20141107 30.88 29.92 30.95 29.60 24026
20141110 30.10 29.28 30.20 28.90 19329
20141111 29.10 27.91 29.41 27.04 24978
20141112 28.00 28.66 28.78 27.70 15591
20141113 28.98 27.86 29.81 27.78 23790
20141114 27.99 26.86 27.99 26.10 18665
20141117 26.80 27.14 27.87 26.49 19550
20141118 27.29 27.53 27.83 26.60 26207
20141119 27.35 28.20 28.23 27.00 15386
20141120 28.18 28.16 28.18 27.37 15257
20141121 27.90 29.15 29.50 27.80 21708
20141124 29.00 30.99 31.98 28.98 32768
20141125 31.07 30.70 32.07 30.00 25395
20141126 31.00 29.85 31.30 29.70 26126
20141127 29.99 30.25 30.58 29.20 21312
20141128 30.07 30.13 30.50 29.40 16602
20141201 29.93 28.31 29.93 28.31 17672
20141202 28.21 28.76 29.10 28.10 9765
20141203 28.76 29.28 29.60 27.85 19437
20141204 29.10 28.63 29.42 28.50 18605
20141205 28.66 26.31 28.66 25.97 41454
20141208 25.90 25.05 26.40 24.91 47485
20141209 25.04 24.63 25.61 24.47 23816
20141210 24.90 25.50 25.78 24.80 22221
20141211 25.44 25.79 25.87 25.05 15617
20141212 25.90 26.39 26.40 25.65 20197
20141215 26.41 27.06 27.35 26.39 31321
20141216 26.98 26.51 27.50 26.29 22419
20141217 26.50 25.36 26.50 25.01 25395
20141218 25.36 25.05 25.79 24.80 23713
20141219 25.08 23.99 25.14 23.80 15841
20141222 23.86 22.77 23.86 22.09 17813
20141223 22.51 22.55 23.35 22.33 9802
20141224 22.89 23.11 23.25 22.88 14341
20141225 23.12 22.84 23.21 22.30 19202
20141226 22.40 22.45 22.75 22.26 17348
20141229 22.45 21.42 22.45 21.35 19253
20141230 21.45 21.68 21.84 21.39 13423
20141231 21.60 22.40 22.65 21.56 18603
20150105 22.44 21.89 22.52 21.52 16332
20150106 21.95 23.29 23.40 21.60 33590
20150107 23.20 22.66 23.20 22.50 19557
20150108 22.65 22.86 23.21 22.55 16907
20150109 22.99 22.80 23.27 22.75 20144
20150112 22.50 22.39 22.50 22.00 13120
20150113 22.39 23.10 23.15 22.22 16343
20150114 23.18 23.45 24.04 22.83 26749
20150115 23.48 23.45 23.97 23.24 21112
20150116 23.25 23.80 23.92 23.06 22550
20150119 23.37 24.23 25.07 23.00 32998
20150120 24.25 25.86 25.99 24.19 47772
20150121 25.88 25.55 26.16 25.18 36378
20150122 25.54 25.51 25.60 24.93 31179
20150123 25.57 24.80 25.87 24.71 23680
20150126 24.80 25.19 25.20 24.54 16116
20150127 25.19 24.78 25.20 24.40 19355
20150128 24.62 24.89 25.30 24.46 20015
20150129 24.78 24.62 25.16 24.51 14080
20150130 24.53 23.93 24.87 23.91 13528
20150202 23.20 23.85 24.37 23.20 8414
20150203 23.99 24.57 24.68 23.80 13132
20150204 24.57 24.09 24.68 24.00 11888
20150205 24.23 24.50 24.83 23.83 17140
20150206 24.35 23.38 24.65 23.30 15506
20150209 23.37 22.55 23.37 22.36 14696
20150210 22.54 22.93 22.97 22.41 8429
20150211 22.93 23.30 23.36 22.90 7951
20150212 23.43 23.54 23.88 23.34 13127
20150213 23.55 23.99 24.24 23.55 14771
20150216 24.00 25.03 25.08 24.00 23844
20150217 25.05 24.78 25.08 24.42 18349
20150225 24.79 25.77 25.88 24.61 33077
20150226 25.75 25.42 25.75 24.83 27605
20150227 25.29 25.36 25.46 25.04 20118
20150302 25.48 26.55 26.75 25.26 48581
20150303 26.25 26.10 26.90 25.88 44008
20150304 26.00 26.99 27.35 25.83 50841
20150305 26.99 26.78 27.10 26.38 29418
20150306 26.80 25.38 26.82 25.35 26131
20150309 25.30 25.81 26.05 25.00 23765
20150310 25.80 27.57 27.57 25.80 54117
20150311 27.60 26.90 27.72 26.69 37590
20150312 26.52 26.15 27.14 25.60 28030
20150313 26.29 26.97 26.97 26.04 19898
20150316 27.32 27.60 27.80 27.01 49189
20150317 27.60 27.39 27.75 27.00 46438
20150318 27.37 28.08 28.40 27.06 54220
20150319 27.89 28.02 28.16 27.53 41135
20150320 27.93 29.40 29.96 27.89 77550
20150323 29.99 31.13 31.76 29.05 77665
20150324 31.31 33.12 33.90 30.35 105315
20150325 32.68 32.54 33.66 32.38 52117
20150326 32.35 30.02 32.35 29.66 57741
20150327 30.09 30.59 30.88 29.81 34446
20150330 30.10 31.02 31.50 30.06 40331
20150331 30.88 31.82 32.50 30.88 39555
20150401 31.80 32.10 32.48 31.32 38584
20150402 32.16 31.96 32.86 31.40 49697
20150403 31.79 35.16 35.16 31.00 80130
20150407 35.82 38.68 38.68 35.81 64486
20150408 40.50 42.31 42.55 38.60 112209
20150409 41.99 42.72 43.49 38.11 73201
20150410 42.00 43.79 46.36 40.54 75319
20150413 43.85 46.91 47.50 42.72 55864
20150414 46.50 45.35 48.30 44.61 41057
20150415 44.20 41.84 44.88 41.50 24966
20150416 41.50 41.35 43.00 40.07 36845
20150417 41.10 41.28 43.56 41.10 28421
20150420 41.55 39.25 42.01 39.00 23215
20150421 39.70 41.82 42.00 39.28 21738
20150422 41.92 42.12 43.69 41.82 23057
20150423 41.85 42.71 43.50 41.30 31180
20150424 41.77 42.05 42.71 40.54 20835
20150427 42.15 42.70 43.88 42.14 24434
20150428 43.50 39.69 43.50 39.01 20770
20150429 39.48 40.00 40.50 38.24 27084
20150430 40.20 39.43 40.98 39.02 27415
20150504 39.43 39.51 40.18 37.50 28901
20150505 39.29 38.12 39.80 38.00 25792
20150506 38.49 38.60 39.66 38.49 19868
20150507 38.88 35.54 38.88 35.01 24168
20150508 36.49 38.59 39.09 36.02 38679
20150511 39.20 42.45 42.45 38.88 46438
20150512 43.00 42.57 44.70 41.12 56337
20150513 42.28 46.83 46.83 41.05 75481
20150514 48.70 49.70 51.51 47.55 92746
20150515 48.10 51.00 53.50 46.02 55750
20150518 50.20 56.10 56.10 50.20 33495
20150519 61.00 61.71 61.71 57.71 103160
20150520 34.51 37.65 37.65 34.45 76520
20150521 40.93 41.42 41.42 39.60 19328
20150522 45.56 41.46 45.56 40.00 128856
20150525 39.30 38.78 41.46 37.31 93833
20150526 37.77 42.16 42.16 37.77 76297
20150527 41.90 40.70 42.10 38.00 77689
20150528 40.50 36.63 40.67 36.63 72564
20150529 35.70 37.75 38.69 33.45 69379
20150601 38.63 41.53 41.53 38.50 89226
20150602 41.61 44.55 45.68 41.61 104521
20150603 43.26 45.04 48.60 42.66 99596
20150604 44.08 43.50 46.00 40.54 73191
20150605 43.50 42.30 45.70 41.60 63057
20150608 42.25 44.00 44.00 40.00 85667
20150609 44.15 44.10 46.03 43.02 102847
20150610 44.14 48.51 48.51 43.10 153331
20150611 48.08 48.07 50.41 46.05 134889
20150612 47.88 49.21 52.00 47.10 133936
20150615 49.35 54.13 54.13 49.35 90352
20150616 54.79 53.00 57.56 50.00 110285
20150617 52.79 54.24 55.00 50.00 83708
20150618 54.30 57.00 58.85 53.75 64584
20150619 56.11 56.30 58.12 52.50 70168
20150623 56.00 50.67 56.20 50.67 72107
20150624 50.60 50.67 52.98 47.50 66698
20150625 50.69 48.27 53.20 48.00 50315
20150626 46.62 43.44 46.62 43.44 31860
20150629 43.40 39.10 43.40 39.10 12105
20150630 35.19 39.98 42.29 35.19 97209
20150701 38.10 35.98 40.00 35.98 106733
20150714 36.99 39.58 39.58 36.03 266507
20150715 38.00 35.62 38.00 35.62 50608
20150716 32.06 32.06 35.00 32.06 208587
20150717 32.04 33.22 34.00 30.45 193939
20150720 32.57 32.35 33.99 30.15 178895
20150721 31.20 35.59 35.59 30.65 195877
20150722 37.20 39.15 39.15 35.70 238189
20150723 38.37 38.90 40.10 37.20 220954
20150724 38.91 36.73 39.50 35.83 160412
20150727 35.20 33.06 36.19 33.06 103439
20150728 29.75 29.75 32.50 29.75 142637
20150729 29.85 29.53 30.95 26.78 196642
20150730 29.20 26.58 29.20 26.58 133646
