20140102 7.14 7.61 7.76 7.12 215710
20140103 7.55 7.75 7.98 7.52 189947
20140106 7.75 7.67 8.13 7.63 170440
20140107 7.60 8.23 8.35 7.56 180743
20140108 8.46 8.42 8.53 8.15 177694
20140109 8.30 8.88 9.26 8.22 326054
20140110 8.88 9.28 9.47 8.69 218409
20140113 9.31 9.00 9.49 8.83 168001
20140114 9.01 8.86 9.08 8.57 192613
20140115 8.96 9.75 9.75 8.96 248982
20140116 9.80 9.72 10.07 9.58 198610
20140117 9.62 9.90 9.96 9.45 145207
20140120 9.90 9.38 10.07 9.34 119389
20140121 9.38 10.22 10.32 9.38 151625
20140122 10.18 11.01 11.24 10.04 213122
20140123 10.93 12.11 12.11 10.86 201086
20140124 12.20 12.06 12.62 11.71 203268
20140127 12.06 12.17 12.55 11.78 143378
20140128 12.00 12.04 12.45 11.70 105924
20140129 12.09 13.13 13.13 12.06 108123
20140130 13.20 13.71 13.85 13.15 110248
20140207 13.85 13.74 14.30 13.22 109829
20140210 13.51 14.60 14.78 13.51 141964
20140211 14.76 14.40 14.78 13.95 131498
20140212 14.40 14.16 14.54 13.24 241912
20140213 13.90 13.24 14.58 13.24 124538
20140214 13.01 13.96 13.97 12.82 131207
20140217 13.96 14.92 15.12 13.69 174128
20140218 14.95 14.56 14.98 14.28 112623
20140219 14.53 13.97 14.89 13.68 123247
20140220 13.77 13.56 14.10 13.20 118417
20140221 13.39 13.56 13.88 13.28 60880
20140224 13.42 13.65 13.83 13.31 53597
20140225 13.60 12.50 13.88 12.29 129970
20140226 12.42 12.91 13.06 12.30 99823
20140227 12.91 13.50 14.05 12.90 135037
20140228 13.42 13.68 13.79 12.84 70038
20140303 13.85 14.35 14.35 13.60 83914
20140304 14.40 14.27 14.69 13.80 78742
20140305 14.27 14.20 14.50 14.05 74627
20140306 14.06 14.37 14.58 13.60 90029
20140307 14.33 14.69 15.66 14.32 157323
20140310 14.58 14.26 14.82 13.90 85706
20140311 14.27 14.80 15.10 14.17 77656
20140312 15.03 15.46 15.80 14.88 156054
20140313 15.83 16.93 17.01 15.83 176146
20140314 16.70 17.05 17.12 16.34 121286
20140317 17.20 17.26 17.37 16.70 80788
20140318 17.33 17.13 18.48 16.51 134943
20140319 16.95 17.07 17.38 16.70 67047
20140320 16.99 16.82 17.30 16.69 64701
20140321 16.81 16.84 17.07 15.61 76872
20140324 16.90 18.15 18.30 16.90 77135
20140325 18.56 17.55 18.66 17.55 103582
20140326 17.39 17.72 18.20 17.01 70780
20140327 17.75 17.84 18.29 17.57 55541
20140328 17.68 16.25 17.94 16.21 90686
20140331 16.28 16.20 16.78 15.50 68781
20140401 16.20 17.78 17.82 16.17 75955
20140402 17.96 16.61 18.50 16.40 132387
20140403 16.50 17.03 17.19 16.45 82921
20140404 17.14 17.26 17.48 16.72 54906
20140408 16.99 16.59 17.02 16.29 86586
20140409 16.50 15.30 16.70 15.15 176700
20140410 15.49 15.50 15.69 15.11 96661
20140411 15.48 15.06 15.48 14.58 97086
20140414 15.07 14.85 15.41 14.56 122329
20140415 14.89 15.50 15.50 14.62 66613
20140416 15.40 15.03 15.60 14.88 70024
20140417 15.03 15.17 15.45 15.00 30886
20140418 15.15 15.21 15.28 14.95 23138
20140421 15.23 14.99 15.38 14.80 31298
20140422 14.74 13.49 15.00 13.49 76363
20140423 13.09 12.87 13.27 12.55 85003
20140424 12.92 12.96 13.26 12.72 58717
20140425 12.96 12.25 13.10 12.12 46101
20140428 12.25 11.75 12.35 11.70 59197
20140429 11.60 12.30 12.41 11.60 49347
20140430 12.29 12.40 12.79 12.20 48685
20140505 12.38 12.75 12.79 12.38 37780
20140506 12.68 13.14 13.35 12.60 44188
20140507 13.15 12.32 13.20 12.16 55408
20140508 12.12 12.08 12.28 11.95 53356
20140509 12.12 11.86 12.15 11.72 31838
20140512 11.80 12.19 12.39 11.70 32641
20140513 12.18 12.35 12.66 12.18 47310
20140514 12.31 12.20 12.44 12.19 22086
20140515 12.21 11.69 12.56 11.66 45631
20140516 11.51 10.52 11.70 10.52 140491
20140519 10.52 10.65 10.76 10.25 84279
20140520 10.94 11.20 11.42 10.92 97742
20140521 11.15 11.31 11.31 10.83 57453
20140522 11.33 11.68 11.95 11.33 95167
20140523 11.45 12.25 12.25 11.38 61735
20140526 12.26 11.88 12.40 11.81 115924
20140527 11.88 11.81 12.09 11.66 122752
20140528 12.00 12.99 12.99 11.99 122086
20140529 12.99 13.33 13.69 12.75 112277
20140530 13.30 13.55 13.75 13.10 76859
20140603 14.00 14.15 14.24 13.76 109431
20140604 13.98 13.91 14.15 13.82 63318
20140605 13.95 14.18 14.23 13.84 68621
20140606 14.26 13.97 14.65 13.50 100855
20140609 13.85 13.73 14.07 13.23 87753
20140610 13.75 13.69 13.85 13.41 47133
20140611 13.75 14.18 14.32 13.54 77220
20140612 14.10 13.40 14.25 13.36 63996
20140613 13.30 13.47 13.60 13.23 85833
20140616 13.48 13.84 13.85 13.11 114577
20140617 13.90 14.11 14.23 13.45 125790
20140618 14.19 13.82 14.58 13.82 108513
20140619 13.87 13.26 13.98 12.95 70440
20140620 13.26 13.40 13.45 13.00 33774
20140623 13.25 13.24 13.64 13.20 41925
20140624 13.20 13.25 13.49 13.14 36976
20140625 13.24 13.10 13.48 12.96 33684
20140626 13.19 13.15 13.34 13.10 45070
20140627 13.08 13.23 13.23 13.00 43023
20140630 13.15 13.55 13.56 13.10 56777
20140701 13.52 14.36 14.78 13.49 107539
20140702 14.32 14.56 14.62 14.08 65832
20140703 14.60 14.96 15.38 14.37 83024
20140704 15.03 14.32 15.20 14.32 83557
20140707 14.32 14.30 14.38 13.95 44170
20140708 14.40 14.95 14.98 14.25 91477
20140709 14.90 14.76 15.19 14.75 93103
20140710 14.76 15.01 15.36 14.64 157495
20140711 14.89 14.63 15.10 14.55 84589
20140714 14.63 13.69 14.70 13.20 129494
20140715 13.92 13.58 13.92 13.36 43138
20140716 13.59 13.38 13.83 13.23 39593
20140717 13.20 13.15 13.55 12.50 74944
20140718 13.07 12.70 13.09 12.57 50402
20140721 12.70 12.60 12.79 12.45 28884
20140722 12.58 12.85 12.98 12.58 32760
20140723 12.82 11.75 12.87 11.65 86999
20140724 11.69 11.48 11.80 11.08 59856
20140725 11.47 11.58 11.70 11.37 28488
20140728 11.67 11.81 11.96 11.46 48288
20140729 11.85 12.00 12.20 11.67 55308
20140730 12.01 11.97 12.06 11.82 34473
20140731 11.98 11.85 12.04 11.78 42888
20140801 11.84 11.51 11.88 11.48 62902
20140804 11.48 11.34 11.51 11.11 145091
20140805 11.35 12.08 12.08 11.15 166243
20140806 11.97 12.08 12.15 11.81 103504
20140807 12.02 11.96 12.40 11.93 89140
20140808 11.99 12.07 12.15 11.86 47826
20140811 12.17 12.45 12.48 12.15 91178
20140812 12.50 12.37 12.51 12.18 75740
20140813 12.37 12.16 12.46 12.03 57323
20140814 12.19 12.17 12.35 12.16 51947
20140815 12.17 12.48 12.65 12.13 72864
20140818 12.45 12.60 12.65 12.37 77296
20140819 12.61 12.89 13.08 12.51 110012
20140820 12.80 12.67 12.87 12.60 63460
20140821 12.65 12.60 12.73 12.32 59410
20140822 12.52 12.57 12.67 12.42 81780
20140825 13.05 12.80 13.65 12.76 225906
20140826 12.70 12.20 12.76 12.15 115128
20140827 12.19 12.21 12.32 12.15 73827
20140828 12.40 12.19 12.52 12.13 76975
20140829 12.10 12.40 12.43 12.05 52194
20140901 12.40 12.71 12.84 12.39 94496
20140902 12.80 12.78 12.93 12.65 93046
20140903 12.88 12.85 12.94 12.67 99047
20140904 12.88 13.28 13.33 12.85 168940
20140905 13.23 13.17 13.29 12.99 100978
20140909 13.13 12.92 13.13 12.71 123972
20140910 12.83 12.93 13.01 12.70 80806
20140911 12.93 13.14 13.37 12.88 166128
20140912 13.14 13.21 13.24 13.04 85935
20140915 13.20 13.10 13.22 12.91 139307
20140916 13.10 12.41 13.11 12.35 135307
20140917 12.34 12.45 12.47 12.21 71237
20140918 12.42 12.47 12.60 12.29 69286
20140919 12.40 12.50 12.50 12.29 84469
20140922 12.46 12.16 12.47 12.14 77694
20140923 12.18 12.31 12.36 12.17 59005
20140924 12.31 12.44 12.48 12.25 69039
20140925 12.52 12.65 12.86 12.48 120461
20140926 12.73 13.06 13.12 12.70 162272
20140929 13.15 13.38 13.45 13.00 164344
20140930 13.40 13.35 13.49 13.20 95071
20141008 13.40 13.31 13.42 13.05 96994
20141009 13.37 13.38 13.54 13.17 125124
20141010 13.29 13.54 13.92 13.22 153471
20141013 13.42 13.22 13.43 13.01 98362
20141014 13.22 13.07 13.37 13.00 81697
20141015 13.00 12.75 13.03 12.55 139602
20141016 12.65 12.49 12.83 12.49 77731
20141017 12.42 12.19 12.56 11.96 90227
20141020 12.28 12.43 12.52 12.20 57404
20141021 12.57 12.23 12.68 12.15 82374
20141022 12.27 12.20 12.48 12.17 54804
20141023 12.20 11.85 12.37 11.85 66277
20141024 11.80 11.32 11.98 11.25 119624
20141027 11.25 11.19 11.28 10.94 94155
20141028 11.25 11.70 11.73 11.25 93822
20141029 11.75 11.73 11.85 11.60 91231
20141030 11.71 11.58 11.75 11.50 86247
20141031 11.59 11.47 11.73 11.32 86017
20141103 11.50 11.77 11.80 11.45 80154
20141104 11.78 11.58 11.85 11.54 56518
20141105 11.60 11.61 11.66 11.35 50457
20141106 11.63 11.85 11.91 11.48 94082
20141107 11.81 11.55 11.95 11.50 93602
20141110 11.55 11.72 11.85 11.55 71541
20141111 11.72 11.14 11.74 10.97 118412
20141112 11.10 11.21 11.23 11.00 64397
20141113 11.19 10.67 11.19 10.63 107773
20141114 10.63 10.50 10.67 10.38 97637
20141117 10.48 10.74 10.76 10.45 62686
20141118 10.76 10.97 11.13 10.68 128832
20141119 10.86 10.94 11.04 10.80 70203
20141120 10.95 10.74 10.95 10.72 51316
20141121 10.78 10.87 10.94 10.75 47650
20141124 10.80 10.87 10.97 10.80 82233
20141125 10.89 11.17 11.17 10.87 95203
20141126 11.16 11.19 11.38 11.10 89991
20141127 11.23 11.33 11.39 11.20 88665
20141128 11.31 11.18 11.35 11.15 75653
20141201 11.22 10.82 11.27 10.82 82283
20141202 10.80 10.96 11.12 10.78 59850
20141203 10.91 11.24 11.27 10.79 134279
20141204 11.20 11.38 11.46 11.15 119928
20141205 11.31 10.93 11.33 10.82 110006
20141208 10.85 10.78 10.94 10.61 91866
20141209 10.78 10.31 10.95 10.25 126277
20141210 10.27 10.58 10.63 10.10 72247
20141211 10.67 10.67 10.74 10.47 75554
20141212 10.67 10.93 10.93 10.62 86919
20141215 10.93 11.20 11.26 10.81 127043
20141216 11.15 11.06 11.27 10.96 80254
20141217 11.06 10.79 11.07 10.63 73138
20141218 10.79 10.73 10.90 10.60 54526
20141219 10.73 10.38 10.80 10.28 86330
20141222 10.31 9.65 10.31 9.63 82523
20141223 9.67 9.66 9.90 9.53 61629
20141224 9.80 9.89 9.89 9.73 38688
20141225 9.87 9.94 10.02 9.83 34634
20141226 9.87 9.85 9.94 9.76 39836
20141229 9.81 9.59 9.81 9.53 54850
20141230 9.61 9.25 9.65 9.16 60426
20141231 9.28 9.39 9.47 9.25 35050
20150105 9.40 9.51 9.57 9.12 60239
20150106 9.52 9.81 9.94 9.40 90731
20150107 9.90 9.80 10.04 9.72 65523
20150108 9.83 10.01 10.27 9.77 118974
20150109 10.01 9.82 10.25 9.79 89939
20150112 9.69 9.80 10.04 9.59 58283
20150113 9.76 9.95 10.00 9.70 44682
20150114 9.93 9.77 9.96 9.74 34485
20150115 9.78 9.93 10.06 9.72 45063
20150116 9.96 10.06 10.11 9.88 59516
20150119 9.93 9.90 10.37 9.78 107421
20150120 9.95 10.30 10.30 9.95 87322
20150121 10.36 10.47 10.49 10.25 109064
20150122 10.47 10.55 10.58 10.33 91637
20150123 10.51 10.38 10.56 10.32 78015
20150126 10.36 10.68 10.78 10.32 105654
20150317 11.75 11.75 11.75 11.75 6837
20150318 12.93 12.93 12.93 12.31 361291
20150319 13.13 13.30 13.89 13.09 510103
20150320 13.11 13.19 13.44 12.90 285115
20150323 13.16 13.32 13.34 13.00 252268
20150324 13.40 13.18 13.57 12.70 280702
20150325 13.16 13.74 13.98 12.98 333334
20150326 13.54 13.35 13.54 13.06 213252
20150327 13.27 13.68 13.86 13.21 223213
20150330 13.68 13.69 13.80 13.42 165817
20150331 13.86 14.07 14.49 13.61 295687
20150401 14.00 14.44 14.50 13.86 235562
20150402 14.54 14.42 14.63 14.17 178812
20150403 15.86 15.86 15.86 15.86 29559
20150407 17.42 17.45 17.45 17.00 175250
20150408 18.88 18.85 19.20 18.00 668138
20150409 18.49 18.22 18.80 17.44 366259
20150410 18.02 18.83 19.10 17.88 267029
20150413 19.00 19.26 19.95 18.52 268503
20150414 18.96 18.41 19.18 18.39 219613
20150415 18.30 17.08 18.30 17.06 191017
20150416 16.80 17.72 18.26 16.51 141547
20150417 17.90 17.41 18.07 17.27 172282
20150420 17.30 17.27 17.90 16.98 177579
20150421 17.60 18.74 18.89 17.40 258261
20150422 18.59 18.73 19.06 18.50 226135
20150423 18.75 18.57 18.98 18.30 194871
20150424 18.24 17.98 18.56 17.65 155767
20150427 18.12 17.82 18.47 17.70 118730
20150428 17.78 16.99 17.96 16.77 170197
20150429 16.93 17.50 17.77 16.90 88951
20150430 17.48 17.24 17.73 17.21 89734
20150504 17.31 17.48 17.48 17.10 69928
20150505 17.52 17.04 17.60 16.90 75949
20150506 17.16 17.01 17.59 16.90 71447
20150507 17.17 16.65 17.17 16.52 63704
20150508 17.00 17.46 17.48 16.90 96694
20150511 17.61 18.22 18.26 17.48 161428
20150512 18.35 18.17 18.48 17.81 151198
20150513 18.46 18.80 18.97 18.11 231026
20150514 18.78 18.53 18.78 18.38 129360
20150515 18.56 18.35 18.79 17.97 126281
20150518 18.50 19.94 20.14 18.50 262204
20150519 20.19 20.01 20.19 19.50 224280
20150520 20.25 22.01 22.01 20.25 323710
20150521 11.29 12.06 12.06 10.90 710984
20150522 13.18 12.18 13.18 11.98 1098733
20150525 11.98 12.17 12.38 11.50 695401
20150526 12.18 12.63 12.69 12.18 599637
20150527 12.63 12.70 12.80 12.07 593904
20150528 12.70 11.90 13.42 11.88 771095
20150529 11.89 12.04 12.34 11.00 547949
20150601 12.05 12.83 12.88 12.05 497290
20150602 13.08 13.95 14.03 13.08 657892
20150603 14.01 13.59 14.25 13.05 571897
20150604 13.69 13.14 13.69 12.30 413665
20150605 13.30 13.21 13.59 12.88 441163
20150608 13.70 13.84 13.94 13.39 702857
20150609 13.45 13.30 13.66 13.08 398254
20150610 13.23 13.45 13.64 12.91 387148
20150611 13.35 13.50 13.59 13.19 345985
20150612 13.50 13.48 13.60 13.35 375262
20150615 13.37 12.82 13.47 12.80 431195
20150616 12.56 11.90 12.58 11.90 327883
20150617 12.00 12.40 12.46 11.62 270085
20150618 12.40 11.90 12.57 11.88 210083
20150619 11.87 10.71 11.87 10.71 234548
20150623 10.78 10.94 11.00 10.04 235195
20150624 11.10 11.32 11.48 11.00 250532
20150625 11.28 10.77 11.31 10.55 211253
20150626 10.50 9.69 10.50 9.69 241502
20150629 10.13 8.72 10.14 8.72 287102
20150630 8.35 9.10 9.26 7.85 364161
20150701 9.10 8.19 9.34 8.19 344245
20150702 8.30 7.39 8.42 7.37 256802
20150703 7.15 6.78 7.68 6.66 272676
20150706 7.46 6.98 7.46 6.40 314167
20150707 6.72 6.28 6.94 6.28 175953
20150708 5.65 6.07 6.18 5.65 421256
20150709 5.97 6.68 6.68 5.80 313669
20150710 7.05 7.35 7.35 6.95 136492
20150713 8.08 8.09 8.09 7.70 363641
20150714 8.44 8.67 8.90 8.20 622884
20150715 8.30 7.80 8.56 7.80 347407
20150716 7.80 8.09 8.36 7.08 333634
20150717 8.11 8.72 8.90 8.10 337028
20150720 8.72 8.75 9.07 8.42 357610
20150721 8.62 8.68 8.86 8.42 240759
20150722 8.60 8.63 8.80 8.40 234175
20150723 8.60 8.92 8.96 8.53 321171
20150724 9.03 8.56 9.14 8.50 342070
20150727 8.40 7.70 8.62 7.70 286675
20150728 7.21 7.42 7.88 6.97 245528
20150729 7.51 8.07 8.08 7.30 173447
20150730 8.00 7.60 8.16 7.59 187260
