20140102 58.68 59.30 59.50 57.81 2715
20140103 58.53 58.81 59.90 58.53 2513
20140106 58.28 57.80 59.59 57.50 4068
20140107 57.08 58.78 58.89 57.08 3093
20140108 58.78 59.42 61.10 58.62 4577
20140109 59.50 58.11 59.65 58.11 3798
20140110 57.80 57.30 59.00 57.20 3254
20140113 57.31 57.93 58.48 57.00 2579
20140114 58.36 58.24 58.49 57.47 3305
20140115 58.30 61.55 61.66 58.24 12291
20140116 61.08 61.04 61.98 59.65 3326
20140117 61.20 61.00 62.00 60.53 3242
20140120 61.00 59.28 62.37 59.23 3780
20140121 59.99 59.76 60.98 59.05 2691
20140122 59.97 60.58 60.90 59.41 4267
20140123 60.61 61.55 63.28 60.60 8072
20140124 60.03 61.00 62.00 59.11 9572
20140127 60.50 59.98 60.95 59.36 7734
20140128 59.98 58.80 60.46 58.30 6126
20140129 58.60 59.91 59.99 58.60 3378
20140130 59.90 62.94 63.02 59.10 10489
20140228 66.02 60.45 66.02 56.80 16478
20140303 59.80 64.10 64.45 57.01 14098
20140304 63.01 67.09 67.98 62.58 15492
20140305 68.30 73.80 73.80 68.21 18247
20140306 75.19 73.48 75.66 70.12 12602
20140307 73.30 73.50 75.17 71.70 7464
20140310 73.22 73.00 77.85 71.00 14337
20140311 71.62 70.91 74.92 70.85 9530
20140312 70.82 73.30 75.80 70.58 8499
20140313 73.10 76.30 76.90 72.10 7417
20140314 75.68 79.45 80.60 74.60 6949
20140317 78.58 79.45 81.48 78.00 5092
20140318 79.01 78.34 80.96 77.41 6810
20140319 78.34 77.72 79.00 76.00 4279
20140320 77.78 77.85 81.49 75.88 7277
20140321 76.82 74.10 77.80 73.50 10140
20140324 73.42 72.00 75.09 71.00 5341
20140325 72.02 74.40 75.50 72.02 6640
20140326 74.98 80.19 80.30 74.28 6633
20140327 79.56 76.74 80.00 76.60 3916
20140328 75.98 72.78 77.00 70.74 11205
20140331 73.08 76.80 79.20 70.75 8786
20140401 77.80 78.00 78.88 75.00 2957
20140402 78.78 75.00 78.78 74.05 4418
20140403 75.00 73.31 75.48 72.66 3850
20140404 73.35 74.02 75.18 72.25 3842
20140408 74.60 76.29 76.36 73.16 7167
20140409 75.83 79.96 80.20 75.83 7305
20140410 79.95 78.40 83.39 78.00 6401
20140411 77.56 79.68 81.00 76.10 3010
20140414 79.04 81.25 83.00 79.04 3923
20140415 81.25 83.13 85.04 81.01 6958
20140416 83.13 81.67 84.77 81.55 3003
20140417 81.74 80.76 83.30 80.48 2384
20140418 80.13 83.91 84.50 80.12 3389
20140421 83.41 82.60 84.50 81.80 4022
20140422 83.40 80.00 83.40 79.05 5842
20140423 79.00 76.00 80.00 75.50 6462
20140424 76.70 72.32 76.70 70.96 7109
20140425 71.00 71.73 74.38 70.15 6323
20140428 71.73 69.90 71.73 66.11 5600
20140429 69.48 68.80 71.60 67.00 4962
20140430 69.00 70.11 70.68 67.00 3832
20140505 70.11 70.20 72.65 69.21 4109
20140506 70.19 70.10 71.09 68.52 5747
20140507 69.28 67.40 69.28 66.14 9684
20140508 66.21 66.88 67.69 65.68 5547
20140509 66.82 65.10 66.82 65.00 2350
20140512 65.10 66.93 66.96 63.20 4286
20140513 67.01 67.80 67.88 66.05 2961
20140514 67.76 67.70 69.97 67.21 3020
20140515 67.70 67.69 69.20 67.57 1863
20140516 67.60 66.40 67.60 62.83 6006
20140519 65.00 65.28 65.50 63.56 3383
20140520 65.30 65.62 67.50 65.30 2183
20140521 64.50 65.30 66.06 64.50 2136
20140522 65.00 67.50 68.47 65.00 5126
20140523 66.96 68.00 68.12 66.10 3730
20140526 68.13 71.28 71.70 68.09 7859
20140527 71.28 71.04 71.60 70.34 3461
20140528 71.23 73.73 73.73 71.23 5423
20140529 73.50 73.95 75.94 73.39 6451
20140530 73.98 72.84 73.98 71.52 2881
20140603 73.49 71.99 73.96 71.67 2047
20140604 42.23 41.72 42.23 40.50 5810
20140605 41.34 42.67 43.50 41.34 5337
20140606 42.30 42.70 43.50 42.03 5436
20140609 43.12 40.90 43.12 40.81 5593
20140610 40.90 41.67 41.86 40.50 5142
20140611 41.78 43.25 43.40 41.68 10908
20140612 43.00 44.10 45.30 42.50 13777
20140613 44.00 45.20 45.60 43.48 10815
20140616 45.35 44.95 46.50 44.80 5209
20140617 45.02 43.83 45.45 43.71 5140
20140618 43.79 43.70 44.43 43.57 3066
20140619 43.33 42.88 44.65 42.86 5251
20140620 43.17 42.71 43.50 41.50 4519
20140623 42.98 43.86 44.46 42.74 7015
20140624 43.86 43.30 45.50 43.30 9460
20140625 43.00 42.30 43.00 41.39 12262
20140626 41.99 42.98 43.28 41.80 9021
20140627 42.98 42.89 43.25 42.16 5742
20140630 42.88 43.77 43.78 42.25 7988
20140701 43.80 44.15 44.30 43.41 8181
20140702 44.15 44.05 44.89 43.51 6621
20140703 44.05 48.46 48.46 43.90 33116
20140704 49.42 47.55 49.42 46.82 18439
20140707 47.50 46.38 47.83 45.86 11089
20140708 46.08 46.50 46.84 45.26 7969
20140709 46.50 45.28 46.92 45.10 8241
20140710 44.90 46.10 46.85 44.87 8772
20140711 45.60 45.58 45.92 45.33 5080
20140714 46.25 44.70 46.26 43.87 10252
20140715 44.28 44.78 45.25 44.20 5920
20140716 45.00 43.12 45.13 42.50 8403
20140717 43.10 43.24 43.95 42.60 4498
20140718 43.10 42.20 43.29 40.21 14941
20140721 41.70 42.98 43.00 41.33 9218
20140722 43.00 43.22 43.50 42.20 6357
20140723 42.62 41.71 43.90 41.00 12947
20140724 41.60 39.31 41.60 38.77 23575
20140725 39.45 40.27 40.27 39.09 13564
20140728 40.30 41.48 41.48 39.70 13117
20140729 41.48 41.57 42.03 41.21 7041
20140730 41.01 41.24 41.58 41.01 9887
20140731 41.02 41.40 41.89 41.02 5706
20140801 41.40 41.32 41.88 41.00 11602
20140804 41.03 39.40 41.49 37.19 49193
20140805 38.49 39.84 40.03 38.01 26514
20140806 39.78 40.41 40.50 39.41 21408
20140807 40.31 40.27 40.56 39.70 11214
20140808 40.14 40.29 41.05 40.11 10971
20140811 40.55 40.64 40.73 39.49 20437
20140812 40.56 41.90 42.00 40.40 17705
20140813 41.90 41.40 42.00 41.05 14269
20140814 41.50 41.36 41.80 41.00 8261
20140815 41.50 41.74 42.10 41.50 7427
20140818 42.14 43.65 43.90 42.01 14586
20140819 43.71 43.20 43.80 42.93 9019
20140820 43.17 42.79 43.56 42.38 9819
20140821 42.91 42.70 43.15 41.36 12490
20140822 42.63 44.40 44.47 42.58 17440
20140825 44.40 43.36 44.40 43.03 8844
20140826 43.66 41.99 43.75 41.83 10223
20140827 41.99 41.92 42.87 41.80 7300
20140828 42.17 41.51 42.40 41.15 7930
20140829 41.24 41.99 42.04 41.20 4800
20140901 42.25 43.10 43.55 42.01 11822
20140902 43.16 43.00 43.80 42.83 13857
20140903 43.00 43.43 43.59 42.99 11087
20140904 43.60 43.75 43.76 43.08 8883
20140905 43.86 43.34 43.95 43.20 8638
20140909 43.32 42.84 43.32 42.70 10653
20140910 42.80 43.23 43.27 42.52 8401
20140911 43.47 43.28 43.97 42.82 16840
20140912 43.17 42.95 43.20 42.40 9503
20140915 42.90 42.86 43.25 42.48 10043
20140916 42.85 41.25 43.02 41.01 15323
20140917 41.26 41.52 41.80 40.86 9942
20140918 41.75 41.58 41.86 41.11 5602
20140919 41.70 41.51 41.96 41.41 6113
20140922 41.49 41.67 42.37 41.01 8546
20140923 41.61 41.72 42.18 41.32 6386
20140924 41.72 41.94 42.25 41.45 8673
20140925 41.99 41.75 42.69 41.55 11551
20140926 41.70 42.20 42.36 41.55 6792
20140929 42.30 42.36 42.51 42.01 10207
20140930 42.50 43.50 43.66 42.36 18137
20141008 43.71 45.35 45.35 43.71 22282
20141009 45.30 44.88 45.35 44.11 17542
20141010 44.65 43.93 44.70 43.66 11602
20150109 44.00 48.32 48.32 39.54 122043
20150112 47.00 53.15 53.15 46.60 74879
20150113 54.00 51.40 54.01 50.93 51565
20150114 51.00 51.98 53.40 50.41 32345
20150115 51.17 49.95 52.44 49.50 33121
20150116 49.28 50.20 51.13 49.00 27890
20150119 49.10 54.20 55.22 49.01 74046
20150120 55.00 58.18 59.00 53.00 57680
20150121 57.70 57.56 58.48 57.00 40024
20150122 57.12 63.30 63.30 57.12 43686
20150123 62.86 61.30 62.86 59.50 38536
20150126 60.41 60.75 61.78 59.46 27717
20150127 61.23 58.91 61.25 57.80 40811
20150128 58.90 58.69 59.50 57.01 23589
20150129 58.28 57.42 60.50 57.02 25732
20150130 57.20 55.61 57.20 55.50 27096
20150202 54.50 56.50 57.00 54.24 24988
20150203 56.00 56.60 58.75 55.94 37994
20150204 56.50 54.92 56.51 54.50 32496
20150205 54.98 59.70 60.12 54.60 66098
20150206 59.50 57.01 59.50 56.35 33765
20150209 56.00 54.58 56.79 54.51 25648
20150210 54.85 57.23 58.80 53.33 47094
20150211 57.00 56.55 58.99 55.80 33588
20150212 56.30 60.51 60.97 55.50 36532
20150213 60.51 60.70 62.78 59.15 42562
20150216 60.68 65.10 66.70 59.50 46621
20150217 65.25 69.22 71.00 64.50 34104
20150225 69.00 67.49 73.00 66.64 39523
20150226 67.40 67.00 68.89 63.51 29729
20150227 67.00 71.99 73.20 66.60 40913
20150302 71.77 72.80 74.48 68.80 46605
20150303 72.10 70.65 74.20 70.03 34314
20150304 69.00 75.65 77.58 69.00 46365
20150305 75.63 73.07 76.50 72.80 31412
20150306 72.47 69.52 73.95 68.68 29488
20150309 69.85 73.00 74.89 68.00 26319
20150310 73.01 75.50 76.00 73.00 29038
20150311 74.21 73.00 75.50 72.26 18514
20150312 72.64 72.87 72.87 68.80 24050
20150313 72.05 76.81 77.63 70.10 29903
20150316 77.50 82.70 83.38 77.20 36531
20150317 82.70 83.05 87.80 80.40 29339
20150318 82.99 82.85 84.00 80.40 24756
20150319 82.02 79.99 82.99 78.20 24507
20150320 79.81 80.50 81.88 79.11 18321
20150323 80.50 83.00 85.58 79.05 32479
20150324 83.00 78.90 83.85 77.70 56963
20150325 78.50 77.60 78.60 75.30 65911
20150326 77.60 75.45 80.54 75.02 53690
20150327 73.70 76.90 77.67 73.70 25884
20150330 77.85 74.60 77.85 72.79 53505
20150331 81.00 82.06 82.06 77.01 57352
20150401 85.99 90.27 90.27 85.80 84046
20150402 91.50 90.80 94.77 87.47 61422
20150403 89.03 89.98 92.31 87.05 38690
20150407 89.48 95.00 98.50 88.34 40382
20150408 95.25 90.24 95.70 87.87 42219
20150409 97.80 99.26 99.26 92.10 63851
20150410 109.00 109.19 109.19 106.02 18525
20150413 120.11 120.11 120.11 120.11 3892
20150414 132.12 132.12 132.12 132.12 12667
20150415 135.50 133.88 145.33 130.05 89984
20150416 126.12 146.88 147.27 126.12 58197
20150417 140.98 132.19 143.93 132.19 72256
20150420 130.59 124.40 143.00 122.00 53775
20150421 124.38 136.84 136.84 124.27 43527
20150422 140.00 147.34 150.03 137.36 45381
20150423 144.69 162.07 162.07 144.01 34121
20150424 161.88 163.00 168.54 149.50 45379
20150427 160.51 154.54 164.74 150.00 36671
20150428 153.00 139.09 156.00 139.09 36261
20150429 104.94 108.01 115.30 102.00 43787
20150430 108.00 109.36 116.75 104.60 70091
20150504 105.37 107.00 111.50 99.99 37856
20150505 105.21 100.18 106.89 100.00 40164
20150506 101.38 105.14 110.10 101.38 64371
20150507 103.98 107.35 112.18 102.58 35830
20150508 108.08 118.09 118.09 108.00 71056
20150511 122.50 129.90 129.90 115.00 81243
20150512 134.00 142.89 142.89 133.50 45967
20150513 142.50 135.87 144.33 129.00 80221
20150514 134.00 128.50 135.75 123.87 55946
20150515 126.00 127.50 131.51 120.00 42044
20150518 130.00 127.71 137.99 126.51 48951
20150519 125.25 128.00 130.76 116.86 62915
20150520 126.00 126.70 131.65 121.74 54523
20150521 128.00 135.45 139.31 124.07 70294
20150522 135.55 126.00 137.77 123.51 68209
20150525 117.99 118.38 123.98 115.50 65307
20150526 117.20 121.99 122.00 116.50 60903
20150527 120.00 112.10 120.90 110.30 113164
20150528 112.27 116.50 122.10 107.82 102672
20150529 116.50 122.55 128.10 109.90 103279
20150601 124.21 130.86 133.57 124.21 76224
20150602 131.27 134.69 139.10 129.00 73056
20150603 133.50 135.49 138.00 127.60 60052
20150604 133.00 149.04 149.04 129.40 97880
20150605 153.89 140.44 156.55 140.23 67728
20150608 136.01 126.40 138.80 126.40 68879
20150609 121.59 123.76 126.78 117.05 74061
20150610 121.00 126.33 128.99 118.58 56593
20150611 126.00 121.91 128.08 118.67 55758
20150612 117.07 122.25 125.99 116.65 88037
20150615 123.00 112.91 123.00 110.80 100703
20150616 109.49 109.50 118.58 102.40 91194
20150617 110.45 115.41 118.00 106.60 57176
20150618 114.00 105.70 118.41 104.10 57235
20150619 101.10 99.99 105.50 95.13 64019
20150623 101.01 102.98 104.00 92.60 50677
20150624 104.00 97.99 105.35 96.03 53048
20150625 97.68 93.11 97.85 92.01 56302
20150626 89.00 84.79 90.79 83.80 78122
20150629 87.99 76.31 88.00 76.31 85741
20150630 75.00 83.94 83.94 68.68 96014
20150701 83.60 87.49 92.33 82.00 109528
20150702 85.75 84.60 92.40 80.15 101441
20150703 80.50 88.99 93.06 76.50 119234
20150706 97.89 82.55 97.89 80.09 130131
20150707 74.58 74.30 79.00 74.30 40091
20150713 81.73 81.73 81.73 81.73 4662
20150714 89.90 89.90 89.90 89.90 6723
20150715 90.00 80.91 90.97 80.91 107952
20150716 80.91 77.00 84.96 72.82 97227
20150717 77.00 84.70 84.70 77.00 80345
20150720 85.50 93.17 93.17 85.50 101100
20150721 94.42 96.63 102.49 92.60 102045
20150722 95.00 96.60 99.00 91.11 79940
20150723 94.95 98.70 101.09 93.29 51122
20150724 101.70 97.71 104.75 95.58 58789
20150727 93.00 87.94 95.69 87.94 55003
20150728 82.01 85.28 88.70 79.15 84591
20150729 87.56 82.49 89.80 76.75 133240
20150730 82.00 74.30 82.30 74.30 78656
