20140102 13.96 14.35 14.46 13.90 126822
20140103 14.33 13.98 14.48 13.76 152817
20140106 13.85 13.41 14.15 13.35 101592
20140107 13.30 14.39 14.48 13.30 177560
20140108 14.45 14.51 15.15 14.39 242366
20140109 14.42 14.02 14.70 14.00 132764
20140110 13.92 14.06 14.32 13.70 96205
20140113 14.00 14.09 14.49 13.75 118387
20140114 14.13 15.05 15.08 13.91 175757
20140115 14.99 15.06 15.29 14.59 180279
20140116 15.05 14.91 15.60 14.79 170723
20140117 14.77 14.93 15.27 14.77 90953
20140120 14.94 14.40 15.43 14.36 141816
20140121 14.38 14.85 14.93 14.22 110071
20140122 14.80 14.64 14.99 14.20 158267
20140123 14.64 15.16 15.16 14.42 146288
20140124 15.04 15.18 15.34 14.89 141128
20140127 15.01 14.70 15.26 14.65 120586
20140128 14.74 14.35 14.84 14.11 107477
20140129 14.35 14.50 14.72 14.25 93090
20140130 14.45 13.90 14.57 13.80 89993
20140207 13.84 14.29 14.30 13.70 100451
20140210 14.28 14.69 14.69 13.69 201954
20140211 14.57 14.75 15.10 14.53 178408
20140212 14.98 15.00 15.43 14.83 170738
20140213 15.23 14.60 15.32 14.60 126186
20140214 14.55 14.88 14.89 14.38 115757
20140217 14.87 15.74 15.87 14.84 233294
20140218 15.70 15.79 15.97 15.35 179015
20140219 15.84 15.43 15.85 15.28 125694
20140220 15.30 14.95 15.43 14.55 135765
20140221 14.93 15.30 15.54 14.77 196740
20140224 15.35 15.40 15.54 14.97 179695
20140225 15.49 13.86 15.67 13.86 254531
20140226 13.85 13.50 13.85 12.96 148095
20140227 13.62 13.24 13.98 13.19 159280
20140228 13.20 13.38 13.38 12.88 137390
20140303 13.38 14.05 14.08 13.33 117834
20140304 13.88 13.77 13.95 13.48 102971
20140305 13.75 13.40 13.88 13.37 87330
20140306 13.42 13.30 13.42 13.04 71990
20140307 13.35 13.29 13.45 13.18 38653
20140310 13.25 12.75 13.49 12.75 79756
20140311 12.56 12.51 12.78 12.35 61306
20140312 12.54 12.56 12.71 12.25 55069
20140313 12.55 12.78 12.78 12.53 42672
20140314 12.60 12.58 12.83 12.41 37009
20140317 12.75 13.24 13.28 12.64 76869
20140318 13.28 13.27 13.49 13.24 65081
20140319 13.25 13.01 13.29 12.90 61972
20140320 13.00 13.25 13.47 12.98 94493
20140321 13.07 13.70 13.76 12.73 127796
20140324 13.50 13.26 13.64 13.22 112330
20140325 13.17 13.11 13.42 12.96 77267
20140326 13.05 13.39 13.43 13.03 78798
20140327 13.38 12.72 13.38 12.70 81293
20140328 12.63 12.04 12.72 11.99 87014
20140331 12.03 12.03 12.22 11.81 50064
20140401 12.09 12.24 12.26 12.06 35377
20140402 12.29 11.92 12.30 11.80 50810
20140403 11.94 12.05 12.13 11.78 55308
20140404 12.05 12.70 12.72 11.96 98657
20140408 12.54 12.65 12.72 12.38 54810
20140409 12.65 12.68 12.87 12.61 52039
20140410 12.70 12.67 12.95 12.67 55430
20140411 12.57 12.50 12.59 12.41 41194
20140414 12.55 12.80 12.98 12.51 62303
20140415 12.80 12.75 12.87 12.63 39456
20140416 12.69 12.60 12.73 12.54 31220
20140417 12.70 12.68 12.90 12.66 37229
20140418 12.80 13.08 13.12 12.75 76675
20140421 12.99 12.84 13.12 12.84 48159
20140422 12.82 12.55 12.93 12.30 50967
20140423 12.55 12.75 12.87 12.45 31466
20140424 12.66 12.65 12.80 12.47 27609
20140425 12.70 12.13 12.75 12.05 44161
20140428 12.08 11.48 12.12 11.45 48595
20140429 11.42 11.70 11.75 11.32 34272
20140430 11.68 11.88 12.01 11.63 33557
20140505 11.88 11.92 11.97 11.73 31545
20140506 11.86 11.94 12.10 11.86 27899
20140507 11.94 11.58 11.98 11.57 26703
20140508 11.58 11.58 11.84 11.53 26750
20140509 11.61 11.28 11.65 11.10 42854
20140512 11.42 11.50 11.59 11.23 46869
20140513 11.50 11.43 11.72 11.38 37327
20140514 11.41 11.47 11.53 11.29 38174
20140515 11.50 11.15 11.55 11.11 50924
20140516 11.14 10.80 11.14 10.69 78457
20140519 10.78 10.80 10.96 10.68 36991
20140520 10.97 10.93 11.15 10.86 50139
20140521 10.93 11.10 11.16 10.77 37932
20140522 11.10 11.05 11.33 11.01 43740
20140523 11.06 11.29 11.29 11.02 48360
20140526 11.32 11.67 11.70 11.25 94587
20140527 11.62 11.48 11.67 11.46 56296
20140528 11.50 11.74 11.82 11.48 91560
20140529 11.73 11.59 11.77 11.56 44992
20140530 11.55 11.56 11.69 11.48 32111
20140603 11.57 11.54 11.73 11.53 28323
20140604 11.58 11.74 11.75 11.36 54720
20140605 11.66 11.63 11.66 11.40 68079
20140606 11.64 11.48 11.67 11.46 42339
20140609 11.46 11.12 11.47 11.11 48536
20140610 11.20 11.33 11.42 11.11 45508
20140611 11.36 11.66 11.75 11.35 75445
20140612 11.56 11.72 11.83 11.53 70569
20140613 11.68 11.95 12.00 11.68 75891
20140616 12.01 11.89 12.15 11.87 67286
20140617 11.92 11.70 11.94 11.68 47080
20140618 11.74 11.72 11.82 11.64 37165
20140619 11.74 11.23 11.78 11.15 54404
20140620 11.28 11.31 11.37 11.10 36651
20140623 11.36 11.53 11.60 11.31 43460
20140624 11.55 11.63 11.64 11.47 44146
20140625 11.65 11.80 11.83 11.50 63322
20140626 11.81 12.10 12.23 11.79 107171
20140627 12.12 12.10 12.22 11.93 67714
20140630 12.10 12.16 12.20 11.88 52140
20140701 12.22 12.34 12.39 12.13 69100
20140702 12.32 12.22 12.46 12.13 63172
20140703 12.21 12.27 12.34 12.16 52024
20140704 12.28 12.14 12.30 12.09 46483
20140707 12.10 12.44 12.45 12.04 69954
20140708 12.34 12.46 12.54 12.31 62163
20140709 12.46 12.30 12.72 12.26 97608
20140710 12.35 12.34 12.62 12.31 56684
20140711 12.40 12.22 12.42 12.12 63851
20140714 12.23 12.69 12.78 12.20 104408
20140715 12.64 12.52 12.68 12.42 55102
20140716 12.46 12.23 12.62 12.18 63884
20140717 12.30 12.39 12.46 12.20 42397
20140718 12.34 12.31 12.52 12.23 35425
20140721 12.49 12.38 12.50 12.25 40926
20140722 12.38 12.57 12.64 12.34 56887
20140723 12.54 12.44 12.75 12.37 77968
20140724 12.43 12.16 12.47 11.84 60186
20140725 12.15 12.46 12.47 12.11 42036
20140728 12.46 12.70 12.75 12.39 64110
20140729 12.71 12.70 13.00 12.63 80572
20140730 12.77 13.05 13.05 12.70 86386
20140731 12.98 12.94 13.01 12.78 62660
20140801 12.88 12.64 12.95 12.63 72959
20140804 12.67 12.71 12.77 12.62 55593
20140805 12.75 12.96 12.97 12.63 90898
20140806 12.85 12.94 13.09 12.83 67182
20140807 12.90 12.70 13.05 12.69 65458
20140808 12.73 12.84 12.92 12.66 48882
20140811 12.78 13.12 13.13 12.78 91759
20140812 13.08 13.12 13.17 13.00 58558
20140813 13.11 13.08 13.19 12.92 51429
20140814 13.15 13.30 13.64 13.07 153966
20140815 13.35 13.97 14.02 13.35 163091
20140818 14.04 14.17 14.29 13.79 131785
20140819 14.20 14.05 14.20 13.82 81940
20140820 14.09 13.98 14.37 13.93 72686
20140821 13.99 14.04 14.09 13.63 80402
20140822 14.00 14.11 14.18 13.91 57577
20140825 14.14 13.64 14.17 13.63 81437
20140826 13.67 13.17 13.77 13.12 79151
20140827 13.18 13.16 13.30 13.08 79085
20140828 13.20 13.03 13.26 12.85 62794
20140829 12.97 13.17 13.18 12.97 62616
20140901 13.15 13.48 13.49 13.07 72947
20140902 13.50 13.56 13.63 13.45 65536
20140903 13.59 13.64 13.73 13.47 86536
20140904 13.66 13.85 13.88 13.52 90355
20140905 13.84 13.86 13.91 13.75 71049
20140909 13.84 13.76 13.84 13.61 86292
20140910 13.74 14.04 14.08 13.58 98030
20140911 14.13 14.05 14.42 13.88 156112
20140912 13.99 14.09 14.09 13.82 69757
20140915 13.88 14.08 14.19 13.83 98697
20140916 14.05 13.42 14.15 13.40 121804
20140917 13.47 13.50 13.60 13.23 63216
20140918 13.47 13.61 13.65 13.40 50151
20140919 13.65 13.72 13.84 13.65 63715
20140922 13.68 13.35 13.70 13.30 57419
20140923 13.38 13.61 13.65 13.33 53684
20140924 13.56 13.88 13.90 13.55 75227
20140925 13.87 13.77 13.94 13.71 60907
20140926 13.75 14.06 14.11 13.71 85617
20141229 15.47 14.39 15.47 13.98 541816
20141230 13.87 13.27 14.06 13.08 263126
20141231 13.20 13.09 13.47 12.61 217110
20150105 12.94 13.50 13.54 12.70 157627
20150106 13.20 13.88 14.02 12.99 145973
20150107 13.79 14.00 14.26 13.72 134989
20150108 14.04 13.91 14.25 13.81 92556
20150109 13.86 13.80 14.17 13.78 81946
20150112 13.68 13.70 13.82 13.22 88817
20150113 13.85 14.08 14.10 13.69 114393
20150114 14.09 13.98 14.15 13.88 65931
20150115 13.98 14.20 14.42 13.92 92417
20150116 14.19 14.26 14.39 14.04 89905
20150119 14.00 13.75 14.60 13.50 118603
20150120 14.30 14.42 14.42 13.91 127747
20150121 14.44 14.64 14.75 14.36 195610
20150122 14.66 15.07 15.17 14.37 219507
20150123 15.08 14.90 15.08 14.72 112060
20150126 14.83 15.00 15.33 14.83 90114
20150127 15.01 14.95 15.26 14.72 99843
20150128 14.82 14.51 14.89 14.51 109180
20150129 14.43 14.51 14.76 14.33 99716
20150130 14.63 14.60 14.94 14.52 93784
20150202 14.45 14.73 14.86 14.28 77943
20150203 14.73 14.93 15.15 14.73 86157
20150204 14.98 14.94 15.07 14.87 62537
20150205 14.98 14.60 15.02 14.60 82522
20150206 14.64 14.20 14.65 14.00 111877
20150209 14.18 14.23 14.37 14.03 53442
20150210 14.22 14.47 14.49 14.19 48034
20150211 14.42 14.43 14.63 14.38 44638
20150212 14.50 14.69 14.83 14.49 58953
20150213 14.81 14.90 14.97 14.61 89404
20150216 14.99 15.30 15.38 14.96 105603
20150217 15.30 15.18 15.38 15.07 80557
20150225 15.20 15.89 16.04 15.20 151816
20150226 15.95 16.49 16.78 15.77 187215
20150227 16.68 16.63 16.91 16.30 141706
20150302 17.40 18.27 18.29 17.21 298009
20150303 18.27 17.80 19.49 17.76 250353
20150304 17.80 18.00 18.16 17.60 113392
20150305 18.08 17.68 18.49 17.35 119097
20150306 17.70 17.35 17.89 17.01 122734
20150309 17.30 17.60 17.87 17.22 78404
20150310 17.55 17.90 18.08 17.46 112401
20150311 17.90 17.56 17.90 17.48 67970
20150312 17.53 17.36 17.83 17.12 93057
20150313 17.39 18.05 18.07 17.39 89019
20150316 18.46 19.25 19.40 18.46 162925
20150317 19.27 18.82 19.36 18.51 119755
20150318 18.82 19.03 19.17 18.60 98819
20150319 19.00 18.80 19.00 18.61 74280
20150320 18.84 19.17 19.80 18.77 123875
20150323 19.10 20.02 20.27 18.96 155113
20150324 19.95 19.65 20.10 18.98 113147
20150325 19.73 21.19 21.62 19.51 212157
20150326 20.55 21.25 22.28 20.00 285514
20150327 21.16 21.93 22.07 20.70 142995
20150330 22.15 22.07 24.12 21.47 203535
20150331 22.40 23.16 23.40 21.61 174951
20150401 23.15 24.20 24.23 22.89 149582
20150402 24.00 25.35 25.80 23.60 156323
20150403 25.47 27.89 27.89 25.01 310925
20150407 28.62 28.90 30.14 27.77 266145
20150408 28.61 27.91 28.62 26.52 234597
20150417 25.20 25.42 28.50 25.13 369225
20150420 24.78 23.90 25.00 23.48 189633
20150421 23.88 25.83 26.12 23.68 169072
20150422 25.87 26.25 27.10 25.87 146675
20150423 26.00 25.83 27.00 25.38 162527
20150424 25.81 28.18 28.33 25.80 229728
20150427 28.50 29.35 29.99 27.44 149176
20150428 29.35 27.37 29.48 26.88 112984
20150429 26.70 28.00 28.62 26.70 64230
20150430 28.11 28.74 29.20 28.00 92141
20150504 28.75 30.56 31.53 27.60 129743
20150505 30.10 28.97 30.46 28.12 61593
20150506 29.25 30.20 31.76 29.05 124466
20150507 30.20 30.13 31.96 30.00 86505
20150508 30.55 32.70 32.70 30.55 94333
20150511 33.52 34.76 35.51 32.50 110400
20150512 35.15 34.15 36.69 33.97 117718
20150513 34.00 32.00 34.00 30.74 125393
20150514 31.76 32.50 33.32 31.15 97631
20150515 32.20 31.80 32.50 30.96 74417
20150518 31.80 34.49 34.98 31.51 141374
20150519 35.00 37.28 37.94 34.39 124310
20150520 37.28 38.37 40.50 37.28 86381
20150521 38.78 39.99 40.40 38.01 107486
20150522 40.60 39.18 41.63 37.90 156840
20150525 38.20 38.41 38.99 36.88 120300
20150526 38.79 38.00 39.99 37.88 131618
20150608 39.01 34.81 39.30 34.20 179740
20150609 34.85 34.80 36.68 34.10 97829
20150610 34.90 35.61 36.45 34.24 79765
20150611 35.75 36.75 36.75 35.20 98801
20150612 37.29 39.20 39.55 36.30 120266
20150615 39.72 36.73 39.95 36.70 114848
20150616 36.39 33.13 36.39 33.06 122523
20150617 33.13 34.25 34.70 30.21 112347
20150618 33.37 32.48 35.50 32.05 84933
20150619 31.88 29.23 32.48 29.23 59053
20150623 28.95 29.30 30.18 26.50 82483
20150624 29.65 30.01 30.86 28.69 59172
20150625 30.51 28.40 31.02 27.98 88277
20150626 27.90 25.56 27.90 25.56 73418
20150629 26.00 23.00 26.13 23.00 80951
20150630 20.70 25.20 25.30 20.70 187974
20150701 24.80 24.41 27.58 23.81 121215
20150713 26.85 26.85 26.85 24.41 236467
20150714 26.84 25.67 29.02 25.00 232688
20150715 24.79 23.10 24.80 23.10 85480
20150716 20.79 21.09 23.58 20.79 171521
20150717 21.66 22.45 23.00 21.00 96553
20150720 23.29 24.70 24.70 21.91 135509
20150721 26.00 27.17 27.17 25.75 95046
20150722 28.40 29.42 29.89 27.99 263699
20150723 29.70 31.30 31.99 28.61 169775
20150724 30.63 28.91 32.00 28.80 118306
20150727 28.30 26.02 29.28 26.02 138747
20150728 23.42 24.55 27.39 23.42 156678
20150729 25.05 26.48 26.65 23.50 92405
20150730 26.00 23.92 26.55 23.90 90631
