20140102 12.80 13.21 13.30 12.70 47255
20140103 13.21 12.90 13.50 12.77 63832
20140106 12.91 12.69 13.00 12.61 38852
20140107 12.67 13.03 13.15 12.50 34208
20140108 13.03 13.18 13.60 12.99 55053
20140110 13.50 12.30 13.55 12.19 75071
20140113 12.07 11.68 12.20 11.63 57345
20140114 11.68 12.10 12.13 11.68 31797
20140115 12.12 12.49 12.51 12.01 44970
20140116 12.49 12.50 12.58 12.24 34941
20140117 12.49 12.67 12.85 12.27 38107
20140120 12.65 12.38 12.68 12.15 29587
20140121 12.48 12.40 12.55 12.25 29149
20140122 12.48 12.59 12.65 12.27 42269
20140123 12.69 13.56 13.85 12.46 120760
20140124 13.47 13.76 14.20 13.47 114687
20140127 13.80 14.04 14.31 13.76 80740
20140128 13.94 13.56 14.00 13.13 78353
20140129 13.53 13.68 13.99 13.40 36745
20140130 13.61 14.43 15.05 13.50 80748
20140207 14.44 14.93 15.10 14.31 58271
20140210 14.89 15.55 16.12 14.60 100269
20140211 15.96 16.20 16.38 15.28 121779
20140212 16.00 15.96 16.08 15.60 52170
20140213 15.91 14.95 16.20 14.80 87581
20140214 14.95 15.23 15.44 14.92 53752
20140217 15.08 15.30 15.60 15.05 68901
20140218 15.10 15.68 15.70 14.70 94791
20140219 15.50 15.23 15.69 14.99 40872
20140220 15.10 14.61 15.12 14.36 51604
20140221 14.62 14.50 14.86 14.36 35903
20140224 14.50 13.95 14.66 13.61 60369
20140225 13.90 12.78 14.35 12.56 74160
20140226 12.52 12.90 12.99 12.27 49654
20140227 12.75 12.28 13.20 12.23 54660
20140228 12.36 12.58 12.59 12.02 31471
20140303 12.55 13.06 13.10 12.38 40942
20140304 13.01 13.30 13.45 13.00 44856
20140305 13.27 12.91 13.27 12.90 33760
20140306 12.90 13.57 13.64 12.90 88040
20140307 13.42 13.71 13.82 13.34 75626
20140310 13.51 12.34 13.51 12.34 94031
20140311 12.37 12.01 12.49 11.93 34628
20140312 12.01 12.15 12.30 11.50 34892
20140313 12.10 12.23 12.29 12.01 20274
20140314 12.15 12.42 12.75 12.05 45822
20140317 12.38 12.53 12.68 12.28 57749
20140318 12.56 12.35 12.58 12.29 51013
20140319 12.56 11.88 12.56 11.81 63837
20140320 11.83 10.81 11.95 10.69 128417
20140321 10.77 11.02 11.08 10.42 69177
20140324 10.94 10.98 11.18 10.94 38440
20140325 11.00 11.15 11.30 10.93 26622
20140326 11.24 11.26 11.45 11.17 29489
20140327 11.26 10.91 11.35 10.78 35359
20140328 11.20 10.65 11.20 10.50 38929
20140331 10.50 10.25 10.67 10.00 42936
20140401 10.25 10.52 10.62 10.25 41474
20140402 10.50 10.37 10.62 10.31 21260
20140403 10.34 10.48 10.53 10.10 25680
20140404 10.41 10.70 10.70 10.33 22791
20140408 10.58 11.11 11.21 10.46 36829
20140409 11.06 11.10 11.22 11.02 30252
20140410 11.30 11.47 12.05 11.28 67794
20140411 11.40 11.28 11.48 11.15 23704
20140414 11.39 11.13 11.41 11.12 37935
20140415 11.25 11.19 11.27 11.11 24208
20140416 11.07 11.16 11.22 11.05 26086
20140417 11.19 11.53 11.67 11.15 40510
20140418 11.51 11.62 11.70 11.38 26783
20140421 11.43 11.48 11.88 11.28 30223
20140422 11.39 11.30 11.56 11.01 27444
20140423 11.27 11.11 11.32 11.09 16074
20140424 11.12 11.15 11.47 11.10 20542
20140425 11.19 10.56 11.20 10.54 31282
20140428 10.55 10.08 10.55 10.00 23307
20140429 10.17 10.51 10.52 10.02 21998
20140430 10.50 10.82 11.05 10.48 33378
20140505 10.80 11.00 11.03 10.71 14534
20140506 11.12 12.10 12.10 11.12 121941
20140507 12.72 12.72 13.10 12.40 317471
20140508 12.76 12.96 13.19 12.41 250588
20140509 12.60 12.20 12.66 11.76 196873
20140512 12.21 12.58 12.76 12.11 154365
20140513 12.40 12.12 12.76 12.02 130240
20140514 12.06 12.28 12.36 11.97 99228
20140515 12.19 11.95 12.45 11.80 91904
20140516 11.80 11.34 11.92 11.02 95678
20140519 11.17 11.37 11.55 11.16 64073
20140520 11.53 11.41 11.88 11.39 70416
20140521 11.31 11.73 11.75 11.01 56711
20140522 11.69 11.77 12.12 11.64 95355
20140523 11.77 12.24 12.33 11.77 106293
20140526 12.32 12.41 12.55 12.09 124491
20140527 12.41 12.56 12.66 12.23 102540
20140528 12.63 12.50 12.69 12.36 88410
20140529 12.55 12.07 12.55 12.07 95157
20140530 12.02 12.44 12.46 12.02 82636
20140603 12.61 12.58 13.09 12.45 133309
20140604 12.55 12.20 12.55 12.10 75432
20140605 12.23 12.40 12.43 12.10 50678
20140606 12.32 12.24 12.48 12.18 52779
20140609 12.22 11.62 12.22 11.60 68673
20140610 11.70 11.86 11.94 11.62 42120
20140611 11.91 12.44 12.45 11.81 85094
20140612 12.31 12.36 12.65 12.31 88329
20140613 12.37 12.67 12.80 12.28 105387
20140616 12.62 12.61 12.83 12.53 76094
20140617 12.55 12.73 13.06 12.55 116457
20140618 12.65 13.25 13.77 12.58 201622
20140619 13.02 12.48 13.20 12.18 117624
20140620 12.34 12.73 12.78 12.21 52490
20140623 12.75 13.14 13.19 12.74 78691
20140624 13.08 13.33 13.48 12.95 82454
20140625 13.30 13.07 13.35 12.95 56964
20140626 12.90 13.49 13.52 12.90 97641
20140627 13.50 13.44 13.67 13.35 80038
20140630 13.36 13.55 13.60 13.16 57931
20140701 13.53 13.39 13.55 13.24 54650
20140702 13.48 13.17 13.48 13.05 80825
20140703 13.20 13.50 13.60 12.95 84289
20140704 13.48 13.26 13.55 13.15 55719
20140707 13.20 13.23 13.35 13.11 37500
20140708 13.25 13.30 13.35 12.80 68999
20140709 13.35 13.00 13.69 12.98 85750
20140710 12.87 12.54 13.04 12.52 70056
20140711 12.65 12.94 12.96 12.62 59595
20140714 13.00 13.63 13.67 12.93 101516
20140715 13.63 13.60 13.83 13.26 92963
20140716 13.49 13.91 13.98 13.41 141815
20140912 15.25 15.25 15.25 15.25 3141
20140915 16.78 16.78 16.78 16.78 4297
20140916 18.46 16.85 18.46 16.78 497657
20140917 17.38 16.34 17.50 16.07 212393
20140918 16.11 16.27 16.45 15.86 141290
20140919 16.18 16.30 16.40 15.75 143274
20140922 16.12 15.89 16.18 15.68 109117
20140923 15.88 16.44 16.48 15.76 115782
20140924 16.43 16.36 16.89 16.28 133530
20140925 16.41 16.24 16.55 16.17 85008
20140926 16.05 15.75 16.05 15.52 113775
20140929 16.04 15.83 16.10 15.81 60089
20140930 15.80 15.87 16.06 15.80 64539
20141008 15.81 15.92 15.99 15.59 88728
20141009 15.90 16.52 16.55 15.88 139645
20141010 16.36 16.39 16.58 16.22 73433
20141013 16.30 16.19 16.50 15.96 58250
20141014 16.04 16.06 16.39 16.02 58116
20141015 16.11 16.54 16.54 16.07 81770
20141016 16.38 15.15 16.43 15.08 140249
20141017 15.00 14.52 15.06 14.32 126683
20141020 14.54 14.80 14.86 14.53 56524
20141021 14.76 14.71 15.03 14.60 54938
20141022 14.66 14.43 14.88 14.40 45080
20141023 14.39 13.95 14.45 13.91 73606
20141024 14.08 14.27 14.40 14.05 53725
20141027 14.30 14.62 14.83 14.19 61626
20141028 14.80 14.91 14.96 14.64 60263
20141029 14.92 14.88 14.97 14.72 70541
20141030 14.82 14.68 14.95 14.63 65764
20141031 14.72 14.47 14.81 14.26 54078
20141103 14.57 14.97 15.00 14.46 71011
20141104 14.97 14.68 15.03 14.56 46319
20141105 14.73 14.79 14.86 14.53 41527
20141106 14.85 14.93 14.98 14.65 50223
20141107 14.93 14.56 15.04 14.40 65230
20141110 14.59 14.55 14.61 14.02 67533
20141111 14.52 13.85 14.52 13.68 74793
20141112 13.85 13.89 14.04 13.82 47453
20141113 13.95 13.42 13.95 13.26 66168
20141114 13.36 13.52 13.58 13.31 40356
20141117 13.54 13.91 13.95 13.47 45797
20141118 13.95 13.92 14.05 13.86 29350
20141119 13.92 14.02 14.19 13.76 48690
20141201 14.85 14.28 14.95 14.25 126858
20141202 14.19 14.31 14.44 14.06 62144
20141203 14.31 14.49 14.51 13.83 93218
20141204 14.49 14.46 14.68 14.41 71395
20141205 14.53 14.04 14.60 13.87 71153
20141208 14.04 13.64 14.04 13.56 83437
20141209 13.58 13.38 13.97 13.37 70234
20141210 13.33 14.00 14.01 13.31 57620
20141211 13.99 14.06 14.07 13.80 53396
20141212 14.05 14.18 14.27 13.89 58519
20141215 14.32 14.69 14.78 14.32 101409
20141216 14.58 14.55 14.75 14.40 67148
20141217 14.52 14.60 14.93 14.42 77539
20141218 14.60 14.65 14.68 14.31 60218
20141219 14.55 14.08 14.73 13.90 59813
20141222 13.90 12.81 13.90 12.68 73443
20141223 13.08 13.07 13.33 12.84 36781
20141224 13.14 13.39 13.48 13.10 39140
20141225 13.48 13.23 13.50 13.10 42261
20141226 13.22 13.12 13.36 13.07 33591
20141229 13.13 12.83 13.17 12.75 33967
20141230 12.85 12.50 12.99 12.38 40075
20141231 12.50 12.75 12.76 12.45 27757
20150105 12.73 12.63 12.79 12.35 85506
20150106 12.50 13.27 13.33 12.50 85684
20150107 13.38 13.15 13.39 12.98 42693
20150108 13.14 13.14 13.42 13.05 35972
20150109 13.01 13.13 13.38 13.01 46380
20150112 13.10 12.90 13.20 12.72 39544
20150113 12.88 13.25 13.25 12.72 46338
20150114 13.21 13.06 13.28 12.98 32862
20150115 13.09 12.90 13.20 12.87 35298
20150116 13.08 13.26 13.35 13.00 48907
20150119 12.97 13.00 13.56 12.76 58487
20150120 13.10 13.72 13.83 13.01 74408
20150121 13.69 13.90 14.06 13.61 75733
20150122 13.91 14.09 14.15 13.81 66228
20150123 14.12 13.76 14.20 13.70 54791
20150126 13.76 14.20 14.23 13.76 56684
20150127 14.20 14.10 14.30 13.92 45890
20150128 14.03 14.15 14.36 14.02 56099
20150129 14.08 14.12 14.29 14.01 39540
20150130 13.79 13.41 13.87 13.22 125561
20150202 13.25 13.35 13.54 13.18 36307
20150203 13.38 13.90 13.93 13.35 58329
20150204 13.91 14.32 14.52 13.73 107837
20150205 14.35 14.47 14.60 14.17 106201
20150206 14.45 14.50 14.67 14.18 56529
20150209 14.47 14.48 14.92 14.22 67901
20150210 14.50 14.33 14.53 14.08 44189
20150211 14.36 14.44 14.67 14.36 38773
20150212 14.48 14.30 14.60 14.05 39864
20150213 14.40 14.80 14.89 14.24 88871
20150216 15.10 15.61 15.63 14.81 121171
20150217 16.29 17.10 17.17 15.80 295681
20150225 16.97 16.18 16.97 15.70 215741
20150226 16.00 16.18 16.54 15.81 106954
20150227 16.37 16.31 16.46 16.03 96345
20150302 16.40 16.61 17.07 16.18 122011
20150303 16.60 16.50 17.24 16.11 135101
20150304 16.24 16.52 16.66 16.24 90007
20150305 16.76 16.79 17.08 16.47 117615
20150306 16.74 16.27 16.96 16.06 104029
20150309 16.07 16.17 16.48 16.01 71024
20150310 16.10 15.87 16.27 15.77 115310
20150311 16.05 15.78 16.06 15.68 77087
20150312 15.75 15.39 16.04 15.26 80927
20150313 15.38 15.60 15.66 15.24 70212
20150316 15.67 16.08 16.14 15.67 98545
20150317 16.24 16.03 16.24 15.75 148299
20150318 16.07 16.48 16.49 15.85 224627
20150319 16.44 16.59 16.79 16.32 231167
20150320 16.73 17.04 17.09 16.63 259385
20150323 17.51 17.56 17.60 17.11 201033
20150324 17.50 17.70 17.94 16.70 226059
20150325 17.70 18.17 18.50 17.34 190002
20150326 18.00 17.32 18.35 17.13 153211
20150327 17.28 17.43 17.66 17.00 102805
20150330 17.40 17.91 18.18 17.15 162850
20150331 17.89 17.65 18.46 17.50 111883
20150401 17.61 17.85 18.06 17.29 113144
20150402 18.15 19.07 19.60 18.15 211131
20150403 18.90 19.78 20.30 18.51 165085
20150407 19.87 19.80 20.65 19.40 120676
20150408 20.20 18.76 20.25 18.18 159546
20150409 18.40 18.68 18.76 17.42 156819
20150410 18.79 19.94 20.20 18.50 159189
20150413 19.97 20.08 20.50 19.53 132099
20150414 20.10 19.46 20.21 19.10 118311
20150415 19.33 17.86 19.33 17.62 115539
20150416 17.69 17.48 18.10 17.21 126966
20150417 17.78 17.57 17.85 17.28 91849
20150420 17.50 17.90 18.31 17.00 145135
20150421 17.90 18.73 18.79 17.66 103995
20150422 19.28 19.88 20.04 19.21 157265
20150423 19.32 18.99 19.77 18.83 183370
20150424 18.79 18.54 18.93 18.12 132360
20150427 18.50 18.28 18.95 18.00 105671
20150428 18.43 17.75 18.70 17.45 105037
20150429 17.84 18.15 18.40 17.58 66530
20150430 18.05 18.14 18.45 18.02 64750
20150504 18.25 18.14 18.25 17.62 54647
20150505 18.15 18.03 18.48 17.85 73085
20150506 18.13 18.32 18.88 17.90 91615
20150507 18.24 18.98 19.12 18.14 120208
20150508 19.20 19.55 19.65 18.81 126220
20150511 19.60 20.07 20.20 18.98 167675
20150512 19.97 20.80 20.89 19.50 194238
20150513 20.10 20.58 20.97 19.50 132842
20150514 20.66 20.15 20.74 19.80 109322
20150515 19.92 20.00 20.17 19.48 85997
20150518 19.95 21.60 21.77 19.95 139932
20150519 21.88 22.62 23.57 21.37 132343
20150520 22.62 23.17 23.66 22.62 127328
20150521 23.58 24.55 24.55 22.62 101456
20150522 26.00 26.55 26.76 24.60 187092
20150525 25.95 27.20 28.28 25.04 137703
20150526 27.23 27.03 27.88 26.75 122247
20150527 27.00 29.18 29.70 26.80 126879
20150528 29.53 26.26 30.53 26.26 150839
20150529 26.20 26.50 27.26 24.04 132899
20150601 26.99 29.15 29.15 26.55 107938
20150602 29.85 30.00 30.16 28.50 124412
20150603 30.08 30.05 31.39 28.80 144769
20150604 29.80 29.20 30.30 27.05 137067
20150605 29.58 32.12 32.12 27.36 241952
20150608 31.92 31.48 33.30 30.37 159139
20150609 31.80 32.00 32.23 30.70 120765
20150610 31.59 33.29 35.00 31.51 161392
20150611 33.50 33.40 33.93 32.87 70523
20150612 33.46 34.74 35.75 33.20 97415
20150615 34.71 34.45 35.55 33.00 96144
20150616 33.65 32.25 33.89 31.01 80107
20150617 31.70 31.90 32.68 29.10 92942
20150618 31.94 29.92 32.49 29.80 69849
20150619 29.10 28.20 30.36 27.58 83195
20150623 28.01 28.97 29.00 26.03 78824
20150624 28.97 28.68 29.81 27.12 83068
20150625 28.80 26.80 28.90 26.39 77143
20150626 26.00 24.12 26.80 24.12 93762
20150629 24.80 21.71 24.80 21.71 73660
20150630 21.15 22.60 23.66 19.54 129222
20150701 21.77 20.34 23.40 20.34 108483
20150702 19.80 18.31 20.00 18.31 136258
