20150515 8.49 9.26 9.26 8.49 144
20150518 10.19 10.19 10.19 10.19 30
20150519 11.21 11.21 11.21 11.21 46
20150520 12.33 12.33 12.33 12.33 30
20150521 13.56 13.56 13.56 13.56 41
20150522 14.92 14.92 14.92 14.92 50
20150525 16.41 16.41 16.41 16.41 46
20150526 18.05 18.05 18.05 18.05 52
20150527 19.86 19.86 19.86 19.86 61
20150528 21.85 21.85 21.85 21.85 199
20150529 24.04 24.04 24.04 24.04 381
20150601 26.44 26.44 26.44 26.44 105
20150602 29.08 29.08 29.08 29.08 246
20150603 31.99 31.99 31.99 31.99 478
20150604 35.19 35.19 35.19 35.19 949
20150605 38.71 38.71 38.71 38.71 478
20150608 42.58 42.58 42.58 42.58 1004
20150609 46.84 46.82 46.84 39.00 232247
20150610 43.10 51.50 51.50 42.30 136639
20150611 56.00 56.65 56.65 54.10 38780
20150612 62.32 62.32 62.32 56.70 204887
20150615 56.09 56.09 56.09 56.09 25209
20150616 50.48 50.48 50.48 50.48 4162
20150617 45.43 46.08 48.80 45.43 135321
20150618 44.88 41.47 45.60 41.47 87982
20150619 38.01 37.32 40.11 37.32 97579
20150623 37.38 39.89 40.50 35.51 105518
20150624 39.89 38.37 40.25 37.06 100191
20150625 37.69 34.54 38.26 34.53 70434
20150626 33.50 31.09 33.50 31.09 61566
20150629 31.97 27.98 31.97 27.98 65461
20150630 27.02 30.78 30.78 26.30 68962
20150701 32.22 30.87 33.86 29.52 142651
20150702 28.99 29.43 31.85 27.80 86151
20150703 28.01 29.85 32.28 26.49 91753
20150706 32.84 29.90 32.84 27.43 97801
20150707 27.22 26.91 28.38 26.91 32446
20150708 24.22 24.22 24.68 24.22 68144
20150709 23.22 26.64 26.64 21.89 53291
20150710 27.66 29.30 29.30 27.58 36969
20150713 31.45 32.23 32.23 30.30 68684
20150714 32.50 33.19 35.41 31.11 113929
20150715 31.40 29.87 31.49 29.87 46488
20150716 26.88 27.75 31.00 26.88 55850
20150717 28.00 29.31 29.95 27.90 44812
20150720 28.99 29.08 30.30 28.40 45304
20150721 28.65 30.68 31.69 27.52 61357
20150722 30.14 30.78 31.40 29.57 57050
20150723 31.08 33.86 33.86 30.80 76403
20150724 35.50 33.86 36.75 32.81 110423
20150727 32.30 30.47 35.18 30.47 75538
20150728 27.58 28.29 30.87 27.42 64425
20150729 29.18 31.12 31.12 28.46 68619
20150730 31.60 31.70 33.80 31.03 89566
