20150217 10.96 13.15 13.15 10.96 171
20150225 14.47 14.47 14.47 14.47 77
20150226 15.92 15.92 15.92 15.92 38
20150227 17.51 17.51 17.51 17.51 93
20150302 19.26 19.26 19.26 19.26 348
20150303 21.19 21.19 21.19 21.19 1748
20150304 21.19 23.31 23.31 21.01 149723
20150305 23.31 25.64 25.64 22.68 158976
20150306 24.99 23.17 25.00 23.10 125613
20150309 22.99 21.97 22.99 21.50 69216
20150310 21.99 22.38 22.57 21.80 48315
20150311 22.12 22.86 23.45 21.94 62559
20150312 23.11 22.22 23.17 21.80 49370
20150313 22.03 22.21 22.43 21.91 28587
20150316 22.41 22.89 22.98 22.38 46105
20150317 23.00 23.45 23.66 22.91 56574
20150318 23.25 23.86 23.97 23.12 54752
20150319 23.88 24.19 24.25 23.51 54942
20150320 24.20 24.48 24.83 24.12 52043
20150323 24.71 24.99 25.10 24.38 49425
20150324 24.55 24.07 24.65 23.17 66907
20150325 23.98 24.13 24.30 23.49 47733
20150326 23.96 24.35 24.60 23.65 53052
20150327 24.19 24.06 24.24 23.73 34398
20150330 23.84 24.18 24.30 23.82 30377
20150331 24.02 24.09 24.52 24.01 27918
20150401 23.95 24.98 25.39 23.95 59037
20150402 24.79 25.25 25.35 24.69 53271
20150403 24.96 26.29 27.19 24.94 71377
20150407 26.29 27.00 27.21 26.05 52055
20150408 27.06 25.88 27.18 25.00 56686
20150409 25.77 26.45 26.60 24.70 48352
20150410 26.00 26.76 27.38 25.85 42763
20150413 26.78 28.03 28.60 26.60 55852
20150414 27.96 28.08 29.43 27.66 58928
20150415 28.12 26.36 28.18 26.30 42533
20150416 26.36 26.70 27.04 25.67 26387
20150417 26.96 26.59 27.28 26.50 26737
20150420 26.59 25.34 26.59 25.31 30985
20150421 25.35 26.45 26.46 25.35 23769
20150422 26.69 27.15 27.68 26.68 30020
20150423 27.14 27.24 27.68 26.60 31034
20150424 26.79 27.64 27.85 26.16 52713
20150427 28.10 30.40 30.40 28.10 89663
20150428 31.50 28.94 31.51 28.40 82792
20150429 27.97 29.15 29.68 27.62 47420
20150430 29.15 28.48 30.20 28.48 43844
20150504 28.59 29.36 29.47 28.00 31727
20150505 29.55 29.39 29.87 28.00 37766
20150506 29.58 29.00 30.35 28.76 43625
20150507 28.76 27.49 28.79 27.44 32207
20150508 28.02 28.95 28.97 27.88 29832
20150511 29.00 31.01 31.27 29.00 55454
20150512 31.05 32.19 32.70 30.76 63085
20150513 31.33 31.74 32.35 30.01 42138
20150514 31.60 34.91 34.91 31.60 70688
20150515 35.08 36.71 38.32 33.12 77458
20150518 36.92 40.38 40.38 36.92 52650
20150519 43.00 41.47 44.38 39.40 75141
20150520 40.74 40.80 44.50 40.60 54648
20150521 40.30 41.50 41.99 38.00 46483
20150522 41.87 42.30 42.90 39.80 51632
20150525 40.30 46.53 46.53 40.00 51801
20150714 41.68 41.68 41.68 41.68 2354
20150715 37.51 37.51 37.51 37.51 103
20150716 33.76 33.76 36.81 33.76 87872
20150717 32.50 33.08 34.98 30.50 87014
20150720 32.01 30.60 32.90 30.25 60334
20150721 30.00 31.68 32.30 29.10 45070
20150722 31.00 31.35 31.97 29.85 38144
20150723 31.14 34.49 34.49 31.00 64410
20150724 34.34 32.85 35.49 32.33 63389
20150727 31.44 29.57 32.98 29.57 41385
20150728 26.70 27.05 29.20 26.61 44805
20150729 27.87 29.39 29.47 26.50 36644
20150730 28.88 28.76 31.30 27.69 44066
