20150424 25.07 27.60 27.60 25.07 210
20150427 30.36 30.36 30.36 30.36 66
20150428 33.40 33.40 33.40 33.40 100
20150429 36.74 36.74 36.74 36.74 84
20150430 40.41 40.41 40.41 40.41 363
20150504 44.45 44.45 44.45 44.45 354
20150505 48.90 48.90 48.90 48.90 1027
20150506 52.00 47.80 52.00 47.50 118654
20150507 45.50 43.19 46.45 43.02 68664
20150508 44.51 47.26 47.35 43.70 67471
20150511 48.50 51.99 51.99 48.00 74122
20150512 55.20 57.19 57.19 54.54 72552
20150513 57.76 62.88 62.89 52.52 74131
20150514 62.00 69.17 69.17 62.00 51647
20150515 73.00 76.09 76.09 73.00 38889
20150518 83.70 83.70 83.70 82.00 8650
20150519 92.07 91.00 92.07 79.10 87714
20150520 94.00 100.10 100.10 87.78 47469
20150521 105.00 110.11 110.11 98.00 48749
20150522 119.62 121.12 121.12 115.01 52961
20150525 122.00 133.23 133.23 121.13 43863
20150526 142.00 146.55 146.55 142.00 21894
20150527 161.21 161.21 161.21 156.00 11751
20150528 177.33 145.09 177.33 145.09 21074
20150529 130.58 130.90 158.00 130.58 101391
20150601 125.15 117.81 125.20 117.81 60927
20150602 113.00 106.49 116.63 106.03 84952
20150603 107.50 109.19 111.00 104.34 54263
20150604 106.89 100.04 106.96 98.27 51119
20150605 102.49 101.05 104.50 97.56 38155
20150608 100.00 93.86 100.90 93.10 36299
20150609 93.16 95.72 98.05 93.08 33972
20150610 94.89 100.21 102.71 93.94 40150
20150611 100.00 102.83 104.74 98.11 40855
20150612 103.00 95.78 104.97 95.01 37192
20150615 94.69 86.20 94.69 86.20 42701
20150616 83.00 84.60 87.70 80.50 38693
20150617 84.60 88.80 89.82 84.00 31998
20150618 87.52 79.92 88.67 79.92 24648
20150619 78.00 77.70 84.50 74.88 24105
20150623 79.00 85.47 85.47 77.51 30576
20150624 87.00 84.70 88.60 81.19 28076
20150625 84.70 78.48 85.50 76.25 28330
20150626 75.90 70.63 75.90 70.63 21577
20150629 71.20 63.57 72.29 63.57 23897
20150630 60.35 66.39 68.60 57.21 31617
20150701 64.98 59.75 68.50 59.75 26754
20150702 59.00 53.78 60.60 53.78 23894
20150703 51.92 50.98 56.77 48.41 27420
20150706 56.08 49.49 56.08 45.89 31268
20150707 48.00 44.54 48.00 44.54 22990
20150708 40.09 40.09 41.55 40.09 27874
20150709 36.98 44.10 44.10 36.98 34742
20150710 46.00 48.51 48.51 45.41 19180
20150713 52.78 53.36 53.36 50.52 38891
20150714 57.00 58.70 58.70 55.00 56289
20150715 56.00 52.83 57.39 52.83 26158
20150716 47.55 51.96 54.56 47.55 39096
20150717 51.96 54.79 57.00 49.40 35238
20150720 54.68 53.18 55.91 52.00 47493
20150721 51.99 57.70 58.18 50.66 47752
20150722 56.98 60.66 60.68 56.02 53640
20150723 60.00 66.73 66.73 59.00 51707
20150724 68.10 64.30 71.70 63.18 56701
20150727 63.10 57.87 65.98 57.87 38098
20150728 52.65 52.59 58.89 52.08 41062
20150729 53.50 57.15 57.32 47.86 35885
20150730 56.00 54.04 59.50 54.00 40413
