20140102 27.30 27.64 27.76 27.22 27759
20140103 27.69 27.93 27.98 27.54 33326
20140106 27.90 26.99 27.90 26.99 31205
20140107 26.80 27.09 27.10 26.56 27925
20140108 27.25 27.50 27.74 27.18 45399
20140109 27.36 26.15 27.58 26.11 47286
20140110 26.20 25.28 26.40 25.21 32199
20140113 25.33 25.55 25.86 25.32 22606
20140114 25.66 25.98 25.98 25.38 21641
20140115 25.94 26.14 26.50 25.90 31185
20140116 26.24 25.28 26.24 25.28 49890
20140117 25.28 24.37 25.28 24.30 45526
20140120 24.40 24.52 24.85 24.37 24754
20140121 24.54 24.56 24.75 24.41 25414
20140122 24.60 25.38 25.47 24.48 42752
20140123 25.30 25.86 26.29 25.30 53093
20140124 25.77 26.39 26.53 25.65 54102
20140127 26.30 26.12 26.56 26.00 35763
20140128 26.13 26.05 26.33 25.46 24685
20140129 26.80 26.40 27.20 26.26 42792
20140130 27.00 26.60 27.20 26.48 42923
20140207 26.02 26.73 26.90 25.97 29014
20140210 26.81 27.39 27.51 26.79 53989
20140211 27.41 27.40 28.19 27.30 64749
20140212 27.70 28.05 28.34 27.51 57402
20140213 28.15 27.20 28.48 27.10 49958
20140214 27.02 27.57 27.60 26.81 35238
20140217 27.40 28.11 28.17 27.40 45411
20140218 28.18 28.64 28.77 27.80 71120
20140219 28.70 28.26 28.86 28.01 42977
20140220 28.34 27.75 28.57 27.55 36710
20140221 27.75 27.47 27.90 27.02 30265
20140224 27.47 27.88 27.90 27.24 31066
20140225 27.88 26.18 28.28 26.00 58028
20140226 25.85 26.09 26.10 25.02 34841
20140227 26.15 25.17 26.39 25.10 29859
20140228 24.93 25.46 25.48 24.55 20786
20140303 25.59 26.65 26.65 25.40 31165
20140304 26.30 26.12 26.62 25.81 27173
20140305 26.38 26.00 26.50 25.85 17729
20140306 25.89 25.67 25.89 25.25 22497
20140307 25.70 25.20 25.83 25.00 27249
20140310 24.96 24.87 25.46 24.86 20674
20140311 24.80 25.17 25.30 24.67 14219
20140312 25.20 25.05 25.30 24.81 16793
20140313 25.25 25.26 25.30 24.96 14937
20140314 25.03 24.93 25.27 24.86 15979
20140317 24.96 25.40 25.46 24.84 16123
20140318 25.40 25.70 26.13 25.34 35369
20140319 25.70 25.83 26.09 25.56 28034
20140320 25.84 25.54 26.27 25.54 38945
20140321 25.45 25.82 25.90 24.90 22286
20140324 25.75 25.38 25.80 25.30 19856
20140325 25.17 25.15 25.37 25.01 12949
20140326 25.18 25.21 25.45 25.14 14506
20140327 25.18 24.21 25.23 24.20 24623
20140328 24.21 22.39 24.37 22.00 38819
20140331 22.25 22.01 22.34 21.94 18067
20140401 22.01 22.31 22.46 22.01 12444
20140402 22.50 22.42 22.56 21.99 19462
20140403 22.38 22.41 22.66 22.23 15897
20140404 22.36 22.81 22.90 22.13 12983
20140408 22.72 22.85 22.90 22.53 14778
20140409 22.90 23.19 23.22 22.86 14746
20140410 24.83 24.49 25.16 24.30 64806
20140411 23.80 24.20 24.60 23.70 22878
20140414 24.20 24.50 24.60 24.00 16058
20140415 24.50 24.05 24.60 24.00 14700
20140416 23.89 24.15 24.38 23.89 9435
20140417 24.25 24.08 24.35 24.03 8607
20140418 24.08 24.10 24.25 23.89 9081
20140421 23.93 23.50 24.09 23.50 14789
20140422 23.40 23.05 23.53 22.82 15313
20140423 23.33 23.10 23.33 22.91 8351
20140424 23.29 23.80 23.85 23.01 17864
20140425 23.72 22.83 23.90 22.83 15462
20140428 22.85 22.00 23.00 21.85 15273
20140429 22.00 22.65 22.70 21.80 12756
20140430 23.47 24.15 24.89 23.45 46896
20140505 23.75 24.30 24.32 23.65 25752
20140506 24.28 24.29 24.47 24.01 22600
20140507 24.05 24.22 24.58 24.02 23849
20140508 24.06 24.32 24.72 24.06 25445
20140509 24.36 23.79 24.52 23.66 19012
20140512 24.10 24.26 24.37 24.02 16683
20140513 24.29 24.60 24.64 24.08 21965
20140514 24.58 24.51 24.64 24.18 17114
20140515 24.31 23.60 24.48 23.60 18395
20140516 23.45 24.00 24.09 23.41 14286
20140519 23.90 23.13 23.90 23.00 15946
20140520 23.30 23.41 23.90 23.30 14332
20140521 23.56 24.53 24.94 23.13 40881
20140522 24.42 24.60 25.14 24.32 38779
20140523 24.61 24.91 24.95 24.30 25400
20140526 24.91 25.17 25.38 24.61 32638
20140527 25.15 24.75 25.15 24.68 22646
20140528 24.70 25.15 25.27 24.65 34027
20140529 25.14 25.16 25.84 25.05 45952
20140530 25.10 25.25 25.53 25.02 27533
20140603 25.25 24.61 25.25 24.60 37296
20140604 24.49 24.43 24.84 24.27 27816
20140605 24.46 25.18 25.18 24.40 29550
20140606 25.01 25.00 25.22 24.67 36433
20140609 24.87 24.94 25.12 24.72 19549
20140610 25.10 25.48 25.68 24.90 42480
20140611 25.38 26.08 26.25 25.26 58891
20140612 25.90 25.80 26.05 25.65 41125
20140613 25.81 25.90 26.06 25.80 31409
20140616 26.15 26.05 26.38 25.88 27405
20140617 26.05 25.72 26.05 25.67 25964
20140618 25.71 25.37 25.88 25.18 26771
20140619 25.30 24.18 25.61 24.00 28839
20140620 24.45 24.48 24.60 24.08 14750
20140623 24.68 24.98 25.00 24.35 39232
20140624 24.81 24.99 25.15 24.81 19369
20140625 24.98 24.59 24.98 24.45 22629
20140626 24.59 25.52 25.69 24.59 42464
20140627 25.58 25.71 25.97 25.27 25338
20140630 25.74 25.82 25.98 25.61 26291
20140701 25.84 25.70 25.90 25.40 29923
20140702 25.80 26.04 26.16 25.75 40412
20140703 26.04 25.82 26.08 25.77 25540
20140704 26.05 25.84 26.55 25.82 38777
20140707 25.99 25.51 26.06 25.30 29991
20140708 25.53 25.95 25.97 25.36 28359
20140709 25.90 25.18 26.00 25.18 29480
20140710 12.60 12.66 12.95 12.30 54044
20140711 12.62 12.92 12.95 12.42 64809
20140714 12.96 13.42 13.69 12.88 125988
20140715 13.58 13.50 13.70 13.15 108774
20140716 13.37 13.43 13.69 13.30 79172
20140717 13.43 13.12 13.49 13.05 49264
20140718 13.12 13.22 13.55 13.05 50840
20140728 13.15 14.04 14.08 12.55 165299
20140729 14.00 14.08 14.48 13.78 154920
20140730 14.05 15.18 15.48 13.87 263189
20140731 14.91 15.02 15.34 14.77 135068
20140801 14.90 14.62 15.30 14.57 115717
20140804 14.63 15.00 15.22 14.63 116424
20140805 14.80 15.39 15.72 14.62 184144
20140806 15.28 15.20 15.56 15.01 122084
20140807 15.21 14.91 15.45 14.90 98021
20140808 14.84 14.92 15.16 14.80 73866
20140811 14.95 14.98 15.34 14.81 116280
20140812 14.99 14.72 14.99 14.60 102421
20140813 14.80 15.05 15.08 14.64 112796
20140814 15.01 14.96 15.38 14.95 144585
20140815 15.13 14.90 15.18 14.84 79851
20140818 14.95 15.20 15.24 14.95 108796
20140819 15.23 15.63 15.67 15.06 196099
20140820 15.57 15.50 15.89 15.40 132649
20140821 15.47 15.70 15.94 15.42 139604
20140822 15.90 15.83 15.97 15.65 146197
20140825 15.85 15.24 15.90 15.11 134671
20140826 15.30 14.75 15.47 14.55 101799
20140827 14.75 14.83 14.94 14.68 52127
20140828 14.93 14.60 14.98 14.03 60282
20140829 14.54 14.86 14.93 14.54 43751
20140901 14.95 15.20 15.22 14.86 58615
20140902 15.28 15.38 15.40 15.07 100117
20140903 15.38 15.28 15.41 15.17 81483
20140904 15.28 15.43 15.55 15.23 125495
20140905 15.43 15.36 15.51 15.21 86033
20140909 15.37 15.36 15.49 15.27 95952
20140910 15.32 15.78 15.88 15.32 178654
20140911 15.85 16.30 16.56 15.69 259387
20140912 16.28 16.23 16.38 15.99 107409
20140915 16.22 16.34 16.47 16.06 109235
20140916 16.35 15.34 16.48 15.32 142411
20140917 15.35 15.36 15.53 15.02 71108
20140918 15.36 15.28 15.43 15.10 46995
20140919 15.32 15.44 15.51 15.26 58042
20140922 15.40 15.02 15.40 14.81 66056
20140923 15.05 15.28 15.36 14.98 47183
20140924 15.28 15.55 15.65 15.25 69052
20140925 15.55 15.44 15.65 15.32 78968
20140926 15.40 15.36 15.50 15.30 52837
20140929 15.36 16.08 16.34 15.36 127884
20140930 15.92 15.97 16.43 15.80 131575
20141008 16.35 17.57 17.57 16.12 195035
20141009 18.00 17.82 18.54 17.65 410020
20141010 17.85 17.88 18.48 17.51 244894
20141013 17.61 17.61 17.80 17.05 139581
20141014 17.48 17.78 18.14 17.35 141901
20141015 18.04 18.15 18.42 17.60 183667
20141016 17.86 17.60 18.18 17.60 122898
20141017 17.50 16.96 17.75 16.75 115598
20141020 17.05 17.33 17.57 16.96 71989
20141021 17.35 17.38 17.69 17.17 79243
20141022 17.38 16.85 17.46 16.80 61458
20141023 16.71 16.35 16.95 16.30 59521
20141024 16.42 16.59 16.90 16.39 53734
20141027 16.59 17.05 17.15 16.48 61814
20141028 17.11 17.48 17.60 17.11 80769
20141029 17.56 17.54 17.75 17.33 92624
20141030 17.56 17.62 17.79 17.27 79960
20141031 17.55 17.40 17.74 17.20 64798
20141103 17.40 17.41 17.58 17.33 59337
20141104 17.35 16.94 17.58 16.90 66772
20141105 16.88 17.75 17.75 16.77 107274
20141106 17.75 17.80 17.97 17.41 71957
20141107 17.90 17.50 18.06 17.11 100987
20141110 17.45 17.34 17.47 17.12 49173
20141111 17.38 16.32 17.45 16.22 102658
20141112 16.31 16.37 16.56 16.17 62396
20141113 16.37 15.76 16.42 15.36 95131
20141114 15.70 15.69 15.91 15.56 40439
20141117 15.75 15.92 16.10 15.58 40281
20141118 15.90 15.93 16.15 15.80 35722
20141119 15.85 16.06 16.28 15.83 44329
20141120 15.96 15.66 16.05 15.64 56412
20141121 15.50 15.75 15.83 15.50 45688
20141124 15.90 16.08 16.24 15.75 73096
20141125 16.07 16.47 16.59 16.01 76217
20141126 16.57 16.74 17.17 16.49 95831
20141127 16.91 16.64 17.15 16.43 86680
20141128 16.69 17.10 17.41 16.69 153985
20141201 16.94 16.64 17.17 16.51 71120
20141202 16.60 17.00 17.15 16.57 92085
20141203 16.96 17.52 17.52 16.60 150006
20141204 17.55 17.40 17.63 17.20 127959
20141205 17.40 16.52 17.40 16.28 115266
20141208 16.26 16.24 16.48 16.00 100623
20141209 16.34 15.45 16.55 15.44 117648
20141210 15.55 17.00 17.00 15.50 190504
20141211 17.32 17.66 18.35 17.18 290136
20141212 17.55 17.78 18.10 17.02 166087
20141215 17.81 18.02 18.10 17.50 157207
20141216 18.09 17.75 18.15 17.49 151926
20141217 17.61 17.06 17.61 17.05 117764
20141218 17.02 17.25 17.78 16.90 121829
20141219 17.20 16.80 17.20 16.16 115528
20141222 16.81 16.06 16.81 15.70 89560
20141223 16.12 16.13 16.33 15.95 58278
20141224 16.19 16.48 16.50 16.17 66938
20141225 16.50 16.27 16.55 16.20 65086
20141226 16.35 16.32 16.52 16.22 53140
20141229 16.28 15.94 16.29 15.77 62097
20141230 15.94 15.66 16.02 15.46 62650
20141231 15.77 15.78 15.95 15.50 53642
20150105 15.84 16.08 16.27 15.51 72279
20150106 15.90 16.74 16.81 15.80 99257
20150107 16.70 16.39 16.74 16.32 61682
20150108 16.35 16.30 16.58 16.27 54910
20150109 16.30 16.00 16.49 15.88 70535
20150112 15.93 15.56 15.96 15.48 52825
20150113 15.58 15.82 15.84 15.56 32811
20150114 15.80 15.48 15.80 15.20 42309
20150115 15.50 15.60 15.86 15.42 47101
20150116 15.59 15.82 15.87 15.50 49170
20150119 15.57 15.49 16.25 15.25 77509
20150120 15.58 16.11 16.20 15.58 108805
20150121 16.27 16.44 16.49 16.13 111641
20150122 16.46 16.58 16.75 16.34 110453
20150123 16.59 16.26 16.68 16.14 89500
20150126 16.28 16.53 16.55 16.28 119882
20150127 16.50 17.13 17.27 16.22 175576
20150128 16.97 16.98 17.19 16.82 123294
20150129 16.85 16.59 17.13 16.58 73232
20150130 16.59 16.40 16.88 16.35 67650
20150202 16.25 16.19 16.58 16.13 61215
20150203 16.22 16.47 16.53 16.22 78020
20150204 16.49 16.24 16.56 16.24 70983
20150205 16.38 15.99 16.46 15.99 83276
20150206 16.00 15.50 16.00 15.48 67899
20150209 15.50 15.51 15.69 15.38 43776
20150210 15.59 15.76 15.78 15.43 36970
20150211 15.76 15.85 15.94 15.70 36797
20150212 15.85 15.86 16.07 15.85 44480
20150213 16.01 16.08 16.27 15.90 73566
20150216 16.20 16.45 16.58 16.20 82447
20150217 16.40 16.40 16.52 16.27 54766
20150225 16.46 16.55 16.89 16.45 88659
20150226 16.68 16.86 17.17 16.64 151956
20150227 16.93 16.96 16.99 16.70 105679
20150302 17.30 17.44 17.94 17.28 213705
20150303 17.40 18.54 19.18 17.10 409114
20150304 18.29 18.44 18.65 18.10 222828
20150305 18.38 18.73 19.09 18.07 237513
20150306 18.62 17.70 18.71 17.58 191730
20150309 17.69 17.97 18.16 17.60 129790
20150310 17.99 18.20 18.37 17.87 125712
20150311 18.09 17.66 18.11 17.46 140803
20150312 17.60 17.33 17.78 17.06 131301
20150313 17.39 17.61 17.65 17.31 105373
20150316 17.80 18.03 18.20 17.73 154872
20150317 18.16 18.01 18.34 17.82 192121
20150318 18.02 18.51 18.60 18.02 215568
20150319 18.44 18.44 18.97 18.23 190746
20150320 18.51 19.60 20.09 18.37 315524
20150323 19.51 20.28 20.39 19.26 302226
20150324 20.15 20.80 20.98 19.41 367201
20150325 20.73 20.12 20.73 19.96 272771
20150326 19.85 19.35 19.98 19.09 208045
20150327 19.20 19.61 19.82 19.20 117800
20150330 19.60 19.73 20.22 19.51 164093
20150331 19.73 20.00 20.37 19.51 197606
20150401 20.25 20.35 20.40 19.95 174638
20150402 20.94 21.60 22.35 20.61 290986
20150403 21.31 21.61 21.76 21.12 198014
20150407 21.99 21.52 22.30 21.30 202642
20150408 21.47 20.81 21.95 20.47 220582
20150409 20.70 20.53 20.97 19.42 211772
20150410 20.48 20.85 20.96 20.05 130738
20150413 20.87 21.00 21.33 20.72 160481
20150414 21.10 20.50 21.29 20.20 150708
20150415 20.64 19.30 20.70 19.29 148402
20150416 19.85 20.32 21.18 19.80 197291
20150417 19.90 20.04 20.24 19.78 185925
20150420 19.90 20.00 20.43 19.47 171840
20150421 19.69 20.73 20.94 19.69 168167
20150422 20.83 21.06 21.13 20.72 196879
20150423 21.13 20.94 21.45 20.80 190526
20150424 20.60 20.33 20.65 20.00 179753
20150427 20.52 20.49 20.77 20.12 155537
20150428 20.41 19.50 20.64 19.37 160420
20150429 19.44 19.78 20.00 19.30 108495
20150430 19.82 19.93 20.19 19.75 120238
20150504 20.10 20.00 20.19 19.55 76629
20150505 20.01 20.40 20.55 19.83 179199
20150506 20.85 20.10 21.10 19.95 235194
20150507 19.60 18.82 19.93 18.82 144397
20150508 19.26 19.61 19.70 18.99 122208
20150511 19.70 20.42 20.50 19.70 160750
20150512 20.48 20.37 20.78 19.93 174392
20150513 20.10 21.28 21.37 19.82 301666
20150514 21.00 21.03 21.68 20.95 186227
20150515 21.29 22.18 22.93 21.00 301005
20150518 22.04 22.09 22.79 21.80 271624
20150519 22.30 22.31 22.50 21.70 208488
20150520 22.41 22.10 23.30 22.08 268162
20150521 22.12 23.23 23.23 21.60 239106
20150522 23.59 22.55 23.89 22.22 276314
20150525 22.18 22.97 23.32 21.90 241333
20150526 22.85 23.91 24.15 22.85 253156
20150527 23.80 25.04 25.79 23.25 300582
20150528 25.06 22.79 25.75 22.68 298509
20150529 22.79 23.43 24.17 22.02 270523
20150601 23.45 24.71 24.79 23.16 238616
20150602 24.90 26.19 26.55 24.51 308707
20150603 26.55 25.39 26.68 24.50 278123
20150604 26.40 27.11 27.50 24.20 311653
20150605 27.49 26.69 27.60 26.05 275180
20150608 26.80 26.00 26.89 25.10 213822
20150609 25.70 25.43 26.47 25.01 173584
20150610 25.30 25.70 26.15 25.12 165199
20150611 25.50 26.20 26.50 25.38 176367
20150612 26.21 25.88 26.49 25.72 161022
20150615 25.94 24.90 25.96 24.43 188395
20150616 24.98 24.01 25.37 23.77 147374
20150617 24.01 24.51 24.68 23.36 120035
20150618 24.42 22.90 24.66 22.73 132648
20150619 22.20 20.70 22.80 20.62 126092
20150623 20.98 21.21 21.30 19.01 112794
20150624 21.40 22.45 22.95 21.21 141436
20150625 22.43 20.72 22.99 20.25 115097
20150626 20.00 18.65 20.40 18.65 115658
20150629 19.30 16.79 19.33 16.79 134138
20150630 16.40 17.91 18.05 15.11 164611
20150701 17.44 16.30 18.30 16.15 140531
20150702 16.52 14.67 16.68 14.67 144439
20150703 14.30 13.20 15.16 13.20 166163
20150706 14.52 11.89 14.52 11.88 274888
20150713 13.01 13.01 13.01 13.01 10534
20150714 14.31 14.31 14.31 14.31 13661
20150715 15.74 14.58 15.74 13.75 420057
20150716 14.26 14.88 15.28 13.50 232515
20150717 15.00 15.89 16.25 14.88 226126
20150720 15.89 16.20 16.48 15.25 258730
20150721 15.80 16.03 16.32 15.56 185383
20150722 16.45 17.22 17.63 16.08 430851
20150723 16.88 17.84 18.10 16.72 300148
20150724 17.69 17.05 18.47 17.00 356430
20150727 16.40 15.35 17.46 15.35 192237
20150728 13.82 14.35 15.49 13.82 217923
20150729 14.92 15.79 15.79 14.43 196398
20150730 15.68 15.63 16.60 15.49 190566
