20140102 16.31 16.46 16.67 16.14 53934
20140103 16.30 16.28 16.52 16.00 65471
20140106 16.36 15.47 16.36 15.42 61963
20140107 15.58 15.64 15.74 15.28 32319
20140108 15.76 17.20 17.20 15.76 138173
20140109 17.38 17.20 18.20 17.05 244366
20140110 17.00 17.33 18.20 16.68 148577
20140113 17.19 17.28 17.53 16.89 84122
20140114 17.29 17.76 17.84 16.85 115588
20140115 17.70 17.49 18.08 17.28 93928
20140116 17.55 17.42 17.98 17.21 98993
20140117 17.38 18.10 18.17 17.08 133592
20140120 17.90 17.73 18.18 17.45 78359
20140121 17.60 18.09 18.18 17.33 99218
20140122 18.51 18.72 19.70 18.10 186659
20140123 18.41 19.14 19.69 18.28 176184
20140124 18.70 18.66 19.06 18.60 109976
20140127 19.25 18.91 19.47 18.69 103796
20140128 18.60 17.77 18.66 17.30 92459
20140129 17.78 18.29 18.40 17.70 62423
20140130 18.11 18.31 18.85 17.94 71081
20140207 18.04 18.96 19.00 17.89 66289
20140210 19.03 19.29 19.47 18.56 97437
20140211 19.29 18.62 19.34 18.38 80336
20140212 18.62 19.29 19.50 18.20 92447
20140213 19.24 17.91 19.24 17.80 86826
20140214 17.91 18.27 18.35 17.68 48130
20140217 18.53 19.09 19.25 18.26 107942
20140218 19.00 19.36 19.70 18.81 141575
20140219 19.49 21.30 21.30 19.49 207157
20140220 22.00 20.50 22.22 20.41 219607
20140221 20.38 21.02 21.81 20.11 146329
20140224 20.98 21.17 21.30 19.80 114063
20140225 21.00 19.28 21.91 19.11 150244
20140226 18.80 19.13 19.49 17.86 83291
20140227 19.51 18.14 19.79 17.87 90114
20140228 19.95 19.95 19.95 19.10 197668
20140303 20.50 21.95 21.95 20.21 250952
20140304 21.28 21.23 22.04 20.66 154086
20140305 21.24 21.38 22.24 20.81 141650
20140306 20.90 20.93 21.14 19.80 104767
20140307 21.35 20.71 21.50 20.45 69088
20140310 20.50 20.23 20.69 19.61 69832
20140311 19.91 20.06 20.15 19.13 67379
20140312 19.66 19.58 19.90 18.98 53620
20140313 19.50 19.98 20.05 19.28 57602
20140314 19.70 20.02 20.38 19.52 61300
20140317 20.16 20.44 20.49 19.75 60508
20140318 20.29 20.12 20.95 20.01 77666
20140319 19.85 19.30 19.85 19.11 64281
20140320 19.20 18.42 19.35 18.39 51476
20140321 18.08 18.51 18.89 17.81 52324
20140324 18.57 19.10 19.32 18.41 55335
20140325 19.20 18.36 19.20 18.23 42004
20140326 18.38 18.47 18.90 18.38 29169
20140327 18.57 17.39 18.70 17.30 48112
20140328 17.31 16.31 17.31 16.16 47867
20140331 16.26 16.33 16.56 15.86 20768
20140401 16.30 16.72 16.95 16.30 25669
20140402 16.72 16.31 16.87 16.12 27947
20140403 16.30 16.56 16.84 16.30 22930
20140404 16.35 16.74 16.78 16.35 18941
20140408 16.65 16.68 16.70 16.38 23167
20140409 16.68 17.33 17.46 16.68 39873
20140410 17.49 17.18 17.50 17.13 41466
20140411 16.91 16.60 16.91 16.00 30719
20140414 16.57 17.57 17.63 16.45 53090
20140415 17.63 17.72 17.97 17.40 44943
20140416 17.98 18.00 18.86 17.85 76216
20140417 17.62 17.93 18.00 17.61 31550
20140418 17.78 17.75 17.94 17.53 19681
20140421 17.50 17.17 17.60 16.99 29340
20140422 17.11 16.52 17.27 16.22 32404
20140423 16.59 16.55 16.80 16.40 11776
20140424 16.33 16.60 16.79 16.33 19108
20140425 16.30 16.23 16.62 16.02 24847
20140428 16.11 15.61 16.11 15.30 20099
20140429 15.40 15.78 15.93 15.36 9506
20140430 15.80 15.93 16.13 15.67 9971
20140505 15.99 16.43 16.43 15.91 12021
20140506 16.36 16.48 16.75 16.26 15581
20140507 16.37 15.79 16.38 15.77 14088
20140508 15.60 16.20 16.75 15.60 32491
20140509 16.42 15.91 16.48 15.85 18650
20140512 15.97 16.25 16.34 15.89 14432
20140513 16.30 16.25 16.55 16.20 13316
20140514 16.19 16.28 16.32 16.06 11441
20140515 16.35 15.94 16.49 15.90 12612
20140516 15.72 16.21 16.30 15.61 18552
20140519 16.23 15.99 16.36 15.91 14472
20140520 16.38 17.15 17.38 16.16 59773
20140521 16.87 17.15 17.26 16.75 42462
20140522 17.15 17.57 18.12 16.92 79488
20140523 17.66 17.99 18.10 17.36 78893
20140526 17.77 17.78 17.98 17.57 51868
20140527 17.97 17.81 18.85 17.80 87711
20140528 17.62 18.38 18.54 17.46 77665
20140529 18.40 17.75 18.42 17.60 56103
20140530 17.74 18.22 18.58 17.57 73705
20140603 18.10 17.65 18.14 17.60 40812
20140604 17.63 17.60 17.94 17.47 30562
20140605 17.57 17.89 17.90 17.51 26262
20140606 17.98 17.80 18.27 17.66 35252
20140609 17.77 17.29 17.79 17.29 25381
20140610 17.32 17.66 17.74 16.96 35501
20140611 17.61 17.75 17.78 17.45 28819
20140612 17.72 17.87 17.98 17.40 30493
20140613 17.65 18.42 19.08 17.58 75260
20140616 18.34 18.46 18.74 18.19 47698
20140617 18.40 18.69 18.97 18.30 56728
20140618 18.70 18.12 18.71 18.05 31780
20140619 18.19 17.30 18.23 16.78 37626
20140620 17.30 17.42 17.47 17.07 15485
20140623 17.42 17.67 18.00 17.42 22043
20140624 17.86 17.97 18.28 17.86 27063
20140625 18.00 17.60 18.24 17.57 23791
20140626 17.77 18.62 18.87 17.77 65902
20140627 19.00 19.32 19.92 18.60 96263
20140630 19.30 19.10 19.36 18.65 63700
20140701 19.05 19.10 19.54 18.79 48086
20140702 19.05 18.95 19.23 18.70 39987
20140703 18.87 18.64 18.95 18.55 35502
20140704 18.94 18.99 19.19 18.70 38322
20140707 18.86 19.15 19.27 18.45 42352
20140708 19.02 19.38 19.52 18.88 64271
20140709 19.25 18.47 19.34 18.46 48036
20140710 18.48 18.19 18.65 18.16 30927
20140711 18.26 18.31 18.47 18.08 22913
20140714 18.25 18.37 18.44 18.08 22159
20140715 18.17 17.55 18.18 17.47 44067
20140716 17.51 17.22 17.75 17.04 22385
20140717 17.32 17.42 17.50 17.25 18000
20140718 17.42 17.17 17.48 17.11 15578
20140721 17.17 17.11 17.34 16.70 20592
20140722 17.23 17.33 17.38 17.13 19461
20140723 17.33 16.60 17.37 16.40 29148
20140724 16.50 16.42 16.62 15.91 23030
20140725 16.42 16.69 16.73 16.38 15736
20140728 16.80 17.03 17.08 16.49 20161
20140729 17.10 17.22 17.48 17.01 22596
20140730 17.23 17.29 17.33 17.00 20804
20140731 17.22 17.24 17.29 17.11 15175
20141103 18.96 18.96 18.96 18.96 1017
20141104 20.86 20.86 20.86 20.86 2755
20141105 22.95 22.95 22.95 22.22 112595
20141106 23.60 23.60 24.22 22.66 226370
20141107 24.70 23.86 25.23 23.66 177186
20141110 23.86 23.68 24.18 23.13 116284
20141111 23.36 22.25 23.59 21.89 118171
20141112 22.10 22.46 22.62 22.10 62761
20141113 22.26 21.56 22.46 21.50 59628
20141114 21.32 21.68 22.24 21.28 44053
20141117 21.72 22.30 22.75 21.72 53363
20141118 22.32 22.52 22.98 22.19 69804
20141119 22.40 23.45 23.82 22.12 92901
20141120 23.10 23.12 23.79 22.84 68740
20141121 23.10 23.23 24.02 23.00 76491
20141124 23.28 22.93 23.39 22.57 61919
20141125 22.84 23.77 23.85 22.77 70177
20141126 23.50 23.40 24.36 23.38 73948
20141127 23.40 23.10 23.66 22.51 66958
20141128 23.02 22.99 23.60 22.86 49073
20141201 22.66 21.78 22.96 21.59 59068
20141202 21.82 22.08 22.63 21.82 42767
20141203 22.05 22.41 22.45 21.42 54578
20141204 22.39 22.22 22.78 22.20 52275
20141205 22.28 22.69 23.27 21.00 93860
20141208 22.70 21.98 22.70 21.88 52226
20141209 21.69 20.40 21.79 20.05 50689
20141210 20.32 20.87 21.29 20.32 31737
20141211 20.90 21.14 21.17 20.66 23494
20141212 21.16 21.68 21.90 21.01 34727
20141215 21.50 22.33 22.38 21.34 49567
20141216 22.47 21.70 22.47 21.57 43361
20141217 21.87 22.70 23.21 21.50 73947
20141218 22.40 22.26 23.09 22.21 45377
20141219 22.08 21.08 22.48 20.80 41363
20141222 21.39 19.20 21.39 19.03 35664
20141223 19.35 18.90 19.86 18.60 26490
20141224 19.06 19.79 20.25 19.05 33384
20141225 19.78 19.73 19.98 19.37 21719
20141226 19.95 19.69 19.98 19.52 18927
20141229 19.54 19.15 19.68 18.82 27714
20141230 19.13 18.50 19.15 18.41 21159
20141231 18.66 18.72 18.97 18.46 15909
20150105 18.73 18.60 18.99 18.00 19901
20150106 18.83 19.65 19.95 18.55 42509
20150107 19.58 19.36 19.90 19.14 23450
20150108 19.26 19.55 19.87 19.20 37455
20150109 19.63 19.40 19.86 19.31 31207
20150112 19.17 18.61 19.26 18.60 22972
20150113 18.47 19.49 19.77 18.45 33346
20150114 19.60 19.50 19.85 19.00 33108
20150127 21.45 21.45 21.45 21.45 2405
20150128 22.88 22.60 23.35 22.11 143649
20150129 22.10 22.61 23.21 22.00 81917
20150130 23.69 22.35 24.18 22.30 104375
20150202 21.49 22.80 23.50 21.48 85651
20150203 22.80 23.18 23.95 22.52 106727
20150204 23.13 22.96 23.55 22.60 72313
20150205 22.68 22.91 23.75 22.48 82594
20150206 22.62 21.50 22.90 21.43 58543
20150209 21.24 20.85 22.00 20.79 41838
20150210 20.90 21.47 21.55 20.71 33159
20150211 21.47 22.30 22.34 21.43 51394
20150212 22.30 22.13 22.89 22.00 45105
20150213 22.30 23.25 23.40 22.20 74117
20150216 23.20 23.70 23.89 22.89 75132
20150217 24.50 25.00 26.07 24.38 111325
20150225 24.76 24.98 25.56 24.60 84413
20150226 24.90 25.16 25.66 24.38 62968
20150227 25.17 25.41 25.98 25.17 67051
20150302 25.61 27.05 27.52 25.54 106731
20150303 27.39 27.72 29.47 27.05 113334
20150304 27.43 29.20 29.72 27.15 97792
20150305 28.91 30.50 30.99 28.51 95918
20150306 30.10 29.00 30.75 28.90 80705
20150309 28.21 29.89 29.95 28.21 48503
20150310 29.83 30.17 30.50 29.55 40243
20150311 30.13 28.83 30.13 28.00 52707
20150312 29.34 29.68 31.58 29.00 55003
20150313 29.50 32.65 32.65 29.18 82032
20150316 35.20 35.92 35.92 33.90 81819
20150317 36.70 38.98 38.99 35.90 90738
20150318 38.19 42.20 42.56 37.53 89483
20150319 41.80 46.42 46.42 41.80 66260
20150320 48.70 51.06 51.06 48.00 46345
20150323 54.68 56.17 56.17 51.20 35040
20150324 61.78 61.00 61.79 55.32 129519
20150325 59.10 60.49 61.97 58.20 97480
20150326 58.00 54.44 59.40 54.44 71172
20150327 53.83 54.75 55.40 50.61 57055
20150330 54.63 53.80 54.63 51.81 48493
20150331 53.05 54.40 55.80 53.05 38353
20150401 53.00 57.80 59.84 52.34 89252
20150402 57.10 57.00 59.11 55.80 51865
20150403 55.88 62.70 62.70 55.50 96101
20150407 63.05 68.97 68.97 62.97 54025
20150408 75.00 69.73 75.87 67.00 61161
20150409 66.35 69.05 71.00 62.77 45102
20150410 68.01 68.25 71.00 67.00 33862
20150413 67.49 65.08 67.49 63.00 35943
20150414 65.33 64.32 68.22 64.11 40382
20150415 63.50 57.89 63.50 57.89 44184
20150416 56.00 56.81 59.89 55.03 31313
20150417 56.27 59.20 61.90 56.27 54175
20150420 59.00 63.83 65.00 58.60 53861
20150421 64.00 67.11 68.20 62.61 45525
20150422 68.18 68.30 70.90 67.00 55157
20150423 67.03 70.00 70.85 65.50 56778
20150424 76.00 70.02 76.00 70.00 66992
20150427 68.98 68.11 73.00 66.02 45878
20150428 68.30 63.99 68.30 62.21 40382
20150429 64.00 70.39 70.39 64.00 52729
20150720 33.00 29.33 33.00 28.79 325073
20150721 28.33 29.97 31.40 27.50 205880
20150722 30.30 32.29 32.50 29.20 183001
20150723 32.73 35.52 35.52 32.31 170062
20150724 38.00 39.07 39.07 37.65 60965
20150727 40.75 35.16 41.88 35.16 318075
20150728 31.64 31.64 34.98 31.64 204272
20150729 32.00 32.97 32.97 28.48 206772
20150730 31.70 29.67 32.47 29.67 150474
