20140102 15.22 15.61 15.70 15.12 24221
20140103 15.60 15.75 16.12 15.51 28738
20140106 15.62 15.12 15.62 14.88 29087
20140107 14.96 15.97 16.09 14.91 34492
20140108 15.94 15.99 16.34 15.80 33433
20140109 15.88 15.36 16.08 15.32 32244
20140110 15.30 16.01 16.90 15.04 62458
20140113 15.90 16.54 16.54 15.62 57116
20140114 16.60 17.01 17.30 16.41 58810
20140515 18.50 18.71 18.71 17.50 28387
20140516 19.22 19.52 20.39 18.58 104998
20140519 19.25 18.38 19.25 18.09 56969
20140520 18.45 18.09 18.93 17.80 50413
20140521 18.00 18.45 18.48 17.61 38832
20140522 18.26 18.92 19.48 18.23 68139
20140523 18.68 19.14 19.26 18.31 25754
20140526 19.04 19.70 20.58 19.03 52797
20140527 20.00 19.25 20.15 19.17 30366
20140528 19.25 19.48 19.63 18.60 35680
20140529 19.50 19.00 19.50 18.94 30182
20140530 18.85 18.88 19.33 18.68 20335
20140603 18.82 19.76 19.97 18.75 31968
20140604 19.76 20.84 21.73 19.42 68122
20140605 20.67 20.92 21.29 20.62 31741
20140606 20.88 20.18 21.63 19.94 38251
20140609 20.20 19.61 20.79 19.58 26759
20140610 19.75 20.33 20.57 19.11 30812
20140611 20.31 20.32 20.69 20.11 21159
20140612 20.17 20.14 20.59 19.85 21198
20140613 20.36 20.08 20.57 19.60 21556
20140616 20.00 21.28 21.66 19.72 39413
20140617 21.41 20.53 21.41 20.51 20043
20140618 20.45 19.67 20.76 19.10 22740
20140619 19.39 19.65 19.90 17.70 32867
20140620 19.10 20.30 20.44 19.10 16767
20140623 20.31 20.80 21.08 20.03 21019
20140624 21.00 20.59 21.25 20.20 12787
20140625 20.63 20.10 21.00 20.00 10569
20140626 20.00 21.08 21.20 20.00 24461
20140627 20.99 20.74 21.38 20.31 20607
20140630 20.58 21.46 21.65 20.58 30231
20140701 21.35 21.30 21.60 20.86 18414
20140702 21.50 20.71 21.59 20.10 23702
20140703 20.52 20.40 21.10 20.25 23844
20140704 20.40 20.82 20.96 20.05 15715
20140707 20.70 21.10 21.22 20.60 12474
20140708 21.16 22.51 23.21 20.51 51231
20140709 22.60 23.16 23.90 22.46 51929
20140710 22.92 22.85 23.41 22.53 16771
20140711 22.85 22.50 23.30 22.15 20796
20140714 22.00 22.87 22.88 22.00 12757
20140715 22.87 22.30 23.60 22.00 15693
20140716 22.20 22.12 22.59 21.76 19371
20140717 22.03 21.43 22.19 21.30 14798
20140718 21.35 20.57 21.88 20.55 19275
20140721 20.58 20.70 20.85 20.23 16053
20140722 20.61 21.00 21.06 20.32 11403
20140723 20.88 19.82 21.14 19.58 21338
20140724 19.73 19.08 20.00 18.81 20967
20140725 19.10 19.21 19.49 18.90 8598
20140728 19.21 19.82 19.85 19.13 15051
20140729 19.77 20.20 20.32 19.61 11864
20140730 20.33 20.60 20.78 20.22 13811
20140731 20.45 20.58 20.74 20.26 12430
20140801 20.71 21.20 21.42 20.70 27629
20140804 21.90 22.60 22.81 21.29 43199
20140805 21.90 22.22 22.44 21.50 31538
20140806 22.28 21.94 22.28 21.82 17144
20140807 21.94 21.85 22.20 21.70 14631
20140808 21.91 21.94 22.08 21.80 7807
20140811 22.01 22.08 22.16 21.68 9820
20140812 21.90 22.08 22.10 21.74 14757
20140813 22.12 22.28 22.28 21.60 13963
20140821 23.70 24.17 24.50 20.05 51761
20140822 23.90 24.41 25.15 23.10 42427
20140825 24.00 22.99 24.20 22.90 28496
20140826 22.91 22.51 23.23 22.48 11473
20140827 22.70 23.34 23.45 22.53 14950
20140828 23.10 22.90 23.24 22.82 7155
20140829 23.10 23.18 23.27 22.85 7040
20140901 23.18 23.86 23.92 23.00 13180
20140902 23.90 24.00 24.18 23.58 12331
20140903 23.99 24.02 24.47 23.93 10661
20140904 23.82 25.05 25.08 23.82 21203
20140905 25.25 24.93 25.38 24.77 15100
20140909 25.24 25.57 26.12 25.23 21296
20140910 25.59 26.91 27.55 25.17 30492
20140911 26.88 26.78 27.66 26.60 31562
20140912 26.81 26.90 26.92 26.41 12637
20140915 27.00 29.46 29.59 27.00 45479
20140916 29.59 28.58 29.70 28.39 27243
20140917 28.25 28.69 29.87 28.25 28059
20140918 29.04 28.89 29.60 28.51 10499
20140919 28.90 30.51 30.75 28.69 23472
20140922 30.15 29.50 30.96 29.41 17662
20140923 29.65 29.38 29.95 28.93 15412
20140924 29.52 29.57 29.73 28.79 15651
20140925 30.02 31.44 32.03 30.02 30912
20140926 31.19 31.09 31.20 30.33 19289
20140929 31.25 32.58 33.14 31.16 19559
20140930 32.60 33.80 34.10 32.53 16530
20141008 33.73 34.79 35.30 33.51 14718
20141009 34.80 33.90 35.43 33.35 19742
20141010 33.99 33.70 34.99 33.50 17790
20141013 33.70 32.99 33.70 31.70 27879
20141014 32.74 32.38 33.20 31.84 11980
20141015 32.39 32.02 32.50 31.70 12932
20141016 31.59 32.04 32.99 31.59 11924
20141017 31.90 30.93 32.30 30.81 15219
20141020 30.72 31.20 31.49 30.61 5320
20141021 31.28 30.69 31.39 30.66 7725
20141022 30.81 31.20 32.36 30.78 13373
20141023 31.20 30.72 32.45 30.66 13611
20141024 30.87 31.22 32.68 30.67 16585
20141027 31.34 32.98 32.98 31.22 21023
20141028 33.50 33.08 33.68 32.23 26406
20141029 33.01 32.85 33.01 32.51 15392
20141030 32.89 32.97 33.25 32.61 12993
20141031 32.90 30.58 33.08 29.80 44133
20141103 30.10 30.20 30.59 29.67 13725
20141104 30.33 30.00 30.50 29.39 10023
20141105 29.50 29.83 30.39 29.50 8474
20141106 29.93 30.79 30.80 29.82 12961
20141107 30.85 31.30 32.27 30.79 20435
20141110 31.86 30.00 32.10 29.59 24942
20141111 29.68 28.92 29.87 27.69 25562
20141112 28.70 28.40 28.90 27.88 19905
20141113 28.36 27.55 28.36 27.01 14778
20141114 27.55 28.25 28.74 27.27 13478
20141117 28.26 29.76 29.86 28.00 16626
20141118 29.76 29.85 30.25 29.02 9266
20141119 29.85 29.53 29.98 29.01 9137
20141120 29.46 29.25 29.46 28.51 18153
20141121 28.58 30.17 30.52 28.58 15285
20141124 30.21 30.63 31.47 30.10 20259
20141125 30.88 31.54 31.67 30.50 16823
20141126 31.70 32.93 32.99 31.59 30323
20141127 32.93 32.18 33.20 31.52 13724
20141128 32.20 30.99 32.20 30.80 28749
20141201 31.09 31.17 31.29 29.81 15979
20141202 30.88 31.15 31.48 30.61 12374
20141203 31.20 31.28 31.59 29.00 43938
20141204 31.51 30.76 31.77 30.47 26979
20141205 30.49 29.89 30.49 29.03 25345
20141208 29.57 30.30 31.00 28.82 24948
20141209 30.00 27.87 30.05 27.80 30650
20141210 27.88 29.50 29.90 27.70 31315
20141211 29.40 30.50 31.29 29.40 40024
20141212 31.40 32.99 33.55 30.80 42829
20141215 32.79 33.02 33.65 32.47 17831
20141216 33.30 32.92 33.40 31.70 17062
20141217 32.56 31.95 32.56 31.73 11494
20141218 31.95 31.99 32.84 31.17 15619
20141219 31.60 31.90 32.06 29.90 19283
20141222 31.38 29.69 31.87 29.50 12803
20141223 29.50 28.93 30.12 28.58 15795
20141224 28.93 29.79 30.25 28.93 9552
20141225 29.84 29.88 30.60 29.60 8174
20141226 29.81 29.53 29.82 28.88 9165
20141229 29.50 28.80 29.66 28.02 19389
20141230 28.98 28.21 29.40 27.71 12092
20141231 28.55 28.28 28.99 27.78 8195
20150105 28.51 27.95 28.68 26.86 10977
20150106 27.80 29.28 29.30 27.51 16166
20150107 29.36 28.64 29.60 28.48 10916
20150108 28.58 28.70 29.16 28.00 12169
20150109 28.70 28.20 29.25 28.18 10834
20150112 27.78 27.20 28.20 26.88 10971
20150113 27.27 28.75 28.80 26.80 16118
20150114 28.90 28.36 28.90 27.95 5063
20150115 28.54 28.00 28.54 27.90 4749
20150116 28.00 28.23 28.36 27.50 9755
20150119 27.88 28.37 29.90 27.62 17648
20150120 28.60 29.86 30.00 28.58 20151
20150121 30.30 30.37 30.75 29.61 24033
20150123 31.50 33.41 33.41 31.50 51640
20150126 33.62 34.80 35.20 33.01 27537
20150127 34.39 33.74 34.45 32.80 22967
20150128 33.49 32.72 33.98 32.56 14008
20150129 32.99 31.85 32.99 31.80 13067
20150130 31.97 32.23 33.30 31.74 13292
20150202 31.68 31.75 32.75 31.40 8882
20150203 31.94 32.01 32.92 31.78 16081
20150204 32.30 31.90 32.68 31.71 14036
20150205 31.91 32.15 33.08 31.60 14035
20150206 32.35 31.00 32.47 30.90 10818
20150209 30.77 32.74 32.79 30.77 20604
20150210 32.72 32.16 32.72 31.00 12143
20150211 32.33 33.50 33.52 32.33 15583
20150212 34.98 36.30 36.85 34.92 56046
20150213 35.70 36.60 36.93 35.59 36722
20150216 36.66 38.22 38.88 35.72 35532
20150217 38.18 38.25 38.79 37.26 18750
20150225 38.06 39.80 41.12 38.00 31073
20150226 39.85 39.80 41.50 38.60 18712
20150227 39.50 39.60 40.13 38.90 11553
20150302 43.56 43.56 43.56 43.00 41458
20150303 45.00 47.92 47.92 44.55 27858
20150304 47.30 50.20 52.29 46.60 62637
20150305 49.77 51.19 54.20 48.33 31742
20150306 51.79 47.10 51.80 47.08 23621
20150309 46.80 50.13 50.99 46.80 21816
20150310 51.60 55.14 55.14 51.60 22543
20150311 55.50 56.50 58.55 52.26 39873
20150312 55.70 54.75 55.70 52.60 27392
20150313 54.59 54.99 55.49 51.80 26132
20150316 55.30 56.70 57.29 53.78 27701
20150317 56.20 58.39 59.47 55.01 31113
20150318 58.05 57.90 58.05 56.30 15827
20150319 57.00 57.19 57.96 55.22 13773
20150320 57.19 58.00 59.76 56.33 14459
20150323 57.97 58.81 59.62 55.90 29643
20150324 58.70 57.75 58.97 56.83 23598
20150325 57.85 63.53 63.53 57.85 31299
20150326 63.53 60.92 67.88 60.50 28425
20150327 60.90 61.80 62.58 59.01 13101
20150330 59.80 56.95 59.90 55.62 41571
20150331 56.95 57.98 58.98 56.88 21704
20150401 57.65 59.50 59.90 56.11 25879
20150402 59.59 63.82 65.01 59.59 26781
20150403 63.45 70.20 70.20 61.82 26014
20150407 72.33 76.20 76.50 70.80 22562
20150408 76.16 71.45 76.18 69.35 27595
20150409 69.49 71.19 72.02 65.02 30687
20150410 69.09 70.01 74.50 69.01 14042
20150413 71.93 69.99 71.93 68.00 19839
20150414 70.15 68.60 70.54 68.09 10181
20150415 68.60 66.35 70.80 62.33 22869
20150416 65.50 66.38 67.65 64.00 15361
20150417 66.37 66.38 67.28 64.00 15446
20150420 66.40 63.53 66.40 63.42 8142
20150421 63.01 66.27 66.30 62.52 15323
20150422 66.55 68.16 69.89 66.55 10966
20150423 69.10 71.33 71.85 68.00 20734
20150424 70.08 72.39 75.00 67.01 24809
20150427 72.36 70.34 73.36 70.00 12959
20150428 71.00 65.66 71.11 65.50 11759
20150429 65.66 68.59 69.39 63.50 20750
20150430 68.80 67.00 70.00 67.00 17563
20150504 66.77 67.77 69.00 64.50 11234
20150505 67.69 67.89 69.14 65.89 14387
20150506 68.02 68.00 71.18 66.50 22253
20150507 66.05 65.52 69.69 65.00 9728
20150508 66.00 69.73 69.99 65.52 13221
20150511 69.99 76.70 76.70 69.99 20750
20150512 76.99 84.00 84.37 76.99 23284
20150513 81.31 79.08 81.99 77.43 12938
20150514 79.26 80.49 82.00 78.00 12086
20150515 78.98 78.40 80.58 75.00 7426
20150518 78.39 82.90 84.00 75.62 17233
20150519 85.00 91.19 91.19 84.00 34025
20150520 95.00 99.38 100.31 92.07 19649
20150521 102.00 95.50 102.00 89.44 53869
20150522 92.01 93.20 94.18 87.30 35595
20150525 88.03 89.89 91.52 88.02 18130
20150526 89.96 91.50 93.63 89.76 24348
20150527 90.00 88.20 90.20 86.40 25395
20150528 88.00 87.10 96.00 87.00 33085
20150529 87.00 92.00 93.98 86.00 23593
20150601 92.58 101.20 101.20 90.00 23881
20150602 104.23 104.00 110.08 100.60 20312
20150603 104.87 100.10 104.87 97.50 15686
20150604 100.11 108.20 108.29 90.09 22906
20150605 118.70 116.00 118.70 109.00 28009
20150608 113.80 107.80 114.50 104.48 15147
20150609 105.62 103.92 109.98 102.00 8624
20150610 103.92 104.46 106.99 101.89 13559
20150611 104.55 106.88 113.00 103.00 10240
20150612 111.80 109.00 111.80 100.10 12582
20150615 108.00 107.50 112.80 105.61 12650
20150616 107.00 103.00 107.00 96.75 18781
20150617 106.00 108.00 108.99 98.33 26468
20150618 104.20 100.02 108.00 98.90 18473
20150619 97.25 94.80 99.00 90.10 16806
20150623 94.10 90.30 96.00 87.00 18732
20150624 92.20 90.25 93.00 89.01 22399
20150625 91.98 83.02 92.88 82.80 17396
20150626 76.00 74.72 81.00 74.72 12937
