20140102 7.34 7.59 7.60 7.25 72744
20140103 7.55 7.78 7.86 7.50 125168
20140106 7.80 7.46 7.83 7.45 96765
20140107 7.38 7.73 8.08 7.32 149280
20140108 7.76 7.83 8.02 7.70 121329
20140109 7.82 7.45 7.93 7.41 145687
20140408 7.86 7.11 7.86 6.90 471819
20140409 6.98 7.05 7.14 6.95 177809
20140410 7.07 7.04 7.12 6.94 182552
20140411 6.97 6.79 6.98 6.77 156584
20140414 6.80 7.00 7.03 6.76 138799
20140415 6.95 6.87 6.96 6.83 103788
20140416 6.85 6.88 6.91 6.81 59998
20140417 6.88 6.89 6.96 6.85 71483
20140418 6.84 6.73 6.88 6.67 129057
20140421 6.63 6.59 6.74 6.55 84059
20140422 6.56 6.52 6.67 6.41 71625
20140423 6.54 6.58 6.59 6.50 37548
20140424 6.56 6.42 6.56 6.36 63227
20140425 6.41 6.22 6.43 6.19 57525
20140428 6.20 5.75 6.20 5.75 80001
20140429 5.75 5.83 5.85 5.72 51376
20140430 5.85 5.91 5.98 5.78 51753
20140505 5.90 5.96 5.97 5.87 30367
20140506 5.98 5.98 6.05 5.96 41368
20140507 5.96 5.80 5.98 5.79 44024
20140508 5.77 5.79 5.88 5.76 41270
20140509 5.79 5.66 5.82 5.58 41372
20140512 5.70 5.82 5.84 5.68 54749
20140513 5.83 5.86 5.92 5.78 47990
20140514 5.85 5.83 5.88 5.79 28184
20140515 5.83 5.70 5.86 5.69 40437
20140516 5.65 5.48 5.68 5.39 63607
20140519 5.48 5.49 5.54 5.43 34788
20140520 5.52 5.49 5.58 5.48 37044
20140521 5.46 5.54 5.56 5.43 33440
20140522 5.55 5.55 5.63 5.54 41369
20140523 5.55 5.61 5.62 5.53 37193
20140526 5.63 5.68 5.69 5.59 47102
20140527 5.68 5.63 5.68 5.62 28979
20140528 5.64 5.70 5.73 5.61 45917
20140529 5.71 5.58 5.73 5.57 34432
20140530 5.60 5.67 5.72 5.55 50272
20140603 5.66 5.77 5.87 5.63 87861
20140604 5.70 5.84 6.00 5.70 117183
20140605 5.86 5.91 5.94 5.74 82268
20140606 5.80 5.92 5.97 5.80 57814
20140609 5.91 6.08 6.10 5.86 97480
20140610 6.07 6.04 6.14 6.01 83196
20140611 6.03 6.06 6.18 6.00 66740
20140612 6.06 5.90 6.06 5.89 76494
20140613 5.91 5.97 6.04 5.87 61077
20140616 6.00 6.04 6.08 5.96 54504
20140617 6.03 5.97 6.04 5.96 42133
20140618 5.95 5.80 5.95 5.77 64158
20140619 5.84 5.65 5.92 5.54 62211
20140620 5.68 5.71 5.72 5.63 28919
20140623 5.68 5.80 5.86 5.68 33881
20140624 5.84 5.79 5.85 5.77 24869
20140625 5.77 5.77 5.82 5.69 28479
20140626 5.75 5.86 5.88 5.71 54994
20140627 5.87 5.93 5.99 5.82 63662
20140630 5.91 6.02 6.08 5.88 78400
20140701 6.02 6.09 6.10 5.96 62050
20140702 6.10 6.32 6.37 6.03 147912
20140703 6.33 6.28 6.53 6.23 152189
20140704 6.31 6.30 6.40 6.21 70059
20140707 6.30 6.27 6.35 6.25 54998
20140708 6.27 6.33 6.39 6.23 80609
20140709 6.30 6.23 6.38 6.22 79396
20140710 6.23 6.30 6.31 6.21 39615
20140711 6.31 6.59 6.66 6.26 131561
20140714 6.58 6.61 6.72 6.53 62831
20140715 6.60 6.71 6.80 6.53 93702
20140716 6.69 6.68 6.76 6.59 54385
20140717 6.65 6.57 6.69 6.46 50323
20140718 6.58 6.86 6.99 6.53 133766
20140721 6.82 6.86 7.05 6.79 86489
20140722 6.90 6.85 7.00 6.73 113290
20140723 6.84 6.77 6.97 6.72 57802
20140724 6.72 6.94 7.22 6.72 231156
20140725 6.84 7.28 7.28 6.80 186644
20140728 7.28 7.47 7.51 7.15 207434
20140729 7.41 7.48 7.60 7.35 124838
20140730 7.47 7.50 7.55 7.35 77052
20140731 7.49 7.46 7.55 7.38 59930
20140801 7.45 7.36 7.49 7.30 84761
20140804 7.36 7.53 7.72 7.27 121548
20140805 7.45 7.58 7.64 7.40 73561
20140806 7.58 7.65 7.77 7.45 81307
20140807 7.67 7.41 7.81 7.36 98032
20140808 7.48 7.65 7.66 7.32 79073
20140811 7.69 7.55 7.77 7.53 103537
20140812 7.55 7.41 7.57 7.27 163238
20140813 7.41 7.46 7.60 7.30 86137
20140814 7.42 7.47 7.63 7.42 101348
20140815 7.50 7.67 7.70 7.42 105061
20140818 7.75 8.15 8.38 7.64 223071
20140819 8.14 8.50 8.50 8.02 190127
20140820 8.40 8.33 8.57 8.20 114739
20140821 8.31 8.68 9.07 8.31 206733
20140822 8.69 8.70 8.93 8.58 151033
20140825 8.55 8.35 8.72 8.19 160035
20140826 8.33 8.32 8.55 8.20 104728
20140827 8.30 8.24 8.44 8.16 70341
20140828 8.24 8.29 8.53 8.20 65226
20140829 8.35 8.50 8.59 8.26 134178
20140901 8.50 8.70 8.76 8.39 116860
20140902 8.67 8.80 8.89 8.58 167397
20140903 8.85 8.88 8.91 8.61 171529
20140904 8.79 8.80 8.93 8.76 89871
20140905 8.80 8.46 8.80 8.36 172771
20140909 8.46 8.57 8.65 8.34 95768
20140910 8.61 8.75 8.78 8.49 116098
20140911 8.78 8.65 8.86 8.60 115980
20140912 8.66 8.70 8.86 8.62 100600
20140915 8.67 8.52 8.72 8.49 152085
20140916 8.54 7.96 8.54 7.80 203695
20140917 7.90 7.95 8.07 7.74 89620
20140918 7.94 7.83 7.94 7.74 63347
20140919 7.83 8.00 8.06 7.77 98129
20140922 7.98 8.06 8.20 7.85 112397
20140923 8.06 8.07 8.17 7.96 70158
20140924 8.06 8.24 8.27 7.97 143043
20140925 8.24 8.23 8.38 8.09 114681
20140926 8.19 8.26 8.30 8.16 82061
20140929 8.26 8.54 8.55 8.26 138606
20140930 8.62 8.53 8.65 8.45 62171
20141008 8.53 8.44 8.53 8.34 79784
20141009 8.44 8.37 8.50 8.27 85639
20141010 8.36 8.42 8.48 8.30 73089
20141013 8.42 8.14 8.42 8.06 100443
20141014 8.14 8.13 8.20 8.06 72338
20141015 8.15 8.17 8.22 8.11 57370
20141016 8.17 8.15 8.19 7.95 130703
20141017 8.08 8.01 8.14 7.71 67537
20141020 7.99 8.17 8.17 7.95 63606
20141021 8.18 8.09 8.20 8.08 57361
20141022 8.11 8.38 8.47 8.09 157665
20141023 8.33 8.38 8.59 8.23 114217
20141024 8.40 8.76 8.79 8.36 191538
20141027 8.60 8.78 8.80 8.56 139786
20141028 8.78 9.13 9.19 8.76 261359
20141029 9.12 9.32 9.38 9.05 202062
20141030 9.32 9.43 9.49 9.15 201382
20141031 9.35 9.25 9.44 9.15 104356
20141103 9.21 9.50 9.81 9.07 153222
20141104 9.50 9.48 9.62 9.27 68715
20141105 9.39 9.30 9.64 9.30 53050
20141106 9.20 9.31 9.40 9.03 86443
20141107 9.31 9.10 9.38 9.07 74301
20141110 9.05 9.20 9.27 8.90 68373
20141111 9.20 8.67 9.20 8.45 120516
20141112 8.64 8.78 8.82 8.53 61533
20141113 8.78 8.28 8.89 8.10 110424
20141114 8.22 8.34 8.51 7.99 75421
20141117 8.35 8.37 8.50 8.33 64666
20141118 8.37 8.40 8.45 8.33 39433
20141119 8.40 8.59 8.68 8.39 94168
20141120 8.57 8.56 8.70 8.50 54237
20141121 8.56 8.53 8.64 8.40 63822
20141124 8.59 8.50 8.63 8.43 70006
20141125 8.50 8.70 8.77 8.48 92637
20141126 8.70 8.55 8.75 8.47 94474
20141127 8.54 9.05 9.08 8.50 157764
20141128 9.05 8.89 9.05 8.79 124888
20141201 8.91 8.65 8.97 8.60 80350
20141202 8.54 8.75 9.11 8.51 104406
20141203 8.72 8.80 8.85 8.60 76983
20141204 8.80 8.88 8.98 8.75 123973
20141205 8.81 8.38 8.87 8.19 177165
20141208 8.30 7.90 8.31 7.88 194604
20141209 7.90 7.30 7.95 7.18 228290
20141210 7.30 7.66 7.77 6.79 122665
20141211 7.56 7.91 8.15 7.52 137236
20141212 7.95 7.94 8.03 7.80 78621
20141215 7.93 8.09 8.20 7.84 98210
20141216 8.08 7.98 8.12 7.90 73657
20141217 7.78 7.50 8.02 7.36 167349
20141218 7.55 7.32 7.55 7.28 127294
20141219 7.33 7.65 7.66 7.00 158512
20141222 7.57 7.28 7.75 7.10 90264
20141223 7.26 7.12 7.45 7.08 53163
20141224 7.24 7.30 7.36 7.15 42860
20141225 7.30 7.31 7.42 7.25 46006
20141226 7.32 7.35 7.44 7.21 110770
20141229 7.57 7.39 7.57 7.35 78718
20141230 7.40 7.26 7.47 7.14 48909
20141231 7.21 7.48 7.64 7.19 75531
20150105 7.49 7.87 8.11 7.38 197206
20150106 7.85 8.08 8.18 7.66 134819
20150107 8.04 8.06 8.23 7.85 125738
20150108 8.04 7.89 8.19 7.89 60742
20150109 7.89 8.03 8.22 7.76 154893
20150112 8.10 8.12 8.17 8.03 191412
20150113 8.14 8.08 8.19 8.05 63999
20150114 8.08 8.10 8.17 8.01 106030
20150115 8.13 8.39 8.50 8.06 198085
20150116 8.34 9.00 9.02 8.34 209232
20150119 8.76 8.87 9.36 8.55 173420
20150120 8.87 9.76 9.76 8.87 258735
20150121 9.76 9.79 9.97 9.61 210776
20150122 9.70 9.81 9.87 9.64 155431
20150123 9.79 10.79 10.79 9.61 316744
20150126 10.75 10.77 11.48 10.42 237162
20150127 10.78 11.21 11.27 10.61 170496
20150128 11.07 11.32 11.43 11.02 230254
20150129 11.32 11.09 11.37 10.63 277424
20150130 11.09 10.70 11.09 10.52 124718
20150202 10.68 10.99 11.02 10.45 85201
20150203 10.96 11.25 11.31 10.96 66502
20150204 11.36 11.24 11.80 11.22 72591
20150205 11.28 11.21 11.49 11.05 71790
20150206 11.11 11.10 11.38 11.00 48345
20150209 11.10 11.00 11.30 10.92 50942
20150210 11.00 11.67 11.95 11.00 114831
20150211 11.74 11.75 11.94 11.49 69660
20150212 11.78 11.80 12.13 11.67 110825
20150213 11.80 12.33 12.63 11.80 100264
20150216 12.46 12.33 12.73 12.10 74667
20150217 12.43 12.32 12.45 12.16 30651
20150225 12.30 12.50 12.64 12.00 54625
20150226 12.50 12.69 12.73 12.30 40028
20150227 12.66 12.62 12.92 12.46 54249
20150302 12.60 12.95 13.24 12.60 69720
20150303 12.87 12.77 13.06 12.60 52124
20150304 12.78 12.83 12.94 12.30 55363
20150305 13.08 12.80 13.36 12.61 97960
20150306 12.88 12.85 13.00 11.99 102215
20150309 12.77 12.98 13.20 12.54 48330
20150310 12.97 12.91 13.22 12.90 47049
20150311 12.85 12.90 13.02 12.45 60185
20150312 12.90 12.64 12.93 12.60 35352
20150313 12.64 13.03 13.60 12.50 57926
20150316 13.00 13.04 13.50 12.78 102094
20150317 13.20 13.19 13.44 13.04 81626
20150318 13.40 14.00 14.08 13.28 133285
20150319 14.00 14.37 15.19 13.91 156576
20150320 14.32 14.26 14.60 14.10 77495
20150323 14.26 14.78 14.98 14.21 99648
20150324 14.75 15.46 15.68 14.46 167382
20150325 15.45 15.81 16.28 15.14 142939
20150326 15.76 14.88 16.10 14.80 168430
20150327 14.95 14.79 15.10 14.18 109933
20150330 15.26 15.30 15.35 14.63 144671
20150331 15.25 15.54 15.89 15.20 91608
20150401 15.55 16.25 16.28 15.31 97635
20150402 16.50 17.51 17.51 16.25 135962
20150403 17.31 18.68 19.10 17.14 140618
20150407 18.50 18.70 18.82 17.95 100889
20150408 18.32 18.72 18.99 17.68 131401
20150409 18.60 17.93 18.78 17.26 101631
20150410 17.79 18.30 18.55 17.50 189731
20150413 18.05 18.61 19.17 18.05 127531
20150414 18.61 18.77 19.70 18.58 82557
20150415 18.77 18.01 18.77 17.31 79882
20150416 17.80 17.80 18.44 17.00 78438
20150420 18.47 17.28 18.47 16.95 127427
20150421 17.33 17.68 17.70 17.33 66037
20150422 17.81 18.00 18.56 17.80 74464
20150423 17.98 17.81 18.20 17.65 85849
20150424 17.50 17.22 17.99 17.05 64354
20150427 17.45 17.36 17.89 17.20 76233
20150428 17.34 17.00 17.50 16.23 55050
20150429 16.90 17.58 17.77 16.90 47624
20150430 17.46 17.89 18.48 17.42 68528
20150504 18.21 19.58 19.68 18.01 148147
20150505 19.88 20.75 21.15 19.68 140791
20150506 21.00 20.19 22.00 20.05 79670
20150507 20.00 20.56 21.11 19.95 67075
20150508 20.62 22.11 22.19 20.62 89973
20150511 22.41 22.55 23.16 22.22 85383
20150512 22.61 23.52 23.94 22.38 123984
20150513 23.00 22.95 23.30 22.01 102576
20150514 23.00 23.19 23.92 22.88 109691
20150515 23.19 23.99 25.19 22.39 130021
20150518 23.53 23.73 23.97 23.39 79174
20150519 23.47 23.62 24.28 23.00 63665
20150520 23.69 24.40 24.90 23.61 94888
20150521 13.88 14.71 14.82 12.85 330232
20150522 14.71 14.64 15.57 14.21 309145
20150525 14.30 14.83 15.00 13.61 244207
20150526 14.99 15.20 15.30 14.73 211684
20150527 15.50 16.72 16.72 15.28 287351
20150528 17.00 15.05 17.15 15.05 520282
20150529 14.25 14.01 14.68 13.55 496422
20150601 14.06 14.37 14.55 13.71 341610
20150602 14.32 14.80 14.80 14.10 426850
20150603 14.81 15.29 15.55 14.52 333431
20150604 15.37 14.94 15.37 14.18 228757
20150605 15.10 15.68 15.75 14.45 719946
20150608 15.90 15.11 15.98 14.89 291871
20150609 15.08 14.64 15.25 14.48 216071
20150610 14.64 15.00 15.17 14.49 202689
20150611 15.00 15.50 15.90 15.00 359991
20150612 15.65 15.44 15.80 15.29 232894
20150615 15.45 14.94 15.61 14.89 254525
20150616 14.90 14.17 14.90 13.98 167399
20150617 14.15 15.10 15.30 13.59 192551
20150618 15.30 15.15 15.89 15.00 326716
20150619 14.90 14.00 14.99 13.80 176590
20150623 14.03 14.33 14.70 12.60 165993
20150624 14.50 14.73 14.92 14.02 178813
20150625 14.70 14.05 14.80 13.89 140484
20150626 13.66 12.65 13.66 12.65 176239
