20140102 18.85 19.03 19.15 18.68 9535
20140103 19.00 18.63 19.00 18.59 8678
20140106 18.50 18.09 19.05 18.09 7626
20140107 18.00 18.52 18.56 17.71 8460
20140108 18.55 18.97 19.43 18.55 19677
20140109 19.17 17.93 19.18 17.80 11160
20140110 17.80 16.57 18.09 16.41 21863
20140113 16.40 16.68 17.13 16.15 15246
20140114 16.53 17.17 17.41 16.51 6979
20140115 17.01 17.19 17.24 16.75 9797
20140116 17.19 17.02 17.30 16.99 8517
20140117 16.99 16.99 17.12 16.80 4483
20140120 16.61 16.95 17.19 16.61 8154
20140121 17.08 18.65 18.65 17.03 14856
20140122 18.98 19.35 19.45 18.00 33585
20140123 19.34 20.04 20.45 19.15 24764
20140124 19.79 20.57 20.85 19.70 17105
20140127 20.23 21.65 22.28 20.23 19349
20140128 21.67 21.61 22.05 20.75 15156
20140129 21.43 21.55 22.00 21.00 10567
20140130 21.41 21.15 21.41 20.75 6155
20140207 20.71 21.92 22.19 20.67 9031
20140210 21.71 21.61 22.00 21.08 20271
20140211 21.59 21.65 21.74 21.13 12420
20140212 21.55 21.52 21.78 21.15 9880
20140213 21.52 20.79 23.30 20.60 26899
20140214 20.60 20.79 21.00 19.87 17297
20140217 20.95 21.21 21.39 20.63 9060
20140218 21.21 20.79 21.23 20.50 11051
20140219 20.79 20.15 20.91 19.80 17815
20140220 20.15 19.74 20.18 19.31 15142
20140221 19.51 20.02 20.07 19.46 9161
20140224 19.90 20.42 20.72 19.70 8832
20140225 20.42 19.26 20.63 19.09 15464
20140226 19.07 19.62 19.64 18.60 19127
20140227 19.62 19.79 20.50 19.62 20024
20140228 19.98 20.17 20.28 19.40 6005
20140303 20.27 20.33 20.56 20.19 9193
20140304 20.68 22.07 22.36 20.41 36737
20140305 22.07 21.60 22.07 21.35 13449
20140306 21.60 20.48 22.54 20.00 23038
20140307 20.60 20.29 20.60 19.85 13378
20140310 20.28 19.80 20.67 19.80 14285
20140311 19.80 20.15 20.17 19.40 5917
20140312 19.88 19.61 20.15 19.43 6056
20140313 19.60 19.19 19.96 19.11 11760
20140314 19.19 19.11 19.20 18.61 11917
20140317 19.12 19.84 19.95 18.89 12037
20140318 19.84 19.84 20.07 19.60 12318
20140319 19.85 20.12 20.56 19.64 12640
20140320 20.00 18.90 20.36 18.63 14318
20140321 18.63 19.20 19.20 18.00 13454
20140324 19.30 18.36 19.30 18.18 18217
20140325 18.19 18.65 18.69 17.90 17726
20140326 19.08 19.35 19.96 18.91 21864
20140327 19.23 18.87 19.48 18.69 10498
20140328 19.08 18.48 19.30 17.93 6773
20140331 18.47 18.53 18.66 18.16 2824
20140401 18.31 17.18 18.31 16.92 26591
20140402 17.18 16.74 17.19 16.46 24435
20140403 16.74 16.80 17.08 16.56 11143
20140404 16.80 17.25 17.35 16.74 9466
20140408 17.11 17.09 17.20 16.91 12061
20140409 17.18 17.35 17.59 17.10 10565
20140410 17.26 17.28 17.87 17.26 11359
20140411 17.28 17.09 17.28 16.90 5642
20140414 17.25 17.30 17.38 17.10 5057
20140415 17.28 17.17 17.48 17.00 9225
20140416 17.07 17.07 17.29 17.00 5594
20140417 17.14 17.90 18.00 17.02 14845
20140418 18.06 17.80 18.08 17.67 6547
20140421 17.71 17.76 17.96 17.50 10992
20140422 17.76 17.58 18.10 17.32 5475
20140423 17.58 17.43 17.70 17.36 3971
20140424 17.49 17.56 17.74 17.41 2908
20140425 17.50 16.43 17.66 15.80 12598
20140428 16.11 15.66 16.39 15.60 6601
20140429 15.78 15.79 15.82 15.24 7195
20140430 15.95 16.33 16.47 15.78 6003
20140505 16.34 16.41 16.79 16.10 4803
20140506 16.40 16.46 16.73 16.16 5781
20140507 16.32 15.90 16.40 15.65 5624
20140508 15.76 15.83 16.55 15.72 9135
20140509 15.84 15.47 15.86 15.32 5319
20140512 15.87 15.71 15.87 15.23 16667
20140513 15.65 15.69 15.83 15.60 12165
20140514 15.51 15.54 15.85 15.39 8978
20140515 15.58 14.90 15.77 14.67 16186
20140516 14.60 14.48 15.16 14.05 21972
20140519 14.43 14.88 15.10 14.16 20865
20140520 15.13 14.90 15.49 14.80 10230
20140521 14.90 15.18 15.25 14.68 5136
20140522 15.37 15.45 15.65 15.20 12696
20140523 15.45 15.80 15.83 15.30 9516
20140526 15.99 15.87 16.10 15.66 13186
20140527 15.86 15.74 16.00 15.69 6968
20140528 15.79 16.05 16.22 15.74 10462
20140529 16.19 15.66 16.19 15.60 8630
20140530 15.70 15.95 16.04 15.58 9627
20140603 16.01 16.29 16.64 15.87 15748
20140604 16.06 16.18 16.47 15.95 10587
20140605 16.17 16.30 16.51 16.01 7673
20140606 16.37 16.14 16.40 16.03 7522
20140609 16.26 16.45 16.55 16.10 9254
20140610 16.43 16.85 16.95 16.40 9414
20140611 16.83 16.83 16.95 16.61 6098
20140612 16.73 16.92 17.01 16.71 4384
20140613 17.13 17.44 17.46 16.85 8401
20140616 17.50 17.68 17.80 17.28 8377
20140617 17.88 17.22 17.88 17.16 8415
20140618 17.40 17.02 17.44 16.96 6299
20140619 17.09 17.20 17.81 17.02 14095
20140620 17.27 18.35 18.65 17.21 22367
20140623 18.37 18.55 18.85 18.22 16708
20140624 18.59 19.48 19.66 18.51 38931
20140625 19.48 19.06 19.48 18.82 20015
20140626 19.80 19.14 19.80 18.66 87775
20140627 19.00 18.61 19.40 18.50 56178
20140630 18.70 20.39 20.47 18.70 86518
20140701 20.18 19.95 20.23 19.75 38463
20140702 20.10 20.07 20.33 19.66 44942
20140703 19.93 19.90 20.06 19.74 30668
20140704 20.01 19.96 20.46 19.62 34057
20140707 19.90 20.07 20.27 19.58 27347
20140708 20.78 20.33 20.78 20.02 42311
20140709 20.26 19.88 20.48 19.88 29380
20140710 19.62 19.85 20.20 19.60 23499
20140711 20.00 19.88 20.22 19.77 18644
20140714 19.80 20.03 20.18 19.78 17531
20140715 20.07 19.78 20.29 19.42 21677
20140716 19.64 18.75 19.70 18.52 35646
20140717 18.70 18.45 18.78 18.30 20572
20140718 18.45 18.79 18.99 18.41 25281
20140721 18.70 18.46 18.70 18.40 17716
20140722 18.49 19.11 19.25 18.41 26752
20140723 19.08 18.95 19.11 18.68 15544
20140724 18.88 18.80 19.27 18.55 15197
20140725 18.66 18.84 18.96 18.60 9820
20140728 18.92 19.00 19.13 18.52 17745
20140729 19.00 19.63 19.88 18.94 40202
20140730 19.67 19.47 19.67 19.35 22985
20140731 19.47 19.55 19.68 19.40 18300
20140801 19.56 19.92 20.28 19.43 30874
20140804 19.80 20.42 20.97 19.69 46021
20140805 20.30 20.69 20.79 19.95 60057
20140806 20.45 20.26 20.78 20.02 69449
20140807 20.16 19.64 20.39 19.41 66311
20140808 19.63 19.67 20.25 19.52 67661
20140811 19.67 19.73 20.06 19.63 59343
20140812 19.81 19.61 19.87 19.51 24010
20140813 19.64 19.81 20.24 19.57 68954
20140814 19.77 19.65 20.13 19.61 33909
20140815 19.66 20.32 20.67 19.64 87342
20140818 20.37 20.61 20.86 20.21 74767
20140819 20.54 20.25 20.70 20.10 44344
20140820 20.20 20.17 20.46 20.13 30525
20140821 20.16 20.36 20.44 20.03 32318
20140822 20.36 20.53 20.67 20.29 37919
20140826 20.30 19.00 20.84 18.73 100960
20140827 18.69 18.63 18.96 18.52 43653
20140828 18.62 18.65 18.93 18.47 22520
20140829 18.55 18.63 18.75 18.26 26795
20140901 18.65 18.96 19.04 18.64 32666
20140902 19.00 19.38 19.39 19.00 33240
20140903 19.40 19.47 19.48 19.23 30912
20140904 19.51 19.88 19.94 19.41 39534
20140905 19.91 20.04 20.13 19.75 33447
20140909 20.15 20.55 20.66 20.00 42570
20140910 20.43 20.48 20.54 20.21 27263
20140911 20.45 20.38 20.94 20.16 48155
20140912 20.50 20.75 20.81 20.13 35820
20140915 20.95 21.27 21.50 20.72 64284
20140916 22.10 21.15 22.80 21.00 99723
20140917 21.16 20.84 21.39 20.23 46275
20140918 20.70 20.62 21.20 20.53 37274
20140919 20.58 20.58 20.80 20.41 49851
20140922 10.30 9.90 10.43 9.90 71255
20140923 9.97 10.17 10.17 9.83 73061
20140924 10.15 10.25 10.39 10.02 86441
20140925 10.28 10.51 10.75 10.20 120374
20140926 10.40 10.44 10.59 10.38 77442
20140929 10.44 10.41 10.54 10.28 73613
20140930 10.49 10.48 10.53 10.32 63011
20141008 10.48 10.78 10.82 10.38 96870
20141009 10.72 10.74 10.83 10.51 94817
20141010 10.66 10.60 10.72 10.51 61889
20141013 10.51 10.34 10.59 10.12 80049
20141014 10.34 10.25 10.46 10.20 56830
20141015 10.32 10.29 10.40 10.19 51178
20141016 10.26 10.13 10.36 10.13 66411
20141017 9.98 9.86 10.13 9.70 72268
20141020 9.83 10.04 10.04 9.83 39809
20141021 10.09 9.92 10.12 9.90 41413
20141022 9.94 9.97 10.17 9.90 50531
20141023 9.96 9.79 10.00 9.79 42839
20141024 9.85 9.83 9.95 9.72 25386
20141027 9.80 9.69 9.84 9.50 33831
20141028 9.72 10.05 10.08 9.71 51188
20141029 10.05 10.19 10.21 10.05 67373
20141030 10.21 10.03 10.25 10.00 54824
20141031 10.00 9.86 10.10 9.76 60888
20141103 9.86 10.01 10.06 9.83 54482
20141104 10.01 9.89 10.07 9.88 43294
20141105 9.89 9.89 9.96 9.80 40590
20141106 9.91 10.12 10.14 9.88 53695
20141107 10.15 10.10 10.22 10.01 74904
20141127 10.45 11.11 11.11 10.41 306912
20141128 11.14 10.85 11.41 10.55 402245
20141201 10.69 10.34 10.69 10.26 158398
20141202 10.36 10.45 10.60 10.36 98512
20141203 10.46 10.44 10.50 10.20 120448
20141204 10.46 10.45 10.51 10.33 136392
20141205 10.44 10.07 10.44 9.90 125732
20141208 10.00 9.89 10.00 9.83 85786
20141209 9.85 9.71 10.09 9.60 91731
20141210 9.76 10.18 10.18 9.71 115650
20141211 10.19 10.51 10.65 10.07 169966
20141212 10.52 10.41 10.55 10.28 84543
20141215 10.34 10.62 10.64 10.28 109190
20141216 10.75 10.44 10.80 10.42 87473
20141217 10.46 10.53 10.56 10.28 81235
20141218 10.51 10.41 10.76 10.39 76641
20141219 10.33 10.29 10.43 10.05 79168
20141222 10.26 9.90 10.26 9.58 81834
20141223 9.78 9.86 9.99 9.70 35023
20141224 9.86 10.00 10.06 9.86 35101
20141225 10.00 10.08 10.18 9.91 36125
20141226 10.09 10.13 10.17 10.06 34213
20141229 10.09 9.85 10.09 9.76 54294
20141230 9.80 9.85 9.90 9.69 49255
20141231 9.80 10.33 10.33 9.76 73832
20150105 10.29 10.23 10.45 10.12 76128
20150106 10.13 10.33 10.44 10.02 74262
20150107 10.29 10.23 10.38 10.13 47236
20150108 10.25 10.25 10.31 10.09 41139
20150109 10.18 10.08 10.25 9.95 55797
20150112 9.97 9.99 10.13 9.85 25502
20150113 9.90 10.00 10.05 9.90 28034
20150114 10.00 10.04 10.18 9.95 35917
20150115 10.04 10.28 10.43 9.99 77376
20150116 10.24 10.62 10.70 10.18 122736
20150119 10.60 10.82 11.08 10.26 205135
20150120 10.80 11.05 11.09 10.74 145329
20150121 11.06 11.02 11.15 10.89 120469
20150122 11.00 11.28 11.39 10.78 217143
20150123 11.29 11.02 11.35 10.75 168409
20150126 10.87 11.03 11.10 10.82 138550
20150127 11.03 12.13 12.13 10.99 328522
20150128 12.20 12.05 12.40 11.62 218228
20150129 11.90 12.11 12.39 11.77 140971
20150130 12.11 12.15 12.36 11.92 97051
20150202 12.10 12.53 12.86 11.85 198948
20150203 12.47 12.55 12.67 12.38 118139
20150204 12.54 12.16 12.83 12.12 134865
20150205 12.40 12.00 12.43 11.99 99399
20150206 11.98 12.18 12.24 11.62 109457
20150209 12.18 12.14 12.34 11.78 79808
20150210 12.00 11.98 12.10 11.78 65151
20150211 12.06 12.45 12.52 11.88 86468
20150212 12.47 12.34 12.60 12.25 67211
20150213 12.34 12.35 12.59 12.27 80751
20150216 12.30 12.81 13.10 12.25 144471
20150217 12.78 13.17 13.37 12.73 98364
20150225 13.16 13.18 13.50 12.98 91062
20150226 13.15 12.95 13.45 12.86 93718
20150227 12.90 12.93 13.05 12.71 74179
20150302 12.92 13.10 13.15 12.80 93576
20150303 13.05 12.98 13.34 12.90 97007
20150304 12.92 12.97 13.06 12.81 76958
20150305 13.00 12.83 13.04 12.60 91418
20150306 12.83 12.60 12.88 12.42 96171
20150309 12.57 12.72 12.88 12.40 43772
20150310 12.69 12.75 12.85 12.62 47221
20150311 12.67 12.69 12.90 12.56 60056
20150312 12.55 12.20 12.65 12.04 102131
20150313 12.24 12.25 12.47 12.22 62021
20150316 12.34 12.55 12.68 12.22 145123
20150317 12.58 12.80 12.85 12.46 122043
20150318 12.80 13.32 13.35 12.67 188695
20150319 13.15 13.23 13.55 13.10 165290
20150320 13.24 13.29 13.39 13.07 132598
20150323 13.28 13.59 13.80 13.27 146542
20150324 13.60 14.24 14.49 13.45 259341
20150325 14.14 14.18 14.45 13.81 145345
20150326 14.16 13.47 14.16 13.31 138860
20150327 13.61 13.63 13.73 13.21 89555
20150330 13.78 13.46 13.81 13.36 88404
20150331 13.38 13.87 13.87 13.21 129764
20150401 13.80 14.10 14.17 13.75 122787
20150402 14.20 14.27 14.34 13.80 136258
20150403 14.05 14.16 14.28 13.91 128475
20150407 14.20 14.72 14.84 14.16 167362
20150408 14.75 14.09 14.75 13.80 153784
20150409 13.96 14.44 14.67 13.15 176225
20150410 14.20 15.57 15.88 13.94 276340
20150413 15.34 15.54 16.50 15.27 217865
20150414 15.50 15.58 15.95 15.20 136870
20150415 15.57 15.77 16.40 15.34 206290
20150416 15.51 16.65 16.85 15.21 178006
20150417 16.77 15.96 16.77 15.95 174254
20150420 15.90 15.12 15.90 14.85 161694
20150421 15.12 15.51 15.66 15.05 85063
20150422 15.51 15.82 15.97 15.48 106969
20150423 15.90 15.47 15.91 15.38 123001
20150424 15.20 15.40 15.45 15.01 83628
20150427 15.45 15.88 16.35 15.45 136140
20150428 16.00 15.32 16.05 15.19 87717
20150429 15.20 15.43 15.68 15.16 66099
20150430 15.48 15.63 15.90 15.42 99654
20150504 15.59 16.17 16.18 15.50 104796
20150505 16.09 15.37 16.30 15.17 83646
20150506 15.38 14.66 15.67 14.55 95287
20150507 14.58 14.00 14.58 13.98 72610
20150508 14.38 14.62 14.70 14.10 76180
20150511 14.73 15.21 15.29 14.55 87074
20150512 15.12 15.28 15.84 15.12 126882
20150513 15.30 14.81 15.38 14.73 106535
20150514 14.90 15.81 15.95 14.70 157670
20150515 15.88 16.84 17.35 15.85 240464
20150518 17.10 17.42 17.70 16.91 164612
20150519 17.52 17.30 17.65 16.68 122166
20150520 17.25 17.42 18.18 17.25 139888
20150521 17.37 17.77 18.00 17.37 102425
20150522 17.86 17.38 18.40 16.88 139991
20150525 17.00 19.12 19.12 16.80 208255
20150526 19.60 20.48 20.88 19.60 154805
20150527 20.65 21.63 22.22 20.00 180493
20150528 21.63 21.39 23.59 21.39 194781
20150529 21.30 22.23 22.40 19.98 170785
20150601 22.10 23.15 23.45 21.88 108635
20150602 23.08 24.33 24.47 22.81 226690
20150603 24.33 22.86 24.33 22.00 163230
20150604 22.60 21.97 23.20 20.57 122785
20150605 22.40 22.70 23.27 21.41 196485
20150608 22.50 21.58 22.50 20.78 112111
20150609 21.00 20.75 21.47 20.60 79671
20150610 20.85 21.13 21.60 20.42 83062
20150611 21.15 22.17 22.84 21.04 130472
20150612 22.30 22.22 22.50 21.71 81972
20150615 22.24 22.58 22.86 21.75 91739
20150616 22.30 20.43 22.30 20.43 99743
20150617 20.02 21.30 21.30 19.81 85143
20150618 22.35 20.98 22.35 20.10 91492
20150619 20.00 19.30 20.70 18.89 85768
20150623 19.29 18.51 19.76 17.39 71185
20150624 18.73 18.57 19.25 17.80 72250
20150625 18.56 18.05 18.95 17.56 87797
20150626 17.31 16.25 17.50 16.25 78416
20150629 16.57 14.63 16.57 14.63 66228
20150630 13.17 15.24 15.86 13.17 207532
20150701 14.55 13.72 15.48 13.72 139580
20150702 13.00 12.35 13.42 12.35 125094
20150703 11.30 11.12 12.20 11.12 166410
20150706 11.78 10.01 12.05 10.01 222597
20150707 9.05 9.01 9.10 9.01 44714
20150714 9.91 9.91 9.91 9.91 8575
20150715 10.90 10.26 10.90 10.13 449804
20150716 10.25 11.17 11.29 9.29 345983
20150717 11.22 12.29 12.29 11.22 230033
20150720 12.72 12.48 13.05 12.00 300825
20150721 12.18 12.69 12.99 11.93 209766
20150722 12.45 12.86 13.19 12.41 194914
20150723 12.85 13.80 13.98 12.60 213448
20150724 13.66 13.49 14.50 13.20 207129
20150727 13.15 12.14 13.65 12.14 184505
20150728 11.14 10.93 12.09 10.93 239963
20150729 11.10 12.00 12.02 10.51 193799
20150730 11.70 11.66 12.51 11.58 222448
