20150123 21.23 23.16 23.16 21.23 93
20150126 25.48 25.48 25.48 25.48 17
20150127 28.03 28.03 28.03 28.03 35
20150128 30.83 30.83 30.83 30.83 108
20150129 33.91 33.91 33.91 33.91 73
20150130 37.30 37.30 37.30 37.30 322
20150202 41.03 41.03 41.03 41.03 726
20150203 45.13 45.13 45.13 45.13 540
20150204 49.64 49.64 49.64 49.64 700
20150205 54.60 54.60 54.60 54.60 2026
20150206 60.06 49.17 60.06 49.14 67185
20150209 47.37 44.87 47.88 44.71 32588
20150210 44.99 46.12 47.33 44.99 20493
20150211 46.15 46.44 47.50 45.50 15670
20150212 46.45 47.93 49.13 46.20 21163
20150213 48.16 48.45 49.25 48.01 20868
20150216 48.46 48.78 49.25 47.51 18045
20150217 48.41 47.77 48.80 47.75 12491
20150225 47.98 46.69 48.07 46.60 8794
20150226 46.69 49.25 50.36 46.61 20483
20150227 48.51 48.61 48.94 48.01 12380
20150302 50.63 53.47 53.47 50.26 29760
20150303 53.88 51.90 54.00 51.67 23105
20150304 51.33 52.20 52.70 50.90 21059
20150305 51.92 51.41 51.99 50.81 11750
20150306 51.41 49.80 51.78 49.67 12489
20150309 49.53 50.50 50.88 48.95 8542
20150310 50.23 52.45 52.75 49.50 14572
20150311 52.10 51.61 52.71 51.48 8640
20150312 51.40 50.00 51.87 46.45 7466
20150313 50.20 52.28 52.80 50.02 8887
20150316 52.70 53.61 54.14 52.08 13836
20150317 53.57 55.35 56.90 53.10 17807
20150318 54.75 56.08 56.88 54.36 13436
20150319 55.64 57.09 57.87 55.51 14083
20150320 57.20 58.66 60.09 57.09 16607
20150323 58.71 61.42 62.15 58.60 16591
20150324 61.20 60.70 63.48 55.55 22820
20150325 60.00 62.75 63.48 59.00 19210
20150326 61.51 59.58 62.49 57.73 15564
20150327 58.78 60.01 60.47 58.66 7625
20150330 60.04 58.89 61.50 58.02 9413
20150331 58.30 58.90 59.84 58.30 6126
20150401 58.91 59.86 60.25 58.68 8684
20150402 60.24 61.98 62.40 59.90 14635
20150403 61.55 64.19 64.65 61.23 14642
20150407 65.50 67.66 67.88 64.01 12465
20150408 67.65 65.11 68.35 63.50 13150
20150409 65.13 66.80 66.88 61.01 13545
20150410 66.00 70.31 71.93 65.20 12003
20150413 70.37 74.57 74.90 68.75 11894
20150414 74.58 73.18 76.88 71.33 10641
20150415 71.34 67.98 73.15 65.86 14310
20150416 64.50 68.02 69.36 64.10 10910
20150417 68.88 67.63 69.30 66.72 7682
20150420 67.00 65.50 68.35 65.14 7963
20150421 64.50 69.40 70.35 64.50 13806
20150422 69.20 70.18 71.87 68.10 11618
20150423 70.10 70.00 71.75 69.00 8520
20150424 68.80 71.94 72.00 68.60 14177
20150427 72.13 70.79 72.80 69.20 15184
20150428 70.79 68.74 71.00 68.01 9207
20150429 68.33 71.54 71.69 68.02 10088
20150430 71.56 70.30 73.50 70.30 10703
20150504 69.70 68.81 70.29 68.16 7296
20150505 68.89 68.96 69.80 68.16 6252
20150506 66.81 70.90 71.00 66.81 11819
20150507 70.33 68.50 70.44 67.10 7839
20150508 68.74 75.20 75.30 68.74 18062
20150511 76.20 82.20 82.72 74.12 20412
20150512 80.89 80.70 82.49 77.50 16163
20150513 78.13 78.90 81.40 77.50 10420
20150514 79.06 84.00 84.82 79.06 15151
20150515 82.88 88.00 91.98 81.60 13805
20150518 88.50 96.80 96.80 88.50 16568
20150519 103.98 94.36 103.98 91.71 13764
20150520 93.99 95.78 102.00 93.99 10762
20150521 96.30 100.00 100.00 94.28 9905
20150522 101.80 98.96 102.50 90.00 13540
20150525 95.18 102.60 105.00 94.08 10757
20150526 102.12 112.86 112.86 102.10 6746
20150527 123.99 124.15 124.15 120.10 9379
20150528 136.55 131.10 136.57 130.00 32417
20150529 125.01 127.70 134.00 117.99 24021
20150601 126.38 128.18 131.50 124.30 13708
20150602 128.18 130.25 134.48 124.68 11694
20150603 128.00 136.86 139.77 127.30 14383
20150604 134.00 126.40 135.94 123.17 15442
20150605 127.80 138.00 138.52 114.50 21138
20150608 132.00 126.20 133.88 124.02 18300
20150609 123.88 119.53 125.55 115.80 8238
20150610 116.00 123.32 124.59 115.52 8813
20150611 123.12 124.35 128.15 122.05 6981
20150612 124.80 123.98 127.50 122.09 6309
20150615 119.18 120.00 123.50 111.58 14081
20150616 117.07 115.80 119.00 113.02 6145
20150617 114.91 119.81 122.50 109.51 8216
20150618 116.00 119.00 125.55 116.00 10044
20150619 110.70 107.10 119.79 107.10 8559
20150623 104.20 107.86 108.99 98.15 7515
20150624 103.80 106.52 111.92 103.80 8598
20150625 106.99 98.99 107.58 96.99 6515
20150626 94.00 89.09 97.66 89.09 8792
20150629 88.00 80.18 88.00 80.18 7887
20150630 72.30 80.88 83.27 72.16 11652
20150701 78.50 72.79 84.06 72.79 12404
20150702 72.00 65.52 72.85 65.52 12496
20150703 64.00 66.00 72.07 58.97 17451
20150706 72.60 59.45 72.60 59.40 15622
20150707 55.00 53.51 57.66 53.51 4798
20150708 48.16 48.16 49.97 48.16 18916
20150709 47.01 52.98 52.98 47.01 13011
20150710 57.00 58.28 58.28 55.63 4024
20150713 63.88 64.11 64.11 62.00 15348
20150714 65.00 70.40 70.52 63.00 28355
20150715 68.01 63.36 68.90 63.36 16022
20150716 58.00 64.34 67.00 57.08 12547
20150717 64.50 68.67 69.98 64.00 12857
20150720 68.50 70.46 75.49 68.00 14478
20150721 69.08 71.95 73.51 68.75 9934
20150722 72.18 71.60 73.67 69.30 10030
20150723 72.50 78.76 78.76 71.21 18791
20150724 78.50 75.88 83.00 75.70 19907
20150727 74.00 68.29 79.99 68.29 14253
20150728 64.27 63.70 69.67 61.46 14612
20150729 65.00 70.07 70.07 62.01 12307
20150730 70.25 68.00 73.50 68.00 13121
