20140102 77.99 81.10 81.89 77.62 17967
20140103 80.50 80.96 81.93 79.00 15568
20140106 80.01 77.55 82.50 77.25 14607
20140107 76.51 78.20 78.98 76.51 8550
20140108 70.38 75.96 77.95 70.38 66844
20140109 77.50 78.34 80.98 77.23 37791
20140110 77.01 79.51 80.58 76.10 18479
20140113 79.20 81.20 82.50 78.61 20693
20140114 80.88 81.87 82.17 79.60 13709
20140115 82.00 82.60 84.47 81.22 15187
20140116 82.50 79.80 82.79 79.00 16767
20140117 79.70 78.79 81.08 78.50 8387
20140120 78.63 74.46 79.97 73.91 15235
20140121 75.00 76.40 76.47 74.51 10794
20140122 76.41 80.24 80.94 76.03 16727
20140123 81.00 88.26 88.26 80.89 24769
20140124 88.00 94.75 96.60 87.80 48703
20140127 93.02 100.00 101.97 92.18 25042
20140128 98.32 101.31 104.00 95.00 17164
20140129 100.12 111.44 111.44 99.00 23526
20140130 117.00 117.00 122.58 114.04 29407
20140207 117.10 120.00 122.00 112.35 22803
20140210 117.60 114.00 119.28 112.00 27260
20140211 113.52 113.10 114.80 108.11 20026
20140212 112.10 111.80 112.37 108.93 10107
20140213 110.90 104.15 114.99 103.80 16985
20140214 104.15 106.20 108.59 103.81 10560
20140217 105.90 108.49 108.56 101.80 12901
20140218 107.50 104.00 107.50 103.51 13644
20140219 104.00 103.90 104.50 100.60 8827
20140220 103.85 100.00 103.85 99.60 13840
20140221 100.32 99.26 101.58 98.50 9482
20140224 99.10 101.99 102.27 97.68 14076
20140225 101.90 91.79 101.90 91.79 23066
20140226 89.00 89.72 90.78 86.96 14018
20140227 90.00 91.02 93.48 88.00 14791
20140228 91.00 91.58 92.89 86.50 12558
20140303 90.43 90.33 91.58 88.61 8469
20140304 90.34 90.00 92.27 88.25 7919
20140305 90.56 91.39 93.24 89.23 10119
20140306 94.80 100.53 100.53 93.00 23554
20140307 101.88 96.00 102.00 95.68 16623
20140310 105.60 105.60 105.60 105.60 21558
20140311 110.00 104.90 114.60 103.50 40505
20140312 103.99 101.00 105.99 96.40 19077
20140313 101.40 111.10 111.10 99.21 15958
20140314 111.90 117.00 120.09 110.00 21289
20140317 115.00 116.60 118.45 111.76 12710
20140318 116.59 113.72 116.98 113.50 10883
20140319 112.00 110.01 112.50 108.01 17036
20140320 110.50 106.00 113.28 104.70 15132
20140321 103.42 105.29 107.50 102.16 14381
20140324 106.41 99.47 107.00 98.18 17376
20140325 99.50 100.50 101.99 97.60 7142
20140326 100.39 102.32 102.40 99.49 6919
20140327 101.40 97.21 101.99 97.00 9781
20140328 96.93 92.10 96.93 89.26 13934
20140331 92.07 92.68 95.50 90.03 6800
20140401 93.00 93.40 95.70 91.50 6651
20140402 93.89 90.38 94.30 88.85 8332
20140403 89.37 91.81 92.88 89.37 7910
20140404 91.03 94.82 95.33 89.67 7647
20140408 94.23 97.23 97.99 92.85 7709
20140409 97.78 97.45 99.02 95.52 6847
20140410 97.70 97.81 99.88 96.35 6350
20140708 105.00 94.71 105.00 92.33 53483
20140709 95.31 101.31 104.18 94.48 44562
20140710 101.00 104.65 109.30 99.88 29573
20140711 103.78 101.40 105.40 100.51 23425
20140714 102.00 99.25 102.40 98.36 15718
20140715 98.88 93.64 98.97 91.10 22846
20140716 92.30 92.10 93.49 91.70 7828
20140717 92.11 92.11 93.47 91.94 7735
20140718 92.15 92.37 93.86 92.15 6705
20140721 92.10 89.24 92.59 86.82 13227
20140722 89.00 89.47 90.60 88.09 9785
20140723 89.30 87.18 90.20 86.83 9633
20140724 87.20 88.27 88.69 87.19 12758
20140725 88.35 87.88 88.35 86.81 8186
20140728 88.30 91.32 91.75 87.75 10111
20140729 95.00 100.45 100.45 95.00 26896
20140730 100.62 100.56 103.50 97.80 27911
20140731 100.00 98.98 100.44 97.74 11497
20140801 98.50 98.53 100.58 98.00 8002
20140804 98.61 98.42 99.39 97.77 6319
20140805 98.42 100.80 103.00 97.30 13100
20140806 100.00 99.95 101.58 99.33 6261
20140807 99.70 99.56 102.98 99.40 8841
20140808 100.98 104.00 105.40 100.28 16867
20140811 103.98 107.35 109.16 103.13 13130
20140812 107.50 102.35 108.10 101.80 20292
20140813 101.97 99.93 101.97 98.20 17017
20140814 99.00 100.09 101.85 98.93 9965
20140815 99.82 101.00 101.39 99.40 5893
20140818 100.19 102.70 102.88 100.19 9592
20140819 103.38 103.02 107.00 102.30 14096
20140820 103.28 101.45 103.37 100.61 7998
20140821 101.49 104.90 105.60 101.49 13441
20140822 105.00 105.88 108.48 103.50 16325
20140825 105.88 103.20 106.86 103.01 11697
20140826 102.81 99.98 103.91 98.95 12050
20140827 99.31 99.86 101.26 99.31 8391
20140828 99.85 100.14 101.45 99.80 7093
20140829 99.80 100.70 101.20 99.30 4830
20140901 101.37 104.02 104.46 100.00 11466
20140902 104.39 107.50 108.88 103.91 19103
20140903 109.00 118.25 118.25 108.07 25294
20140904 123.00 119.58 127.30 117.17 36866
20140905 120.17 117.26 120.18 115.77 13521
20140909 117.30 122.25 123.80 116.68 19487
20140910 122.00 121.65 123.50 120.08 9395
20140911 121.66 117.96 122.79 117.00 11358
20140912 117.00 119.30 120.34 116.50 7198
20140915 118.80 125.99 127.80 118.80 14069
20140916 125.80 121.65 129.74 121.37 12719
20140917 122.63 124.40 125.20 120.68 9739
20140918 123.78 122.60 126.66 121.40 9035
20140919 122.60 125.00 125.25 121.60 7970
20140922 123.98 119.95 123.99 119.36 10356
20140923 119.50 118.32 120.40 116.50 13338
20140924 117.99 119.50 119.96 117.50 6487
20140925 119.33 119.97 121.88 119.33 5965
20140926 119.21 113.39 119.21 113.00 16607
20140929 114.02 116.05 116.20 114.02 8596
20140930 116.00 116.80 116.97 115.33 7577
20141008 117.88 122.58 122.80 117.88 12724
20141009 123.79 124.38 127.58 123.45 12551
20141010 124.45 125.24 125.89 122.20 7694
20141013 123.00 119.28 124.00 117.00 18018
20141014 119.50 119.68 120.88 116.98 8733
20141015 119.70 120.50 122.79 119.00 12284
20141016 78.88 77.40 79.97 76.68 21598
20141017 76.99 71.72 76.99 69.66 36044
20141020 71.23 72.98 73.50 71.23 14796
20141021 72.71 73.20 73.92 71.90 15527
20141022 73.11 72.95 74.88 72.71 11625
20141023 72.74 70.74 73.49 70.68 12604
20141024 70.63 69.00 71.43 68.60 15899
20141027 68.80 67.88 68.80 65.70 12165
20141028 68.92 71.70 72.35 68.10 15350
20141029 71.80 72.18 73.17 71.00 14837
20141030 72.25 77.86 79.40 72.22 36851
20141031 77.19 74.59 77.85 73.17 29995
20141104 78.49 81.11 82.05 78.40 61953
20141105 80.00 80.59 82.40 78.20 25663
20141106 79.06 80.65 81.87 79.05 13007
20141107 80.99 84.05 86.86 80.65 31017
20141110 84.38 88.96 90.18 82.10 28670
20141111 88.10 86.87 88.10 84.52 24901
20141118 92.95 91.20 93.50 88.01 38465
20141119 90.02 97.95 100.32 90.00 34811
20141120 96.50 97.57 101.58 95.33 26788
20141121 96.81 96.44 99.45 95.95 11749
20141229 86.80 86.80 89.50 86.80 7711
20141230 78.12 78.12 80.12 78.12 11264
20141231 73.00 75.80 80.71 73.00 42006
20150105 75.49 77.35 81.00 71.18 39584
20150106 76.10 83.32 85.09 75.03 44511
20150107 82.00 82.62 84.50 79.21 24131
20150108 82.00 85.99 90.60 82.00 27406
20150109 86.00 83.51 90.10 83.51 27712
20150112 82.02 88.31 90.00 81.43 26423
20150113 88.77 91.06 94.50 86.35 21124
20150114 90.50 88.82 93.01 88.20 13218
20150115 88.82 88.45 90.94 87.20 11984
20150116 88.00 97.30 97.30 88.00 30372
20150119 97.28 100.30 106.53 95.80 33285
20150120 100.00 104.00 107.60 100.00 21578
20150121 103.99 107.56 112.28 103.01 23826
20150122 106.53 105.70 111.95 103.80 26076
20150123 104.90 99.99 105.65 99.58 24921
20150126 99.84 108.30 108.30 98.99 18329
20150127 108.00 108.90 112.98 106.00 20009
20150128 107.35 108.99 112.80 105.70 13554
20150129 107.81 117.88 118.00 107.71 24268
20150130 118.02 110.30 118.89 110.00 16543
20150202 109.02 116.99 118.55 108.00 16833
20150203 116.50 125.61 128.69 115.36 27571
20150204 126.44 132.20 134.50 124.02 20524
20150205 125.50 129.98 134.00 124.00 24624
20150206 129.00 124.30 132.50 118.97 18319
20150209 121.01 120.01 126.98 118.00 14871
20150210 118.71 124.68 126.10 115.00 11213
20150211 123.90 124.81 130.00 122.30 12995
20150212 125.56 120.40 127.98 119.50 12880
20150213 121.91 130.00 130.00 120.90 20025
20150216 131.99 128.50 133.33 127.00 12724
20150217 128.51 128.00 131.47 122.60 14246
20150225 126.79 118.31 128.88 116.21 15636
20150226 118.30 115.72 118.80 111.51 18166
20150227 115.72 118.84 120.78 113.51 15220
20150302 119.20 129.25 130.00 117.00 19598
20150303 129.00 127.00 137.00 125.16 18761
20150304 124.57 126.40 131.80 122.60 12848
20150305 125.01 121.99 127.80 117.66 17597
20150306 121.60 118.51 121.60 114.20 14988
20150309 116.66 126.99 129.00 114.96 19757
20150310 126.20 130.78 137.47 126.20 19232
20150311 126.00 138.60 141.96 123.36 28892
20150312 134.88 135.02 141.80 128.70 22692
20150313 135.02 140.60 141.31 133.50 17781
20150316 140.65 152.45 153.00 140.65 17778
20150317 152.28 151.50 156.20 147.80 18373
20150318 148.00 154.10 155.20 147.00 17479
20150319 153.00 158.12 158.25 149.88 16767
20150320 156.17 167.20 173.73 154.80 20340
20150323 165.00 183.92 183.92 165.00 23741
20150324 183.00 202.10 202.18 168.97 26736
20150325 200.00 203.83 213.23 190.00 21216
20150326 195.41 183.45 195.50 183.45 20169
20150327 176.00 180.97 187.00 169.38 30072
20150330 178.38 170.00 180.99 162.87 45145
20150331 170.60 173.09 182.63 166.11 43881
20150401 172.00 177.00 183.00 171.34 29786
20150402 177.00 173.58 181.35 167.53 31387
20150403 170.60 168.00 172.99 162.91 50593
20150407 167.50 169.86 175.00 165.00 48411
20150408 168.99 156.00 171.66 153.03 56656
20150409 156.00 163.50 168.00 143.00 64129
20150410 158.80 168.36 174.99 156.00 55482
20150413 168.37 174.00 182.99 165.88 54577
20150414 172.00 174.90 183.97 170.02 42241
20150415 174.00 160.99 174.99 160.88 26923
20150416 158.00 162.52 176.90 156.06 33218
20150417 164.00 162.51 166.99 157.39 28305
20150420 158.00 161.75 167.99 153.80 39652
20150421 147.11 164.00 167.04 147.11 56789
20150422 164.50 164.00 166.01 160.35 27921
20150423 164.72 175.45 177.18 164.66 39912
20150424 173.61 175.27 181.95 172.01 28858
20150427 176.01 184.05 188.00 175.00 34728
20150428 185.30 183.30 185.34 174.06 22601
20150429 183.30 201.63 201.63 181.88 29668
20150430 203.70 200.04 216.00 200.00 29036
20150504 199.50 194.00 199.52 185.00 17054
20150505 192.01 182.50 193.98 178.00 17683
20150506 182.79 189.84 200.50 182.01 16797
20150507 189.75 208.82 208.82 188.50 23306
20150508 211.50 229.70 229.70 209.39 12479
20150511 234.00 238.08 248.00 228.00 16236
20150512 234.00 234.70 245.00 226.05 16289
20150513 225.00 226.99 237.95 218.00 16086
20150514 222.00 213.00 226.00 209.99 12148
20150515 213.50 228.87 230.01 203.00 17416
20150518 224.27 220.90 247.70 213.18 20905
20150519 219.30 214.45 222.74 208.00 10958
20150520 215.02 208.96 221.69 205.16 19770
20150521 211.35 229.86 229.86 211.35 20612
20150522 242.00 219.97 246.00 211.85 24395
20150525 208.00 208.60 214.00 205.00 17355
20150526 208.50 206.31 211.02 201.96 33121
20150527 206.50 192.62 208.50 190.00 37160
20150528 192.90 185.97 197.39 185.00 44035
20150529 155.00 153.86 158.87 142.87 40226
20150601 154.98 158.81 161.85 152.01 42924
20150602 160.39 173.40 174.49 159.60 54755
20150603 170.21 190.24 190.74 168.00 65829
20150604 191.20 183.50 197.00 173.00 35907
20150605 184.51 170.00 193.51 167.11 42393
20150608 170.98 156.36 171.99 153.08 44477
20150609 156.50 160.48 164.96 152.58 40149
20150610 161.50 172.90 176.50 157.00 35149
20150611 183.68 190.19 190.19 182.10 33360
20150612 203.00 195.80 209.21 190.28 53762
20150615 199.39 188.00 203.58 185.00 22526
20150616 183.70 169.20 183.70 169.20 32740
20150617 165.48 175.32 175.55 160.00 46185
20150618 174.93 157.79 174.99 157.79 36211
20150619 142.01 142.01 149.39 142.01 30112
20150623 141.00 139.85 144.43 128.00 41774
20150624 142.00 142.02 150.20 136.53 34901
20150625 142.25 129.50 145.50 127.82 35344
20150626 124.01 116.55 124.02 116.55 19377
20150629 116.60 104.90 116.60 104.90 22998
20150630 94.41 115.39 115.39 94.41 69085
20150701 111.00 103.85 121.30 103.85 50985
20150702 97.99 93.47 102.49 93.47 36590
20150703 85.01 84.12 97.50 84.12 40320
20150706 92.22 75.71 92.22 75.71 54298
20150714 83.28 83.28 83.28 83.28 3212
20150715 91.61 81.98 91.61 79.95 77875
20150716 79.90 84.13 88.50 73.78 63513
20150717 84.75 92.54 92.54 84.75 54813
20150720 90.90 101.79 101.79 90.90 86472
20150721 100.00 106.63 110.00 98.00 66675
20150722 106.50 103.17 106.50 100.58 47290
20150723 102.00 103.41 106.98 99.90 60957
20150724 104.10 102.00 109.98 100.00 57911
20150727 97.50 91.80 99.87 91.80 66600
20150728 82.63 82.62 88.58 82.62 76958
20150729 83.00 84.99 85.39 74.36 102811
20150730 82.00 76.49 83.89 76.49 73845
