20140102 18.16 18.69 19.10 17.21 175545
20140103 18.25 17.72 18.80 17.67 132093
20140106 17.36 15.98 17.68 15.95 115516
20140107 15.79 16.56 16.77 15.75 96159
20140108 16.75 17.43 18.15 16.75 111673
20140109 17.24 17.69 18.50 17.01 139770
20140110 17.15 16.76 18.15 16.43 111813
20140113 16.71 16.27 16.89 16.10 64517
20140114 16.37 17.90 17.90 16.34 113509
20140115 18.52 19.25 19.59 18.20 193597
20140116 19.00 19.78 20.17 18.49 180595
20140117 19.49 19.13 20.09 19.10 134912
20140120 18.93 18.86 19.50 18.20 105954
20140121 18.55 20.75 20.75 18.45 144159
20140122 21.44 20.59 21.45 19.88 188080
20140123 20.25 20.31 21.16 20.05 134177
20140124 20.00 20.80 21.46 19.81 156085
20140127 20.33 21.20 21.95 20.18 138883
20140128 21.10 20.51 21.45 20.03 88541
20140129 20.62 20.69 21.67 20.47 97404
20140130 20.35 19.57 20.68 19.45 94395
20140207 19.50 20.40 20.45 19.38 68420
20140210 20.38 20.99 21.14 19.86 99139
20140211 20.90 20.37 21.47 20.18 92634
20140212 20.37 22.25 22.25 20.37 152762
20140213 21.98 20.03 21.98 20.03 145981
20140214 19.75 20.23 20.36 19.48 80379
20140217 20.18 20.69 20.79 19.81 78180
20140218 20.91 21.23 21.92 20.42 125507
20140219 21.09 20.54 21.28 20.10 83953
20140220 20.34 20.04 20.89 19.86 66950
20140221 20.40 20.32 20.84 19.93 49291
20140224 20.45 21.24 21.48 20.14 92478
20140225 21.19 19.12 21.63 19.12 125446
20140226 18.38 18.06 18.55 17.40 70172
20140227 18.25 16.94 18.50 16.86 78356
20140228 16.81 17.62 17.76 16.63 51801
20140303 17.41 17.70 17.87 17.30 34530
20140304 17.66 17.02 17.66 16.95 50380
20140305 17.15 17.22 17.64 17.14 34107
20140306 17.14 17.58 17.64 17.00 37041
20140307 17.49 17.29 17.73 17.10 29096
20140310 16.80 15.89 16.80 15.84 43149
20140311 15.77 16.03 16.24 15.50 25415
20140312 15.85 16.12 16.27 15.55 23447
20140313 16.14 16.39 16.53 16.14 23307
20140314 16.01 16.50 17.06 15.97 40492
20140317 16.41 17.02 17.15 16.33 44201
20140318 16.97 16.80 17.33 16.78 37755
20140319 16.75 17.05 17.16 16.58 31332
20140320 17.08 16.05 17.18 16.00 29257
20140321 16.04 16.08 16.20 15.40 39066
20140324 16.07 15.50 16.07 15.47 27220
20140325 15.34 15.58 15.72 15.34 18952
20140326 15.73 16.36 17.00 15.60 44066
20140327 16.15 15.52 16.18 15.00 34445
20140328 15.47 14.82 15.62 14.68 29306
20140331 14.95 14.92 15.20 14.60 17128
20140401 14.99 15.43 15.48 14.90 23976
20140402 15.50 14.96 15.53 14.88 21781
20140403 14.96 15.23 15.59 14.96 29584
20140404 15.23 15.41 15.50 15.02 21335
20140408 15.38 15.47 15.50 14.97 25049
20140409 15.45 16.13 16.43 15.40 53430
20140410 16.15 16.01 16.32 15.94 36462
20140411 15.70 16.27 16.29 15.57 37448
20140414 16.10 16.34 16.93 16.10 34230
20140415 16.33 16.03 16.33 15.87 24868
20140416 15.93 16.03 16.22 15.84 18603
20140417 16.03 16.45 16.75 15.92 45771
20140418 16.30 16.25 16.37 16.07 27683
20140421 16.00 15.60 16.24 15.53 26013
20140422 15.60 15.01 15.75 14.81 29180
20140423 15.00 14.89 15.18 14.76 13140
20140424 14.90 15.03 15.25 14.60 24507
20140425 14.90 14.78 14.97 14.61 21013
20140428 14.55 13.84 14.71 13.81 20813
20140429 13.88 14.25 14.26 13.88 15236
20140430 14.20 14.42 14.46 14.16 12254
20140505 14.34 14.58 14.58 14.28 15251
20140506 14.64 14.78 15.07 14.51 24725
20140507 14.69 14.40 14.98 14.40 21902
20140508 14.30 14.27 14.70 14.25 15327
20140509 14.12 14.73 15.10 14.12 32075
20140512 14.75 14.90 14.95 14.39 26511
20140513 14.80 14.91 15.43 14.76 28413
20140514 14.85 14.88 15.09 14.77 14418
20140515 14.80 14.38 14.90 14.28 20052
20140516 14.30 14.54 15.49 14.30 12156
20140519 14.40 14.58 14.74 14.40 9579
20140520 14.79 14.70 14.97 14.61 16411
20140521 14.60 14.90 14.92 14.32 13529
20140522 14.94 14.90 15.28 14.82 26246
20140523 14.81 15.32 15.39 14.75 25704
20140526 15.41 15.60 15.70 15.33 33438
20140527 15.50 15.37 15.68 15.37 19054
20140528 15.41 15.96 16.17 15.35 53383
20140529 15.96 15.67 15.96 15.50 32228
20140530 16.20 15.98 16.79 15.79 57869
20140603 15.75 15.42 15.85 15.42 33824
20140604 15.55 15.74 15.96 15.50 34552
20140605 15.75 15.94 15.96 15.57 25499
20140606 15.98 15.94 16.25 15.79 47574
20140609 15.90 15.57 15.90 15.52 26893
20140610 15.63 15.98 16.08 15.44 30010
20140611 15.88 16.15 16.27 15.81 36130
20140612 16.04 15.95 16.11 15.86 22879
20140613 15.81 16.43 16.62 15.81 54708
20140616 16.35 16.54 16.69 16.29 43067
20140617 16.44 16.15 16.74 16.13 32887
20140618 16.17 15.75 16.33 15.73 25618
20140619 15.80 14.80 15.92 14.59 32791
20140620 14.80 15.03 15.12 14.71 14350
20140623 15.07 15.73 15.98 15.07 37951
20140624 15.79 15.73 15.79 15.54 24704
20140625 16.16 15.80 16.35 15.55 40341
20140626 15.83 16.27 16.36 15.72 48840
20140627 16.23 16.47 16.70 16.02 53541
20140630 16.51 16.68 16.73 16.36 38118
20140701 15.10 14.89 15.10 14.73 34561
20140702 14.86 14.79 14.99 14.56 45719
20140703 14.80 15.25 15.32 14.66 61211
20140704 15.23 15.34 15.58 15.01 63713
20140707 15.30 15.00 15.42 14.95 45330
20140708 15.11 15.23 15.26 14.89 33124
20140709 15.18 14.60 15.32 14.60 45864
20140710 14.42 14.43 14.65 14.22 41298
20140711 14.40 14.51 14.60 14.32 24302
20140714 14.45 14.58 14.62 14.30 30744
20140715 14.61 15.40 15.68 14.27 106351
20140716 15.55 15.19 15.65 15.02 74277
20140717 15.24 15.99 16.30 15.10 138441
20140718 15.50 15.63 15.79 15.38 82067
20140721 15.50 14.72 15.50 14.58 70174
20140722 14.72 14.90 15.04 14.65 37520
20140723 15.20 14.56 15.35 14.55 46279
20140724 14.40 14.04 14.45 13.77 43800
20140725 14.05 14.11 14.28 13.97 19991
20140728 14.23 14.44 14.54 14.11 28107
20140729 14.46 14.75 14.77 14.40 37303
20140730 14.70 14.63 14.70 14.45 31222
20140731 14.64 14.69 14.75 14.52 25004
20140801 14.60 14.32 14.70 14.32 39390
20140804 14.35 14.51 14.57 14.30 15824
20140805 14.45 14.89 14.94 14.43 50624
20140806 14.86 14.82 15.13 14.74 38689
20140807 14.81 15.08 15.51 14.78 70548
20140808 15.00 15.11 15.24 14.91 39369
20140811 15.28 15.85 16.20 15.15 106325
20140812 15.76 16.30 16.50 15.49 111515
20140813 16.10 16.13 16.21 15.75 69189
20140814 16.06 16.03 16.58 16.01 85900
20140815 16.09 16.28 16.47 15.80 75241
20140818 16.38 16.39 16.55 16.19 65342
20140819 16.37 16.12 16.48 15.93 63356
20140820 16.11 15.88 16.34 15.78 52135
20140821 15.88 15.94 15.98 15.55 39292
20140822 15.93 16.16 16.30 15.86 45052
20140825 16.20 15.80 16.28 15.80 30155
20140826 15.71 16.37 16.58 15.62 105457
20140827 16.40 16.60 16.90 16.11 113809
20140828 16.58 16.10 16.65 15.96 60608
20140829 16.06 16.95 17.05 15.99 86924
20140901 16.80 17.14 17.16 16.60 91031
20140902 17.15 17.30 17.79 16.93 114829
20140903 17.14 17.12 17.30 16.95 74836
20140904 17.05 17.13 17.25 16.98 52664
20140905 17.28 17.28 17.70 17.15 70293
20140909 17.16 17.04 17.18 16.80 53175
20140910 16.99 16.93 17.14 16.75 46560
20140911 16.86 16.91 17.20 16.59 60100
20140912 16.85 17.11 17.11 16.79 42405
20140915 17.15 17.12 17.23 16.85 44821
20140916 17.12 16.38 17.46 16.28 72077
20140917 16.38 16.19 16.46 15.82 45895
20140918 16.17 16.24 16.34 16.05 26098
20140919 16.33 16.52 16.58 16.24 34745
20140922 16.44 16.08 16.44 16.02 29722
20140923 16.08 16.36 16.42 16.07 25890
20140924 16.30 16.58 16.62 16.18 35256
20140925 16.61 16.64 16.88 16.55 49164
20140926 16.58 16.77 16.88 16.50 31835
20140929 16.86 17.19 17.28 16.73 52703
20140930 17.15 17.34 17.66 17.07 71917
20141008 17.30 17.45 17.54 17.19 50198
20141009 17.45 17.35 17.58 17.01 52460
20141010 17.27 17.30 17.34 16.90 43337
20141013 17.19 17.20 17.25 16.83 27587
20141014 17.15 17.34 17.85 17.10 78118
20141015 17.25 17.20 17.45 16.89 42258
20141016 17.20 17.15 17.58 17.03 48480
20141017 17.14 17.80 18.05 16.95 112870
20141020 17.78 18.05 18.10 17.62 63824
20141021 18.01 17.44 18.10 17.44 57081
20141022 17.23 16.54 17.50 16.49 64097
20141023 16.54 15.73 16.57 15.65 65880
20141024 15.78 15.74 15.94 15.65 30195
20141027 15.73 15.92 16.02 15.68 20766
20141028 16.00 16.34 16.39 16.00 48252
20141029 16.34 16.40 16.65 16.31 45780
20141030 16.42 16.38 16.80 16.25 39139
20141031 16.41 16.08 16.49 15.90 37609
20141103 16.12 16.58 16.58 16.03 33762
20141104 16.55 16.37 16.74 16.30 26320
20141105 16.29 16.36 16.50 16.16 19938
20141106 16.34 16.78 16.90 16.34 33069
20141107 16.78 16.36 16.96 16.29 46778
20141110 16.31 16.17 16.45 15.93 36188
20141111 16.18 15.27 16.25 15.18 46916
20141112 15.30 15.51 15.53 15.20 33422
20141113 15.42 14.86 15.50 14.72 37984
20141114 14.85 14.94 15.06 14.74 18463
20141117 14.93 15.26 15.32 14.81 23823
20141118 15.21 15.22 15.30 15.11 18594
20141119 15.25 15.46 15.50 15.18 28636
20141120 15.37 15.62 15.71 15.18 33515
20141121 15.58 16.39 16.77 15.44 91293
20141124 16.29 16.20 16.48 16.06 50913
20141125 16.31 16.38 16.64 16.30 49496
20141126 16.35 16.55 16.79 16.32 42966
20141127 16.53 16.43 16.60 16.21 45296
20141128 16.55 16.75 16.96 16.45 68288
20141201 16.88 16.46 17.15 16.16 46914
20141202 16.42 16.94 17.13 16.28 67146
20141203 16.95 16.82 17.01 16.30 57913
20141204 16.78 16.79 17.06 16.69 49159
20141205 16.75 15.75 16.75 15.50 59690
20141208 15.53 15.47 15.91 15.41 38819
20141209 15.48 14.67 15.59 14.60 53786
20141210 14.72 15.21 15.23 14.71 30260
20141211 15.18 15.25 15.30 15.01 24460
20141212 15.25 15.52 15.53 15.08 39482
20141215 15.53 15.67 15.78 15.35 27762
20141216 15.68 15.41 15.75 15.31 30060
20141217 15.40 15.50 15.75 15.24 32543
20141218 15.41 15.24 15.78 15.24 30977
20141219 15.33 14.51 15.33 14.30 48419
20141222 14.37 13.29 14.37 13.20 38002
20141223 13.30 13.33 13.75 13.14 22073
20141224 13.44 13.76 13.79 13.42 21077
20141225 13.76 13.90 13.91 13.63 16966
20141226 13.80 13.67 13.91 13.62 19807
20141229 13.72 13.07 13.72 12.93 33547
20141230 13.10 12.85 13.17 12.71 27264
20141231 12.85 12.80 13.00 12.64 27277
20150105 12.82 12.99 13.00 12.52 24778
20150106 12.97 13.48 13.53 12.86 31440
20150107 13.53 13.28 13.53 13.13 25559
20150108 13.18 13.33 13.46 13.16 23405
20150109 13.29 13.18 13.60 13.17 26684
20150112 13.01 12.86 13.17 12.78 16688
20150113 13.00 13.33 13.42 12.85 29459
20150114 13.25 13.27 13.48 13.16 20751
20150115 13.27 13.30 13.48 13.22 17171
20150116 13.29 13.64 13.76 13.25 30583
20150119 13.43 13.51 14.00 13.05 39319
20150120 13.51 14.11 14.14 13.51 42694
20150121 14.70 14.78 15.22 14.58 74115
20150122 14.69 15.79 16.26 14.66 95596
20150123 15.62 15.40 15.70 15.23 45716
20150126 15.35 15.40 15.65 15.28 36550
20150127 15.40 15.42 15.78 15.21 31969
20150128 15.39 15.31 15.75 15.27 36858
20150129 15.10 15.26 15.39 15.01 23897
20150130 15.15 15.18 15.52 15.13 28879
20150202 15.17 15.37 15.48 15.06 19100
20150203 15.43 15.77 16.18 15.37 57700
20150204 15.80 15.79 15.92 15.65 29286
20150205 15.78 15.88 16.57 15.66 69380
20150206 15.75 15.00 15.97 14.96 36137
20150209 14.98 14.60 15.27 14.55 20201
20150210 14.53 15.08 15.08 14.53 16245
20150211 15.10 15.27 15.34 14.95 20981
20150212 15.40 15.47 15.54 15.25 24588
20150213 15.47 15.55 15.78 15.47 29931
20150216 15.64 16.30 16.69 15.60 62047
20150217 16.26 16.29 16.49 15.92 38286
20150225 16.40 15.94 16.48 15.84 35158
20150226 15.95 15.92 16.12 15.65 29577
20150227 16.06 16.18 16.24 15.92 47694
20150302 16.10 16.67 16.78 16.05 67968
20150303 16.60 16.02 16.60 16.01 58738
20150304 16.05 16.56 16.60 16.00 54920
20150305 16.85 17.07 17.90 16.80 98130
20150306 17.00 16.36 17.30 16.33 61584
20150309 16.30 16.86 17.00 16.10 47909
20150310 16.86 17.12 17.28 16.66 54564
20150311 17.02 17.29 17.50 16.63 59149
20150312 17.48 17.29 17.85 16.90 66166
20150313 17.42 17.39 17.59 17.05 49052
20150316 17.47 17.73 17.85 17.40 59565
20150317 17.72 18.15 18.31 17.59 91208
20150318 18.15 19.08 19.55 18.00 90090
20150319 19.08 19.50 19.52 18.75 76130
20150320 19.88 19.32 20.07 19.20 64271
20150323 19.30 20.10 20.10 19.20 71984
20150324 20.60 19.59 20.60 18.09 97413
20150325 19.30 19.37 19.68 18.80 73974
20150326 19.35 18.80 19.80 18.51 66920
20150327 18.81 19.33 19.43 18.81 43156
20150330 19.28 19.18 19.50 18.72 42035
20150331 19.30 19.51 19.86 19.03 66748
20150401 19.68 20.38 20.67 19.45 78380
20150402 20.60 20.69 20.75 20.01 69532
20150403 20.51 22.07 22.70 20.41 90690
20150407 22.19 22.15 22.35 21.68 63779
20150408 21.90 20.86 22.15 20.20 75454
20150409 20.68 22.95 22.95 19.20 137289
20150410 22.65 23.49 24.35 22.50 112066
20150413 23.18 23.08 23.60 22.65 81221
20150414 22.89 22.80 23.83 22.41 68460
20150415 22.60 23.10 24.24 21.80 97027
20150416 22.78 22.84 24.20 22.22 62734
20150417 23.08 21.87 23.16 21.79 74695
20150420 21.88 20.70 22.28 20.60 60998
20150421 20.71 21.70 21.85 20.61 49549
20150422 21.73 22.42 22.53 21.73 92826
20150423 22.39 22.29 22.78 22.01 63805
20150424 21.90 22.62 22.98 21.50 81840
20150427 22.74 22.17 23.13 22.02 62233
20150428 22.07 20.86 22.30 20.65 67592
20150429 20.70 21.92 22.15 20.66 55610
20150430 21.94 21.71 22.58 21.70 48888
20150504 21.92 22.07 22.28 21.14 41649
20150505 22.00 22.65 23.08 21.80 62728
20150506 22.70 22.01 23.38 21.97 82191
20150507 21.50 20.37 21.63 20.37 55578
20150508 20.50 21.95 21.98 20.50 61091
20150511 22.38 24.15 24.15 22.00 107035
20150512 25.00 24.43 25.21 23.28 129690
20150513 23.60 25.23 25.60 23.20 91640
20150514 25.15 25.00 26.18 24.65 59857
20150515 24.68 25.66 26.08 24.30 70275
20150518 25.70 28.14 28.23 25.50 85872
20150519 28.00 27.85 28.58 26.83 73869
20150520 27.93 27.95 29.20 27.56 59598
20150527 30.75 30.75 30.75 30.75 2889
20150528 33.83 33.83 33.83 33.32 57727
20150529 32.00 32.09 33.77 30.45 132269
20150601 32.00 32.53 33.70 31.55 94030
20150602 32.30 34.80 35.34 31.80 121392
20150603 34.58 33.73 35.78 33.63 85901
20150604 34.00 30.99 34.36 30.36 96906
20150605 31.58 30.95 32.28 30.61 83524
20150608 30.99 29.82 31.10 28.78 83496
20150609 29.87 30.41 30.85 29.80 67972
20150610 30.35 31.82 32.45 29.11 86783
20150611 31.67 34.03 34.50 31.31 94482
20150612 33.11 33.51 34.10 33.00 88633
20150615 33.40 34.51 35.88 32.53 104566
20150616 34.19 33.26 34.19 31.51 72989
20150617 33.00 34.53 34.67 31.69 65565
20150618 35.46 32.95 37.48 32.88 69200
20150619 31.50 31.67 32.50 29.66 66788
20150623 30.90 30.99 31.88 28.51 43357
20150624 28.50 28.11 28.75 27.08 58213
20150625 27.91 25.30 28.10 25.30 67446
20150626 24.05 22.77 24.50 22.77 62792
20150629 23.00 20.49 23.00 20.49 71027
20150630 19.70 21.27 21.80 18.44 78428
20150701 20.99 19.14 21.99 19.14 73408
20150702 18.94 17.23 18.94 17.23 65369
20150703 16.55 15.51 17.50 15.51 74450
20150706 17.06 15.00 17.06 13.96 118235
20150707 14.07 13.50 14.90 13.50 53097
20150708 12.15 12.85 13.28 12.15 151964
20150709 12.70 14.14 14.14 12.70 42215
20150710 15.55 15.55 15.55 15.14 14757
20150713 17.11 17.11 17.11 17.11 3032
20150714 18.82 18.82 18.82 18.82 12206
20150715 18.82 17.35 19.60 16.94 164451
20150716 17.35 19.09 19.09 16.18 147435
20150717 19.25 20.61 21.00 18.88 132394
20150720 20.30 21.99 22.05 20.00 155159
20150721 21.50 21.49 22.26 21.05 92550
20150722 21.49 21.58 21.98 20.71 85221
20150723 21.56 21.70 21.98 20.98 134053
20150724 22.00 21.20 22.99 20.76 145394
20150727 20.20 19.08 21.39 19.08 109097
20150728 17.50 17.23 18.96 17.17 100863
20150729 17.79 18.95 18.95 16.56 76578
20150730 18.90 18.28 19.78 18.20 91124
