20140102 20.81 21.80 22.50 20.69 92653
20140103 21.30 21.09 21.49 20.88 59189
20140106 20.93 20.92 21.36 20.55 44428
20140107 20.60 20.94 21.17 20.11 33445
20140108 21.02 21.00 21.80 20.75 67621
20140109 20.55 19.18 20.90 19.06 61358
20140110 19.02 19.40 19.62 18.75 28798
20140113 19.36 19.70 19.94 19.30 26467
20140114 19.72 21.67 21.67 19.72 65483
20140115 22.20 22.05 22.50 21.72 97638
20140116 22.00 22.35 23.99 21.52 94422
20140117 22.00 22.75 23.50 21.77 59644
20140120 22.42 21.87 23.38 21.56 50638
20140121 21.62 23.44 23.70 21.60 61747
20140122 23.19 23.49 24.48 23.00 65752
20140123 23.49 24.40 24.47 23.02 67802
20140124 24.00 23.73 24.58 23.71 49107
20140127 23.47 22.99 24.10 22.88 44391
20140128 23.00 24.06 24.24 22.71 53091
20140129 24.17 23.45 24.17 23.20 44198
20140130 23.40 22.45 23.40 22.06 45762
20140207 22.03 23.07 23.24 21.90 38906
20140210 23.13 23.73 23.87 22.35 56390
20140211 23.58 22.90 24.50 22.62 63922
20140212 23.08 23.44 23.56 22.50 46631
20140213 23.50 21.99 23.55 21.80 54178
20140214 22.08 22.62 22.80 22.08 34855
20140217 22.70 23.32 23.33 22.70 37624
20140218 23.26 22.65 23.28 22.61 34830
20140219 22.68 22.60 22.85 21.97 33875
20140220 22.33 21.36 22.55 21.30 34398
20140221 21.36 20.80 21.56 20.68 28726
20140224 20.79 21.30 21.40 20.50 34215
20140225 21.39 19.60 21.98 19.44 52714
20140226 19.50 19.04 19.50 18.21 29774
20140227 20.00 19.64 20.68 19.40 45307
20140228 19.88 20.47 20.64 19.30 35152
20140303 20.35 20.98 21.10 20.11 27596
20140304 20.98 20.70 20.98 20.00 27573
20140305 20.63 20.61 20.85 20.51 19023
20140306 20.65 20.19 20.65 19.58 24335
20140307 20.01 19.97 20.43 19.93 17498
20140310 19.80 18.59 19.80 18.50 21567
20140311 18.49 18.83 18.89 18.49 11299
20140312 18.70 18.83 18.95 18.49 10398
20140313 18.88 19.15 19.20 18.78 11084
20140314 18.99 19.19 19.65 18.76 13201
20140317 19.28 19.90 20.09 19.01 19723
20140318 19.90 20.40 20.73 19.77 24829
20140319 20.35 20.30 20.49 19.78 17183
20140320 20.00 19.18 20.19 19.12 15566
20140321 18.98 19.63 19.65 18.81 12512
20140324 19.62 19.49 19.62 19.25 9086
20140325 19.35 19.65 19.79 19.23 12884
20140326 19.94 20.00 20.05 19.63 17782
20140327 19.82 19.20 19.93 19.01 13846
20140328 19.03 18.34 19.22 18.28 15061
20140331 18.37 18.29 18.50 18.00 7803
20140401 18.34 18.72 18.77 18.34 10685
20140402 18.72 17.75 18.81 17.50 25063
20140403 17.74 17.72 18.11 17.25 16060
20140404 17.70 17.92 17.99 17.33 10377
20140408 17.71 17.79 17.90 17.33 22512
20140409 17.88 19.57 19.57 17.88 46681
20140410 19.57 19.35 19.88 19.17 50549
20140411 19.00 18.88 19.09 18.71 24782
20140414 19.00 19.11 19.15 18.72 22471
20140415 19.02 19.01 19.28 18.85 19840
20140416 18.89 18.36 18.97 18.36 19114
20140417 18.31 18.57 18.91 18.31 15856
20140418 18.55 18.84 19.14 18.41 17267
20140421 18.45 18.14 18.75 18.03 13819
20140422 17.87 17.94 18.23 17.36 18699
20140423 18.30 18.10 18.30 17.95 10773
20140424 17.90 18.04 18.15 17.54 11091
20140428 17.55 16.43 17.57 16.40 17513
20140429 16.02 16.73 16.80 16.02 8456
20140430 16.74 16.95 17.18 16.73 9434
20140505 16.85 17.07 17.14 16.81 7100
20140506 17.08 17.30 17.49 17.07 13081
20140507 17.18 16.66 17.18 16.62 12932
20140508 16.52 16.91 17.25 16.52 14917
20140509 16.91 16.69 16.91 16.40 11831
20140512 16.85 17.09 17.20 16.68 11279
20140513 17.06 17.11 17.28 17.00 9334
20140514 17.17 17.08 17.22 16.92 6420
20140515 17.02 16.62 17.12 16.52 9063
20140516 16.60 16.64 16.68 16.40 6999
20140519 16.50 16.64 16.83 16.49 5969
20140520 16.71 16.79 17.14 16.70 12954
20140521 16.84 16.88 16.88 16.40 8840
20140522 16.93 17.10 17.20 16.90 18214
20140523 17.10 17.36 17.38 16.94 16917
20140526 17.46 17.94 18.05 17.24 28517
20140527 18.12 18.04 18.28 17.80 35006
20140528 17.95 18.33 18.37 17.73 32411
20140529 18.40 17.85 18.40 17.85 22930
20140530 17.85 18.05 18.18 17.58 15422
20140603 18.11 17.89 18.39 17.88 13273
20140604 17.80 17.95 17.95 17.63 12609
20140605 17.89 18.62 18.68 17.80 30222
20140606 18.66 18.78 19.24 18.46 37802
20140609 18.64 18.47 19.06 18.36 22770
20140610 18.50 18.90 18.97 18.20 24208
20140611 18.88 19.44 19.58 18.80 43939
20140612 19.30 19.18 19.46 19.06 26406
20140613 19.20 19.29 19.36 19.05 19516
20140616 19.50 19.38 20.00 19.37 31828
20140617 19.27 19.10 19.33 18.97 22289
20140618 19.10 18.54 19.19 18.51 18074
20140619 18.54 17.90 19.04 17.65 19137
20140620 17.98 18.14 18.23 17.78 12042
20140623 18.27 18.70 18.85 18.19 16668
20140624 18.75 18.99 19.19 18.65 20355
20140625 18.90 18.80 18.93 18.65 10648
20140626 18.82 19.57 19.62 18.82 32563
20140627 19.59 19.53 19.75 19.40 20282
20140630 19.50 19.62 19.72 19.33 19382
20140701 19.57 19.69 19.85 19.53 23811
20140702 19.79 19.57 19.83 19.25 26214
20140703 19.49 19.59 19.70 19.34 16721
20140704 19.70 19.91 20.15 19.65 30759
20140707 20.01 19.56 20.12 19.40 20155
20140708 19.49 19.96 19.97 19.38 20246
20140709 20.06 19.23 20.10 19.22 25063
20140710 19.18 18.93 19.51 18.92 14393
20140711 18.80 18.96 19.18 18.80 14082
20140714 19.02 19.19 19.24 19.00 11612
20140715 19.11 18.42 19.11 18.29 24734
20140716 18.49 18.37 18.58 18.20 9750
20140717 18.34 18.40 18.42 18.20 6987
20140718 18.31 18.41 18.50 18.30 7451
20140721 18.54 18.37 18.54 17.91 8685
20140722 18.32 18.56 18.62 18.32 9886
20140723 18.60 17.71 18.60 17.70 11740
20140724 17.70 17.36 17.70 17.15 16210
20140725 17.40 17.56 17.60 17.28 8361
20140728 17.69 17.89 17.97 17.62 8436
20140729 17.96 18.08 18.15 17.87 10905
20140730 18.06 18.34 18.41 17.94 13428
20140731 18.30 18.34 18.39 18.10 9076
20140801 18.30 18.04 18.34 18.00 12517
20140804 17.99 18.27 18.27 17.91 10093
20140805 18.24 18.99 18.99 18.07 34132
20140806 18.84 19.00 19.15 18.71 21167
20140807 18.97 18.74 18.99 18.70 14699
20140808 18.75 18.90 18.98 18.73 13990
20140811 18.90 19.17 19.30 18.85 16096
20140812 19.18 19.72 19.78 19.09 30753
20140813 19.93 19.63 19.99 19.27 31735
20140814 19.64 19.49 19.90 19.42 27541
20140815 12.90 13.27 13.28 12.90 55111
20140818 13.30 13.97 14.18 13.14 89783
20140819 13.83 13.91 14.12 13.77 68268
20140820 13.92 13.79 14.23 13.71 58935
20140821 13.72 14.27 14.31 13.66 72590
20140822 14.24 14.36 14.49 14.04 76911
20140825 14.30 13.91 14.33 13.83 57321
20140826 13.91 13.60 13.97 13.56 39681
20140827 13.58 13.69 13.85 13.58 23444
20140828 13.70 13.62 13.82 13.52 27224
20140829 13.57 13.81 13.82 13.57 22609
20140901 13.82 14.30 14.35 13.81 53872
20140902 14.50 15.19 15.66 14.45 142586
20140903 15.21 15.90 16.28 14.98 132374
20140904 15.90 15.76 16.11 15.61 82374
20140905 15.77 16.08 16.15 15.62 78694
20140909 16.12 15.92 16.49 15.83 72865
20140910 15.90 15.78 15.90 15.51 50499
20140911 15.87 15.75 16.18 15.55 62888
20140912 15.71 15.95 15.98 15.68 45510
20140915 15.95 16.45 16.56 15.77 92154
20140916 16.60 15.49 16.79 15.15 102838
20140917 15.40 15.78 15.93 15.20 47659
20140918 15.70 15.73 15.93 15.60 30382
20140919 15.73 15.78 15.83 15.60 32604
20140922 15.73 15.61 15.77 15.40 41715
20140923 15.50 15.61 15.68 15.35 43774
20140924 15.56 16.17 16.32 15.51 64384
20140925 16.22 16.08 16.38 15.94 44727
20140926 16.01 16.27 16.60 15.98 57781
20140929 16.45 16.20 16.45 16.08 41243
20140930 16.20 16.26 16.36 16.10 39781
20141008 16.18 16.54 16.60 16.02 56617
20141009 16.49 16.93 16.93 16.40 80571
20141010 16.80 16.57 17.00 16.40 50234
20141013 16.40 16.25 16.48 15.92 44714
20141014 16.06 15.76 16.25 15.57 59883
20141015 15.74 15.82 15.87 15.63 26030
20141016 15.71 15.17 15.77 15.15 44582
20141017 15.05 15.12 15.28 14.63 44866
20141020 15.19 15.39 15.41 15.11 23581
20141021 15.40 15.25 15.56 15.24 22944
20141022 15.25 14.89 15.50 14.85 19206
20141023 14.90 14.45 14.95 14.37 27369
20141024 14.50 14.56 14.73 14.36 18208
20141027 14.66 14.85 14.88 14.43 17815
20141028 15.00 15.29 15.30 14.90 21791
20141029 15.29 15.64 15.74 15.21 36584
20141030 15.55 15.42 15.73 15.31 25719
20141031 15.37 15.11 15.53 14.90 30186
20141103 15.00 16.62 16.62 14.97 92378
20141104 17.30 18.00 18.26 17.17 222951
20141105 17.54 17.24 17.83 17.16 97506
20141106 17.24 17.72 17.94 16.92 108325
20141107 17.80 17.30 18.23 17.22 99405
20141110 17.26 17.39 17.44 16.63 73038
20141111 17.20 16.17 17.20 15.75 90585
20141112 16.10 16.44 16.51 15.88 44939
20141113 16.36 16.05 16.36 15.62 51596
20141114 16.03 15.79 16.19 15.63 30400
20141117 15.75 16.37 16.52 15.73 42240
20141118 16.06 16.26 16.48 16.06 25765
20141119 16.30 16.49 16.77 16.17 40331
20141120 16.27 16.25 16.40 16.10 28313
20141121 16.21 17.05 17.51 16.16 77499
20141124 17.08 17.28 17.38 16.71 61058
20141125 18.34 19.01 19.01 17.45 80721
20141126 20.91 20.91 20.91 20.91 26540
20141127 23.00 23.00 23.00 21.88 429377
20141128 22.67 23.03 24.20 22.24 353649
20141201 22.87 21.95 22.87 21.85 164785
20141202 22.25 21.57 22.85 21.51 200799
20141203 21.06 21.71 21.87 20.82 170999
20141204 21.41 21.62 22.30 21.40 167008
20141205 21.22 20.17 21.48 19.80 142890
20141208 20.20 20.60 21.94 20.03 135929
20141209 20.30 18.75 20.46 18.60 128297
20141210 19.01 19.63 19.88 18.76 75507
20141211 19.70 20.92 21.19 19.51 125760
20141212 20.70 21.01 21.17 20.30 88559
20141215 20.62 21.05 21.87 20.58 90897
20141216 21.00 22.41 23.16 20.60 154427
20141217 22.00 23.50 24.50 21.80 214714
20141218 23.00 22.34 23.20 22.01 129780
20141219 22.01 20.86 22.02 20.44 101630
20141222 20.50 19.46 20.86 19.00 71542
20141223 19.83 19.88 20.80 19.46 69032
20141224 19.62 20.28 20.48 19.60 45423
20141225 20.07 20.50 20.97 19.88 55164
20141226 20.43 20.46 20.62 20.00 53261
20141229 20.50 19.75 20.55 19.50 58256
20141230 19.60 18.61 19.95 18.52 49418
20141231 18.58 19.03 19.36 18.50 45897
20150128 20.93 20.93 20.93 20.93 5146
20150129 21.63 20.80 22.42 20.80 113985
20150130 20.80 19.51 20.80 19.50 71908
20150202 19.08 18.93 19.50 18.86 33719
20150203 19.02 19.66 19.90 19.02 45207
20150204 19.70 21.63 21.63 19.39 170538
20150205 21.39 21.31 22.30 21.10 178174
20150206 21.30 20.87 21.91 20.76 79699
20150209 20.86 19.52 21.39 19.50 69118
20150210 19.32 20.37 20.37 19.27 42524
20150211 20.25 20.11 20.97 20.02 47406
20150212 20.30 20.68 20.79 19.86 51882
20150213 20.65 20.99 21.29 20.54 63231
20150216 21.09 21.42 21.45 20.71 79912
20150217 21.38 20.90 21.38 20.82 56028
20150225 21.15 21.56 21.98 20.78 92137
20150226 21.49 21.05 21.56 20.32 72246
20150227 21.04 21.70 22.49 21.04 103752
20150302 21.50 22.70 22.70 21.50 126187
20150303 22.45 21.91 22.88 21.90 100562
20150304 21.88 23.31 23.34 21.78 143693
20150305 23.39 23.03 23.79 22.66 131877
20150306 23.00 21.40 23.00 21.25 110271
20150309 20.95 23.54 23.54 20.49 105274
20150310 24.88 23.65 24.88 23.55 216729
20150311 23.02 23.33 23.79 22.50 106408
20150312 23.30 22.58 24.28 22.33 104539
20150313 22.68 23.02 23.20 22.07 76878
20150316 23.20 23.66 24.27 23.19 116686
20150317 23.84 24.37 24.48 23.33 121543
20150318 24.03 24.98 25.18 23.60 126586
20150319 25.02 25.28 26.20 24.50 157284
20150320 24.70 25.31 25.50 24.60 115530
20150323 25.32 26.75 27.37 25.20 161581
20150324 27.30 29.43 29.43 26.50 222635
20150325 29.98 29.63 32.28 29.61 220192
20150326 29.93 28.42 30.99 27.00 185988
20150327 27.20 27.81 28.27 27.02 101761
20150330 27.70 27.80 28.39 27.11 94630
20150331 27.78 28.84 29.48 27.36 120561
20150401 28.60 29.00 29.38 28.30 81298
20150402 29.00 29.30 29.45 28.58 98195
20150403 28.90 29.17 29.77 28.71 80966
20150407 29.21 28.90 29.43 28.28 94884
20150408 29.22 29.54 29.88 28.28 132086
20150409 29.50 27.90 29.50 27.02 103781
20150410 27.77 27.94 28.35 27.30 72547
20150413 28.48 30.29 30.66 27.95 161471
20150414 30.58 29.53 31.63 29.29 169767
20150415 29.00 28.30 30.69 28.08 96397
20150416 27.11 27.65 28.84 26.60 75582
20150417 27.86 27.32 28.19 27.30 71248
20150420 27.32 27.07 27.90 27.00 68646
20150421 26.82 28.37 28.38 26.81 72670
20150422 29.00 29.24 29.66 28.60 98817
20150423 28.98 29.80 31.50 28.90 112462
20150424 29.60 30.75 31.00 29.21 130306
20150427 30.00 28.56 30.14 28.50 170966
20150428 28.00 26.85 28.42 26.60 99709
20150429 26.85 27.67 28.36 26.85 75629
20150430 27.30 27.46 27.95 27.30 51669
20150504 27.77 28.16 28.30 27.00 59442
20150505 27.80 28.90 30.50 27.62 132770
20150506 29.00 29.89 31.00 28.18 184614
20150507 29.00 26.90 29.28 26.90 112949
20150508 26.90 28.27 28.35 26.90 95740
20150511 29.00 29.88 30.31 28.21 129857
20150512 29.88 32.87 32.87 29.60 162214
20150513 32.87 32.10 34.80 31.50 224066
20150514 31.45 32.59 34.61 31.31 208388
20150515 31.50 30.92 32.38 30.36 172491
20150518 31.00 32.65 32.98 31.00 170943
20150519 34.30 34.00 34.30 32.00 211356
20150520 34.50 36.20 37.38 34.20 243604
20150521 35.49 37.50 39.00 35.48 216012
20150522 37.66 38.63 39.93 35.80 213506
20150525 37.30 40.58 41.83 36.81 136150
20150526 40.02 44.64 44.64 40.02 140648
20150527 44.64 45.00 46.40 42.50 141710
20150528 44.01 40.50 46.33 40.50 131240
20150529 40.50 39.29 41.90 36.50 105926
20150601 39.60 41.33 41.79 39.60 92789
20150602 41.01 44.88 45.35 40.61 109583
20150603 44.50 42.85 45.76 42.03 102459
20150604 42.38 39.43 42.80 38.57 119536
20150605 40.29 39.43 41.70 38.60 109603
20150608 39.57 38.90 40.57 38.28 90405
20150609 38.51 39.97 40.20 37.31 75072
20150610 39.35 41.21 41.98 39.01 91141
20150611 41.20 40.36 41.80 39.88 66443
20150612 40.50 39.75 40.98 39.27 72981
20150615 39.79 36.49 40.20 36.45 88930
20150616 36.40 34.20 36.40 33.50 72144
20150617 34.21 37.10 37.10 34.21 70256
20150618 37.11 35.00 37.19 34.61 55879
20150619 33.25 33.83 35.92 33.21 53263
20150623 34.31 35.80 35.80 32.20 69925
20150624 36.10 35.89 36.57 35.00 80777
20150625 36.53 34.48 37.37 34.17 97322
20150626 32.66 31.03 33.60 31.03 52453
20150629 31.90 27.93 31.90 27.93 52007
20150630 25.45 28.89 29.50 25.14 62237
20150701 28.07 26.00 29.80 26.00 70883
20150702 26.00 23.40 26.00 23.40 62101
20150703 21.15 21.06 24.10 21.06 72261
20150706 23.16 18.95 23.16 18.95 73333
20150707 17.70 17.06 17.70 17.06 18685
20150708 15.35 15.35 15.35 15.35 5421
20150722 16.50 16.50 16.50 16.50 300
20150723 18.15 18.15 18.15 18.15 2445
20150724 19.97 19.97 19.97 19.97 2472
20150727 21.97 21.97 21.97 21.97 102268
20150728 20.20 24.14 24.17 20.20 311679
20150729 23.49 25.31 25.34 21.99 248595
20150730 25.97 22.79 25.97 22.78 189771
