20140115 15.20 15.37 16.28 15.03 76567
20140116 15.19 15.26 15.69 14.84 38039
20140117 15.05 15.00 15.27 14.73 33223
20140120 14.99 15.32 15.40 14.90 32381
20140121 15.18 15.29 15.40 14.97 29090
20140122 15.26 15.55 15.55 15.15 34006
20140123 15.76 15.71 16.18 15.60 36131
20140124 15.64 16.13 16.51 15.59 47830
20140127 16.15 16.17 16.48 15.85 29172
20140128 16.10 15.70 16.28 15.56 23657
20140129 15.79 15.86 15.95 15.62 18096
20140130 15.90 15.68 15.90 15.38 14329
20140207 15.52 16.09 16.10 15.43 16689
20140210 16.27 16.72 16.93 16.08 33633
20140211 16.69 17.15 17.28 16.41 41831
20140212 17.22 17.13 17.65 16.92 31140
20140213 17.03 16.60 17.27 16.48 24033
20140214 16.51 16.97 17.15 16.51 21344
20140217 17.08 17.43 17.49 16.87 21118
20140218 17.43 17.20 17.54 17.04 22541
20140219 17.16 17.05 17.34 16.80 18326
20140220 17.11 16.45 17.14 16.41 21803
20140221 16.40 16.66 16.67 16.32 15400
20140224 16.66 17.22 17.22 16.28 27013
20140225 17.27 15.93 17.40 15.88 35255
20140226 16.40 15.94 16.89 15.51 23154
20140227 16.74 17.40 17.53 16.20 132540
20140228 16.30 15.66 16.38 15.66 31753
20140303 15.21 15.74 16.09 15.06 74208
20140304 15.55 15.45 15.59 15.31 25793
20140305 15.60 15.48 15.75 15.41 21329
20140306 15.30 15.61 15.65 15.21 16873
20140307 15.61 15.40 15.69 15.35 16096
20140311 14.35 14.52 14.77 14.01 31254
20140312 14.52 14.43 14.60 14.00 16824
20140313 14.45 14.70 14.75 14.25 12150
20140314 14.60 14.80 14.83 14.51 11056
20140317 14.85 15.06 15.12 14.65 11346
20140318 15.03 15.02 15.19 15.00 12438
20140319 15.04 15.14 15.17 14.73 13753
20140320 15.10 14.67 15.26 14.60 12184
20140321 14.53 15.08 15.08 14.25 56126
20140324 14.90 15.15 15.15 14.70 24838
20140325 15.00 15.11 15.80 14.85 57000
20140326 15.01 14.93 15.25 14.83 32492
20140327 14.97 14.25 14.97 14.23 21898
20140328 14.25 13.79 14.43 13.72 20752
20140331 13.84 13.88 14.05 13.62 12105
20140401 13.88 14.11 14.16 13.88 9266
20140402 14.08 13.94 14.16 13.86 9327
20140403 14.03 13.95 14.09 13.88 7819
20140404 13.95 14.13 14.16 13.90 8403
20140408 14.07 14.27 14.29 14.00 11720
20140409 14.27 14.40 14.46 14.27 11460
20140410 14.40 14.46 14.70 14.38 18966
20140411 14.37 14.29 14.37 14.08 10886
20140414 14.30 14.52 14.52 14.17 9794
20140415 14.49 14.35 14.53 14.31 9451
20140416 14.28 14.35 14.47 14.27 8585
20140417 14.40 14.50 14.57 14.32 8691
20140418 14.50 14.73 14.80 14.46 13691
20140421 14.74 14.40 14.88 14.40 13072
20140422 14.40 14.11 14.50 13.95 17891
20140423 14.11 14.02 14.18 14.00 6816
20140424 13.97 13.84 14.18 13.65 15325
20140425 13.77 13.52 13.96 13.51 10007
20140428 13.52 13.41 13.73 13.35 11308
20140429 13.42 13.60 13.63 13.36 5948
20140430 13.66 13.70 13.76 13.55 6773
20140505 13.70 13.82 13.89 13.67 6530
20140506 13.82 13.99 14.06 13.80 8469
20140507 13.97 13.78 13.97 13.71 7068
20140508 13.95 14.15 14.84 13.81 21217
20140509 13.95 14.10 14.25 13.78 18416
20140512 14.13 14.35 14.45 14.08 11921
20140513 14.35 14.35 14.49 14.16 7580
20140514 14.36 14.32 14.42 14.23 6316
20140515 14.33 13.92 14.36 13.90 8319
20140516 13.86 13.75 13.97 13.55 10335
20140519 13.70 13.95 13.99 13.70 5768
20140520 14.15 14.13 14.29 14.09 7711
20140521 14.19 14.38 14.40 14.04 10425
20140522 14.76 14.81 15.60 14.59 53969
20140523 14.60 14.74 14.92 14.47 24864
20140526 14.80 15.12 15.12 14.70 28196
20140527 14.97 14.89 15.15 14.86 18433
20140528 14.84 14.95 15.00 14.84 15535
20140529 14.95 14.67 15.11 14.65 14924
20140530 14.68 14.80 14.91 14.56 12408
20140603 14.83 14.92 14.99 14.70 16933
20140604 14.82 15.21 15.22 14.81 27466
20140605 15.12 15.30 15.32 15.07 27252
20140606 15.30 15.18 15.39 15.11 19356
20140609 15.18 14.95 15.23 14.92 12053
20140610 14.93 15.16 15.17 14.81 15968
20140611 15.12 15.40 15.69 15.06 26154
20140612 15.40 15.33 15.68 15.31 23745
20140613 15.40 15.78 15.86 15.28 28305
20140616 15.89 15.76 16.05 15.68 21017
20140617 15.76 15.61 15.76 15.55 16529
20140618 15.58 15.30 15.67 15.27 15770
20140619 15.30 14.89 15.48 14.75 16770
20140620 14.81 15.00 15.01 14.63 15756
20140623 15.15 15.45 15.46 15.02 20518
20140624 15.44 15.33 15.59 15.14 26165
20140625 15.21 15.37 15.44 15.11 16688
20140626 15.40 15.73 15.85 15.37 30752
20140627 15.75 15.90 16.06 15.66 30206
20140630 15.90 16.38 16.47 15.76 38980
20140701 16.28 16.33 16.47 16.15 21684
20140702 16.35 16.82 16.84 16.31 38482
20140703 16.85 16.61 17.37 16.60 37801
20140704 16.61 17.19 17.28 16.55 34600
20140707 17.12 17.09 17.36 16.80 20078
20140708 17.01 17.09 17.19 16.87 22846
20140709 17.06 17.55 17.98 16.91 42615
20140710 17.32 17.54 17.95 17.32 20661
20140711 17.40 17.18 17.60 17.18 21297
20140714 17.20 17.44 17.56 17.02 22898
20140715 17.26 16.67 17.30 16.62 33002
20140716 16.67 16.53 16.98 16.42 18751
20140717 16.51 16.51 16.79 16.25 16727
20140718 16.49 16.57 16.69 16.38 10079
20140721 16.68 17.17 17.20 16.62 25933
20140722 17.10 17.23 17.44 17.02 24608
20140723 17.11 16.80 17.36 16.68 18853
20140724 16.73 17.23 17.36 16.62 33435
20140725 17.14 17.58 17.60 17.10 21339
20140728 17.60 17.64 17.85 17.33 27811
20140729 17.65 18.03 18.20 17.53 34995
20140730 18.04 18.42 18.57 18.00 32078
20140731 18.40 18.12 18.40 18.00 25506
20140801 17.84 18.17 18.49 17.60 43742
20140804 18.01 17.81 18.32 17.70 23410
20140805 17.83 18.47 18.70 17.81 32747
20140806 18.45 18.84 18.86 18.21 24399
20140807 18.88 18.70 19.23 18.41 19714
20140808 18.70 18.78 18.93 18.62 11973
20140811 18.98 19.59 19.65 18.90 25561
20140812 19.77 19.18 19.79 19.11 29603
20140813 19.18 19.45 19.53 18.81 28475
20140814 19.89 19.15 19.89 19.15 18013
20140815 19.09 19.05 19.54 19.01 19451
20140818 18.97 19.28 19.35 18.70 26302
20140819 19.40 19.27 19.52 19.12 15132
20140820 19.15 19.52 19.98 19.15 18693
20140821 19.70 19.82 19.99 19.35 14266
20140822 20.00 20.65 20.79 19.95 25045
20140825 20.68 20.76 21.02 20.33 21239
20140826 20.84 20.34 21.28 20.10 26397
20140827 20.60 20.22 20.60 20.15 13412
20140828 20.38 19.92 20.38 19.90 16460
20140829 19.95 20.25 20.25 19.50 21601
20140901 20.27 20.47 20.50 19.92 23175
20140902 20.47 20.71 20.85 20.25 24753
20140903 20.71 21.27 21.35 20.60 21784
20140904 21.21 21.25 21.30 20.90 15070
20140905 21.18 21.45 21.48 20.82 24706
20140909 21.38 21.88 21.88 21.12 17726
20140910 21.90 22.50 22.50 21.31 18257
20140911 22.00 21.38 22.09 20.80 64644
20140912 21.09 21.29 21.90 20.90 36625
20140915 21.27 21.19 21.27 21.00 17686
20140916 21.55 21.69 21.92 21.19 36477
20140917 21.67 21.69 21.69 21.05 17156
20140918 21.60 22.10 22.10 21.23 27339
20140919 22.09 22.89 22.89 21.89 29269
20141009 24.18 25.18 25.18 23.18 55024
20141010 25.43 24.50 26.38 24.50 88796
20141013 24.26 24.20 24.95 23.51 35768
20141014 24.32 24.19 24.66 23.51 26625
20141015 23.79 24.10 24.44 23.32 27062
20141016 23.70 24.16 24.30 23.58 21761
20141017 24.25 23.95 24.25 23.05 16649
20141020 23.78 23.90 23.99 23.15 19474
20141021 23.79 23.39 23.81 23.18 15315
20141022 23.31 22.27 23.41 22.26 24833
20141023 22.22 20.93 22.23 20.86 39650
20141024 20.90 21.51 21.83 20.90 27064
20141027 21.32 21.43 21.92 21.32 11022
20141028 21.53 22.32 22.39 21.53 15805
20141029 22.50 22.26 22.80 22.25 14705
20141030 22.27 22.28 22.52 22.05 16577
20141031 22.20 21.70 22.47 21.55 21278
20141103 21.69 22.07 22.27 21.32 12645
20141104 21.93 22.00 22.20 21.39 18245
20141105 22.07 21.68 22.07 21.30 7938
20141106 21.78 22.28 22.34 21.78 19277
20141107 22.93 23.39 23.71 22.50 38755
20141110 23.39 23.78 23.85 23.01 26485
20141111 23.76 22.80 24.05 22.56 22928
20141112 22.91 23.19 23.25 22.40 15083
20141113 23.21 23.26 23.57 22.92 18061
20141114 23.04 22.94 23.17 22.82 9847
20141117 22.89 22.90 23.05 22.60 6576
20141118 23.13 23.01 23.55 22.91 7177
20141119 23.02 23.11 23.28 22.93 5841
20141120 23.26 23.07 23.26 22.97 4288
20141121 23.03 22.89 23.18 22.81 6357
20141124 22.99 23.13 23.29 22.74 16313
20141125 23.08 23.87 23.98 23.00 21698
20141126 24.09 23.74 24.18 23.61 16668
20141127 23.95 23.93 24.35 23.64 10250
20141128 23.89 23.96 24.28 23.71 9686
20141201 23.96 22.98 24.16 22.90 14177
20141202 23.10 22.87 23.28 22.60 14440
20141203 22.79 22.63 22.94 22.31 19565
20141204 22.63 22.80 22.99 22.63 11746
20141205 22.70 20.97 22.79 20.70 44424
20141208 20.80 20.45 20.89 20.06 21500
20141209 20.46 20.03 20.59 19.96 21595
20141210 20.02 21.03 21.37 19.98 26028
20141211 20.84 20.89 21.35 20.68 15513
20141212 20.90 21.05 21.20 20.70 12095
20141215 21.05 21.75 21.98 20.85 18038
20141216 21.68 21.71 21.98 21.51 11076
20141217 21.95 21.44 21.95 21.18 10821
20141218 21.60 20.98 21.60 20.90 11735
20141219 20.80 21.30 21.30 20.32 16546
20141222 21.21 21.84 21.92 20.51 21240
20141223 22.10 21.60 22.10 21.50 29796
20141224 21.20 21.29 21.50 20.50 11817
20141225 21.29 20.99 21.38 20.91 6948
20141226 20.83 20.77 21.12 20.72 6730
20141229 20.97 20.20 20.97 20.00 12649
20141230 19.71 19.79 20.25 19.65 8546
20141231 19.30 19.30 19.84 18.80 18831
20150105 19.29 19.10 19.29 18.50 5019
20150106 19.11 19.55 19.55 18.92 9835
20150107 19.40 19.43 19.63 19.00 6430
20150108 19.35 19.70 20.18 19.35 12650
20150109 19.53 19.62 20.15 19.53 9701
20150112 19.56 19.30 19.87 19.05 7718
20150113 19.12 19.44 19.63 19.11 8634
20150114 19.44 19.38 19.50 19.17 7707
20150115 19.38 19.94 20.18 19.38 8921
20150116 20.08 20.09 20.10 19.71 13771
20150129 18.99 20.35 22.10 18.99 41613
20150130 20.77 20.90 21.33 20.34 25747
20150202 20.89 21.71 21.79 20.15 23593
20150203 21.88 22.74 23.00 21.75 25939
20150204 22.96 22.62 23.11 22.22 17247
20150205 22.50 22.60 23.08 22.50 9672
20150206 22.78 22.21 22.84 22.00 8501
20150209 22.10 22.30 22.42 22.01 12910
20150210 22.26 22.78 22.85 22.00 16613
20150211 22.95 23.89 23.98 22.74 20377
20150212 23.89 25.01 25.17 23.35 25151
20150213 25.01 25.00 25.45 24.86 19578
20150216 25.01 25.10 25.28 24.63 13213
20150217 24.99 24.87 24.99 24.00 15951
20150225 24.87 25.04 25.15 24.57 11191
20150226 25.04 25.93 26.30 25.03 18045
20150227 25.95 25.87 26.00 25.54 10032
20150302 26.01 28.46 28.46 26.01 31463
20150303 28.73 27.88 29.05 27.88 21631
20150304 27.60 27.76 28.28 27.20 19386
20150305 28.20 28.24 28.39 27.71 13819
20150306 28.31 26.76 28.31 26.75 24610
20150309 26.47 26.90 27.19 26.38 15542
20150310 26.90 27.86 27.97 26.70 12360
20150311 27.85 28.35 28.46 27.53 14741
20150312 29.00 27.66 29.02 27.45 11250
20150313 27.25 27.29 27.90 26.78 12623
20150316 27.29 27.61 27.84 26.95 23544
20150317 27.60 27.72 28.10 27.21 13278
20150318 27.72 27.91 28.00 27.36 17154
20150319 27.90 30.70 30.70 27.68 33380
20150331 33.77 32.78 33.77 31.02 54590
20150401 33.40 31.78 33.40 31.19 49612
20150402 31.78 32.23 32.96 31.30 45740
20150403 31.88 32.08 32.60 31.38 34434
20150407 31.90 35.29 35.29 31.90 46681
20150408 34.98 37.38 37.95 34.98 66216
20150409 37.00 36.30 37.35 34.00 36829
20150410 36.05 36.70 36.88 34.80 36811
20150413 36.37 35.99 36.88 35.50 36558
20150414 35.82 37.55 37.88 35.01 42856
20150415 37.00 37.40 38.52 35.63 27772
20150416 36.60 37.90 38.00 33.71 30673
20150417 37.99 36.22 38.56 36.09 51631
20150420 34.51 35.30 35.90 34.30 41095
20150421 35.30 38.83 38.83 34.63 47270
20150422 39.00 41.10 42.50 37.00 57320
20150423 40.85 41.87 42.50 40.85 36763
20150424 41.05 41.80 42.25 40.45 26632
20150427 41.69 41.40 41.97 39.84 29188
20150428 40.90 40.00 41.24 39.05 19287
20150429 40.00 42.20 42.58 39.00 20177
20150430 42.20 41.75 42.80 41.00 20942
20150504 41.68 40.00 42.35 39.30 20304
20150505 40.00 38.55 40.68 38.18 13719
20150506 38.60 37.09 39.70 37.02 13902
20150507 37.30 35.70 37.58 35.20 17432
20150508 35.75 36.88 37.69 35.75 11097
20150511 37.69 38.55 38.66 37.00 17612
20150512 38.55 38.00 38.80 37.10 31735
20150513 36.60 39.50 40.00 36.02 35829
20150514 39.50 40.68 41.50 39.12 31479
20150515 40.70 42.66 44.28 39.01 29727
20150518 42.56 45.00 45.78 42.56 35310
20150519 45.77 44.43 45.77 43.67 49952
20150520 44.98 45.28 46.00 43.83 39716
20150521 44.20 48.05 48.50 44.09 38594
20150522 49.60 49.06 50.77 46.91 54391
20150525 47.50 51.30 52.00 47.35 53026
20150526 50.96 53.30 53.66 50.04 35057
20150527 53.62 58.62 58.63 53.62 43593
20150528 58.63 57.25 63.29 56.00 41253
20150529 58.00 61.00 62.00 54.35 36165
20150601 61.70 62.39 65.00 60.45 33282
20150602 61.99 58.80 61.99 56.61 58492
20150603 57.55 60.56 60.60 56.10 57395
20150604 60.39 58.95 60.39 54.50 42139
20150605 60.20 57.86 60.20 56.71 62757
20150608 57.56 52.93 57.57 52.07 52807
20150609 52.70 54.50 54.75 52.00 24772
20150610 55.10 54.87 55.98 52.72 29328
20150611 55.50 55.98 57.04 54.02 32677
20150612 56.03 53.99 57.53 53.50 50924
20150615 53.99 54.25 55.58 53.19 48180
20150616 54.24 51.98 55.66 49.01 37963
20150617 52.10 54.68 54.68 50.14 30247
20150618 54.87 55.63 56.43 54.00 35482
20150619 54.00 53.90 54.98 52.05 26017
20150623 53.90 54.48 55.01 51.17 43265
20150624 55.27 55.23 56.98 53.11 44943
20150625 55.23 52.48 56.66 49.77 39336
20150626 50.50 47.23 52.60 47.23 37970
20150629 47.50 42.51 47.95 42.51 18280
20150630 39.00 43.00 44.20 38.26 63937
20150701 42.00 38.70 43.44 38.70 27510
20150702 35.15 34.83 38.69 34.83 21132
20150703 31.35 31.35 33.00 31.35 28143
20150706 32.91 28.22 32.99 28.22 63480
20150707 25.40 25.40 25.40 25.40 1932
20150708 22.86 22.86 23.86 22.86 271674
20150709 20.68 25.15 25.15 20.68 61740
20150710 26.20 27.67 27.67 26.16 22146
20150713 30.42 30.44 30.44 28.50 63148
20150714 30.40 30.75 33.48 29.98 77394
20150715 28.70 27.68 31.00 27.68 41636
20150716 26.19 28.00 30.01 24.92 40219
20150717 27.88 30.11 30.80 27.88 42951
20150720 29.50 32.08 32.31 29.50 46350
20150721 31.50 31.51 33.15 30.00 34805
20150722 31.18 31.30 32.36 30.31 30875
20150723 31.68 32.93 34.00 31.11 32521
20150724 33.40 31.95 34.50 31.51 29024
20150727 31.00 28.76 33.49 28.76 25925
20150728 26.35 26.20 28.83 25.88 26140
20150729 27.30 27.67 27.87 25.01 27843
20150730 27.78 27.03 28.98 25.90 28342
