20140102 19.44 19.75 19.89 19.16 13469
20140103 19.65 19.50 19.85 19.35 15593
20140106 19.50 18.52 19.50 18.51 10438
20140107 18.38 18.48 18.65 17.93 7980
20140108 18.60 20.17 20.33 18.60 41805
20140109 20.18 20.36 21.40 20.01 56775
20140110 20.10 20.15 20.61 19.70 22750
20140113 20.15 20.06 20.45 19.72 18975
20140114 20.04 21.14 21.20 20.04 32571
20140115 21.08 22.80 23.15 20.91 73655
20140116 22.80 22.54 23.08 22.14 38965
20140117 22.49 23.31 24.00 22.20 40174
20140120 23.33 22.86 24.17 22.30 36761
20140121 22.86 22.89 23.55 22.32 27020
20140122 23.00 22.95 23.85 22.65 45521
20140123 22.97 25.25 25.25 22.95 75904
20140124 25.53 27.10 27.10 25.28 61962
20140127 27.00 26.50 27.27 26.13 50585
20140128 26.35 26.69 26.90 25.10 34777
20140129 26.46 27.89 28.10 26.33 37332
20140130 28.00 27.91 28.99 27.15 21152
20140207 27.98 27.38 28.00 26.46 21300
20140210 27.75 27.05 28.00 25.96 48661
20140211 26.96 25.06 26.96 24.40 80478
20140212 25.08 25.46 25.64 24.80 36725
20140213 25.45 25.26 26.00 24.70 32750
20140214 25.00 25.90 25.98 25.00 20942
20140217 26.59 28.49 28.49 26.59 69448
20140218 28.99 29.26 30.11 27.28 56217
20140219 29.40 28.79 29.60 28.10 21311
20140220 28.65 27.90 28.65 27.21 23760
20140221 27.50 27.88 28.20 27.50 11541
20140224 27.90 28.24 28.30 27.51 11835
20140225 28.25 25.42 28.90 25.42 30480
20140226 24.80 26.25 26.34 22.88 60329
20140227 25.60 24.70 26.52 24.45 34775
20140228 24.40 26.16 26.24 24.33 29431
20140303 26.50 27.82 28.50 26.31 44089
20140304 27.62 28.19 28.38 27.03 16554
20140305 27.80 30.10 30.90 27.80 53772
20140306 29.20 30.15 30.50 28.00 25697
20140307 29.90 29.96 30.38 29.22 16452
20140310 30.10 26.96 30.15 26.96 33828
20140311 26.81 25.53 27.20 25.00 34326
20140312 25.14 25.83 26.25 25.06 17657
20140313 25.83 27.40 27.68 25.75 17666
20140314 27.70 26.87 27.90 26.70 15837
20140317 25.80 27.40 27.50 25.80 24413
20140318 27.33 26.60 27.47 26.40 24255
20140319 26.40 26.00 26.58 25.58 17796
20140320 26.20 25.78 26.66 25.16 14505
20140321 25.78 25.75 25.80 24.10 12896
20140324 25.48 25.45 25.73 25.10 8420
20140325 25.50 25.81 25.85 25.18 7936
20140326 25.80 26.39 26.52 25.80 7400
20140327 26.25 25.15 26.50 25.00 9403
20140328 25.00 22.64 25.00 22.64 30607
20140331 21.82 22.09 22.80 20.38 30817
20140401 21.60 21.89 21.99 20.62 22889
20140402 21.81 21.42 22.29 21.00 15966
20140403 22.09 22.18 22.57 21.75 18022
20140404 22.02 22.97 23.45 22.00 12653
20140408 22.64 22.30 22.77 22.02 16120
20140409 22.40 22.69 22.89 22.31 15417
20140410 22.86 23.20 24.08 22.86 18155
20140411 23.20 22.42 23.20 21.90 14986
20140414 22.44 22.37 22.98 22.08 11111
20140415 22.50 21.75 22.50 21.35 18256
20140416 21.60 21.88 21.96 21.50 13191
20140417 21.87 21.66 21.97 21.64 7284
20140418 21.60 21.98 22.06 21.50 10654
20140421 21.80 21.96 22.09 21.40 7328
20140422 21.95 21.40 22.00 21.20 19478
20140423 21.46 21.50 21.68 21.30 3862
20140424 21.61 21.82 21.94 21.37 9173
20140425 21.82 21.95 22.24 21.82 12797
20140428 21.75 21.20 21.95 21.01 9064
20140429 21.13 21.38 21.70 21.11 7457
20140430 21.40 22.50 22.57 21.22 13688
20140505 22.40 23.65 23.69 22.21 21418
20140506 23.64 23.70 24.20 23.12 14509
20140507 23.82 23.72 25.05 23.30 18901
20140508 23.40 23.40 24.30 23.29 9954
20140509 23.63 22.73 23.64 22.42 10117
20140512 23.00 23.03 23.18 22.76 16615
20140513 23.00 22.92 23.47 22.67 9511
20140514 22.81 22.50 23.08 22.30 7561
20140515 22.43 23.28 23.32 22.40 25388
20140516 23.28 23.66 23.66 22.56 18062
20140519 23.53 23.09 23.57 22.98 14447
20140520 23.23 23.13 23.67 22.80 13312
20140521 23.39 23.79 24.10 23.14 16474
20140522 23.69 24.20 24.50 23.60 19746
20140523 24.00 24.75 25.00 24.00 13938
20140526 24.68 24.75 25.12 24.50 14315
20140527 24.96 24.86 24.98 24.56 8872
20140528 24.86 24.90 25.25 24.68 22378
20140529 24.80 24.00 24.80 23.80 22579
20140530 24.11 23.88 24.11 23.01 16551
20140603 23.80 24.02 24.38 23.71 14361
20140604 23.71 23.29 24.29 22.80 15562
20140605 23.11 23.45 23.75 23.09 12069
20140606 23.55 22.91 23.89 22.81 11262
20140609 22.56 23.18 23.30 22.56 4901
20140610 23.04 23.33 23.58 23.01 11601
20140611 23.45 23.22 23.45 23.00 10290
20140612 23.13 22.89 23.19 22.81 18712
20140613 22.90 23.07 23.33 22.60 15731
20140616 23.30 23.40 23.55 23.03 22447
20140617 23.48 24.83 25.49 23.46 52062
20140618 24.70 24.40 24.81 24.20 21408
20140619 24.40 24.40 24.89 24.18 38571
20140620 24.38 24.90 24.90 24.01 25329
20140623 25.00 25.38 25.67 24.82 28299
20140624 25.38 24.95 25.58 24.93 15181
20140625 24.95 25.55 25.55 24.70 17626
20140626 25.60 26.58 26.88 25.50 32400
20140627 26.50 26.52 26.80 26.11 12580
20140630 26.52 26.59 27.27 26.30 18695
20140701 26.56 26.59 26.79 26.05 12467
20140702 26.32 26.26 27.00 26.00 14256
20140703 26.25 25.90 26.58 25.65 13262
20140704 25.77 25.46 26.00 25.34 13193
20140707 25.41 26.30 26.50 25.35 18217
20140708 26.29 26.12 26.75 25.81 12463
20140709 26.40 25.24 26.40 25.00 16144
20140710 25.23 25.19 25.36 24.61 8837
20140711 25.18 24.77 25.30 24.68 11451
20140714 25.06 24.20 25.06 23.55 30851
20140715 24.20 24.53 24.68 23.96 13058
20140716 24.54 24.30 25.00 24.15 15617
20140717 24.16 23.99 24.57 23.71 10523
20140718 23.81 24.05 24.25 23.62 6988
20140721 24.06 23.97 24.34 23.79 9884
20140722 23.88 24.30 24.30 23.80 8665
20140723 24.18 22.89 24.29 22.51 20331
20140724 22.53 21.93 22.89 21.56 27103
20140725 21.93 22.16 22.47 21.40 10662
20140728 22.20 22.38 22.48 21.97 18411
20140729 22.50 22.50 22.58 22.24 32749
20140730 22.50 22.68 22.70 22.40 16151
20140731 22.54 22.73 22.75 22.49 13938
20140801 22.75 22.34 22.87 22.18 14489
20140804 22.34 22.65 22.68 22.19 8413
20140805 22.64 22.94 23.10 22.35 11633
20140806 23.00 22.95 23.03 22.75 9645
20140807 23.00 22.83 23.20 22.80 9107
20140808 22.82 23.00 23.10 22.81 10004
20140811 23.00 23.44 23.58 22.92 14053
20140812 23.42 23.37 23.55 23.24 11632
20140813 23.27 22.93 23.46 22.80 12623
20140814 23.18 23.05 23.38 23.00 10628
20140815 23.07 23.21 23.35 22.76 9369
20140818 23.40 23.99 24.17 23.22 20238
20140819 23.81 24.01 24.27 23.81 15929
20140820 23.90 23.95 24.20 23.70 13383
20140821 23.95 24.36 24.47 23.82 21103
20140822 24.39 24.41 24.66 24.10 17814
20140825 24.55 24.29 24.57 24.00 17639
20140826 24.12 22.90 24.25 22.78 27447
20140827 22.90 22.99 23.07 22.75 9723
20140828 23.06 22.92 23.20 22.50 11037
20140829 22.95 23.14 23.20 22.84 9787
20140901 23.29 24.80 25.05 23.18 41370
20140902 24.80 25.20 25.48 24.55 47341
20140903 25.10 25.55 25.68 24.90 38660
20140904 25.60 25.42 25.80 25.21 39614
20140905 25.46 25.35 25.88 25.20 35246
20140909 25.36 25.11 25.40 24.73 24616
20140910 25.01 25.19 25.40 24.82 19169
20140911 25.30 24.90 25.43 24.73 26568
20140912 24.88 25.27 25.35 24.80 14981
20140915 25.32 25.57 25.79 25.02 37058
20140916 25.57 24.87 25.68 24.40 34924
20140917 24.86 24.91 26.90 24.66 32583
20140918 24.90 24.00 25.15 23.63 37522
20140919 24.00 23.83 24.00 23.48 20336
20140922 23.85 24.02 24.22 23.80 16069
20140923 23.94 24.15 24.15 23.74 16080
20140924 24.13 24.54 24.68 24.03 18756
20140925 24.68 24.33 24.68 24.28 17877
20140926 24.34 24.16 24.58 23.90 12227
20140929 24.20 24.57 24.60 24.20 17557
20140930 24.55 25.13 25.27 24.52 27809
20141008 25.13 25.35 25.79 25.03 27945
20141009 25.98 25.30 26.00 24.91 43517
20141010 25.01 24.73 25.16 24.68 26074
20141013 24.44 24.46 24.57 24.04 23687
20141014 24.52 25.40 25.54 24.50 36406
20141015 25.40 25.52 25.57 25.07 30185
20141016 25.68 24.85 25.68 24.80 23829
20141017 24.80 24.17 24.97 23.85 35141
20141020 24.01 24.18 24.37 23.99 23860
20141021 24.13 23.70 24.45 23.64 24005
20141022 23.63 23.64 24.05 23.58 11221
20141023 23.51 23.63 23.97 23.51 12568
20141024 23.69 23.85 23.95 23.48 9836
20141027 23.85 23.58 23.85 22.82 13051
20141028 23.63 24.18 24.18 23.63 13739
20141029 24.20 24.25 24.63 24.20 21432
20141030 24.35 24.04 24.64 23.97 17164
20141031 24.00 23.30 24.14 23.23 27901
20141103 23.40 23.33 23.54 23.02 33543
20141104 23.33 23.41 23.50 23.24 20987
20141105 23.44 23.50 23.60 23.12 20327
20141106 23.40 23.92 23.94 23.32 17541
20141107 23.92 23.80 24.35 23.71 26346
20141110 23.81 23.63 24.27 23.38 22242
20141111 23.58 22.83 23.60 22.57 31229
20141112 22.70 23.00 23.05 22.60 20817
20141113 23.00 23.08 23.23 22.60 17995
20141114 23.00 23.07 23.15 22.70 7724
20141117 22.90 23.20 23.25 22.80 10302
20141118 23.39 23.39 23.44 23.01 12888
20141119 23.39 23.89 23.89 23.14 34883
20141120 23.61 23.92 24.14 23.50 25171
20141121 23.76 24.20 24.22 23.75 26345
20141124 24.46 24.74 24.80 23.78 40135
20141125 24.53 24.78 24.87 24.41 26929
20141126 24.66 25.17 25.20 24.66 31895
20141127 25.20 24.92 25.20 24.62 30002
20141128 24.79 24.71 25.16 24.55 24001
20141201 24.63 24.94 24.97 24.35 19238
20141202 24.95 25.43 25.68 24.90 30629
20141203 25.43 25.29 25.49 24.67 27522
20141204 25.20 25.37 25.54 25.00 23783
20141205 25.90 24.99 26.16 24.10 27204
20141208 25.00 24.28 25.01 24.28 26671
20141209 24.30 22.30 24.30 21.88 58086
20141210 22.30 23.09 23.25 21.90 30981
20141211 22.90 22.91 23.22 22.53 15582
20141212 22.91 23.15 23.22 22.77 18829
20141215 23.26 23.93 24.00 23.00 23129
20141216 23.88 23.99 24.13 23.68 13359
20141217 23.76 24.28 24.54 23.55 19271
20141218 24.08 24.04 24.56 23.86 17998
20141219 24.02 23.31 24.26 23.01 12817
20141222 23.30 23.02 23.45 21.13 27868
20141223 22.80 22.70 22.94 21.95 12601
20141224 22.50 22.89 23.08 22.50 8111
20141225 22.59 23.25 23.32 22.59 13238
20141226 23.25 23.24 23.28 22.71 17775
20141229 23.00 23.15 23.15 22.48 15021
20141230 23.19 22.19 23.19 22.00 19708
20141231 22.20 22.30 22.40 21.92 6626
20150105 22.21 21.80 22.49 21.50 17821
20150106 21.60 22.25 22.25 21.31 14700
20150107 22.24 21.62 22.37 21.35 18734
20150108 21.52 21.60 21.82 21.50 12527
20150109 21.99 21.57 22.17 21.55 14588
20150112 22.20 21.57 22.20 21.48 8018
20150113 21.57 21.89 22.10 21.41 13950
20150114 21.90 21.96 22.19 21.44 15202
20150115 21.88 21.88 22.30 21.75 12508
20150116 21.81 22.20 22.25 21.81 13063
20150119 21.85 21.74 22.55 21.50 25236
20150120 21.91 22.92 23.20 21.73 41615
20150121 23.20 22.95 23.20 22.64 27568
20150122 23.34 23.28 23.57 23.01 32073
20150123 23.30 23.06 23.30 22.82 20195
20150126 23.15 24.78 24.86 23.06 60874
20150127 24.81 25.66 25.93 24.81 73921
20150128 25.50 25.61 25.85 25.13 29571
20150129 24.68 25.40 25.60 24.68 28833
20150130 25.05 24.34 25.39 24.28 27381
20150202 24.00 25.07 25.28 23.90 24209
20150203 25.07 24.90 25.46 24.76 92600
20150204 24.74 25.90 26.68 24.73 112701
20150205 26.18 28.10 28.49 25.82 123782
20150206 28.00 27.93 28.45 26.60 86973
20150209 27.90 28.37 29.98 27.40 90325
20150210 28.09 28.30 28.50 27.39 49890
20150211 28.28 29.83 30.35 28.21 81731
20150212 29.99 29.64 30.33 29.30 33241
20150213 29.68 30.44 31.26 29.68 41081
20150216 30.20 32.02 32.26 30.20 38231
20150217 31.53 31.60 32.28 30.67 33444
20150225 31.65 30.00 32.22 29.87 37260
20150226 29.98 30.28 30.48 28.50 42623
20150227 30.29 31.68 32.22 30.00 41419
20150302 31.31 33.18 33.21 31.31 34703
20150303 32.84 33.00 34.89 32.70 35148
20150304 32.71 35.96 36.30 32.50 53134
20150305 35.96 35.51 36.30 34.55 36633
20150306 35.51 35.60 36.97 34.58 35564
20150309 35.61 35.41 36.00 34.07 17350
20150310 35.40 35.10 35.40 34.61 25482
20150311 35.00 34.14 35.39 33.86 33513
20150312 34.29 33.48 34.44 32.85 28332
20150313 33.49 36.83 36.83 33.49 55098
20150316 37.57 38.28 38.78 36.12 52390
20150317 38.91 37.19 38.97 36.90 33634
20150318 37.58 38.05 38.80 36.78 50427
20150319 37.80 37.10 37.81 36.40 41144
20150320 37.09 37.44 38.31 36.81 42489
20150323 37.89 37.60 39.00 36.87 87001
20150324 37.99 41.00 41.36 37.22 137660
20150325 41.10 41.00 41.78 39.50 78660
20150326 40.50 39.96 41.33 37.80 64820
20150327 39.98 43.96 43.96 39.97 130550
20150330 43.55 46.00 46.00 42.63 94081
20150331 45.10 45.49 46.30 44.12 56042
20150401 45.40 45.22 46.00 44.38 40825
20150402 45.25 46.58 47.00 44.65 63582
20150403 46.50 45.60 46.50 45.10 47269
20150407 45.55 47.50 47.95 44.10 54283
20150408 47.01 46.75 47.47 44.80 54599
20150520 51.43 51.43 51.43 51.43 22
20150521 56.57 56.57 56.57 56.57 307
20150522 62.23 62.23 62.23 62.23 296
20150525 68.45 68.45 68.45 68.45 149
20150526 75.30 75.30 75.30 75.30 2461
20150527 82.83 82.83 82.83 82.83 39966
20150528 91.11 91.11 91.11 88.60 82837
20150529 90.00 90.20 91.99 82.00 191741
20150601 91.61 91.11 96.00 86.00 96928
20150602 91.74 100.22 100.22 89.55 98480
20150603 100.00 99.40 108.85 95.00 109202
20150604 96.00 92.30 98.60 89.46 73311
20150605 94.99 94.51 100.00 91.50 68219
20150608 95.60 92.70 96.25 85.52 62045
20150609 93.17 88.70 93.20 85.98 43075
20150610 87.04 92.70 94.90 86.38 51264
20150611 94.99 95.60 96.49 89.51 54337
20150612 95.54 94.98 96.20 92.68 49344
20150615 95.00 85.75 95.99 85.48 53756
20150616 40.00 38.55 40.47 38.55 98193
20150617 38.00 39.38 40.43 37.39 82572
20150618 39.20 35.80 40.97 35.80 84436
20150619 33.80 32.23 34.99 32.22 114124
20150623 32.88 32.81 33.30 29.55 90518
20150624 32.97 32.40 33.45 31.30 86810
20150625 33.63 29.49 34.00 29.16 178891
20150626 27.80 26.54 28.79 26.54 129104
20150629 27.00 23.89 27.14 23.89 165686
20150630 22.94 25.35 26.19 21.50 198414
20150701 25.35 23.95 27.58 23.50 200208
20150702 24.80 26.35 26.35 23.80 354483
20150703 25.75 28.73 28.99 25.15 354457
20150706 31.40 26.60 31.40 25.86 369830
20150714 29.26 29.26 29.26 29.26 8574
20150715 32.19 26.33 32.19 26.33 295978
20150716 25.80 26.40 27.90 23.70 175113
20150717 26.42 28.45 29.00 26.40 135619
20150720 29.45 31.30 31.30 28.41 186947
20150721 30.30 31.50 32.85 29.97 191871
20150722 31.06 31.81 32.48 30.68 141755
20150723 32.00 32.65 33.10 30.78 187589
20150724 34.00 35.89 35.92 33.50 372912
20150727 34.40 32.30 35.39 32.30 242892
20150728 29.07 29.07 31.89 29.07 184921
20150729 29.40 30.08 30.15 26.16 213793
20150730 29.10 27.07 30.08 27.07 139410
