20140123 17.77 17.77 17.77 17.77 1055
20140124 19.55 19.55 19.55 19.55 3474
20140127 20.50 20.65 21.50 19.75 143118
20140128 20.65 22.72 22.72 20.51 114662
20140129 23.28 24.99 24.99 22.55 129988
20140130 25.37 24.20 25.44 23.80 86547
20140207 24.20 24.52 24.58 23.60 86552
20140210 24.78 24.18 24.78 23.36 139067
20140211 23.95 23.34 23.99 22.84 104628
20140212 23.40 25.40 25.56 23.10 130010
20140213 25.09 23.65 25.09 23.54 76132
20140214 23.55 23.99 24.32 23.40 47455
20140217 23.65 23.91 24.46 23.27 64989
20140218 24.00 24.45 24.65 23.82 55874
20140219 24.65 24.20 24.65 23.60 38181
20140220 23.80 23.42 24.18 22.66 57090
20140221 23.26 23.92 24.29 23.26 41326
20140224 23.91 24.58 24.76 23.20 56495
20140225 24.35 23.75 25.19 23.60 65232
20140226 23.00 24.60 24.66 21.39 61804
20140227 24.40 22.97 25.49 22.88 54487
20140228 22.00 22.98 23.18 21.70 41373
20140303 22.97 24.30 24.65 22.53 31981
20140304 24.20 24.36 24.50 23.78 25730
20140305 24.54 23.70 24.63 23.41 35931
20140306 23.89 22.78 23.89 22.45 26704
20140307 22.79 22.05 22.79 21.88 29451
20140310 21.90 21.36 22.18 21.01 16874
20140311 21.28 21.10 21.53 20.31 45160
20140312 21.38 21.69 22.18 21.10 34641
20140313 21.92 22.50 22.93 21.60 38800
20140314 22.40 21.92 22.40 21.80 18965
20140317 21.90 22.18 22.55 21.40 25673
20140318 22.39 22.16 22.55 21.90 31255
20140319 22.22 22.11 22.36 21.90 17415
20140320 22.29 21.86 22.35 21.17 18861
20140321 21.48 22.27 22.76 21.48 25968
20140324 22.18 22.28 22.47 21.98 19223
20140325 22.28 21.72 22.28 21.24 18329
20140326 21.72 22.06 22.26 21.51 31464
20140327 22.25 21.31 22.25 21.30 11316
20140328 21.09 20.50 21.50 19.72 41998
20140331 20.28 19.82 20.50 19.35 16433
20140401 19.74 19.89 20.25 19.74 14792
20140402 19.93 18.84 20.00 18.50 51234
20140403 18.60 18.48 18.96 18.20 28332
20140404 18.31 19.08 19.10 18.31 15102
20140408 18.76 18.78 18.91 18.53 15762
20140409 18.80 19.32 19.45 18.79 20533
20140410 19.00 20.15 20.78 18.83 45199
20140411 19.80 20.22 20.47 19.68 19366
20140414 20.25 20.22 20.50 19.90 16739
20140415 20.20 19.76 20.20 19.60 11522
20140416 19.76 19.50 19.91 19.36 10077
20140417 19.69 19.22 19.69 19.13 11020
20140418 19.23 19.44 19.45 19.16 10146
20140421 19.20 19.30 19.49 19.02 9630
20140422 19.20 19.13 19.45 18.55 15378
20140423 19.33 18.72 19.33 18.70 9787
20140424 18.85 18.50 18.85 18.42 10852
20140425 18.40 18.30 18.85 17.96 12762
20140428 18.03 17.89 18.30 17.50 9834
20140429 17.81 18.39 18.83 17.81 10387
20140430 18.32 18.55 18.69 18.30 9621
20140505 18.51 18.80 18.85 18.45 11098
20140506 18.70 18.77 19.03 18.63 13804
20140507 18.70 18.17 18.70 18.10 10762
20140508 18.17 18.02 18.38 18.01 7212
20140509 17.93 17.46 18.08 17.17 11625
20140512 18.05 17.90 18.14 17.56 12321
20140513 17.98 19.58 19.58 17.81 49090
20140514 19.00 19.50 19.85 18.76 50494
20140515 19.48 18.95 19.64 18.62 49538
20140516 19.12 18.88 19.30 18.62 28080
20140519 18.21 18.35 18.79 17.50 23444
20140520 18.35 18.48 18.89 18.30 16096
20140521 18.50 18.72 18.75 18.05 12747
20140522 18.50 18.34 19.10 18.34 21873
20140523 19.20 18.99 19.20 18.60 32508
20140526 18.90 19.31 19.48 18.89 29033
20140527 19.38 18.66 19.38 18.49 39798
20140528 18.70 19.01 19.10 18.37 39593
20140529 18.91 18.50 18.92 18.18 25538
20140530 18.35 18.13 18.50 18.00 24747
20140603 18.13 18.21 18.34 18.10 14611
20140604 18.23 18.42 18.46 17.94 19873
20140605 18.39 18.84 18.90 18.30 20884
20140606 18.61 18.45 18.80 18.09 50738
20140609 18.31 18.40 18.57 18.08 16874
20140610 18.59 19.19 19.46 18.34 37554
20140611 19.00 19.35 19.79 18.83 79557
20140612 19.35 20.23 20.70 19.03 76490
20140613 19.98 20.63 21.20 19.91 52775
20140616 20.73 20.50 21.46 20.15 81704
20140617 20.58 19.84 20.58 19.82 35295
20140618 19.94 19.21 20.06 19.16 36088
20140619 19.10 18.77 19.40 18.42 38541
20140620 18.77 19.28 19.47 18.58 29974
20140623 19.26 19.97 20.17 19.26 41567
20140624 19.80 20.09 20.23 19.60 29650
20140625 20.09 19.64 20.13 19.58 17849
20140626 19.63 19.66 20.00 19.43 21491
20140627 19.65 19.64 19.83 19.32 22545
20140630 19.60 19.59 19.74 19.40 23643
20140701 19.59 19.32 19.59 19.20 28145
20140702 19.32 20.30 20.33 19.29 74775
20140703 20.30 20.53 20.65 20.10 53443
20140704 20.49 20.33 20.70 19.90 29351
20140707 20.34 20.03 20.53 19.72 24728
20140708 20.03 20.43 20.46 19.71 22749
20140709 20.36 19.64 20.47 19.50 31179
20140710 19.70 19.36 19.86 19.28 19714
20140711 19.39 19.13 19.53 19.08 22767
20140714 19.13 18.48 19.13 17.38 78785
20140715 18.10 18.00 18.46 17.84 37861
20140716 18.19 18.18 18.22 17.85 37308
20140725 17.55 17.69 17.98 16.99 37447
20140728 17.71 18.14 18.28 17.70 27890
20140729 18.14 18.43 18.69 18.14 28121
20140730 18.50 18.27 18.66 18.22 20513
20140731 18.27 18.23 18.52 18.14 21396
20140801 18.20 18.17 18.48 17.98 21321
20140804 18.44 18.12 18.49 18.00 31839
20140805 18.10 18.30 18.30 17.86 45776
20140806 18.30 18.09 18.34 18.02 36372
20140807 18.19 18.27 18.72 18.19 61999
20140808 18.25 18.44 18.51 18.13 25938
20140811 18.46 18.74 18.80 18.31 38594
20140812 18.89 19.32 19.44 18.74 58328
20140813 19.22 19.59 19.63 18.89 48338
20140814 19.57 19.02 19.69 19.00 37057
20140815 19.08 18.93 19.10 18.76 24092
20140818 18.98 19.60 19.65 18.98 47591
20140819 19.75 19.60 19.75 19.41 27935
20140820 19.50 19.38 19.50 19.13 33428
20140821 19.15 19.11 19.28 18.65 46081
20140822 19.09 19.06 19.24 18.90 39206
20140825 18.90 19.17 19.25 18.90 26509
20140826 19.13 18.70 19.40 18.70 29612
20140827 18.51 18.19 18.68 18.11 39644
20140828 18.19 17.90 18.27 17.80 28744
20140829 17.98 18.12 18.12 17.85 21208
20140901 18.35 18.32 18.37 18.16 27520
20140902 18.35 18.53 18.66 18.34 38656
20140903 18.77 18.57 18.79 18.39 41810
20140904 18.57 18.97 19.02 18.43 59490
20140905 18.89 18.82 18.93 18.63 47236
20140909 19.36 19.38 19.98 19.16 98693
20140910 19.38 19.80 19.96 19.34 98400
20140911 19.59 20.06 20.46 19.59 92332
20140912 20.00 19.94 20.10 19.61 54790
20140915 19.79 20.29 20.40 19.61 65348
20140916 20.30 19.35 20.85 19.18 81682
20140917 19.37 19.38 19.60 19.00 39135
20140918 19.27 19.65 19.76 19.24 34544
20140919 19.65 19.52 19.69 19.18 54589
20140922 19.36 19.26 19.43 19.13 29542
20140923 19.25 19.34 19.44 19.12 25205
20140924 19.33 19.55 19.59 19.24 49616
20140925 19.55 19.29 19.55 19.25 53344
20140926 19.30 19.47 19.49 19.25 31370
20140929 19.75 20.14 20.27 19.54 74306
20140930 20.15 19.98 20.26 19.90 44043
20141008 20.00 20.53 20.68 19.82 67325
20141009 21.10 21.26 21.36 20.40 125987
20141010 21.18 20.77 21.18 20.70 67757
20141013 20.78 20.19 20.78 20.01 81798
20141014 20.07 20.67 20.67 20.03 59518
20141015 20.30 20.31 20.48 20.08 37091
20141016 20.33 19.60 20.34 19.56 50257
20141017 19.50 19.06 19.58 18.75 47521
20141020 19.25 19.65 19.80 19.18 44511
20141021 19.59 19.47 19.81 19.43 27179
20141022 19.48 19.09 19.64 19.07 37915
20141023 19.06 18.78 19.23 18.38 28518
20141024 18.95 19.18 19.60 18.88 31675
20141027 19.06 19.12 19.13 18.70 24283
20141028 19.20 19.44 19.51 19.18 49931
20141029 19.77 19.69 19.99 19.53 74521
20141030 19.59 19.39 19.67 19.32 51556
20141031 19.35 19.13 19.50 18.91 38527
20141103 19.13 19.16 19.29 19.03 31533
20141104 19.21 18.60 19.21 18.60 50958
20141105 18.56 18.85 19.06 18.15 41374
20141106 18.75 19.04 19.25 18.71 41565
20141107 19.04 18.69 19.24 18.61 40442
20141110 18.53 18.58 18.75 18.38 26348
20141111 18.62 18.15 18.73 17.90 47154
20141112 18.12 18.31 18.38 18.02 19154
20141113 18.20 17.88 18.30 17.65 33255
20141114 17.88 17.98 18.08 17.76 19834
20141117 17.98 18.15 18.39 17.82 28028
20141118 18.25 18.32 18.34 18.12 20608
20141119 18.22 18.25 18.37 18.15 16167
20141120 18.26 18.44 18.45 18.16 22572
20141121 18.45 18.58 18.66 18.45 23502
20141124 18.58 18.40 18.68 18.31 28734
20141125 18.39 18.44 18.49 18.33 36057
20141126 18.45 18.47 18.50 18.28 41401
20141127 18.52 18.80 18.88 18.52 55058
20141128 18.86 18.50 18.86 18.36 38041
20141201 18.40 18.00 18.40 17.96 62676
20141202 18.00 18.28 18.44 17.81 28443
20141203 18.28 18.27 18.36 17.89 61697
20141204 18.30 18.28 18.40 18.22 63150
20141205 18.26 17.65 18.26 17.39 70654
20141208 17.68 17.39 17.70 17.30 50068
20141209 17.39 17.18 17.78 17.02 59756
20141210 17.35 17.87 17.94 17.25 43553
20141211 17.88 17.78 18.07 17.70 35730
20141212 17.81 18.06 18.17 17.59 59282
20141215 18.01 18.22 18.27 17.86 42921
20141216 18.21 17.70 18.22 17.69 48627
20141217 17.86 17.88 18.22 17.71 62129
20141218 17.88 17.58 17.95 17.50 34020
20141219 17.54 17.14 17.54 16.97 39702
20141222 17.10 15.90 17.10 15.72 49820
20141223 15.98 15.64 16.23 15.55 34689
20141224 15.57 15.94 15.95 15.51 31326
20141225 15.96 15.73 15.99 15.50 40253
20141226 15.69 15.63 15.83 15.53 33379
20141229 15.69 14.70 15.72 14.24 74523
20141230 14.30 14.79 15.04 14.30 39529
20141231 14.86 14.95 15.13 14.71 29638
20150105 14.80 14.75 14.90 14.37 38988
20150106 14.68 15.61 15.66 14.49 64162
20150107 15.38 15.57 15.79 15.34 36274
20150108 15.52 15.85 16.02 15.45 52315
20150109 15.80 15.89 16.63 15.76 79012
20150112 15.85 16.24 16.55 15.85 58412
20150113 16.24 16.33 16.45 16.00 39856
20150114 16.30 15.94 16.30 15.64 55744
20150115 15.92 15.57 15.98 15.44 36454
20150116 15.54 15.58 15.78 15.50 40092
20150119 15.43 14.93 15.75 14.80 49855
20150120 15.00 16.42 16.42 15.00 101435
20150121 16.86 16.71 17.05 16.41 119568
20150122 16.65 17.37 17.49 16.43 97205
20150123 17.26 17.18 17.37 16.73 55845
20150126 17.06 17.18 17.42 16.93 96285
20150127 17.10 16.88 17.10 16.61 66101
20150128 16.82 16.82 16.94 16.62 36021
20150129 16.74 16.78 16.89 16.52 58113
20150130 16.73 16.84 16.93 16.52 47603
20150202 16.85 17.00 17.67 16.61 76855
20150203 17.02 17.70 17.82 17.02 111704
20150204 17.61 17.57 17.88 17.41 62719
20150205 17.61 17.35 17.62 17.32 48264
20150206 17.26 16.89 17.35 16.84 35659
20150209 16.85 17.14 17.20 16.72 21386
20150210 17.08 17.15 17.56 16.78 49114
20150211 17.17 16.95 17.26 16.85 47170
20150212 16.95 16.61 17.08 16.60 45084
20150213 16.62 17.12 17.19 16.62 78814
20150216 17.17 17.44 17.47 17.02 64785
20150217 17.44 17.36 17.54 17.16 44101
20150225 17.39 17.10 17.42 17.04 53717
20150226 17.10 17.34 17.39 17.08 41595
20150227 17.36 18.04 18.09 17.19 93790
20150302 18.89 19.84 19.84 18.57 223582
20150303 19.88 19.82 20.49 19.48 154309
20150304 19.83 19.87 19.90 19.36 83674
20150305 19.70 19.65 19.95 19.46 65061
20150306 19.60 18.93 19.71 18.90 92217
20150309 18.85 19.29 19.37 18.68 42116
20150310 19.29 19.41 19.57 19.06 48206
20150311 19.42 21.35 21.35 19.38 166999
20150312 21.20 20.62 21.34 20.05 102518
20150313 20.30 21.80 22.38 20.30 128096
20150316 21.90 22.90 23.95 21.29 139149
20150317 22.80 22.74 23.08 22.40 67900
20150318 22.68 22.90 23.00 22.23 65332
20150319 23.10 23.63 23.68 22.81 79392
20150320 23.13 23.06 23.58 22.53 76342
20150323 23.06 23.01 23.15 22.35 97229
20150324 22.80 22.57 23.60 21.56 123288
20150325 22.57 23.80 24.78 22.16 143429
20150326 23.39 22.36 23.39 21.97 74170
20150327 22.30 22.19 22.79 21.86 82370
20150330 22.15 21.05 22.39 21.02 107423
20150331 21.20 21.68 22.16 21.20 90426
20150401 21.68 22.14 22.36 21.56 116845
20150402 22.22 22.48 22.72 21.89 110461
20150403 22.30 22.77 22.78 22.09 160025
20150407 22.97 22.79 23.12 22.30 167049
20150408 22.75 23.47 23.99 22.49 262529
20150409 23.49 23.62 23.88 21.66 216897
20150410 22.82 25.98 25.98 22.53 313272
20150413 26.15 26.83 27.86 25.38 263224
20150414 26.56 27.02 27.83 25.94 198576
20150415 27.00 25.80 27.50 25.50 111219
20150416 25.00 25.35 26.67 24.86 110080
20150417 25.35 24.68 25.64 24.48 114609
20150420 24.58 23.41 25.24 23.21 132663
20150421 23.42 24.65 24.65 23.42 94928
20150422 24.97 24.95 26.10 24.81 106240
20150423 25.02 25.49 25.62 24.60 102524
20150424 24.93 24.65 25.15 23.95 113085
20150427 24.99 24.13 25.18 23.75 101181
20150428 24.15 22.87 24.60 22.45 116030
20150429 22.91 23.31 23.51 22.48 61558
20150430 23.33 25.64 25.64 23.33 141555
20150504 25.66 25.30 26.09 24.75 97633
20150505 25.01 26.59 26.90 24.70 166607
20150506 26.18 28.60 29.25 26.01 189796
20150507 28.01 28.76 29.43 27.15 126710
20150508 28.70 31.33 31.56 28.08 133461
20150511 32.23 32.51 34.46 31.33 154301
20150512 32.51 32.79 33.79 31.12 91159
20150513 31.53 31.27 32.63 31.12 96738
20150514 31.09 34.40 34.40 30.00 121107
20150515 34.11 34.23 35.00 32.30 82211
20150518 33.65 33.04 35.90 32.66 90702
20150519 33.40 34.62 35.38 31.95 78727
20150520 34.63 36.62 37.74 34.62 131631
20150521 36.50 40.15 40.28 36.20 131051
20150522 40.15 38.48 42.22 37.00 129286
20150525 37.30 39.03 39.98 36.02 100901
20150526 38.50 39.20 39.60 37.96 151564
20150527 39.19 42.06 43.00 37.51 117142
20150528 42.05 39.30 44.44 39.30 89437
20150529 39.00 40.00 42.06 37.25 120180
20150601 40.90 43.58 43.87 40.90 80790
20150602 43.68 46.00 46.50 42.51 82532
20150603 45.58 44.15 46.94 41.40 103047
20150604 43.48 42.34 45.00 39.74 114882
20150605 42.70 41.18 43.00 40.40 133317
20150608 39.90 37.80 40.91 37.06 136042
20150609 37.00 38.50 38.80 36.00 82134
20150610 38.48 39.30 39.74 37.66 78600
20150611 39.30 40.61 41.18 39.29 91319
20150612 44.00 43.07 44.00 41.56 145862
20150727 38.76 38.76 38.76 38.76 1809
20150728 34.88 34.88 34.88 34.88 866
20150729 31.39 31.39 31.39 31.39 6807
20150730 28.25 28.25 28.25 28.25 96580
