20140102 58.30 58.53 59.39 56.97 11743
20140103 58.40 57.61 59.47 57.58 9793
20140106 57.45 54.88 57.45 54.82 21914
20140107 54.88 56.00 56.30 53.80 23864
20140108 57.40 59.47 59.58 56.69 25874
20140109 59.67 58.24 61.50 58.11 17335
20140110 58.00 59.40 60.60 57.56 12780
20140113 59.95 60.48 61.00 59.05 9968
20140114 60.50 61.50 62.49 60.42 13564
20140115 61.71 62.00 63.50 61.68 18750
20140116 62.62 62.40 62.62 60.01 13881
20140117 62.20 60.50 62.44 59.61 9879
20140120 60.44 59.50 61.00 58.65 12796
20140121 59.50 62.70 62.92 59.50 11739
20140122 62.75 63.26 64.21 62.11 15376
20140123 63.26 63.23 64.55 62.00 12371
20140124 63.10 64.08 65.48 62.00 14307
20140127 64.01 68.28 70.00 63.50 19242
20140128 68.35 69.30 69.50 66.00 13603
20140129 70.50 71.80 72.48 69.00 26518
20140130 71.00 69.01 71.80 68.70 15523
20140207 68.85 69.45 69.97 67.81 10250
20140210 70.00 70.15 72.87 69.09 29734
20140211 70.15 68.00 70.73 66.66 19118
20140212 68.00 68.20 69.00 67.00 12658
20140213 68.78 69.25 71.61 68.00 44100
20140214 68.88 74.84 75.80 68.10 25917
20140217 74.80 78.60 79.98 74.00 25206
20140218 78.50 78.43 80.50 77.30 13595
20140219 78.00 76.70 79.00 76.05 16658
20140220 76.70 75.00 76.70 74.00 12127
20140221 75.10 76.60 76.90 74.01 13174
20140224 76.80 72.00 77.00 71.34 30446
20140225 74.00 71.30 75.60 68.00 35155
20140226 68.70 70.50 71.09 67.50 30501
20140227 70.10 69.38 72.17 68.05 22534
20140228 68.99 73.02 73.85 68.00 24900
20140303 73.02 76.66 78.50 73.00 18726
20140304 76.80 76.01 77.00 73.03 15866
20140305 75.80 75.80 75.98 73.48 10965
20140306 75.42 75.50 75.80 72.20 14402
20140307 75.00 75.60 76.17 73.52 12301
20140310 75.40 70.32 75.40 70.23 15037
20140311 70.32 68.80 71.80 67.00 18441
20140312 68.01 67.00 68.80 66.50 18496
20140313 70.10 73.70 73.70 70.03 20641
20140314 75.80 76.00 80.50 74.38 32289
20140317 76.70 79.80 80.48 75.00 20747
20140318 79.99 78.19 81.38 78.01 14080
20140319 77.02 76.60 78.26 75.00 17477
20140320 75.69 74.50 77.38 73.88 24587
20140321 74.20 74.42 74.80 71.05 31505
20140324 73.50 72.00 75.34 70.61 16195
20140325 71.95 71.25 74.40 70.50 14515
20140326 72.00 72.92 74.38 71.06 15656
20140327 72.41 69.71 72.96 69.35 17621
20140328 69.03 70.06 70.78 68.30 20066
20140331 69.51 71.03 71.48 68.00 10631
20140401 69.75 69.77 70.88 67.30 23977
20140402 69.45 67.90 71.29 66.00 25570
20140403 67.50 66.11 68.70 66.02 13351
20140404 65.90 68.59 69.35 65.50 13999
20140408 68.00 71.00 71.57 67.24 13186
20140409 71.01 70.93 72.88 70.20 17910
20140410 70.80 72.56 72.56 70.06 14409
20140411 71.81 71.50 72.40 69.57 12595
20140414 70.90 71.49 72.36 70.81 6845
20140415 71.59 69.88 71.98 69.51 9579
20140416 69.25 66.80 69.50 66.66 11808
20140417 67.00 68.37 68.39 65.88 12922
20140418 67.75 68.00 68.38 67.31 6980
20140421 68.00 68.15 69.21 67.20 7820
20140422 68.05 65.49 68.47 63.88 32200
20140423 64.69 64.34 65.47 63.88 10292
20140424 64.01 64.05 64.59 62.75 17476
20140425 64.05 64.45 64.60 62.18 14332
20140428 63.80 62.85 64.00 62.20 16204
20140429 60.05 58.00 61.80 56.57 50270
20140430 57.51 60.02 60.82 57.51 18952
20140505 59.82 59.90 60.15 57.68 23035
20140506 59.01 59.97 60.98 59.01 18011
20140507 60.30 58.29 60.60 57.60 22411
20140508 58.00 56.05 58.01 55.50 42356
20140509 56.00 54.27 56.00 53.00 27956
20140512 55.06 55.24 55.31 52.31 43020
20140513 26.91 27.15 28.01 26.40 40392
20140514 26.90 27.59 27.88 26.80 31371
20140515 27.32 27.15 27.99 27.00 20969
20140516 27.00 26.30 27.08 25.58 47781
20140519 26.26 26.68 27.00 25.80 25022
20140520 26.92 27.45 28.00 26.92 36819
20140521 27.45 27.71 27.96 27.14 25103
20140522 27.60 28.50 29.54 27.60 48616
20140523 28.82 28.80 28.98 28.05 31067
20140526 29.00 29.65 30.16 29.00 64913
20140527 29.70 29.74 29.98 29.38 19372
20140528 29.62 30.15 30.18 29.35 49950
20140529 30.15 28.60 30.49 28.59 47559
20140530 28.40 27.91 28.77 26.65 71062
20140603 27.58 26.58 27.90 26.55 107215
20140604 25.90 25.54 26.30 25.11 127876
20140605 25.41 26.50 26.63 25.37 81955
20140606 26.58 26.67 27.20 26.01 67156
20140609 26.85 25.58 26.85 25.50 60371
20140610 25.55 26.50 26.60 25.51 46164
20140611 26.65 26.90 27.06 26.32 53822
20140612 27.00 27.45 27.77 26.36 53593
20140613 27.21 27.48 27.63 27.14 37964
20140616 27.56 28.06 28.29 27.50 49305
20140617 28.08 27.33 28.36 27.12 52113
20140618 27.25 27.19 27.65 26.72 35920
20140619 27.23 26.03 27.50 25.70 42792
20140620 25.99 27.33 27.84 25.95 42495
20140623 27.34 28.80 29.28 27.34 79280
20140624 28.85 28.78 29.18 28.44 44057
20140625 28.68 29.46 29.61 28.21 44138
20140626 29.45 30.50 30.56 29.14 64210
20140627 30.51 30.16 30.70 29.80 43552
20140630 29.91 31.20 31.80 29.35 69108
20140701 30.99 32.13 32.22 30.70 47515
20140702 32.00 31.64 32.48 30.88 54104
20140703 31.64 31.25 31.70 30.80 43496
20140704 31.23 31.16 32.07 31.04 38073
20140707 31.20 29.16 31.29 28.88 92956
20140708 28.64 29.96 29.96 28.64 52952
20140709 29.96 28.61 30.23 28.33 51685
20140710 28.86 27.79 29.29 27.60 61097
20140711 27.89 27.87 28.35 27.62 35976
20140714 27.99 28.40 28.40 26.78 60452
20140715 28.01 27.00 28.10 26.50 107381
20140716 26.97 26.28 27.30 26.03 67034
20140717 26.09 26.68 27.07 26.07 39726
20140718 26.51 25.79 26.80 25.52 75577
20140721 25.83 26.05 26.37 25.33 51985
20140722 26.19 27.80 28.00 25.91 88688
20140723 27.42 27.11 27.88 26.88 45361
20140724 27.01 26.78 27.50 26.52 35972
20140725 26.87 27.15 27.48 26.80 45380
20140728 27.20 27.44 27.72 26.60 54213
20140729 27.35 27.92 28.47 27.06 66031
20140730 27.80 28.49 28.58 27.72 53225
20140731 28.35 28.70 28.80 27.97 36496
20140801 28.65 27.65 28.65 27.48 62393
20140804 27.53 27.48 27.86 27.30 40750
20140805 27.48 28.08 28.22 27.15 59429
20140806 27.96 28.75 28.93 27.80 70948
20140807 28.74 28.52 29.37 28.47 51692
20140808 28.50 29.07 29.16 28.50 42658
20140811 29.18 29.38 29.69 29.15 39388
20140812 29.30 28.98 29.51 28.80 35540
20140813 28.94 28.26 28.94 27.81 66429
20140814 28.39 27.96 28.45 27.71 44354
20140815 27.94 28.27 28.39 27.90 29988
20140818 28.41 29.15 29.18 28.12 74490
20140819 29.33 29.58 29.67 29.15 74137
20140820 29.60 29.50 30.24 29.19 64026
20140821 29.50 29.98 30.12 28.92 87646
20140822 30.01 29.72 30.38 29.67 86356
20140825 29.79 29.03 29.80 28.90 65228
20140826 28.90 28.09 29.16 28.03 52015
20140827 28.17 28.20 28.61 28.13 31279
20140828 28.29 27.48 28.47 27.45 52200
20140829 27.35 27.94 28.00 27.20 41837
20140901 27.98 28.71 28.72 27.94 38639
20140902 28.80 28.78 28.90 28.35 63468
20140903 28.88 28.97 29.13 28.50 82513
20140904 28.99 29.58 29.86 28.80 97251
20140905 29.59 29.08 29.59 28.73 90767
20140909 29.20 29.10 29.29 28.56 46090
20140910 29.08 30.16 30.18 28.80 125759
20140911 30.20 31.93 33.18 30.20 247787
20140912 32.09 31.84 32.34 31.31 102135
20140915 31.88 31.98 32.98 31.50 120239
20140916 32.00 30.00 32.35 29.89 118996
20140917 30.06 30.36 30.36 29.56 53336
20140918 30.28 30.72 31.13 30.06 57105
20140919 30.71 30.40 31.10 29.90 54123
20140922 30.36 29.41 30.36 29.12 70539
20140923 29.43 29.37 29.78 28.70 89852
20140924 29.33 29.84 29.86 29.18 68704
20140925 29.90 29.54 30.28 29.36 64565
20140926 29.39 29.84 30.18 29.26 55308
20140929 29.94 29.77 30.38 29.68 66903
20140930 29.77 30.09 30.26 29.71 55441
20141008 30.11 30.94 31.25 30.11 77860
20141009 31.00 30.67 31.23 30.16 70694
20141010 30.53 29.99 30.53 29.90 73342
20141013 29.78 29.70 29.80 28.97 59586
20141014 29.65 29.07 29.87 28.88 71319
20141015 28.60 27.45 28.68 26.95 186310
20141016 27.10 26.94 27.64 26.91 136088
20141017 26.95 27.09 27.30 26.71 67190
20141020 27.15 27.35 27.49 27.13 61148
20141021 27.45 26.84 27.55 26.76 69219
20141022 26.86 26.05 27.00 26.00 79271
20141023 26.08 26.43 26.45 25.81 58759
20141024 26.45 26.76 27.33 26.45 51307
20141027 26.60 27.04 27.06 26.45 32529
20141028 27.16 27.32 27.36 27.08 43375
20141029 27.49 27.27 27.62 27.10 60587
20141030 27.27 26.90 27.35 26.79 52733
20141031 26.82 26.50 27.05 26.26 53938
20141103 26.45 27.60 27.69 26.42 77560
20141104 27.65 27.11 27.75 26.93 65750
20141105 27.11 26.74 27.35 26.69 40586
20141106 26.80 27.28 27.36 26.80 55390
20141107 27.50 26.92 27.57 26.90 61560
20141110 26.94 26.54 27.03 26.25 60641
20141111 26.55 25.55 26.66 25.40 59445
20141112 25.56 25.68 25.94 25.20 48050
20141113 25.69 25.24 25.72 25.17 41980
20141114 25.10 25.32 25.64 24.91 30893
20141117 25.32 25.85 26.00 25.32 49844
20141118 25.77 26.52 26.78 25.70 62162
20141119 26.74 26.80 27.03 26.23 63707
20141120 26.60 26.70 27.27 26.38 68732
20141121 26.76 26.87 27.23 26.60 49158
20141124 27.01 27.12 27.24 26.76 68287
20141125 27.12 29.09 29.78 27.06 214281
20141126 29.80 29.30 30.54 29.21 180211
20141127 29.39 30.04 30.15 29.39 150827
20141128 30.00 29.97 30.96 29.49 141605
20141201 30.20 30.13 30.40 28.51 148337
20141202 30.15 29.88 30.16 29.50 89047
20141203 29.78 30.61 30.70 28.75 162902
20141204 30.65 30.24 30.97 30.20 94282
20141205 30.18 28.72 30.18 27.70 106276
20141208 28.40 28.00 29.40 27.61 116243
20141209 28.44 26.80 28.68 26.10 156469
20141210 26.89 28.83 28.90 26.82 172589
20141211 28.84 29.15 29.99 28.66 107563
20141212 29.26 30.59 30.75 29.19 144894
20141215 30.58 31.31 32.60 30.49 140791
20141216 31.30 31.22 31.98 30.50 110633
20141217 30.57 32.14 32.49 30.26 148198
20141218 32.16 31.43 32.29 31.21 76976
20141219 31.16 30.40 31.61 29.89 82567
20141222 30.39 29.27 30.48 28.63 90297
20141223 29.35 29.56 30.35 29.20 60200
20141224 29.56 30.10 30.34 29.35 66943
20141225 30.10 31.00 31.70 30.00 86454
20141226 31.05 31.83 32.16 30.85 102185
20141229 31.80 30.39 32.38 30.01 73084
20141230 30.23 28.86 30.23 28.71 69733
20141231 29.10 29.19 29.52 28.70 57242
20150105 29.28 30.05 30.49 27.63 101248
20150106 29.91 31.18 31.40 29.43 95736
20150107 31.35 30.15 31.65 29.92 78314
20150108 30.05 30.21 30.88 29.90 66114
20150109 30.14 30.19 31.29 29.83 103243
20150112 30.10 31.56 31.80 29.89 98008
20150113 31.20 34.72 34.72 31.20 236343
20150114 34.86 35.79 37.20 34.55 225632
20150115 35.50 34.87 35.79 34.24 110690
20150116 34.53 35.46 35.88 34.50 128860
20150119 34.50 33.64 36.82 33.00 179937
20150120 33.70 37.00 37.00 33.70 173435
20150121 37.80 36.57 37.80 36.00 162561
20150122 36.48 37.05 38.18 36.12 163080
20150123 36.45 35.30 37.00 35.13 141313
20150126 35.31 35.66 36.27 35.18 76738
20150127 35.80 35.05 35.85 34.05 104111
20150128 34.22 34.36 35.33 34.01 87047
20150129 34.26 35.00 35.28 33.80 84968
20150130 35.15 33.98 35.81 33.97 94152
20150202 33.63 33.20 34.50 32.88 103136
20150203 33.58 33.73 34.50 33.40 92120
20150204 33.51 34.16 34.89 32.88 136304
20150205 34.15 34.47 35.63 33.76 137201
20150206 34.50 32.36 34.82 32.00 99575
20150209 32.65 31.46 32.88 31.20 75653
20150210 31.40 32.80 32.99 31.40 70034
20150211 32.80 32.76 33.37 32.22 54116
20150212 32.83 32.58 33.10 32.30 60816
20150213 32.89 33.83 34.33 32.62 97083
20150216 33.88 34.60 34.98 33.50 98726
20150217 34.78 34.15 35.11 34.00 67680
20150225 34.52 34.72 35.41 34.15 103500
20150226 34.73 34.23 34.91 33.47 86566
20150227 33.95 35.80 35.80 33.95 163084
20150302 36.24 35.94 36.76 35.60 130283
20150303 35.67 34.47 35.85 34.39 138330
20150304 34.60 35.30 35.34 34.40 104474
20150305 35.70 35.62 36.35 34.83 114941
20150306 35.76 34.35 35.79 34.10 95462
20150309 34.23 36.49 36.76 33.60 188806
20150310 36.30 36.66 37.08 35.83 133369
20150311 36.46 36.95 37.40 36.02 117605
20150312 37.00 36.11 37.96 35.50 126341
20150313 36.02 36.37 36.80 35.61 86897
20150316 36.80 37.58 37.85 36.00 166249
20150317 37.81 38.12 38.81 37.20 191387
20150318 37.90 38.63 38.82 37.37 138481
20150319 38.50 40.24 40.62 38.21 190093
20150320 39.01 39.10 40.18 38.60 208666
20150323 39.11 39.78 40.15 39.00 182312
20150324 40.07 42.70 43.50 39.20 319986
20150325 42.69 44.02 45.60 41.60 300267
20150326 44.00 42.10 44.70 39.89 227378
20150327 41.30 41.40 41.95 40.48 138544
20150330 41.33 41.78 43.05 40.86 150987
20150331 41.80 41.77 42.93 41.12 148306
20150401 41.77 42.57 42.84 41.51 141072
20150402 42.90 43.70 44.20 42.10 176076
20150403 43.20 44.09 44.58 42.81 167576
20150407 44.50 44.06 44.58 43.39 121332
20150408 44.10 42.03 44.20 40.21 267831
20150409 41.45 40.15 41.45 39.10 176614
20150410 39.71 40.88 41.29 39.61 134344
20150413 40.89 41.87 42.09 40.42 173450
20150414 41.80 42.65 43.48 41.70 183398
20150415 42.65 41.70 43.99 41.00 157913
20150416 41.20 40.78 41.98 39.81 149140
20150417 41.00 40.27 41.38 40.00 164463
20150420 40.27 38.85 40.27 38.50 152811
20150423 41.00 42.19 42.19 39.98 120877
20150424 43.45 42.48 45.14 42.48 263800
20150427 42.50 41.93 43.81 41.77 198024
20150428 41.77 40.19 42.42 39.81 138048
20150429 40.38 43.16 43.65 40.36 207029
20150430 43.01 43.58 45.31 43.00 202600
20150504 43.62 47.94 47.94 43.59 215555
20150505 48.81 49.91 52.00 48.00 269425
20150506 49.90 49.15 52.50 48.40 270969
20150507 48.70 45.42 48.71 45.40 174570
20150508 46.00 49.96 49.96 46.00 217669
20150511 51.19 52.80 54.20 50.01 282952
20150512 52.80 52.55 54.37 50.52 231496
20150513 50.90 50.90 52.66 50.00 171685
20150514 50.91 52.40 54.70 50.30 212676
20150515 51.40 51.50 52.68 50.45 148789
20150518 52.00 53.51 55.00 52.00 153001
20150519 53.84 56.19 56.57 51.51 186334
20150520 58.00 56.50 61.50 56.18 220692
20150521 57.20 59.24 60.93 57.00 195246
20150522 59.60 56.96 60.99 55.80 246608
20150525 55.00 56.40 57.48 54.60 167915
20150526 56.30 58.12 58.96 56.17 235146
20150527 58.00 61.06 61.50 56.20 227227
20150528 60.31 58.75 65.00 57.00 250657
20150529 59.25 61.75 63.44 56.65 243640
20150601 63.10 67.93 67.93 63.00 194685
20150602 69.11 72.39 74.72 69.10 236563
20150603 73.15 73.20 76.75 70.01 218385
20150604 73.50 68.70 73.66 65.88 265909
20150605 69.08 69.40 72.55 65.55 244671
20150608 69.30 62.50 69.30 62.46 266328
20150609 61.88 61.88 64.80 60.60 177778
20150610 62.00 63.98 65.50 61.20 173570
20150611 63.90 64.93 65.48 62.58 163385
20150612 64.99 63.75 65.88 63.16 122710
20150615 63.91 58.28 64.30 57.65 233852
20150616 56.50 56.41 59.20 54.21 185905
20150617 55.88 59.56 59.95 55.88 158299
20150618 58.61 54.26 59.82 54.08 136602
20150619 53.50 54.81 57.82 53.01 168049
20150623 55.00 58.76 58.78 55.00 174635
20150624 59.29 58.94 59.58 57.13 150256
20150625 59.88 54.91 60.68 54.41 170026
20150626 53.00 49.42 53.39 49.42 130362
20150629 50.20 44.48 50.60 44.48 166952
20150630 42.80 48.00 48.88 40.03 265792
20150701 47.68 45.36 50.89 44.66 211081
20150702 46.50 40.84 46.90 40.82 180021
20150703 40.00 41.00 44.64 36.76 242931
20150706 45.10 42.10 45.10 37.80 224075
20150707 38.53 37.96 41.25 37.89 250946
20150708 34.16 40.00 40.00 34.16 615149
20150709 40.00 44.00 44.00 38.62 285416
20150710 47.00 48.40 48.40 45.36 155216
20150713 50.15 53.24 53.24 49.10 253799
20150714 51.10 52.18 57.75 50.50 290020
20150715 50.11 46.96 51.29 46.96 152838
20150716 44.10 49.17 50.18 43.21 154601
20150717 48.80 52.60 53.50 48.80 126554
20150720 52.50 51.54 54.28 50.80 158230
20150721 51.00 52.10 53.97 50.28 134579
20150722 52.00 51.63 52.95 50.28 117921
20150723 51.98 53.19 54.29 51.50 168190
20150724 53.78 51.80 55.38 51.41 157990
20150727 50.95 46.62 52.94 46.62 159268
20150728 45.50 43.65 47.36 41.96 166327
20150729 44.80 45.98 45.99 41.00 159935
20150730 45.79 43.19 46.23 42.60 129367
