20140102 18.82 19.33 19.53 18.72 16192
20140103 19.27 19.22 19.57 19.00 16984
20140106 19.03 17.94 19.06 17.78 16317
20140107 17.81 18.38 18.40 17.70 12992
20140108 18.46 18.60 18.92 18.40 16248
20140109 18.60 17.89 18.83 17.85 15672
20140110 17.80 18.09 18.59 17.71 8969
20140113 18.16 18.45 18.73 18.08 11774
20140114 18.55 19.71 20.26 18.05 28800
20140115 19.84 20.05 20.47 19.47 34166
20140116 20.02 19.84 20.24 19.62 24508
20140117 19.81 20.61 21.00 19.72 40257
20140120 20.64 20.27 20.93 19.68 27989
20140121 20.43 20.86 20.98 19.90 25328
20140122 20.84 20.66 20.89 20.00 24498
20140123 20.50 20.93 21.40 20.38 29339
20140124 20.80 20.95 21.48 20.63 25786
20140127 20.40 19.90 20.48 19.90 29545
20140128 19.82 19.62 20.08 19.26 18976
20140129 20.20 21.02 21.58 19.91 33094
20140130 20.75 20.45 20.96 20.02 16691
20140207 20.01 20.70 20.76 20.00 20028
20140210 20.70 21.25 21.56 20.47 29981
20140211 21.25 21.89 22.38 20.94 47953
20140212 21.84 23.44 23.46 21.35 45659
20140213 23.01 22.41 23.80 22.35 38618
20140214 22.70 23.18 23.40 22.43 23609
20140217 23.60 24.11 24.67 23.40 29180
20140218 24.19 23.73 24.22 23.50 18198
20140219 23.65 22.98 23.83 22.51 21332
20140220 22.99 22.28 23.06 21.90 16059
20140221 22.21 22.61 22.99 22.12 12598
20140224 22.61 22.83 23.04 21.75 15815
20140225 22.83 22.55 23.89 21.83 34716
20140226 22.50 22.38 22.72 21.13 18637
20140227 22.60 21.15 22.60 20.78 31165
20140228 21.16 20.81 21.16 20.21 12387
20140303 20.97 20.88 20.97 20.61 12465
20140304 20.77 20.74 21.00 20.05 13586
20140305 20.91 20.91 20.95 20.39 12593
20140306 20.95 20.68 20.95 20.17 11568
20140307 20.59 20.87 21.26 20.59 12721
20140310 20.70 19.60 20.70 19.60 12458
20140311 19.83 19.76 19.99 19.10 6813
20140312 19.70 19.50 19.88 19.21 6022
20140313 19.55 19.94 19.94 19.50 3806
20140314 19.75 20.06 20.10 19.55 6317
20140317 20.13 20.85 20.95 19.92 9443
20140318 20.77 20.79 21.10 20.61 6690
20140319 20.79 20.31 20.79 20.01 5717
20140320 20.22 18.82 20.49 18.63 18814
20140321 18.89 19.16 19.30 18.52 9107
20140324 19.22 18.91 19.25 18.70 6248
20140325 18.97 19.08 19.32 18.83 4972
20140326 19.18 19.26 19.63 18.99 6201
20140327 19.25 18.60 19.25 18.53 8856
20140328 18.56 18.43 18.75 18.21 6157
20140331 18.40 18.60 18.60 18.08 4279
20140401 18.58 18.90 18.98 18.55 4340
20140402 19.28 18.70 19.29 18.60 3095
20140403 18.85 18.92 19.18 18.73 3965
20140404 18.68 19.05 19.05 18.56 3652
20140408 17.81 18.30 18.60 17.81 9639
20140409 18.28 18.51 18.59 18.23 4691
20140410 18.52 18.80 19.29 18.52 8045
20140411 18.60 18.65 18.66 18.32 4806
20140414 18.73 19.03 19.10 18.58 4466
20140415 19.00 18.99 19.28 18.92 4490
20140416 18.95 19.04 19.20 18.86 3793
20140417 19.19 19.05 19.22 19.05 4919
20140418 18.97 19.05 19.20 18.70 4143
20140421 18.75 18.76 19.20 18.75 2957
20140422 18.76 18.30 19.00 18.11 4879
20140423 18.68 18.35 18.68 18.02 3192
20140424 18.26 17.62 18.28 17.50 5947
20140425 17.67 16.85 17.67 16.82 8161
20140428 16.84 16.88 17.16 16.66 5328
20140429 16.80 17.08 17.15 16.78 3141
20140430 17.10 17.09 17.19 16.90 2342
20140505 17.11 17.40 17.50 17.10 2839
20140506 17.35 17.96 18.24 17.35 5202
20140507 17.96 17.52 18.16 17.50 4611
20140508 17.32 17.60 17.96 17.24 2896
20140509 17.51 17.97 18.24 17.11 8554
20140512 17.97 18.33 18.57 17.84 5142
20140513 18.05 17.98 18.45 17.88 4621
20140514 17.98 17.93 18.16 17.60 3761
20140515 17.84 17.52 18.04 17.50 3686
20140516 17.52 17.60 17.82 17.42 3523
20140519 17.65 17.67 18.00 17.41 2470
20140520 17.74 18.12 18.26 17.74 5493
20140521 18.13 18.17 18.18 17.70 4057
20140522 18.25 18.67 19.10 18.10 11403
20140523 18.75 18.81 18.86 18.43 7765
20140526 18.70 18.92 19.18 18.70 7073
20140527 18.91 18.71 18.98 18.67 4976
20140528 18.78 19.22 19.35 18.70 7102
20140529 19.10 18.80 19.25 18.72 6080
20140530 18.70 19.22 19.36 18.65 8313
20140603 19.12 19.36 19.58 19.01 7904
20140604 19.32 18.70 19.32 18.53 7259
20140605 18.71 18.92 18.97 18.56 4530
20140606 18.98 18.65 18.99 18.61 5027
20140609 18.73 18.63 18.94 18.52 4564
20140610 18.72 18.92 18.97 18.52 5236
20140611 18.91 19.10 19.13 18.80 6619
20140612 19.00 19.68 20.32 19.00 17397
20140613 19.58 20.02 20.39 19.50 12696
20140616 20.00 19.88 20.34 19.76 10492
20140617 19.88 19.66 19.96 19.52 7255
20140618 19.65 19.65 19.80 19.29 6482
20140619 19.44 18.74 19.73 18.58 7990
20140620 18.74 19.00 19.03 18.62 4563
20140623 19.15 19.39 19.69 19.01 8345
20140624 19.39 19.98 20.18 19.33 13003
20140625 19.87 20.19 20.34 19.63 15008
20140626 20.40 20.30 20.78 20.20 23695
20140627 20.23 20.59 20.75 20.23 14625
20140630 21.00 22.65 22.65 20.90 50795
20140701 23.00 22.20 23.00 21.95 35202
20140702 22.76 22.16 23.20 21.59 32199
20140703 21.77 21.78 22.28 21.56 28548
20140704 21.80 22.11 22.11 21.40 18404
20140707 22.11 21.84 22.11 21.63 13411
20140708 21.88 24.02 24.02 21.87 54463
20140709 24.20 25.52 26.41 24.20 79941
20140710 26.00 25.87 26.80 25.39 52024
20140711 25.50 25.80 26.24 25.25 32711
20140714 26.00 25.34 26.08 25.18 26679
20140715 24.90 25.90 26.39 24.32 42770
20140716 25.55 24.30 25.57 24.00 36844
20140717 24.50 24.17 24.77 23.53 18302
20140718 24.17 24.73 25.93 24.01 25829
20140721 24.51 24.43 24.97 24.00 11615
20140722 24.24 24.31 24.68 24.20 10536
20140723 24.39 22.42 24.40 22.32 28334
20140724 22.36 22.10 22.50 21.58 14062
20140725 22.17 22.36 22.49 21.78 9871
20140728 22.36 22.64 22.75 22.35 14103
20140729 22.74 22.89 23.10 22.38 14844
20140730 22.78 22.90 22.90 22.43 10666
20140731 22.84 23.32 23.60 22.70 17134
20140801 23.30 22.48 23.38 22.40 10571
20140804 22.31 23.80 24.00 22.31 20542
20140805 23.80 23.80 24.09 23.28 12432
20140806 23.60 23.73 23.99 23.48 10201
20140807 23.75 23.03 23.75 23.00 9997
20140808 22.86 23.08 23.20 22.75 6781
20140811 23.09 23.03 23.10 22.73 9958
20140812 23.10 24.04 24.18 23.01 21016
20140813 24.10 23.79 24.16 23.50 12072
20140814 23.75 24.42 25.20 23.66 25731
20140815 24.33 24.72 25.26 24.33 16501
20140818 25.17 25.05 25.50 24.80 16169
20140819 24.98 25.24 25.36 24.70 17118
20140820 25.00 24.70 25.20 24.20 15862
20140821 24.57 25.57 25.58 24.57 16884
20140822 25.29 25.70 26.20 25.29 12163
20140825 25.60 24.98 25.95 24.75 8778
20140826 25.07 23.97 25.45 23.88 12087
20140827 24.29 24.90 25.06 24.09 9030
20140828 24.80 24.55 25.20 24.45 4699
20140829 24.80 24.83 24.90 24.30 5332
20140901 25.50 25.40 25.73 25.04 10056
20140902 25.66 25.71 25.93 25.23 11835
20140903 25.72 28.28 28.28 25.72 39916
20140904 28.00 28.29 28.64 27.65 26309
20140905 28.44 28.03 28.44 27.55 16800
20140909 27.81 28.47 28.99 27.77 17370
20140910 28.18 29.19 29.78 27.65 20587
20140911 29.53 28.01 30.00 27.80 23979
20140912 27.80 30.81 30.81 27.48 27610
20140915 31.00 30.83 31.28 30.15 17260
20140916 30.80 29.00 30.80 28.80 21539
20140917 29.18 28.80 29.27 28.33 11239
20140918 28.80 29.39 30.80 28.56 13927
20140919 29.03 29.70 29.88 29.03 5919
20140922 29.76 29.21 30.20 28.63 9025
20140923 29.99 32.00 32.11 29.60 20015
20140924 31.50 33.68 34.15 31.21 21195
20140925 34.00 36.90 37.05 33.20 36216
20140926 37.66 36.18 37.66 35.49 20415
20140929 36.55 39.80 39.80 36.20 31330
20140930 41.00 39.98 41.62 38.88 34259
20141008 39.99 39.20 40.06 37.72 25518
20141009 38.60 38.20 38.97 37.51 28577
20141010 38.25 37.28 38.25 37.07 22016
20141013 37.09 37.60 38.15 37.09 18191
20141014 37.54 36.10 37.72 36.01 19121
20141015 36.17 35.73 36.45 34.70 25032
20141016 35.47 35.00 35.75 35.00 16462
20141017 34.99 35.26 35.80 34.68 14925
20141020 34.90 35.69 35.84 34.80 11750
20141021 35.80 35.50 36.70 35.50 14473
20141022 35.55 33.71 35.73 33.62 19667
20141023 33.16 32.40 33.38 32.01 15570
20141024 32.48 32.52 33.33 32.05 8363
20141027 32.14 32.94 33.23 32.14 6732
20141028 33.14 35.00 35.49 33.00 21517
20141029 34.99 35.11 35.65 34.58 13566
20141030 35.40 34.59 35.56 34.51 10381
20141031 34.52 33.55 34.95 33.12 12072
20141103 33.50 34.15 34.15 33.18 8932
20141104 34.01 37.57 37.57 33.70 36561
20141105 37.60 37.13 39.22 36.80 23828
20141106 37.32 38.29 38.95 36.21 24667
20141107 38.35 38.13 39.14 37.51 18194
20141110 37.86 39.00 39.09 37.86 16854
20141111 39.00 36.49 39.01 36.49 18861
20141112 36.05 35.53 37.78 34.61 17579
20141113 35.00 32.91 35.50 32.66 21128
20141114 32.84 32.91 34.00 32.35 9763
20141117 32.91 33.78 34.42 32.61 10317
20141118 33.70 33.88 34.40 33.35 8231
20141119 33.89 34.03 34.54 33.83 7684
20141120 33.85 33.07 33.99 32.80 10548
20141121 33.01 34.68 35.18 33.01 16033
20141124 34.61 35.85 36.01 34.61 12989
20141125 36.50 38.50 39.10 36.20 24068
20141126 38.30 37.85 38.30 37.05 13372
20141127 37.92 37.45 38.50 37.26 13184
20141128 37.46 39.00 39.40 37.11 22959
20141201 38.90 37.99 41.00 37.31 18378
20141202 37.40 37.84 39.36 37.40 14664
20141203 38.00 38.48 38.49 37.18 15688
20141204 38.60 39.48 40.40 38.52 17917
20141205 38.88 36.86 39.40 36.22 19631
20141208 36.48 35.44 36.48 35.01 15526
20141209 35.11 34.00 36.25 33.62 20609
20141210 33.62 35.76 35.86 33.60 8407
20141211 35.36 36.09 36.45 35.22 7629
20141212 35.81 36.42 36.59 35.68 5980
20141215 37.06 38.11 39.99 36.66 24572
20141216 38.11 40.26 40.69 37.51 26594
20141217 40.14 38.70 40.40 38.65 17035
20141218 38.70 40.29 41.95 37.71 20180
20141219 40.20 39.85 41.77 38.98 16042
20141222 39.08 35.90 39.84 35.87 19146
20141223 35.70 34.59 36.97 34.44 11655
20141224 35.69 35.11 35.70 34.65 10280
20141225 35.19 36.40 36.49 34.96 8266
20141226 36.20 36.57 37.25 35.60 6326
20141229 36.22 33.20 36.56 32.99 16903
20141230 33.58 30.70 33.70 30.23 14777
20141231 30.38 31.10 31.37 29.58 11188
20150105 31.15 30.07 31.17 29.28 8184
20150106 29.80 31.45 31.45 29.80 9571
20150107 31.67 30.64 31.67 29.88 10378
20150108 30.07 30.85 31.20 30.07 9685
20150109 30.85 31.20 31.57 30.53 9697
20150112 31.31 33.30 33.45 31.00 13797
20150113 33.60 32.97 33.64 32.52 6961
20150114 33.28 32.19 33.33 32.02 4949
20150115 32.05 32.31 33.50 32.00 5003
20150116 32.19 32.39 32.58 31.70 6339
20150119 31.80 32.01 33.94 31.00 13491
20150120 31.85 33.36 33.50 31.85 11271
20150121 33.40 36.14 36.40 33.31 22950
20150122 35.57 36.16 36.59 35.50 10062
20150210 38.00 36.20 38.58 34.75 27221
20150211 35.70 35.77 36.00 35.11 9740
20150212 35.51 34.73 35.90 34.60 8676
20150213 34.74 36.30 36.30 34.74 10579
20150216 36.48 36.29 36.83 35.90 9994
20150217 36.66 37.21 37.40 35.85 9324
20150225 37.26 37.40 38.40 37.00 11188
20150226 37.36 36.79 37.50 36.22 7435
20150227 36.88 37.09 37.20 36.31 5617
20150302 37.10 36.85 37.60 36.21 10764
20150303 37.20 40.54 40.54 37.20 17145
20150304 43.00 42.54 44.59 41.03 35985
20150305 41.85 46.79 46.79 41.85 39539
20150306 47.23 48.88 51.45 47.10 50111
20150309 48.00 46.82 48.42 45.95 25967
20150310 46.74 46.84 48.86 46.50 19096
20150311 46.83 47.60 48.08 44.64 18402
20150312 47.30 44.99 47.30 44.48 20459
20150313 44.76 44.84 45.88 44.69 12196
20150316 45.05 46.24 46.78 45.00 22351
20150317 46.62 45.54 46.90 45.00 23411
20150318 45.54 48.68 49.51 45.53 29196
20150319 48.70 51.43 52.50 47.01 37913
20150320 51.95 50.82 51.98 50.30 20846
20150323 51.33 51.58 51.68 49.62 29425
20150324 52.40 50.41 52.40 48.20 29401
20150325 49.82 53.50 55.36 49.13 31953
20150326 54.49 58.85 58.85 52.84 52494
20150327 59.10 57.95 64.60 57.92 46036
20150330 59.11 56.94 60.86 55.32 32669
20150331 56.00 62.63 62.63 55.10 34700
20150401 61.00 63.50 66.49 60.23 33356
20150402 69.50 69.85 69.85 66.50 32595
20150403 72.80 76.84 76.84 70.01 18428
20150407 84.52 84.52 84.52 79.00 58395
20150408 84.55 78.20 84.55 76.07 55629
20150409 37.80 42.90 42.90 37.80 174569
20150410 42.96 39.78 43.19 39.78 155594
20150413 38.21 37.87 38.60 37.14 92257
20150414 37.18 35.90 37.58 35.79 84544
20150415 36.01 32.31 36.19 32.31 78024
20150416 31.99 32.51 34.14 30.99 64692
20150417 32.84 32.32 33.40 32.18 43090
20150420 32.43 30.60 32.66 30.60 56959
20150421 30.83 32.90 32.93 30.63 54103
20150422 33.00 33.51 34.34 32.80 55225
20150423 34.00 34.30 34.55 33.33 49068
20150424 33.88 33.08 34.13 32.80 38120
20150427 33.00 33.30 34.61 33.00 45023
20150428 33.20 31.52 33.48 31.20 37052
20150429 31.40 32.88 33.25 30.72 34752
20150430 32.97 33.12 33.50 32.36 36881
20150504 33.12 32.50 33.46 32.20 25692
20150505 32.54 31.68 32.70 31.47 25566
20150506 31.68 31.60 32.70 31.48 29181
20150507 31.03 29.20 31.69 28.80 42418
20150508 29.72 31.25 31.25 29.70 33661
20150511 31.92 33.65 33.96 31.58 54727
20150512 34.00 33.95 34.85 33.00 59214
20150513 33.95 34.60 34.86 32.30 62262
20150514 34.10 36.87 36.87 34.06 74747
20150515 36.80 35.40 36.80 34.88 48041
20150518 35.18 37.36 37.56 34.65 70082
20150519 37.20 37.14 38.35 36.41 58104
20150520 37.14 37.97 40.43 37.00 70910
20150521 37.90 40.07 40.43 37.50 75100
20150522 40.20 38.67 41.00 36.80 73052
20150525 37.89 37.89 39.65 36.21 62522
20150526 37.60 41.68 41.68 37.45 60292
20150527 43.00 45.22 45.85 42.79 86955
20150528 44.30 44.37 48.31 43.09 98913
20150529 44.35 48.81 48.81 43.68 90415
20150601 51.00 53.69 53.69 50.00 69496
20150602 58.00 52.42 58.80 51.40 119125
20150603 52.81 50.05 53.00 48.23 99438
20150604 49.00 47.75 50.93 45.05 81500
20150605 47.79 46.99 49.94 45.00 65689
20150608 47.02 43.95 48.00 42.71 70717
20150609 43.94 45.00 45.55 43.00 45587
20150610 44.88 47.50 48.12 44.80 63814
20150611 47.51 49.00 49.50 47.50 58464
20150612 49.00 47.50 49.78 47.00 47262
20150615 47.00 42.90 47.30 42.79 54830
20150616 42.45 39.16 42.45 38.97 45379
20150617 38.65 43.08 43.08 38.65 47220
20150618 42.51 40.36 45.44 39.70 50221
20150619 38.50 37.34 40.00 36.41 38090
20150623 37.02 39.66 39.85 34.00 46501
20150624 39.64 38.96 40.79 37.53 39583
20150625 38.95 35.65 39.18 35.23 41320
20150626 34.98 32.09 34.98 32.09 36570
20150629 33.00 28.88 33.38 28.88 39557
20150630 27.88 31.20 31.75 25.99 57222
20150701 30.16 28.08 32.50 28.08 52410
20150702 27.79 25.27 28.00 25.27 45216
20150703 26.50 22.74 26.50 22.74 55291
20150706 25.01 20.63 25.01 20.47 84820
20150707 19.15 18.57 20.01 18.57 28627
20150715 20.43 20.43 20.43 20.43 953
20150716 21.56 22.47 22.47 19.00 112829
20150717 23.49 24.72 24.72 23.31 59246
20150720 27.19 27.19 27.19 27.19 11189
20150721 29.91 29.91 29.91 28.61 87474
20150722 30.31 32.55 32.90 29.81 149073
20150723 31.50 33.96 35.43 31.00 115452
20150724 33.38 32.63 35.29 31.60 105894
20150727 31.40 29.40 34.52 29.37 105387
20150728 26.91 28.79 30.64 26.46 90960
20150729 29.55 31.67 31.67 28.79 93682
20150730 32.00 33.60 34.84 32.00 116227
