20140102 28.22 30.98 31.04 28.00 68694
20140103 31.00 31.70 32.20 30.70 82607
20140106 31.45 32.68 33.00 30.96 57619
20140107 32.58 32.04 32.71 31.68 19462
20140108 32.10 35.24 35.24 32.10 57127
20140109 35.24 35.32 35.60 34.50 28447
20140110 35.09 34.03 35.98 33.71 30659
20140113 34.28 33.70 34.50 32.57 31912
20140114 33.50 35.87 35.94 33.11 17492
20140115 35.84 35.50 37.40 35.38 28490
20140116 34.99 34.00 35.50 33.55 29725
20140117 34.10 34.20 35.37 33.60 17489
20140120 34.31 34.17 36.85 33.66 37972
20140121 33.03 35.55 35.79 32.89 39051
20140122 35.58 36.79 37.01 35.26 31509
20140123 37.20 39.50 40.20 36.86 35035
20140124 39.20 39.24 39.90 38.10 22092
20140127 38.94 38.75 39.95 38.36 23082
20140128 38.63 38.92 39.00 37.78 21928
20140129 38.92 40.26 40.50 38.92 20686
20140130 40.10 39.29 40.30 38.88 16045
20140207 39.00 39.46 40.88 38.20 17942
20140210 39.46 39.57 40.35 38.30 30010
20140211 38.98 37.20 39.00 37.00 32562
20140212 37.60 38.55 38.55 36.25 39473
20140213 38.41 41.45 42.41 38.05 34544
20140214 41.90 42.10 42.26 40.50 21907
20140217 42.98 46.31 46.31 42.88 33561
20140218 46.35 47.17 49.99 45.50 26462
20140219 47.48 47.10 48.40 46.06 19749
20140220 48.10 45.69 50.00 44.58 33832
20140221 46.46 44.50 46.46 43.90 21065
20140224 44.00 48.95 48.95 43.62 37861
20140225 49.55 44.80 53.29 44.10 55302
20140226 45.60 46.71 49.28 43.97 43420
20140227 46.80 43.00 46.80 42.04 48493
20140228 43.00 43.00 43.75 41.62 35322
20140303 42.80 44.00 45.89 42.63 16814
20140304 43.56 45.36 45.62 43.13 20730
20140305 45.50 48.86 49.28 45.50 32542
20140306 49.00 51.80 52.23 47.66 31599
20140307 51.10 50.14 51.80 49.50 16393
20140310 49.50 46.01 49.50 45.55 29978
20140311 46.02 47.30 47.95 45.55 19825
20140312 47.30 45.00 48.58 44.50 19296
20140313 45.19 46.99 47.00 43.33 32857
20140314 47.50 47.09 49.17 46.28 20492
20140317 47.09 51.00 51.50 46.25 24323
20140318 51.50 50.31 51.90 50.00 16180
20140319 49.99 50.74 52.80 49.60 14366
20140320 50.54 52.86 55.10 50.25 35864
20140321 52.85 51.50 54.99 51.32 24827
20140324 51.37 47.88 51.37 47.00 27895
20140325 47.79 45.20 49.48 44.20 44079
20140326 45.24 46.31 46.70 45.24 22634
20140327 46.42 43.87 46.76 42.68 29228
20140328 43.55 44.65 44.97 42.00 20129
20140331 44.44 47.00 47.00 44.44 19761
20140401 46.80 48.97 50.21 46.80 19243
20140402 48.58 45.86 49.28 45.00 18458
20140403 45.85 44.67 46.80 44.21 16377
20140404 44.50 47.13 47.13 43.52 24122
20140408 47.00 45.78 47.00 44.14 18638
20140409 45.78 45.20 46.68 44.65 20769
20140410 45.72 45.31 46.36 44.62 28583
20140411 44.51 43.51 44.51 42.80 25920
20140414 43.66 41.60 43.68 40.71 43281
20140415 41.42 42.09 42.20 41.20 14080
20140416 42.09 42.02 42.51 41.59 19760
20140417 42.05 42.73 43.69 41.98 16809
20140418 42.78 43.30 43.53 42.51 11006
20140421 43.35 43.16 43.68 42.60 16699
20140422 43.16 40.78 43.20 39.00 37717
20140423 40.00 39.22 40.68 38.48 21690
20140424 33.00 32.29 33.00 31.69 10285
20140425 32.30 32.61 32.80 31.55 10625
20140428 32.49 32.78 33.58 31.70 17347
20140429 32.58 31.90 33.44 31.45 18592
20140430 31.61 29.60 32.11 28.71 45151
20140505 29.02 30.14 30.20 28.80 18639
20140506 30.14 30.59 31.39 30.06 23284
20140507 30.59 29.62 30.59 29.30 17210
20140508 29.82 29.39 29.95 29.20 12699
20140509 29.39 28.09 29.39 27.68 14998
20140512 28.33 28.56 28.78 27.92 14922
20140513 28.93 28.95 29.89 28.62 12486
20140514 28.98 29.10 29.30 28.65 8079
20140515 29.22 28.80 29.48 28.72 10128
20140516 28.70 28.78 28.82 26.51 25020
20140519 28.59 28.90 29.54 28.41 11915
20140520 29.70 30.07 31.00 29.36 30360
20140521 30.00 30.65 30.65 29.51 16167
20140522 30.46 32.19 33.25 30.46 35706
20140523 32.45 32.83 32.83 31.81 15307
20140526 33.95 33.38 33.97 32.06 29782
20140527 33.00 32.38 33.00 32.31 18929
20140528 32.34 33.45 34.12 32.34 35101
20140529 33.30 32.58 33.77 32.58 18863
20140530 32.58 32.28 32.90 31.33 21960
20140603 32.30 33.26 34.30 32.28 32989
20140604 33.02 33.66 33.68 32.71 23046
20140605 33.61 35.00 35.80 33.43 43044
20140606 35.00 35.25 35.80 34.58 23851
20140609 35.60 33.38 35.89 33.30 28030
20140610 33.89 34.00 34.55 33.17 24262
20140611 33.86 34.89 35.85 33.77 25095
20140612 34.90 34.93 35.78 34.65 21811
20140613 34.93 35.60 35.60 34.68 17264
20140616 36.20 35.20 37.07 34.95 37758
20140617 35.15 34.80 35.51 34.74 11795
20140618 34.82 33.50 35.47 33.41 25544
20140619 34.90 32.69 36.13 32.31 40737
20140620 32.70 33.20 33.25 31.55 33082
20140623 33.03 33.60 34.49 32.87 30298
20140624 33.66 33.31 33.99 33.22 15163
20140625 33.22 32.01 33.40 31.55 32325
20140626 32.28 32.06 33.58 31.65 42786
20140627 32.22 31.25 32.23 31.15 45345
20140630 31.10 31.32 31.47 30.67 44337
20140701 31.70 33.30 33.30 31.49 67736
20140702 33.30 32.50 33.50 32.38 49880
20140703 32.52 32.41 33.00 32.30 34039
20140704 32.65 31.65 32.98 31.20 41883
20140707 31.72 30.06 31.77 29.95 51990
20140708 30.06 29.78 30.39 29.03 61938
20140709 30.00 29.66 30.69 28.70 73392
20140710 30.07 29.45 30.24 29.11 34365
20140711 29.45 29.59 29.82 29.20 28033
20140714 29.73 28.87 29.85 27.78 53531
20140715 28.80 27.58 28.80 27.50 56112
20140716 27.50 28.26 28.50 27.20 43279
20140717 28.12 28.29 28.78 27.97 33198
20140718 28.27 28.69 29.02 28.16 31801
20140721 28.50 28.99 29.28 28.49 29880
20140722 29.00 29.01 29.20 28.47 27733
20140723 29.00 27.70 29.00 27.28 44601
20140724 27.92 25.68 27.92 25.65 86441
20140725 25.62 26.66 26.66 25.13 39963
20140728 26.71 27.68 27.73 26.50 42935
20140729 27.68 27.89 28.25 27.26 45254
20140730 27.78 28.49 28.79 27.65 48637
20140731 28.46 28.05 28.48 27.80 29515
20140801 27.95 27.65 27.95 27.19 32656
20140804 27.54 27.66 27.73 27.22 24423
20140805 27.66 28.84 29.10 27.03 60979
20140806 28.72 28.49 28.93 28.36 39268
20140807 28.40 28.61 29.20 28.40 42537
20140808 28.62 28.83 29.10 28.25 33692
20140811 29.31 30.28 30.36 29.31 82688
20140812 30.28 30.31 30.60 29.89 35847
20140813 30.31 29.59 30.45 29.48 42228
20140814 29.59 29.34 29.95 29.30 34322
20140815 29.32 29.70 29.70 29.16 20728
20140818 29.70 31.94 32.60 29.70 113078
20140819 32.05 33.17 33.99 32.02 110979
20140820 33.17 33.26 33.40 32.63 58156
20140821 33.32 33.40 33.68 32.70 36613
20140822 33.39 34.29 34.70 32.61 65117
20140825 34.00 33.50 35.09 33.49 59118
20140826 33.09 32.25 33.57 32.02 50571
20140827 32.25 32.50 33.11 32.06 38490
20140828 32.49 31.37 32.49 31.30 47311
20140829 31.37 32.91 33.10 31.32 45191
20140901 32.82 33.92 34.38 32.68 62677
20140902 34.16 34.75 34.79 33.94 73221
20140903 34.84 35.22 35.91 34.48 66399
20141022 38.00 34.62 38.74 34.50 188104
20141023 34.72 32.07 35.19 31.92 102290
20141024 32.07 32.60 32.74 32.00 42088
20141027 32.58 34.12 34.47 32.25 60336
20141028 34.20 34.66 34.97 33.95 69263
20141029 34.83 34.73 35.65 34.50 63796
20141030 34.50 34.70 34.95 34.22 39791
20141031 34.30 33.58 34.69 32.61 66381
20141103 33.29 33.34 34.00 33.12 34200
20141104 33.50 33.72 34.21 33.23 42925
20141105 33.50 34.20 34.65 33.50 53244
20141106 34.20 34.16 34.35 33.50 35721
20141107 34.46 32.44 34.53 32.20 90410
20141110 32.30 31.44 32.45 31.30 56185
20141111 31.30 29.49 31.30 29.00 91286
20141112 29.40 29.70 29.90 29.00 44344
20141113 29.69 29.00 29.70 28.70 54790
20141114 29.00 29.30 29.37 28.80 46064
20141117 29.30 30.89 30.90 29.12 62258
20141202 33.96 33.98 33.98 31.50 154569
20141203 34.99 34.47 36.40 32.01 288712
20141204 34.53 36.45 37.70 34.50 159458
20141205 35.80 35.10 36.37 33.03 132409
20141208 35.20 32.40 35.48 31.70 156407
20141209 32.00 29.16 32.00 29.16 169976
20141210 29.04 31.40 31.58 28.85 99489
20141211 30.94 31.27 32.10 30.20 70435
20141212 31.27 32.71 33.27 30.60 74600
20141215 33.35 33.68 34.66 32.82 109420
20141216 34.25 33.70 34.94 33.34 78803
20141217 33.50 32.80 33.50 32.22 79181
20141218 32.89 32.40 33.81 32.07 69841
20141219 32.20 30.42 32.22 29.80 141175
20141222 30.14 29.22 30.28 28.88 90746
20141223 29.20 30.20 30.66 29.12 65602
20141224 30.46 30.68 30.68 29.70 39491
20141225 30.57 30.73 30.96 30.33 34174
20141226 30.75 30.15 30.75 29.88 53062
20141229 29.90 29.10 30.24 28.93 59556
20141230 29.01 28.05 29.44 27.84 53771
20141231 28.05 27.54 28.40 26.70 59826
20150105 27.70 26.18 27.70 24.82 120718
20150106 25.70 28.07 28.10 25.50 76044
20150107 28.18 27.55 28.48 27.00 54775
20150108 27.74 28.30 28.74 27.50 66572
20150109 27.90 28.37 29.34 27.90 67769
20150112 28.20 29.15 29.50 27.91 53466
20150113 29.48 30.28 30.30 28.90 66638
20150114 30.20 29.10 30.20 29.00 40114
20150115 29.37 29.01 29.68 28.95 30449
20150116 29.06 29.94 30.13 29.06 64868
20150119 28.98 29.30 30.80 28.61 62751
20150120 29.00 30.74 30.96 29.00 76313
20150121 30.95 32.34 32.84 30.95 122019
20150122 32.88 32.50 33.90 32.30 86751
20150123 32.55 32.50 33.69 31.78 95886
20150126 32.69 33.03 33.55 32.67 88095
20150127 33.25 32.98 33.50 31.89 121589
20150128 32.70 32.75 33.32 32.35 65357
20150129 32.45 32.15 32.97 32.11 41382
20150130 32.05 30.70 32.55 30.40 75000
20150202 30.57 31.27 32.00 29.72 50819
20150203 31.50 34.04 34.28 31.22 142945
20150204 34.00 35.77 36.27 33.61 148260
20150205 35.58 36.03 37.50 34.83 147768
20150206 36.03 34.80 36.99 34.49 99687
20150209 34.71 34.12 36.50 33.70 69943
20150210 34.15 35.99 36.26 33.10 86937
20150211 36.12 37.70 38.30 36.12 140242
20150212 37.81 41.20 41.47 37.40 228097
20150213 41.50 42.10 44.16 41.19 181012
20150216 42.10 43.60 44.54 41.66 110438
20150217 43.84 42.87 44.37 41.96 74558
20150225 42.80 41.17 43.85 41.00 83148
20150226 41.31 42.50 42.96 40.60 71451
20150227 42.49 46.15 46.45 42.40 134203
20150302 46.00 47.50 49.00 44.58 138412
20150303 47.70 45.00 47.79 44.93 94410
20150304 45.01 48.94 48.96 45.00 131369
20150305 48.55 48.45 49.80 46.91 89441
20150306 48.30 44.90 48.30 43.63 119643
20150309 44.50 45.50 46.90 43.70 109904
20150310 45.51 45.41 46.99 45.01 124721
20150311 45.30 45.80 46.55 44.35 63268
20150312 45.91 46.19 47.52 44.92 92895
20150313 46.58 48.65 48.86 45.81 84827
20150316 49.78 49.90 51.35 49.05 125780
20150317 50.35 50.03 52.08 48.50 88962
20150318 49.41 54.60 55.03 49.20 117454
20150319 54.14 53.26 55.09 52.26 74180
20150320 53.29 52.89 55.50 52.20 72444
20150323 53.60 56.60 56.70 51.80 103526
20150324 56.89 57.70 58.50 54.00 102562
20150325 56.79 56.22 58.00 55.05 86611
20150326 56.20 50.60 56.28 50.60 126790
20150327 49.71 52.08 52.70 47.98 108509
20150330 51.90 48.00 53.40 46.91 149096
20150331 47.93 49.20 50.08 47.56 115693
20150401 49.98 51.71 51.73 49.19 116117
20150402 52.62 56.88 56.88 52.11 167386
20150403 57.00 59.31 60.38 54.89 130262
20150407 59.00 59.85 60.58 56.90 130270
20150408 59.85 56.91 60.85 53.91 110278
20150409 57.00 54.98 57.63 51.86 108767
20150410 54.55 55.74 58.52 53.00 99773
20150413 56.01 54.44 57.78 53.40 146414
20150414 55.00 59.88 59.88 54.03 144019
20150415 59.99 55.50 59.99 55.20 94351
20150416 53.80 54.07 58.00 51.50 94434
20150417 55.00 52.20 55.50 52.02 85921
20150420 52.00 50.12 52.70 50.00 104031
20150421 50.29 52.95 53.00 50.29 60112
20150422 52.00 53.83 54.92 51.90 78315
20150423 54.30 55.72 58.19 54.00 118259
20150424 55.05 56.70 57.50 53.65 92550
20150427 56.70 56.70 58.90 56.30 90659
20150428 56.70 52.80 57.50 51.10 102449
20150429 52.49 53.50 54.40 51.07 61037
20150430 53.28 54.00 55.93 53.28 85547
20150504 54.03 53.55 54.49 52.00 51489
20150505 53.65 52.13 53.79 50.24 79111
20150506 52.14 52.10 54.71 50.99 62034
20150507 52.29 51.20 52.90 50.90 41512
20150508 51.53 56.32 56.32 51.53 80362
20150511 58.88 60.28 61.00 58.50 134711
20150512 66.31 62.66 66.31 60.50 169890
20150513 60.21 68.93 68.93 59.18 141176
20150514 71.86 68.24 74.44 68.14 136251
20150515 68.00 68.50 71.00 64.60 78557
20150518 69.00 75.35 75.35 69.00 98167
20150519 75.78 75.85 77.70 72.51 95357
20150520 75.95 76.45 79.86 75.06 63948
20150521 76.44 83.14 84.10 75.01 77587
20150522 83.26 79.11 87.50 78.00 93093
20150525 76.00 76.18 77.70 74.06 85554
20150526 75.35 80.00 81.20 75.35 59992
20150527 80.15 75.81 81.66 75.50 79870
20150528 76.23 70.08 78.50 70.08 77904
20150529 70.07 72.51 75.56 67.16 71936
20150601 72.75 78.70 79.50 72.75 72297
20150602 80.41 85.11 86.57 78.90 80161
20150603 86.00 84.00 87.00 80.13 61312
20150604 83.98 83.00 84.45 76.20 55279
20150605 83.00 80.98 86.00 78.20 75100
20150608 80.00 77.54 80.00 75.28 67891
20150609 77.54 77.30 79.55 75.40 53803
20150610 80.80 82.04 84.92 78.12 71277
20150611 82.47 89.80 90.00 81.50 71551
20150612 87.98 86.38 90.80 85.20 46053
20150615 85.10 86.00 89.98 84.30 50518
20150616 83.60 77.80 85.99 77.40 84853
20150617 77.99 80.01 80.98 74.68 47352
20150618 80.98 72.01 81.49 72.01 64578
20150619 68.28 68.90 72.83 64.81 52951
20150623 70.00 73.70 73.96 66.19 72267
20150624 73.90 76.11 76.59 73.90 53425
20150625 78.14 74.00 78.50 70.32 48205
20150626 72.96 66.60 72.96 66.60 41656
20150629 67.90 59.94 68.00 59.94 29883
20150713 54.00 65.93 65.93 54.00 214264
20150714 63.15 60.89 69.72 59.60 188217
20150715 58.31 54.80 59.00 54.80 83525
20150716 49.32 49.90 53.60 49.32 154637
20150717 50.03 52.62 53.55 50.00 99806
20150720 54.30 54.00 55.59 52.80 94209
20150721 53.07 54.56 54.96 51.11 97453
20150722 55.50 59.45 60.02 54.50 141694
20150723 59.50 60.00 61.50 57.01 110439
20150724 60.01 56.00 61.47 55.32 97463
20150727 55.00 50.40 55.50 50.40 93760
20150728 45.45 45.36 50.50 45.36 132640
20150729 45.00 46.20 47.28 40.91 120138
20150730 45.74 41.58 46.98 41.58 90870
