20150422 36.31 39.61 39.61 36.31 179
20150423 43.57 43.57 43.57 43.57 47
20150424 47.93 47.93 47.93 47.93 120
20150427 52.72 52.72 52.72 52.72 92
20150428 57.99 57.99 57.99 57.99 250
20150429 63.79 63.79 63.79 63.79 326
20150430 70.17 70.17 70.17 70.17 422
20150504 77.19 77.19 77.19 77.19 529
20150505 84.91 84.91 84.91 84.91 2386
20150506 93.40 93.40 93.40 93.40 3264
20150507 102.72 102.74 102.74 94.07 158631
20150508 113.01 113.01 113.01 113.01 5216
20150511 124.31 124.31 124.31 124.31 928
20150512 136.74 136.74 136.74 136.74 687
20150513 150.41 150.41 150.41 150.41 8444
20150514 165.45 165.45 165.45 165.45 4117
20150515 178.00 182.00 182.00 156.69 83066
20150518 197.00 200.20 200.20 189.28 14707
20150519 220.22 202.09 220.22 190.66 93942
20150520 201.00 214.98 222.18 201.00 68003
20150521 207.00 194.00 208.88 193.48 57576
20150522 197.00 213.40 213.40 194.33 67890
20150525 192.06 192.30 208.40 192.06 62089
20150526 191.41 195.48 202.00 191.21 53446
20150527 199.00 215.03 215.03 196.05 76818
20150528 218.00 194.20 236.53 193.55 97811
20150529 178.00 185.98 203.87 174.78 81365
20150601 185.37 178.84 192.00 170.50 46103
20150602 183.06 184.40 192.33 179.00 37673
20150603 180.98 181.80 186.07 176.00 37305
20150604 178.80 166.89 181.60 163.62 43748
20150605 169.90 161.76 174.90 156.68 38767
20150608 161.00 150.17 161.00 147.00 37688
20150609 152.00 157.70 160.60 151.00 22149
20150610 156.00 164.98 171.50 156.00 33750
20150611 161.00 164.00 168.00 159.63 24314
20150612 163.70 153.95 165.70 153.90 25880
20150615 151.00 138.70 151.02 138.70 37314
20150616 137.98 142.00 145.60 132.22 29206
20150617 140.00 147.74 151.22 138.50 26175
20150618 147.64 134.44 148.50 134.00 20946
20150619 129.00 134.90 147.00 129.00 29968
20150623 138.01 148.39 148.39 138.00 28653
20150624 153.00 150.79 160.02 150.50 37239
20150625 150.31 140.04 150.50 138.05 24484
20150626 136.00 126.04 138.01 126.04 26197
20150629 130.00 113.44 131.50 113.44 23442
20150630 110.10 121.60 122.60 102.10 26148
20150701 117.01 112.00 126.80 110.00 24602
20150702 111.00 100.80 121.44 100.80 31248
20150703 98.66 102.50 110.00 90.77 31241
20150706 112.74 93.01 112.74 92.25 32262
20150707 87.00 83.71 89.45 83.71 13961
20150714 92.08 92.08 92.08 92.08 248
20150715 101.29 94.00 101.29 91.10 36555
20150716 94.00 95.44 100.86 85.00 22970
20150717 96.97 104.98 104.98 96.70 25005
20150720 104.50 110.00 113.00 103.00 31404
20150721 107.00 114.30 114.90 105.00 22459
20150722 112.05 125.73 125.73 111.00 28922
20150723 138.30 138.30 138.30 138.30 16584
20150724 152.13 140.38 152.13 140.00 74305
20150727 135.00 127.40 149.89 127.27 63057
20150728 119.78 128.02 136.99 114.66 49351
20150729 130.33 132.28 132.99 115.30 44064
20150730 128.01 120.60 132.65 120.00 33137
