20140102 16.00 16.18 16.49 15.78 28933
20140103 16.19 16.69 17.13 15.97 40762
20140106 16.58 16.92 17.95 16.44 52687
20140107 16.51 17.58 17.90 16.27 51186
20140108 17.50 17.73 17.98 17.10 36205
20140109 17.49 16.90 17.85 16.73 25523
20140110 16.99 16.29 17.14 16.00 18039
20140113 16.35 16.47 16.59 15.97 11330
20140114 16.57 18.12 18.12 16.36 23176
20140115 19.93 19.93 19.93 19.93 8215
20140116 21.49 21.92 21.92 20.61 127011
20140117 21.90 22.23 22.57 21.25 92213
20140120 22.12 21.70 22.38 21.25 56152
20140121 21.77 21.45 22.49 19.80 90837
20140122 20.80 21.70 22.48 20.61 74720
20140123 21.38 23.87 23.87 21.00 87666
20140124 23.66 23.25 24.30 22.90 76795
20140127 22.00 22.38 22.86 21.32 48358
20140128 22.38 22.40 22.55 21.11 41589
20140129 22.10 21.79 22.35 21.30 28738
20140130 21.85 20.91 22.26 20.80 25125
20140207 20.57 21.58 21.81 20.13 24715
20140210 21.30 22.80 22.84 21.08 34366
20140211 22.63 22.31 23.86 21.80 41141
20140212 22.00 23.24 23.50 21.98 44126
20140220 24.00 23.50 25.56 23.00 68980
20140221 22.01 22.16 22.99 21.60 36676
20140224 21.70 22.45 22.69 21.05 23233
20140225 22.40 20.77 23.68 20.21 41988
20140226 20.78 21.41 21.56 19.88 27947
20140227 21.45 21.00 22.83 20.90 30413
20140228 21.00 21.82 21.90 20.20 17105
20140303 22.05 24.00 24.00 21.90 39344
20140304 23.56 23.45 24.30 22.82 23498
20140305 23.50 24.89 25.35 23.45 31408
20140306 24.56 26.86 27.10 24.31 37080
20140307 26.50 25.87 26.96 25.77 25046
20140310 25.50 24.50 25.50 23.84 24983
20140311 24.47 23.30 24.84 22.74 15263
20140312 23.29 24.29 24.29 22.61 18469
20140313 24.12 24.29 24.50 23.70 9794
20140314 24.45 26.72 26.72 23.80 25345
20140317 26.70 26.89 27.05 25.99 23201
20140318 26.70 26.09 27.57 26.00 16581
20140319 25.73 25.16 25.89 24.00 18071
20140320 25.40 24.67 25.55 24.56 10305
20140321 24.48 26.01 26.39 24.25 15279
20140324 25.75 24.59 26.37 24.00 20771
20140325 23.86 24.63 24.64 23.82 9646
20140326 24.59 24.86 25.88 24.59 8934
20140327 25.19 24.01 25.20 23.93 10061
20140328 23.99 21.61 24.46 21.61 23666
20140331 21.66 21.23 21.97 20.85 9254
20140401 21.10 21.69 21.89 21.10 8966
20140402 21.76 20.40 22.18 19.90 14308
20140403 20.40 20.40 20.90 20.00 8864
20140404 20.40 20.64 20.65 20.11 8819
20140408 20.50 21.62 21.66 20.20 11656
20140409 21.50 22.11 22.60 21.31 15889
20140410 22.05 21.80 22.48 21.70 9394
20140411 21.52 21.16 21.52 20.82 10070
20140414 21.16 21.05 21.40 20.80 6331
20140415 21.24 21.10 21.35 20.90 5722
20140416 20.90 20.25 21.10 20.25 9605
20140417 20.48 20.55 20.89 20.32 5869
20140418 20.68 21.20 21.50 20.56 10058
20140421 21.20 21.06 21.49 20.67 6634
20140422 21.60 21.54 22.45 21.20 19163
20140423 20.95 20.98 21.45 20.89 5944
20140424 21.05 20.87 21.05 20.74 4356
20140425 20.82 21.15 21.68 20.82 6621
20140428 20.97 20.05 21.15 19.51 9074
20140429 19.79 20.16 20.33 19.51 3189
20140430 20.16 20.64 20.79 20.06 4424
20140505 20.24 21.10 21.10 20.24 3666
20140506 21.30 21.10 21.50 20.90 5288
20140507 20.95 21.09 21.56 20.66 7307
20140508 20.95 21.81 22.00 20.95 8712
20140509 21.50 21.11 21.70 21.00 4312
20140512 21.13 21.50 21.57 21.10 3275
20140513 21.41 21.19 21.67 20.99 3568
20140514 21.10 21.02 21.28 20.91 3403
20140515 20.91 20.70 21.07 20.38 6656
20140516 20.60 20.50 20.68 19.40 9374
20140519 20.19 20.23 20.30 19.91 1998
20140520 20.48 20.50 20.85 20.05 3494
20140521 20.34 20.45 20.50 19.93 5489
20140522 20.27 20.57 20.78 20.26 5005
20140523 20.55 21.19 21.28 20.27 7176
20140526 21.16 22.01 22.12 21.05 12069
20140527 22.18 21.96 22.18 21.69 7495
20140528 21.76 22.40 22.47 21.76 8631
20140529 22.49 21.88 22.56 21.70 5090
20140530 21.92 22.33 22.78 21.80 3712
20140603 22.70 22.50 23.10 22.36 8063
20140604 22.30 22.33 22.40 21.60 8041
20140605 22.29 23.00 23.00 22.00 5841
20140606 22.93 23.24 24.16 22.70 15043
20140609 23.00 23.29 23.73 22.70 8459
20140610 23.29 23.27 23.50 22.65 8894
20140611 23.40 23.64 24.04 23.06 9989
20140612 23.56 23.63 23.63 23.20 7433
20140613 23.60 23.50 23.63 23.22 7138
20140616 23.50 23.65 24.20 23.34 6433
20140617 23.77 22.89 23.77 22.76 9376
20140618 22.89 22.65 23.13 22.53 6409
20140619 22.47 22.20 22.85 22.07 4498
20140620 22.13 22.74 22.74 22.12 3664
20140623 22.77 22.77 23.00 22.52 5251
20140624 22.75 25.05 25.05 22.63 26870
20140625 25.05 24.38 25.17 24.20 17212
20140626 24.10 25.16 25.98 24.10 19236
20140627 25.25 25.07 25.45 24.82 8477
20140630 24.95 25.06 25.23 24.52 10528
20140701 25.08 24.90 25.31 24.60 7808
20140702 24.85 25.30 25.55 24.77 10676
20140703 25.03 25.36 25.42 24.86 7538
20140704 25.50 26.86 27.90 25.49 19927
20140707 26.81 26.10 26.81 25.80 12455
20140708 25.85 26.35 26.45 25.40 8632
20140709 26.28 25.40 26.28 25.40 9446
20140710 25.28 25.40 25.89 25.18 4227
20140711 25.69 25.26 25.69 25.01 3389
20140714 25.11 25.35 25.48 24.00 4382
20140715 25.59 25.52 26.73 25.28 12840
20140716 25.40 24.99 25.75 24.35 7017
20140717 24.77 24.50 24.80 23.94 5958
20140718 24.03 23.90 24.49 23.31 7602
20140721 23.75 23.70 23.89 23.01 5097
20140722 23.51 24.10 24.10 23.31 5974
20140723 23.90 23.13 24.10 23.13 4933
20140724 23.15 23.00 23.19 22.10 8008
20140725 22.70 22.80 22.88 22.20 5421
20140818 24.10 25.08 25.08 23.70 31180
20140819 25.00 25.23 26.22 24.58 24983
20140820 25.35 24.90 25.35 24.80 9765
20140821 24.75 25.11 25.30 24.60 9741
20140822 25.11 25.45 25.45 24.91 10174
20140825 25.48 25.46 25.95 24.80 10501
20140826 25.32 24.80 25.35 24.70 8054
20140827 24.57 24.28 24.85 24.28 4887
20140828 24.37 23.69 24.37 23.41 8909
20140829 23.58 24.42 24.50 23.50 6775
20140901 24.30 25.05 25.47 24.30 7955
20140902 25.39 25.20 25.57 24.85 10465
20140903 25.28 25.64 27.30 25.22 20627
20140904 25.77 25.32 25.77 25.00 24536
20140905 25.11 25.14 25.35 24.81 9105
20140909 25.15 25.69 25.69 24.71 15520
20140910 25.65 26.52 26.92 25.60 22373
20140911 26.52 26.18 26.90 25.81 15644
20140912 26.17 26.41 26.46 25.95 7858
20140915 26.57 27.08 27.50 26.37 18639
20140916 27.20 26.20 27.80 26.10 20190
20140917 26.07 25.60 26.41 25.41 10112
20140918 25.68 26.16 26.19 25.50 6191
20140919 26.00 26.17 26.43 25.71 5627
20140922 26.29 26.02 26.29 25.51 3530
20140923 26.26 26.20 26.49 25.69 6504
20140924 26.13 26.88 26.89 26.11 11562
20140925 26.90 26.62 27.26 26.57 9989
20140926 26.48 27.10 27.10 26.43 11530
20140929 27.27 27.80 27.86 26.86 14585
20140930 27.93 28.11 28.50 27.52 13242
20141008 27.88 27.54 28.06 27.30 13100
20141009 27.88 28.00 28.13 27.08 12771
20141010 27.79 28.08 28.48 27.78 12936
20141013 28.00 27.96 28.00 27.11 6203
20141014 27.90 27.95 28.16 27.43 9688
20141015 28.25 28.14 28.60 27.60 13032
20141016 27.81 27.41 28.05 27.31 12208
20141017 27.38 27.39 27.93 27.01 9724
20141020 26.97 28.71 28.88 26.97 13604
20141021 28.70 29.53 29.99 28.53 19703
20141022 29.53 29.10 29.88 28.79 8564
20141023 28.90 29.63 29.77 28.53 14597
20141024 29.80 28.58 29.80 28.33 12819
20141027 28.70 28.79 28.88 27.72 7109
20141028 28.56 29.60 29.72 28.56 10006
20141029 29.54 29.85 30.58 29.20 17870
20141030 29.85 29.44 29.95 29.01 10096
20141031 29.47 30.50 30.60 29.18 15473
20141103 30.60 33.20 33.20 30.05 22343
20141104 32.70 32.81 34.80 32.50 28070
20141105 32.81 33.00 34.10 31.81 17934
20141106 33.15 36.30 36.30 33.15 24672
20141107 37.20 38.60 39.48 36.90 44476
20141110 38.00 37.93 38.17 37.06 27658
20141111 37.55 34.40 37.93 34.14 42208
20141112 34.60 35.65 36.09 34.50 29056
20141113 35.00 33.20 35.28 32.90 25019
20141114 33.20 33.70 34.50 33.05 15391
20141117 33.75 33.84 34.94 33.15 17740
20141118 34.00 36.71 37.22 34.00 29365
20141119 36.70 38.70 39.68 35.81 32326
20141120 38.00 37.80 38.35 37.10 17769
20141121 37.51 37.60 38.49 37.38 11736
20141124 37.59 38.16 39.58 37.35 18926
20141125 37.50 40.46 40.78 37.50 21819
20141126 40.60 38.18 40.68 37.50 30085
20141127 38.24 42.00 42.00 38.23 31351
20141128 42.77 43.49 45.49 40.71 29531
20141201 43.06 47.84 47.84 41.56 43141
20141202 46.99 46.25 47.98 45.41 39164
20141203 45.50 44.55 45.90 42.30 38609
20141204 44.00 44.88 45.03 42.48 35632
20141205 43.12 40.40 44.30 40.40 36942
20141208 39.67 39.46 41.78 38.11 41850
20141209 39.98 36.06 40.39 36.01 34189
20141210 36.40 37.60 37.80 35.00 21313
20141211 37.30 38.76 39.80 36.10 25787
20141212 37.90 38.78 39.49 37.90 14723
20141215 38.02 39.98 40.20 38.02 20242
20141216 40.00 40.66 41.46 39.41 26231
20141217 40.00 40.89 41.99 38.28 32064
20141218 40.19 38.88 40.40 38.79 21653
20141219 37.98 36.33 38.66 35.88 23920
20141222 36.36 32.88 36.50 32.73 26669
20141223 32.86 32.66 34.80 32.30 17514
20141224 33.00 33.79 34.50 32.99 16072
20141225 34.10 34.17 35.00 33.79 14235
20141226 34.05 34.25 34.27 33.60 9646
20141229 34.00 31.10 34.19 30.93 26388
20141230 31.30 29.90 31.81 28.43 26863
20141231 29.95 30.60 30.77 29.60 11297
20150105 31.00 30.00 31.00 29.02 15601
20150106 29.96 32.95 32.95 29.53 22874
20150107 32.88 33.09 33.40 32.23 15489
20150108 32.69 33.28 34.49 32.51 17234
20150109 33.06 33.48 34.85 32.92 20067
20150112 32.80 33.13 33.93 32.69 8858
20150113 33.11 35.00 35.13 32.00 22386
20150114 34.85 33.93 34.88 33.80 11524
20150115 33.55 31.77 34.29 31.51 28397
20150116 32.00 32.00 32.73 31.55 23379
20150119 31.00 30.47 32.83 30.00 26485
20150120 30.78 33.52 33.52 30.49 32500
20150121 34.30 34.78 35.37 33.90 46221
20150122 34.50 36.90 37.40 34.03 49318
20150123 36.68 35.60 36.77 35.48 28938
20150126 35.16 36.53 36.59 35.16 24277
20150127 36.50 38.25 38.50 36.46 34375
20150128 38.15 37.25 38.76 37.20 22423
20150129 36.76 36.20 36.88 35.20 21552
20150130 37.38 36.68 38.04 35.99 27987
20150202 35.10 35.66 36.90 35.10 15925
20150203 35.68 38.00 39.10 35.68 33811
20150204 38.10 38.57 39.28 37.40 31690
20150205 38.25 39.00 40.00 37.75 35631
20150206 39.01 36.61 39.49 36.00 24229
20150209 36.61 37.18 37.79 36.22 16902
20150210 36.80 39.25 39.30 36.80 21194
20150211 39.26 40.10 40.20 38.95 24129
20150212 40.03 39.86 40.78 39.40 22196
20150213 40.10 40.45 41.41 39.40 38231
20150422 44.50 44.50 44.50 44.50 189
20150423 48.95 48.95 48.95 48.95 11441
20150424 53.85 53.85 53.85 51.85 35859
20150427 59.00 54.00 59.00 52.60 88214
20150428 52.18 52.00 53.90 49.20 48645
20150429 50.69 54.29 55.25 50.51 35431
20150430 54.27 53.70 54.50 52.00 30065
20150504 28.20 27.15 28.45 26.38 40417
20150505 26.72 27.70 29.43 26.13 76978
20150506 28.07 29.67 30.47 27.01 64776
20150507 29.30 30.97 32.19 28.61 110488
20150508 30.33 33.33 33.93 30.00 103430
20150511 32.89 34.91 35.88 32.18 99587
20150512 35.50 38.40 38.40 33.66 119089
20150513 36.80 40.00 41.61 36.75 113115
20150514 39.40 40.58 43.50 39.10 91628
20150515 40.00 39.35 41.36 37.50 72265
20150518 39.20 43.29 43.29 39.20 104056
20150519 44.53 47.62 47.62 42.10 84411
20150520 50.20 47.56 52.26 47.50 148046
20150521 47.14 49.00 50.52 45.00 111527
20150522 49.00 49.05 50.49 45.00 141914
20150525 47.05 46.85 48.96 45.51 75971
20150526 48.00 48.59 49.60 47.00 67440
20150527 48.46 47.01 48.46 45.50 78892
20150528 46.60 44.30 47.99 44.28 81160
20150529 45.00 45.90 47.19 41.50 76738
20150601 46.63 50.49 50.49 46.63 83559
20150602 52.88 53.89 54.45 50.36 100306
20150603 53.00 55.40 56.25 51.00 95426
20150604 55.30 56.80 59.00 49.86 57985
20150605 56.93 55.70 58.69 54.11 56614
20150608 55.00 51.99 56.50 51.80 39475
20150609 50.54 53.28 54.45 49.50 47530
20150610 54.01 58.61 58.61 52.81 42861
20150618 58.00 59.50 62.20 53.00 69243
20150619 56.01 58.50 61.50 53.55 68759
20150623 57.50 52.65 59.51 52.65 57055
20150624 52.32 52.88 54.17 49.00 44907
20150625 54.00 47.77 54.00 47.59 55377
20150626 44.78 42.99 44.78 42.99 46758
20150629 43.10 38.69 43.20 38.69 13356
20150630 34.82 42.55 42.56 34.82 72964
20150701 43.00 46.52 46.81 42.45 77717
20150702 43.00 45.87 47.90 42.56 71701
20150703 45.77 44.73 48.00 41.28 98055
20150706 47.50 40.26 49.00 40.26 91098
20150707 36.92 36.23 36.92 36.23 13251
20150713 39.85 39.85 39.85 39.85 2285
20150714 43.84 42.79 43.84 40.48 91998
20150715 41.12 38.51 41.47 38.51 36806
20150716 38.30 34.66 38.30 34.66 81399
20150717 34.66 38.13 38.13 33.82 73582
20150720 39.15 41.80 41.94 38.18 84710
20150721 42.90 45.98 45.98 40.86 84879
20150722 45.98 46.51 47.68 42.70 74214
20150723 45.80 46.25 48.10 44.40 48851
20150724 46.50 44.90 49.00 44.00 54084
20150727 43.05 40.41 45.66 40.41 60849
20150728 36.51 36.37 41.00 36.37 116598
20150729 36.86 38.60 39.80 33.00 96330
20150730 38.50 34.74 38.50 34.74 82510
