20140102 34.92 36.80 36.97 34.51 27716
20140103 36.70 37.19 37.53 36.05 19325
20140106 37.00 37.61 37.69 36.40 15726
20140107 37.35 36.93 37.69 36.64 11740
20140108 37.26 36.80 37.98 36.21 18080
20140109 36.60 35.18 36.78 35.00 15545
20140110 35.10 33.41 35.12 32.91 22066
20140113 33.38 33.58 34.18 33.12 12451
20140114 33.58 33.88 34.05 33.17 14607
20140115 33.88 33.61 34.68 33.59 30626
20140116 33.62 31.83 33.65 31.02 59946
20140117 31.49 31.63 31.80 31.16 28580
20140120 31.58 30.63 31.64 30.40 23015
20140121 30.63 31.20 31.56 30.41 19810
20140122 31.10 32.33 32.55 31.10 32721
20140123 32.35 33.24 33.55 32.12 34419
20140124 32.25 34.50 34.57 31.51 55243
20140127 34.15 33.50 34.15 33.10 32004
20140128 33.59 32.58 33.60 32.19 19904
20140129 32.54 33.40 33.48 32.29 10665
20140130 33.21 32.80 33.36 32.40 9153
20140207 32.13 33.06 33.18 32.13 9792
20140210 33.04 33.26 33.78 32.20 36704
20140211 33.28 33.49 33.74 32.50 24614
20140212 33.49 33.22 33.55 32.86 21299
20140213 33.18 31.71 33.20 31.70 24327
20140214 31.80 32.38 32.55 31.80 12522
20140217 32.60 33.19 33.30 32.60 24012
20140218 33.18 34.54 35.10 33.00 34738
20140219 34.25 33.20 34.58 33.20 35203
20140220 33.15 32.38 33.29 32.30 18602
20140221 32.41 32.57 32.84 32.26 9782
20140224 32.60 33.12 33.17 31.78 13754
20140225 33.00 31.23 33.88 30.80 25522
20140226 30.98 31.14 31.45 30.22 17128
20140227 31.30 30.30 31.65 30.27 16074
20140228 30.26 29.36 30.26 28.75 27458
20140303 29.16 29.59 29.66 29.03 12679
20140304 29.43 28.88 29.55 28.51 13608
20140305 29.00 29.10 29.35 28.89 9547
20140306 29.10 28.99 29.37 28.40 12488
20140307 28.83 29.13 29.20 28.61 13490
20140310 29.11 28.22 29.70 28.22 20702
20140311 27.82 28.27 28.50 27.82 8873
20140312 28.27 28.60 28.95 28.18 9694
20140313 28.75 29.17 29.40 28.71 11857
20140314 29.19 28.98 29.24 28.79 6317
20140317 29.24 29.53 29.65 29.01 7306
20140318 29.54 29.50 29.93 29.40 9527
20140319 29.45 28.90 29.45 28.56 17525
20140320 29.00 27.88 29.00 27.88 18016
20140321 27.96 27.70 28.05 26.92 14643
20140324 26.80 25.03 26.98 24.93 68605
20140325 24.85 25.05 25.16 24.68 19972
20140326 24.95 25.40 25.42 24.91 19481
20140327 25.28 24.81 25.28 24.80 13920
20140328 24.95 23.68 24.98 23.60 17596
20140331 23.37 23.40 24.00 23.00 21086
20140401 23.51 24.02 24.30 23.41 15790
20140402 24.06 23.39 24.17 23.12 19006
20140403 23.40 23.59 23.85 23.25 10180
20140404 23.65 23.95 23.96 23.40 11258
20140408 23.88 23.97 24.07 23.55 9610
20140409 23.88 24.36 24.44 23.88 11766
20140410 24.39 24.36 24.88 24.32 18961
20140411 24.16 24.38 24.65 23.84 13395
20140414 24.30 24.34 24.50 24.14 9870
20140415 24.34 24.00 24.45 23.99 13309
20140416 23.90 23.72 23.99 23.51 8944
20140417 23.71 23.90 24.08 23.71 8656
20140418 23.90 24.36 24.41 23.70 13479
20140421 24.07 24.20 24.50 24.07 11949
20140422 24.23 24.19 24.30 23.74 9761
20140423 24.10 24.10 24.50 24.02 7361
20140428 22.80 22.50 23.63 22.23 15146
20140429 22.61 23.40 23.73 22.61 10927
20140430 23.30 24.20 24.25 23.30 6588
20140505 24.05 24.30 24.47 24.05 7379
20140506 24.36 24.68 24.85 24.11 9633
20140507 24.53 23.75 24.58 23.64 6629
20140508 23.72 24.85 24.85 23.60 11613
20140509 24.75 24.78 25.00 24.21 11018
20140512 24.65 24.95 25.15 24.65 10738
20140513 24.95 24.65 25.05 24.51 6782
20140514 24.56 25.27 25.31 24.32 9464
20140515 25.15 24.37 25.15 24.36 11433
20140516 24.31 23.81 24.45 23.60 8242
20140519 23.48 24.12 24.15 23.48 5303
20140520 24.36 24.32 24.69 24.05 7852
20140521 24.50 24.57 24.60 24.24 6259
20140522 24.70 24.37 24.88 24.32 9281
20140523 24.19 24.58 24.72 24.03 7959
20140526 24.95 27.04 27.04 24.95 42352
20140527 27.49 26.50 27.49 26.50 54414
20140528 26.27 26.90 27.15 26.16 37019
20140529 26.70 27.19 27.99 26.70 38279
20140530 26.70 27.27 27.46 26.17 30391
20140603 27.18 26.96 27.55 26.85 20731
20140604 26.89 26.86 27.16 26.30 11502
20140605 26.80 27.07 27.27 26.45 15186
20140606 27.20 27.41 28.40 27.06 26891
20140609 27.11 26.86 27.65 26.80 13761
20140610 26.86 26.81 27.20 26.20 16803
20140611 26.89 26.82 27.10 26.51 17435
20140612 26.58 26.41 26.75 26.33 15794
20140613 26.29 26.55 26.66 26.23 18991
20140616 26.51 26.94 26.94 26.43 15873
20140617 26.89 26.22 27.06 26.21 12054
20140618 25.91 25.25 26.24 25.03 16648
20140619 25.05 24.65 25.62 24.30 12320
20140620 24.97 25.05 25.08 24.14 7143
20140623 24.98 25.45 25.66 24.93 9016
20140624 25.52 25.59 25.62 25.22 7323
20140625 25.74 25.48 25.74 25.22 5330
20140626 25.48 26.41 26.79 25.48 16418
20140627 26.30 26.55 26.72 26.25 11405
20140630 26.75 26.05 26.94 26.05 22140
20140701 26.19 25.99 26.68 25.62 21540
20140702 26.03 26.10 26.28 25.79 17380
20140703 26.35 27.53 28.71 26.20 50333
20140704 27.60 26.90 27.60 26.80 25454
20140707 27.09 27.32 27.75 27.09 22658
20140708 27.27 27.90 27.95 27.02 27398
20140709 27.90 27.98 28.94 27.71 39027
20140710 27.95 28.03 28.90 27.90 25369
20140711 28.00 27.48 28.28 27.27 21754
20140714 27.20 27.58 27.59 26.67 20588
20140715 27.49 27.59 28.02 27.13 17034
20140716 27.67 26.91 27.67 26.72 11712
20140717 26.91 27.03 27.35 26.81 5781
20140718 26.91 27.17 27.52 26.86 8367
20140721 27.17 27.29 27.39 27.02 5719
20140722 27.13 27.38 27.45 27.13 9297
20140723 27.28 25.80 27.36 25.00 20677
20140724 25.65 26.09 26.17 25.21 14417
20140725 26.02 26.61 26.62 26.00 8182
20140728 26.65 26.87 26.97 26.30 6632
20140729 26.94 26.65 26.94 26.58 18906
20140730 26.65 26.78 26.89 26.26 11314
20140731 26.66 26.70 26.76 26.42 6064
20140801 26.54 26.93 27.17 26.51 16661
20140804 27.08 27.11 27.35 26.98 9866
20140805 27.20 28.07 28.50 27.14 33891
20141017 30.88 30.88 30.88 30.88 2568
20141020 33.58 32.07 33.58 31.19 73004
20141021 31.60 32.17 32.90 31.55 26592
20141022 32.00 30.86 32.16 30.76 19760
20141023 31.15 32.09 33.33 31.15 56328
20141024 31.98 31.41 32.29 31.06 17356
20141027 31.29 31.74 31.99 30.68 17105
20141028 31.85 33.67 33.89 31.84 40637
20141029 33.45 35.13 35.35 33.33 43714
20141030 35.00 34.83 35.48 34.00 29069
20141031 34.71 33.85 34.96 33.68 30885
20141103 33.91 33.97 34.40 32.95 35030
20141104 33.60 33.52 34.38 33.52 17202
20141105 33.51 33.50 33.70 32.93 18723
20141106 33.35 34.65 34.98 33.21 27797
20141107 35.15 35.00 36.18 34.68 28375
20141110 35.30 34.65 35.66 34.27 14227
20141111 34.50 32.27 34.60 32.01 28024
20141112 32.00 33.24 33.40 31.75 14219
20141113 33.20 32.35 33.58 32.10 10794
20141114 32.38 31.63 32.63 31.20 19892
20141117 31.65 32.79 32.94 31.23 19043
20141118 32.66 32.22 33.18 32.12 11686
20141119 32.59 32.91 33.25 32.39 13745
20141120 32.90 32.40 32.90 32.18 9877
20141121 32.23 32.88 32.90 32.21 18482
20141124 33.98 34.38 35.20 33.88 37201
20141125 34.12 34.91 35.79 34.12 22052
20141126 35.00 34.70 35.29 34.40 16170
20141127 35.01 34.78 35.18 34.31 13898
20141128 34.78 34.51 34.94 34.22 16995
20141201 34.51 35.64 36.00 34.31 28746
20141202 36.10 35.79 36.45 35.33 28502
20141203 35.98 34.89 35.98 34.38 26531
20141204 34.93 34.82 35.20 34.65 17978
20141205 34.63 32.39 34.68 31.58 44122
20141208 31.98 31.48 32.19 31.21 28233
20141209 31.17 29.72 31.89 29.50 26315
20141210 30.00 30.82 31.40 29.51 18139
20141211 30.82 31.66 32.15 30.68 13897
20141212 31.66 31.51 31.86 31.38 7903
20141215 31.15 32.48 32.69 31.15 17181
20141216 32.35 31.86 32.50 31.80 11310
20141217 31.84 30.78 31.90 30.59 15601
20141218 30.99 30.85 31.24 30.78 8182
20141219 30.85 29.59 30.86 29.00 17893
20141222 29.50 27.35 29.50 26.95 19329
20141223 27.80 27.76 28.40 27.40 6932
20141224 27.96 28.60 29.01 27.96 12278
20141225 28.70 29.00 29.27 28.43 7394
20141226 28.68 29.40 29.50 28.48 7220
20141229 29.01 28.14 29.27 28.05 9347
20141230 28.08 28.08 28.77 28.00 5888
20141231 28.16 28.43 28.74 28.01 5932
20150105 28.19 28.43 28.52 27.50 6880
20150106 28.40 29.32 29.39 28.20 11922
20150107 28.99 29.00 29.49 28.80 7739
20150108 29.25 28.78 29.30 28.41 9507
20150109 28.77 28.80 29.33 28.65 7860
20150112 28.80 28.00 28.90 27.90 9650
20150113 28.00 28.95 28.95 27.92 11838
20150114 28.94 28.63 28.95 28.34 9289
20150115 28.64 31.49 31.49 28.56 34477
20150116 31.49 31.86 32.20 31.49 23548
20150119 31.40 31.31 32.76 31.00 22921
20150120 31.55 32.52 32.60 31.55 17427
20150121 32.84 32.53 32.85 32.20 21657
20150122 32.45 33.13 33.20 32.08 16673
20150123 33.45 33.00 33.74 32.62 24757
20150126 33.00 32.93 33.32 32.66 17091
20150127 33.23 32.63 33.47 32.11 14119
20150128 32.59 32.65 33.28 32.23 10893
20150129 32.58 32.94 33.18 32.50 9083
20150130 33.03 32.41 33.14 32.40 8062
20150202 32.14 32.01 32.58 31.92 9424
20150203 32.02 32.61 32.98 31.92 9105
20150204 32.50 32.26 32.83 32.11 6819
20150205 32.51 32.97 32.97 32.03 18884
20150206 33.00 32.30 33.15 32.22 8999
20150209 32.32 32.01 32.58 31.95 5324
20150210 31.98 32.81 32.98 31.85 8940
20150211 32.86 32.86 33.05 32.57 10733
20150212 32.85 33.81 33.97 32.61 20001
20150213 33.88 34.26 34.78 33.70 18361
20150216 34.15 34.74 34.88 34.01 13428
20150217 34.93 35.42 36.00 34.30 22725
20150225 35.51 34.11 35.63 33.93 17901
20150226 34.10 34.00 34.42 33.53 9044
20150227 34.27 35.15 35.20 33.91 14006
20150302 35.05 35.48 35.85 34.80 13324
20150303 35.47 35.42 36.71 35.12 23065
20150304 35.42 37.89 37.89 35.26 38224
20150312 35.35 34.70 35.89 34.10 83391
20150313 34.25 35.11 35.30 34.25 37876
20150316 36.00 36.60 36.95 35.71 51404
20150317 36.69 39.20 40.00 36.17 47086
20150318 38.66 38.99 39.68 38.50 31114
20150319 38.80 38.54 38.90 37.91 28317
20150320 38.54 38.92 39.95 38.10 29316
20150323 38.90 39.49 39.56 38.33 31260
20150324 39.70 38.99 39.87 37.01 42847
20150325 38.81 39.48 40.15 38.00 38315
20150326 39.00 38.60 39.87 37.51 30114
20150327 38.26 39.00 39.10 38.00 24561
20150330 39.10 39.32 40.88 39.00 28736
20150331 39.28 42.20 42.45 38.72 53209
20150401 41.99 42.20 42.77 41.31 27086
20150402 42.18 42.30 43.30 41.70 28447
20150403 42.29 42.79 42.90 41.50 28153
20150407 42.80 43.99 44.30 42.00 42974
20150427 48.39 44.45 48.39 44.32 52949
20150428 44.43 41.52 45.35 40.88 36596
20150429 41.60 42.75 43.18 41.60 23633
20150430 42.88 43.28 44.89 42.88 23874
20150504 43.10 45.20 45.20 42.50 29311
20150505 44.72 46.50 47.99 44.63 30623
20150506 46.13 44.98 47.48 44.11 22012
20150507 44.51 42.60 45.78 42.32 33498
20150508 43.31 45.41 45.48 43.10 24260
20150511 46.05 48.00 48.90 45.93 35388
20150512 48.70 49.50 50.55 47.30 39038
20150513 48.15 48.88 49.94 48.08 25477
20150514 49.05 53.77 53.77 48.93 40151
20150515 55.00 57.86 58.60 53.90 45535
20150518 57.86 61.25 61.70 57.20 32448
20150519 60.30 59.80 60.83 57.55 28777
20150520 60.05 65.70 65.78 60.05 33727
20150529 68.00 72.00 72.11 65.63 55584
20150601 73.00 70.00 73.00 68.12 56350
20150602 69.88 70.22 70.50 66.00 38971
20150603 69.43 77.05 77.24 64.99 47036
20150604 75.00 69.88 75.70 69.35 40291
20150605 71.45 69.88 74.19 68.72 27293
20150608 69.65 63.30 69.70 62.89 48989
20150609 62.39 63.61 64.33 61.88 21934
20150610 64.00 67.28 68.20 63.80 30027
20150611 66.50 67.46 67.90 66.50 18380
20150612 70.00 71.27 72.80 69.41 26074
20150615 70.88 68.40 70.90 67.02 26827
20150616 67.30 64.05 67.30 63.39 18614
20150617 63.73 65.49 65.96 60.02 15601
20150618 65.27 62.56 67.98 61.80 16254
20150619 61.10 57.03 62.56 56.70 17435
20150623 56.70 61.31 62.50 54.00 27343
20150624 61.45 61.23 62.60 60.00 13900
20150625 60.99 59.41 63.08 57.01 18232
20150626 57.54 53.63 59.03 53.47 26242
20150629 55.90 48.27 56.00 48.27 33453
20150630 44.10 52.00 53.08 43.44 43469
20150701 51.00 48.00 54.60 48.00 31366
20150702 48.48 45.00 49.80 43.61 29271
20150703 44.00 41.25 47.77 40.50 32610
20150706 45.38 37.80 45.38 37.13 41245
20150707 35.44 34.02 35.98 34.02 30273
20150708 30.62 32.00 34.25 30.62 77230
20150709 31.51 35.20 35.20 31.10 39185
20150710 38.02 38.72 38.72 37.40 14648
20150713 40.88 42.59 42.59 40.01 32059
20150714 42.91 43.64 46.66 42.43 72851
20150715 42.00 39.28 43.17 39.28 36053
20150716 39.28 41.60 42.79 38.00 30736
20150717 42.00 44.65 45.19 42.00 31754
20150720 44.63 45.40 46.47 43.70 39621
20150721 44.50 45.65 46.39 43.85 21195
20150722 45.66 45.28 46.27 44.18 26395
20150723 45.55 48.21 48.47 45.00 28040
20150724 48.50 47.40 49.96 47.10 26158
20150727 52.14 50.99 52.14 50.78 119460
20150728 47.75 52.00 53.20 46.05 115476
20150729 53.30 52.00 55.45 46.80 95832
20150730 51.00 47.11 51.75 47.00 66023
