20140801 11.81 14.17 14.17 11.81 524
20140804 15.59 15.59 15.59 15.59 149
20140805 17.15 17.15 17.15 17.15 142
20140806 18.87 18.87 18.87 18.87 385
20140807 20.76 20.76 20.76 20.76 857
20140808 22.84 22.84 22.84 22.84 1065
20140811 25.12 25.12 25.12 25.12 1240
20140812 27.63 27.63 27.63 27.63 25873
20140813 25.80 26.00 27.40 24.91 105226
20140814 26.01 26.31 27.30 25.72 73513
20140815 26.51 26.02 26.82 25.51 42798
20140818 25.93 26.19 26.43 25.80 37973
20140819 26.13 26.46 27.16 26.03 54073
20140820 26.33 28.64 29.11 26.02 93160
20140821 28.03 27.09 28.13 26.63 63782
20140822 26.89 26.90 27.29 26.45 35366
20140825 26.90 27.18 27.57 26.81 30173
20140826 27.01 26.20 27.50 26.06 29808
20140827 26.27 26.35 26.45 25.90 16210
20140828 26.28 26.58 27.14 26.19 28481
20140829 26.34 27.23 27.67 26.34 33790
20140901 27.37 29.08 29.79 27.01 57932
20140902 28.80 29.13 29.34 28.61 46957
20140903 29.06 28.75 29.08 28.22 33946
20140904 28.80 29.64 30.45 28.69 45993
20140905 29.40 29.54 29.71 29.28 21018
20140909 29.60 29.16 29.76 28.78 18466
20140910 29.15 30.33 30.59 28.81 35728
20140911 30.31 31.34 31.58 29.72 49506
20140912 30.98 31.00 31.31 30.50 22298
20140915 30.92 30.53 31.30 30.25 19618
20140916 30.55 29.20 30.96 29.02 24847
20140917 29.21 29.47 29.57 28.90 12936
20140918 29.49 29.51 29.65 29.21 8753
20140919 29.60 29.34 29.60 28.95 12360
20140922 29.12 28.42 29.22 28.33 14826
20140923 28.41 29.45 29.65 28.41 16092
20140924 29.18 29.95 30.01 29.18 18972
20140925 29.90 30.11 30.34 29.70 13467
20140926 29.96 30.70 30.87 29.86 18127
20140929 30.90 31.44 31.47 30.63 22668
20140930 31.39 32.10 32.39 31.03 21769
20141008 32.38 32.08 32.51 31.51 14937
20141009 32.36 31.62 32.36 31.21 15898
20141010 31.40 31.25 31.85 31.24 11030
20141013 31.26 31.28 31.35 30.52 10191
20141014 31.00 31.00 31.32 30.80 10134
20141015 31.00 31.98 32.19 30.62 17489
20141016 31.88 31.30 32.60 31.25 16112
20141017 31.18 32.38 32.58 30.52 23497
20141020 32.12 32.90 33.33 31.96 18289
20141021 32.77 34.84 35.43 32.62 31750
20141022 34.42 34.57 35.42 34.12 25574
20141023 34.57 35.65 37.59 34.57 37739
20141024 35.10 35.60 37.65 35.00 34488
20141027 35.51 33.05 35.51 32.04 23961
20141028 33.25 36.36 36.36 33.25 25696
20141029 37.40 37.36 37.55 36.33 32767
20141030 37.00 36.60 37.36 36.40 19755
20141031 36.60 37.53 37.99 36.40 25856
20141103 37.56 38.60 39.84 37.25 27166
20141104 38.79 37.26 38.80 37.25 20051
20141105 37.01 37.10 38.02 36.47 16410
20141106 37.13 38.90 39.60 37.11 19971
20141107 39.01 38.64 40.59 38.35 23664
20141110 38.61 39.30 39.60 38.01 16232
20141111 39.28 43.23 43.23 39.06 52535
20141112 44.80 45.30 47.49 44.49 55814
20141113 43.00 42.84 44.50 42.22 35934
20141114 42.01 38.56 42.60 38.56 32935
20141117 37.52 38.78 40.42 37.50 18452
20141118 38.91 39.84 40.63 38.60 14955
20141119 39.85 40.38 40.98 39.48 14849
20141120 39.51 40.11 40.25 39.50 8769
20141121 39.68 40.43 41.16 39.68 12558
20141124 40.50 41.41 43.28 40.02 17324
20141125 41.50 40.50 42.66 39.81 18555
20141126 40.70 41.00 41.42 40.21 12547
20141127 41.40 41.92 42.50 41.14 16002
20141128 41.79 41.32 42.49 41.01 16417
20141201 41.60 43.25 43.58 39.88 25982
20141202 42.80 44.79 47.00 42.60 28586
20141203 44.30 47.75 48.50 43.14 29936
20141204 47.30 46.70 47.95 46.50 19380
20141205 46.23 43.53 46.23 42.50 19964
20141208 42.51 41.25 43.53 41.00 18610
20141209 40.99 38.06 41.38 38.01 17968
20141210 38.11 39.55 40.00 38.11 11584
20141211 39.01 39.41 39.84 38.00 10090
20141212 39.34 39.72 39.78 38.83 7514
20141215 40.15 40.94 41.40 40.15 9603
20141216 40.94 39.70 40.94 39.51 10587
20141217 39.53 38.28 39.53 38.00 9419
20141218 38.28 37.48 38.79 37.30 9039
20141219 37.20 35.09 37.60 34.53 10212
20141222 34.60 31.76 34.60 31.58 8796
20141223 31.69 32.38 33.58 31.68 6737
20141224 32.50 34.58 34.58 32.50 10323
20141225 34.60 34.46 34.98 33.66 8033
20141226 34.01 33.82 34.60 33.80 4375
20141229 33.60 31.86 33.60 31.04 6329
20141230 32.10 31.97 32.86 31.60 5795
20141231 32.05 32.82 33.38 31.13 10294
20150105 32.30 30.98 32.30 30.38 7717
20150106 30.92 32.42 32.49 30.41 12000
20150107 32.15 31.56 32.15 31.37 7078
20150108 31.00 31.86 32.25 31.00 5887
20150109 31.80 32.18 32.93 31.20 8508
20150112 31.93 31.15 32.19 30.60 5821
20150113 31.25 31.96 32.00 30.63 6646
20150114 32.00 31.25 32.00 30.89 5102
20150115 31.39 31.35 31.92 31.25 5102
20150116 31.43 32.19 32.32 31.25 7843
20150119 31.93 33.00 34.50 31.50 15033
20150120 33.29 36.30 36.30 32.73 20911
20150121 36.90 35.39 37.08 34.90 19846
20150122 35.47 35.55 36.18 35.26 11728
20150123 35.70 34.69 36.06 34.59 10035
20150126 34.33 34.94 35.06 34.33 6429
20150127 35.00 34.95 35.15 34.44 6339
20150128 34.77 35.04 35.38 34.65 8132
20150129 34.76 34.54 34.99 34.30 4799
20150130 34.49 33.40 34.53 33.35 7337
20150202 32.80 33.66 34.10 32.15 4240
20150203 33.69 34.14 34.47 33.63 4939
20150204 34.10 33.82 34.49 33.80 4304
20150205 33.94 33.75 34.35 33.02 5498
20150206 33.65 32.19 33.65 31.89 5296
20150209 32.28 32.42 33.00 31.60 3166
20150210 32.40 32.45 32.49 32.00 3219
20150211 32.21 32.70 32.83 32.10 3328
20150212 33.30 33.26 33.30 32.48 4104
20150213 33.38 33.70 33.99 33.33 4508
20150216 33.94 34.26 34.36 33.52 4132
20150217 34.55 34.25 34.66 33.84 3465
20150225 34.30 34.07 34.50 33.80 2389
20150226 33.85 34.08 34.35 33.72 2712
20150227 34.35 34.27 34.35 34.00 4114
20150302 34.28 34.87 34.88 34.08 6800
20150303 34.80 34.29 34.80 34.18 5882
20150304 34.15 35.73 35.86 34.05 12104
20150305 36.10 35.88 36.70 35.02 10992
20150306 36.00 35.02 36.20 34.69 7388
20150309 35.02 35.30 35.39 34.03 4055
20150310 35.27 35.32 35.43 34.80 5336
20150311 35.32 34.90 35.39 34.64 4313
20150312 34.96 34.27 34.99 34.00 4574
20150313 34.66 35.25 35.41 34.42 5561
20150316 35.29 36.25 36.28 35.09 10814
20150317 36.25 37.04 37.38 35.92 14482
20150318 37.05 37.24 37.34 36.54 10647
20150319 37.30 37.96 38.98 37.30 13483
20150320 38.35 38.10 38.65 37.70 9467
20150323 38.11 38.32 38.32 37.85 10178
20150324 38.33 39.35 39.99 37.90 17038
20150325 41.11 43.29 43.29 41.11 28560
20150326 43.05 40.30 43.05 40.03 19545
20150327 40.01 39.22 40.01 38.50 14636
20150330 38.80 39.09 39.68 38.80 8370
20150331 39.09 39.29 39.55 38.60 7402
20150401 39.40 40.18 40.69 39.10 9813
20150402 40.20 41.43 41.62 40.20 12369
20150403 41.16 42.00 42.18 40.80 12738
20150407 42.30 43.37 44.03 41.70 14334
20150408 43.80 41.90 43.80 41.13 14523
20150409 41.40 41.00 42.21 38.00 10502
20150410 40.90 42.40 43.12 40.00 11715
20150413 42.42 43.60 44.29 41.55 11437
20150414 43.58 43.52 44.88 42.70 12007
20150415 42.91 46.10 47.87 42.91 30302
20150416 45.70 48.79 50.57 45.00 24020
20150417 53.00 47.50 53.28 47.01 34475
20150420 47.01 44.60 47.01 44.58 20291
20150421 44.59 46.75 47.20 44.50 13470
20150422 46.76 47.40 47.59 46.52 12582
20150423 47.49 47.91 48.50 46.86 13699
20150424 47.50 47.01 47.84 45.80 9947
20150427 47.15 47.33 47.98 46.76 10088
20150428 47.35 45.37 47.82 44.74 9421
20150429 45.39 46.62 46.95 44.82 7884
20150430 46.43 47.82 49.28 46.43 15550
20150504 48.08 49.27 49.48 46.56 11430
20150505 48.91 49.75 51.38 48.91 15177
20150506 50.66 49.60 51.29 49.50 10121
20150507 49.12 46.80 49.12 46.33 8146
20150508 47.81 50.31 50.58 47.00 11132
20150511 50.50 53.96 54.73 49.97 15374
20150512 54.90 53.25 54.90 51.00 17632
20150513 51.79 56.00 57.93 51.12 18987
20150514 57.50 61.60 61.60 57.50 14287
20150515 67.76 62.50 67.76 60.88 37675
20150518 62.23 68.75 68.75 61.71 22555
20150519 71.00 69.99 71.97 65.88 30577
20150520 70.77 76.99 76.99 69.00 32944
20150521 30.88 33.81 33.81 30.30 96108
20150522 35.92 35.12 37.15 31.00 125163
20150525 33.00 33.61 35.34 32.00 72833
20150526 33.73 35.96 36.13 33.73 75089
20150527 36.48 39.56 39.56 34.02 79341
20150528 40.35 40.58 43.52 40.35 108562
20150529 40.47 39.04 41.77 36.52 73181
20150601 38.00 38.37 40.10 37.77 53920
20150602 38.39 38.15 39.00 36.63 51908
20150603 38.16 38.37 38.86 37.40 41769
20150604 38.37 35.20 38.70 34.53 47318
20150605 35.45 35.98 36.50 34.55 38705
20150608 36.30 33.16 36.30 33.01 35798
20150609 32.97 33.26 33.96 32.03 29455
20150610 33.59 34.65 34.85 32.73 30258
20150611 34.54 34.86 35.32 34.51 27833
20150612 35.04 34.02 35.20 32.10 25031
20150615 34.06 32.64 34.47 32.50 27200
20150616 32.00 30.27 32.03 30.00 26080
20150617 30.27 31.70 31.78 29.00 25608
20150618 31.39 29.62 32.13 29.50 21461
20150619 29.40 26.66 29.60 26.66 22449
20150623 26.40 27.45 27.50 24.81 23804
20150624 27.34 27.79 28.28 27.10 20675
20150625 27.85 25.81 28.10 25.10 20122
20150626 24.80 23.23 24.88 23.23 22687
20150629 23.51 20.91 24.00 20.91 29051
20150630 20.10 22.08 22.45 18.82 28544
20150701 22.49 20.25 23.00 19.89 28278
20150702 19.89 18.45 20.74 18.23 23946
20150703 18.11 16.73 19.47 16.61 26754
20150706 18.40 15.67 18.40 15.11 27649
20150707 14.89 14.10 14.99 14.10 15219
20150708 12.69 14.69 15.29 12.69 63044
20150709 13.63 16.16 16.16 13.59 33365
20150710 17.00 17.78 17.78 16.50 7514
20150713 19.56 19.56 19.56 19.00 35114
20150714 20.01 20.11 21.45 19.81 60744
20150715 19.30 18.10 19.30 18.10 27631
20150716 18.10 19.03 19.68 16.32 37082
20150717 19.06 20.11 20.55 19.05 26171
20150720 19.96 20.40 20.96 19.62 29078
20150721 19.80 20.79 21.13 19.79 23932
20150722 20.74 20.75 21.10 20.00 21819
20150723 20.51 22.10 22.49 20.35 31934
20150724 22.01 21.38 23.10 21.11 36999
20150727 20.79 19.24 21.99 19.24 24767
20150728 17.40 17.42 19.10 17.32 22412
20150729 18.13 19.16 19.16 17.43 24049
20150730 19.65 20.50 21.08 17.24 40229
