20150610 12.73 15.28 15.28 12.73 64
20150611 16.81 16.81 16.81 16.81 15
20150612 18.49 18.49 18.49 18.49 19
20150615 20.34 20.34 20.34 20.34 22
20150616 22.37 22.37 22.37 22.37 17
20150617 24.61 24.61 24.61 24.61 39
20150618 27.07 27.07 27.07 27.07 56
20150619 29.78 29.78 29.78 29.78 748
20150623 32.76 32.76 32.76 32.76 149
20150624 36.04 36.04 36.04 36.04 52
20150625 39.64 39.64 39.64 39.64 128
20150626 43.60 43.60 43.60 42.16 48341
20150629 42.00 39.24 42.00 39.24 14999
20150630 35.32 39.57 42.60 35.32 110687
20150701 35.61 36.40 42.85 35.61 114553
20150702 34.06 32.76 35.36 32.76 59636
20150703 30.82 29.48 32.89 29.48 52692
20150706 32.43 28.43 32.43 26.54 62466
20150707 27.13 25.59 27.45 25.59 25668
20150708 23.03 23.03 24.78 23.03 62498
20150709 23.50 25.33 25.33 23.50 22259
20150710 27.86 27.86 27.86 27.86 3290
20150713 30.65 30.65 30.65 30.65 7216
20150714 33.00 33.72 33.72 32.10 46785
20150715 34.00 30.64 35.40 30.35 86715
20150716 28.50 32.41 33.50 27.81 57014
20150717 32.20 35.65 35.65 31.61 46233
20150720 36.70 36.30 37.48 34.30 62559
20150721 35.25 38.00 38.80 34.81 47975
20150722 37.21 37.76 39.00 36.18 44336
20150723 37.86 41.54 41.54 37.46 59154
20150724 42.00 41.10 44.98 40.50 85451
20150727 39.18 36.99 42.30 36.99 52374
20150728 33.91 34.90 37.79 33.29 51028
20150729 36.00 38.39 38.39 33.33 46220
20150730 38.40 37.80 41.95 37.00 64085
