20140102 11.98 12.67 12.67 11.88 35361
20140103 12.54 12.47 12.55 12.28 35024
20140106 12.43 11.81 12.43 11.70 25955
20140107 11.77 12.16 12.18 11.67 20135
20140108 12.19 12.44 12.70 12.15 45601
20140109 12.35 12.12 12.58 11.94 29909
20140110 12.10 11.66 12.10 11.41 22861
20140113 11.58 11.71 11.84 11.46 13474
20140114 11.72 12.17 12.17 11.72 20933
20140115 12.12 12.26 12.37 12.06 28193
20140116 12.30 12.21 12.52 12.12 18118
20140117 12.18 12.79 13.32 12.18 82314
20140120 12.72 13.64 13.86 12.59 82693
20140121 13.49 13.60 13.70 13.22 61328
20140122 13.58 13.63 13.78 13.23 52044
20140123 13.47 13.60 13.92 13.47 53714
20140124 13.55 13.45 13.88 13.38 50758
20140127 13.36 13.38 13.76 13.12 40723
20140128 13.34 12.88 13.44 12.77 36580
20140129 12.76 13.15 13.40 12.76 32547
20140130 13.15 13.45 13.56 13.05 32875
20140207 13.45 14.28 14.34 13.36 58404
20140210 14.20 14.29 14.36 13.95 42370
20140211 14.28 13.85 14.88 13.80 55975
20140212 13.90 14.14 14.15 13.76 35897
20140213 14.14 13.44 14.14 13.40 38655
20140214 13.50 13.87 13.90 13.31 30167
20140217 13.92 14.43 14.44 13.82 40435
20140218 14.40 14.33 14.83 14.15 43365
20140219 14.30 14.24 14.48 13.96 35781
20140220 14.26 13.67 14.28 13.58 31408
20140221 13.64 13.88 14.06 13.61 20596
20140224 13.89 14.39 14.45 13.69 34343
20140225 14.29 13.00 14.59 12.95 47431
20140226 12.94 12.88 12.96 12.52 24394
20140227 12.75 12.37 13.18 12.36 21996
20140228 12.35 12.62 12.68 12.27 16657
20140303 12.67 12.88 12.90 12.60 14555
20140304 12.86 12.88 12.92 12.61 12035
20140305 12.88 12.95 13.21 12.81 15394
20140306 12.98 12.98 13.03 12.71 11116
20140307 13.02 13.06 13.34 12.98 16296
20140310 13.00 12.38 13.00 12.37 17390
20140311 12.36 12.29 12.51 12.05 10229
20140312 12.26 12.13 12.45 12.00 9444
20140313 12.17 12.40 12.45 12.13 6779
20140314 12.32 12.36 12.45 12.18 9571
20140317 12.39 12.70 12.70 12.34 11595
20140318 12.72 12.69 12.92 12.64 11579
20140319 12.65 12.88 12.89 12.62 10622
20140320 12.90 12.40 12.93 12.40 12869
20140321 12.40 12.60 12.64 12.15 9607
20140324 12.56 12.68 12.80 12.56 9649
20140325 12.68 13.17 13.20 12.68 26938
20140326 13.20 13.02 13.21 12.93 12129
20140327 13.00 12.58 13.25 12.58 16387
20140328 12.57 11.90 12.60 11.85 25863
20140331 11.97 11.88 12.07 11.68 10239
20140401 11.91 12.14 12.15 11.85 7397
20140402 12.11 11.91 12.20 11.83 6348
20140403 11.88 12.12 12.31 11.88 10153
20140404 12.17 12.27 12.28 12.05 7428
20140408 12.20 12.31 12.31 12.11 7607
20140409 12.22 12.66 12.70 12.22 14748
20140410 12.73 12.60 12.88 12.53 15838
20140411 12.55 12.37 12.55 12.22 17658
20140414 12.36 12.60 12.66 12.30 10138
20140415 12.60 12.69 12.72 12.56 10173
20140416 12.65 12.65 12.71 12.49 6780
20140417 12.65 12.71 12.86 12.62 10395
20140418 12.73 12.86 12.86 12.68 7899
20140421 12.76 12.49 12.78 12.49 9876
20140422 12.49 12.27 12.54 12.12 8772
20140423 12.27 12.54 12.55 12.18 13889
20140424 12.94 12.70 13.26 12.62 37689
20140425 12.58 11.91 12.59 11.50 26927
20140428 11.88 11.38 11.88 11.38 12013
20140429 11.39 11.71 11.72 11.34 6637
20140430 11.72 11.85 11.88 11.60 5886
20140505 11.78 11.98 12.01 11.70 8100
20140506 11.95 12.15 12.33 11.93 14022
20140507 12.12 11.80 12.19 11.80 10167
20140508 11.83 12.18 12.32 11.78 10642
20140509 12.18 12.43 12.58 12.00 23469
20140512 12.39 12.45 12.46 12.07 19877
20140513 12.41 12.37 12.55 12.28 10076
20140514 12.38 12.35 12.40 12.24 8151
20140515 12.36 12.23 12.84 12.12 20745
20140516 12.18 11.98 12.25 11.71 13589
20140519 11.95 11.95 12.02 11.74 8977
20140520 11.96 12.23 12.32 11.96 10584
20140521 12.25 12.41 12.41 12.14 8885
20140522 12.40 12.48 12.75 12.36 27120
20140523 12.53 13.02 13.05 12.39 30127
20140526 13.14 13.20 13.42 12.89 33309
20140527 13.20 13.06 13.30 12.95 20246
20140528 13.05 13.54 13.58 13.00 33971
20140529 13.49 13.34 13.57 13.18 23970
20140530 13.36 13.25 13.39 13.07 17012
20140603 13.24 13.03 13.39 13.02 14902
20140604 13.06 14.33 14.33 13.00 104286
20140605 14.28 14.61 14.65 13.96 103786
20140606 14.52 13.88 14.54 13.78 73013
20140609 13.65 13.42 13.70 13.30 46825
20140610 13.38 14.76 14.76 13.30 64747
20140611 15.33 15.76 16.24 15.33 178584
20140612 15.52 15.64 15.72 15.27 102322
20140613 15.55 15.85 16.66 15.30 124628
20140616 15.75 16.14 16.39 15.43 79362
20140617 15.90 15.70 15.99 15.45 56912
20140618 15.81 14.98 15.99 14.90 60375
20140619 15.00 14.30 15.40 14.30 56997
20140620 14.42 14.69 14.75 14.26 42744
20140623 14.75 14.80 15.15 14.64 37963
20140624 14.80 14.87 15.26 14.75 35954
20140625 14.87 14.20 14.87 14.11 45602
20140626 14.35 15.26 15.35 14.21 60382
20140627 15.20 15.15 15.34 14.93 46396
20140630 15.18 15.39 15.80 15.15 49494
20140701 15.31 15.51 15.71 15.06 42827
20140702 15.45 15.34 15.60 15.11 30448
20140703 15.30 15.14 15.35 15.06 27528
20140704 15.16 15.54 15.67 15.06 43307
20140707 15.53 15.25 15.53 15.12 26015
20140708 15.27 15.43 15.48 15.00 27280
20140709 15.32 14.97 15.71 14.96 36304
20140710 14.92 14.96 15.35 14.90 24914
20140711 14.96 15.20 15.27 14.92 17183
20140714 15.15 15.52 15.65 15.00 32751
20140715 15.49 15.10 15.49 14.93 29652
20140716 15.13 14.51 15.15 14.41 32993
20140717 14.52 14.62 14.71 14.39 14653
20140718 14.56 14.36 14.69 14.25 14772
20140721 14.36 14.19 14.37 13.99 14706
20140722 14.23 14.47 14.57 14.17 13160
20140723 14.51 14.20 14.73 14.12 17989
20140724 14.20 14.15 14.30 13.89 10902
20140725 14.20 14.34 14.46 14.10 12016
20140728 14.35 14.59 14.68 14.31 13281
20140729 14.60 14.72 14.79 14.51 15911
20140730 14.65 14.75 14.79 14.48 19160
20140731 14.64 14.71 14.78 14.57 12935
20140801 14.65 14.45 14.69 14.41 16326
20140804 14.50 14.56 14.66 14.40 12956
20140805 14.55 15.07 15.09 14.27 44769
20140806 14.96 15.00 15.11 14.85 19187
20140807 14.96 14.83 15.16 14.83 18446
20140808 14.88 15.17 15.39 14.82 25891
20140811 15.20 15.34 15.43 15.11 33407
20140812 15.34 15.15 15.34 15.08 23719
20140813 15.14 15.19 15.23 14.83 23909
20140814 15.18 15.17 15.50 15.12 29909
20140815 15.24 15.50 15.62 15.13 37053
20140818 15.59 15.65 15.65 15.40 32442
20140819 15.63 15.64 15.75 15.42 34799
20140820 15.64 15.70 15.95 15.48 38404
20140821 15.61 15.60 15.69 15.38 27296
20140822 15.63 15.83 15.88 15.60 34911
20140825 15.88 15.52 16.19 15.51 40659
20140826 15.47 15.08 15.53 14.97 27753
20140827 15.05 15.23 15.36 15.04 17493
20140828 15.32 14.85 15.32 14.80 18148
20140829 14.90 15.15 15.18 14.87 12178
20140901 15.18 15.53 15.59 15.11 20284
20140902 15.58 15.67 15.82 15.54 28495
20140903 15.68 15.83 15.95 15.66 31693
20140904 15.88 15.91 15.92 15.70 28970
20140905 15.94 15.91 15.94 15.65 27616
20140909 15.85 15.93 15.96 15.65 30589
20140910 15.90 16.20 16.33 15.81 37391
20140911 16.20 15.88 16.45 15.81 37192
20140912 15.88 16.52 16.66 15.81 50731
20140915 16.51 16.84 16.98 16.40 35986
20140916 16.74 15.91 16.90 15.83 38267
20140917 15.92 16.14 16.23 15.81 23378
20140918 16.10 16.54 16.56 16.04 29560
20140919 16.54 16.52 16.60 16.26 33937
20140922 16.40 16.18 16.42 16.09 22860
20140923 16.10 16.68 16.78 16.10 32071
20140924 16.68 17.04 17.22 16.60 39653
20140925 17.00 16.90 17.16 16.72 38674
20140926 16.90 17.52 17.87 16.81 43164
20140929 17.52 17.55 17.99 17.41 36921
20140930 17.55 18.55 18.82 17.50 59891
20141008 18.54 18.58 18.58 18.11 36028
20141009 18.58 18.12 18.61 17.92 52380
20141010 17.95 17.88 18.09 17.65 33408
20141013 17.80 18.32 18.37 17.45 35594
20141014 18.15 17.83 18.37 17.60 33097
20141015 17.74 18.10 18.10 17.52 20815
20141016 18.00 17.40 18.10 17.39 28206
20141017 17.39 16.99 17.48 16.60 44441
20141020 16.95 17.22 17.26 16.85 23222
20141021 17.22 16.80 17.32 16.80 22453
20141022 16.82 16.70 17.32 16.70 27437
20141023 16.80 16.76 17.15 16.65 31333
20141024 16.80 17.07 17.31 16.80 28569
20141027 17.14 17.10 17.20 16.81 20036
20141028 17.13 17.73 17.81 17.13 31860
20141029 17.60 17.71 18.03 17.55 35299
20141030 17.75 17.65 18.06 17.41 30541
20141031 17.70 17.31 17.79 17.13 30219
20141103 17.31 17.72 17.72 17.28 27544
20141104 17.71 17.33 17.81 17.23 25960
20141105 17.30 17.29 17.47 17.10 14793
20141106 17.35 17.74 17.85 17.30 23417
20141107 17.83 17.31 17.90 17.20 26218
20141110 17.28 17.07 17.50 16.82 25790
20141111 17.00 16.20 17.21 16.04 32946
20141112 16.20 16.38 16.48 16.05 15572
20141113 16.37 15.84 16.37 15.70 22121
20141114 15.80 15.82 15.98 15.67 13358
20141117 15.82 16.23 16.29 15.82 14003
20141118 16.22 16.32 16.42 16.05 12833
20141119 16.32 16.60 16.66 16.16 17363
20141120 16.46 16.46 16.52 16.28 12066
20141121 16.47 16.69 16.78 16.43 16555
20141124 16.73 16.59 16.85 16.50 21753
20141125 16.59 17.02 17.03 16.52 21617
20141126 17.01 17.06 17.19 16.83 25034
20141127 17.20 17.21 17.30 16.94 22774
20141128 17.23 17.38 17.63 17.23 35332
20141201 17.26 17.00 17.54 16.93 36145
20141202 17.00 17.28 17.49 16.91 24992
20141203 17.20 17.26 17.29 16.70 29921
20141204 17.26 17.23 17.40 17.20 25758
20141205 17.21 16.23 17.23 16.10 34834
20141208 16.23 15.96 16.35 15.95 23673
20141209 15.98 15.13 16.00 15.10 30273
20141210 15.16 15.67 15.77 15.07 19560
20141211 15.60 15.79 15.83 15.40 16359
20141212 15.80 16.02 16.10 15.73 15566
20141215 16.00 16.23 16.30 15.86 16709
20141216 16.20 16.02 16.33 15.90 17356
20141217 15.97 15.63 15.97 15.56 16562
20141218 15.60 15.69 15.91 15.56 11680
20141219 15.69 15.20 15.70 15.00 23852
20141222 15.10 14.00 15.16 13.69 29055
20141223 13.91 13.97 14.28 13.81 13864
20141224 14.21 14.62 14.62 14.03 18951
20141225 14.56 14.58 14.72 14.50 11299
20141226 14.59 14.49 14.69 14.40 10262
20141229 14.53 14.14 14.53 13.86 14982
20141230 14.09 13.80 14.19 13.80 14691
20141231 13.75 13.88 13.92 13.39 36804
20150105 13.80 13.73 13.82 13.31 20605
20150106 13.73 14.34 14.38 13.63 25697
20150107 14.29 14.10 14.39 14.00 24585
20150108 14.04 14.18 14.36 14.04 20327
20150109 14.19 14.18 14.49 14.13 23415
20150112 14.09 13.95 14.09 13.77 12182
20150113 13.94 14.40 14.44 13.87 19274
20150114 14.30 14.52 14.54 14.23 20761
20150115 14.52 14.40 14.73 14.38 13784
20150116 14.37 14.74 14.81 14.36 20766
20150119 14.54 14.78 15.30 14.45 40098
20150120 14.83 15.58 15.58 14.83 38107
20150121 15.50 15.58 15.80 15.36 35416
20150122 15.58 15.69 15.72 15.40 20863
20150123 15.62 15.26 15.78 15.22 21352
20150126 15.25 15.54 15.58 15.23 13405
20150127 15.55 16.01 16.01 15.30 26040
20150128 15.90 16.09 16.48 15.85 40942
20150129 15.98 15.82 16.25 15.71 17609
20150130 15.77 15.28 15.89 15.27 18375
20150202 15.21 15.38 15.56 15.09 13753
20150203 15.42 15.85 16.03 15.42 19844
20150204 15.80 15.87 16.18 15.80 22424
20150205 15.94 16.32 16.80 15.68 50448
20150206 16.40 16.03 16.55 15.81 28457
20150209 16.04 15.68 16.25 15.60 17452
20150210 15.66 16.57 16.57 15.66 27259
20150211 16.58 16.53 16.70 16.35 26275
20150212 16.55 16.60 16.76 16.40 23853
20150213 16.65 16.85 17.00 16.60 32310
20150216 16.90 17.09 17.22 16.88 28455
20150217 17.25 17.04 17.68 16.91 29547
20150225 17.12 16.89 17.45 16.80 32351
20150226 16.84 16.80 16.95 16.60 28247
20150227 16.82 17.23 17.28 16.80 27644
20150302 17.27 17.29 17.32 17.02 30197
20150303 17.15 16.81 17.28 16.78 32510
20150304 16.82 17.19 17.25 16.78 27948
20150305 17.17 17.46 17.78 17.16 35501
20150306 17.40 17.03 17.49 16.90 25528
20150309 16.93 17.30 17.37 16.75 24452
20150310 17.29 17.69 17.78 17.21 35014
20150311 17.61 17.54 17.70 17.30 24221
20150312 17.45 17.32 17.81 17.18 26818
20150313 17.35 18.02 18.17 17.26 38514
20150316 18.10 18.94 19.34 18.03 71092
20150317 18.93 19.16 19.60 18.58 64298
20150318 19.16 20.55 21.08 18.85 79528
20150319 20.36 19.96 20.56 19.65 56281
20150320 20.10 20.60 21.20 19.94 68846
20150323 20.45 21.20 21.28 20.30 61691
20150324 21.02 22.63 23.32 20.80 98347
20150325 22.75 23.41 24.20 22.33 74126
20150326 23.01 21.65 23.01 21.07 65043
20150327 21.65 22.69 22.80 21.50 50601
20150330 22.60 23.21 24.46 22.40 58637
20150331 21.70 21.96 22.32 21.10 84630
20150401 21.96 22.20 22.23 21.60 55217
20150402 22.11 22.87 23.10 22.11 56914
20150403 22.72 23.80 23.80 22.41 79281
20150407 23.80 23.98 24.35 22.87 66801
20150408 23.98 22.86 24.70 22.46 55178
20150409 22.50 22.11 22.70 21.03 50354
20150410 21.82 23.03 23.38 21.63 48473
20150413 23.35 24.06 24.15 22.88 75776
20150414 23.85 25.54 26.47 23.80 87366
20150415 25.20 22.99 25.25 22.99 54687
20150416 22.00 23.34 23.88 21.63 45717
20150417 23.34 22.89 23.38 22.51 42293
20150420 22.58 21.64 22.58 21.63 40395
20150421 21.55 22.55 22.57 21.46 28872
20150422 22.60 22.90 23.58 22.60 60383
20150423 22.76 23.60 23.68 22.76 51126
20150424 23.22 24.88 24.96 22.76 73976
20150427 24.85 25.00 25.00 23.80 62674
20150428 24.99 24.42 24.99 24.22 67222
20150429 24.29 26.86 26.86 23.91 91172
20150430 27.15 27.80 29.17 26.97 83788
20150504 27.81 27.50 29.30 27.50 63763
20150505 27.17 26.40 27.44 25.40 45761
20150506 26.38 27.29 28.95 26.00 57783
20150507 27.20 27.34 28.18 26.30 38840
20150508 27.41 29.48 29.85 27.40 61616
20150511 29.28 31.10 31.57 28.95 54634
20150512 31.10 32.71 32.89 29.90 59589
20150513 31.98 31.66 33.30 30.30 43381
20150514 31.80 30.75 31.81 30.03 40201
20150515 30.08 31.00 31.58 29.70 36896
20150518 31.22 32.01 32.16 31.20 32940
20150519 31.88 31.90 32.90 31.54 34655
20150520 32.03 32.95 34.50 32.00 40202
20150521 32.81 34.80 35.10 32.65 38779
20150522 34.98 34.08 36.47 33.71 39348
20150525 33.80 33.54 33.80 32.00 38059
20150526 33.20 36.89 36.89 33.20 53620
20150527 36.81 40.00 40.00 35.71 61260
20150528 39.30 36.99 41.46 36.81 50743
20150529 36.71 39.20 39.88 34.80 44444
20150601 39.25 41.84 41.89 38.90 41292
20150602 41.85 44.19 44.44 39.80 45517
20150603 43.86 44.00 46.20 42.07 37432
20150604 43.01 41.95 43.88 39.60 45748
20150605 42.05 40.48 43.80 40.08 33708
20150608 40.00 38.69 40.00 37.00 39892
20150609 38.10 39.00 39.80 38.10 25553
20150610 38.51 39.96 40.59 38.10 20255
20150611 39.90 40.30 40.80 39.61 21678
20150612 40.60 42.17 42.80 39.83 30177
20150615 42.17 42.10 45.36 41.51 59098
20150616 40.81 37.90 40.89 37.89 33900
20150617 37.20 37.68 38.38 34.30 41300
20150618 37.72 33.91 37.80 33.91 33233
20150619 33.10 30.53 33.90 30.52 39159
20150623 30.86 32.04 32.15 28.02 35265
20150624 32.05 32.31 32.88 30.50 27372
20150625 32.31 30.15 32.45 29.60 28106
20150626 29.00 27.14 29.30 27.14 36598
20150629 27.64 24.43 27.64 24.43 40960
20150630 24.10 26.24 26.46 21.99 47655
20150701 25.96 23.67 27.43 23.62 34241
20150702 23.30 21.30 23.63 21.30 34674
20150703 20.40 19.42 22.30 19.17 53938
20150706 21.36 19.98 21.36 17.48 76470
20150707 19.50 17.98 19.65 17.98 66231
20150708 16.18 19.78 19.78 16.18 90994
20150709 20.00 21.76 21.76 20.00 32418
20150710 23.94 23.94 23.94 23.94 2730
20150713 26.33 26.33 26.33 26.33 3838
20150714 28.96 28.96 28.96 28.96 17683
20150715 29.00 28.93 31.55 27.33 169924
20150716 28.88 30.78 30.90 26.04 116196
20150717 30.78 33.86 33.86 29.78 71879
20150720 34.08 33.12 36.80 33.01 90815
20150721 32.00 35.89 36.00 31.33 75864
20150722 35.70 34.77 35.70 33.40 48606
20150723 34.00 34.61 35.70 33.51 42449
20150724 34.65 35.45 38.07 34.25 73785
20150727 34.42 31.91 35.73 31.91 50272
20150728 30.25 32.57 33.10 28.72 83472
20150729 33.04 35.83 35.83 32.30 64413
20150730 38.50 33.99 38.50 33.30 90123
