20140102 19.83 22.01 22.01 19.83 43924
20140103 21.89 23.13 23.70 21.81 66031
20140106 23.48 23.00 23.65 22.74 58625
20140107 23.08 24.00 24.00 22.82 26543
20140108 24.10 26.39 26.40 24.00 56222
20140109 26.45 25.31 26.48 25.20 31678
20140110 25.35 24.80 25.50 24.08 18421
20140113 24.32 24.80 25.86 24.32 16645
20140114 24.50 26.80 27.09 24.50 31067
20140115 26.70 26.92 28.26 26.52 28240
20140116 26.81 26.52 28.98 25.60 42393
20140117 26.50 26.24 27.00 25.60 30109
20140120 25.81 24.97 26.30 24.84 41878
20140121 25.02 26.16 26.28 24.80 46534
20140122 25.90 26.99 27.15 25.10 54601
20140123 26.83 27.00 28.05 26.71 26933
20140124 26.90 26.78 28.00 26.71 27058
20140127 26.49 25.78 26.49 25.40 40313
20140128 25.95 25.47 25.95 24.39 41686
20140129 25.41 25.25 25.71 24.81 23362
20140130 25.38 24.64 25.38 24.30 34434
20140207 24.79 26.90 27.10 24.40 50310
20140210 26.85 27.26 27.94 26.24 36732
20140211 27.00 26.81 27.38 26.30 29417
20140212 26.81 28.00 28.30 26.50 38424
20140213 27.88 27.29 28.99 27.00 53332
20140214 27.23 27.38 27.80 26.50 22139
20140217 27.28 27.62 27.73 26.67 30608
20140218 27.51 28.28 28.35 26.95 42148
20140219 28.06 27.30 28.27 26.65 38439
20140220 27.01 25.80 27.10 25.78 36776
20140221 25.89 25.60 26.20 24.89 25225
20140224 25.65 25.70 25.95 25.25 29349
20140225 26.11 23.37 26.46 23.13 48147
20140226 23.18 23.41 23.47 21.88 34949
20140227 23.41 21.79 24.06 21.20 52459
20140228 21.71 22.74 22.77 21.25 35737
20140303 22.70 23.04 23.12 22.51 19429
20140304 23.00 22.75 23.40 22.15 21839
20140305 22.75 22.79 22.96 22.23 23002
20140306 22.63 23.12 23.37 22.22 20030
20140307 23.12 22.83 23.76 22.60 20491
20140310 22.50 21.90 22.80 21.81 15814
20140311 21.85 21.35 22.70 20.71 34636
20140312 21.08 21.48 21.50 20.75 27994
20140313 21.58 23.48 23.60 21.58 59643
20140314 23.01 23.68 24.33 23.01 45754
20140317 23.59 24.19 24.20 23.27 26186
20140318 24.37 23.88 25.30 23.88 43286
20140319 24.06 23.50 24.29 23.03 35831
20140320 23.50 22.74 23.99 22.61 29890
20140321 22.35 22.75 22.99 21.29 31101
20140324 22.95 23.15 23.58 22.60 39646
20140325 23.14 22.85 23.25 22.60 16344
20140326 22.93 23.46 23.98 22.88 37640
20140327 23.18 22.40 23.38 22.28 25048
20140328 22.16 22.21 22.57 21.54 19241
20140331 22.10 22.65 23.15 22.00 16996
20140401 22.50 24.31 24.60 22.21 51701
20140402 24.35 24.08 24.66 23.36 43619
20140403 23.88 24.06 24.55 23.70 23545
20140404 23.95 24.05 24.29 23.72 17714
20140408 23.80 24.02 24.08 23.02 20346
20140409 23.99 24.32 24.85 23.88 29790
20140410 24.34 25.11 25.90 24.11 65472
20140411 24.68 24.93 25.20 24.58 24889
20140414 24.81 24.90 25.80 24.71 35193
20140415 24.99 23.96 25.27 23.80 28229
20140416 23.69 24.21 24.27 23.60 17670
20140417 24.18 23.99 24.27 23.88 17475
20140418 23.90 24.80 24.85 23.80 25915
20140421 24.45 24.60 25.25 24.35 20791
20140422 24.43 23.75 24.56 23.06 25998
20140423 23.56 22.35 23.88 22.24 34896
20140424 22.50 22.01 22.57 21.52 28105
20140425 21.90 21.90 22.33 21.85 13914
20140428 21.90 21.24 21.90 21.05 16408
20140429 21.20 21.53 21.66 21.04 22703
20140430 21.52 21.66 21.91 21.40 13827
20140505 21.56 22.24 22.24 21.56 16217
20140506 22.16 22.24 23.38 22.04 24079
20140507 22.11 21.44 22.11 21.31 23124
20140508 21.40 21.29 21.73 21.12 12195
20140509 21.39 21.00 21.46 20.17 31179
20140512 21.13 21.44 21.48 20.71 16438
20140513 21.40 21.27 21.75 21.11 11273
20140514 21.27 21.40 21.48 21.10 8610
20140515 21.40 21.14 21.60 20.82 13011
20140516 21.00 20.48 21.07 20.28 15375
20140519 20.58 20.49 20.63 20.20 8552
20140520 20.88 20.72 21.13 20.50 13412
20140521 20.59 21.20 21.20 20.54 14329
20140522 21.28 21.29 21.80 21.23 18192
20140523 16.22 16.54 16.56 16.06 14178
20140526 16.51 16.72 16.82 16.41 20356
20140527 16.70 16.45 17.13 16.45 25543
20140528 16.44 16.97 17.10 16.40 25304
20140529 16.92 16.73 17.07 16.68 14069
20140530 16.68 16.70 16.90 16.63 11394
20140603 16.62 16.71 17.00 16.60 13810
20140604 16.61 16.77 16.81 16.30 17587
20140605 16.56 17.07 17.10 16.56 18959
20140606 17.00 17.00 17.17 16.68 20719
20140609 16.99 16.85 17.08 16.63 18121
20140610 16.78 17.05 17.07 16.68 18443
20140611 17.03 17.22 17.45 16.95 24779
20140612 17.20 17.02 17.26 16.95 12395
20140613 16.90 17.25 17.31 16.90 21002
20140616 17.25 17.54 17.57 17.19 29086
20140617 17.51 17.31 17.61 17.30 14557
20140618 17.26 17.53 17.65 17.24 19431
20140619 17.63 16.78 17.63 16.52 18458
20140620 16.77 17.19 17.20 16.70 14958
20140623 17.18 17.60 17.85 17.15 25962
20140624 17.50 18.07 18.13 17.50 28165
20140625 18.20 18.21 18.30 17.91 21926
20140626 18.13 18.52 18.70 18.13 23383
20140627 18.85 18.30 18.88 18.16 29130
20140630 18.34 18.39 18.50 18.12 15247
20140701 18.40 18.77 18.85 18.25 25922
20140702 18.70 18.62 18.97 18.30 20913
20140703 18.58 18.53 18.71 18.36 19184
20140704 18.51 18.19 18.64 18.11 14300
20140707 18.15 18.27 18.35 17.96 13113
20140708 18.23 17.96 18.32 17.85 27816
20140709 17.96 17.39 18.15 17.36 31554
20140710 17.60 16.45 17.60 16.21 65028
20140711 16.70 16.50 16.84 16.30 52109
20140714 16.59 16.80 16.83 16.47 30196
20140715 16.82 16.62 16.92 16.36 32214
20140716 16.54 16.17 16.71 16.13 33371
20140717 16.23 16.27 16.38 16.17 20312
20140718 16.31 16.26 16.48 16.24 19838
20140721 16.15 16.28 16.55 16.15 20114
20140722 16.33 16.42 16.55 16.27 26133
20140723 16.53 16.02 16.55 15.99 27662
20140724 16.01 15.40 16.08 15.00 42504
20140725 15.42 15.49 15.58 15.22 27452
20140728 15.50 15.92 15.97 15.29 24849
20140729 15.96 16.14 16.28 15.82 31793
20140730 16.19 16.20 16.29 16.08 19147
20140731 16.28 16.22 16.28 15.97 26628
20140801 16.17 16.06 16.23 15.97 27042
20140804 16.05 16.12 16.21 16.01 25876
20140805 16.12 16.43 16.47 15.92 39255
20140806 16.38 16.92 17.16 16.32 58539
20140807 16.90 16.88 17.32 16.80 48975
20140808 16.92 17.11 17.14 16.87 31073
20140811 17.20 17.30 17.50 17.16 44421
20140812 17.30 17.29 17.38 17.11 22377
20140813 17.30 17.16 17.42 16.98 30793
20140814 17.14 16.87 17.29 16.83 31652
20140815 16.87 16.99 16.99 16.70 30349
20140818 17.18 17.99 18.06 17.18 67591
20140819 18.02 18.05 18.15 17.71 46986
20140820 17.98 17.76 17.99 17.62 32409
20140821 17.80 19.54 19.54 17.75 134241
20140822 19.50 19.20 19.50 18.00 122727
20140825 19.04 18.81 19.15 18.71 50200
20140826 18.71 18.16 18.91 18.00 52701
20140827 18.15 18.00 18.41 17.89 43225
20140828 18.10 18.25 18.31 17.91 35514
20140829 18.19 18.77 18.81 18.10 52488
20140901 18.79 19.05 19.15 18.71 54353
20140902 19.02 19.05 19.14 18.73 53662
20140903 19.04 19.07 19.35 18.75 52316
20140904 19.06 19.11 19.36 19.01 57550
20140905 19.25 19.00 19.35 18.84 39035
20140909 19.10 18.95 19.14 18.74 32225
20140910 18.87 18.93 18.98 18.61 33953
20140911 18.94 18.90 19.27 18.72 52087
20140912 18.75 18.90 18.98 18.61 39668
20140915 18.90 18.80 18.90 18.65 62056
20140916 18.75 18.69 19.12 18.32 82325
20140917 18.62 18.62 18.80 18.28 29174
20140918 18.57 18.63 18.85 18.45 22179
20140919 18.65 18.68 18.76 18.38 26541
20140922 18.68 19.17 19.19 18.50 66195
20140923 19.12 19.19 19.26 18.88 38177
20140924 19.17 19.19 19.21 18.93 42156
20140925 19.19 19.68 20.10 19.14 89692
20140926 19.40 19.72 19.85 19.40 32751
20140929 19.78 19.73 19.97 19.47 51847
20140930 19.67 20.33 20.47 19.60 53027
20141008 20.50 20.40 20.90 20.22 43399
20141009 20.34 20.00 20.39 19.65 44063
20141010 19.84 19.65 20.10 19.50 36348
20141013 19.55 19.46 19.60 19.24 27877
20141014 19.43 19.30 19.73 19.15 40395
20141015 19.41 19.65 19.85 19.21 35386
20141016 19.45 18.96 19.79 18.95 39016
20141017 18.95 19.15 19.23 18.53 39216
20141020 19.15 19.72 19.72 19.12 32525
20141021 19.73 19.35 20.04 19.33 26039
20141022 19.41 18.93 19.60 18.90 18401
20141023 18.97 18.67 19.12 18.55 24504
20141024 18.70 18.75 18.80 18.57 20601
20141027 18.80 19.50 19.51 18.63 29776
20141028 19.55 19.86 19.97 19.55 41662
20141029 19.91 19.86 20.00 19.66 38436
20141030 19.86 20.12 20.20 19.83 45854
20141031 20.05 19.76 20.14 19.46 35987
20141103 19.76 19.73 19.81 19.40 30749
20141104 19.73 19.26 19.83 19.15 30848
20141105 19.18 19.21 19.26 18.96 21863
20141106 19.11 19.45 19.53 19.11 18967
20141107 19.46 19.10 19.75 18.99 27405
20141110 19.30 18.98 19.33 18.81 21633
20141111 19.09 18.26 19.10 18.13 31289
20141112 18.24 18.41 18.48 18.15 15190
20141113 18.40 17.86 18.41 17.55 29951
20141114 17.86 17.67 18.33 17.59 26285
20141117 17.72 17.92 17.98 17.30 34565
20141118 17.85 18.15 18.18 17.75 17560
20141119 18.25 18.18 18.27 18.00 17869
20141120 18.15 17.76 18.15 17.70 17915
20141121 17.86 17.99 18.08 17.73 18237
20141124 18.06 18.31 18.60 18.06 28400
20141125 18.31 18.72 18.99 18.30 39085
20141126 18.72 18.78 19.18 18.46 33393
20141127 18.86 19.24 19.39 18.80 65290
20141128 19.25 19.31 19.49 19.08 52092
20141201 19.30 19.94 20.05 18.41 76015
20141202 19.80 20.28 20.50 19.61 66273
20141203 20.20 20.06 20.45 19.40 54642
20141204 20.18 20.12 20.50 19.67 77697
20141205 20.12 19.16 20.12 18.87 69029
20141208 18.70 18.60 19.08 18.38 60783
20141209 18.50 17.40 18.50 17.31 92810
20141210 17.31 17.45 18.00 17.00 79598
20141211 17.57 18.86 18.89 17.51 78340
20141212 18.98 19.10 19.46 18.84 59908
20141215 19.10 19.22 19.40 18.66 42698
20141216 19.23 19.20 19.29 18.85 38738
20141217 19.20 18.83 19.20 18.73 27254
20141218 18.83 18.63 19.15 18.60 25398
20141219 18.52 18.19 18.55 17.70 36902
20141222 18.16 16.85 18.16 16.82 40992
20141223 17.09 17.08 17.72 17.00 28586
20141224 17.32 17.59 17.73 17.19 25199
20141225 17.67 17.53 17.76 17.47 22727
20141226 17.68 17.31 17.68 17.20 19411
20141229 17.30 17.03 17.30 16.76 27930
20141230 17.00 16.70 17.20 16.61 19076
20141231 16.82 17.08 17.39 16.74 25584
20150105 17.08 17.17 17.24 16.79 25950
20150106 17.10 18.11 18.15 17.00 52474
20150107 18.00 17.44 18.20 17.38 64472
20150108 17.37 17.49 17.82 17.29 27195
20150109 17.35 17.44 17.87 17.35 36370
20150112 17.46 17.66 17.86 17.36 38129
20150113 17.51 18.63 18.96 17.49 75649
20150114 18.58 18.31 18.63 18.24 31385
20150115 18.40 18.09 18.66 17.85 28845
20150116 18.08 18.38 18.60 18.00 22091
20150119 18.52 18.55 19.27 18.21 68681
20150120 18.71 19.35 19.42 18.70 67132
20150121 19.52 19.31 19.94 19.28 71137
20150122 19.30 19.81 19.86 19.02 51695
20150123 19.80 19.06 19.87 19.04 47444
20150126 18.93 19.62 19.75 18.93 29682
20150127 19.62 19.70 19.89 19.50 33801
20150128 19.72 19.68 20.10 19.58 37464
20150129 19.48 19.15 19.65 19.11 20925
20150130 19.30 19.24 19.74 19.13 26124
20150202 19.00 18.70 19.39 18.61 38570
20150203 18.88 19.10 19.34 18.71 48944
20150204 19.08 18.95 19.29 18.80 33602
20150205 18.98 19.02 19.47 18.95 57246
20150206 18.92 18.20 19.07 18.03 59576
20150209 18.20 18.17 18.39 18.01 22918
20150210 18.28 18.43 18.60 17.85 28649
20150211 18.39 18.46 18.88 18.37 19770
20150212 18.55 18.64 18.95 18.54 22125
20150213 18.78 19.17 19.20 18.60 39482
20150216 19.19 19.66 19.81 19.10 45008
20150217 19.80 19.79 19.87 19.45 30228
20150225 19.80 19.79 20.18 19.45 38616
20150226 19.69 19.67 19.93 19.49 26668
20150227 19.70 20.78 21.16 19.60 79075
20150302 20.85 21.04 21.22 20.42 66001
20150303 20.88 20.70 21.10 20.29 54078
20150304 20.60 21.31 21.66 20.50 64493
20150305 21.25 20.82 21.38 20.67 45981
20150306 20.82 20.02 20.97 19.90 43579
20150309 19.91 20.42 20.74 19.90 40404
20150310 20.45 21.07 21.73 20.42 57583
20150311 21.08 21.49 21.84 20.78 50015
20150312 21.42 22.21 22.49 21.42 69384
20150313 22.11 23.45 23.90 22.08 69354
20150316 25.80 24.44 25.80 24.20 178218
20150317 24.68 24.60 24.88 24.22 106650
20150318 24.50 26.51 26.95 24.30 132849
20150319 26.26 26.33 26.80 25.71 76691
20150320 26.59 26.71 26.75 26.10 66206
20150323 27.05 27.55 28.59 27.05 93907
20150324 27.57 26.98 27.88 26.11 117655
20150325 27.00 27.67 27.97 26.44 106906
20150326 27.16 26.41 27.54 26.20 88762
20150327 26.10 26.54 26.79 26.00 59135
20150330 26.79 27.00 27.28 26.42 70842
20150331 26.88 27.30 27.60 26.46 90231
20150401 27.36 29.28 29.90 27.36 132990
20150402 29.31 30.77 30.96 28.88 118236
20150403 30.60 33.05 33.40 30.26 112437
20150407 33.45 34.40 35.00 32.61 105239
20150408 34.20 33.22 34.71 32.28 112923
20150409 33.06 32.58 33.87 30.20 105399
20150410 32.20 35.84 35.84 31.88 111513
20150413 36.40 36.88 37.91 36.01 109088
20150414 36.53 34.67 36.53 34.18 117204
20150415 34.00 31.20 34.00 31.20 126444
20150416 30.18 30.35 31.99 29.74 104319
20150417 31.50 30.89 31.80 30.20 93787
20150420 30.80 29.19 30.84 29.10 104930
20150421 29.05 32.11 32.11 29.03 115685
20150422 32.40 32.85 33.88 32.40 117509
20150423 32.75 31.98 33.00 31.80 117057
20150424 13.85 13.97 14.47 13.73 174186
20150427 14.12 13.61 14.35 13.54 217800
20150428 13.66 12.76 13.70 12.45 245605
20150429 12.80 12.91 13.08 12.68 153899
20150430 13.28 13.38 13.88 13.04 213136
20150504 13.23 13.06 13.47 12.91 123597
20150505 13.06 12.66 13.07 12.57 131501
20150506 12.79 12.66 13.16 12.56 141045
20150507 12.65 12.28 12.74 12.20 124317
20150508 12.53 13.40 13.43 12.53 220743
20150511 13.56 14.19 14.40 13.22 370718
20150512 14.11 14.20 14.39 13.69 315787
20150513 13.88 13.84 14.00 13.60 266037
20150514 13.73 14.48 14.75 13.61 382076
20150515 14.44 14.30 14.55 14.00 232734
20150518 14.22 15.40 15.73 14.22 399671
20150519 15.30 15.74 15.97 14.80 360407
20150520 15.74 16.55 17.25 15.58 387034
20150521 17.10 18.17 18.20 16.59 366687
20150522 18.68 17.17 18.90 17.00 487969
20150525 16.80 16.93 17.36 16.00 308584
20150526 16.84 17.50 17.62 16.78 310466
20150527 17.55 17.26 17.80 16.85 290811
20150528 17.30 16.53 17.99 16.53 325243
20150529 16.30 16.30 16.95 14.90 270168
20150601 16.30 17.01 17.10 16.20 242088
20150602 17.09 18.70 18.71 17.09 444413
20150603 18.73 18.41 19.26 17.86 395230
20150604 18.12 17.68 18.36 16.67 283536
20150605 17.80 18.13 18.43 17.28 278275
20150608 17.97 17.13 18.05 16.98 247842
20150609 16.98 16.96 17.44 16.68 196434
20150610 16.88 17.21 17.44 16.50 218342
20150611 17.10 17.47 17.68 17.04 242459
20150612 17.60 17.37 17.64 17.21 221432
20150615 17.32 16.59 17.45 16.50 224402
20150616 16.28 15.41 16.47 15.30 218148
20150617 15.35 15.80 15.93 14.64 202096
20150618 15.77 14.75 15.77 14.65 166212
20150619 14.55 13.28 14.66 13.28 161185
20150623 13.42 13.64 13.71 12.60 168047
20150624 13.80 14.30 14.30 13.78 198667
20150625 14.30 13.49 14.37 13.22 143891
20150626 13.01 12.14 13.33 12.14 216949
20150629 12.65 11.17 12.74 10.93 219952
20150630 11.17 12.29 12.29 10.80 227685
20150701 12.70 12.79 13.52 12.33 384090
20150702 13.05 13.25 13.52 12.31 323481
20150720 14.50 13.58 14.50 13.05 351438
20150721 13.10 13.37 13.59 12.90 194276
20150722 13.25 13.69 13.97 13.16 199440
20150723 14.14 13.98 14.14 13.68 237929
20150724 13.88 13.59 14.39 13.36 288689
20150727 13.18 12.23 13.38 12.23 225836
20150728 11.20 11.01 11.99 11.01 236321
20150729 11.24 11.46 11.50 10.10 236407
20150730 11.20 10.60 11.47 10.50 159718
