20140102 50.50 51.18 51.32 50.50 17124
20140103 51.80 54.73 55.31 51.18 28661
20140106 54.73 55.50 57.00 54.03 30927
20140107 55.02 54.93 55.56 54.30 22644
20140108 56.06 58.55 58.85 56.03 48121
20140109 58.03 58.34 59.79 57.46 28145
20140110 58.29 56.36 58.45 55.00 17204
20140113 56.29 57.05 58.90 55.39 28989
20140114 56.65 59.00 59.35 56.65 29293
20140115 59.09 59.20 59.85 58.20 20558
20140116 59.03 59.00 59.88 58.00 18585
20140117 58.50 57.85 59.48 57.68 11634
20140120 58.10 57.17 58.16 54.54 29491
20140121 57.17 59.85 60.98 57.01 22558
20140122 59.85 62.67 64.53 59.85 37460
20140123 63.50 64.68 65.29 62.51 45568
20140124 66.00 64.79 68.50 64.00 22924
20140127 63.20 62.99 65.99 62.01 25133
20140128 62.90 62.19 63.47 59.01 24660
20140129 61.66 64.36 64.45 61.66 15208
20140130 66.50 64.80 67.65 64.00 18111
20140207 63.58 66.28 66.90 63.11 13300
20140210 66.00 66.68 67.50 63.01 20209
20140211 66.02 62.60 66.18 62.32 37006
20140212 62.58 61.39 63.29 60.25 34215
20140213 60.32 57.80 61.19 57.28 48543
20140214 57.86 58.49 59.47 57.53 28273
20140217 57.99 60.27 60.94 56.00 44708
20140218 59.60 58.16 59.60 58.01 21592
20140219 58.00 57.89 58.17 56.15 27241
20140220 56.91 57.20 57.76 56.08 24195
20140221 57.00 57.11 58.44 56.62 19414
20140224 57.00 59.95 60.50 56.49 40609
20140225 59.50 57.60 62.80 57.00 37532
20140226 57.00 57.02 58.00 54.00 19002
20140227 57.02 52.98 57.98 51.32 51205
20140228 52.11 52.69 53.00 50.56 39640
20140303 52.49 54.20 54.75 52.15 17074
20140304 54.04 55.40 55.85 52.70 28946
20140305 55.40 53.00 55.40 52.75 25289
20140306 52.00 51.20 52.79 50.30 41403
20140307 51.20 52.88 53.10 50.81 24292
20140310 52.00 51.30 52.20 50.80 29806
20140311 51.32 51.20 52.80 50.21 16107
20140312 51.52 52.83 53.48 50.75 23914
20140313 53.40 56.19 56.20 52.69 33603
20140314 55.70 56.75 57.60 55.00 29585
20140317 56.01 56.82 57.72 56.00 13438
20140318 56.82 55.32 57.93 54.40 26255
20140319 54.59 52.00 55.88 51.18 35777
20140320 51.69 50.50 52.20 49.13 30936
20140321 49.99 51.26 51.88 49.51 20782
20140324 51.30 51.55 52.09 50.70 18467
20140325 51.28 51.55 53.62 50.88 23750
20140326 51.85 53.45 53.83 51.55 17613
20140327 53.48 51.21 53.96 51.18 9196
20140328 51.21 50.70 51.60 48.28 27494
20140331 50.00 50.00 50.68 48.87 17843
20140401 49.98 51.15 51.30 49.25 12346
20140402 51.36 49.10 51.96 49.00 23222
20140403 49.25 48.58 50.19 48.58 20148
20140404 48.58 49.78 50.00 48.15 20086
20140408 49.01 50.30 50.70 48.90 19555
20140409 50.30 50.99 52.40 50.02 23755
20140410 51.45 52.50 52.82 51.45 31861
20140411 52.80 52.01 53.00 51.22 15649
20140414 52.03 52.52 52.99 52.00 13609
20140415 52.80 53.15 54.18 52.40 15243
20140416 53.00 53.23 53.35 52.53 8196
20140417 53.30 55.06 55.45 53.30 25241
20140418 54.83 54.11 55.55 53.80 10118
20140421 53.32 53.49 54.80 53.32 10082
20140422 53.00 52.48 53.80 51.01 18454
20140423 52.00 51.40 52.60 51.20 12833
20140424 51.29 51.20 51.81 50.98 7088
20140425 50.91 50.90 52.52 50.52 8492
20140428 50.68 50.05 51.50 49.75 17896
20140429 50.05 50.31 51.33 49.31 10986
20140430 50.31 51.88 52.50 50.12 17476
20140505 51.91 52.01 53.26 51.42 15910
20140506 51.81 54.64 56.20 51.81 44235
20140507 54.62 53.94 55.08 53.26 15978
20140508 53.93 53.62 55.29 53.30 17181
20140509 53.53 51.91 54.29 51.86 13094
20140512 52.35 53.40 53.72 51.36 13093
20140513 52.91 53.52 54.75 52.90 9341
20140514 53.04 52.70 53.98 52.30 6689
20140515 52.70 52.37 53.54 51.50 12793
20140516 52.20 50.00 52.20 49.50 22313
20140519 50.01 49.74 50.88 48.55 21867
20140520 50.20 50.76 52.30 50.02 27314
20140521 50.20 51.06 51.30 50.20 8295
20140522 51.20 53.01 53.60 51.20 24180
20140523 53.02 53.96 54.50 52.55 24305
20140526 54.00 54.72 55.88 53.60 24346
20140527 54.67 54.69 55.22 53.69 11921
20140528 54.50 55.65 56.20 54.02 25591
20140529 55.33 53.45 56.30 52.81 28098
20140530 26.65 26.95 27.11 26.10 40722
20140603 26.85 28.30 28.50 26.70 81113
20140604 28.28 27.68 28.29 26.83 50940
20140605 27.65 28.83 29.01 27.51 88890
20140606 28.70 28.59 29.60 28.20 63677
20140609 28.50 27.34 28.88 27.30 61132
20140610 27.42 27.75 27.98 26.58 58784
20140611 27.50 28.00 28.31 27.25 54821
20140612 27.90 27.58 28.37 27.35 52753
20140613 27.58 28.14 28.25 27.07 47415
20140616 28.08 28.53 28.55 27.81 52301
20140617 28.53 27.40 28.70 27.35 68326
20140618 27.40 26.86 27.77 26.70 44781
20140619 26.74 25.54 27.19 25.20 63854
20140620 25.62 25.69 25.92 25.31 51520
20140623 25.85 26.64 27.18 25.77 65837
20140624 26.68 26.52 26.99 26.44 33030
20140625 26.50 25.99 26.86 25.82 33989
20140626 26.00 26.42 26.85 25.90 37472
20140627 26.60 26.50 26.69 26.08 36769
20140630 26.50 26.54 26.80 25.51 146201
20140701 26.50 25.85 26.50 25.71 85759
20140702 25.81 25.79 26.08 25.60 50536
20140703 25.79 25.10 25.80 24.50 177208
20140704 24.85 24.60 24.85 24.02 153667
20140707 24.48 23.68 24.48 23.51 150699
20140708 23.66 23.80 23.86 23.50 87288
20140709 24.48 23.89 24.94 23.70 190225
20140710 23.71 22.67 23.71 22.40 184643
20140711 22.60 22.88 23.18 22.51 112733
20140714 22.90 23.49 23.63 22.60 84170
20140715 23.39 23.10 23.39 22.91 77054
20140716 23.08 23.03 23.29 22.80 56632
20140717 23.10 23.20 23.24 22.87 49201
20140718 23.32 23.12 23.43 22.98 57406
20140721 23.12 22.95 23.12 22.40 74265
20140722 22.80 22.94 23.10 22.71 68152
20140723 22.73 20.65 22.92 20.65 238802
20140724 20.60 20.19 20.93 19.59 179103
20140725 20.12 20.82 20.85 20.01 111106
20140728 20.84 21.70 21.86 20.84 107362
20140729 21.90 22.30 22.70 21.47 141566
20140730 22.60 22.93 23.35 22.60 135387
20140731 22.80 22.77 22.98 22.29 78140
20140801 22.69 22.29 22.93 22.21 68801
20140804 22.37 22.34 22.60 22.16 61852
20140805 22.34 23.00 23.20 22.28 94949
20140806 23.00 23.10 23.28 22.90 88660
20140807 23.10 23.25 23.91 23.08 129583
20140808 23.27 23.16 23.75 23.11 74628
20140811 23.24 22.95 23.45 22.89 129002
20140812 23.00 23.00 23.25 22.86 68300
20140813 23.10 22.57 23.12 22.25 77606
20140814 22.61 22.72 23.10 22.50 74962
20140815 22.80 22.85 22.94 22.45 46114
20140818 22.95 23.84 23.85 22.95 153914
20140819 24.18 23.97 24.67 23.67 179948
20140820 24.15 23.95 24.34 23.79 130405
20140821 23.98 24.54 24.60 23.51 150972
20140822 24.47 24.75 24.95 24.21 155743
20140825 24.75 23.98 24.84 23.83 113155
20140826 24.03 23.10 24.18 22.89 141688
20140827 23.10 23.13 23.42 22.93 73705
20140828 23.16 22.74 23.27 22.71 61152
20140829 22.71 22.69 22.90 22.45 101015
20140901 22.86 23.67 23.68 22.68 103478
20140902 23.90 23.68 23.94 23.43 126434
20140903 23.82 24.45 24.48 23.62 213079
20140904 24.25 24.14 24.45 23.95 227691
20140905 24.15 23.81 24.16 23.50 221980
20140909 23.71 24.18 24.38 23.62 150072
20140910 24.11 24.03 24.18 23.82 115227
20140911 23.98 25.25 25.88 23.93 354421
20140912 25.11 25.00 25.11 24.70 118352
20140915 25.00 25.19 25.45 24.91 118046
20140916 25.17 23.95 25.29 23.88 152620
20140917 23.96 23.52 24.10 23.04 113212
20140918 23.32 23.49 23.76 23.24 88523
20140919 23.59 23.63 23.71 23.19 95721
20140922 23.51 23.05 23.51 23.03 93162
20140923 23.05 22.98 23.12 22.52 125008
20140924 22.88 23.13 23.15 22.76 162194
20140925 23.23 22.82 23.33 22.75 178772
20140926 22.82 23.80 23.80 22.72 278732
20140929 23.80 24.02 24.33 23.61 205002
20140930 24.06 24.10 24.38 23.85 140464
20141008 24.35 24.19 24.41 23.73 127993
20141009 24.30 25.40 25.68 24.28 374503
20141010 25.30 26.44 27.04 25.23 379794
20141013 26.20 26.30 26.86 25.31 210319
20141014 26.40 26.60 27.75 26.40 246385
20141015 26.80 27.42 27.58 26.60 218932
20141016 27.00 26.30 27.13 25.50 220935
20141017 26.30 26.51 26.68 25.86 130923
20141020 26.38 26.51 26.99 26.38 102801
20141021 26.53 25.45 26.64 25.20 166120
20141022 25.49 25.53 26.10 24.98 109317
20141023 25.30 24.95 25.69 24.81 109418
20141024 24.92 25.18 25.52 24.92 80575
20141027 24.99 26.10 26.11 24.91 108286
20141028 26.10 26.58 26.79 26.00 135915
20141029 26.68 26.84 27.35 26.14 163794
20141030 26.70 26.30 26.99 26.20 95822
20141031 26.34 25.56 26.49 25.16 122747
20141103 25.56 25.99 26.20 25.30 97217
20141104 27.10 26.30 27.45 26.09 233498
20141105 26.25 25.73 26.26 25.50 85473
20141106 25.60 25.62 25.80 25.17 94019
20141107 25.61 26.14 26.70 25.47 166529
20141110 26.15 26.20 26.42 25.60 95232
20141111 26.21 24.75 26.30 24.61 174823
20141112 24.67 24.79 24.97 24.14 71519
20141113 24.78 23.29 24.78 23.10 135319
20141114 23.18 23.15 23.73 22.97 85804
20141117 23.21 23.30 23.74 22.91 100702
20141118 23.38 23.60 23.62 23.20 75992
20141119 23.68 23.96 24.20 23.58 98867
20141120 23.72 23.52 23.78 23.18 61612
20141121 24.03 23.78 24.04 23.55 90363
20141124 23.81 23.12 23.89 22.73 247445
20141125 23.12 23.41 23.56 23.01 128992
20141126 23.44 23.60 24.09 23.18 159021
20141127 23.61 23.73 24.03 23.43 124982
20141128 23.65 23.19 23.78 23.13 163642
20141201 23.20 22.45 23.35 22.32 195487
20141202 22.40 22.69 22.75 22.30 110753
20141203 22.70 23.79 23.79 22.18 280550
20141204 23.87 24.07 24.57 23.80 214985
20141205 24.06 23.16 24.07 22.86 199510
20141208 23.11 23.55 24.02 23.01 201876
20141209 23.25 23.00 24.05 22.88 246043
20141210 22.68 25.15 25.30 22.65 415758
20141211 25.32 25.00 25.82 24.60 228818
20141212 25.30 24.96 25.40 24.54 182699
20141215 24.88 25.58 25.59 24.70 213322
20141216 25.60 24.91 25.96 24.90 212445
20141217 25.00 25.36 25.40 24.33 208126
20141218 25.18 24.70 25.58 24.69 168917
20141219 24.50 23.56 24.50 23.24 159921
20141222 23.56 23.54 24.25 22.18 176451
20141223 23.13 22.38 23.99 22.32 166638
20141224 22.60 22.83 22.85 22.37 116864
20141225 22.80 22.50 22.99 22.32 164560
20141226 22.49 22.51 22.65 22.28 121318
20141229 22.56 21.70 22.56 21.47 186250
20141230 21.71 21.06 21.88 20.50 188118
20141231 20.92 21.12 21.28 20.46 124266
20150105 21.03 21.18 21.45 20.40 221278
20150106 21.17 23.30 23.30 20.98 379166
20150107 23.53 22.87 23.65 22.37 312205
20150108 22.63 22.96 23.50 22.62 255327
20150109 22.84 23.64 24.58 22.73 372571
20150112 23.38 24.45 24.80 23.26 312371
20150113 24.53 25.23 26.30 23.93 384685
20150114 25.02 24.64 25.35 24.40 181744
20150115 24.51 24.03 24.96 23.90 175159
20150116 24.05 25.26 25.78 24.03 270447
20150119 24.60 25.98 27.79 24.38 522159
20150120 26.28 26.80 27.40 25.68 419000
20150121 27.00 26.90 27.50 26.15 342754
20150122 26.80 28.07 28.37 26.61 417776
20150123 27.69 26.39 28.02 26.30 359622
20150126 26.50 26.79 27.50 26.50 222125
20150127 26.78 25.79 26.99 25.38 296367
20150128 25.59 25.95 26.72 25.02 361368
20150129 25.60 25.75 26.25 25.41 180416
20150130 25.75 25.01 25.96 25.00 167013
20150202 24.80 24.90 25.61 24.53 174519
20150203 25.18 26.18 26.26 25.13 318839
20150204 26.26 25.65 26.49 25.57 213153
20150205 25.52 25.08 26.39 24.69 405406
20150206 24.91 24.35 25.19 24.15 194881
20150209 24.28 23.59 24.76 23.40 218049
20150210 23.50 24.44 24.47 23.47 160813
20150211 24.53 24.61 24.95 24.27 188515
20150212 24.69 25.09 25.50 24.60 167388
20150213 25.36 25.72 26.20 25.16 287177
20150216 25.91 26.82 27.14 25.70 365912
20150217 26.95 26.25 26.96 25.98 255804
20150225 26.52 26.46 27.60 26.30 280307
20150226 26.46 26.15 26.80 25.50 220698
20150227 26.10 27.20 27.26 26.00 321178
20150302 27.27 27.14 27.50 26.80 382642
20150303 27.10 26.80 27.12 26.35 293299
20150304 26.70 28.00 28.22 26.65 457417
20150305 27.98 27.45 28.30 27.15 344784
20150306 27.56 26.22 27.65 26.16 290810
20150309 25.96 26.36 26.57 25.81 196390
20150310 26.46 26.90 27.58 26.36 251970
20150311 26.90 27.65 27.65 26.18 324438
20150312 28.30 29.43 30.42 28.00 765953
20150313 29.13 30.20 30.45 28.72 454275
20150316 30.46 30.25 30.60 29.85 478421
20150317 30.23 30.04 31.49 29.54 441110
20150318 30.00 30.79 30.89 29.34 411338
20150319 30.64 30.07 30.69 29.81 331594
20150320 31.92 31.32 32.95 30.90 576916
20150323 32.02 34.45 34.45 32.02 452291
20150324 36.20 35.85 36.80 34.45 870280
20150325 36.30 38.20 39.40 35.01 584748
20150326 36.88 34.99 37.47 34.55 531997
20150327 34.78 35.83 36.17 34.02 377014
20150330 35.71 35.47 36.19 34.95 337516
20150331 35.26 36.45 38.28 35.23 425888
20150401 36.19 36.78 37.26 35.90 376566
20150402 37.12 37.28 37.47 36.38 415524
20150403 37.10 37.28 37.67 36.57 359063
20150407 37.60 38.88 38.97 36.98 486398
20150408 39.04 37.10 39.21 36.50 492724
20150409 36.50 34.70 36.51 33.39 572977
20150413 31.23 32.63 33.42 31.23 1126313
20150414 32.00 31.68 32.38 31.35 667887
20150415 31.75 29.89 31.97 29.89 551726
20150416 29.91 30.49 30.90 29.71 373995
20150417 30.62 31.07 31.46 30.17 524496
20150420 30.78 29.85 30.89 29.81 435049
20150421 30.00 31.21 31.28 29.88 409591
20150422 31.28 31.60 31.98 31.03 481676
20150423 31.60 31.90 32.33 31.49 456154
20150424 31.60 31.02 31.94 30.61 349694
20150427 31.70 31.35 32.20 31.13 406159
20150428 31.35 29.42 31.49 28.99 431716
20150429 29.03 29.96 30.37 29.03 267576
20150430 30.30 30.44 31.28 30.09 359241
20150504 30.29 30.94 31.29 30.13 269672
20150505 30.90 30.20 31.14 29.88 220460
20150506 30.60 30.99 31.57 30.41 377848
20150507 31.00 31.80 32.22 30.80 425309
20150508 32.18 34.30 34.56 31.51 657859
20150511 34.20 34.66 35.00 33.12 603894
20150512 34.60 34.40 34.94 33.51 486514
20150513 33.80 33.51 34.77 33.00 439756
20150514 33.52 33.60 34.49 33.22 337847
20150515 33.49 32.31 33.49 32.00 348091
20150518 32.25 33.85 34.48 32.17 438463
20150519 34.16 33.95 34.40 32.88 406157
20150520 34.03 35.20 37.15 34.00 538495
20150521 35.33 35.98 36.80 35.33 393120
20150522 37.13 36.02 37.50 35.16 497844
20150525 35.30 35.58 35.85 34.66 415495
20150526 36.00 38.56 39.00 36.00 553935
20150527 38.70 39.40 40.41 37.12 512712
20150528 39.30 36.80 40.40 36.03 543706
20150529 36.88 39.44 40.00 35.00 622141
20150601 40.53 42.38 43.00 40.00 510287
20150602 42.81 46.62 46.62 42.03 588726
20150603 48.50 47.69 49.60 44.80 620272
20150604 47.65 46.38 48.20 42.92 514539
20150605 46.90 47.47 48.90 45.86 517409
20150609 23.00 22.30 25.50 21.48 1088956
20150610 22.02 23.46 24.10 22.02 925024
20150611 23.46 23.03 24.10 22.61 815752
20150612 23.10 22.88 23.45 22.30 778987
20150615 23.00 21.52 23.13 21.36 911971
20150616 21.49 19.72 21.49 19.62 729447
20150617 19.82 20.50 20.76 19.20 614774
20150618 20.50 18.65 20.80 18.55 654084
20150619 18.45 17.98 19.30 17.70 635501
20150623 18.23 19.78 19.78 18.03 867481
20150624 20.15 19.04 20.20 18.51 936174
20150625 18.84 18.31 19.35 18.02 624139
20150626 17.54 16.48 17.90 16.48 556113
20150629 16.80 14.83 16.96 14.83 653619
20150630 14.19 15.81 16.23 13.35 914568
20150701 15.70 14.85 16.96 14.66 834523
20150702 14.80 13.71 15.51 13.38 791738
20150703 13.60 13.07 14.45 12.34 901698
20150706 14.38 12.20 14.38 11.76 988622
20150707 11.67 10.98 11.86 10.98 1056813
20150713 12.08 12.08 12.08 12.08 51937
20150714 13.29 13.29 13.29 13.29 35093
20150715 14.62 12.89 14.62 12.72 1487889
20150716 12.89 13.45 13.84 11.84 803920
20150717 13.56 14.40 14.67 13.45 790024
20150720 14.29 14.47 15.07 14.18 877973
20150721 14.10 14.53 14.93 13.91 658153
20150722 14.40 14.54 14.78 14.12 633424
20150723 14.61 15.52 15.71 14.55 897849
20150724 15.52 14.87 15.79 14.70 954708
20150727 14.48 13.38 15.10 13.38 620004
20150728 12.51 12.60 13.42 12.04 844003
20150729 12.90 13.61 13.68 12.36 540429
20150730 13.42 12.78 13.65 12.75 540366
