20140102 31.11 31.88 32.25 31.11 16321
20140103 31.76 31.96 32.20 31.34 15238
20140106 31.20 30.75 31.95 30.40 15650
20140107 30.40 30.96 31.33 30.26 9363
20140108 30.96 31.69 31.96 30.96 16852
20140109 31.69 30.61 32.64 30.61 20227
20140110 30.52 29.40 30.52 29.20 16615
20140113 29.39 29.55 29.78 29.10 7256
20140114 30.06 30.60 30.67 29.88 10303
20140115 30.50 31.02 31.43 30.38 9502
20140116 30.68 31.95 32.63 29.80 23618
20140117 31.99 31.20 32.39 31.05 14602
20140120 31.53 31.90 32.48 31.45 19478
20140121 31.90 32.50 32.50 31.58 14575
20140122 32.38 32.68 32.98 31.80 17688
20140123 32.50 32.64 33.12 32.30 16009
20140124 32.52 32.40 32.98 32.35 16731
20140127 32.28 31.08 32.55 31.01 17218
20140128 31.04 31.90 32.00 30.01 15919
20140129 31.50 31.79 32.25 31.50 10868
20140130 31.79 31.35 32.07 31.32 7710
20140207 31.01 32.00 32.00 30.88 10077
20140210 32.00 32.98 32.99 32.00 25106
20140211 33.00 33.98 34.47 32.80 29787
20140212 33.98 37.10 37.10 33.31 35241
20140213 36.96 36.54 39.14 36.50 42019
20140214 36.34 36.67 37.22 35.41 21859
20140217 36.58 39.12 39.15 36.30 21692
20140218 39.25 38.49 40.45 38.02 22330
20140219 38.03 37.86 39.12 36.81 17513
20140220 37.86 36.44 38.34 36.18 15058
20140221 36.46 37.57 37.60 36.21 10932
20140224 37.78 38.39 38.98 37.25 13310
20140225 38.49 36.15 38.50 35.48 24513
20140226 36.00 36.23 37.17 35.05 12132
20140227 37.02 35.45 37.68 35.40 13708
20140228 35.45 36.08 36.28 34.35 11833
20140303 36.00 36.39 36.49 35.76 8007
20140304 36.20 35.22 36.35 34.60 10383
20140305 35.50 35.28 35.90 35.02 5798
20140306 35.10 33.92 35.67 33.80 9522
20140307 33.50 33.99 34.64 33.50 6685
20140310 33.91 34.48 35.68 33.90 9966
20140311 34.48 34.52 35.00 33.40 6049
20140312 34.14 35.17 35.19 33.72 7517
20140313 35.10 36.58 36.59 34.85 12296
20140314 36.20 36.36 36.90 35.75 8124
20140317 36.02 36.99 37.10 35.90 6018
20140318 36.98 36.27 37.10 36.11 7644
20140319 35.80 35.05 36.21 35.00 6242
20140320 35.06 34.39 35.94 34.15 6498
20140321 33.55 32.87 34.00 30.95 19817
20140324 32.15 30.93 32.77 30.80 11768
20140325 30.80 31.80 31.80 30.20 8530
20140326 31.61 31.81 31.90 31.42 5588
20140327 31.87 31.05 31.87 30.86 5873
20140328 31.00 30.43 31.00 28.49 10695
20140331 30.02 29.39 30.62 29.01 4396
20140401 29.48 30.11 30.48 29.39 5186
20140402 30.21 30.01 30.86 29.60 5697
20140403 30.59 30.00 30.59 29.82 3105
20140404 30.09 30.52 30.60 29.62 2889
20140408 30.03 30.92 31.05 29.65 2960
20140409 30.90 31.15 31.54 30.60 4711
20140410 29.99 28.75 29.99 28.71 37404
20140411 28.49 28.22 28.66 27.71 15678
20140414 28.23 28.46 28.80 28.23 10105
20140415 28.35 28.47 28.73 28.28 7981
20140416 28.55 27.87 28.68 27.85 9569
20140417 27.95 28.13 28.22 27.89 5475
20140418 27.98 28.09 28.26 27.88 5077
20140421 27.80 27.94 28.16 27.64 4558
20140422 28.03 27.29 28.17 27.06 6004
20140423 27.29 26.99 27.39 26.88 4395
20140424 27.00 26.47 27.29 26.31 5893
20140425 26.12 26.34 26.86 26.12 6755
20140428 26.33 23.71 26.33 23.71 21217
20140429 23.00 23.75 23.89 23.00 7416
20140430 23.75 24.50 24.65 23.66 6375
20140505 24.44 25.60 25.81 24.44 13447
20140506 25.52 25.29 25.88 24.89 8395
20140507 25.04 25.47 25.85 25.00 5918
20140508 25.40 25.61 25.83 25.31 3770
20140509 25.61 24.82 25.64 24.38 5153
20140512 25.02 24.95 25.25 24.56 13740
20140513 24.86 24.67 25.30 24.63 7849
20140514 24.67 24.61 24.76 24.20 5398
20140515 24.49 24.36 24.75 24.30 3185
20140516 24.36 24.15 24.54 23.89 4120
20140519 24.13 23.83 24.34 23.60 4963
20140520 24.20 24.13 24.46 23.88 4338
20140521 23.87 24.49 24.49 23.87 2963
20140522 24.55 24.65 26.38 24.51 10962
20140523 24.65 25.19 25.29 24.55 6297
20140526 25.25 25.63 25.86 25.25 7217
20140527 25.64 25.21 25.64 25.18 4568
20140528 25.21 25.53 25.69 25.11 5569
20140529 25.43 25.12 25.59 24.92 4687
20140530 24.98 25.36 25.37 24.85 2851
20140603 25.36 25.60 25.70 25.22 5941
20140604 25.57 25.31 25.57 25.00 2617
20140605 25.31 26.15 26.15 25.01 6872
20140606 26.12 25.90 26.35 25.62 6080
20140609 25.90 25.40 25.98 25.08 3891
20140610 25.50 25.67 25.76 25.15 3623
20140611 25.42 25.69 25.79 25.40 3219
20140612 25.57 25.96 26.37 25.57 6095
20140613 26.10 26.92 27.29 25.70 13139
20140616 27.05 26.69 27.25 26.56 7594
20140617 26.71 27.15 27.48 26.53 11441
20140618 27.17 29.36 29.77 27.03 32096
20140619 29.30 30.99 31.76 29.04 42831
20140620 31.50 30.90 31.50 29.60 22719
20140623 30.89 30.66 30.89 30.27 20962
20140624 30.45 32.00 32.00 29.85 26573
20140625 31.50 31.43 32.16 30.58 17756
20140626 31.43 31.45 32.50 30.89 30820
20140627 30.72 29.60 30.72 29.60 29286
20140630 29.30 29.35 29.55 28.45 30362
20140701 29.10 29.80 30.10 29.00 22060
20140702 30.01 29.51 30.99 28.89 18391
20140703 29.31 28.98 29.59 28.85 14627
20140704 29.05 28.65 29.15 28.51 15790
20140707 28.56 28.25 29.00 28.00 13939
20140708 28.40 29.07 29.44 28.39 18222
20140709 29.19 30.36 30.55 29.19 31851
20140710 30.28 30.29 31.51 29.80 24225
20140711 30.22 30.60 30.60 29.40 14013
20140714 30.60 30.08 30.90 29.60 11395
20140715 29.81 28.45 30.27 28.20 14217
20140716 28.34 28.06 29.35 28.00 9672
20140717 28.25 27.25 28.25 27.10 9079
20140718 27.05 27.65 28.10 27.03 11019
20140721 27.34 28.38 28.45 27.25 10102
20140722 28.37 28.72 28.87 28.15 4757
20140723 28.75 27.46 28.98 27.10 7035
20140724 27.46 27.97 28.33 25.99 9208
20140725 27.61 27.80 28.25 27.60 4093
20140728 27.98 28.94 29.28 27.72 7713
20140729 28.95 31.83 31.83 28.95 34850
20140730 32.51 33.60 33.88 32.51 46134
20140731 33.30 32.94 33.39 32.45 24862
20140801 32.51 32.86 34.10 32.41 29924
20140804 32.50 33.51 33.93 32.01 16897
20140805 33.80 35.52 36.00 33.51 16714
20140806 35.48 35.90 35.91 34.40 12624
20140807 35.84 34.89 35.84 34.50 9070
20140808 34.92 35.41 35.65 34.64 7772
20140811 35.41 37.00 37.00 34.85 14921
20140812 36.99 36.47 37.18 36.30 5887
20140813 36.20 35.01 36.78 34.61 16214
20140814 35.05 35.50 35.93 34.66 5676
20140815 35.60 35.38 35.82 35.10 6836
20140818 35.38 37.50 37.87 35.30 13494
20140819 37.30 36.73 38.33 36.12 20963
20140820 36.82 36.04 36.85 35.51 9205
20140821 36.01 35.12 36.32 34.82 8291
20140822 34.80 35.40 35.60 34.80 4142
20140825 35.40 36.08 36.39 34.80 3567
20140826 36.10 34.22 36.36 33.80 15814
20140827 34.11 34.51 34.96 33.88 3826
20140828 34.60 33.91 34.78 33.90 2686
20140829 34.28 34.48 34.67 33.68 2274
20140901 34.75 35.42 36.23 34.75 4606
20140902 35.42 35.67 36.70 35.21 9684
20140903 35.66 36.69 36.85 35.51 9883
20140904 36.16 37.31 37.40 36.16 7744
20140905 37.76 36.40 37.76 36.25 4251
20140909 36.72 36.36 36.80 35.82 6568
20140910 36.19 36.36 36.57 36.19 2404
20140911 36.40 35.48 36.50 35.18 5648
20140912 35.48 36.36 36.89 35.48 5012
20140915 36.36 36.85 36.87 36.21 4998
20140916 36.76 35.28 36.76 35.23 6177
20140917 35.02 35.28 36.36 35.00 4605
20140918 35.42 36.70 36.77 35.41 6941
20140919 36.70 37.00 37.00 36.42 5751
20140922 37.50 40.70 40.70 37.50 21053
20140923 42.67 41.80 42.67 39.32 28655
20140924 41.40 40.65 41.40 39.91 13121
20140925 41.02 41.44 41.79 40.70 16433
20140926 41.20 40.30 41.58 40.01 7985
20140929 40.00 39.89 40.58 39.50 7578
20140930 39.88 40.15 40.29 39.51 4812
20141008 39.66 38.98 39.88 38.65 12172
20141009 39.10 38.80 39.24 38.21 11539
20141010 38.80 39.12 39.20 38.44 6333
20141013 39.08 37.90 39.08 37.37 9775
20141014 37.95 39.48 39.57 37.95 14526
20141015 39.21 38.89 39.21 38.36 6899
20141016 38.97 37.86 38.97 37.80 6372
20141017 37.33 35.30 37.85 35.00 16824
20141020 35.31 36.22 36.50 35.01 7485
20141021 36.25 36.02 36.85 36.01 5841
20141022 36.60 35.20 36.61 35.20 3368
20141023 34.83 33.99 35.21 33.50 9360
20141024 34.16 34.05 34.87 34.00 4145
20141027 34.58 35.60 35.98 34.26 7257
20141028 35.66 36.28 36.65 35.66 6152
20141029 36.45 36.60 37.00 36.13 6642
20141030 36.78 36.60 36.78 36.02 5488
20141031 36.52 37.54 37.87 36.52 10300
20141103 37.48 38.40 38.60 37.18 7350
20141104 38.55 36.68 38.78 35.59 12261
20141105 36.60 36.22 36.96 35.61 5253
20141106 35.70 36.66 37.00 35.70 4123
20141107 36.97 36.71 36.97 36.10 3581
20141110 36.49 35.85 36.63 35.71 4288
20141111 36.06 34.00 36.06 33.79 9904
20141112 34.11 34.50 34.58 33.60 4979
20141113 34.28 32.97 34.30 32.73 10908
20141114 33.08 32.33 33.15 31.85 5882
20141117 32.43 33.23 33.86 32.20 4531
20141118 33.65 32.02 33.75 31.96 9154
20141119 32.10 34.36 34.36 32.10 10942
20141120 33.72 33.00 34.19 32.80 10721
20141121 33.10 33.26 34.79 32.70 8112
20141124 33.54 33.50 33.79 32.72 9994
20141125 33.63 34.37 34.54 33.10 9008
20141126 34.58 34.65 34.73 33.97 6914
20141127 34.69 38.12 38.12 34.38 32068
20141128 39.39 38.99 40.38 38.13 35507
20141201 39.22 37.51 39.50 36.61 17520
20141202 36.75 37.15 37.70 36.70 7915
20141203 36.93 36.36 37.18 35.69 14903
20141204 36.40 36.26 36.99 35.50 14294
20141205 36.30 34.55 36.38 33.77 10611
20141208 34.55 34.10 35.16 33.83 9240
20141209 34.39 31.53 34.39 31.00 14866
20141210 31.83 32.75 33.51 31.01 18933
20141211 32.70 32.99 33.35 32.30 11139
20141212 32.80 33.27 33.35 32.68 6822
20141215 33.40 34.60 34.70 32.31 10409
20141216 34.49 36.75 36.88 33.80 14225
20141217 36.85 35.05 36.85 35.00 17698
20141218 34.02 32.50 35.17 32.50 11284
20141219 32.76 33.05 33.98 32.61 10007
20141222 33.22 30.10 33.60 29.75 12616
20141223 30.00 30.00 31.48 29.51 5465
20141224 30.40 30.96 31.00 30.15 3255
20141225 31.06 31.19 31.60 30.67 3629
20141226 31.29 30.66 31.49 30.60 3684
20141229 30.01 29.16 30.30 29.00 7332
20141230 29.15 28.55 29.26 28.31 6083
20141231 28.55 29.16 29.44 28.05 4242
20150105 29.07 29.45 29.55 27.72 8504
20150106 28.97 32.11 32.13 28.89 16311
20150107 32.15 33.03 33.65 30.55 27759
20150108 32.15 31.38 32.59 31.31 12148
20150109 31.39 30.81 31.65 30.81 6303
20150112 30.10 30.62 30.74 29.76 7546
20150113 30.60 31.77 32.21 30.51 9299
20150114 31.60 32.30 32.40 31.13 7664
20150115 32.24 33.20 33.62 32.00 12473
20150116 33.00 33.39 33.55 32.60 7488
20150119 32.51 32.21 33.60 31.50 5851
20150120 32.22 33.23 33.59 32.21 6249
20150121 33.23 33.30 33.60 32.85 7081
20150122 33.24 34.12 34.42 33.02 8778
20150123 33.96 35.68 35.68 33.10 19989
20150126 35.40 35.00 35.70 34.18 18440
20150127 34.63 34.60 34.99 33.64 12842
20150128 34.59 34.81 35.80 34.21 10375
20150129 34.50 33.11 34.79 33.08 19275
20150130 33.13 31.20 33.44 31.19 14476
20150202 31.25 30.25 31.25 30.00 12616
20150203 30.38 31.63 31.73 30.17 24679
20150204 31.19 30.62 31.60 30.42 21887
20150205 30.70 31.81 32.36 30.28 49777
20150206 31.71 31.00 31.99 30.55 34042
20150209 30.80 30.70 31.17 30.00 15939
20150210 30.31 30.85 30.90 29.90 13246
20150211 30.85 31.27 31.49 30.62 6946
20150212 31.30 31.49 32.15 31.30 9775
20150213 31.85 31.68 32.10 31.51 14351
20150216 31.99 32.40 32.45 31.00 13295
20150217 32.49 34.31 34.65 32.49 26249
20150225 34.34 32.83 34.50 32.81 25897
20150226 32.81 32.65 33.99 32.50 36738
20150227 32.68 33.13 33.80 32.42 35232
20150302 33.20 35.70 36.39 32.94 74492
20150303 35.00 37.00 38.05 34.70 68283
20150304 36.80 37.09 38.23 36.12 28052
20150305 36.60 36.05 37.99 35.32 55677
20150306 36.00 35.70 36.56 35.13 51507
20150309 35.49 36.15 36.15 35.00 44862
20150310 36.46 37.44 37.65 35.79 50216
20150311 37.41 35.63 37.44 35.55 38349
20150312 35.60 34.45 35.78 33.69 23929
20150313 34.49 35.74 36.43 34.47 23154
20150316 36.00 36.91 37.30 35.78 28075
20150317 36.85 36.87 37.20 36.20 31981
20150318 36.90 38.70 39.60 36.57 41259
20150319 39.09 38.29 39.14 37.71 23874
20150320 38.10 38.27 38.98 37.80 24937
20150323 38.52 39.05 39.05 37.49 32700
20150324 39.15 38.49 40.15 37.01 38626
20150325 38.20 38.86 39.32 37.46 37022
20150326 38.31 37.28 39.40 37.20 40599
20150327 37.11 37.81 38.13 37.11 23007
20150330 37.70 38.57 39.22 37.51 35219
20150331 38.89 39.10 39.50 38.00 34488
20150401 38.75 39.96 39.97 37.02 57455
20150402 39.99 40.95 41.39 39.99 39800
20150403 40.50 42.12 42.58 40.03 39801
20150407 42.10 42.30 42.68 41.58 40617
20150408 42.16 40.56 42.35 39.51 36873
20150409 40.45 38.86 40.56 37.21 44677
20150410 38.42 39.56 39.87 38.00 27323
20150413 39.56 39.11 39.57 38.10 40771
20150414 39.12 38.73 40.19 38.36 32481
20150415 38.70 36.40 38.70 36.11 36997
20150416 35.94 36.50 37.23 35.70 26058
20150417 36.61 36.70 37.44 36.55 19288
20150420 36.75 38.08 38.19 36.55 51484
20150421 37.45 39.20 39.55 37.35 38654
20150422 39.35 39.42 39.50 38.90 35899
20150423 39.55 39.88 40.79 39.06 32595
20150424 39.25 43.87 43.87 38.73 50805
20150427 44.50 47.25 48.26 44.50 83464
20150428 47.28 45.60 47.28 44.63 40282
20150608 50.16 50.16 50.16 50.16 182
20150609 55.18 55.18 55.18 53.00 21560
20150610 60.70 60.70 60.70 60.70 10253
20150611 62.00 66.77 66.77 60.70 87699
20150612 34.99 36.67 36.67 34.22 66143
20150615 38.87 35.50 39.95 34.83 135494
20150616 34.10 36.61 37.00 33.51 103543
20150617 36.00 36.77 37.50 33.50 58806
20150618 36.77 34.50 36.77 34.00 46651
20150619 33.00 34.30 36.10 31.28 62295
20150623 34.11 34.90 35.48 30.87 37480
20150624 36.00 36.47 37.80 34.44 48271
20150625 37.05 40.12 40.12 37.05 102222
20150626 38.00 36.11 39.50 36.11 63622
20150629 37.73 32.51 37.88 32.50 92871
20150630 32.95 35.70 35.76 29.26 90350
20150701 35.84 37.10 39.27 34.60 89855
20150702 35.20 33.39 37.50 33.39 65439
20150703 30.50 30.05 32.05 30.05 66556
20150714 33.06 33.06 33.06 31.58 71159
20150715 33.00 29.75 33.00 29.75 55629
20150716 26.78 27.41 29.50 26.78 167064
20150717 27.39 29.70 30.15 26.22 139126
20150720 29.00 28.70 30.16 28.18 93260
20150721 28.40 28.86 29.65 27.35 54629
20150722 29.50 31.10 31.70 28.90 77544
20150723 31.00 33.85 34.14 30.38 82020
20150724 33.85 34.30 35.90 32.01 94175
20150727 33.48 30.87 35.34 30.87 71634
20150728 27.85 27.78 30.98 27.78 70233
20150729 28.05 28.95 29.33 25.80 57136
20150730 28.38 27.20 29.18 27.09 39260
