20140102 36.67 37.64 37.89 36.66 83406
20140103 37.68 39.26 40.00 37.51 141889
20140106 39.00 37.21 39.33 37.00 91546
20140107 37.10 37.98 38.22 36.50 55904
20140108 38.44 40.99 41.75 38.42 212315
20140109 40.70 39.69 42.50 39.51 199565
20140110 39.75 40.38 41.50 39.20 125879
20140113 40.25 41.95 42.88 40.25 165178
20140114 43.51 43.00 45.15 42.32 218503
20140115 42.80 43.45 43.73 42.27 136609
20140116 43.10 41.72 43.97 41.70 124844
20140117 41.98 41.35 42.50 41.32 102062
20140120 40.99 40.39 41.80 39.90 69521
20140121 40.39 44.43 44.43 40.30 209840
20140122 45.30 45.31 46.09 44.00 245568
20140123 45.79 47.25 48.44 45.50 231053
20140124 46.65 47.47 48.67 46.04 137541
20140127 46.98 49.25 51.35 46.51 148005
20140128 49.70 52.00 52.33 47.30 197318
20140129 51.20 51.84 53.25 50.82 125857
20140130 52.30 50.60 52.78 50.30 100649
20140207 52.90 52.21 53.25 52.00 135256
20140210 52.19 50.93 52.59 49.28 144713
20140211 50.75 48.13 50.75 46.66 167964
20140212 48.10 49.18 49.36 47.38 117371
20140213 49.10 46.10 49.10 46.10 125263
20140214 46.10 46.99 47.43 45.76 96259
20140217 47.49 48.45 48.56 46.50 100558
20140218 48.44 46.77 48.44 46.20 123602
20140219 46.49 46.95 47.08 45.38 94203
20140220 46.65 45.08 46.65 44.69 72467
20140221 45.17 45.30 46.29 44.81 66856
20140224 45.60 47.11 47.98 45.45 120431
20140225 47.11 45.00 49.35 45.00 153111
20140226 44.26 42.94 44.26 40.81 99331
20140227 42.92 40.00 43.68 40.00 103160
20140228 40.00 40.70 40.99 38.70 72496
20140617 22.33 22.22 22.33 21.26 465283
20140618 21.69 22.89 23.55 21.20 490233
20140619 22.79 23.31 23.78 22.18 387969
20140620 23.60 23.11 23.79 22.61 236024
20140623 22.95 22.70 23.25 22.67 204756
20140624 22.60 22.73 23.15 22.31 173049
20140625 22.92 22.97 23.63 22.64 203207
20140626 22.95 22.94 23.20 22.70 221737
20140627 22.96 22.74 23.25 22.65 200633
20140630 22.76 22.18 22.98 21.85 212571
20140701 22.52 22.38 22.77 22.30 170633
20140702 22.43 22.46 22.60 22.01 158496
20140703 22.50 22.21 22.58 22.20 131605
20140704 22.14 21.80 22.26 21.63 158533
20140707 22.00 21.40 22.00 21.31 130573
20140708 21.50 21.59 21.66 21.33 83437
20140709 21.50 20.66 21.66 20.54 161017
20140710 20.89 20.43 20.90 20.40 102595
20140711 20.35 20.29 20.86 20.21 102091
20140714 20.31 19.93 20.51 19.75 194907
20140715 19.60 18.64 19.73 18.42 245357
20140716 18.70 19.26 19.30 18.52 168343
20140717 19.17 18.84 19.17 18.70 82327
20140718 18.95 18.63 18.95 18.60 68136
20140721 18.63 18.11 18.63 17.88 117690
20140722 18.07 18.13 18.22 17.94 91081
20140723 18.12 17.72 18.15 17.71 95903
20140724 17.69 17.13 17.77 17.00 130327
20140725 17.01 17.33 17.45 17.01 91964
20140728 17.29 18.24 18.43 17.26 185431
20140729 18.13 18.31 18.45 17.95 149051
20140730 18.29 18.15 18.37 17.92 105252
20140731 17.99 18.56 18.78 17.89 193002
20140801 18.40 17.99 18.42 17.98 150468
20140804 17.99 18.15 18.24 17.78 88366
20140805 18.15 19.88 19.97 18.01 418005
20140806 19.61 19.80 19.94 19.51 220992
20140807 19.90 20.15 20.65 19.71 304254
20140808 19.96 19.86 20.15 19.62 147253
20140811 19.87 20.03 20.29 19.80 133534
20140812 20.11 20.12 20.26 20.00 106258
20140813 20.14 19.67 20.20 19.47 141105
20140814 19.68 19.42 19.86 19.37 99968
20140815 19.42 19.43 19.59 19.06 106504
20140818 19.41 20.74 20.86 19.41 289326
20140819 21.15 21.34 22.50 21.15 416768
20140820 21.00 20.85 21.18 20.61 189284
20140821 20.74 21.85 21.91 20.61 275209
20140822 21.66 21.46 22.20 21.43 252801
20140825 21.36 20.95 21.36 20.85 142116
20140826 20.95 20.13 21.08 19.92 156402
20140827 20.05 20.17 20.44 20.01 88944
20140828 20.18 19.91 20.30 19.87 94330
20140829 19.91 20.02 20.04 19.60 75105
20140901 20.10 20.44 20.68 20.05 104647
20140902 20.46 20.80 21.02 20.46 145774
20140903 20.81 21.24 21.59 20.66 234642
20140904 21.20 21.40 21.79 20.90 233414
20140905 21.40 21.10 21.49 21.00 141979
20140909 21.15 20.98 21.24 20.72 112119
20140910 20.95 21.09 21.25 20.73 119969
20140911 21.10 21.63 21.97 21.10 317431
20140912 21.66 21.53 21.76 21.33 126807
20140915 21.50 21.72 21.83 21.40 184604
20140916 21.75 20.47 21.75 20.40 240136
20140917 20.40 20.48 20.70 20.13 107714
20140918 20.45 20.34 20.60 20.25 78458
20140919 20.34 20.55 20.63 20.31 72988
20140922 20.48 19.95 20.48 19.90 130586
20140923 19.95 20.02 20.14 19.90 69712
20140924 19.90 20.15 20.20 19.78 108746
20140925 20.15 20.32 20.58 20.11 136832
20140926 20.23 20.19 20.33 20.10 74114
20140929 20.24 20.91 21.33 20.23 216819
20140930 20.73 20.93 21.05 20.73 116681
20141008 20.90 21.06 21.13 20.72 118634
20141009 21.18 21.34 21.52 20.86 191241
20141010 21.35 21.07 21.35 20.97 125464
20141013 21.00 20.80 21.00 20.52 98742
20141014 20.68 21.29 21.44 20.67 171593
20141015 21.25 20.96 21.25 20.66 110253
20141016 20.94 20.77 21.31 20.68 147563
20141017 20.59 20.10 20.76 20.05 130312
20141020 20.15 20.31 20.39 20.13 64394
20141021 20.31 20.02 20.40 19.95 78160
20141022 20.04 19.85 20.24 19.80 49299
20141023 19.82 19.93 20.08 19.71 56760
20141024 19.98 19.98 20.38 19.88 57340
20141027 19.96 19.85 19.98 19.23 48115
20141028 20.10 20.35 20.39 20.00 78836
20141029 20.37 20.53 20.76 20.31 109520
20141030 20.55 20.27 20.70 20.17 82734
20141031 20.30 20.43 20.45 19.90 91626
20141103 20.40 20.34 20.43 20.14 79604
20141104 20.30 19.93 20.30 19.92 77882
20141105 19.76 19.72 19.93 19.63 67380
20141106 19.75 20.07 20.14 19.75 56661
20141107 20.07 19.70 20.16 19.70 87465
20141110 19.63 19.57 19.64 19.30 85828
20141111 19.50 18.44 19.50 18.29 155426
20141112 18.40 18.54 18.67 18.33 49403
20141113 18.54 17.75 18.60 17.06 187955
20141114 17.50 17.77 17.97 17.41 61673
20141117 17.77 18.46 18.50 17.47 102620
20141118 18.40 18.49 18.60 18.21 63561
20141119 19.60 19.78 20.34 19.38 234408
20141120 19.30 19.00 19.65 19.00 118313
20141121 19.05 19.33 19.50 19.01 86614
20141124 19.50 19.14 19.60 19.02 103177
20141125 19.06 19.19 19.31 19.00 85740
20141126 19.30 19.00 19.36 18.81 107766
20141127 19.04 19.02 19.28 18.84 92965
20141128 19.00 19.03 19.17 18.81 107043
20141201 18.99 18.82 19.02 18.75 93205
20141202 18.81 18.98 19.17 18.81 86872
20141203 19.10 20.36 20.55 19.08 409165
20141204 20.37 20.99 21.20 20.20 398856
20141205 21.15 20.00 21.15 19.62 269674
20141208 19.87 21.63 22.00 19.30 531746
20141209 21.20 21.97 23.58 20.70 728932
20141210 22.44 24.17 24.17 22.40 510693
20141211 25.51 24.75 26.00 24.00 783517
20141212 24.40 24.96 25.35 23.70 480901
20141215 24.90 24.78 25.49 24.20 353232
20141216 24.75 24.60 25.24 23.85 370942
20141217 24.30 25.90 25.99 23.90 612781
20141218 25.38 24.89 26.36 24.85 462717
20141219 24.34 23.31 24.65 22.68 377280
20141222 23.20 24.50 25.49 22.26 450685
20141223 23.69 25.58 26.20 23.41 517561
20141224 25.58 25.00 25.60 24.70 321158
20141225 24.91 24.55 25.08 24.01 273254
20141226 24.46 25.27 25.79 24.03 417200
20141229 24.90 26.92 27.48 24.50 660086
20141230 26.60 24.70 27.14 24.61 493519
20141231 23.80 23.64 24.64 23.09 420989
20150105 23.49 23.92 24.54 23.31 272161
20150106 23.90 25.66 26.26 23.41 509444
20150107 25.20 24.78 25.60 24.51 316533
20150108 24.78 24.53 25.63 24.52 286911
20150109 24.15 24.56 25.52 23.92 273125
20150112 24.20 24.88 25.27 24.20 216773
20150113 24.71 25.36 25.88 24.41 326186
20150114 25.35 24.46 25.69 24.15 232959
20150115 24.23 23.81 24.59 23.55 254972
20150116 23.81 24.45 24.85 23.73 233750
20150119 23.65 23.73 25.32 23.26 325121
20150120 23.73 24.30 24.46 23.73 234158
20150121 24.30 26.73 26.73 24.30 807512
20150122 26.83 27.20 27.40 26.35 646186
20150123 27.31 26.52 27.31 26.01 383938
20150126 26.35 26.75 27.16 26.35 283344
20150127 26.86 26.25 27.27 25.85 297712
20150128 26.29 26.81 27.49 26.02 421916
20150129 26.30 26.93 26.93 25.86 265877
20150202 25.00 25.32 26.16 24.30 196266
20150203 25.28 25.86 26.10 25.28 170538
20150204 26.01 26.03 26.16 25.53 149499
20150205 26.08 26.73 27.59 25.60 392224
20150206 26.75 26.40 27.27 26.20 225986
20150209 26.40 24.51 26.65 24.30 293024
20150210 24.50 25.03 25.12 24.02 127611
20150211 25.04 24.91 25.50 24.85 126686
20150212 24.97 25.77 26.18 24.96 207371
20150213 25.90 26.92 27.44 25.71 326454
20150216 27.49 29.61 29.61 27.48 594293
20150217 30.50 28.93 30.77 28.68 508072
20150225 28.90 27.53 28.90 27.47 317196
20150226 27.74 28.06 28.25 26.93 260334
20150227 27.88 28.55 29.60 27.60 390208
20150302 28.30 28.83 29.17 27.82 299132
20150303 28.96 30.10 30.57 28.55 494246
20150304 30.15 33.11 33.11 29.82 418713
20150305 36.00 36.42 36.42 34.70 1040235
20150306 36.80 33.73 36.99 33.50 654484
20150309 33.55 33.10 34.71 32.80 432631
20150310 33.48 34.50 35.66 33.22 460614
20150311 33.90 33.67 34.30 32.70 286155
20150312 33.46 32.33 34.26 31.89 295005
20150313 32.62 33.59 33.60 32.01 223895
20150316 33.71 34.36 34.98 33.29 356255
20150317 34.36 33.57 34.98 33.12 338787
20150318 33.75 33.67 34.02 33.01 288599
20150319 33.72 33.39 34.15 33.25 260036
20150320 33.40 34.05 34.17 33.13 337523
20150323 34.05 35.40 35.80 33.64 431878
20150324 35.00 34.59 35.98 33.60 374479
20150325 34.50 34.05 34.88 33.60 282316
20150326 34.05 32.21 34.05 32.10 333012
20150327 32.02 32.59 32.75 31.91 149775
20150330 32.67 32.24 33.09 31.71 240763
20150331 32.24 32.43 33.45 32.24 248531
20150401 32.58 33.18 33.30 32.01 244323
20150402 33.20 33.98 34.00 32.72 322531
20150403 33.79 34.12 34.80 33.50 366965
20150407 34.00 34.22 34.80 33.61 299586
20150408 34.50 32.69 34.60 32.01 361379
20150409 32.50 31.15 32.53 30.01 305097
20150410 30.02 31.44 31.67 30.02 225065
20150413 31.70 31.29 31.81 30.74 191652
20150414 31.29 30.51 31.33 30.33 205100
20150415 30.80 31.25 32.00 30.10 262656
20150416 31.43 31.46 32.18 31.20 222210
20150417 31.48 31.87 32.90 31.20 281693
20150420 31.50 30.72 31.55 30.50 241303
20150421 30.66 31.81 32.15 30.66 246509
20150422 32.05 32.68 32.68 31.63 281281
20150423 33.00 33.57 33.99 33.00 390185
20150424 33.00 32.65 33.50 32.40 236384
20150427 33.40 32.83 33.90 32.71 233468
20150428 32.76 30.93 32.76 30.70 240199
20150429 30.61 31.54 31.70 30.45 140738
20150430 31.84 31.72 32.47 31.48 184285
20150504 32.47 32.85 33.38 31.80 228244
20150505 32.67 31.09 32.78 30.80 181240
20150506 31.35 30.81 32.26 30.70 164162
20150507 30.75 29.28 31.23 28.96 179840
20150508 31.30 32.21 32.21 30.60 208449
20150511 33.99 34.11 34.80 32.56 537187
20150512 34.19 35.78 36.63 34.11 555617
20150513 34.99 36.47 38.30 33.95 546988
20150514 36.00 36.11 38.00 35.65 436520
20150515 35.20 34.96 36.00 34.00 293863
20150518 34.85 35.63 36.57 34.71 252665
20150519 35.18 36.77 37.27 34.22 330592
20150520 37.16 37.21 39.50 37.02 365500
20150521 36.90 38.06 38.85 36.90 312981
20150522 38.47 37.70 39.20 36.68 326558
20150525 36.50 37.15 37.99 36.05 292715
20150526 37.15 40.87 40.87 36.94 418531
20150527 41.30 41.98 44.50 40.20 422402
20150528 42.00 38.52 44.46 37.89 408357
20150529 42.18 42.37 42.37 39.30 293303
20150601 45.70 45.71 46.61 44.58 476309
20150602 45.70 48.00 48.41 45.01 391848
20150603 47.51 45.78 47.70 44.70 331232
20150604 45.73 46.65 47.65 42.01 315768
20150605 47.15 44.44 47.60 43.75 307540
20150608 43.84 42.31 43.84 40.85 308258
20150609 41.85 43.10 45.00 41.85 278024
20150610 43.20 47.09 47.41 42.82 382403
20150611 46.86 46.42 47.89 45.56 308956
20150612 46.81 49.86 51.06 46.10 404686
20150615 49.86 45.19 49.86 44.99 333970
20150616 33.50 35.28 36.26 32.01 378002
20150617 35.20 35.49 36.18 33.29 262739
20150618 35.15 32.03 35.39 32.00 228995
20150619 31.00 29.00 31.63 28.88 259676
20150623 29.15 30.49 30.90 28.23 278303
20150624 31.00 30.20 31.19 29.09 220856
20150625 30.50 27.95 30.74 27.27 236242
20150626 27.00 25.16 27.30 25.16 261718
20150629 25.81 22.64 25.85 22.64 338761
20150630 21.60 24.90 24.90 21.08 457686
20150701 25.00 24.45 26.83 24.00 561063
20150702 24.90 23.57 25.98 22.35 416378
20150703 22.80 24.10 25.73 22.00 510990
20150706 26.51 22.70 26.51 21.69 533601
20150714 24.97 24.97 24.97 24.97 17962
20150715 27.46 22.63 27.46 22.60 540305
20150716 22.63 22.35 23.88 20.37 378761
20150717 23.10 24.59 24.59 22.60 346758
20150720 26.00 27.05 27.05 25.12 702725
20150721 27.10 29.00 29.70 26.81 728179
20150722 28.50 28.51 29.88 27.59 483115
20150723 28.48 29.48 29.80 27.70 379772
20150724 29.35 28.97 30.29 28.25 368044
20150727 28.86 29.95 31.87 28.20 953188
20150728 28.58 28.85 31.55 26.96 665964
20150729 29.70 31.74 31.74 28.55 585932
20150730 32.00 30.69 33.40 30.50 655650
