20140102 14.33 15.81 16.72 14.33 229893
20140103 15.58 15.05 16.65 14.98 229717
20140106 14.93 14.86 15.38 14.33 180033
20140107 14.61 14.92 15.02 14.21 148527
20140108 14.73 15.01 15.47 14.57 200395
20140109 14.60 13.58 14.70 13.51 229569
20140110 13.58 13.26 13.77 13.05 134607
20140113 13.35 13.53 13.57 13.23 102340
20140114 13.62 14.50 14.75 13.36 224574
20140115 14.22 13.96 14.35 13.83 152992
20140116 14.03 15.00 15.36 14.00 236566
20140117 14.40 14.62 15.28 14.23 151266
20140120 14.58 13.25 14.89 13.16 146221
20140121 13.54 14.58 14.58 13.28 151534
20140122 14.85 15.02 15.25 14.30 192774
20140123 14.85 15.30 15.99 14.60 168238
20140124 15.10 15.31 15.93 14.84 128280
20140127 15.03 15.30 15.97 14.68 134071
20140128 15.22 16.40 16.75 15.21 173949
20140129 16.06 15.85 16.37 15.40 139547
20140130 15.77 14.88 15.77 14.52 111779
20140207 14.69 15.22 15.38 14.55 76525
20140210 15.31 15.89 16.19 14.94 126385
20140211 15.80 15.55 16.46 15.08 127768
20140212 15.45 16.05 16.28 15.05 137395
20140213 15.82 14.81 15.99 14.67 125151
20140214 14.89 14.77 15.06 14.42 70733
20140217 14.77 15.50 15.68 14.52 100441
20140218 15.35 15.64 15.81 15.25 94317
20140219 15.64 16.38 16.38 15.20 162546
20140220 16.66 17.00 17.88 16.47 214059
20140221 16.00 17.30 17.44 15.48 150890
20140224 17.10 17.53 18.10 16.66 146917
20140225 17.26 15.78 17.52 15.78 145106
20140226 15.12 14.63 15.21 14.25 98804
20140227 14.79 14.00 15.10 13.63 93859
20140228 14.03 14.23 14.31 13.56 54966
20140303 14.20 14.38 14.45 13.90 57342
20140304 14.30 14.41 14.81 13.93 61836
20140305 14.50 14.41 14.65 14.27 45859
20140306 14.40 14.12 14.40 13.86 44977
20140307 13.91 13.79 14.35 13.74 49565
20140310 13.82 12.52 13.82 12.44 58405
20140311 12.56 12.68 12.93 12.37 34653
20140312 12.50 12.84 12.96 12.28 33454
20140313 12.71 12.95 13.05 12.71 24366
20140314 12.78 12.97 13.25 12.73 30786
20140317 12.97 13.58 13.70 12.90 43985
20140318 13.59 13.53 13.80 13.44 33461
20140319 13.49 13.44 13.58 13.21 22775
20140320 13.50 12.66 13.50 12.65 31101
20140321 12.66 13.14 13.14 12.41 27011
20140324 13.55 13.33 13.96 13.25 96187
20140325 13.22 12.52 13.22 12.16 59778
20140326 12.47 12.85 12.88 12.37 40019
20140327 12.80 12.39 12.88 12.28 54622
20140328 12.49 12.11 12.60 11.90 51362
20140331 12.11 11.93 12.21 11.79 28453
20140401 12.00 12.23 12.25 11.87 25517
20140402 12.25 12.09 12.30 11.93 24669
20140403 12.00 12.38 12.47 11.90 37335
20140404 12.55 12.69 13.25 12.50 100290
20140408 12.34 12.88 13.14 12.21 86718
20140409 12.80 13.01 13.31 12.75 75754
20140410 12.99 12.82 13.07 12.80 44479
20140411 12.62 12.43 12.63 12.41 34460
20140414 12.37 12.71 12.72 12.37 24189
20140415 12.66 12.70 13.09 12.59 55152
20140416 12.60 12.55 12.76 12.41 25125
20140417 12.59 12.63 12.83 12.59 20195
20140418 12.59 12.81 12.98 12.45 32711
20140421 12.73 12.41 12.96 12.35 31338
20140422 12.42 12.12 12.63 11.88 26502
20140423 12.01 11.97 12.17 11.92 14454
20140424 12.04 11.35 12.04 11.20 39232
20140425 11.36 10.99 11.56 10.98 22081
20140428 10.80 10.53 10.90 10.44 22603
20140429 10.53 10.79 10.80 10.52 17286
20140430 10.86 10.89 10.97 10.75 15906
20140505 10.90 11.05 11.09 10.85 15229
20140506 11.05 11.38 11.44 11.01 32690
20140507 11.30 10.99 11.33 10.96 21272
20140508 11.03 11.28 11.55 11.03 30838
20140509 11.21 11.00 11.30 10.85 17970
20140512 11.11 11.38 11.45 11.10 23681
20140513 11.32 11.41 11.65 11.31 17743
20140514 11.42 11.40 11.50 11.32 14522
20140515 7.58 7.40 7.76 7.37 42433
20140516 7.36 7.10 7.49 7.10 44063
20140519 7.31 7.49 7.81 7.31 118291
20140520 7.28 7.37 7.54 7.24 69327
20140521 7.32 7.54 7.57 7.18 59288
20140522 7.47 7.49 7.66 7.47 65588
20140523 7.50 7.73 7.77 7.43 53517
20140526 7.70 7.96 8.04 7.60 87568
20140527 7.90 8.04 8.06 7.79 77687
20140528 7.99 8.10 8.20 7.88 88993
20140529 8.05 7.87 8.11 7.80 56362
20140530 7.85 7.96 8.15 7.83 64107
20140603 7.94 7.84 8.11 7.82 39921
20140604 7.79 7.67 7.83 7.56 35555
20140605 7.67 7.93 7.93 7.64 42986
20140606 7.90 8.12 8.25 7.90 106216
20140609 8.08 7.99 8.23 7.96 59524
20140610 7.96 8.20 8.20 7.87 59088
20140611 8.13 9.02 9.02 8.11 141888
20140612 9.38 9.92 9.92 9.21 412434
20140617 9.46 9.38 9.62 9.28 292676
20140618 9.29 8.90 9.35 8.85 207083
20140619 8.88 8.42 9.12 8.27 178855
20140620 8.45 8.70 8.77 8.25 133152
20140623 8.65 8.74 8.91 8.55 124045
20140624 8.72 8.93 9.18 8.68 127899
20140625 8.90 8.75 8.92 8.58 92860
20140626 8.71 9.06 9.10 8.68 113979
20140627 9.02 9.06 9.20 8.89 114020
20140630 9.00 9.16 9.29 8.90 98254
20140701 9.14 9.21 9.25 8.99 99459
20140702 9.18 9.46 9.55 9.08 159808
20140703 9.34 9.30 9.43 9.23 94137
20140704 9.25 9.30 9.49 9.19 76895
20140707 9.27 9.13 9.33 9.01 68585
20140708 9.11 9.32 9.32 9.04 60826
20140709 9.26 8.94 9.39 8.93 88727
20140710 8.88 8.93 9.07 8.80 45867
20140711 8.93 9.05 9.05 8.88 33995
20140714 9.06 9.28 9.29 8.98 52926
20140715 9.21 9.00 9.29 8.89 59551
20140716 8.98 9.01 9.18 8.90 35708
20140717 8.98 8.67 9.01 8.59 47120
20140718 8.63 8.55 8.71 8.52 32123
20140721 8.54 8.41 8.63 8.26 37086
20140722 8.41 8.62 8.66 8.32 29182
20140723 8.63 8.30 8.63 8.26 31452
20140724 8.28 8.05 8.38 7.95 40436
20140725 8.08 8.16 8.21 8.03 26436
20140728 8.16 8.42 8.46 8.16 31897
20140729 8.38 8.54 8.58 8.36 33484
20140730 8.77 8.79 8.98 8.66 62140
20140731 8.63 8.88 8.92 8.63 44324
20140801 8.85 8.85 9.09 8.77 64677
20140804 8.80 8.93 8.97 8.80 39464
20140805 8.88 9.09 9.18 8.69 89569
20140806 9.08 9.01 9.10 8.96 45623
20140807 9.03 8.82 9.06 8.77 47678
20140808 8.84 9.02 9.04 8.84 34308
20140811 9.04 9.08 9.11 8.91 48620
20140812 9.08 9.07 9.16 9.01 57106
20140813 9.05 9.33 9.34 8.80 103647
20140814 9.25 9.57 9.85 9.23 172861
20140815 9.53 9.54 9.63 9.35 82951
20140818 9.66 9.64 9.76 9.48 65621
20140819 9.64 10.26 10.60 9.57 211802
20140820 10.00 10.14 10.35 9.95 112351
20140821 10.12 10.66 11.07 10.05 174935
20140822 10.52 10.72 11.22 10.51 152749
20140825 10.82 10.50 10.99 10.49 105520
20140826 10.35 10.03 10.47 9.95 94453
20140827 10.01 10.16 10.28 10.00 49210
20140828 10.02 10.07 10.16 9.85 48925
20140829 10.00 10.33 10.36 10.00 42963
20140901 10.27 10.73 10.92 10.24 72800
20140902 10.72 10.87 11.00 10.70 81302
20150123 11.96 11.96 11.96 11.96 2700
20150126 12.60 12.08 13.16 11.93 282297
20150127 11.79 11.66 12.08 11.51 145800
20150128 11.48 11.25 11.49 11.15 106439
20150129 11.10 11.42 11.54 11.06 81590
20150130 11.32 11.04 11.52 11.03 62132
20150202 10.85 10.68 10.90 10.66 54536
20150203 10.73 10.86 11.00 10.73 53097
20150204 10.81 11.22 11.37 10.74 103254
20150205 11.13 11.00 11.33 11.00 63775
20150206 11.08 10.51 11.15 10.48 59371
20150209 10.46 10.14 10.71 10.00 40705
20150210 10.28 10.39 10.50 10.25 34266
20150211 10.30 10.61 10.65 10.29 30712
20150212 10.54 10.50 10.68 10.41 40126
20150213 10.58 10.73 10.78 10.54 45830
20150216 10.76 10.99 11.01 10.67 55633
20150217 11.40 11.06 11.40 10.99 55001
20150225 11.00 10.93 11.08 10.74 40110
20150226 10.90 10.86 11.00 10.73 43262
20150227 10.86 11.52 11.66 10.85 113747
20150302 11.48 11.64 11.68 11.29 94659
20150303 11.60 11.20 11.60 11.19 78667
20150304 11.32 11.49 11.51 11.22 56590
20150305 11.61 11.74 11.84 11.32 112291
20150306 11.78 11.34 11.82 11.30 66294
20150309 11.29 11.69 11.84 11.18 83784
20150310 11.70 12.05 12.19 11.70 117660
20150311 11.88 11.90 11.97 11.74 69639
20150312 11.90 12.01 12.57 11.75 97277
20150313 12.05 12.33 12.45 11.88 87621
20150316 12.40 12.97 13.21 12.40 127483
20150317 12.96 13.27 13.62 12.81 146486
20150318 13.15 13.40 13.50 13.05 108659
20150319 13.40 13.22 13.58 13.03 105535
20150320 13.16 13.72 13.85 13.09 117190
20150323 13.77 13.84 13.97 13.55 113051
20150324 13.89 14.69 14.97 13.20 181494
20150325 14.41 14.79 15.47 14.30 148665
20150326 15.08 14.74 15.77 14.05 156359
20150327 14.90 14.58 14.94 14.20 90525
20150330 14.49 14.93 14.93 14.28 118936
20150331 14.89 14.51 15.03 14.45 103452
20150401 14.32 15.20 15.50 14.32 125527
20150402 15.09 15.39 15.50 14.95 125481
20150403 15.20 15.49 15.63 15.10 119618
20150407 15.31 15.80 16.29 15.22 166678
20150408 15.70 15.01 15.71 14.68 136951
20150409 14.82 14.23 14.90 13.78 117177
20150410 14.28 14.57 14.77 14.15 78764
20150413 14.64 14.56 14.76 14.20 92622
20150414 14.63 14.35 14.69 14.16 75216
20150415 14.34 14.03 14.64 14.03 80372
20150416 13.90 14.48 14.87 13.70 72354
20150417 14.59 14.28 14.70 14.27 70135
20150420 14.24 13.44 14.34 13.38 71412
20150421 13.35 14.04 14.08 13.35 50762
20150422 14.05 14.39 14.58 14.02 87584
20150423 14.40 15.11 15.29 14.28 149615
20150424 14.84 14.89 15.08 14.35 126015
20150427 15.01 14.97 15.26 14.72 103695
20150428 14.90 15.10 15.37 14.52 122587
20150429 15.01 16.13 16.42 14.89 183983
20150430 16.00 15.54 16.15 15.51 116651
20150504 15.32 16.39 16.60 15.31 131555
20150505 16.09 16.91 18.03 16.09 175064
20150506 17.10 16.50 17.88 16.19 145951
20150507 16.17 14.98 16.17 14.85 107958
20150508 15.30 16.01 16.02 15.00 125810
20150511 16.02 17.61 17.61 15.90 138350
20150512 18.00 18.08 18.80 17.40 172685
20150525 19.89 19.89 19.89 19.89 1299
20150526 21.88 21.88 21.88 21.88 1053
20150527 24.07 24.07 24.07 24.07 1498
20150528 26.48 26.10 26.48 25.00 75651
20150529 28.30 28.71 28.71 27.00 195571
20150601 31.58 28.07 31.58 27.55 270682
20150602 27.50 28.75 29.50 27.50 153377
20150603 28.44 29.20 30.98 28.11 162356
20150604 28.47 26.82 28.80 26.28 149621
20150605 27.60 25.88 27.97 25.41 118984
20150608 25.44 26.04 27.19 25.19 89390
20150609 25.77 25.63 26.57 24.90 87220
20150610 25.66 28.05 28.19 25.25 149665
20150611 27.50 27.61 28.12 27.27 123990
20150612 27.61 29.34 29.99 27.41 134976
20150615 29.03 28.70 31.00 28.51 132626
20150616 28.00 26.25 28.01 25.83 85510
20150617 25.90 26.26 26.70 23.70 100153
20150618 25.78 23.65 26.43 23.63 80182
20150619 23.23 21.29 23.30 21.29 72365
20150623 21.52 22.10 22.20 19.70 76404
