20140102 15.50 15.62 16.08 14.81 56646
20140103 15.30 15.50 15.92 15.28 42867
20140106 15.39 15.12 15.55 14.82 45952
20140107 15.18 16.25 16.25 14.91 64643
20140108 16.30 16.18 17.55 16.10 72560
20140109 16.20 15.88 16.81 15.80 60512
20140110 15.97 16.18 16.50 15.26 45145
20140113 16.40 16.01 16.40 15.71 34615
20140114 15.99 16.49 16.68 15.82 39776
20140115 16.49 16.34 16.85 16.20 34076
20140116 16.34 15.29 16.34 15.25 54506
20140321 16.82 16.82 16.82 16.82 6050
20140324 18.50 17.86 18.50 17.19 158131
20140325 17.70 18.79 19.48 17.69 110673
20140326 18.24 18.77 19.00 17.88 68690
20140327 18.80 17.78 18.80 17.30 65418
20140328 17.60 16.59 17.78 16.46 57282
20140331 16.80 16.88 17.72 16.34 48508
20140401 17.37 17.18 17.43 16.82 33697
20140402 17.28 17.00 17.66 16.70 37825
20140403 17.60 17.15 18.00 16.99 39876
20140404 17.03 16.68 17.12 16.38 51048
20140408 16.68 16.34 16.72 16.00 43970
20140409 16.30 16.95 16.96 16.30 34238
20140410 9.45 9.78 10.10 9.40 127753
20140411 9.58 10.76 10.76 9.44 229613
20140414 10.70 10.82 11.10 10.58 174502
20140415 10.98 10.47 11.22 10.40 117257
20140416 10.49 10.21 10.49 10.05 101014
20140417 10.26 10.27 10.45 10.15 71165
20140418 10.22 10.50 10.69 10.18 88713
20140421 10.37 10.09 10.44 10.03 62578
20140422 10.00 9.80 10.11 9.28 95739
20140423 9.73 9.65 10.02 9.58 62661
20140424 9.66 9.46 9.68 9.32 57672
20140425 9.46 9.52 9.80 9.38 57422
20140428 9.40 9.20 9.64 9.12 47979
20140429 9.20 9.69 9.75 9.20 61923
20140430 9.69 10.02 10.26 9.65 97908
20140505 10.39 10.37 10.63 10.15 97514
20140506 10.35 10.35 10.67 10.28 85184
20140507 10.35 10.53 11.17 10.18 143435
20140508 10.53 10.53 11.00 10.30 117054
20140509 10.53 10.62 10.84 10.35 82932
20140512 10.80 10.48 10.89 10.25 79969
20140513 10.46 10.26 10.65 10.14 65947
20140514 10.25 10.24 10.37 10.15 40664
20140515 10.24 10.73 11.03 10.18 159913
20140516 10.65 10.54 11.00 10.34 67168
20140519 10.55 10.58 10.81 10.37 49187
20140520 10.71 11.26 11.48 10.60 139826
20140521 11.21 11.30 11.58 11.06 139893
20140522 11.25 11.09 11.41 11.07 85728
20140523 11.01 11.32 11.32 10.82 78076
20140526 11.31 11.62 11.77 11.21 96650
20140527 11.62 11.43 11.62 11.32 59250
20140528 11.52 11.84 11.85 11.24 102916
20140529 11.81 11.42 11.87 11.40 74765
20140530 11.38 11.31 11.60 11.16 55913
20140603 11.40 11.15 11.41 11.08 49877
20140604 11.07 11.24 11.27 11.07 46778
20140605 11.28 11.24 11.31 11.10 48874
20140606 11.26 11.11 11.36 11.02 49381
20140609 11.08 10.20 11.14 10.06 128751
20140610 10.36 10.64 10.79 10.30 92778
20140611 10.66 10.64 10.70 10.43 44338
20140612 10.60 10.64 10.65 10.36 53945
20140613 10.60 11.19 11.26 10.57 96457
20140616 11.25 11.42 11.59 11.08 75047
20140617 11.42 11.45 11.55 11.15 71506
20140618 11.46 11.16 11.60 11.12 53130
20140619 11.16 10.92 11.49 10.83 69095
20140620 10.97 11.12 11.17 10.62 36811
20140623 11.22 11.35 11.56 11.10 60322
20140624 11.49 11.35 11.50 11.22 35315
20140625 11.37 11.08 11.38 11.01 43483
20140626 11.08 11.20 11.35 11.05 39613
20140627 11.12 11.36 11.45 11.11 52876
20140630 11.37 11.90 11.98 11.37 114830
20140701 11.88 12.03 12.06 11.75 76162
20140702 12.05 11.94 12.09 11.67 63689
20140714 12.92 12.34 12.92 12.01 149719
20140715 12.19 12.96 13.32 12.18 140976
20140716 12.40 12.37 12.88 12.21 76284
20140717 12.47 12.28 12.57 12.03 52453
20140718 12.27 12.33 12.66 12.16 65452
20140721 12.34 12.11 12.43 11.80 51695
20140722 12.00 12.20 12.37 11.86 39787
20140723 12.44 12.23 12.55 12.05 53547
20140724 12.20 11.77 12.20 11.50 67207
20140725 11.77 11.96 12.27 11.77 42953
20140728 11.96 12.20 12.29 11.86 48307
20140729 12.22 12.97 13.17 12.22 104869
20140730 12.82 12.78 13.15 12.75 72025
20140731 12.81 12.95 13.13 12.74 49492
20140801 12.85 13.47 13.75 12.77 106534
20140804 13.53 13.85 14.06 13.47 74384
20140805 13.80 13.76 13.80 13.42 42701
20140806 13.77 13.83 13.99 13.60 37179
20140807 13.78 13.50 13.85 13.45 47035
20140808 13.57 13.54 13.64 13.37 27257
20140811 13.54 14.00 14.10 13.48 46628
20140812 14.01 13.87 14.20 13.76 40700
20140813 13.85 14.02 14.07 13.66 35120
20140814 14.02 13.57 14.08 13.55 54005
20140815 13.51 13.60 13.68 13.38 29966
20140818 13.71 13.83 13.86 13.50 40444
20140819 13.75 14.26 14.38 13.75 76552
20140820 14.24 14.11 14.47 14.09 38201
20140821 14.20 14.26 14.32 13.84 49728
20140822 14.32 14.67 14.80 14.32 49657
20140825 14.80 15.34 15.98 14.80 107901
20140826 15.41 14.67 15.56 14.64 72570
20140827 14.60 15.08 15.29 14.38 46255
20140828 15.05 15.20 15.40 14.92 41970
20140829 15.20 15.19 15.42 15.07 31150
20140901 15.28 15.72 15.86 15.12 55399
20140902 15.75 15.81 15.94 15.50 58704
20140903 15.74 16.08 16.55 15.60 90568
20140904 16.10 16.14 16.24 15.84 73008
20140905 16.10 16.15 16.26 16.02 47460
20140909 16.15 15.81 16.20 15.62 87045
20140910 16.00 16.22 16.29 15.80 98277
20140911 16.39 16.12 16.42 15.98 59855
20140912 16.06 16.27 16.33 16.02 39704
20140915 16.39 15.96 16.39 15.65 96853
20140916 15.90 15.38 16.03 15.34 90052
20140917 15.32 15.59 15.77 15.11 77717
20140918 15.59 15.80 15.88 15.40 57098
20140919 16.10 16.22 16.79 16.09 84025
20140922 16.12 15.84 16.13 15.68 65698
20140923 15.78 15.89 16.00 15.78 34519
20140924 15.80 16.10 16.21 15.80 50449
20140925 16.26 15.96 16.27 15.83 56018
20140926 15.96 15.71 15.96 15.66 43023
20140929 15.72 15.97 16.10 15.72 46660
20140930 15.91 16.00 16.08 15.78 40161
20141008 16.00 15.98 16.00 15.75 42720
20141009 16.00 16.12 16.28 15.80 78704
20141010 16.19 15.94 16.24 15.91 39670
20141013 15.86 15.99 16.02 15.38 74363
20141014 15.93 15.83 16.00 15.79 30492
20141015 15.98 15.98 16.15 15.86 38695
20141016 16.06 16.60 17.48 15.90 182695
20141017 16.55 16.91 17.00 15.88 105229
20141020 17.06 17.12 17.58 17.00 87493
20141021 17.19 17.34 17.55 17.00 105919
20141022 17.33 18.18 18.40 17.25 152176
20141023 18.30 17.90 19.25 17.88 161224
20141024 17.95 17.91 18.48 17.50 94108
20141027 17.80 18.80 18.99 17.15 112417
20141028 18.69 19.20 19.53 18.41 141535
20141029 19.05 19.38 20.00 19.01 129566
20141030 19.30 19.26 19.72 19.01 90730
20141031 19.04 19.26 19.39 18.48 96108
20141103 19.20 19.00 19.48 18.85 46781
20141104 18.97 18.45 19.18 18.30 62869
20141105 18.45 18.70 18.98 17.97 64617
20141106 18.74 19.07 19.21 18.72 52524
20141107 19.15 18.60 19.38 18.57 46190
20141110 18.51 18.50 18.58 18.07 39067
20141111 18.35 16.70 18.40 16.67 102369
20141112 16.73 17.23 17.29 16.42 109214
20141113 17.10 16.15 17.19 16.10 98005
20141114 16.27 16.41 16.86 15.99 96943
20141117 16.49 16.92 17.10 16.21 64195
20141118 16.95 17.20 17.45 16.85 55946
20141119 17.21 17.04 17.46 16.82 53602
20141120 17.00 17.09 17.45 16.91 43672
20141121 17.10 17.25 17.43 17.00 46316
20150203 18.98 18.98 18.98 18.98 8980
20150204 20.88 20.88 20.88 20.00 88639
20150205 22.88 20.11 22.88 20.02 282471
20150206 20.07 20.86 21.23 19.56 128634
20150209 21.00 21.20 21.86 20.66 96620
20150210 21.10 20.76 21.13 20.08 59741
20150211 21.01 20.58 21.56 20.30 65596
20150212 20.58 20.39 20.90 20.10 83846
20150213 20.47 20.76 21.20 20.40 77096
20150216 21.02 22.84 22.84 21.02 116434
20150217 23.00 24.30 25.00 22.91 127099
20150225 24.30 24.07 24.55 23.50 64495
20150226 23.99 23.97 24.35 23.56 53197
20150227 23.71 25.75 26.29 23.69 97180
20150302 26.15 25.87 26.15 24.80 71773
20150303 25.50 25.20 25.75 25.00 72745
20150304 25.15 25.08 25.40 24.76 66314
20150305 25.20 25.16 25.25 24.43 60859
20150306 25.19 23.71 25.50 23.68 67249
20150309 23.50 23.96 24.70 23.00 60371
20150310 24.00 24.39 24.70 24.00 46588
20150311 24.42 23.80 24.96 23.55 46338
20150312 23.93 23.83 24.50 23.50 37977
20150313 23.84 24.77 24.84 23.82 50475
20150316 24.89 25.23 25.66 24.88 78436
20150317 25.01 24.70 25.22 24.55 70223
20150318 24.75 24.64 24.80 23.89 99557
20150319 24.59 24.28 24.97 24.00 110691
20150320 24.19 24.40 24.68 23.89 111774
20150323 24.40 24.48 24.69 24.21 136967
20150324 24.50 24.06 24.50 23.60 134593
20150325 24.06 26.02 26.44 23.60 209158
20150326 25.88 25.05 26.53 24.99 147386
20150327 24.81 24.62 25.43 24.50 80880
20150330 24.64 24.38 25.05 24.00 102838
20150331 24.37 24.25 24.65 23.95 87065
20150401 24.42 24.68 24.78 24.17 90676
20150402 24.76 25.32 25.50 24.76 126055
20150403 25.50 25.74 26.50 25.10 142471
20150407 25.70 27.79 28.30 25.62 193550
20150408 27.85 26.62 28.28 25.80 169602
20150409 26.98 25.90 27.20 25.05 109384
20150410 25.89 26.92 27.70 25.41 113851
20150413 27.99 29.61 29.61 27.48 180014
20150414 30.90 29.40 32.38 29.36 195428
20150415 28.89 29.00 30.85 28.19 140671
20150416 28.77 29.88 30.48 28.30 125674
20150417 29.90 32.03 32.84 29.90 182532
20150420 31.60 29.10 31.70 29.00 147620
20150421 29.20 30.18 30.70 28.70 108821
20150422 30.30 30.88 31.35 29.60 89330
20150423 30.66 30.13 31.83 30.01 70729
20150424 29.30 29.95 29.95 28.08 107455
20150427 30.16 29.72 30.40 28.81 71210
20150428 29.98 29.50 30.50 28.96 76705
20150429 29.50 31.80 32.40 29.00 120395
20150430 31.83 33.97 34.53 31.80 121932
20150504 34.64 35.00 35.67 31.79 113056
20150505 34.04 33.88 34.33 33.01 50177
20150506 33.88 33.61 35.80 33.55 72072
20150507 33.51 33.02 33.99 32.53 36335
20150508 32.93 34.35 34.65 32.93 51032
20150511 34.35 34.84 35.50 33.40 88211
20150512 34.85 37.39 37.40 34.84 120505
20150513 37.00 37.02 39.00 35.52 72532
20150514 37.11 38.18 38.18 35.83 133324
20150515 36.80 36.55 38.09 36.01 107732
20150518 37.00 37.95 38.29 35.88 119530
20150519 38.00 37.38 38.28 36.00 99459
20150520 37.58 37.66 40.11 37.30 90734
20150521 37.70 39.69 40.60 37.66 125930
20150522 40.75 40.87 41.98 38.71 116971
20150525 39.71 40.70 42.22 39.05 84503
20150526 41.03 43.00 43.56 40.70 94695
20150527 43.05 47.30 47.30 42.18 110401
20150528 47.38 45.76 52.00 45.76 135254
20150529 45.80 49.78 49.78 42.00 136990
20150601 51.30 54.76 54.76 51.09 108714
20150602 55.12 55.45 59.80 54.63 130481
20150603 56.15 55.80 58.50 54.28 101098
20150604 55.80 50.60 55.80 50.22 124866
20150605 50.65 55.00 55.00 47.71 145257
20150608 55.60 49.71 56.48 49.55 104761
20150609 48.00 47.42 51.00 45.80 102105
20150610 47.42 48.75 50.00 46.80 92558
20150611 48.60 49.49 50.56 48.01 68343
20150612 48.80 50.72 51.50 48.80 80189
20150615 50.76 45.65 50.77 45.65 106547
20150616 44.03 41.42 44.30 41.11 108944
20150617 41.85 43.50 43.78 40.82 82157
20150618 43.00 39.20 44.30 39.16 88063
20150619 38.90 39.80 42.59 38.09 118866
20150623 41.50 43.78 43.78 39.92 99794
20150624 44.77 45.39 46.50 44.00 91466
20150625 46.60 41.91 46.60 41.00 87352
20150626 40.00 37.72 40.98 37.72 77660
20150629 39.00 33.95 39.90 33.95 91735
20150630 31.01 35.42 37.00 30.56 134379
20150701 36.00 32.67 38.07 31.88 121363
20150702 32.67 29.41 33.08 29.40 129443
20150703 26.69 28.60 31.27 26.47 128596
20150706 31.46 27.10 31.46 25.74 106364
20150707 25.16 24.39 25.92 24.39 55802
20150708 21.95 23.79 25.69 21.95 657516
20150709 23.79 26.17 26.17 23.79 166760
20150710 28.79 28.79 28.79 28.52 53498
20150713 31.67 31.67 31.67 31.66 34893
20150714 34.84 34.84 34.84 33.25 150680
20150715 34.20 31.36 34.20 31.36 132641
20150716 28.26 33.80 34.40 28.26 109354
20150717 33.88 37.18 37.18 33.88 94773
20150720 38.40 39.15 39.95 36.64 117706
20150721 38.00 38.00 39.15 37.00 81347
