20150610 13.46 14.69 14.69 13.46 52
20150611 16.16 16.16 16.16 16.16 10
20150612 17.78 17.78 17.78 17.78 20
20150615 19.56 19.56 19.56 19.56 18
20150616 21.52 21.52 21.52 21.52 48
20150617 23.67 23.67 23.67 23.67 266
20150618 26.04 26.04 26.04 26.04 60
20150619 28.64 28.64 28.64 28.64 439
20150623 31.50 31.50 31.50 31.50 118
20150624 34.65 34.65 34.65 34.65 45
20150625 38.12 38.12 38.12 38.12 106
20150626 41.93 41.93 41.93 39.01 51867
20150629 37.74 37.74 40.89 37.74 26658
20150630 33.97 36.44 39.92 33.97 84545
20150701 36.57 37.40 40.08 35.66 98344
20150702 36.20 34.27 39.13 33.80 79493
20150703 30.99 30.84 35.20 30.84 48515
20150706 33.92 29.60 33.92 27.76 58018
20150707 27.58 26.64 27.80 26.64 36560
20150708 23.98 23.98 24.93 23.98 32905
20150709 22.88 26.38 26.38 22.68 32588
20150710 27.88 29.02 29.02 27.70 16144
20150713 31.50 31.92 31.92 30.53 53086
20150714 32.50 35.11 35.11 31.50 101458
20150715 32.98 31.60 33.60 31.60 36161
20150716 28.44 29.62 32.50 28.44 59450
20150717 29.65 31.46 31.98 29.50 37989
20150720 31.00 30.86 32.06 30.10 35349
20150721 30.00 32.80 33.25 29.82 42615
20150722 32.40 33.97 34.83 31.83 47043
20150723 33.51 37.37 37.37 33.51 47298
20150724 38.48 38.60 41.00 35.30 74088
20150727 36.90 34.74 41.00 34.74 59115
20150728 31.45 33.28 35.99 31.27 50645
20150729 34.70 36.61 36.61 31.60 40879
20150730 37.00 37.04 40.27 36.10 76418
