20140102 16.46 16.82 16.82 16.22 17778
20140103 16.85 16.86 17.65 16.70 31646
20140106 16.86 16.26 16.86 15.95 22341
20140107 16.10 15.96 16.22 15.51 26562
20140108 15.95 16.22 16.28 15.81 19384
20140109 16.20 15.67 16.20 15.65 12611
20140110 15.84 15.25 15.84 15.01 14436
20140113 15.25 14.10 15.42 14.10 20183
20140114 14.20 14.60 14.65 14.11 11894
20140115 14.65 14.76 15.15 14.55 14715
20140116 14.95 15.11 15.16 14.71 17433
20140117 15.04 14.98 15.28 14.80 8482
20140120 14.86 14.82 15.00 14.57 8596
20140121 14.85 15.21 15.48 14.84 21531
20140122 15.30 15.67 15.67 15.11 19227
20140123 15.77 16.14 16.25 15.53 22580
20140124 16.18 16.50 16.74 16.00 32258
20140127 16.45 18.15 18.15 16.08 56839
20140128 18.19 17.60 18.56 17.48 71972
20140129 17.88 17.90 18.11 17.40 36186
20140130 17.89 17.30 17.89 17.04 27923
20140207 17.14 17.84 17.96 17.00 30847
20140210 17.90 18.71 19.16 17.90 56185
20140211 18.60 18.45 18.74 17.80 39567
20140212 18.21 19.11 19.66 18.21 54574
20140213 18.93 17.70 18.99 17.54 52249
20140214 17.71 17.85 18.22 17.50 29934
20140217 18.01 18.57 18.80 17.76 44590
20140218 18.87 18.86 19.19 18.23 49967
20140219 18.90 18.67 18.99 18.37 32082
20140220 19.00 18.12 19.00 18.03 26162
20140221 18.06 19.00 19.70 18.06 57479
20140224 19.00 19.00 19.09 18.46 36358
20140225 19.15 18.38 19.78 18.00 62113
20140226 17.68 17.56 17.90 16.96 44075
20140227 17.30 16.78 18.15 16.72 33972
20140228 16.80 17.67 17.68 16.20 27737
20140303 17.55 18.74 18.76 17.55 33375
20140304 18.78 19.35 19.37 18.30 38006
20140305 19.90 20.10 20.80 19.75 87151
20140306 19.70 20.07 20.63 19.42 35024
20140307 20.61 20.07 21.20 19.82 45947
20140310 19.60 20.07 21.08 19.41 46243
20140311 20.20 20.57 21.48 20.00 41400
20140312 20.18 19.39 20.35 18.51 58172
20140313 18.90 19.38 19.39 18.70 24781
20140314 19.19 19.58 19.69 18.82 17238
20140317 19.60 21.54 21.54 19.60 65885
20140318 22.00 22.99 23.57 21.65 83742
20140319 22.67 22.88 23.35 22.54 49391
20140320 22.98 22.12 23.86 22.10 67995
20140321 21.81 21.83 22.28 20.75 52278
20140324 21.59 21.57 21.89 21.00 34967
20140325 21.56 23.45 23.45 21.21 42762
20140326 23.45 23.66 23.85 23.00 32604
20140327 23.60 22.78 24.18 22.23 47861
20140328 22.35 22.26 22.64 21.31 25892
20140331 21.79 22.22 22.29 21.48 23392
20140401 22.15 23.36 23.66 21.80 38422
20140402 23.38 23.89 24.50 23.31 49673
20140403 23.52 23.53 23.95 22.90 25506
20140404 23.32 24.49 24.64 23.09 38574
20140408 23.73 24.00 24.50 23.51 32053
20140409 24.00 24.54 25.18 23.83 41083
20140410 24.85 23.87 24.85 23.52 42398
20140411 23.01 23.39 23.48 22.62 26977
20140414 23.00 24.21 24.21 23.00 21359
20140415 24.01 24.24 24.29 23.00 20442
20140416 24.00 23.75 24.20 23.52 11083
20140417 23.86 24.49 24.78 23.56 21134
20140418 24.31 25.38 25.61 24.31 28008
20140421 25.30 24.93 25.52 24.70 13745
20140422 24.80 24.43 25.39 23.10 30055
20140423 24.18 24.15 24.44 23.72 9763
20140424 23.87 23.70 24.10 23.11 13259
20140425 23.68 23.84 24.40 23.21 19062
20140428 23.54 23.10 23.80 22.09 21550
20140429 23.00 23.20 23.21 22.41 12848
20140430 23.17 23.65 23.72 23.00 10312
20140505 23.76 24.53 24.62 23.32 8798
20140506 24.68 25.55 26.30 24.67 35183
20140507 25.05 24.65 25.30 24.61 17343
20140508 24.95 24.89 25.35 24.21 14750
20140509 24.24 24.55 24.87 23.26 18991
20140512 24.39 25.15 25.21 23.80 19568
20140513 25.15 24.80 25.18 24.44 12038
20140514 24.60 25.50 25.66 24.60 20789
20140515 25.25 24.90 25.49 24.80 10988
20140516 24.58 24.43 24.80 23.60 15248
20140519 24.36 24.40 24.47 23.80 5368
20140520 24.40 23.92 24.96 23.79 8469
20140521 23.49 24.20 24.55 23.33 6554
20140522 24.22 24.38 24.78 24.00 12842
20140523 24.26 24.11 24.40 23.90 7360
20140526 24.11 25.05 25.34 23.90 28554
20140527 24.90 25.90 26.15 24.78 39145
20140528 25.90 26.03 26.05 25.39 27118
20140529 25.83 25.15 25.96 24.60 30480
20140530 24.83 26.57 26.91 24.66 36837
20140603 26.41 26.08 26.80 25.78 20156
20140604 25.91 26.04 26.16 25.55 10276
20140605 26.15 25.88 26.60 25.60 27503
20140606 25.62 25.70 25.99 25.25 13504
20140609 25.50 25.79 26.14 25.50 13840
20140610 25.77 25.75 25.96 24.99 21101
20140611 26.40 26.25 26.53 25.51 24281
20140612 17.40 17.43 17.56 16.99 19413
20140613 17.43 18.78 19.17 17.20 56642
20140616 18.78 18.97 19.55 18.63 60795
20140617 19.06 18.84 19.28 18.50 27416
20140618 19.02 18.74 19.16 18.70 24039
20140619 18.60 18.18 18.60 17.55 38987
20140620 18.05 18.19 18.21 17.31 46160
20140623 18.70 18.21 18.70 18.08 20930
20140624 18.21 18.18 18.37 17.75 17320
20140625 18.10 17.79 18.18 17.59 12958
20140626 17.70 18.12 18.33 17.63 18596
20140627 18.15 18.49 18.75 17.90 34346
20140630 18.54 18.53 18.90 18.43 26833
20140701 18.45 18.67 18.78 18.26 23181
20140702 18.70 18.73 18.96 18.45 20700
20140703 18.71 19.10 19.29 18.71 32242
20140704 19.10 18.82 19.28 18.60 22943
20140707 18.78 18.86 18.86 18.40 20177
20140708 18.83 18.94 18.99 18.55 17279
20140709 18.93 18.75 19.40 18.58 24054
20140710 18.60 18.77 18.89 18.56 11636
20140711 18.61 18.90 19.12 18.61 17285
20140714 18.95 18.90 18.95 18.60 13258
20140715 18.88 18.65 18.90 18.61 10870
20140716 18.61 17.92 18.70 17.60 34088
20140717 17.91 17.95 18.08 17.52 12766
20140718 17.57 17.94 18.06 17.57 8904
20140721 17.78 18.19 18.27 17.78 12936
20140722 18.09 18.30 18.36 18.05 10311
20140723 18.35 18.18 18.46 17.90 10085
20140724 18.23 17.90 18.23 17.54 14425
20140725 17.76 18.08 18.09 17.35 29295
20140728 18.00 18.09 18.17 17.82 14965
20140729 18.08 18.29 18.51 18.06 13759
20140730 19.88 18.95 19.88 18.61 31383
20140731 19.01 18.79 19.10 18.68 17231
20140801 18.72 18.90 18.95 18.60 13099
20140804 18.90 18.88 18.99 18.77 8911
20140805 18.85 19.19 19.19 18.60 15259
20140806 19.30 19.68 20.00 19.30 34536
20140807 19.57 19.36 19.83 19.31 15010
20140808 19.60 19.55 20.10 19.51 25879
20140811 19.50 19.60 19.97 19.50 15416
20140812 19.78 19.78 20.00 19.53 23692
20140813 19.98 20.35 20.35 19.75 26752
20140814 20.36 21.20 21.33 20.16 42999
20140815 21.00 22.18 23.30 20.56 51777
20140818 22.65 22.71 23.10 21.83 39859
20140819 22.51 22.99 23.42 22.02 38744
20140820 22.72 22.42 23.11 22.41 22225
20140821 22.42 22.79 23.43 22.42 32105
20140822 22.82 22.79 22.96 22.41 21990
20140825 22.72 22.81 23.11 22.50 17660
20140826 22.80 24.10 24.40 22.50 50564
20140827 24.00 23.97 24.28 23.50 28609
20140828 23.97 23.49 23.97 23.12 19359
20140829 23.49 24.05 24.39 23.22 25353
20140901 24.00 23.95 24.14 23.57 17262
20140902 24.10 24.06 24.16 23.55 18916
20140903 24.16 24.57 24.76 23.96 22314
20140904 24.38 24.40 24.56 24.00 16166
20140905 24.48 24.43 24.72 24.21 16346
20140909 24.44 24.36 24.52 23.90 19966
20140910 23.50 23.80 23.94 23.20 32374
20140911 23.33 23.79 24.08 23.33 21308
20140912 23.78 23.90 23.99 23.45 10098
20140915 23.78 24.45 25.08 23.78 25767
20140916 24.77 23.60 24.77 23.60 17710
20140917 23.78 23.51 24.20 23.27 16709
20140918 23.68 23.78 23.88 23.38 14079
20140919 23.70 24.15 24.27 23.70 15635
20140922 24.09 24.44 24.44 23.77 14660
20140923 24.60 24.69 24.79 24.37 12466
20140924 24.97 24.83 24.97 24.67 14703
20140925 24.87 24.68 25.07 24.10 19452
20140926 24.43 24.47 24.67 24.30 9300
20140929 24.46 24.43 24.60 24.17 18450
20140930 24.43 25.38 25.45 24.43 28963
20141008 24.80 25.58 26.00 24.52 33179
20141009 25.58 25.60 25.88 25.00 23380
20141010 25.46 25.29 25.60 24.90 15607
20141013 25.01 24.65 25.28 24.48 20081
20141014 24.52 24.61 24.94 24.48 7430
20141015 24.61 24.68 24.76 24.50 7481
20141016 24.58 24.10 24.86 23.80 20603
20141017 23.92 23.30 24.18 23.20 15972
20141020 23.70 24.50 24.50 23.30 24221
20141021 24.46 24.80 25.04 24.24 15856
20141022 24.74 24.57 24.99 24.17 15340
20141023 24.34 23.98 24.56 23.55 13388
20141024 24.13 24.18 24.28 23.73 5705
20141027 24.27 24.48 24.54 23.50 19282
20141028 24.68 24.64 24.85 24.52 20637
20141029 24.65 25.11 25.16 24.50 23337
20141030 25.00 24.80 25.35 24.68 15441
20141031 24.80 24.79 24.95 24.52 16794
20141103 24.79 25.00 25.16 24.62 15093
20141104 24.99 24.79 25.00 24.36 11306
20141105 24.64 24.92 25.06 24.64 13774
20141106 24.95 24.83 25.14 24.53 9532
20141107 24.83 24.67 25.00 24.60 10526
20141110 24.79 24.65 24.79 24.25 10788
20141111 24.51 24.00 24.76 23.82 12172
20141112 23.91 24.55 24.55 23.30 11876
20141113 24.55 24.71 24.88 24.10 14868
20141114 24.89 25.20 25.21 24.69 30732
20141117 25.30 25.06 25.43 24.91 17386
20141118 24.90 24.68 25.05 24.51 8989
20141119 24.75 24.70 24.90 24.30 8917
20141120 24.79 24.72 24.85 24.45 9141
20141121 24.76 24.74 24.87 24.68 13794
20141124 24.72 24.80 25.08 24.62 15602
20141125 24.97 24.81 25.00 24.49 16748
20141126 24.81 25.16 25.29 24.73 16516
20141127 25.20 27.20 27.20 25.17 57739
20141128 27.10 27.14 27.31 26.68 31362
20141201 27.60 26.00 27.65 25.79 30504
20141202 25.80 25.96 26.40 25.80 15215
20141203 25.92 26.28 26.28 24.88 24439
20141204 26.31 25.88 26.57 25.83 22549
20141205 25.89 26.60 28.19 24.94 45820
20141208 26.03 25.15 26.05 25.10 37915
20141209 25.15 23.76 25.60 23.46 31391
20141210 23.88 23.98 24.46 23.51 20173
20141211 24.06 24.01 24.20 23.72 22241
20141212 24.01 24.80 24.85 24.01 10852
20141215 25.20 25.60 26.00 25.20 19053
20141216 25.80 25.17 25.80 24.80 19605
20141217 24.81 24.60 24.99 24.39 16078
20141218 24.50 24.50 24.67 24.41 7386
20141219 24.50 24.13 24.63 23.50 13674
20141222 24.15 23.45 24.37 21.77 18503
20141223 23.38 23.20 23.40 22.51 4814
20141224 23.43 23.00 23.49 22.80 6688
20141225 23.39 23.44 23.44 22.85 8611
20141226 23.30 23.03 23.54 22.89 10552
20141229 23.07 21.95 23.07 21.88 13311
20141230 21.86 22.07 22.08 20.87 21448
20141231 22.40 21.98 22.40 21.75 9828
20150105 21.54 21.71 22.16 21.30 15370
20150106 21.59 22.26 22.55 21.30 9849
20150107 22.35 22.10 22.39 21.62 7863
20150108 21.89 22.77 22.94 21.89 12863
20150109 23.30 22.88 23.54 22.82 10308
20150112 22.88 22.88 23.20 22.60 6237
20150113 22.94 22.88 23.18 22.80 5817
20150114 22.66 23.10 23.11 22.66 10848
20150115 23.18 23.73 23.93 23.11 8868
20150116 23.87 23.84 23.93 23.48 8590
20150119 23.60 23.69 23.98 22.90 10263
20150120 23.88 24.42 24.50 23.71 9542
20150121 24.42 24.40 24.67 24.26 5844
20150122 24.79 24.39 24.79 24.03 6174
20150123 24.37 24.46 24.49 24.10 7588
20150126 24.46 24.60 24.70 24.27 9919
20150127 24.88 25.85 27.00 24.61 44118
20150130 26.45 25.37 26.59 24.89 20586
20150202 25.00 25.65 25.98 24.60 22282
20150203 26.46 26.24 26.47 25.53 22419
20150204 26.24 26.61 26.90 26.02 14915
20150205 26.68 26.60 26.97 26.50 10315
20150206 26.43 25.88 26.48 25.57 8859
20150209 25.88 25.15 25.88 25.02 8385
20150210 24.80 25.75 25.86 24.80 5576
20150211 25.51 26.38 26.58 25.51 12087
20150212 26.39 26.45 26.53 26.11 9056
20150213 26.50 27.21 27.46 26.30 20167
20150216 27.21 29.30 29.93 27.21 29399
20150217 29.25 29.74 29.78 29.03 11590
20150225 29.99 29.30 30.00 29.09 11765
20150226 29.30 28.64 29.54 28.52 14680
20150227 28.57 29.36 29.36 28.29 11746
20150302 29.50 30.17 30.40 29.37 13593
20150303 30.75 29.88 30.77 29.81 12780
20150304 30.00 29.80 30.16 29.68 11644
20150305 29.80 30.08 30.24 29.62 10032
20150306 32.80 31.66 33.09 30.60 56885
20150410 34.83 34.83 34.83 34.83 277
20150413 38.31 38.31 38.31 38.31 713
20150414 42.14 42.14 42.14 42.14 723
20150415 46.00 42.57 46.00 42.00 97216
20150416 42.00 42.88 43.83 40.11 49924
20150417 44.82 42.97 47.15 42.61 35386
20150420 39.16 42.18 43.13 39.16 29122
20150421 42.00 44.01 44.55 41.10 33449
20150422 44.60 47.23 47.90 44.05 26064
20150423 21.80 21.10 22.49 20.50 85589
20150424 20.55 21.29 22.00 20.55 62447
20150427 21.51 22.59 23.18 21.51 90832
20150428 22.80 21.30 22.99 20.95 76505
20150429 21.10 20.20 21.19 20.00 126799
20150430 19.95 19.00 20.20 18.68 152214
20150504 19.09 18.69 19.09 18.18 123817
20150505 18.49 17.89 18.98 17.50 109938
20150506 18.11 17.83 18.40 17.71 91477
20150507 17.90 16.10 17.90 16.05 211994
20150508 16.30 16.91 17.06 16.11 227314
20150511 17.10 18.60 18.60 17.02 224954
20150512 19.10 19.65 20.46 19.10 228042
20150513 19.72 19.74 20.11 18.51 125264
20150514 19.60 21.71 21.71 19.32 203025
20150515 22.00 22.29 23.60 21.01 146864
20150518 22.07 22.05 22.80 21.50 136032
20150519 21.70 22.39 22.77 21.69 91254
20150520 22.10 22.69 23.57 22.10 118755
20150521 22.70 24.32 24.42 22.60 116182
20150522 25.61 24.69 26.45 24.61 145572
20150526 25.85 25.21 25.88 23.98 149603
20150527 25.21 24.29 25.22 23.33 171058
20150528 24.29 21.86 24.39 21.86 171165
20150529 21.60 21.77 22.64 20.10 126754
20150601 21.77 22.55 22.90 21.67 122450
20150602 22.55 22.85 23.43 22.00 152435
20150603 22.95 22.99 23.55 22.31 191877
20150604 23.11 21.90 23.40 20.69 140167
20150605 21.92 21.38 22.38 21.20 159448
20150608 21.37 20.50 21.38 19.88 136850
20150609 20.50 20.90 21.24 20.20 99181
20150610 20.82 21.63 21.85 20.30 100675
20150611 21.63 23.02 23.63 21.33 191126
20150612 23.03 22.52 23.65 22.40 114926
20150615 22.51 22.68 22.97 21.76 122070
20150616 22.55 21.26 22.55 21.00 100655
20150617 21.30 23.20 23.39 20.60 168712
20150618 23.19 23.69 24.78 23.00 219850
20150619 23.00 23.63 24.70 22.51 190849
20150623 23.20 25.90 25.99 22.90 297924
